Niches/Distances/ascii/Bungarus caeruleus.asc
NCOLS 278 
NROWS 480 
XLLCORNER 370976.070567794 
YLLCORNER 375501.4883978 
CELLSIZE 919 
NODATA_value -9999 
[rows 315 to 335 of 480, columns 96 to 143 of 278]
0.861157288622039 0.861557689268968 0.860839572014368 0.859147216237027 0.856655779429478 0.8556343017243 0.855222676047644 0.854718886317648 0.855165721707176 0.855005378283641 0.855125177939385 0.857276361447826 0.839623337630104 0.805559691631107 0.800654836304213 0.826877099794886 0.835210601467569 0.836088628985791 0.846789077307228 0.846837269441471 0.845231372382623 0.855787132917356 0.868831013492309 0.814890154157931 0.770753461030464 0.77187831544271 0.742577497823364 0.743498668068851 0.781364517522001 0.811133816150492 0.820431952571861 0.823047495882281 0.800731418976707 0.826093748657494 0.867137791395143 0.818207243262307 0.808906433625479 0.81036177667481 0.80915840893446 0.839414022384485 0.83093147657398 0.793365720308069 0.732473411693178 0.740712558760965 0.722210095979233 0.705350992400763 0.689351698872204 0.649021045758113
0.852402025330752 0.854875467437945 0.855354270029 0.853929371933504 0.851404321916761 0.850531715085442 0.8511310103881 0.850828924665264 0.850763393758533 0.852985578364598 0.852461863278637 0.851569194955379 0.852085311178879 0.824725408870548 0.806882388739295 0.819787955166254 0.809542733160645 0.80655279117403 0.818765400749294 0.825164459757651 0.827038804578145 0.833121458834566 0.850949380248875 0.819631943341842 0.731608180956365 0.704246409872412 0.725585030495897 0.727434821337362 0.751513265038103 0.776276472680198 0.778100372934905 0.780219787257779 0.804986187907227 0.828005394734436 0.839817554158781 0.809907280542833 0.786220240138843 0.796859464400677 0.780000459830187 0.773113687512579 0.761864895870167 0.760295619387905 0.743560053016422 0.727419029564559 0.754963396115541 0.733435323722416 0.70352914656164 0.689491745659848
0.846297515062757 0.847139726444231 0.848526048555537 0.848678681732633 0.845585759070869 0.844285895678058 0.843729507958712 0.844274101352446 0.844330115117104 0.844927764412096 0.84603628250765 0.844614614547501 0.848866710262562 0.853897379979982 0.838704803472084 0.822659161832909 0.822532827650488 0.788584451692152 0.781039078291894 0.81971107546982 0.822580499992836 0.828833101446847 0.843775707557357 0.849384447741733 0.783295470155033 0.73430953943341 0.746358612577786 0.726353629444275 0.730519736728747 0.745471253557453 0.749956216041365 0.745416972432444 0.721759758182415 0.741924292675621 0.785498075933063 0.765968083583378 0.768337666319599 0.767730499882535 0.751270893503177 0.765789423683552 0.791818324589377 0.748442879067777 0.728520221069597 0.756830340089534 0.761705765294387 0.75632861715112 0.708992184127517 0.663165449534239
0.839741825430114 0.841392201823955 0.842979671022534 0.841449366556381 0.838802140692375 0.83780302641467 0.837721951255086 0.838401814301431 0.839397228155886 0.839833878099475 0.83935167210911 0.84357932522912 0.849071260749146 0.825525987396451 0.814645827215401 0.833756768289932 0.806698481416532 0.783914765069642 0.80980743099505 0.827335085958156 0.830788731818882 0.829116957325373 0.830541880172863 0.843910593554047 0.814556522017483 0.78279206408096 0.782768029893826 0.750881668381985 0.735644216507173 0.740177247365352 0.742465643558011 0.74831755971715 0.751531730026365 0.77077299035451 0.785994279176594 0.783729026099249 0.792956941110836 0.806257054337909 0.777153039830715 0.764768453394272 0.791644961616478 0.778204504577821 0.728180450434392 0.674872598619845 0.708902185873739 0.713317149715823 0.678939722676359 0.720814528997799
0.832194843150181 0.832821340895332 0.833350192020253 0.833242075306144 0.832486099875209 0.830650764198817 0.829433213565339 0.831140061635747 0.831891160923669 0.831343671546521 0.836892177751093 0.824532764093553 0.824861544842984 0.817744455212009 0.792036513425199 0.798011471751425 0.797010105042176 0.786458552346591 0.800849015704896 0.821554307032613 0.824504348803306 0.825089213692887 0.828501672233952 0.838172214795919 0.835977257384341 0.828733177643079 0.766276443936943 0.722356182253654 0.746213169855235 0.753322611119758 0.765598561050197 0.768273756668539 0.767499539017298 0.756416610493303 0.751322946948638 0.764268364087527 0.775817719205083 0.78371746691759 0.794426120525366 0.794507430828902 0.788901747515908 0.774385667783036 0.762931409830226 0.713796199826828 0.6606947053945 0.701344832507906 0.750365886310418 0.712950349902091
0.81818919905796 0.823450186088747 0.825857614625305 0.826254364352974 0.825370544867924 0.823433800268065 0.823350806828869 0.823532610232058 0.823523278729948 0.823366425337706 0.824415736661248 0.829723331698598 0.835260699505425 0.823499665326729 0.784113028549499 0.782899042203299 0.794574162207391 0.783586281344151 0.785920914263449 0.799892375850591 0.819766717954554 0.822235184910753 0.822313673486861 0.828345487145576 0.800750081980928 0.767018558250684 0.790872179580946 0.809167963204526 0.779943084705804 0.760995259278246 0.76883594873071 0.771938660806492 0.772339271845378 0.763636173383529 0.75631799854527 0.759282025193131 0.75957239084634 0.768058612328101 0.735403503355911 0.694788548827383 0.740387119530858 0.780372705082817 0.7768765352947 0.762162464353917 0.749739586581227 0.755772959615626 0.732691254001071 0.743153724266693
0.738114960646912 0.802124931542557 0.812334980963287 0.812010680324949 0.81498695921033 0.816961549610527 0.816399753580276 0.816689426177625 0.815844789100642 0.815598259230558 0.815928549851683 0.820651279999453 0.800366599322573 0.786033560592641 0.795775178508217 0.76994191737078 0.750067600018813 0.764250220875201 0.778808279991572 0.783548460295809 0.79713948371998 0.812184414577773 0.811115029386296 0.81685934862322 0.805749712696633 0.771933141111609 0.787991567156195 0.808178353692896 0.782154700210009 0.768986713132184 0.72804612135759 0.727720088079603 0.776707157392995 0.771860122726393 0.764460588080607 0.779398466560075 0.785323995152309 0.770454927218909 0.778314774715494 0.77627087872933 0.772719289224435 0.777442836188039 0.771822573949996 0.727825284058303 0.712013783915721 0.75627344495429 0.74382923096192 0.722664443599239
0.715787968111547 0.743316221113791 0.78205784565362 0.778184257445921 0.790673396309195 0.80508430481536 0.805098215436544 0.806216065034208 0.807605642032855 0.809250560611802 0.808873315456184 0.807557177626668 0.8005012996793 0.804529587855676 0.804746167811824 0.813365134242708 0.760587445408818 0.731221827066592 0.768046830378486 0.778914292786107 0.795355780705134 0.791360189914137 0.799279788726624 0.810619766718573 0.792430243409479 0.740770230909288 0.765296735223309 0.776733567771648 0.72089843826081 0.748921805418806 0.777281750204655 0.773108984633531 0.783186338609129 0.781973614614674 0.773235318815952 0.767898070888606 0.769770658317456 0.772506323059555 0.779165599791224 0.786153261240405 0.746689373486816 0.72914127337585 0.754211133483855 0.748420008224407 0.770566088428402 0.782144799412014 0.788311362931445 0.753199593704665
0.775757200577337 0.774576010624497 0.785579386236599 0.792852636203955 0.794145729926138 0.79554337607515 0.795655576868433 0.795771515212958 0.797943923557102 0.800145935287252 0.800032026606315 0.799605054692766 0.799942152112513 0.80576661830921 0.811374727317713 0.764951222125266 0.697068603597732 0.70726206918182 0.725417261473865 0.740286106639311 0.790042665972901 0.808555103808614 0.807937541533654 0.799138826115165 0.76156044633181 0.763373480460718 0.757048281405406 0.753379020916336 0.799359415894502 0.788006047073264 0.775465052780489 0.7761653362227 0.768389893029025 0.769807018998094 0.777012844531101 0.77410215843244 0.777913198348803 0.7856742111294 0.790809086745721 0.796528381715712 0.779047557527125 0.761027610135696 0.769488658838553 0.77035688456676 0.785028481084143 0.806666576094992 0.814091951823546 0.806010029427925
0.778450044368106 0.780105037009013 0.780907991726435 0.782985723689749 0.785193502634731 0.784453566496549 0.784421487911044 0.785381271268712 0.785996531608138 0.788592397082543 0.789064021595051 0.787939563214725 0.789096025924571 0.791900773484683 0.797357449787848 0.799222364098251 0.733590048443089 0.729283374579078 0.778048913537324 0.780067339720645 0.799043060646555 0.791918867193019 0.771089172338491 0.744984084792092 0.757896532273657 0.788105525341122 0.783339503954117 0.736876544081659 0.696004564837172 0.742267875118054 0.78938520348202 0.786866687991954 0.779101566380189 0.769477248168864 0.772385459068027 0.783039658286828 0.791015815407864 0.797077232452584 0.790972969704539 0.742784721525406 0.731776123242361 0.772501694436492 0.771381666663268 0.765705415412562 0.773790085279626 0.80591418970333 0.841427609552786 0.883194200152138
0.766510300785593 0.763483577334426 0.758447041394194 0.764127104452129 0.771120409356166 0.772498773701083 0.772626444491233 0.773837658613994 0.777488008578893 0.778856942413719 0.779077185665126 0.781258405719486 0.781806885176433 0.780203648957046 0.786735279650561 0.794213896920335 0.728144040249764 0.718441208710335 0.783470342999626 0.789490201444761 0.791197891082998 0.77626134921126 0.730616789301096 0.740286057135321 0.735113484230632 0.728564873668556 0.777352120126407 0.771086226851087 0.725593668942147 0.687925785944914 0.733036618587144 0.781860646509547 0.780460896440961 0.768478406163103 0.768077102068357 0.778468781628312 0.79420414463431 0.792804592581683 0.778317621194918 0.773110816281161 0.772738373012571 0.791116655035446 0.812131717580443 0.810333509896533 0.808033554522214 0.817641635424827 0.848549018406886 0.897048584802985
0.752765641728529 0.74546860509399 0.747002560479404 0.72146087784293 0.711482185319356 0.747985437448397 0.762597530169828 0.762942969011885 0.762691612502779 0.763354767952507 0.769008371127799 0.774147479335263 0.767989777030038 0.769405492135392 0.766265478803163 0.712536645057855 0.709190076327448 0.753393995873304 0.769317944329118 0.781679041122318 0.780138452202247 0.753047665959427 0.746694299133818 0.770149289584793 0.7226320432378 0.673397503478514 0.725519016925263 0.7772286819274 0.776928514484176 0.7757188597371 0.734875221526874 0.734684160877559 0.781797231898387 0.771381146871374 0.775360673617623 0.789308076265637 0.797360989323131 0.795858691739307 0.781417858071201 0.739290012104994 0.732664843622418 0.795722134982956 0.817060582342476 0.818498004947435 0.819017895850171 0.825046566005522 0.835362677724777 0.870509681416423
0.736093910752121 0.725739680960584 0.657940154880225 0.686703210656454 0.784981501797655 0.774563832642963 0.746918799728363 0.747372132516575 0.74977641754977 0.751181786321219 0.752538839198451 0.758418675607937 0.726038511796078 0.713986790188239 0.729823859141644 0.700906276660702 0.693193678782303 0.723261164694419 0.751872787765309 0.766276344928963 0.766140109948547 0.73704391707177 0.741322992461368 0.725419513905409 0.718289528485046 0.768838027898289 0.77389827624972 0.781923937360733 0.783686972459764 0.781611443424005 0.778689618927598 0.782135740181848 0.789914178366917 0.773517219286875 0.754997306348675 0.764552368478024 0.787818996247137 0.803930663832943 0.801499597141171 0.778405787801067 0.781561345386148 0.787212126834012 0.793711753198006 0.819433580854005 0.822482209820737 0.827469885322862 0.83543185955077 0.846669797443379
0.715121124614565 0.716693519848196 0.671484520793843 0.692923164229075 0.743393447338155 0.73278904913327 0.732146437839382 0.733056469687124 0.734761090077983 0.737488784677696 0.734141646651404 0.737210522750037 0.7479878878959 0.708496327411915 0.67461916294316 0.659655492884914 0.69160366012824 0.699893152753834 0.702388896408511 0.753206846039197 0.753746513785928 0.734696982410963 0.707939927316571 0.691707890779137 0.675505655643668 0.722410834658589 0.777057101098141 0.783560143237444 0.794810073471625 0.798077460570064 0.79077975563166 0.78779092748482 0.788259408493964 0.773824614312635 0.720994872033284 0.698761986582865 0.755670709124329 0.798079663497618 0.810868994556111 0.81100951163166 0.812302110313943 0.81255198170335 0.813826412421311 0.829182921392017 0.832090018451406 0.834179507612338 0.831253945564689 0.8229110876379
0.701481191248297 0.695954813327245 0.659808286949977 0.634355389719527 0.649350668075373 0.636820168628473 0.661213135929532 0.716256968912587 0.726156653068158 0.673829104015126 0.676952632518693 0.698449616406112 0.710002535810947 0.713094258000953 0.706418719208576 0.742604056713986 0.692459435602968 0.651446246227073 0.704478063793509 0.735058213025823 0.734269614465494 0.729308869133916 0.740568477398138 0.764673851269427 0.765646975952394 0.771408794849776 0.773370712228538 0.777125416604308 0.783504178976775 0.790456296561152 0.792609967645089 0.784485719338038 0.771588444829401 0.761531956785579 0.714027111188075 0.690700707351065 0.752015780040357 0.789487453973317 0.796229922160143 0.80346928664636 0.808811881004623 0.817776707061479 0.826410227665416 0.829164184131811 0.832462560727976 0.836221151166959 0.827014151591137 0.790195979829859
0.669793291232273 0.62529742190553 0.608969867419435 0.657117819350727 0.704403288016649 0.708701744218323 0.658153616085005 0.611723378349921 0.675018041342397 0.727334749021624 0.719228817190865 0.728445791820667 0.716991434859876 0.66119442342132 0.626198691547046 0.6857339720367 0.742538488679262 0.714468538266697 0.710841182905142 0.718240272015019 0.700131390705597 0.706812721464801 0.710458764582572 0.734108553234105 0.775836159441349 0.778472172651625 0.767058755490546 0.76666698091387 0.777694341209116 0.785244120464482 0.794433917403787 0.790746290934435 0.76142275098369 0.701520002376439 0.699511353231138 0.736749665355348 0.755354106356433 0.768525855737496 0.746683903295923 0.777179945249268 0.81608275478046 0.812506264768607 0.819405462587698 0.826091917009865 0.834312500081411 0.841070599153071 0.826262458255335 0.768550780996449
0.662070198507999 0.638781318695391 0.638521695019958 0.702585303488743 0.674763244305987 0.680520459332301 0.708511970672747 0.642074150844678 0.654274260662473 0.691699747372785 0.647979902592917 0.628272512695151 0.619642432618518 0.67054515783204 0.669062736100192 0.628301645793253 0.637378227107481 0.685086286583839 0.724335351772924 0.751675687629217 0.739299937654984 0.662814664261264 0.70198484484232 0.761138474321249 0.767445777684184 0.788945311027087 0.806139878393634 0.795170759542596 0.774203245579972 0.749441770577527 0.743177461429887 0.767635674989734 0.773643256445355 0.760526530749151 0.703874808171652 0.650690369804118 0.659247134471596 0.723519030978208 0.748273822942006 0.714400173256539 0.777343283664196 0.828864313712527 0.824033763874588 0.836475651179429 0.846639352489544 0.845224194304076 0.829558260644021 0.782244450943837
0.614995146551473 0.637457755267378 0.696788237750498 0.702868144535475 0.726817061046442 0.697323450138132 0.677716231564084 0.700757467666832 0.70912220635719 0.678837397929077 0.641970885521587 0.627783116250241 0.668640541321675 0.732422175063553 0.727308462402946 0.733898260284684 0.740681197983315 0.719009415507288 0.706483470427466 0.747533936307814 0.716014869649605 0.691240325593806 0.73745957732361 0.742205277322729 0.767891016570034 0.772761268607935 0.779674401800205 0.79284174532616 0.782948496689286 0.761462180911706 0.747054688180849 0.746583459700261 0.74645737303779 0.723792936554749 0.667721202723817 0.703531621761138 0.796887929194913 0.82800636006224 0.805533330756444 0.729856259503084 0.713241235347194 0.775785096075688 0.847374635252668 0.858212964562188 0.865333618480441 0.865798238178368 0.855528486945725 0.808488075406185
0.675772110869718 0.637766016612964 0.599050307411888 0.581014320727706 0.58087848177921 0.65153812563247 0.643153511090136 0.590992344947416 0.657870527518323 0.646227609859711 0.647773941242619 0.661916612379096 0.67359725207807 0.730145412308538 0.674710176028732 0.635328266882545 0.692108873097948 0.711023926884141 0.686059337010822 0.682645170582102 0.707435184634768 0.74698845184226 0.762005982241601 0.767801414348176 0.771357038428255 0.752500176582279 0.73040652110367 0.75402017184252 0.783888032915054 0.778550190939829 0.768573330063884 0.735291302562629 0.659763807614983 0.625525833315282 0.632842572537833 0.705459752666742 0.829876249523636 0.868909650580387 0.86265974709383 0.81642457983125 0.739919851369468 0.705018771124029 0.722609593178345 0.738314535982503 0.752856308286172 0.807927739743639 0.863098872236919 0.835573564722078
0.624782976441692 0.57322070956971 0.630946000425839 0.706861779918868 0.734320182791255 0.736141805862424 0.712391078575329 0.631437872070248 0.635738976735386 0.696397478005617 0.698362266615798 0.702027789553625 0.705568463428731 0.710759080537766 0.656292191805895 0.612080005093713 0.6143198626242 0.687127756874495 0.707101478238335 0.650028451954139 0.645532128304528 0.697531168880074 0.751920831387582 0.733127285144786 0.726508304660958 0.707887552095176 0.670018410626692 0.707142418038046 0.778758256209701 0.791677361977918 0.785013110095256 0.768798845490223 0.681730114079377 0.600101128607124 0.624287738525964 0.716955544467143 0.814861540851724 0.855557941819761 0.871309245110532 0.834651033116867 0.755906867908513 0.710240550994755 0.753288577126649 0.769101686148905 0.785853564085085 0.849421266334279 0.834111860410035 0.825123024918041
0.639138960270978 0.660349712088352 0.643640061055622 0.669560869999332 0.630485761831026 0.643891541324704 0.634517936070615 0.629421747822461 0.693664981518877 0.694902482260315 0.675781170099883 0.651046749027961 0.647301871194201 0.659375052781696 0.692825245336901 0.671597117619045 0.662852039773696 0.699031808080234 0.675399370577188 0.653590709568875 0.689602585093406 0.742875388083049 0.736791941762788 0.714148593979478 0.703719860683025 0.701152460002857 0.661824361693774 0.683998659172055 0.765548487764335 0.782751396553194 0.795723026054776 0.788914321529362 0.774099212945036 0.682881923414165 0.599842866291415 0.67249019435022 0.768415684607803 0.817393818451004 0.862403464937721 0.868388249805958 0.852154616764846 0.847753402655978 0.84457945433862 0.80798976824308 0.802528240548897 0.844382317074535 0.843249096487982 0.850081921832513
