Niches/Distances/ascii/Bungarus caeruleus.asc
NCOLS 278 
NROWS 480 
XLLCORNER 370976.070567794 
YLLCORNER 375501.4883978 
CELLSIZE 919 
NODATA_value -9999 
[rows 189 to 209 of 480, columns 96 to 143 of 278]
0.915871425031849 0.91648621508337 0.916821183831548 0.917624361316925 0.918610505549256 0.919153267295361 0.919181199921706 0.919929254714244 0.92184226215091 0.926310541790199 0.928104269363016 0.925122359398775 0.927601840992745 0.932942083911484 0.931176660244937 0.927895102629367 0.930535274174801 0.931962734101777 0.93137716378034 0.933286161393818 0.933710521971896 0.937616832316969 0.934641432127411 0.935218846666499 0.937676657888856 0.934925906805812 0.938043024542677 0.941209157417617 0.938260780218587 0.935721893836645 0.937166952432058 0.938070796281054 0.939248681842562 0.941239249655524 0.94098140812373 0.939204870811433 0.939848274169161 0.939724959730128 0.939901744666334 0.940008258688768 0.941033214049241 0.942269687582887 0.942960509575014 0.943205121165486 0.943973231261964 0.945320711305134 0.946180168639117 0.946274399484037
0.913746268246138 0.915886758892744 0.916624442599383 0.916381217120629 0.920137208600139 0.922526555804358 0.922140647450495 0.926820210119005 0.924409118287188 0.922349319144244 0.922781575608723 0.925950932431011 0.931331162197654 0.93089992056497 0.927420198477523 0.926821113566822 0.928066411186681 0.928425500753975 0.929198951093372 0.932900624319879 0.934643746438942 0.93229822264185 0.934032619682679 0.935584012848563 0.936196909372467 0.939795682367809 0.940961872611686 0.941699531566329 0.938887995771592 0.936194619812931 0.936943441917313 0.937502354340148 0.93815773766345 0.939031495462537 0.939300252624121 0.93878656209613 0.939537426240099 0.939656656599958 0.939574814128529 0.93982195042249 0.94016229035358 0.941318171391545 0.942424672199507 0.943130172124662 0.944300050415792 0.945078098438257 0.946045350710414 0.947064124260139
0.91654444415158 0.91659240114187 0.919497975953567 0.91621452481038 0.917235804499598 0.917776982118023 0.919388089471816 0.922247823588794 0.924733072397596 0.928799206374309 0.926597417412115 0.923222742791398 0.927862132972042 0.933583828885548 0.932711098294253 0.930345352117255 0.927419975709568 0.927481063633199 0.9288881526683 0.932718004100855 0.934269471522723 0.931416457572384 0.932979744071859 0.933555859131211 0.933295579527911 0.936941102853787 0.94132263912664 0.941819863389965 0.938714137758794 0.93569045880301 0.936622841702227 0.937637364096812 0.93788708697425 0.938030586665195 0.938976224257728 0.939260426664184 0.939251986233893 0.940066351621005 0.94011616501092 0.939613055960786 0.940043623101607 0.94128757173774 0.942290831974606 0.94268962992986 0.943363527745413 0.944324684838804 0.946060028643442 0.947883780386179
0.917849926247254 0.915504179682207 0.916534345337625 0.917380430406315 0.917987770107344 0.917027268941821 0.917645091112728 0.921287446183246 0.925838261349824 0.92716082232204 0.92876720204479 0.930161989338381 0.931275173184991 0.93264414414781 0.930474965939012 0.929022877777022 0.930303137589803 0.927583165612526 0.928713948127572 0.930253373703878 0.931473795568775 0.931532383540912 0.931961236606081 0.932456177497868 0.935457802426117 0.939761753570679 0.941197474475983 0.939135020681576 0.93795558812038 0.9413075280337 0.939918371818968 0.93739808656126 0.937831394985526 0.938531109131852 0.938776624170142 0.941040466383773 0.941883117113158 0.939776344871724 0.94005664883897 0.939992473103964 0.940792797921919 0.941401548486663 0.942541619187828 0.943394882335065 0.943464416876986 0.944089237674476 0.945493486418152 0.947641501671235
0.917622653429271 0.916890501793513 0.919113849743342 0.917212079712401 0.918238470688584 0.918482178831239 0.91859196630501 0.921408681454699 0.926002725980524 0.927775241093636 0.927091306344115 0.92685717722352 0.930659628197622 0.931415331356612 0.929525021499351 0.928862843753425 0.932643921379855 0.930438481498399 0.927957997448632 0.928992766975118 0.930362393865805 0.9314030419911 0.933581960109926 0.934918382199335 0.933251966512741 0.934039451233296 0.937095802822464 0.940962070627646 0.939369063170188 0.939512624741121 0.94079047123439 0.937839266119932 0.937610421550268 0.938779866681485 0.939243644811582 0.939078821276955 0.939461041583565 0.939743369026401 0.940419797733442 0.940656569129502 0.941159263583719 0.941659860306361 0.942835976100229 0.943151607352322 0.943583195512936 0.944048205054784 0.945627691734979 0.950764349494939
0.919719196908775 0.920267676365722 0.919063937345448 0.916860390991609 0.917376457711119 0.917394662803433 0.918878012735093 0.921625013890897 0.925455286107366 0.927326054264584 0.92765979778901 0.925532054419823 0.926996914611227 0.928604927965646 0.928260739099335 0.932178955153998 0.932923235267301 0.930507205412484 0.926865283501879 0.92830773076182 0.930118660971154 0.931142750011803 0.931574103028465 0.934522449287502 0.934775810708202 0.934561235663648 0.939146109575331 0.940535878401939 0.941363869762292 0.939473677477007 0.939238694412585 0.940167655348494 0.938130287701008 0.941930449115574 0.942653640529147 0.938800806869245 0.93859349653522 0.939478021452127 0.940281508337442 0.940756362985296 0.941044884614878 0.941138422403939 0.942112258706763 0.943705457992181 0.944797825411005 0.94475260970416 0.949226235774367 0.952298156368383
0.91794314226038 0.914497008630133 0.917779395437535 0.919127859372506 0.919219775905895 0.923170565585963 0.921496315892955 0.919392210678982 0.923048204098738 0.927075539323307 0.927012929151984 0.926934799479803 0.928024468931174 0.929924159794536 0.931332907213301 0.933052453057138 0.931077936912926 0.930038315995422 0.930516920570517 0.928008256374456 0.92989855385572 0.930822409692663 0.931268712914299 0.93193017285237 0.933897003502138 0.937602451407881 0.936551568332658 0.936620737782653 0.938646416300505 0.938423239937693 0.939978203578853 0.94036982345556 0.941694680175311 0.939222184831927 0.939259572720357 0.938626466192545 0.941173081384922 0.942172944410475 0.939606385298137 0.94031490496668 0.941164752338608 0.942301196872507 0.942687773530236 0.943312600515725 0.944125654047102 0.944477800679802 0.946276076431698 0.947476560564631
0.919670163206703 0.920286574513896 0.921415240733371 0.921243201992204 0.921811792445079 0.921681869223385 0.921908114833576 0.922449391459982 0.922190436088414 0.924882203167401 0.925064377850515 0.926445007002974 0.92561864927429 0.929386831111331 0.931351693977497 0.932679329108686 0.930273187675867 0.926596031300395 0.927648424247313 0.928373249292555 0.929231524718776 0.930462738453487 0.933207487177747 0.933966086320151 0.933917745673938 0.935796867629465 0.935887051523205 0.940312163683235 0.94154321034198 0.94213572978601 0.942783452366863 0.940945474415006 0.941301989774821 0.942030936027228 0.938700412777573 0.938580217089909 0.941253420172655 0.942574984877072 0.9400392172465 0.940327120076207 0.941187406602021 0.942139201253307 0.942360508840498 0.943518153458105 0.94463565652784 0.944682419234372 0.945450362254883 0.946173497976467
0.920303059342558 0.921362419976065 0.922118160263048 0.922060946026632 0.923178535728349 0.924848676590189 0.922861846328471 0.919457642577733 0.922919085316881 0.924328303023551 0.92386730949289 0.928679146822618 0.928766447108942 0.930055506255941 0.93157862026755 0.932246490972324 0.932742335311928 0.929643769195307 0.928667711400934 0.930518009658297 0.928219056739775 0.929740945527632 0.930855230838018 0.933750781091744 0.936840028082252 0.934334012349655 0.93476959795746 0.94050915243535 0.941775186039011 0.939879931970751 0.939716643059812 0.943242267721965 0.943918721181001 0.944816055255314 0.94177420214721 0.941165228814511 0.942495685673129 0.941808768308211 0.942569780770126 0.940503923576409 0.940945715746957 0.94398436347171 0.945500627368706 0.94416512729111 0.944986924464717 0.945897705060308 0.946446073133278 0.945553788465942
0.919967372786526 0.920506842517298 0.921440450640266 0.921721336279394 0.922279914550297 0.924094000638991 0.923118004724605 0.921527392022663 0.926419227800193 0.927624179668222 0.924821536027684 0.925425769353343 0.930163957121983 0.930608775223919 0.931269034690233 0.931428004378046 0.93248471654809 0.933394575131867 0.933316024675771 0.930841951392707 0.927180438278068 0.929066973456094 0.930771185439035 0.931778901034999 0.932531077034703 0.931142391107876 0.931734533083982 0.936768556696723 0.941225580366292 0.942086071096065 0.940061085634072 0.937283583832444 0.94076651749124 0.944771099444416 0.942565282095037 0.939759105107215 0.942216705937615 0.941971791135204 0.93973280611254 0.94068087558858 0.941369073869238 0.944999925450085 0.946329788260822 0.944086391195052 0.945779031620336 0.94835820806212 0.950905652446329 0.948767698879209
0.920723521481426 0.920551928276169 0.920857207006358 0.921640521015757 0.922048941309063 0.922568782707808 0.924496294813537 0.923134687569227 0.923531177400948 0.927854546485579 0.924856683860568 0.923998433186341 0.929247724899496 0.930538318670184 0.931516183360192 0.931815422603604 0.932483268556383 0.931279133504189 0.930657610910031 0.933499548342612 0.931072689489988 0.931718332903262 0.936384789390426 0.937264351532338 0.937383619020189 0.934746578602121 0.93416359486416 0.936368341689756 0.934955349303851 0.938857649825736 0.940136251254853 0.939538181175946 0.94396480320767 0.9453544668383 0.94532650945996 0.942266680215496 0.939640010883328 0.939479481819831 0.938956088509805 0.939836585039527 0.940944131619278 0.942628343990269 0.94331237774777 0.944012890145934 0.945883843943115 0.947594547136742 0.949775860011082 0.949092878213369
0.920937465350108 0.92067652981894 0.920707086156753 0.922217304378974 0.92349590580809 0.924607022863118 0.925298284203155 0.926006376899785 0.927003597649874 0.928037661744503 0.927557782441666 0.927350199835696 0.929529291218486 0.930812335630703 0.931307016626543 0.932070182512022 0.932951563925565 0.933769270832001 0.93431857948078 0.934948554881226 0.934548649274197 0.933021191287467 0.933483880329785 0.935537132570055 0.936165053554917 0.939914671395717 0.939534332240726 0.939563626226794 0.940071042124056 0.938809866099411 0.936657172719276 0.93715840061779 0.940832240225933 0.944536153507987 0.942900052827255 0.942342730720098 0.944803858709784 0.942192789322457 0.93911494681364 0.939882580434214 0.941039940403879 0.944569847161165 0.945744805799266 0.943684709632382 0.947681538023128 0.951809186895387 0.948953660617556 0.945179445481737
0.920930683303481 0.922398946894196 0.921944240370262 0.921595435256886 0.92263920213355 0.92366654606154 0.924816734140657 0.926378721160395 0.928013738941346 0.928579878946718 0.925729265939893 0.924650103710395 0.929946189070075 0.930435882538925 0.931595575384118 0.932378691377557 0.932729786050469 0.933922374297001 0.934389543450412 0.93447711600868 0.934496620580731 0.93264236200417 0.930712201434978 0.934386375195053 0.938394032583607 0.940023171765748 0.941083435847072 0.940971080353821 0.941473644860065 0.942074010686507 0.939769841285041 0.936791105764158 0.937351193906754 0.940976290648767 0.942190221302977 0.940161826253674 0.94314642799737 0.942663275243196 0.94191525757865 0.943066522369549 0.940781467696213 0.944741731202363 0.946130485197176 0.9458878661423 0.94786940566509 0.948960318904208 0.949119375224004 0.944959226982325
0.921458296828653 0.921426193491153 0.9214116393181 0.921336380877338 0.922049436348962 0.923429421949551 0.92525573552377 0.926356147340965 0.927242776177446 0.928512021352457 0.927921277864067 0.928332891164726 0.930222384206153 0.930590433995632 0.931523943110621 0.932762087403929 0.933141127079183 0.93331815334734 0.934181069772622 0.934614836108796 0.931664546818153 0.931517074432012 0.93635024798142 0.934804659158361 0.935248660444463 0.940204795716974 0.941342824378553 0.940799982188464 0.940611854650555 0.941664600313402 0.942482567115785 0.940124227973287 0.940018307998733 0.941880177813753 0.939525854682442 0.939755930663858 0.943377444554595 0.943841377384661 0.939639887123353 0.94065208283041 0.941371128284822 0.942738843083895 0.94372625585597 0.946551894099852 0.947609355017743 0.947286793207054 0.947868749737223 0.94397389337783
0.921321467800357 0.921848796677587 0.922473376143126 0.923571844928714 0.923215985496767 0.923519878115236 0.925255450875828 0.926338189768601 0.924468003283266 0.924168603151886 0.928049876854029 0.929195176414136 0.930342468509839 0.930908447627243 0.931398834151952 0.932607993859129 0.932800824276086 0.933687366480584 0.935189305160481 0.935142771409903 0.934482969855495 0.93500493992581 0.937660593844109 0.93503545913563 0.931458944371782 0.936028917582481 0.937913497352903 0.937190961867197 0.941950628179488 0.943464212673027 0.943283411725634 0.942874948116338 0.944149892438195 0.942186236231784 0.94129833885556 0.945569512170759 0.946369119180859 0.943486217196572 0.939147965974955 0.940268439284088 0.944275137532836 0.945860199599902 0.943258288450721 0.946531826419915 0.949624650073699 0.94700682339174 0.946555136611195 0.946452694291937
0.920512498348152 0.921625595562779 0.922909345406853 0.923345624070518 0.923720678674579 0.924510589090643 0.925319088254943 0.926950170468691 0.928057747988436 0.928020818011913 0.927873333249775 0.929199718405216 0.930828065523518 0.931916905783056 0.932834524117263 0.933862288829167 0.933578705222585 0.933870221843561 0.935204837037336 0.935737784617428 0.93583487431777 0.936142999527382 0.937046076064533 0.93797297639686 0.934814460948377 0.934522969079396 0.937768834318193 0.940649403426953 0.946822427217076 0.944785269961547 0.943925274271674 0.941281909718887 0.940933612021408 0.941351079168882 0.941548488704911 0.943962259940185 0.943304110581443 0.946049682309537 0.943024369722084 0.940257641226274 0.94438905858977 0.946149958829233 0.945947215238284 0.947950901608589 0.945360914732994 0.944680637090733 0.944584382770222 0.944781680922274
0.919509894039154 0.92052742380113 0.921396850001094 0.923630655668807 0.924364861720149 0.924601552672225 0.925359904294679 0.926791534932811 0.927934990469291 0.928047475910515 0.928382729306635 0.929303602528182 0.931060981796359 0.931846696749272 0.932170935507622 0.93315368871664 0.933171510153032 0.933690757503898 0.935282397413632 0.936082703667591 0.936316040724346 0.93610631707081 0.933851298943392 0.93119071937809 0.935407778644245 0.939577190320048 0.937890032461654 0.939688252521561 0.944931195348001 0.943732140642779 0.944207929678444 0.944930675556106 0.942206470987687 0.941464981661819 0.945412565958536 0.945977660192119 0.946204066690278 0.94734924249041 0.947031278362789 0.946344732277797 0.944961782625808 0.945609529958656 0.947855587863888 0.948276947262573 0.949991647903391 0.94702297406847 0.945970909085486 0.948532579678814
0.919014792259399 0.920085155154678 0.921376998901114 0.923258224776214 0.924901893379414 0.925642151293531 0.92642156686372 0.926616105168331 0.926788453309435 0.927746318387492 0.928361306454973 0.929692728641394 0.931514995264433 0.931852538220089 0.932861677055765 0.933326531897644 0.933532183848005 0.934552065049505 0.935373472379192 0.935613727618546 0.935772326026434 0.936347587141959 0.936944345365131 0.937233164018652 0.938021787330977 0.939954472603658 0.938745721304399 0.938311076272403 0.943504038632963 0.944218678232267 0.943785895787895 0.944511092113061 0.942527108330766 0.942212900318385 0.943655397082317 0.940658017121209 0.943532144523273 0.947646328310257 0.948110681924238 0.948136164103078 0.945100047269813 0.945455795317783 0.947875395647877 0.948458298941854 0.951252935312013 0.949986536616426 0.947138244109131 0.946603891853324
0.917949355011122 0.919714964317632 0.921269476234884 0.922285310485204 0.923201814979636 0.924224134252643 0.925551459983894 0.926568494705971 0.927403849784833 0.928412778228551 0.928784466561294 0.929515603365258 0.930627264964175 0.931814345891822 0.933351952196497 0.934533859957191 0.934350521930312 0.934170847198692 0.934701950755157 0.937072350307213 0.93868407646088 0.937462256108267 0.937673464881503 0.938110189081078 0.938407101636961 0.939625951750175 0.937593280793738 0.938149977913021 0.940590834018811 0.941520611770556 0.946583879865376 0.946378271231006 0.946299881662878 0.943619803713524 0.940494375494342 0.942416145137233 0.943895633757675 0.945345401420135 0.949409877013185 0.948411078323415 0.945852538857453 0.943825263835924 0.947437037816633 0.951306579073152 0.951316875903067 0.950679419212135 0.947426146938838 0.944489638321405
0.917650029135728 0.91913060684395 0.920975472038412 0.922047505693353 0.923559060523303 0.924545897811494 0.92560220157362 0.926746461549937 0.927486348184129 0.927466855988076 0.928734875939335 0.929809793201692 0.930382975149638 0.931354837480861 0.933137748431867 0.934652223997226 0.934006704343927 0.934544317675074 0.935307966224455 0.936933367855353 0.938946101079827 0.938324838381617 0.93807214526478 0.938528027508476 0.939294547289276 0.937540175388491 0.936875398683091 0.941317633035654 0.942964420390222 0.951359696854397 0.956928332618893 0.949823507601435 0.946810298739532 0.946498126578738 0.943585089040553 0.94373465297027 0.947514233101003 0.94782772330553 0.949766961668884 0.949496255287695 0.949113280045238 0.947201213184382 0.948429988847586 0.952673043896478 0.952152305237914 0.950617947632582 0.947998617266928 0.945281646469044
0.918487946046072 0.91998661746263 0.921165270335983 0.922401805749617 0.922902600488219 0.924111723067403 0.925707249040351 0.926884986089889 0.927273283011269 0.927013288055912 0.927502808260796 0.92910042577732 0.930641757257241 0.93151016862541 0.93273956308849 0.935320676373881 0.936673484283973 0.936333664144778 0.937038761850014 0.93741937327695 0.938220397338763 0.937803437607187 0.937773834221181 0.938510738239977 0.93975537374397 0.939591150445221 0.939744693258133 0.9416413953181 0.945031874087616 0.959841289713095 0.971270981310879 0.958823277287216 0.947316526541034 0.947317312416874 0.944665705449756 0.944578064823501 0.948338202262171 0.948723658892126 0.949806317340916 0.947277579276919 0.946915822682166 0.947964199617897 0.949065681958875 0.953285179296537 0.952165479487247 0.948296779798558 0.947612659409074 0.948078640466725
