Niches/Distances/ascii/Bungarus caeruleus.asc
NCOLS 278 
NROWS 480 
XLLCORNER 370976.070567794 
YLLCORNER 375501.4883978 
CELLSIZE 919 
NODATA_value -9999 
[rows 273 to 293 of 480, columns 96 to 143 of 278]
0.933247795801586 0.93395206431499 0.934245449711587 0.934517276120549 0.935020929714572 0.935980688320246 0.936833196531635 0.937242384136786 0.937695828308975 0.937917012136191 0.938476877510833 0.939131703914247 0.939354669885103 0.940520476473057 0.941367594937538 0.942705279378691 0.942593258037373 0.941864565492914 0.93922621940711 0.904452302535924 0.890591618502353 0.925369297676777 0.938232327800348 0.938687294220229 0.950225826527976 0.949782450229748 0.948504090132583 0.951349647544431 0.937776297044682 0.953598886081019 0.957540752666894 0.955595437688769 0.965971207903946 0.954266960989751 0.937868609609991 0.923202062499586 0.939068314055082 0.945986973130234 0.91534266053891 0.927365199544659 0.946438727978765 0.95308557920895 0.959455443239219 0.964112592976267 0.958715606109016 0.956695051254126 0.956596235102134 0.951654004262807
0.931151846369961 0.931621651610838 0.931847637325081 0.932296848906128 0.932844202147303 0.933524523105556 0.934345138371402 0.935309080064229 0.935828822454995 0.936106688350734 0.936959122306139 0.937644208023427 0.938180472370847 0.939008191459255 0.939532191193159 0.939871454412467 0.940551001870876 0.941243240914716 0.941209658645516 0.91868817730953 0.880885928107503 0.910422805503053 0.949797518006697 0.949922837357323 0.965539638307327 0.965438043743898 0.953556182701665 0.951733730438665 0.95281754604322 0.941852232811411 0.943453903467114 0.954113777080767 0.950989301813392 0.924683048615724 0.90749291185628 0.902080739640104 0.931408314166033 0.935403583181095 0.913393428557579 0.931210917006001 0.934477623424578 0.927791540282336 0.946265816729775 0.962518521183025 0.963057601069875 0.962985312868512 0.954380102358843 0.949995088430694
0.929267910151409 0.929521209692123 0.929628361078427 0.931740386930797 0.932861268647847 0.931888911276725 0.932266639096245 0.93315912177954 0.934398615056575 0.93531786702245 0.935054307779814 0.935677488757636 0.93681302365572 0.936966745920595 0.937457342837262 0.938434687735375 0.938484253605339 0.938537693162519 0.940109562416256 0.943884674811894 0.922576827106179 0.925578588170401 0.948832567670075 0.935856148657462 0.936799335802491 0.949483607018256 0.953002820913707 0.950830994241445 0.953096711418696 0.939343048823456 0.940042589705817 0.940681587208436 0.926202548836065 0.911881217799762 0.909992566326165 0.899916041542399 0.901412386271429 0.914888077774951 0.935840988060532 0.95347140711883 0.941674996151297 0.934346945267037 0.950264736664098 0.956025095193775 0.952216957448824 0.93557844364969 0.93242989087919 0.949508724105171
0.926573680248921 0.928337346523824 0.928306097130151 0.92985114140932 0.931006774927334 0.929753173013156 0.929811711481303 0.931203342895534 0.932758102332736 0.93296828389818 0.933057465336123 0.933911966083109 0.934609935213788 0.935597428429846 0.936411236897071 0.936820560638194 0.937575719253294 0.938281435758405 0.939308606422429 0.949385873766045 0.945307252407859 0.945373092714528 0.950738557916161 0.946292183792436 0.946850842507323 0.947436746980692 0.954341414990676 0.940754475645678 0.951638583769929 0.963702904143218 0.948626117467876 0.929796946916293 0.938427212632889 0.939219078456556 0.922830757822765 0.914187336420833 0.899880386293619 0.90515394733786 0.926093862826071 0.939145404143473 0.949692111636039 0.943624098184654 0.941425192829875 0.9476935303647 0.941569069988744 0.924541269188431 0.925737619738201 0.943575974118398
0.923298236376113 0.924306397507986 0.925234275544115 0.927114845491349 0.92828837470174 0.927554898834249 0.928053936181207 0.929670761245842 0.930363445825592 0.930307704332878 0.931298526692262 0.932419148513365 0.933183514870601 0.934593165737183 0.935616239946037 0.935349339184078 0.935331542499681 0.936094894025122 0.936820684398169 0.949660317698477 0.962586100317342 0.962921260893481 0.950341628736529 0.945598626704864 0.959413773255656 0.961803163775866 0.950714053441123 0.934351660522082 0.948470204651444 0.965414665484631 0.943048471977204 0.931232265601678 0.947981191862456 0.913044722452183 0.881953828179281 0.887529883354274 0.877716732173182 0.894304095974672 0.910103900799623 0.916908125213944 0.935607923275721 0.9253899284646 0.925742792905154 0.942523896759417 0.939323296731455 0.935037637311189 0.935938065384876 0.939368332986336
0.920606667313086 0.921492380325752 0.922292179163813 0.923108994998429 0.924240173545395 0.924960704119506 0.925601545645753 0.927005676817453 0.927702544484355 0.928022996187472 0.929593200869546 0.930682560920979 0.931225706323006 0.932732273625966 0.934330683206329 0.934173879318078 0.933870184715568 0.934741974731053 0.93593987228051 0.927717445185338 0.938649002883982 0.963259540220988 0.962479901882844 0.959984622328074 0.958636839072965 0.947305567595253 0.933660547694014 0.945658136688814 0.950887979521907 0.939032535046326 0.931598557999514 0.930500769893787 0.940070336692199 0.929254086162208 0.901210942160216 0.885499576213359 0.886029924833977 0.881063164767617 0.899409244445013 0.916968965617626 0.912863141816948 0.915551555000614 0.917010672729181 0.926933425744082 0.92928830579528 0.934886229357846 0.928972371331248 0.926255778001288
0.919182499401443 0.919425130832316 0.920469070972945 0.920947415652093 0.92085858074208 0.921762412215077 0.922631541391101 0.923197371996535 0.924887388710351 0.926330875554082 0.927183495149449 0.928409906997132 0.929418055753009 0.93030245690994 0.932364062948519 0.933304143718177 0.932529752802971 0.933111746461132 0.932119884517958 0.941783515085325 0.943410822619837 0.945462862012353 0.963625473714896 0.952153196309734 0.947397199480699 0.944340396167623 0.930280279122431 0.933766473856567 0.934115278969943 0.944814124599705 0.948346822144426 0.939667943509673 0.950278709165269 0.932350288463308 0.902430002665388 0.88483143323664 0.886348359249502 0.90977434036235 0.936803246617699 0.922270001376304 0.875863797828353 0.885393798562776 0.901675945514065 0.918099240716774 0.926385094799104 0.927098855702586 0.913871686604744 0.915574648611939
0.918133967765743 0.918150514474393 0.918311402441817 0.918773398428275 0.919227090120414 0.919852313137823 0.920472239228304 0.92120988580695 0.922611665539126 0.924107948388167 0.925460236506364 0.926707254389875 0.927337737206219 0.928275305648386 0.929306746031546 0.930739379125475 0.931945853241195 0.93216427722097 0.923189377102154 0.934810079845264 0.958516754769279 0.959741415413317 0.962967720388074 0.918660504579133 0.903492086018343 0.937816605668521 0.930837260889656 0.932029255088309 0.932523973212141 0.946363296274038 0.961317758590148 0.95515883724917 0.951715593414337 0.937160071377452 0.915532792988413 0.912318300903264 0.890123186997198 0.862091169016953 0.897950535124363 0.910311025493685 0.875324414729564 0.887972671792621 0.906965075563153 0.924524289319869 0.919900888927987 0.915674386775744 0.929773432521054 0.947705757850224
0.915767082996976 0.916159228853576 0.9168377181642 0.917196560211544 0.917755361250401 0.918299620492203 0.918530012061554 0.918459035715925 0.919469003743433 0.921930812412981 0.924835248632908 0.925443788805694 0.924996111848337 0.925922442884779 0.927314185682988 0.928507677377337 0.929930867585178 0.931187340730774 0.93012253465837 0.9295050218874 0.94031929844579 0.955351215942218 0.961449934243386 0.938722615317077 0.930247309465106 0.955053368998524 0.959052753032753 0.945851227001719 0.930597810090139 0.944728464133049 0.961355808594444 0.960671898596918 0.944421025791297 0.903769135098248 0.90301515220291 0.924023011917365 0.9097370514819 0.881639292202966 0.90239858000775 0.930320278346332 0.87482279079913 0.878491791392253 0.909466561680667 0.910084173459617 0.904538328094507 0.916604789515362 0.940730162998601 0.954730466847903
0.914215578447115 0.914571908166967 0.914660285165073 0.915012357541788 0.915962834149341 0.916361873436546 0.9168224090553 0.916727844058447 0.91679929069198 0.918011036982633 0.919890282698135 0.921691869029361 0.923250997193678 0.924479030297033 0.925236961135572 0.92633024437821 0.928308386689688 0.930332951367766 0.930814451926275 0.931813405316013 0.937042474649262 0.934440879088017 0.928246296310259 0.936074238485305 0.947717911079764 0.943298937414491 0.944925353877184 0.945895743464705 0.92898964822375 0.942466404063057 0.945254196506602 0.94417036233805 0.94212620026794 0.914556005010187 0.919347013536133 0.911196651874369 0.870422344002106 0.842378816344192 0.876578635443617 0.944108711306533 0.904608611384276 0.869923566551096 0.905399536632134 0.885738717612939 0.866210990070796 0.901177217567044 0.941874868510828 0.955115502693944
0.912636698190797 0.912787611104241 0.913255374305531 0.913701603271182 0.914266480924809 0.91486995931462 0.915111192257776 0.915224556394823 0.918268903266422 0.91972430819574 0.919457580697746 0.920855301102744 0.920443922946037 0.921606734542598 0.922934666697726 0.923932741391642 0.925690182539806 0.927214199999232 0.92771254429033 0.932263074808966 0.943242719445874 0.938127837253504 0.924311818194889 0.925158583943441 0.934443651311456 0.950446713331252 0.95853023223055 0.945379429225245 0.927785067635646 0.939475471996643 0.953058085930517 0.94073732870115 0.927680366696845 0.92275590778992 0.926617775927992 0.927385916964464 0.897251575913884 0.868842312778022 0.843692813126141 0.882599966632454 0.895779983179844 0.859553186082828 0.888744092468429 0.885135338231108 0.907569803928712 0.938914505158224 0.950905986598261 0.945657981988846
0.912343325170198 0.910985888637043 0.911769870950307 0.912243772646354 0.912637985294537 0.913041690332797 0.913052469826614 0.913539848983933 0.918590208913366 0.920343244206422 0.919545697799904 0.922568968347771 0.921036250562106 0.919398485309711 0.92126283032423 0.923213262777318 0.923352814525062 0.924800954743851 0.926444870867001 0.902483900134475 0.90271125958444 0.942395916569329 0.953519357921122 0.944433550300761 0.93933438562521 0.939245711603164 0.943696825733929 0.944590310873021 0.92676061969107 0.923801679578179 0.937189674763458 0.940915536877068 0.922350668127971 0.92465566053327 0.927269384572059 0.911817493788665 0.880452669187226 0.84423837184768 0.814563823856004 0.869073100379293 0.889466999234059 0.847024369771588 0.863842508798352 0.863855293203763 0.905529100949901 0.941297565355717 0.931143876227575 0.903142389833148
0.910193663909448 0.9100254864795 0.910768244345111 0.910724792217908 0.910124828611385 0.911543464452149 0.913407339178762 0.912774108890975 0.917002009530935 0.918567808357902 0.905072426642366 0.907107807942254 0.918891712964319 0.917526157776809 0.919679247188864 0.921894600244313 0.922048792797093 0.922997982300907 0.924344045292364 0.913376448689017 0.868123452963572 0.855256338760828 0.907422517182533 0.879202817200289 0.84194706729561 0.911256366062279 0.94274860155792 0.940527035751729 0.939421388887594 0.916854202992862 0.916328606755282 0.920581482158185 0.912324414646026 0.895982058466929 0.890208754643873 0.887108592023575 0.840307222875635 0.847136607692862 0.91558259400233 0.935912880229976 0.886193523144853 0.825472003295382 0.842980846742296 0.855427548310163 0.896901953984674 0.924448461583222 0.910264900151025 0.871919988210872
0.910053988401729 0.909700245265353 0.909854289306163 0.910121511844057 0.909969287074879 0.910139407536434 0.911277231994054 0.911675751489364 0.913082531124528 0.928071819497586 0.891930924199178 0.876155599097271 0.917860705741071 0.916008365444122 0.916482601292102 0.91952408930828 0.921638503728166 0.920646419017037 0.921847484821852 0.897827591965256 0.827391297738774 0.777897827359915 0.813393896060884 0.815775929050584 0.800118163548875 0.892762999638704 0.942065935348142 0.925654044627123 0.924241980441029 0.933782711165279 0.934478687760362 0.932348951855578 0.944954988203184 0.90591997207876 0.871625031062593 0.868791682572273 0.820794594050435 0.850121388888522 0.932726741555086 0.937046769120392 0.880286731812824 0.835070752695884 0.865737571038651 0.859370033695912 0.891357284339325 0.913706330902224 0.898517887977489 0.861551674534186
0.909124947021835 0.90942827034442 0.908889320405544 0.90873850650008 0.908704163107033 0.909006756245766 0.909491313675656 0.910248563834332 0.913597298364301 0.90681317256991 0.881706060709447 0.892411781205817 0.918130539614437 0.913961115562637 0.913996288147516 0.916864660710745 0.919564199916158 0.910891694920115 0.89050727607943 0.874132197762957 0.839789374012486 0.815049656013636 0.837596594776467 0.820376112071167 0.838811261802529 0.912499163730644 0.938420975130151 0.953500874368864 0.95298186216195 0.935833154054118 0.92752654542399 0.940803175195818 0.942770698901445 0.894973006263236 0.818413402628565 0.78740831114629 0.776528447989179 0.836000016843733 0.915926720988653 0.928116930008453 0.916513714549802 0.90397794292797 0.859633469178573 0.81756096867316 0.873550699144696 0.905258970052595 0.879400263864311 0.847270813009689
0.909812012898722 0.909494865586937 0.909024008386273 0.907380612055018 0.90684887732268 0.907655111679439 0.908307066851435 0.908920520295227 0.912160940095126 0.904343666029921 0.898196582330545 0.909631929759185 0.914111298292229 0.911799362952336 0.912439041134818 0.91557740845938 0.918752520120502 0.918603698750635 0.915759286118554 0.892129930238885 0.851030331648485 0.835454557130174 0.870342617826249 0.891175270544178 0.910428226189955 0.952303663687268 0.954607696952761 0.955991209712636 0.940035820035187 0.931344231251008 0.938760881901329 0.932841924963764 0.92865513738748 0.885740648268548 0.79739477579629 0.750819243850624 0.805642907838258 0.898663887619928 0.926775978303961 0.929862415943037 0.940683356976078 0.94112858967393 0.874425904935489 0.819553628029699 0.861965404130417 0.877044666005258 0.859184839269409 0.873774519059378
0.908190806730975 0.908352065978324 0.906861612224102 0.905491948205423 0.905664420106502 0.907180405543555 0.907376478471855 0.908004028176792 0.909304040081574 0.914078279130915 0.910919528538479 0.909394818023194 0.915822849241684 0.913201340700472 0.913288096442906 0.916639392804356 0.919325652564458 0.912849416835727 0.895073128082963 0.853299099509118 0.849089540097444 0.897709005157267 0.930239029922783 0.942082921404703 0.944066837119011 0.940052515255807 0.937738649260305 0.954606416037021 0.937301157748885 0.926508854774046 0.928387370305696 0.925311192368542 0.908864803554508 0.871182960432101 0.802341313482745 0.791586522156311 0.850892908572309 0.880791734390574 0.926238711500743 0.922710042343207 0.913544230087046 0.927022792821987 0.880944924487557 0.794273747244217 0.789348570529438 0.823236403108032 0.848188517975878 0.843165348112939
0.911178805685983 0.908677542336423 0.905115012449743 0.904436634523097 0.904344049685843 0.905307954250677 0.906223134513377 0.906979382216257 0.908088902767607 0.908987066033753 0.902703103802092 0.922446148948638 0.932744971399395 0.911090824719796 0.912023492266955 0.903951978085227 0.877011077548059 0.867555815462504 0.846734449654289 0.853716492400607 0.871821871302738 0.835053970843282 0.881953989067248 0.948213730667373 0.938471184551985 0.919896891480797 0.919612144530451 0.920475258971692 0.9180986219169 0.930112448220412 0.917557147274534 0.879393246673732 0.825549922575605 0.790762280723198 0.787763205250433 0.788539502069253 0.791701272405077 0.786626915416502 0.870411007588402 0.913165883467651 0.896035547528099 0.9022111455257 0.915830163456203 0.91300744594773 0.875277410691082 0.814928445494178 0.813139965344299 0.834800782686546
0.912914205182609 0.908889184269571 0.904136170055933 0.904952131946722 0.9059938567838 0.905137561517177 0.904580035206062 0.904523179873574 0.906090711340189 0.910914862787424 0.913849521193232 0.914950848834242 0.914555806994228 0.910444228354715 0.909752793750713 0.913614315360855 0.901976694629171 0.831858042754375 0.800802333442348 0.87193634927956 0.891451366672276 0.90028270522016 0.947846912289644 0.95430262861453 0.937397566769365 0.917542531221494 0.916829537629856 0.931557135535901 0.932695677801375 0.929811587721329 0.936060278360131 0.903054730642896 0.844659056754502 0.767596913365583 0.72514258858548 0.7780480472175 0.790563596459426 0.727668282154092 0.786607683116396 0.891051312553277 0.911650133174551 0.893586956423875 0.899055823084571 0.919105495945034 0.918891675836327 0.865870811027673 0.875741151693186 0.938941039296852
0.907713216987674 0.904665528596752 0.904150303445071 0.903193972990703 0.904328926216905 0.904017744135911 0.903187500344014 0.90307935887791 0.903667590038808 0.905852584772404 0.928939067521991 0.929760623363648 0.907926084144574 0.90993944854492 0.90962069235346 0.910813379607972 0.910442928874978 0.870061212395226 0.841443277565614 0.856261653413278 0.837407662798721 0.848779707000178 0.903302213464788 0.921032475882871 0.933969972383364 0.949570622656638 0.933527320080989 0.913733619976699 0.928263338058809 0.946233323548354 0.943530702719565 0.917958265729318 0.861608963026587 0.789586511457261 0.721702902849926 0.763457835259638 0.79234177977939 0.716425208222522 0.715402257773643 0.802498983690821 0.901105511037563 0.927200128490081 0.918836726407453 0.909855687793879 0.920827640748344 0.930513603803189 0.945357616529662 0.952852551552132
0.89632979924452 0.90329118645102 0.902289337077869 0.90355171357427 0.903943525278939 0.902001756024096 0.90233965788368 0.902359929767576 0.902887345276788 0.903506652567394 0.905690248813273 0.928379301155329 0.934541780595588 0.914042958034066 0.909065925889786 0.908451568998177 0.91306108352087 0.889229788490088 0.869269853987456 0.851525557188214 0.853283320112313 0.840076645666321 0.816630244157608 0.857759904045921 0.888372899175586 0.918231391618017 0.915929530340084 0.928718217846708 0.932298334025827 0.928701955786 0.940354303954703 0.930326491097074 0.892037258769648 0.831604607077689 0.749312391899723 0.757349463680425 0.860789214080565 0.798021149781466 0.696857221560531 0.713676449675074 0.809099053650478 0.913730860129258 0.928522206798395 0.937370760358793 0.927595083698113 0.915427200977793 0.929170251155183 0.93378048348573
