Niches/Distances/ascii/Bungarus caeruleus.asc
NCOLS 278 
NROWS 480 
XLLCORNER 370976.070567794 
YLLCORNER 375501.4883978 
CELLSIZE 919 
NODATA_value -9999 
[rows 420 to 440 of 480, columns 144 to 191 of 278]
0.920044834154842 0.923981440941782 0.926060472384832 0.93116573223915 0.936762084050034 0.936497076815691 0.935880814020468 0.935495660602452 0.935146805985086 0.934476955120713 0.934121677360648 0.933698331614364 0.933050089241616 0.932786839398917 0.932207172428285 0.93065869999781 0.929454404057649 0.928645979149334 0.928485264445875 0.928650570644404 0.927534020526477 0.927435495210426 0.927735477013687 0.92670194508695 0.92783048754645 0.927193742475374 0.925802791741006 0.924005784528853 0.922616789202088 0.922078086783161 0.922134521331735 0.920622793237821 0.919773775057725 0.919185469640841 0.918636185744057 0.918578464091744 0.918530395717477 0.919061202250002 0.918988963552629 0.91876749507747 0.918184622723487 0.916930191617476 0.91662544505518 0.916770541249801 0.916178609665652 0.915630959400537 0.915138196684309 0.914279995514072
0.922677456341805 0.926621352591268 0.927759486448826 0.934639526223797 0.935590473119255 0.935460190993633 0.935111930424147 0.934780080427338 0.932096951794602 0.930640160753564 0.933153305060718 0.93228656445221 0.931865273121511 0.931836399919357 0.931269146074211 0.929583770359456 0.928254229324653 0.927925473327218 0.928068119074336 0.929084114212623 0.929225460480004 0.926426319246757 0.925894262738485 0.9262137367378 0.927595652993998 0.92568645736456 0.923092794817709 0.922803171724351 0.921290354542657 0.921771001157338 0.921114726762217 0.919808353594723 0.918901564258325 0.918145180419473 0.917357596690938 0.917532259143573 0.917565971360747 0.917562295689492 0.917817959045727 0.91765085832756 0.917922820872495 0.916755034124941 0.916001100733593 0.915091873325688 0.914449521927748 0.914977048820937 0.913515096988944 0.909990227262639
0.917562864985376 0.921572675797494 0.927488278839738 0.933894231278699 0.934587014866429 0.935085693309459 0.934812196140835 0.93408921511922 0.933201719962915 0.930672486859019 0.929477967956878 0.93130332857929 0.930591646843387 0.930502725301391 0.929970557409141 0.92875643492697 0.929451297682278 0.929597990380576 0.927592967402541 0.929599227980326 0.928556797711391 0.927628053355438 0.929423315551944 0.928178426340001 0.925859622321499 0.922699683633304 0.921960007391069 0.921683911262972 0.921385686851354 0.920183767102712 0.919533185666438 0.91846380047496 0.917190483596774 0.916915699324411 0.916565297707358 0.916931095065293 0.917338921310719 0.91701788793572 0.916337282329525 0.916086680756265 0.91631053779894 0.915862798961596 0.915240867959521 0.914380686629685 0.913770339561264 0.913541494991599 0.9136298967417 0.911842617063578
0.920679970346244 0.930365710633133 0.932211194627471 0.933426307189442 0.930887507439483 0.930195033251691 0.933681822033707 0.933385082741789 0.933135718768278 0.932373926618522 0.931294999532976 0.930298075806827 0.92953757076081 0.931743802706105 0.93438767467479 0.932668859014805 0.931390901137559 0.930649962543579 0.928424213650236 0.925462204289966 0.92617610132942 0.928202856559055 0.92850079632273 0.92765396869419 0.926573791632898 0.925527165900813 0.923483183282666 0.921169923711041 0.921111286234913 0.919477976341616 0.917728233063894 0.916999237307496 0.916103586368842 0.915519612551082 0.915582754890297 0.916101692841226 0.916732967721409 0.916584604263449 0.915861561361846 0.91518407450702 0.91547077686497 0.91550737268956 0.91476866177513 0.913951586044567 0.913009401355334 0.912832474095158 0.91256146450203 0.911245202912539
0.92343100607723 0.929430357494518 0.93124899795029 0.932374681554369 0.933174158616495 0.933171200753094 0.932916304708704 0.932836788924804 0.932887889418457 0.931939838506413 0.930822681964608 0.929663335647346 0.92853265214028 0.928205108990599 0.929984554662307 0.930131371120581 0.926268673790677 0.927500531077257 0.928118452256145 0.926912064772407 0.928904786008932 0.926597442164109 0.925076778600004 0.92534715701726 0.923512576276715 0.925080466647258 0.922752293998652 0.920205251834362 0.919723082971988 0.918788757041165 0.917575278110863 0.916012412395303 0.915271746073268 0.915062925867549 0.914886741167222 0.914508901963725 0.914617699357696 0.914524755616515 0.914079949890576 0.91484314052805 0.915864865753177 0.915073717737364 0.913904458246109 0.913256463393311 0.91257811021866 0.911672843129953 0.911751925753941 0.911583735947995
0.926989625148703 0.929030538519471 0.931017913325079 0.932147841896298 0.932559479948952 0.933038134028037 0.932522599476419 0.931946892824985 0.931123393951722 0.930250935632372 0.929173283274569 0.928367878109642 0.927491607983064 0.927133892151492 0.928889130372102 0.92933078021868 0.92520328604639 0.926507542918312 0.929325470915755 0.927449034551684 0.923770294048534 0.922848678267137 0.922496259362492 0.922902922264154 0.924109990427754 0.924312511250749 0.923294845352799 0.920924891336654 0.918863186290095 0.918565036134463 0.917473695923431 0.916259325921309 0.915532904372391 0.914948942930628 0.914545064628403 0.914444781920707 0.914176965334933 0.91361893160792 0.913485765874883 0.913542039535489 0.914067957549004 0.914830974922513 0.913846315809881 0.91346602615888 0.910720609130755 0.908118023489711 0.910515637860257 0.910730893584673
0.926540067039726 0.925795019614579 0.926637924051913 0.931516257616177 0.931610438957108 0.931476666800193 0.931005896231512 0.930700110085426 0.929836240708337 0.928780048330188 0.927997105600714 0.927393305434968 0.926663814638671 0.928776818194842 0.929463153887877 0.924953835440897 0.924902289411334 0.924270383355278 0.924037578466415 0.925177345955642 0.926484164659045 0.923797261347073 0.922290310388192 0.923524333474334 0.921958831671308 0.921005384824356 0.922242996949771 0.921448495038637 0.919628629359113 0.917047874977649 0.916546003527264 0.9158533932035 0.915132565605449 0.915457373659684 0.914473098202974 0.913669301917722 0.913095179393967 0.913341424616108 0.913424430431302 0.913906067125783 0.913416769688853 0.912232968400542 0.912700867737804 0.913194991813757 0.912251581900773 0.910944144397495 0.910123269235701 0.909733796594559
0.92125700122941 0.927915906681155 0.929305929215711 0.930218535270932 0.930581572781427 0.930659256917698 0.930380623710114 0.929853666112809 0.929182416760719 0.93245774924955 0.936782652957869 0.93185579310743 0.925713214271143 0.924859233316052 0.924299231805437 0.924009385944124 0.923991539755737 0.923741878758287 0.92303826617275 0.922042592422348 0.921213016934316 0.920386263173712 0.91981563068125 0.920683126225605 0.922138580658913 0.920650874376135 0.918753361688332 0.918779574051025 0.91931536811054 0.918013586438117 0.917032850516691 0.914898745884791 0.914822088956312 0.913864780798142 0.913324395243556 0.913090328002949 0.912789814031795 0.912518606422708 0.911838768128357 0.911792939809636 0.912361245614569 0.911884522191093 0.911482153760562 0.911539009093051 0.911188929251933 0.91038716263027 0.909815775201961 0.909048265341362
0.922192787527938 0.923491710344939 0.928364313822364 0.929139707193367 0.929732876377266 0.929634549077174 0.929162825556686 0.928949500487879 0.928908449304191 0.933045955658453 0.933873439602909 0.92626633472715 0.924805558614919 0.92382118415023 0.923484482762403 0.923341354351383 0.922610663083329 0.921832485112889 0.921471650529949 0.920901822477324 0.919563742004251 0.920024475638964 0.920552720340008 0.919495166602136 0.921429250362534 0.919895418737095 0.917586057604681 0.916907766310017 0.917193924124077 0.917666377828418 0.91732686708916 0.916468566910943 0.914537379133959 0.913133458354216 0.912744616888946 0.912307880313374 0.912392037096335 0.912105631762324 0.912248252757447 0.911978220868122 0.910876187795255 0.910714458260001 0.910423931718825 0.910208836882376 0.910409637441719 0.910466356638235 0.909660431681414 0.908062777036897
0.92349496523228 0.925568625492418 0.927758434489039 0.928796867310783 0.928902929609308 0.928773526179509 0.928567738093176 0.928425847281905 0.92843026551301 0.92794265121174 0.926881978722498 0.925877703653838 0.924619522620587 0.923147830878566 0.922145969129417 0.921735667684492 0.921520894623978 0.920385743381817 0.919106820176766 0.918834919511819 0.918673029088597 0.91842750167431 0.91815556388137 0.917973785230176 0.917069990885171 0.916398357877159 0.916027003696348 0.915614907731787 0.915744744321499 0.915330358797401 0.915503820778279 0.915854828819209 0.913999753426814 0.912521626166096 0.911488180871342 0.911450000919072 0.911145947412635 0.911061481229738 0.911453193926426 0.910786622701389 0.910168057970633 0.909583638616962 0.908961336334962 0.909352578743746 0.910126796394987 0.909793733550424 0.909076643503616 0.908245496263901
0.922457596746321 0.92534725602524 0.926435427980913 0.927570876247014 0.928242063719116 0.928286221278176 0.928497145403469 0.928033602417324 0.932214511394799 0.933184603958381 0.925452476755935 0.924481295104574 0.923131902969791 0.922007234197507 0.921172621678495 0.920410099344885 0.919708380286965 0.918822605394312 0.918670702401068 0.918595134560369 0.918288543974445 0.917597641538335 0.917089210809279 0.917116908291671 0.915806067389082 0.915210880917592 0.914905490803426 0.915392164528887 0.916300686504935 0.915748667512704 0.915735474699376 0.914482640097042 0.91311886705317 0.912243166222477 0.911170179615729 0.910825817485453 0.911005380833097 0.910368994665948 0.909739935089316 0.909376971834807 0.908843393078843 0.908317450313333 0.908107219243899 0.908788332265991 0.90962533335252 0.909448653612293 0.908854110692673 0.907148067062102
0.921986417769722 0.924493844366033 0.925800130901544 0.926943425550057 0.927998664976398 0.934527820470414 0.936452807872654 0.927017533023052 0.926736399863974 0.926202845860005 0.924922573671227 0.924058134998253 0.922998378332826 0.921988633073274 0.920850561095704 0.91948561233207 0.918611198605116 0.918185736563261 0.918255871341061 0.919710323318572 0.920302873702596 0.916564839795451 0.915942401377478 0.915192267417361 0.915419862011279 0.915951658623604 0.914959128376565 0.915664993393646 0.915179903795864 0.914753959090107 0.914979771540386 0.914796000353595 0.913677804228 0.912556254207085 0.910898241822789 0.910186250686949 0.90987593492578 0.909698339361738 0.909671136919246 0.909131023636605 0.90819527446607 0.907992468995133 0.908360469280622 0.908420232972522 0.909202655910101 0.908849222173663 0.908042183377067 0.908206029207892
0.921418668884676 0.92352158600289 0.925260327018841 0.926306247319069 0.926395453509007 0.926617120000125 0.926372038121748 0.925815996930332 0.925614094907212 0.925459506322512 0.924923514247036 0.923628626005218 0.922120276558619 0.9208890999519 0.91964020091677 0.918554108128676 0.917871151082957 0.917262326262228 0.917008853457549 0.916721470419737 0.916065554928543 0.915344158034607 0.914993125241682 0.915224878170758 0.916104922976572 0.914980043812331 0.915677035239208 0.91506667579479 0.914088637840817 0.913584414950909 0.914110530980384 0.914341108189698 0.91297179069895 0.911963691447064 0.911138670326109 0.909836690637726 0.909580470361604 0.909481734653595 0.908471568610128 0.908193145794501 0.907762708601653 0.907085555898759 0.907236382180221 0.908166586903879 0.907889550199971 0.906563969484367 0.906808098410937 0.904628511988247
0.920899075005881 0.933014396864843 0.935382444977375 0.922504402768844 0.925269757528931 0.925916093998065 0.92563460193506 0.923033662301682 0.922316869278814 0.924406370815745 0.923636843667554 0.922691973386865 0.921809626645518 0.920558809330776 0.919218290786196 0.917710721027439 0.916730282129953 0.916301849848699 0.916346131167733 0.915779991162362 0.914814848997778 0.914284463249168 0.914885528319468 0.916595606525221 0.916563923971636 0.915944307281092 0.914846110767449 0.913454627865188 0.912643715381376 0.91268992735602 0.913094436834117 0.913323318531774 0.912710991303755 0.911821478859858 0.909797310213699 0.90865331013333 0.908174321902312 0.908005030632589 0.908181438100871 0.90754536133366 0.906764089363848 0.905831211424731 0.906424801392545 0.905077476049343 0.905017860869414 0.906508599271578 0.90517997406059 0.905873128928244
0.928253424884816 0.93734963453107 0.924323290744566 0.924587332651104 0.925128052357623 0.924978117147981 0.924150138163625 0.923413296024816 0.922485170468738 0.922323515189469 0.922223269609766 0.921260788284643 0.92047986284276 0.919604941699909 0.918378047188323 0.918904126089806 0.919186991888533 0.915283317630926 0.914705507059917 0.915955990222727 0.916586213143123 0.914290997775845 0.916711532493749 0.916728574242299 0.915814643955346 0.914547849227839 0.912653195395457 0.910846485401269 0.911554540969906 0.91119985725772 0.912672044039641 0.912683974501225 0.91231091243276 0.910566354697988 0.909375387707128 0.90799930054575 0.907555794299548 0.907324932442292 0.906538561561511 0.90488778913575 0.904858123869756 0.905114146129918 0.90598269363406 0.906200325549995 0.906248443428253 0.905848859597158 0.905406034030819 0.90411010620521
0.917716995658169 0.917073270524507 0.920252466264802 0.924371544758796 0.924802910151456 0.925295660491686 0.924572481454111 0.923132385633693 0.922104930321726 0.920618857670617 0.920169930737513 0.919956283892771 0.918944682233594 0.917754581562559 0.916908645005839 0.915966621204574 0.915118011432396 0.91427422829924 0.915165968422686 0.915383810730578 0.914269253148247 0.917307907060999 0.917253143272087 0.916568564970696 0.915155956240713 0.912404573981796 0.909749674999344 0.90918997051267 0.910264863023032 0.911481411200713 0.910886954913075 0.910148553398582 0.90978609755997 0.910240581315949 0.908603088335498 0.907514359459938 0.907313880676529 0.906511309615029 0.905628888617696 0.905255418141314 0.904780872893398 0.905525784182572 0.905260145772357 0.905770086373108 0.905122574184212 0.905579211363755 0.906188135192464 0.905805679741901
0.913413341537547 0.918320238904028 0.922518226758045 0.923518442499527 0.923579270527211 0.923470089477317 0.923382417911068 0.922764632868154 0.921598492128267 0.919848389946617 0.918565456918378 0.918664712418281 0.921637216624426 0.921543691211363 0.915516320535748 0.91479562907367 0.914027735557148 0.913436472276864 0.915010377382189 0.917673989066877 0.916898694703854 0.916442465932228 0.914002129618333 0.912446763757254 0.914267161604671 0.913147839263304 0.911360819481129 0.908381087692448 0.908339578596852 0.907524359265913 0.908294319574016 0.910143590623587 0.911246452888286 0.912003888686925 0.908687542142399 0.907720976738103 0.906923690227533 0.906629661279066 0.905542912563104 0.904569787880137 0.905799541247144 0.905215369413423 0.904782395141089 0.905230987922261 0.905035088257926 0.904812753462943 0.905113613962026 0.905002873536448
0.918640876247107 0.92038957994104 0.92111890984937 0.921599618344039 0.922358093726467 0.922137256427181 0.927397451394128 0.928985638400562 0.919984142263131 0.918512079241185 0.91722571806164 0.917075993243955 0.917312807956007 0.916853509937002 0.915367511541878 0.913723360274776 0.9129498109274 0.914382406893336 0.917356408595179 0.914896666717212 0.912585016025261 0.913348800710615 0.91134338170066 0.912737612074365 0.909252914835925 0.908144768020296 0.907691323848107 0.907120196315745 0.908160547417101 0.908532941181701 0.90775368649948 0.910349106437975 0.910850792248397 0.910627566381594 0.909247617908998 0.907029207982168 0.905487047310416 0.906008646100805 0.904368492280894 0.905284167583494 0.90519009762654 0.90471141879546 0.904476769882971 0.904614131079158 0.904242566506391 0.904370843720418 0.904559107394299 0.903597455261009
0.916723450579336 0.917800570769247 0.920692173079773 0.920608882616637 0.920805710480785 0.927206625888766 0.928972160939291 0.919367953723893 0.918267764674653 0.917214270263958 0.916109601103625 0.915728408004806 0.915428277689575 0.918100020404616 0.91928820279604 0.915897711650527 0.916115962366337 0.911562795760234 0.91348163229172 0.914360786025714 0.909534939066823 0.9107801500547 0.911554144937986 0.910464599246591 0.911899806547999 0.907211630185232 0.90671572396564 0.906087258436888 0.9068171700171 0.907765728345042 0.907744577765324 0.910380281575663 0.909926602259521 0.909920637028729 0.90834363792403 0.90550361877106 0.904874769586386 0.904903531404562 0.905642613598917 0.905173315773938 0.904536941982787 0.903940418903568 0.904198668843279 0.903558347108927 0.901183417941789 0.900859104927454 0.901900470860604 0.903174196146708
0.913814125840399 0.914477281290127 0.920131268121342 0.920286549761901 0.919846422163015 0.919046561444967 0.918613116884728 0.91776895009565 0.917379749726453 0.916774909976917 0.915436532479904 0.914378359942156 0.913721640011125 0.913438786588395 0.916400659812693 0.919706734279299 0.915306225602287 0.910595351660117 0.910119593564445 0.909700765057247 0.90877450827679 0.907864785828985 0.909195490207552 0.910640833450908 0.907177051648234 0.906244470733057 0.905674234272515 0.906557125557753 0.908703259659216 0.90729599736015 0.906356275494419 0.907794997579116 0.906894260105492 0.907480449226803 0.906529947867255 0.908415245445532 0.90755138844444 0.905191359978285 0.903327175851733 0.904496311583014 0.904185760677892 0.903125694612528 0.902129810470169 0.902848274252699 0.901767032855622 0.903412755874406 0.903313079590587 0.903048740660109
0.916893175008971 0.917902536612602 0.9183376643085 0.918795885615722 0.91835331994533 0.917681785945298 0.917399340930486 0.916440176372692 0.915384776058383 0.914848462206972 0.914591561250988 0.913926970185551 0.912933524114698 0.912258500083373 0.912373572108073 0.91144368916035 0.910014063433813 0.909457254930552 0.90899749899964 0.908499587868454 0.907714033803509 0.907015148849015 0.906460518521313 0.906373515258929 0.906332501203233 0.9069026139038 0.908572841397623 0.908321472512518 0.90718047979954 0.905938548450998 0.907683576473676 0.907510114492797 0.907063266727272 0.907462169878505 0.906910559294191 0.904814238582642 0.90464790517632 0.904871947858957 0.902648278133192 0.904011382873199 0.903880605707678 0.903399946716999 0.903044941228879 0.902723969733867 0.902275426456685 0.901309913012177 0.902567029709643 0.902643241102212
