Niches/Distances/ascii/Echis carinatus.asc
NCOLS 278 
NROWS 480 
XLLCORNER 370976.070567794 
YLLCORNER 375501.4883978 
CELLSIZE 919 
NODATA_value -9999 
[rows 126 to 146 of 480, columns 144 to 191 of 278]
0.980196454551553 0.980087854494317 0.980279731541638 0.980572875752079 0.980615454656795 0.980630340118029 0.980986122516717 0.980996419950335 0.981193935271447 0.98144574120662 0.98125760278463 0.981281042940312 0.981306342994101 0.981517804412837 0.9815116535687 0.981522057700636 0.981795038021354 0.981721878542237 0.981708622845486 0.982228333608903 0.982571017220128 0.982481729558206 0.982655873763724 0.982812111481159 0.982657670898116 0.982788093899293 0.982736864062433 0.982884116107907 0.983105241046733 0.983049879265258 0.98291598333848 0.9830085681876 0.98368729919318 0.983949105480384 0.983623700720084 -9999 -9999 -9999 -9999 -9999 -9999 -9999 -9999 -9999 -9999 -9999 -9999 -9999
0.980024297863699 0.979863509776877 0.9800864234816 0.98022559992899 0.980147670407481 0.980521945088931 0.981034536354866 0.980580501543534 0.980256199332506 0.980707769621936 0.980893219664771 0.980762102078474 0.980981172551673 0.981334044806077 0.981328883536525 0.981436989852531 0.981554563028985 0.981398837881895 0.981387278897591 0.981464294160974 0.981849318174796 0.982283869036658 0.982343661936459 0.982621127770725 0.982882894307575 0.982977362068165 0.982733652652314 0.982860498121698 0.983408419083188 0.9833370337251 0.982989820665727 0.982966960028353 0.983709812537993 0.983916834469906 0.983525349977618 0.983514885174091 -9999 -9999 -9999 -9999 -9999 -9999 -9999 -9999 -9999 -9999 -9999 -9999
0.979898042373243 0.980232217316746 0.980115255040458 0.98002459703741 0.980105777719391 0.980189422923274 0.980808710413736 0.980756578871494 0.980639160512206 0.980809974056545 0.980642696201522 0.980634762867861 0.980866333781099 0.98120089785964 0.981146096767358 0.98116163706336 0.981339572197305 0.981510180713506 0.981449504937437 0.981213542656225 0.981308600395742 0.981779131603678 0.9822394009441 0.982511533954657 0.98240315566255 0.98250650030466 0.982925948124406 0.983144052036384 0.983280483617275 0.983296333547608 0.983152347307473 0.983260560321796 0.983333332757999 0.98345955268235 0.983559296779304 0.983410220401828 0.983409818714047 -9999 -9999 -9999 -9999 -9999 -9999 -9999 -9999 -9999 -9999 -9999
0.979958400146485 0.979938073071101 0.97980669815357 0.979839647012177 0.980070307851538 0.980171886741113 0.98045848469601 0.980671082137999 0.980647982998506 0.980848140672048 0.98106220469286 0.98094683661495 0.980700524597023 0.980731693058228 0.980838000147719 0.981082038027014 0.981478148205148 0.981632369115186 0.981633463295963 0.981695124462368 0.981686894047119 0.981804347972513 0.982034261923657 0.981960830468439 0.981925984053495 0.98237910879095 0.98263133105877 0.982434577270742 0.982797889223186 0.982920523247248 0.982975943608191 0.983411023777388 0.983215617317123 0.983045458607551 0.983188825579024 0.983362509517294 0.983286182562659 -9999 -9999 -9999 -9999 -9999 -9999 -9999 -9999 -9999 -9999 -9999
0.979558499039925 0.979858315033343 0.980026314671096 0.980216639362515 0.979889376796232 0.979715588251769 0.980401363438372 0.980784092392324 0.980473608659364 0.980591884789434 0.980855540514126 0.980970642892307 0.980422286769055 0.980328377605535 0.980637972185856 0.980439866885816 0.980544021179859 0.981074163272821 0.981356694138941 0.981173572629958 0.981175009919047 0.981516839943739 0.981673558849661 0.981440339342824 0.981686117869168 0.982431972576541 0.982449935551968 0.982103377327361 0.98242620459107 0.982549629437949 0.982654549449323 0.983041010752233 0.982960394943694 0.982919728240182 0.983096608943704 0.98324309736397 0.983330127624252 0.983458902031831 -9999 -9999 -9999 -9999 -9999 -9999 -9999 -9999 -9999 -9999
0.979396030977647 0.979747733734815 0.979930794572207 0.980062861982735 0.979956295469886 0.979991072844743 0.980440383640409 0.980474587773329 0.980396095470503 0.980536144333541 0.980728197119265 0.980707476724596 0.980326729011937 0.980050104211461 0.980295926672406 0.980530334505593 0.980667427197623 0.981068962252915 0.981134311833678 0.981025707592194 0.981239999654507 0.98160522590028 0.981723794927689 0.981534991210313 0.981815515729656 0.98204490874196 0.981996752235045 0.981983569762629 0.982196554247531 0.982361733702327 0.982534616357159 0.982579140937061 0.982756264326949 0.983151433049348 0.983231695288956 0.98317404890823 0.983129459472489 0.983558462021885 0.983838135046819 -9999 -9999 -9999 -9999 -9999 -9999 -9999 -9999 -9999
0.9792626727267 0.979464765614809 0.979640100238801 0.979885799264438 0.979794837903431 0.979700644211067 0.980239786620857 0.980521516203541 0.980422247018702 0.980473531250782 0.980667266104086 0.980554605234446 0.980416945576851 0.980455503419515 0.980415535485372 0.980585376192118 0.980589579268945 0.98075621274982 0.980979034401093 0.981048574505939 0.981238355245156 0.981266649128183 0.981496807857819 0.981485273979001 0.981349993066231 0.981631670345818 0.98175278548796 0.981943896817949 0.982141332638355 0.982253397252696 0.982613568927233 0.982540721174571 0.982743502371428 0.983080491221518 0.983308861185257 0.983570154902116 0.983328533425874 0.983552173097574 0.983555750629368 -9999 -9999 -9999 -9999 -9999 -9999 -9999 -9999 -9999
0.979057387257587 0.979290127668061 0.979547820839764 0.97979615594146 0.97990060731709 0.979710129900629 0.980234052109368 0.980602883084544 0.980274838063939 0.980013307937084 0.980458557920345 0.980618285300372 0.980339955418954 0.980399074654874 0.980363933250466 0.980407177450568 0.980629902864143 0.980634796341842 0.980864114037688 0.981176993252462 0.981065091823782 0.981312236507003 0.981593861483494 0.981027048643586 0.98110597401605 0.981826110244862 0.981823739868533 0.981965364100835 0.982340534211295 0.982334546552819 0.982319744776539 0.982829584899603 0.983439204685727 0.98335818300516 0.982891785833963 0.983089085666318 0.98333884550436 0.983420973918447 0.983291933811139 0.98352093978053 0.983691709390268 -9999 -9999 -9999 -9999 -9999 -9999 -9999
0.979248239164218 0.979019810621011 0.979238803685628 0.979530481317247 0.979751863587307 0.979868905364301 0.979911911062283 0.979954835167435 0.979984999409189 0.979940767726628 0.980070496142685 0.980051028930206 0.979917990774209 0.98004916484785 0.980281712782929 0.980482606884069 0.98039907256275 0.980443722670083 0.980606971094559 0.980631520075884 0.980776671629007 0.981341881902042 0.981612236607321 0.981063650350445 0.981159988469761 0.981728322283713 0.981553627849621 0.981660240389194 0.98216919135962 0.982150966868711 0.982099839545921 0.982785669127744 0.98336340285418 0.983132664606236 0.982651425908406 0.983053557218997 0.983392403875071 0.983489212722255 0.983342525550222 0.983539101507723 0.983789861380968 0.983650285337921 -9999 -9999 -9999 -9999 -9999 -9999
0.979227665218219 0.979476289033007 0.979518679646575 0.979812790418238 0.979991826009331 0.979424352058284 0.979653971019965 0.979999261417515 0.979731634841744 0.979935188032304 0.980283788169794 0.980142697429076 0.979838027708312 0.980025417149962 0.980268804378738 0.980123981289061 0.980146314711223 0.980404022527793 0.980626687269777 0.980773269835617 0.9809608726739 0.981260477362808 0.981132964505915 0.980741942372999 0.981096494602859 0.981493039942754 0.981404340167636 0.981799688812686 0.982231693559815 0.982118333920807 0.981987247716368 0.982664692065776 0.983312572612977 0.982929623986021 0.982670675540004 0.983027127418325 0.983405672124565 0.983444928736597 0.983226657454711 0.983237515577523 0.98350327388669 0.983603078655236 -9999 -9999 -9999 -9999 -9999 -9999
0.979191149288438 0.979622800466636 0.979816723611088 0.979672316854058 0.979834538045721 0.979697292628649 0.9796243758359 0.97977705694278 0.979632840569021 0.979686329899644 0.979940981123261 0.980102325715029 0.980125345353815 0.979930700426633 0.980096116291424 0.98043187706481 0.980395128909282 0.980606586143769 0.980807070188633 0.980741699686631 0.980888052118847 0.981225095364157 0.981181290474862 0.980867130880288 0.980968519386593 0.981232832038176 0.981505343723151 0.981787094227073 0.981863833330108 0.981829319562857 0.981937005361968 0.982464925619395 0.982856318058234 0.982797776248498 0.982774758701835 0.982890746048407 0.98317329992789 0.983524540325686 0.98349230278919 0.983377911733121 0.983689839031541 0.98385734283594 0.984009766611586 -9999 -9999 -9999 -9999 -9999
0.9790431461705 0.979266754460343 0.979429082350323 0.979264831798519 0.979453198262009 0.979681262775665 0.979836935619659 0.979856206172496 0.979653475186611 0.979500890317429 0.979958799742142 0.980151417401307 0.979994236136013 0.980182912233834 0.980356071049016 0.980422701009579 0.980499770668182 0.980606437602976 0.980587160773767 0.980729797594015 0.980906002541531 0.980854781073167 0.980942851119005 0.98100915680037 0.981148695185187 0.981103448822556 0.981180125161875 0.981622580067664 0.981768499430242 0.981706919856667 0.981778177595199 0.982207588108748 0.98244424497508 0.982593289970698 0.982653986668006 0.982838283950596 0.983140466136095 0.983475852419311 0.983316240106097 0.983447805406899 0.983857796826817 0.98374081362929 0.983884387721025 0.984431174751385 -9999 -9999 -9999 -9999
0.97942795260344 0.979167711224881 0.978888960826568 0.979355194812104 0.979711799415466 0.979644271933769 0.979764751070259 0.979990853171738 0.979575284149621 0.979359222150526 0.980261858527537 0.980540577543992 0.980216233490487 0.980129485666926 0.980109277842602 0.980210097291218 0.980250186568545 0.98044454069051 0.980666960654003 0.980590185984863 0.980819258902217 0.981170984672748 0.981258159289576 0.981128424597147 0.980787377026777 0.980851584307915 0.981100350387125 0.98139986093046 0.981687573987372 0.981686615794646 0.981689448530347 0.982097716040207 0.982399649262967 0.982262518912708 0.982249564481792 0.98238059001464 0.982703867084978 0.982995461031642 0.982926194995021 0.983216795182854 0.983555277809377 0.983495591607892 0.983915238179404 0.984197794151011 0.984253080616027 -9999 -9999 -9999
0.979459240315705 0.979378137042307 0.979480322647801 0.979725848027159 0.979885203009139 0.979807765136737 0.979883198754485 0.980263354396094 0.980057719542297 0.979539676201593 0.979995393080506 0.980460122828989 0.980130332977088 0.979923350795528 0.980036695789669 0.980086203808595 0.980080429546753 0.980352650426511 0.98057753700403 0.980346189948044 0.980578139535701 0.980887805248232 0.980821643923413 0.980619325085928 0.980590767595295 0.981060317597142 0.981118315454676 0.98126295234533 0.981576869253537 0.98128068937138 0.98131774716124 0.981847357854743 0.982202573287865 0.981985302041182 0.981826308996628 0.982319646446717 0.982925598739722 0.983006632973033 0.982943597281254 0.983122551279517 0.983163320497097 0.98337989715866 0.983934755602856 0.984296149077725 0.984169657177273 -9999 -9999 -9999
0.979685518155588 0.979331802775271 0.979458286307227 0.979667611667506 0.979550191216093 0.979632765252562 0.979812809247353 0.980216363202166 0.979991574954469 0.97958853357 0.979947280508191 0.980292616932466 0.980389097316205 0.980216842298529 0.980036938476036 0.980092235401672 0.980135609313452 0.980151756325372 0.980463459766539 0.98059356476489 0.980465510047918 0.980485437527645 0.980885999745345 0.981044969776535 0.980868691604685 0.980965784980713 0.980848584202306 0.9810010560968 0.981534010004225 0.981264013052125 0.981472361390563 0.981957698559027 0.98211065791838 0.982096328962091 0.981870233136983 0.982321667438362 0.982832101724602 0.982928167867817 0.982982805774438 0.983332100497048 0.983385905738374 0.983213667457689 0.983589831326981 0.984023873802746 0.984005172307598 0.983942965096867 -9999 -9999
0.979750231730699 0.979338970391601 0.979462499844673 0.97955865385709 0.979124820593711 0.979530033602741 0.980197737023477 0.980436341657119 0.980440251836606 0.980134238972327 0.979976417517132 0.980403133375154 0.980670615594379 0.980607117543229 0.980541364182562 0.980259115753162 0.980079845844197 0.980304554591188 0.980540958310533 0.980261189047903 0.980088174589267 0.980292610656095 0.981057528796042 0.981215871190076 0.980770142110452 0.980947922427232 0.980953682044207 0.98090058184862 0.981495205290945 0.981369445633843 0.98139661604636 0.98184196854369 0.981742000589483 0.981592018322377 0.981711432567824 0.982082115072614 0.98229779839729 0.982628079898298 0.982774970006345 0.983102345547317 0.983347276763499 0.983509552350382 0.983745033443107 0.983984686230801 0.983863037597076 0.983805889141828 0.983949513444536 -9999
0.979784910775735 0.979537613367471 0.979663900239785 0.979689840483475 0.979644895386678 0.97983880807051 0.980159384208951 0.980136259963971 0.980166143861129 0.980194351967078 0.980147961212697 0.980392145540663 0.980441454807823 0.980513731410673 0.980730745326122 0.980628612023724 0.980421742816853 0.980461947160991 0.980442048970998 0.980199919108659 0.98009412249739 0.980243619391761 0.981026603021204 0.981060771588019 0.980569980252663 0.980985427931596 0.98102083294361 0.981139176021643 0.981500077847406 0.981118817564401 0.981293522459112 0.981953384599636 0.981699530475208 0.98153061657933 0.981716194241721 0.981936986532853 0.982239819368872 0.982538361258861 0.982879249827818 0.983060915218598 0.983208581504596 0.983297067883081 0.983500384663646 0.983884199429878 0.983964622763023 0.984053751423532 0.984409579848944 -9999
0.979609603349353 0.979770406081042 0.979660402208698 0.979741932275363 0.979781818616676 0.979666812476193 0.979504340229667 0.979692453546171 0.979954839351683 0.979743118509589 0.98022900172238 0.980592033330228 0.980523715025713 0.980582997447294 0.980599638200444 0.980580947165915 0.980626231186776 0.980529907712327 0.98031158203522 0.980249220007323 0.980244970903772 0.98049876017236 0.980979394246396 0.980578683487903 0.980355451780354 0.98093180679717 0.98112704797965 0.981202052712008 0.98121759300801 0.981058150156828 0.981290982620751 0.981594484936403 0.981705532778551 0.981683584307179 0.981621868745553 0.981899129551681 0.982277927404907 0.982633833238902 0.982958066409842 0.983017815375043 0.9829301658461 0.983028658852988 0.983406720278617 0.983776427853689 0.983925882905583 0.984134764735604 0.984276759273828 0.984345824466559
0.979783538342485 0.980062437281592 0.979734233259573 0.979324212549922 0.979393237992299 0.979656301645941 0.979565526483957 0.979529349478241 0.97971308188739 0.980027078296303 0.980333664402519 0.980529037388803 0.980645422238906 0.98056866012251 0.980622235230212 0.980556237091053 0.980243665418486 0.980139105252415 0.980392630913398 0.980528522726334 0.980365431211147 0.980339409374627 0.980586221410156 0.980438285240181 0.980278965824306 0.980655495815273 0.980869252293878 0.981087542404879 0.981408120635443 0.981353696125456 0.98151863080176 0.981745655529859 0.981671791005003 0.981615799494247 0.981600840808678 0.981911822467115 0.982248769474727 0.982418758722267 0.982719526632039 0.982968579332218 0.982978180088593 0.983094322252329 0.983484995000561 0.983762025673065 0.983979022851523 0.984228044169844 0.984311657991869 0.984339945598524
0.979696830269277 0.980315052868697 0.980231669180296 0.979861990894958 0.97995282463641 0.980089023991553 0.979992085432689 0.979783950490885 0.979620873620565 0.979803032752575 0.980047273567884 0.980464920068991 0.980681049016049 0.980328909004994 0.980450848443936 0.980694043197318 0.980243470850967 0.980195818545901 0.980206733156057 0.979909670397634 0.979989430527516 0.980183690503909 0.980667994163188 0.980720347470558 0.980439875254312 0.980591395232452 0.980796189052458 0.981064014379996 0.981101691438517 0.980806415353866 0.980878214952477 0.981398760473312 0.981600246645502 0.981731291007465 0.981752944489373 0.982039580102499 0.982361338290918 0.982421919921413 0.982507228363762 0.982569446035112 0.982982889459392 0.983259974527116 0.983528224555796 0.98372185061866 0.983940686773987 0.984296017273922 0.984432921674805 0.984416816505362
0.979961017393429 0.980132159401214 0.980276285813647 0.980358410043487 0.98005064607154 0.979836333087989 0.979936150409278 0.980324779152503 0.980370665705035 0.980093285647847 0.979795670568726 0.980225683613944 0.980321737204417 0.980056495649841 0.980474213283159 0.980472073040454 0.980255546589863 0.980114506060118 0.980039668697668 0.98034158099919 0.980404802889991 0.980258458826271 0.980679477831033 0.981076065013406 0.98087860199539 0.980817486873311 0.980839734518395 0.980840092271575 0.980892562737881 0.980942794631661 0.980878248426458 0.981195468798234 0.981447337497122 0.981580252217812 0.981634235289666 0.981916845656493 0.982321102564921 0.982569000412731 0.982862736694224 0.98292313421782 0.983305202060633 0.983391284588808 0.983464339461732 0.983763345803218 0.983935194948866 0.984162500021562 0.984424722641413 0.984402194651733
