Niches/Distances/ascii/Echis carinatus.asc
NCOLS 278 
NROWS 480 
XLLCORNER 370976.070567794 
YLLCORNER 375501.4883978 
CELLSIZE 919 
NODATA_value -9999 
[rows 147 to 167 of 480, columns 144 to 191 of 278]
0.979750991171659 0.979971745804562 0.979730387935926 0.980091865095749 0.980195113500162 0.97975378624913 0.979649236543679 0.979944355719041 0.980317921170503 0.980158557820027 0.979813156539913 0.980125843279293 0.980294792741276 0.979950761802288 0.98028983022349 0.98039631095926 0.979919009638527 0.97979029590254 0.979958343659141 0.980291595976024 0.980320795748681 0.980007565057099 0.980537615096612 0.980913481884316 0.980462587350891 0.980249259757676 0.980582911670216 0.980719240737038 0.980695137378094 0.980848676255755 0.980822759025428 0.980992290097844 0.981141259777003 0.98125319677179 0.98139463062082 0.981856680358644 0.982215140675867 0.9820383436573 0.982322949910286 0.982623784768022 0.983065748024705 0.983566761477222 0.983629832735106 0.98356818202932 0.983633276370973 0.983862646369914 0.983913041449356 0.984107588046716
0.979700357590098 0.980145111740006 0.980142923378452 0.979853649597144 0.980342283952805 0.980168779937187 0.979755098010788 0.980100589252228 0.980520095651442 0.980530840799566 0.980370651060168 0.980597562813579 0.980784330894443 0.980413855509916 0.980216836022158 0.980258536234853 0.979933121013935 0.980206618089245 0.980410303083608 0.980460501503407 0.980516294262396 0.980415625446698 0.980847768274002 0.980759499476397 0.980424588105297 0.980215179060064 0.980203463166471 0.980665222099079 0.980938206604045 0.980804676798942 0.980515300503565 0.980832334676317 0.981148423209086 0.981066238307655 0.981182723579704 0.981670127766537 0.982052053344928 0.982246781957064 0.982643101347583 0.98271589679715 0.983107274591121 0.983737545731827 0.983742945503499 0.983646301934099 0.984132685164491 0.984245638931472 0.984273340743448 0.98442851356984
0.979960977643076 0.979990748565545 0.97998298678604 0.980015586259963 0.979952569397299 0.98008294009538 0.98000686001136 0.979954259833375 0.980370877009544 0.980581244247503 0.98050018700083 0.980231941156397 0.980590156695129 0.980830556371039 0.980539261598086 0.98051879225828 0.980232491384971 0.980050608413311 0.9802921901392 0.980508932078547 0.980458932410515 0.980454685399088 0.980945307272412 0.980645340646076 0.980197774681706 0.980403712893462 0.980432705545857 0.98057652232396 0.981009468526825 0.980998512074191 0.980739538522688 0.980919731058273 0.981001200453346 0.980842805756216 0.980873606003622 0.981230593465651 0.981792680197769 0.982037077922367 0.982413068145379 0.982737782504806 0.983083510156242 0.983623066806556 0.983570395496359 0.983520320511868 0.984068618055652 0.983954132854009 0.984162142268383 0.98445512120104
0.980265521836408 0.97965843352015 0.979934131509757 0.980258893988033 0.980464041376971 0.980587549908804 0.980598458242589 0.980733483916249 0.980585654444591 0.9805940041109 0.980650951722258 0.980330814929827 0.980684141175108 0.980847768274002 0.980428324638503 0.980635666665366 0.980352838717658 0.980265988380028 0.98074811204625 0.980835654876876 0.980717749052729 0.980690043056505 0.981050248205024 0.981151795712742 0.980727946064403 0.980698055890873 0.980762129276084 0.980448787701938 0.98046185929179 0.980761558126272 0.980488709609356 0.980663535847251 0.981099593038289 0.980765713084249 0.980717401760169 0.981020473098307 0.981538631505822 0.98210708247871 0.982474024266045 0.982532624655248 0.982874940052675 0.983331223897153 0.983389259412915 0.983346063331662 0.983665865384276 0.984026539168538 0.984117203447958 0.984661961118177
0.9803697681839 0.980088406815015 0.980206413061107 0.980316624053713 0.980660552478632 0.980325961202481 0.979797628796655 0.979751869863678 0.98016636144201 0.980745911131953 0.980395942745461 0.980259532085809 0.980468748655647 0.980397900973391 0.980763915949857 0.980676732964534 0.980327588874841 0.980587978794195 0.98087439682644 0.980953148552624 0.980652330431879 0.980473838792988 0.9807226927414 0.981020757627151 0.980793442093836 0.980488962756343 0.980573279531983 0.980537112986886 0.980172884684193 0.980453882023527 0.980340438699564 0.98037075566636 0.980847245243038 0.981024065274967 0.981093276916368 0.98120296487801 0.981718861699637 0.981888984843103 0.982073353257905 0.982214628105523 0.982700224697345 0.983367787945782 0.983328539702245 0.983550771374591 0.984168129926858 0.984467261795775 0.984524899808006 0.984938194691492
0.980947709030598 0.98059244129438 0.980574746110806 0.980389563859825 0.980379381493018 0.980533516625978 0.980397135256059 0.980263341843351 0.98069478799341 0.981026586284214 0.980841795260393 0.980881133465256 0.981189200795161 0.981220591021495 0.980852592711614 0.98034511878063 0.980427881108246 0.980863607743715 0.980900757587024 0.980846460696592 0.98094794334847 0.980753137327752 0.980780709428049 0.981115497363842 0.980738722594384 0.980276693777799 0.980565132801688 0.980587244458721 0.9801616248736 0.980611096762803 0.980796408725463 0.980704244393239 0.980919270791025 0.981176173139911 0.981244794802384 0.981098787570605 0.981364091888896 0.981852489834561 0.982161293592064 0.98235276685948 0.982647490623433 0.983254936692871 0.983408724533271 0.983606888412778 0.984105142353929 0.984276192308263 0.984579148579589 0.984773921126326
0.980949186070041 0.98060335799666 0.980615214062551 0.980675136674032 0.980653071043724 0.980380218342561 0.980328892268004 0.98036556301495 0.980258601090693 0.980440597037042 0.980452497037534 0.980669331030332 0.981404739763292 0.981534026741215 0.981453392103561 0.981305043785187 0.981288806811941 0.981048438517889 0.980847952380901 0.981002635650311 0.980788004663934 0.980515001329853 0.980443201731243 0.980564599310105 0.980468261190789 0.980196525683764 0.980198098960904 0.980344171048523 0.980289989224903 0.980551893841928 0.980329065914284 0.980300562818871 0.980855770647751 0.980989315097721 0.981154730962512 0.981164699932685 0.9812197144216 0.981749917186154 0.98226893336445 0.982538283850279 0.982477043200769 0.982751153268369 0.983025277980837 0.983189685441929 0.983955758434245 0.984175280806198 0.984340033467726 0.984911185372512
0.980862994751425 0.980495877225686 0.980544837108162 0.981047997079755 0.981185169272491 0.980883003823983 0.98048780581185 0.980496601100541 0.980706826074077 0.980730588416833 0.980739580365165 0.980753930242693 0.981050854920942 0.98093626720523 0.980818204471794 0.981488820128937 0.981229413507796 0.980554958803377 0.980890472706148 0.981185150443376 0.981113907349711 0.980624808542554 0.980624699752114 0.9807520891737 0.980590625330873 0.980688118302558 0.980636978427024 0.980487207464428 0.980133303792963 0.980393969872665 0.980507193523623 0.98034729458944 0.980884411823338 0.981237434710659 0.981221536661478 0.981082295358249 0.981029268386997 0.981561416826737 0.982251436932643 0.98230418983567 0.982332897959221 0.982462733073594 0.982798654940517 0.983403441920534 0.983920008221796 0.984198902976655 0.984575204926121 0.984912672872573
0.98080969998832 0.980741798016453 0.980890374376327 0.981032599048176 0.9811950273601 0.981321383272501 0.980838621508504 0.980669550703337 0.981021542173597 0.980937589427507 0.980776200901139 0.981145669974092 0.981886216963242 0.981619205471885 0.981070372344394 0.981428769897901 0.981810762424255 0.981320487843491 0.980878300729555 0.981123342828301 0.981096161955166 0.980741065773103 0.980716347329745 0.980633388342487 0.9804780230407 0.980868346404248 0.980719500160396 0.980294865965611 0.980695727357022 0.98076230083024 0.980550544422041 0.98053752722741 0.981024448133633 0.981260144715115 0.981061139801818 0.981374811931533 0.981435845460782 0.981519074332017 0.981864314518595 0.982215575837629 0.982608010154148 0.982621878843189 0.982977426924004 0.983498564515891 0.983973319721892 0.984354103000657 0.984569918129137 0.98483559275335
0.981266684694289 0.980865940461814 0.980881041411806 0.98103866202311 0.980922103526726 0.98116619998549 0.980961688602203 0.980715282438703 0.980928984522088 0.981451122149178 0.981421093895474 0.981044197782833 0.981240713068741 0.98149430149344 0.981721368064016 0.981736697055508 0.981648819485065 0.981488571166198 0.98139960569135 0.981501270358003 0.981449281080184 0.981030550858921 0.980419786681047 0.980337572489882 0.980378235009145 0.980496791483812 0.980610291295118 0.980952437230513 0.981341415358422 0.981034339695224 0.980556211985567 0.980639568476358 0.981122585479466 0.981128884864396 0.981078253374959 0.981358549852801 0.981510168160763 0.981871521885278 0.982348626546369 0.982573826942467 0.983163207522409 0.983628410090884 0.983651592915331 0.983595867104305 0.983883841676699 0.984098949667315 0.984577261483871 0.985020992585213
0.980920641132151 0.981016761670586 0.980926800344782 0.980774949811073 0.98084925368194 0.981285741850492 0.981507078093828 0.981129071063419 0.981012958189416 0.981734044242459 0.982267194809526 0.982029665527546 0.981754153736962 0.981840443385399 0.982188723427939 0.982004503553931 0.981622929452348 0.981779139972173 0.981793703246334 0.981806000750359 0.981914079868755 0.98155527644322 0.980782111151032 0.980689779448899 0.981110704308088 0.980677950580618 0.980498465182896 0.981050559931478 0.981058127143465 0.980742837802009 0.980407957812766 0.980812999267641 0.981432261652617 0.981481213166597 0.981313462491583 0.981287398812586 0.981841079391051 0.982363742141228 0.982612311560796 0.982754075965396 0.983086179706282 0.983506598271498 0.983681024913736 0.983666078780909 0.983927958292448 0.984232851870464 0.984711739021081 0.985050974812192
0.981113099789903 0.981109260742627 0.9810616293588 0.981281588984638 0.981524227233074 0.981448630429665 0.981538236094413 0.981594777833743 0.981560025564373 0.981773648147051 0.981929812640151 0.981889223345223 0.982145138211649 0.982199887000834 0.982043772718706 0.982006170976644 0.982030496100717 0.981987979959717 0.981870708049098 0.981905571201033 0.981787512651844 0.981712265233119 0.981931182981277 0.981424303213469 0.981203259867473 0.980893807551575 0.980650671377661 0.981028314378519 0.980817930403569 0.980688737571219 0.980704441052882 0.980664466842367 0.981030720320953 0.981423462179679 0.981595271574973 0.981805193190551 0.982331684527384 0.982714034806918 0.982916286696439 0.983292446381483 0.983149782363625 0.983056938091148 0.983544436423555 0.983884450484741 0.983892975889454 0.984234887506976 0.984485986304286 -9999
0.980994066310998 0.980776067005212 0.981074692580156 0.981365466414269 0.981426686142541 0.981321621774621 0.981461227107401 0.981729544084045 0.98176779856875 0.981919770445643 0.98219744340017 0.982224343928709 0.982167728965045 0.982299520215224 0.982587296035851 0.982863784848276 0.982719005693199 0.982021928853527 0.981964899649339 0.982272090379349 0.982052601481378 0.982070980789452 0.982554719575291 0.982181993065494 0.981671470910053 0.981694003083981 0.981359133555357 0.980763256930843 0.980469091763959 0.980420567043246 0.980667667791866 0.980613013148255 0.980979316837813 0.981626488155027 0.981998212537496 0.982271648941215 0.982523701747003 0.982663650188096 0.982875527939479 0.983417402663025 0.983434656408465 0.983646504870113 0.984033733982479 0.984062791490713 0.984124362695793 0.984710803841717 0.9851527231638 -9999
0.981708984782913 0.981394239393659 0.981600303132847 0.981873624469753 0.98159154759451 0.981357861544053 0.981477418053922 0.98176544911366 0.981940411339605 0.982139152645297 0.982612518681058 0.982835216897023 0.982656894720165 0.982571096720835 0.982917625655707 0.982964533164681 0.982772800473906 0.982619431058278 0.982569180335383 0.982738665381073 0.982609491377838 0.982485782002115 0.98251009248132 0.982321167420761 0.981849060843561 0.981739033957855 0.981720911981016 0.981515396378279 0.981345020087825 0.981171574651675 0.981025920988827 0.980970109400723 0.981499105009813 0.982028523227921 0.982402251865044 0.982579647231034 0.982459201568526 0.982716490960325 0.98326493076853 0.983687780381666 0.983874084011035 0.984043993757868 0.984243465214785 0.98412022656693 0.984308737386966 0.984901735249055 0.984812190255898 0.984670250112894
0.981491382980661 0.981489004235836 0.981676356019256 0.981925222520412 0.981884572553891 0.981655156528225 0.981689492464948 0.982284695425581 0.982600122847211 0.982406327322315 0.982807864469731 0.983064741713131 0.982891547331843 0.982713576631793 0.982845794675239 0.983027386841683 0.982901361484852 0.983002402698596 0.983227412711423 0.983420220753859 0.982910455947253 0.982804797416158 0.98301721702762 0.982701419300067 0.982062344502175 0.981653269432507 0.981574017688721 0.981507523716209 0.981895146147859 0.981773510066877 0.981583070308645 0.982113011557718 0.982428068673426 0.982442799317495 0.982649971882326 0.982844696310214 0.982866314226017 0.983111151296626 0.98338077585068 0.983501269632037 0.983786110202894 0.984062000667896 0.984311132868781 0.984409805798321 0.98441204646297 0.984636060624841 0.984986334461416 0.985374866966944
0.981672240811632 0.981855416715836 0.982008750565359 0.982193165006885 0.982088297298608 0.981953367862645 0.981819296197463 0.982431694324068 0.982720309086362 0.982571839424804 0.982949762770258 0.98319624006597 0.98314854801055 0.982924462716468 0.982847794745645 0.982925155209465 0.983362325410394 0.983676430609748 0.98393387900296 0.983563129550208 0.98326351440068 0.983758851921175 0.98353943624754 0.982991762156665 0.982408532420859 0.982074595979475 0.982241244105217 0.982281534226434 0.982380349420397 0.982034818428603 0.982068585307637 0.98258162010383 0.982665616784521 0.982595585030568 0.982853884918189 0.983229352110237 0.983210654799337 0.983429507691655 0.983765258004422 0.983883389777946 0.98417649214591 0.984323465938911 0.984376011721676 0.984713849974051 0.985102309255244 0.985285267578567 0.985211601805477 0.985020756175217
0.98210700088588 0.981698871456194 0.981751333554004 0.982493403609322 0.982586268803038 0.982474266952412 0.982388086094416 0.982361530766313 0.98256369897088 0.983210644338718 0.983345992199451 0.983259187888546 0.983531291609369 0.983515973078496 0.983662304589473 0.983375229630338 0.983342918869507 0.983849336277943 0.984172385306781 0.983482982377412 0.983437968240528 0.98364818484557 0.983406216076767 0.983396571385792 0.983109881377446 0.983015162561993 0.982841185726384 0.98260967130049 0.982676824292017 0.982633322760681 0.982861096469121 0.98336418949275 0.982970137964491 0.982810958720914 0.983344688806289 0.983421664319319 0.983484913407731 0.983612175209762 0.983806060695984 0.984219186117438 0.984536956717787 0.984387499573769 0.98434941664322 0.984767975310328 0.985200157887985 0.985130144963147 0.985136825114619 0.985428877236408
0.982572527733552 0.982401310409309 0.982325027389275 0.982845501777899 0.983080070704623 0.98316896504726 0.982818720500419 0.982729255007969 0.982778024507174 0.982790420341021 0.982919761714164 0.983200566578104 0.983650584511632 0.983879837351639 0.983930435367094 0.98415390976101 0.984253448829826 0.984026447115089 0.984198041021626 0.98425658701561 0.98396486544939 0.98398574902972 0.984287117379039 0.984269689987319 0.983968790273744 0.983679200581733 0.983510324344085 0.982960595787584 0.982890538928145 0.983213778340254 0.983184861004317 0.983124737548946 0.983168454569039 0.98373091160708 0.984080882085695 0.983961790027322 0.98386915496723 0.983859782252356 0.984123693216159 0.984404301420456 0.984507384547084 0.984494009599273 0.984628947403731 0.985104047810168 0.985442733372705 0.985382398612825 0.985316963254984 0.985497668360914
0.98243669240796 0.982702800101812 0.983215744936678 0.983336479312279 0.983243415366796 0.9832579472591 0.983485999220012 0.983900289954454 0.983615189960238 0.983501531147518 0.983841984554714 0.983771988366867 0.983795738156879 0.983858740374676 0.984300293575083 0.984892783051075 0.985098206600363 0.985127672072749 0.98512722226612 0.98497285909166 0.984809047885867 0.984709312157408 0.984897747660985 0.984889544443346 0.98447939611414 0.984237862507099 0.984174879118417 0.983943134558899 0.983857144084173 0.983754799477267 0.983780344309547 0.983629797169 0.983195342544835 0.983680022786409 0.984326566466466 0.984210976623427 0.984050186444482 0.984196662312005 0.984349776488523 0.984632600251984 0.984721548989841 0.984792250223428 0.984937617265307 0.985080670418202 0.985440287679918 0.985558210241056 0.98545442834506 -9999
0.982684222041971 0.983135700277951 0.983325171382837 0.983529891978509 0.983676459899482 0.983402121790381 0.984080597556851 0.984189174600725 0.983475241519145 0.98389110762285 0.984354592557639 0.984083568372726 0.984221221753949 0.984249601414055 0.984076352637547 0.984547812748475 0.985237893525974 0.985543734836097 0.985569461683153 0.985064787013888 0.984665003066264 0.984567957809084 0.984831335281304 0.984769274519242 0.984695566903675 0.984958417160683 0.98452204824319 0.984311438318864 0.984474515189184 0.984268374041414 0.984275863844818 0.984399140150903 0.983846248303132 0.984031464028095 0.984300831250914 0.984364061510211 0.984687962033458 0.984467420797188 0.98448545699695 0.984763042082275 0.984915260829783 0.985124994154214 0.985221897146971 0.985181104916029 0.985513183551429 0.985872192005102 0.985807149966546 -9999
0.98334964295558 0.983318152307301 0.983413797933621 0.983741556333259 0.984331924395661 0.984194476042576 0.98412966204552 0.98413833808315 0.984201304734841 0.984420831291041 0.984369408978787 0.984258907180966 0.984376999204136 0.984666304367302 0.984668697756993 0.984665358727319 0.984883031661783 0.985260931993875 0.985447377887665 0.985301908331717 0.985056330649263 0.985157497390439 0.985132237087003 0.985276675225891 0.985817646151931 0.985526056389514 0.985052604576676 0.984884797414317 0.984724890111639 0.984433904973017 0.984278110785839 0.984529167740672 0.984603659902685 0.984591264068839 0.984578688312341 0.984672415461085 0.984861258928815 0.984880780536514 0.984644933322114 0.984776753862027 0.98523375739711 0.98527169387899 0.985288420409218 0.985260856677416 0.985439913189747 0.985976925817452 0.986210810619676 -9999
