Niches/Distances/ascii/Echis carinatus.asc
NCOLS 278 
NROWS 480 
XLLCORNER 370976.070567794 
YLLCORNER 375501.4883978 
CELLSIZE 919 
NODATA_value -9999 
[rows 231 to 251 of 480, columns 144 to 191 of 278]
0.976792861935338 0.976374347202831 0.975604861956506 0.975817691624243 0.976807475420471 0.976364269442217 0.976403574173098 0.97786510888547 0.977922041851961 0.977807426938639 0.978111284915346 0.978640761712922 0.978040585773884 0.977574968964885 0.9785125710079 0.980180006273798 0.983353860677273 0.98341891945282 0.983194223258573 0.985816794657522 0.985536033728183 0.98536507164305 0.984893571781769 0.984816094159013 0.984865489203251 0.984530784952412 0.984337242574503 0.984389411774973 0.984479837552273 0.984386658539979 0.983915401365065 0.983521908433875 0.983315691969646 0.983153880834259 0.98300312657345 0.982727045725178 0.982668637811368 0.98253951611123 0.982273749433567 0.982170293908892 0.982242229495554 0.982302396885526 0.982298660352319 0.982425589506657 0.9824479564028 0.982514492217789 0.982571073707472 0.982439705066312
0.976055273209319 0.974884514423184 0.974469612788577 0.97580304048088 0.976308897200123 0.97616837342497 0.976548642041266 0.976471107931167 0.976253039585294 0.976240321564374 0.976506345573272 0.976827448926923 0.975703147843132 0.975784579579976 0.980069822478803 0.98348208067203 0.98422217157818 0.982510224285123 0.980266463292144 0.982378638063082 0.984667243730914 0.984415136529906 0.984029769407772 0.983791880280489 0.983694943813749 0.983793746454968 0.983815061012812 0.983713662045888 0.983828055194081 0.983597708173298 0.983357404735085 0.983195873944295 0.983073237828109 0.982667888831028 0.982057886186238 0.981853029602516 0.981960292792608 0.981956616930993 0.981859854110534 0.981595198350638 0.981856805886076 0.98226695839953 0.982200472795514 0.98223790298342 0.981933547081234 0.981549445694033 0.981839826208861 0.982109362893713
0.975207749651045 0.975020213760726 0.974983637159353 0.974908245384081 0.974846793430062 0.974465953663953 0.973294613267385 0.973692380407613 0.975144975474749 0.97516367906202 0.975420265500204 0.975418418154839 0.974564042890937 0.975147965119739 0.979490369026557 0.982969815777417 0.981877421674552 0.979746516118731 0.979304182556125 0.981038496745325 0.983477653737951 0.983193118617177 0.983001714389848 0.983013877997946 0.982978456248942 0.982877912960675 0.982802255485673 0.982564542096794 0.982588860944495 0.982794939328549 0.982655310982406 0.982441454081856 0.982455458758947 0.982283140977556 0.98197127016648 0.98160405431092 0.981515862921898 0.981660480983438 0.981402342189353 0.981386291415131 0.981646942849966 0.981690249813783 0.981830482783721 0.981894064519826 0.981594401251449 0.981270140882899 0.98144156323528 0.981863634578341
0.97433299919291 0.973831711672168 0.973952948157494 0.974151925873181 0.97395289167015 0.973503319359002 0.972887188883439 0.973189864810168 0.973392369846676 0.973373038622248 0.973571639755641 0.973410211478919 0.973742664604489 0.97508560727609 0.976076397383892 0.979025321275248 0.980030670472964 0.977993795423847 0.980219645744496 0.980686134969142 0.980394323441597 0.982099707742118 0.981848742840735 0.982017596065021 0.981808325099963 0.981705509765188 0.9819670273393 0.981843223818003 0.981823559945882 0.981947392756913 0.981924563501397 0.981908203092844 0.981776060365857 0.981637714491638 0.981461712480136 0.981298819716715 0.981217894273845 0.981202310043243 0.981115154255529 0.980941060260984 0.98087980078236 0.981155166124274 0.981557830926448 0.981634314790372 0.98133600512613 0.981074594250335 0.981037559473838 0.98143258383969
0.972951906642797 0.972431064040375 0.972639782684735 0.972614028640069 0.972245400600906 0.971830900654079 0.971808201110243 0.97219430256785 0.972163297292305 0.971781560005062 0.971672242349343 0.971884304207625 0.972185703938802 0.973048119234683 0.974258220409928 0.977429976413176 0.980190479445821 0.980555032027712 0.97948222648051 0.979093223247115 0.981094057278567 0.981068445498323 0.980833769873282 0.980810277414504 0.980631369442966 0.980659667510241 0.980855534237755 0.980709064646603 0.980588721498164 0.980755145766653 0.981042752125248 0.98111139470896 0.980859772880687 0.980561714271308 0.980513833924742 0.980526715131323 0.980372868711455 0.980360472877609 0.980352529083328 0.980586700506519 0.980938917926156 0.980662075544799 0.980548264007038 0.980677473576379 0.980736247611863 0.980811660308373 0.980753097577398 0.980831236311292
0.971331912377455 0.971539785803778 0.971967097917099 0.971270165433972 0.971127227347889 0.970668483165757 0.97021333325241 0.970370012407979 0.970755473675686 0.970271766271705 0.970265167713064 0.970095852129406 0.969877426030354 0.970921571572854 0.972353132426742 0.975534292526722 0.977025767623596 0.975036731078568 0.974974848147034 0.977263865963265 0.979986871860041 0.978039853530534 0.977582021514404 0.979648945738463 0.979496942479713 0.979575177451304 0.979884702991537 0.980070498234809 0.979892648877942 0.979616597319403 0.979386628973039 0.979480071592939 0.979578133622312 0.979401288484897 0.979579878453608 0.979904078150567 0.979646897549208 0.979486917022195 0.979679873605425 0.980066190551789 0.980244550386877 0.979965578223435 0.980033486471674 0.980377540424025 0.980513231393071 0.980413506125232 0.980387446630483 0.980538625592434
0.967801913637866 0.969398919646279 0.970428842930807 0.970029824700513 0.969543355693043 0.969056572866994 0.968786504782684 0.968300148749902 0.968416508494519 0.968297052406595 0.967892201334991 0.96761161823618 0.967594893798076 0.968526985186854 0.969997965838436 0.971102172072591 0.973807507891279 0.974838650884015 0.973087944904404 0.973689589514389 0.974387005278126 0.974281399050128 0.976206483553129 0.978996372557454 0.978761081847999 0.978418833398536 0.978602419359015 0.978963718688311 0.979143716656377 0.978974869708463 0.978673949073649 0.9785780816822 0.978607783564582 0.978498679305496 0.978807543734591 0.979299763990541 0.979319938340884 0.979093809041795 0.979232123534156 0.979509945029477 0.979686865483352 0.979633102084503 0.979590272124924 0.979771309878547 0.980024151415029 0.980188740890897 0.979987802855156 0.979859821362519
0.963095346284193 0.9641947950287 0.96936278448304 0.968822911922024 0.968148553455303 0.967733321265126 0.96693959876393 0.965941647316168 0.965573178278419 0.96532241631305 0.965034556807469 0.965067474284218 0.965245819474438 0.966088234066256 0.967399949697183 0.968506268976433 0.971258236143746 0.974313084265926 0.973019846272894 0.973265105952522 0.976214812298199 0.976790930905019 0.97733264035078 0.977513962633247 0.977655394390154 0.977709710109701 0.977725765068171 0.977712580503632 0.977947915147687 0.97801636316388 0.977741280258687 0.977784658354715 0.977908863563792 0.977948111807329 0.978204737995866 0.978534839574222 0.978824766098173 0.978823860208544 0.978661174565385 0.978941533806943 0.979147321385781 0.979087076587226 0.979043673385712 0.978967488695499 0.979230803404003 0.979647610963443 0.979653876874392 0.979538345610821
0.965230078334546 0.968475380859824 0.968556534344195 0.967642046085541 0.96690053881154 0.966141700383518 0.965427269376461 0.964559937589519 0.96382868590666 0.962896996205662 0.962247680461496 0.96290272444078 0.963259896009708 0.963112518436802 0.964803360384401 0.96827877561259 0.969912155286362 0.968984838124223 0.969667355873982 0.970189173406122 0.973239766148379 0.976367943211708 0.976540798668931 0.97653180253635 0.976629653261215 0.976507109198479 0.976397475632058 0.976719252649591 0.977105092591717 0.977213190539227 0.977137997515722 0.975417577121049 0.97538240224266 0.977432779859143 0.977490811190658 0.977812920855884 0.978134969849519 0.978291561135886 0.978434534788075 0.978412929425015 0.978192963522805 0.978131034564546 0.9782836257101 0.978338870332639 0.978365639057376 0.979008488046703 0.97944456615898 0.979449352938362
0.966408308094971 0.967849099399312 0.967377760631568 0.966968855023931 0.965348538571515 0.964028128073843 0.963636193774926 0.962601801713842 0.961274872158235 0.960454240760005 0.959859755397854 0.959635818644566 0.959714566186502 0.960307499192751 0.961706991972177 0.963831292692984 0.965554223636285 0.96637559564636 0.967216951623507 0.969794824796275 0.971363051548927 0.972127032417387 0.975081506713332 0.973318032501828 0.972879255549777 0.975457386053779 0.97565137405407 0.975380841518263 0.975520804604223 0.97443497140177 0.972791039055269 0.972799143943087 0.974615515414163 0.976999936170347 0.977069532762538 0.977325368128257 0.977569949959755 0.977649977881491 0.977150916380532 0.976901928536194 0.977658961461328 0.977880406495104 0.977739773929511 0.977775532510456 0.978320792290401 0.978718565707 0.978480580342019 0.978673011802161
0.964976730504092 0.965793114890895 0.966121201753978 0.965897160394497 0.964403321197666 0.962384086936901 0.959641463194729 0.95820540427455 0.958710459710356 0.957461219082014 0.956883855661501 0.956488414963001 0.956881458087562 0.957834654821798 0.959919502270931 0.962109859710365 0.96365350400771 0.96490764857437 0.965589944559 0.966535576173373 0.969529359384447 0.972595232999347 0.971144001996966 0.97049958600687 0.973096166951157 0.972020447075424 0.972065469580803 0.974376722489374 0.974661487743773 0.974811913541136 0.975106170761469 0.973945418603737 0.972257878027583 0.974178847322959 0.976353980377094 0.976695228791354 0.976774869670177 0.975227235692639 0.969951378424412 0.964226821260686 0.969225444920395 0.977264409915467 0.977303049350962 0.977248970041411 0.977493468187955 0.977793062416244 0.977929127875461 0.978401885103179
0.965061612153173 0.966503236122809 0.966067425802385 0.965001451039573 0.962709947780201 0.96056612335957 0.959272889550787 0.95811185286421 0.956748302772629 0.954972051960737 0.95332578898826 0.952455431990223 0.953673370261432 0.955775569785826 0.957916879473583 0.960120371266584 0.963170880323887 0.964943189574434 0.963863804297705 0.964704607954154 0.967541770589127 0.970846953883409 0.971113193381064 0.971429685693737 0.970142058776887 0.970049733351126 0.972891548869555 0.973502495062203 0.973770186493814 0.974462932637105 0.97484821398216 0.974940976661807 0.974718644567516 0.974897046245081 0.975691015616892 0.976132437013497 0.976475568339227 0.976170178927857 0.975497902124373 0.973290960419133 0.973463255187162 0.976583630720632 0.976541112487509 0.976695511228075 0.976957436766338 0.977248913554067 0.977487652083636 0.977833944608512
0.962377710143389 0.965368564381064 0.964530647855536 0.963485439514117 0.960981317891518 0.959228243627702 0.958203383282905 0.956871545604732 0.955028593700067 0.952820223074233 0.951046403310262 0.950289895508215 0.951322697555168 0.953271858219503 0.955669202024744 0.957967730636024 0.959574226518248 0.960828145135532 0.961460698783364 0.964286593239249 0.967645067112389 0.96863318139378 0.969517806676515 0.970359325839323 0.970719740200227 0.969504860614094 0.968422031701499 0.970602614738278 0.972969702248316 0.973340451701068 0.973869828076699 0.974522811313984 0.974788908547217 0.974820491248946 0.975174359354305 0.975815139233139 0.975995034687136 0.975877486616168 0.975405009733047 0.975170733703662 0.975578187377343 0.975933130834364 0.975743854296997 0.975892947411464 0.976371598152084 0.976589718801053 0.976831195920749 0.977484315146085
0.959720114498968 0.964030646990966 0.963176533242545 0.962198925607158 0.960009865284515 0.958322931424279 0.957029136926302 0.95564081190402 0.953973908037581 0.952443741202116 0.951421776356736 0.953990762187364 0.954721411338552 0.951929593396032 0.953693714073807 0.955498317348194 0.957158179125734 0.95885544389357 0.959980383075138 0.963158222974558 0.966743194360586 0.967545540596316 0.968722372818005 0.969886510032136 0.970293511807064 0.968814840508188 0.967132191317609 0.967929491350599 0.970355593490364 0.97280087622164 0.971358264769544 0.96999307445286 0.972181151477291 0.974132749465918 0.974316563467898 0.975022316345201 0.975415349009143 0.975500552845298 0.975529407417519 0.975415051927555 0.975617140631416 0.975904403881699 0.97552781321914 0.975388703719714 0.97569601160866 0.976122465951199 0.976486275829122 0.976780114624684
0.958355459765991 0.96307730380806 0.962219976557397 0.960840212505933 0.959244005688832 0.957746580591712 0.956234832814674 0.953015121148402 0.950827316100072 0.951700309174168 0.950777180443989 0.952437356040108 0.953242995278787 0.951512440636156 0.952614006610005 0.953654373776821 0.954961193837925 0.957233286372161 0.95898809291453 0.962033731507496 0.965950743870694 0.967104479045014 0.966068463495818 0.966427932216739 0.967679528576543 0.965622280425317 0.965972966410291 0.966633182119747 0.969307464544042 0.972374735697678 0.972308227080299 0.972655825090462 0.971310405344217 0.969176518511901 0.969526011986278 0.971984780547929 0.974800490544883 0.97502874544181 0.974816614543441 0.974750080820575 0.975207297752292 0.975116629288625 0.974909331196363 0.974853663964805 0.97496329962335 0.975398716624488 0.975823762967673 0.976349883998584
0.96287679465771 0.962717747217936 0.960616129303974 0.95945104644986 0.958194136095462 0.955026811210541 0.952940591328159 0.953628569521182 0.952595503866623 0.951961573601293 0.951334547344688 0.951026762451503 0.951076061258043 0.951257645055993 0.952234365630865 0.953720731761282 0.954886638912196 0.956231974973487 0.957874275463381 0.959506575601243 0.961240716144164 0.964243277906937 0.96721136983706 0.965898700197655 0.96606460143518 0.966663070201152 0.965123635257006 0.965883406772268 0.968380067881197 0.971562970720349 0.971854508179669 0.97209197260581 0.970239455510875 0.96951973561471 0.972083658505606 0.97316758787535 0.973718278808825 0.973691593769043 0.973932510199546 0.974313347873531 0.974254801879548 0.973927993304141 0.973944972981355 0.974135739110908 0.974741218583922 0.975032762319613 0.975006382729914 0.97523592846726
0.963239104482828 0.961730386101133 0.957625978019915 0.956240104966791 0.957344135462543 0.955775059307606 0.954361490718878 0.953546800952398 0.952733487803415 0.951822434812133 0.951091312840953 0.950617480261572 0.950697252944198 0.951159608132105 0.952100005252591 0.953695128349534 0.954844842461803 0.955875711386313 0.957322871115671 0.95882135901171 0.959953252412974 0.961181370958867 0.964029772483194 0.964868638832953 0.965287377422712 0.966315242057365 0.964236905297671 0.966958557590312 0.970239104034067 0.968869030700304 0.968517051782786 0.971182693735557 0.971109097002554 0.971181731358583 0.971902899004456 0.972825203437836 0.973055132033848 0.973250385769071 0.97349374161599 0.973860405150852 0.973889293197054 0.973454966192445 0.973646447828356 0.973635328190062 0.973921513996559 0.974485293256876 0.974828449688093 0.975398469753873
0.961729294012481 0.960416310554497 0.958297913807211 0.957137718154424 0.956432120094286 0.955821508641454 0.954741901599597 0.953291641342684 0.952258052657161 0.95159298322036 0.952786903909704 0.953679734502202 0.951475112962319 0.94861887015778 0.949433141499488 0.953093952375292 0.954070099708228 0.955483894246332 0.95684028090583 0.959719624941985 0.963260172170057 0.964443824715516 0.963021180493501 0.963222681310559 0.967037568739854 0.965421997224344 0.965422122751775 0.966931075451341 0.96535129180651 0.967668586768777 0.970263991939457 0.970676855845429 0.970881704060656 0.971220163673816 0.969967023326607 0.968192529898754 0.968424270274025 0.970496811850637 0.973075898455241 0.97341531207688 0.973371444423869 0.97327278823132 0.973132645222709 0.973437957225496 0.973861273382252 0.974140285296047 0.974626231272553 0.975191397610987
0.960359065861552 0.959098502658902 0.956110317971266 0.954569987598109 0.955336621279619 0.954787919955931 0.954470691215661 0.953111124527901 0.951931568360952 0.951347141930301 0.951918300111458 0.952121357468664 0.950672511487478 0.950359098781121 0.951556889899598 0.952813457145683 0.953739849589078 0.954597172655493 0.955513556378361 0.959306342611243 0.963597121269793 0.964597374053796 0.964861948220861 0.965040109304182 0.965953790003028 0.966708896082092 0.965500845188225 0.963425864195196 0.963881553876499 0.96490305845463 0.96776496673057 0.970501180205248 0.970469664451483 0.970420763148475 0.968946481125449 0.96703505400698 0.969403831953093 0.97210274285942 0.972305632846718 0.972472977649704 0.97260892385786 0.972801654491714 0.972740447316186 0.97292267967253 0.973327999379878 0.973922256700528 0.974586893067691 0.974847868781724
0.959908338698036 0.958830150116153 0.955291276587166 0.953643272967641 0.955389807252284 0.954630747059133 0.953924642705022 0.953098521573793 0.952004123216275 0.951447224951319 0.951457982652186 0.951070379049651 0.950318478104334 0.950484898188576 0.95136500866803 0.952359742429301 0.952980065521072 0.953935392037394 0.955291485799552 0.956594849672046 0.960187796234212 0.964220837786458 0.964760848427649 0.962509626920999 0.960278067194346 0.96359173195874 0.965181105899327 0.962601784976851 0.965392740964343 0.968847904433607 0.969632350457626 0.970145598650451 0.970030736866514 0.970014949699898 0.970227609905603 0.968513838280544 0.968557153612856 0.97156046435597 0.971772375581334 0.97182336482395 0.971997383502037 0.972093587725427 0.972261455559376 0.972387882603989 0.972683223544479 0.973189571912828 0.973506407333814 0.974090509485267
0.958930044846024 0.957971630354892 0.954947519716403 0.953339580268718 0.954786154203397 0.95410763659445 0.953415570391413 0.952957922482181 0.952973843544725 0.951941070787505 0.951286616787149 0.951515536979462 0.950726839759768 0.950441474065823 0.950949860162808 0.95216770219632 0.95295803545687 0.953727932851594 0.954970056074579 0.956280591747651 0.957136542380817 0.960560081305875 0.9619926714847 0.958791981408526 0.961336681865434 0.963721995958504 0.962082528204311 0.961993102462215 0.965056432054506 0.968596025274099 0.96661779664091 0.964497638325337 0.966975085368774 0.967582843164666 0.96745159586669 0.970063516263089 0.968388725089713 0.966648442071152 0.968785391772792 0.971267943598437 0.971207610930681 0.971361620536209 0.97181945255234 0.972218625599798 0.972708337399245 0.97303561670252 0.973301504723367 0.973809344776025
