Niches/Distances/ascii/Echis carinatus.asc
NCOLS 278 
NROWS 480 
XLLCORNER 370976.070567794 
YLLCORNER 375501.4883978 
CELLSIZE 919 
NODATA_value -9999 
[rows 315 to 335 of 480, columns 96 to 143 of 278]
0.776452102450422 0.778983605790048 0.782664773030969 0.78427065382878 0.784089174637023 0.785731106913118 0.787713720637909 0.789371519581327 0.790879790248516 0.792963897085804 0.797632463101758 0.804820063399156 0.804234101349595 0.790239968562408 0.789193237154822 0.810678746623285 0.819050338390207 0.822144438940171 0.831959696589612 0.833503617047306 0.832607066658592 0.844091989777962 0.85819993410291 0.816988726068618 0.758346293543741 0.728612895407708 0.698238972631952 0.707085811253981 0.745767859127367 0.766040238025241 0.776773235093808 0.778259730935905 0.783623585025635 0.812767908031809 0.818393444973435 0.795091319255405 0.791505569599303 0.789324840113854 0.794113393617192 0.795813520410463 0.790552013019764 0.782980047727559 0.75905408414968 0.743502072254433 0.72508015180162 0.714424379208822 0.699530499267669 0.67365313645293
0.771385982690874 0.773176321864811 0.775682853614093 0.777412655092136 0.777732030351483 0.778436891984023 0.780478871815349 0.782229996219731 0.785065476787124 0.791422169173911 0.793163435490685 0.795241935436039 0.799903271071947 0.792805648837343 0.791888026577153 0.804328163238156 0.798384790840341 0.796798006949088 0.808722594081024 0.815291712355644 0.817142823543348 0.823786337742285 0.839841112105592 0.816210355572276 0.753540919364602 0.702768035829194 0.6798496725743 0.683149470741777 0.709017393893679 0.735066879922291 0.738472723663776 0.740146824436279 0.761599194662864 0.779906299358465 0.787154839039538 0.788685587485435 0.797387868717517 0.804886492515829 0.791242062415404 0.785260111253686 0.777212631314521 0.754026509680053 0.73957276238721 0.729373909644541 0.725013739421938 0.710271161878045 0.682244200380832 0.671848051990056
0.761731500575511 0.764633728262403 0.766561896555967 0.76738415144231 0.768300802957031 0.769263615092509 0.771154526844448 0.772555429715352 0.775525810428973 0.780541016262364 0.782382302836441 0.784599535698928 0.793519046335216 0.804925406019549 0.806541027746032 0.802232558088156 0.80506587958373 0.783246132408048 0.778879049808225 0.80856131643722 0.811515763535555 0.818654006446945 0.833418091024077 0.841336779818673 0.794995064821042 0.728858895699181 0.697232175684528 0.681519589099092 0.687160591020261 0.699419265226499 0.71059130703897 0.705505671948094 0.716758218686541 0.740875686913694 0.766416184313651 0.778599458376122 0.783599165755989 0.784056202765054 0.77135272629006 0.759127743646398 0.75246068050134 0.739487922580605 0.726810522337352 0.720441762580163 0.728913960399068 0.729339950290112 0.71082381731582 0.677634900049468
0.751937850381254 0.754480684663683 0.756106716798473 0.757765804490187 0.760020929899952 0.761438000704014 0.763285881652485 0.765407161346444 0.766818508099637 0.77024682961983 0.783250601184604 0.796999604003843 0.802694733353412 0.792692439831253 0.790265274892569 0.805891582290187 0.790264806256825 0.77759289574657 0.798767867086853 0.813245046166881 0.816615307065825 0.818080680825473 0.822869954019417 0.834304933958099 0.811867441187237 0.762339622400955 0.735361635068101 0.705739922871992 0.689773904771148 0.694249141805826 0.699637917274927 0.706010158326212 0.712379152401272 0.735560989366083 0.749916523996634 0.751395203664005 0.756033827203334 0.763871291381348 0.764210901662629 0.755678115936857 0.746826055373684 0.738930296256548 0.723125103900755 0.708528908078811 0.714276290313805 0.715099850685434 0.695457385175087 0.699214304036583
0.740703262433986 0.743640587590684 0.746791844964392 0.749378630584786 0.751955491169607 0.752958053658347 0.753642981534788 0.756086816516356 0.759358145062401 0.762423156722273 0.772538056718852 0.777313120207567 0.783126178394646 0.781736974680344 0.7710149068668 0.777342577311458 0.778957864298125 0.773691687286979 0.787758609247361 0.805790624761397 0.8108884611186 0.813119602420481 0.817696248882703 0.827951923709298 0.826661853191784 0.793560939023306 0.747571989581763 0.716697530357729 0.695411927507946 0.706326922614986 0.72644364749798 0.728022883006362 0.727907431243498 0.718459065170419 0.712594323155604 0.726221714999346 0.741590841795606 0.745661930712295 0.75178407090935 0.749625484462791 0.744081724458445 0.735023162902198 0.727688176663399 0.718468437885293 0.706866757517773 0.714811572755082 0.725120320579653 0.718560491334953
0.731441580756817 0.73389815258842 0.735926692616095 0.738252280757327 0.741627412120607 0.742294297520915 0.74303521063174 0.746018562513268 0.748571388779233 0.752146644342073 0.756750572099375 0.768601633630519 0.782280391299172 0.78138683683182 0.760529215574991 0.762921467150768 0.773537305283404 0.767162988845255 0.771630543601134 0.785522865272997 0.80274487737799 0.807715462393782 0.809092665685647 0.816098368366517 0.797539556065565 0.770080212875946 0.762860393871166 0.750865143163873 0.727011734441317 0.716187721616523 0.728585513690682 0.732803988548773 0.734321129821111 0.722988027945716 0.725739890506836 0.733685810385541 0.722333109493864 0.731876223672129 0.733776943300704 0.727215189302056 0.7332047725316 0.738425090187824 0.740499154830604 0.72925022328218 0.719314927934383 0.72731186216119 0.704361865993594 0.736952820787948
0.69786081706075 0.721584062205487 0.72611453130996 0.732176970660663 0.732999995448585 0.73248725773398 0.734407743748745 0.737608057242626 0.741048395922247 0.742861463929755 0.744900246995829 0.753448765492997 0.755321300028985 0.756653313445562 0.763916749048489 0.75070803303079 0.740375652575142 0.750270009243327 0.761305192681642 0.767130837085837 0.780943206152423 0.795785452476812 0.797471202194945 0.803770620599053 0.798939622086927 0.774547985212705 0.758558619009629 0.748384235747579 0.735382372199761 0.728203090186814 0.72339051910161 0.728363982879828 0.738444019724473 0.729973596026597 0.726830305460533 0.755878558139244 0.75815858819139 0.733814216579321 0.74360594201963 0.741583209727779 0.733532867763179 0.734182263008051 0.730901059637406 0.723192888713686 0.715957587992373 0.720100796602623 0.709800919383201 0.693274145141011
0.684020363323522 0.695534743546783 0.713651498445478 0.71644329546676 0.722719198398728 0.724242632779624 0.722618676031699 0.72513685672661 0.728588358979126 0.732336658290336 0.735410473607394 0.73858718794418 0.746679305437935 0.760635010094137 0.763893367472276 0.750257640607091 0.723815672143111 0.729961947080968 0.749687310906981 0.76131089999552 0.774594714891151 0.773688155781911 0.782176287216102 0.793871577573431 0.783676574338657 0.749487722291128 0.742745392898229 0.746744864231084 0.73616899403259 0.735299507358076 0.735569157017616 0.735005438428891 0.738650704824445 0.739263513007326 0.73121780718919 0.73728494963432 0.743228857615842 0.733544985344552 0.741212401695559 0.747290590554648 0.738890445481341 0.72808251690475 0.712461967031984 0.710175526712344 0.7372240939356 0.749119843232306 0.753842218673834 0.719360251705597
0.693914234618972 0.70012198452421 0.703458570597569 0.703117336828176 0.704718832534384 0.707125277078399 0.709761018397021 0.712634090245857 0.716760327547388 0.722315636075419 0.726819493364446 0.729151541984145 0.732691465759307 0.746581460989442 0.755392398766104 0.734015981003984 0.706887009276698 0.713891306050337 0.723805797318512 0.734615818018958 0.766200611871539 0.782449970490436 0.785347997192625 0.781046908547713 0.756795443971837 0.736456451850391 0.732465683752778 0.735250066287114 0.742408745064328 0.733023678290633 0.729115339872942 0.731854013685275 0.725437252238336 0.727491885234743 0.729091087973205 0.730075273245994 0.737589060758014 0.746591770975804 0.752227065583094 0.755884817773821 0.73836553997439 0.720728366811431 0.725597860402506 0.728767946890917 0.747097328521335 0.766526949719078 0.771145003496655 0.765356013102415
0.679636978894614 0.682552797018073 0.685223016537841 0.687171168798477 0.690521914366092 0.694630979515014 0.698159505399409 0.701639527484329 0.705274232838659 0.709854611649839 0.714366837434289 0.717894928156922 0.721648666990157 0.728340818884496 0.737160844847188 0.74639809051772 0.721643177257159 0.724154897473603 0.748291445870322 0.752518791333561 0.770185689392265 0.768113449081487 0.7564831819336 0.74164545459674 0.730879251338332 0.727871312817249 0.728442462629911 0.725309582472154 0.722388508933568 0.729175994727773 0.739075221860294 0.741984780349177 0.729686238630741 0.726944786477928 0.735120622399901 0.738216028435152 0.7486294159265 0.75371195467407 0.750501615722671 0.736660040607057 0.726630633159726 0.728234438570671 0.731781893991714 0.724438355150592 0.73362751544642 0.767570166358586 0.801503360870924 0.846078988594355
0.663574053616764 0.671753755783623 0.679974329682131 0.678561794602588 0.681278375587002 0.684816910191923 0.684638627765419 0.689670938803456 0.69408190579328 0.698439916944064 0.703315335429899 0.708018697649824 0.710890899175136 0.713998188473888 0.728266456434161 0.742415439860667 0.715754200079598 0.714989018332044 0.748911484433249 0.754380848513279 0.757536407293635 0.751544313515463 0.729567372521744 0.718090282314091 0.716194918522587 0.717370625181641 0.728799312011765 0.728868201466092 0.720513296479044 0.717712863170486 0.724326150363952 0.734448648954376 0.729818544543389 0.735705563493021 0.751728236307883 0.747016187589708 0.751079326435745 0.74831273532268 0.733339237516067 0.727945842637492 0.72980257745412 0.747286389569946 0.767562199550943 0.767903383109364 0.766439733259773 0.773842989684238 0.80974741676759 0.861977958309865
0.648108069854472 0.657328009476468 0.66048212887561 0.656604000726398 0.665315269722565 0.671785254800397 0.670065093829082 0.672805776080316 0.67822303790784 0.684225625779272 0.69057343082392 0.702534420910949 0.70994017114705 0.713840258228253 0.7159577218883 0.698429941697519 0.689997946130629 0.709456137371748 0.732068816225808 0.743440446654133 0.744408079042975 0.730249756375577 0.7148802948395 0.718863598239196 0.717831428013647 0.712929899822091 0.721870666436755 0.732115445482308 0.734926423095101 0.736332865909975 0.728675190487642 0.728569044491689 0.732620534392096 0.736230971109697 0.76729012302773 0.763190815544472 0.748490415217514 0.753136787983605 0.738539202991421 0.726961054833032 0.72531068711355 0.749535389241061 0.77205106049617 0.775478746010711 0.776712161814207 0.780854466626951 0.793821734814688 0.833880517344195
0.633687311170589 0.6450896874511 0.635513919403692 0.639846858542187 0.664357110470543 0.662710357941083 0.656495109863946 0.659707105777438 0.664909330746556 0.669507818981833 0.674257542666405 0.684999644657993 0.682660917978946 0.683744705084268 0.692759549620422 0.684420645196624 0.682796688448699 0.697694920007472 0.715957688414318 0.72691479379033 0.729625717671838 0.71624891205506 0.705364512167289 0.708201566011821 0.710419585512878 0.714505687510357 0.719992173532025 0.732173020730823 0.726489306009012 0.719215476734768 0.730785591137551 0.740320169450484 0.738974732967247 0.739489412172791 0.759394296962631 0.774116505588664 0.765202317315465 0.754111316012675 0.756124106531963 0.73814804277833 0.739620881235896 0.74301880838071 0.748570886669507 0.775300647691105 0.782647383297479 0.786681684308287 0.791151983930664 0.806802258699176
0.629663939414804 0.636553253061323 0.633255128592932 0.637747872520036 0.648785549769986 0.647324845630785 0.643298126476831 0.644492478143689 0.649688443478231 0.655985133752831 0.667011095109188 0.680458497353359 0.678327978840452 0.667923060266472 0.667515414117397 0.668852364946274 0.679175640478901 0.684001216205993 0.694206462479165 0.712734077029178 0.7157092110482 0.708185398078663 0.697909990339859 0.696081038928037 0.694991193032028 0.711374096100896 0.729642856350465 0.7350767380099 0.744567917305566 0.74812921421804 0.731935757148573 0.723702998720728 0.726996503779646 0.741965700179611 0.735469588659066 0.726905856237217 0.751548163023358 0.752718848585158 0.762675383174341 0.765825669802579 0.767601096317672 0.768508977649189 0.770498353118282 0.781326700823706 0.784161311067575 0.786010296657441 0.78418867604761 0.778872388485868
0.600196123849535 0.616516932682359 0.625489164839816 0.624659512203519 0.629149243472271 0.629570379635969 0.636667934922609 0.640296849278105 0.639347058521507 0.641057880251929 0.648355543001139 0.655598174524443 0.660249149963016 0.663155294105766 0.665825948787296 0.67346270297107 0.671662806975359 0.670077479202309 0.685044901481244 0.697346589753959 0.700971185965817 0.700741587925375 0.695102360125236 0.702509616690513 0.714773144624096 0.704610175989804 0.688890928082011 0.696225010523305 0.710635961330551 0.729291848178417 0.735354471636019 0.723642176495989 0.725787457034824 0.748325907334476 0.725317582753779 0.712512378848416 0.752900662516732 0.763487378285294 0.772803505393689 0.770559292501957 0.766423163638835 0.772867490909698 0.778063154978404 0.785510412951807 0.790421280384256 0.786482781909058 0.778237922636831 0.746762454808464
0.608705578210066 0.612238455712082 0.613732031301307 0.615186743597785 0.620961942711567 0.629964770088293 0.629425303399305 0.627435308661551 0.636958053921955 0.646968113407867 0.648719237812249 0.652266877340192 0.65610818410954 0.65256198396281 0.652158655957373 0.661790425976156 0.671839214858889 0.672208767616796 0.675518674926744 0.680965360384177 0.679390342597489 0.68440200018882 0.687339107764638 0.704141238980246 0.722024914544403 0.710066066792203 0.690813573168596 0.685091062102001 0.695437635525887 0.713603463281747 0.731907722688903 0.728153264165062 0.7321202155247 0.723722514052056 0.720005228384886 0.750355501792575 0.762479677540364 0.769290076275039 0.763597775476923 0.779020310010976 0.789904877268656 0.774310554260547 0.777512089554759 0.785630182858309 0.795566817165375 0.798203696599374 0.779091961068793 0.725653226368229
0.609556319454831 0.606314832963466 0.606855672085704 0.61216039438677 0.565638221153825 0.578719183720387 0.624977849769433 0.619476300456003 0.629163972024216 0.634683229073962 0.631108408672884 0.634774378726116 0.638476165939762 0.647386103017285 0.651653165359805 0.648449437519792 0.651834393496699 0.662713738813235 0.669386241480319 0.67477461526164 0.675087663938446 0.668882826269615 0.676604537418931 0.68944542458878 0.711497246879549 0.737392317430605 0.749299029456316 0.728557847444812 0.698988923717835 0.704599062627881 0.715224742111136 0.715352913987044 0.721322228720673 0.735401435632336 0.707937389348288 0.669932771179444 0.68274791685737 0.737244462853461 0.753713377318292 0.731293090174021 0.784734804058955 0.808006953826378 0.791180604185013 0.80370457643317 0.815824082560513 0.807363516950247 0.786384803564638 0.735548938732673
0.592590098780956 0.596838382219746 0.602862192595573 0.604368120084043 0.615977733785225 0.573908503915149 0.570791239369852 0.619099985953794 0.629664742790365 0.627367323004729 0.621419498567349 0.625264755266537 0.636535578798989 0.64807426113296 0.655438604053705 0.656605741373446 0.657137174306827 0.657761229747557 0.65555703500094 0.664878233417562 0.666934171899254 0.680053495648838 0.679378158068152 0.680697367686731 0.712948611777858 0.698860048888311 0.706276075636792 0.74136907666688 0.718553595694724 0.697139419281252 0.709829874377367 0.721831702722062 0.731879487385344 0.733921132476853 0.693792958383293 0.714431542640904 0.792883659951682 0.822574479183 0.798218056937521 0.732704252820314 0.732511861110525 0.782850654051319 0.827890850429696 0.835747595621167 0.842765348935447 0.840249695526154 0.816735495397099 0.756553812034975
0.580312110087281 0.59020832456145 0.591051132472553 0.591896216614412 0.589610914410149 0.596992663801375 0.602546633370139 0.604240651161751 0.618498491976726 0.622417692701478 0.625640868924856 0.627041286423025 0.630655639596485 0.643235496657081 0.639730904669597 0.63380152439613 0.654176467573916 0.659443832911411 0.6432694727485 0.646566090887716 0.662305456658507 0.693297376084307 0.713635497882228 0.714884211295359 0.709499687021932 0.68231586817564 0.669239960180314 0.696826671870281 0.712819904318243 0.704270883711349 0.702228870406042 0.712455707397407 0.676727554301658 0.653246593836425 0.668836665648859 0.719360084335688 0.82063829387082 0.859723335009825 0.853661297346903 0.810445667288746 0.751977048413818 0.730533414896456 0.743578928516403 0.752253543502615 0.760806982675092 0.799766211853899 0.826736399749017 0.787138035100727
0.579309363491642 0.58149678777343 0.591217565109538 0.603614453386192 0.611240663265733 0.61291898175993 0.604893628122664 0.601069426557962 0.610030511879515 0.620867412187262 0.625609905491788 0.630819159997062 0.637339188677528 0.643143911843165 0.638383409536487 0.629233597906141 0.635398936276572 0.644097116945896 0.640353688099023 0.637242817084229 0.644368992625218 0.682846196467625 0.679409991824744 0.640881003732655 0.646006606757675 0.65806175915521 0.662385660318647 0.669707156542823 0.707619855157935 0.730867669340666 0.716968502239546 0.712382399377496 0.673509432649516 0.626691751106171 0.637198999642191 0.711079357692076 0.805841940375334 0.846442231506712 0.861119333942411 0.827421411310413 0.757698555260963 0.719201250292548 0.757269084075823 0.772197710009974 0.783260024110451 0.820199299337888 0.7878759355532 0.774994076229757
0.559256573913684 0.563156594046924 0.577012914451475 0.580103634129288 0.582436703705429 0.594098436396109 0.596549033121979 0.59460339140997 0.601446745279622 0.575261321411349 0.538634157589231 0.528731516110577 0.541853216512861 0.576834565077007 0.616256873318575 0.627126109492639 0.622438915205872 0.625143278186967 0.624067424415307 0.625673439109044 0.643770912994283 0.682944509551862 0.666383893114179 0.629270620129895 0.643198407485363 0.65465186506194 0.640500571930698 0.649453958236461 0.69618520995907 0.730066285481909 0.737062883239759 0.723377464248749 0.717212326722208 0.670715526767387 0.625291199712075 0.682055340176112 0.761620417167258 0.807954533571044 0.851599735236287 0.860255906058584 0.844730890929574 0.839620167089417 0.838691280834387 0.811456832590782 0.790948796861779 0.798660114339778 0.790963140462935 0.797422798817415
