Niches/Distances/ascii/Trimeresurus trigonocephalus.asc
NCOLS 278 
NROWS 480 
XLLCORNER 370976.070567794 
YLLCORNER 375501.4883978 
CELLSIZE 919 
NODATA_value -9999 
[rows 231 to 251 of 480, columns 96 to 143 of 278]
0.397548715765223 0.45846683066504 0.520817752050641 0.468734557883466 0.419281415167596 0.424301571922494 0.430487314561264 0.441601205827787 0.456916433304563 0.470213938089145 0.487513399371311 0.541713332856814 0.558592249674911 0.500611179196969 0.497707658186524 0.503996802078876 0.499932873878394 0.508207045642525 0.569469578207028 0.585512101446064 0.545438781628208 0.557602842955323 0.573214153620988 0.584061376679608 0.592138550930236 0.596866318631181 0.642455465253245 0.65522843740154 0.59322548971706 0.612219177949828 0.637415698511023 0.638262380428504 0.67163643832686 0.72665686680135 0.705476544145787 0.662754391480316 0.662137885241511 0.670093256613128 0.679732635646178 0.683316050107976 0.691450328089297 0.698098217365949 0.707722750810004 0.721175012228703 0.720368102679879 0.721397747850569 0.724904552168227 0.728763127895818
0.392459440709934 0.399466558715643 0.416063374818206 0.470827164488521 0.48508134664765 0.48357766110557 0.508271606692341 0.443549879268841 0.455127401732146 0.471649817266605 0.486092089585841 0.510401741565391 0.564445899940322 0.613824193267956 0.554460446060558 0.495328324566109 0.500946620459009 0.513437664514898 0.533728339356458 0.544023030307454 0.546635474199719 0.561860523354505 0.565639726967911 0.563260462396747 0.581733139505037 0.593138453135998 0.641549608127536 0.694866436215582 0.653408644387739 0.613849120047618 0.665902588512177 0.667693415365124 0.671548227908529 0.737931798183846 0.704285686235997 0.665025593973445 0.706826249857825 0.714547578792702 0.676448825885077 0.690771919196844 0.695013373022008 0.705028863326019 0.716530189940691 0.720066029468453 0.7240748218419 0.726968986678817 0.735175075881324 0.745936729655469
0.399212181274442 0.40341721161963 0.461189511686749 0.537005313241696 0.549350594328428 0.568965173427449 0.58576775629841 0.527147911198171 0.466386227376813 0.472823792634491 0.486977956953344 0.505397017318123 0.51984332901855 0.569935246356718 0.573241359025937 0.503596005700633 0.547513849723473 0.572091758043703 0.524208311954004 0.539442648233069 0.550113243307272 0.56773105616182 0.577328625873305 0.576544226380352 0.58999498597784 0.595578342949662 0.601524243014597 0.651202071993677 0.711006318898725 0.673461927903879 0.63614771258771 0.677237851677856 0.729523722659441 0.700836020173658 0.69553155312719 0.706908729188312 0.66179809387665 0.672464684094287 0.715575929289933 0.737808476221309 0.701120882859237 0.710271531292717 0.720449874255542 0.725818971401077 0.729323307208006 0.729559075876024 0.739783750886364 0.744846338406088
0.401476582416334 0.401364101186227 0.4147731205114 0.434751520114679 0.450961280639975 0.467808641950301 0.487364667284355 0.480258567177137 0.470030301605737 0.526699056541134 0.561832109587661 0.601147924595883 0.612198566748362 0.56350258359587 0.636657675832006 0.576167493666131 0.564286361645563 0.588438132512381 0.53237645859301 0.547626641675211 0.553822534553899 0.597978840165552 0.623822973653191 0.584281850938498 0.583566673319814 0.5878200381408 0.601878085902065 0.617452351644493 0.635710354630988 0.640042366549022 0.632345342950546 0.635307762972215 0.695620626661161 0.745776915163705 0.751436036426341 0.721679313434406 0.669058242863161 0.716330672129521 0.747728488673306 0.707899171646667 0.707029427279305 0.722520782133426 0.729915042027965 0.73745468512078 0.739833535396437 0.736344925556454 0.738116712078399 0.751552280840636
0.403209718619954 0.395090286227627 0.460213949342015 0.486316050831914 0.431752745662285 0.496434597143251 0.535769089973907 0.484785090835633 0.478047782778755 0.538497156837206 0.627284205465097 0.58945301840564 0.518400924686857 0.565239862754558 0.640768868244894 0.591127877041297 0.525969654776714 0.530199819049317 0.538195584232851 0.555082441714829 0.571567846850677 0.57946573472072 0.578182799634535 0.593483941064078 0.592567346779817 0.59202403274722 0.607176580188309 0.615933993136545 0.663638014747157 0.680176449707881 0.62882621334156 0.628130024266939 0.64122614691057 0.654485950804029 0.708872041070607 0.726043778500476 0.671094194557656 0.676336931573604 0.696551237943403 0.706212436539814 0.715939784318816 0.729925399415636 0.733355783474594 0.744061110322122 0.746115532691296 0.744768140129172 0.746428947242222 0.755896272803743
0.419736864028116 0.416940576504691 0.418987058209985 0.436765824868941 0.445172847392266 0.455534274444489 0.481627951925749 0.502355674002401 0.501945728598382 0.549729674717188 0.583159558935091 0.543435317606375 0.534822493790026 0.572620157438054 0.596840701359008 0.528444863282337 0.53186387147717 0.591768826715006 0.608229822940576 0.607329869525841 0.681430349583962 0.644621574786139 0.630876251083287 0.647193383194107 0.605354577598473 0.609650511282786 0.611145013274465 0.614641253056698 0.627897811635354 0.638445568091779 0.63713632524091 0.635474240716714 0.63580408898941 0.685357870988817 0.75205578797995 0.719671343948936 0.667155763371121 0.681121906579119 0.693834460632666 0.741565618598976 0.765837000031082 0.726081652014727 0.734173758165914 0.745382523103505 0.754914357927904 0.75309206187875 0.762634737435578 0.774128951977382
0.395043470835354 0.429347000703309 0.429913618858165 0.437897887341385 0.452423985451504 0.519707647240059 0.551486149567693 0.500874947336325 0.499442037276663 0.556064978033928 0.634571214610302 0.636072932248725 0.587597941224507 0.525761126038271 0.530478778023923 0.528616174474416 0.581758860351086 0.652494466827269 0.66068899028021 0.622061665355107 0.585407940650719 0.587875898984972 0.587735487332778 0.597559918358884 0.6043963811404 0.611029217680303 0.616167034359144 0.619983524568165 0.665621385436909 0.681410705072013 0.642142534047077 0.648322442024126 0.652058558904821 0.66282216332031 0.712775015466682 0.726534649626832 0.719470341578867 0.73668865272863 0.698206935411869 0.714225843807014 0.731973572827582 0.732901629287532 0.73474985333049 0.743819973074827 0.746047570965861 0.75118587098946 0.763392363081401 0.784048860855502
0.521827700922443 0.47562487908087 0.436201519863997 0.449356610568102 0.462438750738378 0.535104214734678 0.613278048216063 0.56734441488006 0.516737424653012 0.521765211350161 0.527172665354704 0.539585683756805 0.59148776173824 0.577757836018392 0.517125067148913 0.581858049600349 0.613231957840927 0.61266806713149 0.683494438848296 0.680770963760199 0.638310714904302 0.58995897679337 0.63497774207639 0.658630770202222 0.61093696788078 0.620244047392717 0.627789059064808 0.626853441711858 0.671744949225027 0.689403570186999 0.645623513944809 0.652904066985032 0.662096490215452 0.665582579757768 0.668112682418047 0.678719510508823 0.729018920846667 0.74907506990673 0.708311154003595 0.719181784758352 0.729106820543369 0.734179713663825 0.742614407674545 0.756167222065217 0.758092902105641 0.760554369810287 0.769055368364414 0.787632948547498
0.454076713802171 0.472746526522465 0.485715909265629 0.425044334717009 0.517723275336166 0.551559756069408 0.561981255970124 0.579183323283556 0.521449725321701 0.529842316551538 0.53540923980159 0.545505379630932 0.554066243885798 0.53766991228392 0.531891422128375 0.597525808028821 0.61239435589997 0.602671254649913 0.629634193153777 0.589158937645034 0.630660955518232 0.687277923515273 0.662601171192036 0.651560541180972 0.703227195740643 0.719057185384669 0.684779134690386 0.631557939815169 0.671571255833784 0.727281607163354 0.691507811590871 0.656638733831453 0.668905609493516 0.674215531430824 0.674569650515296 0.680498668038327 0.731924737744714 0.790307571290415 0.763717067184888 0.728396631733079 0.735818925623581 0.744484295920047 0.748163533480115 0.758230689886291 0.765484175620068 0.774801595257364 0.783168879936658 0.806622217628193
0.491259839115051 0.453287722534017 0.47749276489809 0.520010428206309 0.531262901319871 0.557142457073346 0.556581466432457 0.626328598353942 0.629617068939494 0.63345441202236 0.583128452247452 0.540744537338692 0.552867963181511 0.546731832429685 0.551404878599101 0.566950661525433 0.571470729078948 0.618870519689036 0.642481945641057 0.595546269572508 0.645769138815463 0.661264688411591 0.652277824801816 0.708346990564937 0.713182751294665 0.724412576253853 0.688646410623621 0.642169566828899 0.647820005148204 0.6570715345376 0.66500287676982 0.706003942325996 0.719911100211207 0.682445995018983 0.68701491491768 0.692896668228305 0.740578697652429 0.763980524602613 0.735625691294265 0.770812464658179 0.779193766335455 0.748645946073206 0.753373627462587 0.761583082816087 0.769652713436028 0.781475809561013 0.789276752282455 0.807500938398204
0.476788255388706 0.485137794410457 0.488102493057413 0.551709282222753 0.597527499735474 0.589090164590898 0.566831896813472 0.611850040653232 0.650041941000645 0.609619749841403 0.552696134120048 0.551977434989556 0.564543708204562 0.605962556254762 0.652099297962993 0.615911310457546 0.61002254864793 0.675851757010468 0.642914677297953 0.592333166244575 0.647694784331261 0.706954819563448 0.70565476026298 0.67016852029687 0.666849806139318 0.676497885378012 0.642941364833518 0.691833275236121 0.694101577660702 0.653579610333563 0.661171920742684 0.672763839974852 0.692156391206831 0.689057909635791 0.695040371279204 0.705077473998822 0.717839087545305 0.72414789321192 0.771537982402222 0.831468244190601 0.790330720051859 0.750001935267097 0.755971070405041 0.766556752162655 0.778857824466345 0.786637241083744 0.790819709586121 0.815023491801361
0.494255230154139 0.483186635196363 0.448100811837615 0.480795632252505 0.533697577915075 0.562789926274852 0.623599254079497 0.641551334358815 0.650099907846977 0.593522090775333 0.586380741025407 0.66243186242824 0.680378798538348 0.638943067946244 0.615594339870187 0.624341706152382 0.618451252636113 0.680260413597268 0.636398913763358 0.592124706555383 0.607895590040432 0.664181708550635 0.686893526334175 0.637217492635625 0.672853396853581 0.727095795628536 0.695369321911636 0.702106595443889 0.756091803020659 0.714011376832973 0.663235388563759 0.666226015204518 0.677908561578807 0.684463579612675 0.695301032202259 0.706251863662215 0.712787789578143 0.754641855058279 0.779486120864782 0.756043744741866 0.753910122881633 0.756177734813703 0.765857991003429 0.770086377257814 0.785319884945865 0.832205344946523 0.842394356018649 0.820568509176488
0.468704107163713 0.506215492616513 0.45942519974624 0.450602673354179 0.521411092265688 0.543938030679301 0.586278686232222 0.599336313918343 0.610528472511034 0.554995370609141 0.571723414813496 0.620885549460436 0.569596801452254 0.574803563808359 0.596933158306285 0.60855766878499 0.619954489358061 0.686454304047673 0.646944598742249 0.594735458740994 0.606310529955883 0.658200593367619 0.716385946055059 0.71714907837866 0.725815518938519 0.736736762794362 0.740811393628771 0.746883895495672 0.726639673537816 0.678654466114249 0.664127366789988 0.676860186798745 0.7143249294824 0.730141506309392 0.712114352231772 0.710153318974765 0.713881805913208 0.734505574342268 0.746504659746097 0.777568640422932 0.830026409515229 0.801997816656206 0.768086020452282 0.793386442874131 0.830544537833473 0.829886653830922 0.81510338178493 0.837728180249721
0.501403553878429 0.489952218921583 0.490894879298149 0.518617255990679 0.542048152675593 0.591715762365505 0.610218199701036 0.586197691460635 0.597511583883086 0.629225697784031 0.662912203543797 0.65692439058342 0.604415922078473 0.61333722342429 0.681453032262962 0.641605261823955 0.63528535649022 0.654474626726842 0.596380695247912 0.597524875863931 0.607584281491667 0.619342505845205 0.676586302944097 0.735134595757843 0.743311459864805 0.744951241480883 0.711121562098878 0.714580584334747 0.763225453779082 0.727756700535824 0.684045831643276 0.686057685149123 0.767695564199397 0.787698666172271 0.746989368226788 0.794771260130373 0.768346405178332 0.735894862537522 0.751356301803587 0.765043071741472 0.768089697324906 0.773708027742431 0.790022812178712 0.828178875964784 0.859664091598199 0.838418500137995 0.816650999913049 0.852808657534933
0.510435679272326 0.538005319021334 0.503157335808139 0.472376733257984 0.550257556242155 0.567522907194258 0.530897009338079 0.526128019234204 0.583258541036601 0.599324886267279 0.624529174869228 0.641768149007395 0.612178197219276 0.571905428639502 0.582847870615444 0.584836385474406 0.599400702345031 0.646454728830034 0.692494145618784 0.662448192576135 0.666646041799204 0.676139036419837 0.666658505189034 0.736507674641392 0.746475210240486 0.749359345673674 0.707000737315456 0.709516892027005 0.772140713315425 0.770022178716567 0.771011067566771 0.742037915476775 0.766393657831462 0.784137537356279 0.72176313922529 0.736659185960706 0.738632440935165 0.742808712267253 0.796478744537194 0.821600760956409 0.780443557781093 0.777152325225494 0.807416128655491 0.847623818316065 0.840746840886443 0.809534749565913 0.820278657682515 0.860102295408248
0.523083879423811 0.556789649924645 0.556975012639331 0.534138491908231 0.559054016541911 0.525747972155928 0.478568517706229 0.52715485064791 0.541630715427825 0.546101102045145 0.572727356400449 0.573093386480743 0.624633991632459 0.574426071552375 0.528620421003361 0.559598677034905 0.599578607740594 0.651246332563658 0.709702910709577 0.71819520905806 0.728545001311466 0.685590359817406 0.631729354581124 0.687162507691992 0.750931407236696 0.756967243951241 0.749704074059991 0.755252095077543 0.737069165889351 0.739149188268386 0.794503487134452 0.797825515656058 0.801855350788791 0.775802705825021 0.731586344627188 0.734840290587171 0.737168234302424 0.746342946399926 0.766381177179318 0.773913034969066 0.774231869886206 0.791778372126639 0.822654642414249 0.837678827297469 0.813041329473505 0.797616727982923 0.805596629101008 0.821062435732207
0.538268741914434 0.542455577781946 0.534851390901628 0.539926579909685 0.559137048266407 0.583000676608217 0.602243080243592 0.601058022470898 0.587471684668797 0.59394039113874 0.61981967069521 0.631562566114995 0.625351620499559 0.647975331438644 0.612935080585649 0.535494135855867 0.569383819037112 0.617363588832152 0.677129168156562 0.733127834634268 0.739834605659829 0.74284135530073 0.703003683314703 0.653258980135893 0.700277964125943 0.756894051745032 0.760976675030261 0.767834042472559 0.768852622500754 0.774864067567333 0.791587830718118 0.780373628152 0.773451993119203 0.768182879289319 0.736166260619129 0.733668179549065 0.739587927210131 0.758533384540977 0.77349994782412 0.793422020500781 0.807149305086772 0.812105401398925 0.841032808360041 0.863452962106765 0.834326279006858 0.795350980380634 0.805306397836153 0.816092650406016
0.56741253196631 0.540220867818044 0.535487438078506 0.542292310827625 0.567981912091213 0.606999986728518 0.613669730093156 0.592311001434959 0.59262296595161 0.608118342924611 0.583389596515265 0.579993167425554 0.630740603829422 0.637333253705161 0.662309852401475 0.660412309930891 0.599306657264978 0.561896083718842 0.64122856363436 0.69184870774375 0.700472752063409 0.735923811436063 0.671997634959575 0.645504783757473 0.657248093472765 0.677262364162011 0.725724391189327 0.780381689652071 0.786447959824056 0.796111592406569 0.767795512990423 0.762425569991561 0.780684263470567 0.745652868184031 0.780292288134157 0.786259386319192 0.742001233062107 0.764720093869263 0.791909358556052 0.800271568115388 0.804978569254052 0.826271632074414 0.853093054138066 0.834747410389562 0.800357845154687 0.798976877394196 0.810938866087849 0.819453156622821
0.556275371102152 0.561591680095191 0.539829876433463 0.549178972414719 0.573555912889506 0.607989427972732 0.605974639873712 0.58798869093671 0.596982459471599 0.605447138119626 0.646889773636843 0.666457502818965 0.640053828724711 0.642523513290243 0.677730587133993 0.689361519193054 0.659369873386427 0.660998676171574 0.697505912889668 0.737617969337413 0.702579272092569 0.703293828267994 0.74430116004371 0.73673873069802 0.700601390818284 0.664994936105939 0.693402074222026 0.746944865984428 0.791178403183482 0.799049085648576 0.768693602075378 0.728783462900279 0.773757674154001 0.823066572984239 0.836420508269315 0.807763895208858 0.759566982781295 0.800956415850509 0.826571616545993 0.83706254546873 0.883631466439847 0.856320019103166 0.809197202301714 0.803420593738262 0.811189048787043 0.808394815478839 0.814508211764727 0.826369336764778
0.545127404030191 0.541232301248746 0.538510828588931 0.549826343668785 0.568389440771442 0.592493602179599 0.597684517732567 0.587495334037313 0.597950288300205 0.561312272300452 0.607461926218646 0.688002146585857 0.644694766992347 0.654273796979901 0.665901621822661 0.665424387923406 0.667710056234649 0.636429709729366 0.59412385499902 0.667811903880081 0.747160731205806 0.74903453799631 0.715222742370351 0.669933683793743 0.673658269449497 0.676810609436426 0.692935025087314 0.70912717805357 0.754157267413777 0.805042042778162 0.768655055330929 0.763720899418326 0.784521192257926 0.791146243494763 0.831314592344501 0.818751564444298 0.830136560333111 0.874615110168679 0.879789471163686 0.819303043550842 0.798727247089011 0.797859867658501 0.792671092632318 0.809622718311866 0.851737582813558 0.850971947454603 0.817264968591875 0.824647403802156
0.481288920102651 0.542362810113039 0.555419574683521 0.561982153610389 0.57399910550795 0.588293163609612 0.590499494331295 0.588270688078366 0.597555257534432 0.603589298968447 0.588300724502612 0.601930356185178 0.64196832278645 0.608235692126923 0.612051077547927 0.663105023577606 0.669268774029888 0.673079291478686 0.66577194732902 0.635525578834936 0.634673856322122 0.690498587736206 0.734077676132952 0.757372304120742 0.76050002804964 0.727660825650616 0.690013861993202 0.701850250099031 0.754634812034663 0.811985307488879 0.808564452226578 0.810425156921679 0.821704731866313 0.798935793089767 0.804293600682741 0.868234527805504 0.913466560331827 0.913527694812555 0.856076603230584 0.800585293387943 0.794136265954575 0.800919353664959 0.823449399294873 0.841170233632122 0.839009302793064 0.863914815285329 0.857066389721053 0.822784144284763
