Niches/Distances/ascii/Trimeresurus trigonocephalus.asc
NCOLS 278 
NROWS 480 
XLLCORNER 370976.070567794 
YLLCORNER 375501.4883978 
CELLSIZE 919 
NODATA_value -9999 
[rows 336 to 356 of 480, columns 96 to 143 of 278]
0.97154842545412 0.97949953303448 0.981399207400693 0.981598632426931 0.946037920685678 0.905027921882636 0.903172939644223 0.905269266277684 0.903373657186131 0.768701214755316 0.644019672463949 0.643138742117903 0.654883812589099 0.772982112965194 0.89814162280411 0.930973316097072 0.949967077694669 0.951505995617144 0.929090912674801 0.893366418267632 0.893108864560879 0.881926398756817 0.849769575582186 0.837359698921011 0.844892281727897 0.839305852064398 0.741693480549775 0.764285221685582 0.845045553803116 0.830757606560179 0.843170849372346 0.851111219794153 0.830421975412699 0.754223399334056 0.710147173591413 0.68729532392656 0.721728234828839 0.801440710035694 0.773888936780419 0.751607002372164 0.755035107805835 0.734059516179903 0.766570665586759 0.856295575668262 0.834113003132399 0.808251382921908 0.818039822025857 0.806170618263424
0.949673355127054 0.935912227776847 0.964560239889959 0.978578728903688 0.958314700599701 0.937124275175581 0.925472714652741 0.918253701757596 0.906507880375793 0.784076325195143 0.656948903067575 0.650518587981266 0.771139326550764 0.883897073015515 0.89544466262845 0.928344524794601 0.961773511372239 0.959166669100473 0.919587224051397 0.851155359527944 0.83978343120991 0.883462934480127 0.887730592496099 0.875961777713666 0.872614718838521 0.854652583262006 0.842006506374994 0.797694632800522 0.7937297557508 0.83941241232122 0.83917136138549 0.809498878479946 0.797182287357062 0.825884904481091 0.787950626889682 0.733055609117575 0.71089608176928 0.737402880920112 0.77773901945012 0.752432934989678 0.744785764950525 0.743685672281359 0.779628621256823 0.794974264928726 0.777972716640604 0.81113783150501 0.844166021704404 0.854581980402716
0.92439735024664 0.934494750224815 0.949067404792516 0.933442068497714 0.933024795241917 0.94460830341218 0.835741616032105 0.839626516786693 0.807666829224068 0.794751891815429 0.901496812228577 0.890797112895018 0.89489410705564 0.922488923887844 0.952573518617663 0.974929193310556 0.967749866472504 0.925755928787449 0.887151985665013 0.846016075552517 0.818208474821767 0.833205057266843 0.848637530372055 0.858762291115995 0.86335940037147 0.856363675492199 0.844075618972349 0.836590110492428 0.837059144793111 0.827174416508447 0.81742485213289 0.809188830080013 0.797542137529379 0.814227716444283 0.813166205044192 0.758141633614633 0.707209093430772 0.754326455341383 0.791021989367337 0.758301689778776 0.760757788904146 0.780924123306716 0.774108927694551 0.765631302311935 0.756965137949081 0.814209073146475 0.822125276330383 0.782536457845465
0.919185417827856 0.929418456428741 0.958870335608048 0.946678628687008 0.854061141901365 0.76890522076781 0.835337384453617 0.918584197367022 0.903472725599205 0.902478727104416 0.908471209520401 0.942863359786616 0.977339799768371 0.973041399731118 0.974922933564383 0.977953011063223 0.953905241315357 0.924102026599513 0.918849001245145 0.890125617558835 0.760146271473736 0.679239451369909 0.682701546297453 0.660775508991889 0.661549274900166 0.680585531996262 0.77273539999087 0.821874316827114 0.799637523366793 0.803623166978795 0.78617966895875 0.806618419919381 0.774661200867483 0.693188746560628 0.699054653068117 0.712744806419308 0.68846132410594 0.652153501625138 0.694455247925042 0.758766166828884 0.742207293289822 0.729243779733005 0.7557649756527 0.810500127146104 0.788303692973074 0.80066002193999 0.825436170660243 0.794462730813966
0.938381864871019 0.948187773435507 0.957860460101075 0.962702685566941 0.844468112178143 0.723409031700094 0.718480693186899 0.824697723443924 0.912674133863429 0.91243377342021 0.910755065288802 0.945781506291569 0.98044936158643 0.977538905441823 0.97808004010743 0.975573565237775 0.952334426954433 0.904701621015216 0.881911958832172 0.830290160392272 0.733269299287541 0.698559293740437 0.653384304526713 0.591668187431469 0.574241882674958 0.565989219752557 0.583205718359478 0.618597567999279 0.73047824224489 0.804299245459022 0.718033875482771 0.648786314893286 0.647448416603193 0.660009338501237 0.670578707373269 0.68790603002827 0.765854797475563 0.798693620103706 0.750764549721315 0.747056846607465 0.743956587018208 0.757738541348789 0.783533753441996 0.796819019246813 0.787855666907051 0.81238881405023 0.829186200965042 0.776606905190738
0.950469881394738 0.955828444213896 0.951873048489471 0.944707824960964 0.942064822459492 0.926534597192557 0.785108231728808 0.805914169344689 0.943065933027148 0.942500272930651 0.95824510327013 0.971813121442788 0.96970324820937 0.979869906744228 0.981381847987398 0.97505529666324 0.931681321224795 0.824054460620302 0.780091889945035 0.790388773209755 0.81283589068905 0.819842663448503 0.683602086630824 0.573961197469073 0.609287553894168 0.62357125460816 0.580248925851778 0.581857117435459 0.710776108695424 0.819140726023724 0.732385641496074 0.638777625940512 0.678099517282835 0.791132796153104 0.760906641827292 0.672079182125171 0.684976788171774 0.719814258636483 0.756259696274807 0.734580095746561 0.735732475961153 0.740783376895121 0.744958284504499 0.75771994983792 0.797754515763573 0.837715147203569 0.820694748469886 0.775536348338747
0.953669148978974 0.948699117664825 0.954217948111458 0.957908958568845 0.941679247125547 0.879878950362007 0.75424511532354 0.811777400193696 0.961530691049448 0.986664355214214 0.982120983538439 0.969612478653168 0.969036642423284 0.943798890828002 0.906204141351184 0.908702688503692 0.909763880550997 0.83384617956368 0.725321160824981 0.710024645695265 0.75888360234276 0.771342555759183 0.699772523607596 0.610967418600532 0.630047418397225 0.621303711725341 0.672816731701225 0.793708022499004 0.801609759864798 0.812041237382303 0.784702222132103 0.691239900496447 0.612507803819594 0.654480737585568 0.779110786397897 0.742600045430307 0.715175892453452 0.829785444891063 0.800090762651277 0.748780091505859 0.731926187778988 0.733391326576619 0.738937621362892 0.755310320858567 0.782909548211688 0.78935122189981 0.767919128412277 0.744290319311281
0.940681204933988 0.936223872940712 0.951824515497076 0.954294666145053 0.936070462766991 0.838789519026685 0.74707422975644 0.832212180822385 0.928820722955089 0.953159017427128 0.968762409006802 0.971663155100468 0.982054165441227 0.961858131229511 0.921444709325164 0.933798293584346 0.867909435299979 0.772684648791282 0.718335137365496 0.668796477152089 0.654820736098182 0.67053154673474 0.662947004366371 0.594825119193599 0.571163425386749 0.583629024793593 0.665812824485695 0.765424724214836 0.712816030721859 0.626966371762098 0.633544762967477 0.644628445186627 0.62830302716567 0.618836996277608 0.624462473292626 0.646129783054169 0.646177461562081 0.686615050704327 0.76936741919263 0.749732781286153 0.731344171641127 0.738959630811693 0.737137852631923 0.734013270443951 0.737625184984158 0.731591592370275 0.728989212406364 0.73505263429674
0.939174541642952 0.935136019251311 0.954405710287621 0.943059701332233 0.916635049212367 0.913220460169607 0.828490771432184 0.844316410973388 0.932410170595205 0.94073675505653 0.958507598313918 0.964319486729124 0.936979547945191 0.908134490847216 0.910996979340172 0.911893204095346 0.831601543769927 0.726637446699467 0.678293787350918 0.651263249630188 0.624231503547562 0.611253662271134 0.610895883576351 0.585721182578516 0.58417958899756 0.619997921337028 0.702089367655729 0.782190227637935 0.774590028351871 0.666310255290909 0.580350462775579 0.589411209084075 0.587118014404457 0.604685593928801 0.613059162089948 0.607553071230151 0.689370944415835 0.756481119960901 0.737795460437469 0.731466319766394 0.721456353402474 0.732526519230713 0.742647585839717 0.742843633926017 0.749397426335678 0.74374065274758 0.730835364971787 0.726624620801068
0.923447189395168 0.935551057037602 0.952190290958256 0.933797102484764 0.930225512707224 0.932549097688499 0.895122081789436 0.900038267634429 0.924560789824088 0.957133815991123 0.98404554584411 0.942109428275729 0.831136497063498 0.771328331613448 0.848707632624275 0.90812407304145 0.810718150156579 0.702302557218625 0.663332299187734 0.627221957565194 0.599744084270951 0.606120264744366 0.596993714499535 0.562461044691671 0.583105700519202 0.591282892610107 0.634236636463902 0.721543113786532 0.678361352043159 0.605787171156866 0.585167062338116 0.59696951273701 0.638608593373721 0.616973080792329 0.600764010759543 0.628518219156849 0.735683261107403 0.807524984799913 0.748304342165503 0.719085564626888 0.711133921914832 0.724101768312158 0.732177544315451 0.735626312737525 0.74783791447405 0.74974924953255 0.736563311075498 0.732201694291037
0.928980710069981 0.922559336861695 0.932857480275248 0.935275110336577 0.943998628733659 0.958920707036755 0.957436083403568 0.95333821749615 0.957755380087575 0.920193726779944 0.933825050169163 0.94438907203981 0.912233910362785 0.824344432950465 0.820091447900361 0.912835191241714 0.826496715370818 0.692416050915744 0.646199281125441 0.620291829474506 0.742346824564064 0.773675401971267 0.63107052115137 0.598185608148091 0.620458479842133 0.595870524855862 0.621236112508474 0.694341213086784 0.623688327613468 0.552019693131253 0.601833065790322 0.723606029213597 0.818907218718681 0.852050393183536 0.807675356806584 0.782630917221025 0.80197627328985 0.764441376567036 0.730365329456963 0.721086370252552 0.720022183193979 0.720735979827641 0.71962711790358 0.719285116962683 0.726783537652567 0.733813942518223 0.731344534149695 0.723614625845364
0.936078964456038 0.941766672108647 0.957358476360864 0.906514793932064 0.907015901609901 0.941680649688461 0.937984253389485 0.939055345373171 0.953394056762431 0.946130343108329 0.927574703324795 0.930081286083905 0.83386359723728 0.807832685525307 0.820288324577674 0.755398306866833 0.746014496374565 0.713706110093682 0.65041100924799 0.642743642302878 0.771570418287945 0.775703792772762 0.652728647362511 0.596874915262948 0.556624173394287 0.562139620427614 0.631954869435348 0.636000741256658 0.548485786982523 0.524445841377926 0.591307819389768 0.690925726403759 0.720108719167971 0.730002907200041 0.715851850097489 0.706324503474414 0.7093984725613 0.709322000515662 0.712506793650627 0.71207150717144 0.715573823287773 0.71378530958474 0.709298143999393 0.709578311335894 0.720644213372876 0.726886852594585 0.725721508383092 0.724415666207841
0.897485499557463 0.897391437215097 0.918293379183532 0.880027000587608 0.829950386289724 0.896939043783939 0.960734950216995 0.946661797932042 0.950823797647035 0.959375348884153 0.854782102394833 0.843989946113997 0.828868194638916 0.745798130546117 0.708889614105022 0.676866677428352 0.692142823028982 0.671901414828111 0.620950317658005 0.62972520006678 0.762435461296787 0.863108509917452 0.864475184482957 0.742795299450219 0.593099060538222 0.599004394168112 0.642518748891915 0.590151589679425 0.543502571576985 0.545822695464547 0.534862404257185 0.696454189220926 0.792130005438071 0.711907308052228 0.705082065774023 0.703831549311248 0.697374477640123 0.702588904463103 0.708546025031348 0.709050084564672 0.71131545239608 0.723481170905222 0.720152841639449 0.703291238921076 0.706750606403201 0.716540823525366 0.71853282537151 0.716960297726043
0.891564647108379 0.892323610583443 0.883791108308484 0.847992075234709 0.900398963660073 0.935884254198979 0.937237455529356 0.915875835433767 0.895587430586339 0.927903886998449 0.931937511208838 0.885714535617089 0.806048487400469 0.771583986465794 0.732253015146947 0.657636426461178 0.640507275156949 0.640739108017652 0.607309983341512 0.607786768420635 0.753628177526915 0.870016516354305 0.746195163740174 0.612946542761339 0.573510133236 0.55107389101376 0.589441349082197 0.577185141529435 0.521937178510126 0.511043243633109 0.509684768666177 0.535424603259969 0.578295039192263 0.715487753396227 0.771857317926433 0.70113286290431 0.695795804611304 0.704533365899837 0.716580457795521 0.708400538259196 0.703811041683659 0.705734512148047 0.711293736406596 0.709156351362177 0.705224548903751 0.706030353664557 0.707479593872113 0.717272883685955
0.864867720844533 0.856984842555457 0.870268666957156 0.870136403116597 0.85211735369483 0.891296546128515 0.944815589264103 0.911198715358534 0.921707053323715 0.874688785719646 0.835763884415597 0.878114474429527 0.826198595229021 0.727868094240226 0.696628331432301 0.665554442187928 0.621780462279838 0.621671985906297 0.611565005344525 0.624261885218064 0.637579207137723 0.632215806555407 0.621813053526376 0.579427585009465 0.564039614146613 0.559373162180681 0.545882077820528 0.564698689248747 0.544431767349579 0.506065241446032 0.507860694598806 0.512104081803002 0.516527963749678 0.540504107846221 0.596210937663984 0.730796542030334 0.806689885894311 0.748846378786953 0.710716622765566 0.697796920958598 0.703085990022062 0.70462195608905 0.71080918328672 0.712504307877586 0.707653701558863 0.713639650189459 0.717863151209327 0.71666642411319
0.857466236672093 0.850301979833102 0.834482313052122 0.853535383640871 0.853509317548565 0.831969576278504 0.880902381100094 0.910173549758012 0.880515972859557 0.898917020000945 0.837538243022147 0.820402808236065 0.807297294894278 0.693027482034591 0.661442041413145 0.669282342207737 0.691728009652757 0.666639861891227 0.604198209789627 0.594383825429562 0.603526947494668 0.600692303112234 0.601782211016857 0.596319724759155 0.582229465522232 0.560137813587808 0.53505346353509 0.515290014250611 0.501831555661621 0.510472033703052 0.524029198196546 0.526259316385247 0.518681817040495 0.523986871005597 0.54292815085675 0.55871360373379 0.585248540454461 0.603178904744296 0.692028684616847 0.791390574269923 0.779528327219542 0.748906175438441 0.7162824412276 0.711017642975912 0.710324284920588 0.704985811117933 0.701654771669053 0.710104604728085
0.867014867726832 0.86944553946547 0.86377331610743 0.868734504801854 0.82921073071151 0.887370025937801 0.848213274510737 0.831438742898051 0.86322601448058 0.87814269831093 0.928481354516891 0.923539370145441 0.781668750431012 0.634470057457381 0.628753815201739 0.64390587929807 0.665422765266004 0.641122434935357 0.599435641266108 0.601083156398314 0.598389545111334 0.572655993999396 0.564398670252542 0.562214987685233 0.565510397720525 0.554230788251265 0.533066295136526 0.517574439675334 0.505255880648792 0.513404693497479 0.508771523270596 0.506225055937796 0.502264598040147 0.510730036229937 0.534254736322526 0.552357482067831 0.576945022758595 0.579174761176415 0.565433373280879 0.565207754852778 0.659648038294646 0.74121885325975 0.706182089393938 0.70248816160569 0.705103643665004 0.707835508237115 0.716903366618478 0.717730058777754
0.908719501996345 0.884387659313709 0.862319242452294 0.86762196600517 0.815272293515532 0.885207619170999 0.869567644434955 0.83466991986747 0.904019336733544 0.878327465475825 0.923532137236383 0.95855948882615 0.842299206150578 0.686305710059219 0.633060071749098 0.636523720284794 0.613449808228274 0.62527632229119 0.619134874747027 0.588860644880108 0.591077747284969 0.583601266994635 0.567266768997153 0.562206529151969 0.558204779802138 0.541331041677877 0.543580182935267 0.558953446307625 0.533250760210947 0.515994109464488 0.503378293411788 0.490518112059303 0.496503094000383 0.49715153551784 0.50999531767318 0.528648040703817 0.549050126512092 0.573130983797989 0.586793413874847 0.575264605658222 0.638121140185297 0.708904148972387 0.700304651661508 0.698816571250186 0.699500193361099 0.700600838424274 0.699005179279675 0.705481481167243
0.874213450674796 0.871358816534158 0.849890946903378 0.85637006254793 0.799248085590362 0.870180154448351 0.960139771565636 0.838499391335706 0.822602924525145 0.862748021039561 0.824693684062733 0.879227859079537 0.838375396142971 0.685110225849603 0.631030610684211 0.616557645972844 0.60713183627357 0.606903455875424 0.622526435864531 0.615235939732144 0.593532310064501 0.594028808704825 0.576907321867473 0.559402266440037 0.545234292270956 0.536027990141057 0.559440209003538 0.57744127972654 0.564509770497627 0.536389014150644 0.517363597786977 0.522669238670714 0.510547124763667 0.495301567981292 0.504385066018038 0.522657569347271 0.537474710050947 0.555646263375014 0.573092523365104 0.559439000641643 0.543083131900934 0.622543870800444 0.700931515287985 0.692430758406237 0.696276145726861 0.704097147255759 0.69926373420057 0.697450224668623
0.82453171178187 0.832444583339411 0.846358939609054 0.848451580738734 0.829810043686781 0.898370020464569 0.960753610777116 0.957409223244874 0.81080808680619 0.657384810990023 0.67057487513983 0.825549842989933 0.781282851428702 0.779450249778815 0.768357159599197 0.617835402365193 0.604285142796813 0.592995037841379 0.593554682021871 0.614898392467945 0.601727247812949 0.569189514444404 0.563695300055803 0.563750988276847 0.560952042357253 0.549125390195835 0.550069327983547 0.573435801717148 0.582810894741459 0.567920699930077 0.540239096820345 0.506949140909878 0.487099000290593 0.485422933293041 0.499607962627153 0.513661936482602 0.53045861564259 0.546621767923367 0.561801244572401 0.573850407945619 0.564486466375367 0.63033231560743 0.7148805342817 0.699285001369921 0.695431397188411 0.699268464074273 0.698916968861344 0.695514049142026
0.838148724713791 0.839610669983557 0.841825200303813 0.815546436304871 0.807282311206781 0.792390804459627 0.808198560244786 0.920264812983993 0.955549066628204 0.910919540605018 0.937015065153746 0.864727136569211 0.693288315580773 0.630953862441569 0.689848005691963 0.675018815893963 0.595357281772137 0.58027026207038 0.578993714039926 0.584378519890095 0.578912374022082 0.564406300194793 0.559179306408105 0.556576943706507 0.558389037728805 0.558764251359501 0.56886377460215 0.587092535230786 0.563910492046981 0.527196867117229 0.51144873536043 0.486172877209675 0.475618699172893 0.485407362686909 0.491994902918064 0.506838903780433 0.530296522525538 0.543833282965321 0.560957807969723 0.574151324582088 0.552026321859363 0.531766132262181 0.613336429357902 0.698870740387705 0.686515101913302 0.68920771198614 0.697583248050945 0.696404473760105
