Niches/Distances/ascii/Trimeresurus trigonocephalus.asc
NCOLS 278 
NROWS 480 
XLLCORNER 370976.070567794 
YLLCORNER 375501.4883978 
CELLSIZE 919 
NODATA_value -9999 
[rows 84 to 104 of 480, columns 96 to 143 of 278]
0.425732065258365 0.434140054471206 0.438471583044483 0.430122803564495 0.431648964637821 0.440890343787299 0.434196018889256 0.429246050698142 0.448454896397462 0.471888831249427 0.45149658495944 0.465872190226699 0.466817923294941 0.500057956596834 0.470745444699796 0.461796661752025 0.461271369573976 0.458323726092051 0.447154181129109 0.443724504824974 0.445240791855388 0.45684693523329 0.476912440466882 0.479592449051387 0.471472360691175 0.466687109488656 0.462764041760499 0.466891633370533 0.461161408641535 0.471189983778637 0.474456634800829 0.478742556343728 0.476372613421468 0.476381486250239 0.483917210798052 0.485874791592502 0.479484421497978 0.473335999979449 0.470602512749936 0.474714568278464 0.483853720011628 0.487517058981621 0.490567171552238 0.493771402051399 0.486744777632243 0.48099394170178 0.482171265958346 0.485746877854765
0.435891903021885 0.507387223883737 0.592649895159555 0.50381720497666 0.583377202174685 0.510464196613047 0.582447661155835 0.431508242263997 0.431614267389123 0.435824131181891 0.437296088593072 0.450706488903268 0.475981587512261 0.477455029482342 0.47553673771179 0.473829598551225 0.454241879610898 0.443084936136288 0.460628659144363 0.464264516512402 0.45909365976689 0.46902794815156 0.473711144560894 0.473412748222092 0.475298828516986 0.475181997184057 0.470027953931198 0.471492108777001 0.474770118401006 0.477208385557269 0.476165327569545 0.475616869367738 0.476954629559329 0.478590889663598 0.484530782443684 0.48213943425357 0.47994266685317 0.481399537002977 0.479739903727197 0.47917086884855 0.478444332628053 0.480956517007662 0.486572741423028 0.485094535054618 0.480291607243807 0.479628941580615 0.483668564444696 0.485035739617272
0.582972608087629 0.456383476659637 0.549745935815832 0.670489046920663 0.687351357393861 0.671105725782596 0.613787424541724 0.434545304526148 0.42693138170142 0.500318237749007 0.590849539509951 0.460710137260708 0.462671274091593 0.478861321055689 0.472165960418878 0.456502586617854 0.454867534875479 0.447163537302638 0.459991990524225 0.470477740753126 0.46662893549457 0.474802502499791 0.474637371215689 0.478455691229866 0.473340522705399 0.468698859420626 0.474793767769521 0.473445753764137 0.475649564188153 0.478168342771246 0.476309605979802 0.475947097411316 0.480502897952296 0.4815295912675 0.483287032807521 0.484332196797404 0.480434539193667 0.476157697627294 0.476027470739643 0.477554115157728 0.479703929067353 0.480637682090522 0.486280283319823 0.488481090101415 0.486562107838352 0.486786103609051 0.485331166838275 0.491038570789772
0.680899429891945 0.650109194971256 0.664956303049926 0.697985839709718 0.701358274184657 0.698259481891986 0.617808438632623 0.451977340370504 0.462791454313202 0.485415786695548 0.505482085995528 0.471494594550042 0.451812657906534 0.456114806023451 0.448294840233319 0.439528381833184 0.452862448196244 0.454702507165254 0.459221366356874 0.478543659975818 0.478205284120606 0.473740835738884 0.469568293066358 0.479349395687373 0.478555674545517 0.476383868449404 0.47792818947578 0.479888601289527 0.480212407752749 0.480375709231696 0.47364157744037 0.472220025982521 0.479242611020485 0.484577045441948 0.483906542688751 0.482503220233203 0.476473252705005 0.473170040104334 0.473539142876304 0.473900891903027 0.478618681987182 0.479140418128798 0.477258687936725 0.485905794706264 0.491108448631926 0.485490912280788 0.485423969031808 0.488065827905058
0.543383012798636 0.694342110727049 0.697633999250533 0.696866033479351 0.700408225538219 0.698992853988347 0.611453732476313 0.440929011367937 0.446135497527037 0.456204362902179 0.458925283167985 0.452742889417895 0.518845739962702 0.652130853470764 0.578024918521803 0.45392708407495 0.458962638812852 0.454794998637157 0.466273573523577 0.454402142922794 0.467831773449433 0.46808563302125 0.452483540430612 0.456735040921817 0.470955112750884 0.483294490126644 0.479529959479105 0.479875758128815 0.478466290289916 0.479493674097631 0.479769146085055 0.476397264004125 0.475229330445714 0.480083803522501 0.483271462201389 0.486070442645608 0.488629787663746 0.485447963646579 0.482542164010846 0.479179051184811 0.478610603224799 0.481627434056366 0.482466727703975 0.491537555203137 0.492247588652611 0.485430666809169 0.487874319807021 0.490987957688686
0.517533804191038 0.63457590995938 0.486699688471249 0.552938427942299 0.700147806287543 0.63304501901235 0.480898273964325 0.452015317458631 0.451828849955927 0.45445758947146 0.449263635751442 0.520003523281195 0.600064818042498 0.571538880689824 0.633475230371579 0.478529056059202 0.480660848114279 0.464922176104887 0.460500434684995 0.468497166558046 0.45239284423924 0.463713745160682 0.473248341955127 0.477820058348495 0.481860130032708 0.481762770588601 0.479848380100738 0.482723832590596 0.483841601868053 0.479218029487079 0.474329238932476 0.473662948183598 0.474342565437946 0.478963065127244 0.490021268172723 0.490199829536172 0.487039376262233 0.495312823009228 0.493234923894665 0.485219548723807 0.483367993054483 0.488471768452511 0.488558321688815 0.492685429954091 0.492100720895436 0.486438889449692 0.485930134567291 0.489403415473521
0.451064647368932 0.475694204529015 0.449077375396491 0.459605245668588 0.491298334072561 0.471150487606985 0.449349671118363 0.514440087018326 0.659767769696123 0.65866056495409 0.584532119949256 0.460339480880588 0.477413841604037 0.467405152651263 0.485395244543334 0.468146741608509 0.484736859933712 0.481475525703857 0.48129071538318 0.48347898972569 0.474353647842754 0.47406453862823 0.482603721418237 0.485547187420468 0.485064291482619 0.479284351292799 0.481428917459338 0.479240850264581 0.477923183405072 0.48218876994351 0.477921905993926 0.480530448603501 0.481611207482348 0.481970229063651 0.487099311012223 0.488028161538561 0.487655226533153 0.495424924468454 0.499990978823228 0.505019041717381 0.504635162405667 0.496169102772617 0.491892364780121 0.495151454909313 0.490985989785029 0.483382493397222 0.481111705199599 0.488285818819191
0.444334175187917 0.440890585459678 0.452818049527761 0.440739402124306 0.44316347965946 0.442818095305257 0.444520815313749 0.45908306070684 0.492332657330016 0.555705887403373 0.605427355509174 0.445516160268935 0.466536754744298 0.471416154600747 0.475165977757793 0.478643021848209 0.474253906199482 0.466173417584798 0.463280253962024 0.473533653460838 0.485342214718458 0.480445310876845 0.480611788621344 0.485268539167491 0.485844237298873 0.481766292100409 0.486070511694859 0.482568955120288 0.47972826892838 0.482777173137101 0.485442439706488 0.483839081570387 0.479453798155097 0.483742067372535 0.490223789626317 0.488752211986017 0.488692864154662 0.495738028297749 0.501258930221916 0.504918264335342 0.508555951508536 0.49761237021995 0.490290836449174 0.489503778560053 0.491710109281736 0.490011290555933 0.49101209040196 0.492178228679841
0.4409570453639 0.443685388424204 0.454695187944633 0.511069689496296 0.650758257931974 0.592662772844893 0.458990051365554 0.4386603636971 0.436947631547193 0.450219346436474 0.46851801943189 0.449250343770598 0.462725097982856 0.448121284940579 0.454336511609586 0.452486889319293 0.446782799731851 0.45003653854408 0.463909810509295 0.484964411740844 0.483753633122101 0.487719718533718 0.487056880247397 0.486425804616601 0.49137698116961 0.484835289641212 0.48319585327139 0.484532543199588 0.485555680478358 0.487239101221156 0.490451686679706 0.488956390621639 0.483081783908506 0.483596028206373 0.482644564050287 0.485285766955651 0.493130694050069 0.493735979785564 0.494095070416119 0.495306263330369 0.491957927044078 0.487589249973688 0.48486063071638 0.486783410688256 0.492403363763184 0.494698733494212 0.490511517855819 0.493948789577578
0.587908144985254 0.507191227584376 0.6495668821528 0.662214288237897 0.696737774495359 0.682088388947328 0.590475914012031 0.452695728779366 0.432854150267222 0.435653130711442 0.4457502372303 0.463325308598393 0.458511574579778 0.442902818736406 0.439337667801535 0.436980602564612 0.447862419298054 0.45842115458541 0.455616408528721 0.478417161747729 0.479753782626676 0.482587046024087 0.482966195462098 0.487532146242995 0.488539471243254 0.483662867881477 0.483768064415589 0.48558091797965 0.485441403967721 0.488618290963431 0.488069073219862 0.486274759379732 0.483382596971099 0.484557262831496 0.488849398806997 0.487499934767338 0.48519279213899 0.489085788918276 0.499963773418279 0.498787657523608 0.488935813944799 0.488906329914562 0.487264683968704 0.485063324793103 0.491894608880783 0.501887589128922 0.504053595087939 0.497561549971111
0.53346170567318 0.604528506882457 0.567952531634852 0.623546086156119 0.550467638588749 0.691798508938172 0.611657047996295 0.447387533073337 0.436618473767008 0.439174987765848 0.456312632127967 0.453907059792119 0.447178728137889 0.444052419718639 0.440643768911477 0.440600129784757 0.453898670308105 0.470104529550713 0.470055815304034 0.477479058621739 0.470069935875892 0.458319548612358 0.472345833718099 0.461383505557828 0.470207205787158 0.482782386355562 0.488068624399729 0.489051022620326 0.484222304914215 0.484004696199246 0.484602697238746 0.486121608140703 0.484859180682107 0.484017573884584 0.484939795682813 0.486061846013841 0.486131965528374 0.483288897137301 0.490680205176354 0.491730306187694 0.490049958136572 0.493014449635775 0.492503174455707 0.490704096217249 0.49090461524256 0.497661982106894 0.50355284991867 0.50000623870773
0.509000732259756 0.675317453905145 0.599479487540582 0.5382454723168 0.594658054530466 0.489629206524749 0.479527715378443 0.449634775476321 0.447037764091686 0.449709970110812 0.451715609184057 0.447621610034702 0.456587448147505 0.461131682938919 0.45092313092872 0.469292337734176 0.543130775884221 0.60141269394938 0.479754265971434 0.488329665093665 0.482721795637687 0.465910512561082 0.468375294629783 0.485428353659255 0.485083280026682 0.488200232272402 0.485546635026459 0.484978532312702 0.484701506717128 0.48782249834404 0.483243048434544 0.487467170897672 0.492211027074133 0.493466618656866 0.489204898876492 0.484698364976201 0.490065701365832 0.483914241680253 0.487861269498555 0.490136580422127 0.491493777977914 0.495834075806085 0.49338327621074 0.486406401777031 0.489801726078723 0.494971339937714 0.499079390609675 0.498908148466847
0.450627841806219 0.481973992247838 0.471215773673938 0.457637894405101 0.472335200133423 0.441289897279022 0.441900706954608 0.459666216157345 0.467771424403936 0.461510590704551 0.450570807124777 0.462989487565472 0.476922176411293 0.480067300751478 0.474859502656607 0.47466923744509 0.493927453358976 0.513593784871726 0.476433411287097 0.467167692276592 0.482776655267718 0.479761378044302 0.480726203230484 0.480568045920747 0.483995478124219 0.4887481380802 0.484477925241936 0.486423249794309 0.489018949243172 0.491770354753356 0.490403904597917 0.49063059328941 0.492673449909019 0.491975879849375 0.481593599923307 0.479965487630672 0.482505395284614 0.486369425903045 0.493076973732682 0.490959060577084 0.491909834240659 0.497659151087598 0.49262901671591 0.493953346828154 0.490348665197004 0.493330073762736 0.498997739870202 0.499393012308354
0.435078848089709 0.434826990946175 0.505551791214554 0.578644048632151 0.436047298361576 0.439303557471471 0.449514250008456 0.470646220925908 0.541770540161384 0.582632747673517 0.445213275728809 0.45629975444263 0.479425764159135 0.481758972879788 0.480392453675097 0.469534838704181 0.466714487516733 0.483834075499679 0.474165246961018 0.489502742821286 0.488484956859479 0.485492465888939 0.483555634394456 0.486161484083237 0.492314324753838 0.490248336635098 0.485119910654412 0.487142984663569 0.49013702924226 0.491282763466429 0.488600925076769 0.489856102363996 0.492123127377431 0.491694573200229 0.485333583562065 0.483757879651046 0.484194029245873 0.480586171349171 0.487995570292023 0.486130688117228 0.488849467856248 0.492513428269501 0.49381566262138 0.496716559760283 0.495397719063504 0.497797801983887 0.499685850182439 0.501584290293288
0.447118137420014 0.508440259488251 0.656800447177623 0.603295390830969 0.446755007408267 0.517992567415613 0.578542718856103 0.516202223907424 0.599360308533114 0.469430367187205 0.452710608892987 0.461855250041618 0.457172502452416 0.484618371418755 0.484899919740279 0.483681373080782 0.474592213005443 0.464868628410627 0.466666532811816 0.479735139328868 0.490999799635257 0.489932816082013 0.490334302952767 0.489980080294418 0.487210756503563 0.486238335899756 0.48759508463541 0.490707686778308 0.491630391921295 0.489792749676075 0.483156011853482 0.487881708076893 0.490006595206856 0.492528757203254 0.488120169665705 0.488605931147477 0.494191739367715 0.48240737987262 0.486885292858314 0.49867393340698 0.500827648599294 0.502107510993803 0.503311384687433 0.497301855737572 0.490231661240947 0.49286033170723 0.496069775424852 0.500385664342745
0.446513507652404 0.457744540973487 0.545648000859163 0.600304591567082 0.441119173005578 0.463054117664539 0.473508450484172 0.461691741414918 0.487825812708095 0.449381295675385 0.442763442822979 0.450899481560205 0.445543020427629 0.463444211408856 0.479918016270513 0.452387941742409 0.451762079330074 0.458882058336771 0.482030543584522 0.486360863795904 0.489511408502304 0.4953248030543 0.496073987429172 0.496264528837693 0.489775521887915 0.485229077520465 0.49049553295418 0.495411356290605 0.49356314950996 0.493268619929222 0.491692121951814 0.485496401696254 0.491965556986329 0.490500918795769 0.489823096821951 0.496929507650799 0.495649714305541 0.482737262669942 0.493464443605455 0.504940152947954 0.500876259272097 0.502028829372129 0.509128645997493 0.504441306633091 0.498368286896807 0.495205900243837 0.495199167941851 0.503719845532553
0.505371192898196 0.582671725975786 0.520409360254772 0.60291451516168 0.443182019383391 0.509661222871538 0.575295643296609 0.455283694712101 0.483533814831096 0.473785441555121 0.450057978336559 0.447220019590071 0.444738216880964 0.444442755135335 0.447093452312731 0.440928700646307 0.447781804297348 0.456852769895012 0.484931509772676 0.487392286984811 0.485710730571793 0.489281129249751 0.489923667056236 0.496065666994409 0.501091520312526 0.501461831446391 0.496420649194521 0.489807491691193 0.496279616099067 0.500236345337155 0.500466037671073 0.498563385555904 0.498616795151661 0.499491096769598 0.494530529518435 0.493782622554709 0.497113903675969 0.490717146525714 0.49077594196306 0.501318761398029 0.498992388553238 0.505514297471185 0.512511092613848 0.513430103621898 0.511443142371088 0.506629408352473 0.504101135497349 0.506430615558441
0.522357930121949 0.610703995707433 0.452858339765802 0.46794815596223 0.440426401868888 0.452025571272425 0.468790038956757 0.455754610604878 0.49065966302414 0.492139871820833 0.486456462484107 0.468239681900544 0.44713274133663 0.454102641795974 0.462738251865199 0.441007278694105 0.456298407982232 0.478816093796192 0.484166892890175 0.483207453545582 0.4826802279885 0.491970424958535 0.485543665908659 0.481191836855548 0.502058347926991 0.50265931808429 0.501801415663499 0.490650237801359 0.493532042822322 0.493109323306841 0.490293391271467 0.491936418202348 0.493167497300927 0.497888601749136 0.494613181472049 0.496378218429695 0.499538809802136 0.488355282365838 0.491824903661757 0.500245943183063 0.50149777158161 0.506619672408063 0.513020434414883 0.516083942540221 0.521134239293242 0.518990570766968 0.511079701637711 0.510230499422563
0.484394064926426 0.462009264396286 0.439379718795479 0.448564581132899 0.456072685980255 0.48059186791239 0.486660364922725 0.47562090874893 0.458392257473808 0.464886822888303 0.473981679526861 0.444747538529868 0.455766590649951 0.469602714118051 0.45416844573231 0.53779313067258 0.598980226930213 0.487683985546253 0.483742999537425 0.470328007452028 0.466577908097978 0.488033581904775 0.489537336496107 0.490791616143069 0.498823632183452 0.504460778521913 0.512132564619097 0.509394416565132 0.505148750735648 0.49407090317822 0.491749053059379 0.49155716519046 0.494501908603837 0.498219036940468 0.494758702768827 0.498727204904234 0.502894672456802 0.494432030761683 0.503953266526032 0.501100703862928 0.497031700542486 0.500195709852859 0.49517548404871 0.501874297148077 0.510278971996864 0.509222518454418 0.503749985530676 0.506314923538155
0.506760670978891 0.577398710863212 0.442456587950912 0.447088929586781 0.467117700618766 0.48224052235724 0.469127931467211 0.476271456268547 0.446032303421208 0.451681706001747 0.457785107408532 0.457718543930433 0.454135889010398 0.482161012144552 0.469253773727414 0.480010231545411 0.495444603505029 0.453883030652722 0.472635391752755 0.478451651848674 0.471057927085831 0.490460041639094 0.48735831475325 0.482620086090757 0.487218662642819 0.4956881402138 0.509369351686968 0.509007084790861 0.499308288877205 0.496362026380303 0.494354074157146 0.499317127181351 0.500737573851182 0.493949618168592 0.493150027840388 0.500410694696284 0.494659893290446 0.491644685116281 0.499149820845838 0.507778629563825 0.511828264569322 0.502791581924849 0.49586856590703 0.504703452115045 0.509942771193062 0.51497836045559 0.509001422752267 0.503976501599041
0.453134156999481 0.48011981270697 0.454221164835556 0.450195317297077 0.456115634614464 0.454688455642647 0.462340079358499 0.477944795820679 0.51272952991983 0.572777209959772 0.514147559865871 0.589034027549721 0.4757341495208 0.466510723176618 0.46840874899196 0.459639908392661 0.475209478786011 0.456567078618419 0.458650432623821 0.459461692275468 0.4687851019353 0.49278372156309 0.499762563900456 0.496436806719288 0.490729955161801 0.496563408521254 0.49724388889124 0.496444333087662 0.501082820106883 0.501356945633909 0.497956373589131 0.498773571476375 0.500220567583269 0.494044043019526 0.491903792431184 0.50322217305496 0.499226672662357 0.501855446702516 0.505764946252824 0.496460076316922 0.500382764274198 0.505018005978614 0.499059297277593 0.501067111402248 0.514132507129122 0.513820749760224 0.509353642982334 0.506073769028548
