Niches/Distances/ascii/Trimeresurus trigonocephalus.asc
NCOLS 278 
NROWS 480 
XLLCORNER 370976.070567794 
YLLCORNER 375501.4883978 
CELLSIZE 919 
NODATA_value -9999 
[rows 189 to 209 of 480, columns 192 to 239 of 278]
0.701411718305039 0.698320625003871 0.694067674478392 0.697538055316074 0.702234267509247 0.70595029105786 0.705946804070677 0.711215779802059 0.713477315400029 0.705787852694553 0.706545530127314 0.710593507950783 0.716521006390289 0.722689124207706 0.722520626772611 0.719379645387494 0.716770619433161 0.71759144240609 0.718259770107876 0.720164597274456 0.720824224770598 0.720095893269571 0.720025635656536 -9999 -9999 -9999 -9999 -9999 -9999 -9999 -9999 -9999 -9999 -9999 -9999 -9999 -9999 -9999 -9999 -9999 -9999 -9999 -9999 -9999 -9999 -9999 -9999 -9999
0.70147141138265 0.706245131360229 0.706340937196186 0.704671637025245 0.703404928513078 0.704479403910071 0.71078346244067 0.714774060336442 0.71888829091638 0.722898602373352 0.722655894255595 0.719953375615218 0.722162381995383 0.727337381695963 0.723987336440706 0.717928575374782 0.719171496419932 0.721249585419935 0.720843006166908 0.720812555447156 0.720401729665184 0.722427375758946 0.723707807809777 0.722403674603492 -9999 -9999 -9999 -9999 -9999 -9999 -9999 -9999 -9999 -9999 -9999 -9999 -9999 -9999 -9999 -9999 -9999 -9999 -9999 -9999 -9999 -9999 -9999 -9999
0.700325400961476 0.702710569243612 0.707195041908165 0.706580296425263 0.711603353248709 0.717250995073343 0.719250039943104 0.713932626162047 0.715587633138001 0.724097124750019 0.726612191935862 0.721932879546905 0.716070460026599 0.717674957475344 0.719620661798599 0.720508203610442 0.722112856420002 0.726119767201356 0.728313254762327 0.725707491385111 0.723469846828035 0.722994218323869 0.727454057668077 0.729582552621412 -9999 -9999 -9999 -9999 -9999 -9999 -9999 -9999 -9999 -9999 -9999 -9999 -9999 -9999 -9999 -9999 -9999 -9999 -9999 -9999 -9999 -9999 -9999 -9999
0.704374518097589 0.703588737619614 0.705561094953808 0.710164194231819 0.714405233761476 0.718479657448132 0.719000495949483 0.718834501549742 0.721241057837419 0.724459495220003 0.727726111717569 0.727232444096542 0.722285997417237 0.718814373693035 0.719120814269595 0.718276928846785 0.72041949258504 0.725613774289001 0.731443965071337 0.733850883867582 0.730913701347206 0.726644351624581 0.727641457335671 0.732526450181462 -9999 -9999 -9999 -9999 -9999 -9999 -9999 -9999 -9999 -9999 -9999 -9999 -9999 -9999 -9999 -9999 -9999 -9999 -9999 -9999 -9999 -9999 -9999 -9999
0.704836595686219 0.707694198944657 0.708309738493947 0.715354591915403 0.720744507410157 0.717760716645261 0.718299784148912 0.720644765766885 0.725656205053826 0.730356939972949 0.729106302673985 0.729223513777796 0.726031625832276 0.722297286969798 0.723148491613229 0.723178286365096 0.724239176321927 0.72912126909917 0.73414900400938 0.736571683297199 0.737613532923028 0.735994397033041 0.733238710469286 0.731708786211773 0.731954411660391 -9999 -9999 -9999 -9999 -9999 -9999 -9999 -9999 -9999 -9999 -9999 -9999 -9999 -9999 -9999 -9999 -9999 -9999 -9999 -9999 -9999 -9999 -9999
0.711879170482388 0.709202441737313 0.717880344472861 0.729531300814753 0.730948087874274 0.722050763880915 0.716867288384757 0.718854456783321 0.720282982215536 0.726063025979232 0.728246121627906 0.726863841931643 0.727579554682024 0.728315498862989 0.728982946186823 0.727840250129704 0.726320769571425 0.728855205072214 0.731605367695877 0.733692899180974 0.737555013682686 0.739854975188916 0.740633919791028 0.737575952868095 0.733744737906267 -9999 -9999 -9999 -9999 -9999 -9999 -9999 -9999 -9999 -9999 -9999 -9999 -9999 -9999 -9999 -9999 -9999 -9999 -9999 -9999 -9999 -9999 -9999
0.714607306394938 0.718391136308171 0.725336507021047 0.728708751610545 0.722001238305534 0.716349971395215 0.722654530532885 0.724726059854029 0.723880102953685 0.72636238900755 0.725582322355106 0.727215596079264 0.729951551819505 0.7304932431947 0.732506771144887 0.731094006204246 0.729819788586017 0.729867052798422 0.731542688238155 0.73454940335443 0.740081715667347 0.74316205454765 0.742565123771543 0.739953025125535 0.736792709950098 -9999 -9999 -9999 -9999 -9999 -9999 -9999 -9999 -9999 -9999 -9999 -9999 -9999 -9999 -9999 -9999 -9999 -9999 -9999 -9999 -9999 -9999 -9999
0.722568374329774 0.725005502173394 0.730540421095542 0.729077422824696 0.726745422465938 0.722144567288589 0.721160995230722 0.724328094495083 0.727329268408954 0.730728442206397 0.729935791327933 0.729500556635683 0.72907906274441 0.730604101767406 0.73539403105669 0.737925739112058 0.734810271425237 0.733181019819959 0.733052536425899 0.734036108483766 0.739799856624193 0.741206959526241 0.742135430281698 0.743253751953165 0.741011118587695 -9999 -9999 -9999 -9999 -9999 -9999 -9999 -9999 -9999 -9999 -9999 -9999 -9999 -9999 -9999 -9999 -9999 -9999 -9999 -9999 -9999 -9999 -9999
0.722369236289486 0.727015819333403 0.733529804849781 0.73439048650293 0.732542711280106 0.732579238333959 0.72889813644411 0.724978158669942 0.727059700132502 0.728151386055342 0.729837948539067 0.735623101947347 0.734690833483078 0.730810645339879 0.734718729380538 0.738860199890051 0.736552798327012 0.733476360729398 0.731969999528836 0.732403180005864 0.736160736679038 0.738035872667627 0.739482644364455 0.742780522910475 0.744947374722819 -9999 -9999 -9999 -9999 -9999 -9999 -9999 -9999 -9999 -9999 -9999 -9999 -9999 -9999 -9999 -9999 -9999 -9999 -9999 -9999 -9999 -9999 -9999
0.723189662229221 0.72899711854562 0.734906819540644 0.736668680232738 0.734944485907141 0.733749243369904 0.730609107838114 0.726268792747629 0.728686120718484 0.733003908490784 0.733293656410881 0.735956972338923 0.734468529419032 0.732902837649427 0.736425989377293 0.736304410908348 0.736629011437958 0.737901796284225 0.735933426544284 0.736171629198405 0.735247422234206 0.736003218074874 0.742651538909345 0.744212932363066 0.746420833955213 0.748392431747645 -9999 -9999 -9999 -9999 -9999 -9999 -9999 -9999 -9999 -9999 -9999 -9999 -9999 -9999 -9999 -9999 -9999 -9999 -9999 -9999 -9999 -9999
0.726921152810089 0.731212684604643 0.733085472918693 0.738027880216807 0.740666804496884 0.736649657164049 0.735152686661642 0.736968975425947 0.734278678503022 0.73778914243099 0.739719535082804 0.735464426768227 0.735550686545214 0.738973578760424 0.741386194119888 0.738644455504864 0.736752074465802 0.740658777521439 0.741918373960738 0.74208058791398 0.744015382455554 0.742680349709384 0.741365393032982 0.745690638124405 0.750235390785202 0.750352014970378 -9999 -9999 -9999 -9999 -9999 -9999 -9999 -9999 -9999 -9999 -9999 -9999 -9999 -9999 -9999 -9999 -9999 -9999 -9999 -9999 -9999 -9999
0.730790741893238 0.73351994806918 0.737770274723116 0.741431542215575 0.739907694292161 0.736674325009019 0.736078999628 0.738511760106485 0.741478219509345 0.743373138108386 0.744904805859491 0.742975656094197 0.740005761491093 0.741716767409722 0.744183620955957 0.74391916232409 0.742343907233203 0.74507704921646 0.74813536138565 0.74455515771403 0.744536911449416 0.750120009486547 0.748417324002681 0.74839823188474 0.750614281288522 0.75030052149134 -9999 -9999 -9999 -9999 -9999 -9999 -9999 -9999 -9999 -9999 -9999 -9999 -9999 -9999 -9999 -9999 -9999 -9999 -9999 -9999 -9999 -9999
0.738816111943198 0.74118507091363 0.738104058803128 0.735872663203281 0.73870722127415 0.74346285034793 0.747498054059938 0.744557919684075 0.742821313755586 0.745617722115201 0.746858105600371 0.746591299293965 0.746525184635998 0.744731854747698 0.744658144672105 0.747124083315763 0.747840158574712 0.749609908143749 0.752166646552656 0.748919985288669 0.748653541490831 0.753260835510849 0.753954987632562 0.753882451394239 0.750316195671349 0.746979787643193 0.748188615620592 -9999 -9999 -9999 -9999 -9999 -9999 -9999 -9999 -9999 -9999 -9999 -9999 -9999 -9999 -9999 -9999 -9999 -9999 -9999 -9999 -9999
0.74017061657819 0.743571671967727 0.741056984552764 0.738468241815954 0.740258740684958 0.741684866655695 0.741577028987727 0.745387546436525 0.74925463248432 0.749062451156084 0.748905467683616 0.745718723907306 0.746822199989778 0.748341904958123 0.748476671834036 0.750296533897087 0.748390377532423 0.748818051331673 0.751832914259582 0.752431778414721 0.754077550053336 0.753435271181542 0.754993315746583 0.759030832608504 0.752851442500839 0.746296838762478 0.746505056779291 -9999 -9999 -9999 -9999 -9999 -9999 -9999 -9999 -9999 -9999 -9999 -9999 -9999 -9999 -9999 -9999 -9999 -9999 -9999 -9999 -9999
0.74089319972906 0.74819424313456 0.745430167086791 0.742000128274089 0.742529753292647 0.742957168157205 0.747131609684137 0.749241651225105 0.747916803243478 0.747978481487059 0.750311206862954 0.745987532641995 0.747324964849643 0.75081385088663 0.750247905961972 0.752310148158838 0.752659209385664 0.751798907503396 0.751051535671367 0.752239856021177 0.755216603762457 0.753828126895904 0.755185497074819 0.75955151574904 0.752238682183908 0.746711065220068 0.747574560630202 -9999 -9999 -9999 -9999 -9999 -9999 -9999 -9999 -9999 -9999 -9999 -9999 -9999 -9999 -9999 -9999 -9999 -9999 -9999 -9999 -9999
0.738725277653323 0.74671665820941 0.745977434189016 0.744648408727695 0.745049947385388 0.743376124488498 0.746277591283722 0.750610518104334 0.75533909713398 0.755159983376522 0.751098316539014 0.747374939245155 0.748844911490366 0.748269351457487 0.749447815026697 0.754523746314204 0.756149890703181 0.755116758545308 0.753347889354224 0.752116896567209 0.754039780112962 0.754368178351385 0.754977451681133 0.759474249637014 0.75580643972801 0.749670895894818 0.747234544855274 0.746638908752626 -9999 -9999 -9999 -9999 -9999 -9999 -9999 -9999 -9999 -9999 -9999 -9999 -9999 -9999 -9999 -9999 -9999 -9999 -9999 -9999
0.737542481243604 0.742705500899111 0.748871754386747 0.750422307108039 0.746544483901692 0.744675493296454 0.747002625683007 0.749828034728101 0.75314369345629 0.75531988417985 0.755985553485467 0.753964257494527 0.752125683084417 0.749386119520803 0.748484992268798 0.754160460941642 0.759594999514945 0.759880311020657 0.757469024859276 0.755169305025426 0.752798861496096 0.751492898484655 0.750923086801933 0.753718027864961 0.755156116618458 0.754048721990984 0.75311995777621 0.750977100578638 -9999 -9999 -9999 -9999 -9999 -9999 -9999 -9999 -9999 -9999 -9999 -9999 -9999 -9999 -9999 -9999 -9999 -9999 -9999 -9999
0.740209180584952 0.741179909482107 0.74364408736986 0.748012850751814 0.750096636315036 0.746821785694271 0.750388645598108 0.7555227508797 0.758052836277667 0.758871363362996 0.756666914233406 0.756821653605211 0.761034866286659 0.759163769679262 0.757890725898303 0.75945023775993 0.759362096390849 0.757334534180368 0.755458604125391 0.759336910676496 0.757793142044129 0.753967261136952 0.753944578457952 0.756288023730087 0.756965759392341 0.757771823087839 0.758975109862834 0.757179691234686 -9999 -9999 -9999 -9999 -9999 -9999 -9999 -9999 -9999 -9999 -9999 -9999 -9999 -9999 -9999 -9999 -9999 -9999 -9999 -9999
0.742321397177331 0.744907740452664 0.748926147934333 0.751219446187827 0.755453459956181 0.760052727000754 0.760369594014236 0.757074373864385 0.75998830404944 0.765490787085865 0.762782675456146 0.761775799276019 0.761529863105771 0.757767939067462 0.759600834176667 0.765583468443208 0.766245409089263 0.761064350316896 0.757537090158588 0.760204669877888 0.758618401431444 0.754621606365382 0.75585187413526 0.757770027807309 0.757439471779788 0.757475722636637 0.75932156448043 0.760115682655481 -9999 -9999 -9999 -9999 -9999 -9999 -9999 -9999 -9999 -9999 -9999 -9999 -9999 -9999 -9999 -9999 -9999 -9999 -9999 -9999
0.750792980750472 0.752551682439326 0.751012850828416 0.749830641337331 0.756216799427536 0.763680988951167 0.761558932840501 0.760903534610991 0.762385590475151 0.763053365782928 0.764137715222834 0.763724179257755 0.759303732511323 0.754158890071179 0.757841649143055 0.764302104227486 0.766190756606986 0.766211626743143 0.764750596375955 0.765632838657773 0.764770292674842 0.759013553033406 0.756545922683096 0.757342992713633 0.758359553051232 0.75864422585137 0.761169460539444 0.762360111301481 -9999 -9999 -9999 -9999 -9999 -9999 -9999 -9999 -9999 -9999 -9999 -9999 -9999 -9999 -9999 -9999 -9999 -9999 -9999 -9999
0.750612520532618 0.753904081072159 0.75481478890776 0.755009766730667 0.753469847594051 0.754161755615101 0.76064339155732 0.765131661930685 0.766069005514913 0.765502887967127 0.762876755060824 0.761371515910593 0.762720513867807 0.761841465113854 0.762572420486424 0.764829554194633 0.765129124370705 0.76753920217019 0.765700403350014 0.764306885888128 0.766422641254628 0.766187822013813 0.76042006901682 0.756478703237111 0.758241944914227 0.759157417148157 0.758799172370929 0.760645842805735 0.76232676051318 -9999 -9999 -9999 -9999 -9999 -9999 -9999 -9999 -9999 -9999 -9999 -9999 -9999 -9999 -9999 -9999 -9999 -9999 -9999
