PPM-results/Best models/ASCII/Bungarus caeruleus.asc
NCOLS 267 
NROWS 469 
XLLCORNER 376490.070567719 
YLLCORNER 381033.488324056 
CELLSIZE 919 
NODATA_value -9999 
[rows 441 to 461 of 469, columns 96 to 143 of 267]
0.000227388017937409 0.000749393396168219 0.0019048423288687 0.00278141484291231 0.00269023288404725 0.0172182934886678 0.00082747503607778 0.00151198268518633 0.0128172805431817 0.0371344111592802 0.0207472356080755 0.0131210217313947 0.013840932616027 0.00791980112631167 0.0160393737474148 0.0334523523092199 0.154494229840605 0.271323203805654 0.0884655828449808 0.0669574067944897 0.0381559175456832 0.032104312986448 0.0215950327655037 0.0110859163855212 0.0133635966774599 0.0185177865244018 0.0270458976340491 0.0915068239844616 0.0844311882075913 0.0438844907439771 0.0546161577637561 0.116146639374851 0.0633137770520753 0.115473034567183 0.103344308269173 0.126493271732268 0.204511766704989 0.223459948732399 0.24050087072649 0.160540381436547 0.132019812220445 0.194093313191594 0.279490062398704 0.284605261247522 0.293322810318479 0.248509870653358 0.193220452568058 0.195337529857705
0.000506241659024676 0.00231970864943156 0.0416778680671243 0.0102248838191137 0.0184887131557806 0.0115534743795082 0.029007951966468 0.00246089859827419 0.00641770508788194 0.0021142619295293 0.0438680772404436 0.0340129404616396 0.031285921080615 0.0241266423922138 0.0575659672444444 0.0424157195370752 0.00793376174159951 0.0503423578727548 0.189565555608732 0.028173444831673 0.0640820819356719 0.0539587354018543 0.0467446666154026 0.0230899366058148 0.017972383068302 0.0360135541342637 0.0331882364777265 0.0388192003727575 0.0960873131507259 0.0523444314103591 0.0485633559051845 0.0808652862978812 0.0959473509588343 0.105199710537552 0.112442245640856 0.11909423910308 0.102634910512923 0.146418315584512 0.13158133179613 0.117358886048157 0.213026657109333 0.180112671496956 0.176032258554548 0.186136423092683 0.174623696800588 0.127949624634475 0.301346749180224 0.257875994674278
0.0126231542097347 0.0604437203103373 0.0276281611055067 0.0454269819815944 0.0340506322849573 0.0359721149740758 0.0149091095205076 0.0264763570434339 0.00393911219086319 0.00277512797113401 0.00899446025140967 0.0314003870982183 0.0469831182305956 0.0469343272323776 0.0321185944569527 0.0234628008254492 0.0112235532960701 0.0310669707409282 0.0380571214457098 0.0999223427449407 0.128619776178795 0.0660103724268063 0.0747975833138853 0.0602261857246025 0.0300160906108072 0.0210367215823481 0.0318238697729524 0.0371326635223542 0.102345600982763 0.151521801905086 0.081710470402021 0.0725947457833554 0.0716825717310855 0.0844472782302514 0.139104051748336 0.216482726759924 0.137690163062591 0.235721050125453 0.155634562934825 0.208718345590094 0.253623405886256 0.162872065179867 0.189474493642366 0.15617940555071 0.173196600012691 0.187262354986465 0.206746456598916 0.18179991412381
0.00212526119820206 0.00481483057886709 0.0212499647951985 0.054118850032049 0.0536951405005985 0.116396064133436 0.143784072198377 0.0690304738811628 0.0237857943769379 0.00379067464255111 0.00883313256794006 0.0428313672529944 0.0308383243771422 0.013192875445513 0.0112664817285904 0.0119251202945548 0.0116292844327493 0.0132317866236811 0.0128188779925594 0.0399676919066665 0.060101355715902 0.0272557947103332 0.0340050634923217 0.0191085340169462 0.0216715843041232 0.0490017733137455 0.0570457301801841 0.153561361414543 0.109399340885455 0.205268997619987 0.173031565952591 0.073853741744432 0.0717375214690475 0.147228362103918 0.15666939925384 0.166089145480826 0.173645339401846 0.106833725857068 0.10287841179058 0.130581439813535 0.166881715630972 0.180049840588626 0.200852870345774 0.179506611176057 0.180538389130451 0.175954858403768 0.180841015990071 0.1277294559902
0.0173343842624757 0.0200202984668116 0.00451234918061371 0.0189165061081255 0.00781864351093671 0.0060390056093768 0.00307142568590716 0.0032931067082909 0.0136313201609009 0.00815151425681874 0.00992081389871449 0.0117018764814584 0.00854983631615747 0.0223936965391143 0.0981868888648103 0.0424843352916725 0.059960528107648 0.0123801633596895 0.00720455340751559 0.0146431441766183 0.0261757823968867 0.03444025449425 0.0264562634198351 0.0215182333649163 0.0307785581350079 0.139296846348837 0.10880456458567 0.191054206185667 0.213574205201613 0.126229689434164 0.0695979937665824 0.0657960852529557 0.0796523254460238 0.0841777304407164 0.113307384733934 0.0969575691230734 0.0958537011454819 0.11701316481453 0.190096870842641 0.124544564136662 0.124486690467689 0.110801080133724 0.193300675824643 0.19450962047241 0.176199796440628 0.202976282819277 0.210372315898549 0.185079808528898
0.0614026142430259 0.0523265475392197 0.0248230862098541 0.0196443359725788 0.00843479948084429 0.00480372405212878 0.00527212225617642 0.00395550022552918 0.0109706721233493 0.00579537619968553 0.0661572957590498 0.0132823494148643 0.0158450132054135 0.0288240698941846 0.0467921384838255 0.0833793376348504 0.0422587556946077 0.00722148416536759 0.011867607915908 0.016417664673778 0.0257505835931039 0.0228088968431762 0.0206705643395223 0.0804435512600731 0.0749202791890319 0.0448845423664832 0.0543145013467559 0.123191439442498 0.112003815629144 0.0892731423426078 0.131330688732958 0.0715184534999521 0.0724370803654873 0.121007548648835 0.0882062436076819 0.122969951668429 0.108570221597674 0.177657443266328 0.212240741422867 0.222682569580148 0.160305845200236 0.19926146207843 0.167379842567488 0.17839405542644 0.184811260589335 0.194809625876642 0.142902843082638 0.220595050880433
0.0100572346052008 0.0108186550176135 0.0283469965212615 0.206955181582165 0.104213673618856 0.0320496153115042 0.0399473210137477 0.00962230511865379 0.0146122044914 0.0248760761578498 0.00834036984752943 0.00822053383737647 0.0124156695865871 0.010673105428819 0.00954922784863475 0.0114092586241849 0.0101596530607979 0.0109208329630808 0.0121073187959292 0.0296232356933064 0.0492668469847079 0.0402728730048708 0.126120470528389 0.0332123274006885 0.0384375601590403 0.0295455120616523 0.0415024196033241 0.0412101399306 0.0412999919944785 0.0504951080617685 0.0659131223133443 0.0830956575120963 0.0954987460032888 0.101114785667119 0.130483219257453 0.100615079135689 0.100032855574209 0.107403102606721 0.197311065660601 0.143658780074143 0.123839661504237 0.191026798533491 0.208780470721973 0.163215122947602 0.192050275212486 0.192353893519977 0.153802434485125 0.145798257364004
0.00631968565708325 0.00722617358776821 0.0755291206052309 0.139709288663375 0.0375170848313719 0.0453238419956078 0.00650318595892032 0.009863686966433 0.0136886939048877 0.0740346557746764 0.0181754240304917 0.043242208967367 0.0459486516040081 0.0175495568076777 0.021700720688499 0.0327491006895638 0.0184962414379234 0.0155648777188525 0.0268251198374805 0.0146357587301858 0.0218592431206289 0.026959685780258 0.056163526420775 0.135626775195816 0.0307822655619002 0.0595206865430343 0.029099280699528 0.0301789359236987 0.0316885455405952 0.0475770123098168 0.0584695669530461 0.0862749955771342 0.104823682927039 0.0896658397207222 0.0928319276731048 0.109479370893725 0.125470063920493 0.122934486401772 0.181374078860906 0.112443111057218 0.178804514845235 0.126048330092587 0.140043818298995 0.185631288804261 0.180653128216324 0.159669537317157 0.16696434188833 0.174268422378571
0.00381215172452779 0.0218738123630794 0.0774337423789587 0.0618968131975088 0.0145252248956661 0.00796627944633787 0.013777544018269 0.0108076902763229 0.00806027637147152 0.00972298854047581 0.0560332980624353 0.0449423824270536 0.0833174225554861 0.0368958335125781 0.0355478088934823 0.023107123102604 0.0245611297182164 0.0325977683550273 0.0404511865849776 0.0235305826715615 0.0229070312777269 0.0392646839479279 0.113769054955922 0.0839177106332683 0.0750507554093396 0.0428068541244769 0.0380695901630088 0.0481530687294518 0.045408169678338 0.0503437232141033 0.0821732581033891 0.180847872104166 0.0928578817618761 0.0991870161062219 0.109383990247648 0.120157348490633 0.183791951352241 0.108866362035626 0.105690527646541 0.185996696159608 0.115822108238952 0.145027667109043 0.111713691095225 0.218580445609775 0.165121324316244 0.18018706369572 0.184038351354607 0.218197108171735
0.00824010022916225 0.0633404999330521 0.0490257907183272 0.126519477884058 0.0301674103421927 0.0638693491504334 0.036598600801547 0.0165469456952745 0.00968518643958769 0.0152132204011472 0.0137647266137948 0.123497326317154 0.188486339394317 0.200299760062893 0.0977261596780907 0.0619021023198401 0.0918407402667378 0.0309221311296349 0.0504808791043925 0.0219917043372047 0.0294607222633888 0.0953831415010534 0.137655369963983 0.177775795255461 0.214051444516023 0.157665098588232 0.140622311327806 0.0747832241239499 0.0919459597726244 0.0646967754149428 0.082031069354837 0.150135925822761 0.0922645086128925 0.092444523618372 0.101055912148174 0.121437450528432 0.139119620840759 0.146815146796124 0.139367869305258 0.129243522921468 0.141725406312142 0.118866727022876 0.194753314998381 0.175788832895797 0.231041920298077 0.160017787583067 0.116842266088208 0.190877325163713
0.0101770296551133 0.0279292209733639 0.0478009492962132 0.168392010019068 0.0710970545461683 0.210434861135459 0.0330383030929409 0.0183779881734721 0.0207488467108666 0.0280451426548971 0.0453550431962075 0.0163307207869717 0.0682623370395783 0.040103948772191 0.0368375271354241 0.123223661498322 0.0325636390223665 0.0369855427407464 0.0816417580232667 0.0261790718192739 0.0315519609931471 0.0548185895736519 0.0408058770610017 0.0304002724599576 0.0658821395673604 0.0858743750181485 0.092658441099796 0.0999848711776492 0.219337726937377 0.214730888783612 0.113714550529292 0.13000468601955 0.242520836537334 0.238271238897128 0.165573374133038 0.251468905640512 0.252320828229337 0.226802842087829 0.163422537203157 0.136435695833741 0.171395139230201 0.169405723457159 0.122783080548855 0.182945137240583 0.188007772548012 0.226172398870973 0.183139427414992 0.178453743949143
0.013681402982087 0.103100302865479 0.151981665675443 0.0396299946791177 0.0252803432284984 0.0202684461061036 0.0555603522214347 0.0681321296864901 0.0389929642153863 0.0240317952795251 0.0309741611376364 0.0516215440815872 0.119127040903846 0.0636886115643018 0.132958872994654 0.0349032228407811 0.0281676326785789 0.0235458135794347 0.0268173752012471 0.0294584074846719 0.0407256916138701 0.0361404048481599 0.0548799249080743 0.0455063524249672 0.0333505650614308 0.0586706712310462 0.0687788309680188 0.0660966199895249 0.0751099986207112 0.073457263421045 0.0772755728350543 0.0857363285051951 0.100977209671799 0.184329685791013 0.106939835985619 0.108777476213317 0.109905206156629 0.185061895250407 0.23803797978011 0.218925082972424 0.215976281743808 0.198696319987482 0.179279115900055 0.123570752274348 0.157780795513574 0.234129053711067 0.177870688579704 0.180314725212324
0.0201003137714059 0.109846441864992 0.0254150877159138 0.0651391418107885 0.020186720974036 0.0323748627264803 0.054132053933151 0.15987026350063 0.153063688191459 0.082281241900375 0.0771721261723955 0.0239540485420944 0.0588407255462575 0.0492404937961578 0.0437151127978645 0.0433286077678966 0.0204887953955413 0.0233237754677752 0.0282588941948341 0.0780318627147846 0.0712402767530949 0.150341659658194 0.0416096009997021 0.0317745305376699 0.0555097589726368 0.0565725868898193 0.0473008100566019 0.0465002453077293 0.0591616353767959 0.0591283210478939 0.0728618233553123 0.0790089850047374 0.0855636905440474 0.148189192720796 0.171586505473599 0.110111645768514 0.130400147688764 0.159232090351216 0.1611693962963 0.195596885899205 0.186501107867377 0.158293844580766 0.17382153145155 0.213237028904302 0.216358896601196 0.128400867849611 0.216197828332582 0.222890101465111
0.0193295386702311 0.174145079541678 0.0383954278255525 0.0295018169374518 0.0382077333001193 0.050516848497086 0.0572741118778009 0.152049773102954 0.149148006833529 0.041810591849344 0.0313969464380202 0.0375584567747549 0.0313960453127302 0.0252348668589695 0.0532114483729231 0.0224388599303957 0.0232914168778171 0.0248561274704864 0.0397840345905744 0.0968596090321103 0.176019840249853 0.0634360150127389 0.0281149767140823 0.0325795168919864 0.0426105138375203 0.0582498394190532 0.0808993064032341 0.080837752614196 0.076840562478289 0.0613698796590656 0.111667076241064 0.088232500172075 0.117656312007502 0.170134672901518 0.183050785253601 0.190533780074143 0.235059216660734 0.21624135121372 0.190411663943938 0.133271994077931 0.180491757472089 0.108501643652529 0.20369696459664 0.147400252278112 0.191381333570653 0.189706946157726 0.185780678153033 -9999
0.0189703992819363 0.0220025451475113 0.0623879411842203 0.0322397779539904 0.0991466776212134 0.0676508657658898 0.114862563143466 0.103000259053566 0.0886282223064075 0.0930406526563543 0.0393539310605629 0.0573813058773299 0.0243688350427015 0.0307293911427879 0.025837434006541 0.0240474778003059 0.0270216155632983 0.0328905017411841 0.0404090584525401 0.0532741280434425 0.0557852512483505 0.0393167475643319 0.0286271981743647 0.0325429719554014 0.0357615541318439 0.0401910995607247 0.0617424035936255 0.151493453217642 0.0540389838647404 0.0739706569743619 0.154146634938542 0.155217348227143 0.100151720091479 0.124483489267358 0.19849629958046 0.203889070224891 0.193569677477638 0.137399937703465 0.147337740649605 0.130448619407159 0.180468769324831 0.188233452970284 0.19758551187479 -9999 -9999 -9999 -9999 -9999
0.0306234931672774 0.0552260368393798 0.162389028416039 0.0521132350090393 0.0333570052715451 0.0731297243331286 0.109225089720991 0.124025112668808 0.0675362443094253 0.0401312555991598 0.0291510082319077 0.0754923446108792 0.0451084247392257 0.0389435934722266 0.0957401299515931 0.0428626482735498 0.0450259035081257 0.103886479017064 0.075154849033745 0.0307069344283937 0.0449052787507784 0.0360597530844447 0.0408359481790699 0.0534480473249325 0.0444670293842295 0.0791010048105723 0.0552883804258749 0.058292303635515 0.0550623513164277 0.0860580701436934 0.134112271355317 0.150297195741789 0.103029414342668 0.11075886798028 0.0994641173842016 0.14216295410329 0.136422151647565 0.106145535002748 0.10864784020307 0.19200539119105 0.184663635681691 -9999 -9999 -9999 -9999 -9999 -9999 -9999
0.0254995792396059 0.0646066796901467 0.0653236015274885 0.10192435326679 0.0921945947337516 0.146049463367917 0.146598607859311 0.146341806056395 0.0678552972757298 0.0808396934994359 0.0436989135478965 0.0792801039870858 0.125177998501334 0.0519485874455678 0.0729714791703188 0.124353323924773 0.145194230351452 0.161701282873051 0.0545524908464155 0.0460786951161345 0.049530168817694 0.04386913590512 0.069628930301013 0.0638943411986854 0.0373904567731417 0.2033260958759 0.243348678705824 0.152221612864544 0.185775821738883 0.128747614139512 0.0770104781588403 0.160493531323569 0.169444339511544 0.0976070262936009 0.217519932471309 0.117790854844503 0.142336423872398 0.164271855140795 0.143549149465438 0.139948126775196 0.147306552052156 0.187108848608397 -9999 -9999 -9999 -9999 -9999 -9999
0.0779803326317691 0.0950603327957781 0.0826288788129405 0.0603278175335304 0.322955977294701 0.104985742643524 0.107538972975618 0.103089791837621 0.0799216967914461 0.173141011715082 0.109010290019004 0.0613286967629462 0.103439302418622 0.0493021190030511 0.202894900072809 0.229181913678566 0.10820804905106 0.143342373769529 0.0636627120891843 0.114993199003686 0.0592060572826988 0.0777894032976027 0.0683725852026775 0.0534021928608763 0.045466891959472 0.0615677953398858 0.0473903512427581 0.0473127032300095 0.0518430360567073 0.0800072385777139 0.155747117474541 0.115325619712054 0.144327066352128 0.107321703056052 0.190059615928554 0.136791457577592 0.141315770299206 0.150607082016332 0.183836717744269 0.185857254897954 -9999 -9999 -9999 -9999 -9999 -9999 -9999 -9999
0.106407008373601 0.142141545550947 0.116384939752233 0.05667092927636 0.0417774455624541 0.0674050581116165 0.0694711346505855 0.0889216908763673 0.0500608791003595 0.0916765884272021 0.0524405892507423 0.215953528855368 0.109856994903353 0.0423648154105549 0.112228798677066 0.13977606855899 0.178729198415404 0.241712806522073 0.106372870638839 0.0987677596880925 0.100272155801563 0.0613007177679289 0.0428532085135192 0.10730238662676 0.0629360312119889 0.0503178699505392 0.0919131327655575 0.0740412766299537 0.0721906551568195 0.0794930804332419 0.0951993455503013 0.100357143049191 0.0997750791276227 0.103465550580915 0.185682776876774 0.138636819335747 0.118268514263944 0.186149664803238 -9999 -9999 -9999 -9999 -9999 -9999 -9999 -9999 -9999 -9999
0.174653457040933 0.0569514922197893 0.0705876771969409 0.0732491601932403 0.141872157401323 0.103494924324632 0.104999236417097 0.139320985583877 0.0713751052615164 0.617564275397466 0.065666856744588 0.0889582232098014 0.0576664269603378 0.0967635310116828 0.0489082957434555 0.0880023498322806 0.0880031480318382 0.0617996555071535 0.112937465450562 0.0661896438463822 0.063685078480997 0.0428635346951637 0.168105095087581 0.0789575977574323 0.0499837688220497 0.0503167482701083 0.0640024678313815 0.117120434432964 0.110062871574497 0.0724042029458168 0.175038357269686 0.0895950352189171 0.200948587075875 0.126993776463256 0.0984713083724177 -9999 -9999 -9999 -9999 -9999 -9999 -9999 -9999 -9999 -9999 -9999 -9999 -9999
0.0779218120010497 0.0664041536758988 0.0782276232567994 0.0791787914579809 0.0993070569175771 0.0874672956636019 0.106999927809152 0.16198392953743 0.134256342174404 0.054084842529847 0.0867804659495799 0.096111141508044 0.10272930811323 0.0999331562484204 0.101141882441572 0.0435719115961894 0.0342537761728795 0.0365927781458271 0.0809934183321198 0.0556195408191524 0.055103908106024 0.0755401525633263 0.0445663968270442 0.0584158439217725 0.0606196897043751 0.0547831117038438 0.085941549812492 0.131887277485489 0.0799272505799466 0.109155965639307 0.095929067987916 0.0970724594467573 0.0938568663176053 0.159699852096143 0.199486756004074 -9999 -9999 -9999 -9999 -9999 -9999 -9999 -9999 -9999 -9999 -9999 -9999 -9999
