PPM-results/Best models/ASCII/Bungarus caeruleus.asc
NCOLS 267 
NROWS 469 
XLLCORNER 376490.070567719 
YLLCORNER 381033.488324056 
CELLSIZE 919 
NODATA_value -9999 
[rows 357 to 377 of 469, columns 48 to 95 of 267]
0.0135860885025521 0.0369994860267017 0.0645565569589827 0.0257977970969331 0.00788385063834455 0.0101699781921798 0.052395495176791 0.00985815943449695 0.00340515974762644 0.000224243515375332 0.00162505513563444 0.000935518763671898 0.000178665697045702 0.000626049771577972 0.00345481773760065 6.54099429574248e-05 0.000548985606359352 0.000452213985962745 0.00236846183819678 0.00538760755360944 0.00017013802442068 4.44846960151194e-05 7.76543307344152e-05 0.000190588901398753 0.00942949161342648 0.0119059309470337 5.29511908451052e-05 7.643861077713e-05 6.58795908426547e-05 3.66515792622957e-05 1.63289850885773e-05 3.17721475411166e-05 1.91045880491663e-05 0.000379748132866299 0.00189626417799864 0.000533391865586959 7.32368196736169e-05 0.00100771867059175 0.000231269591493061 0.00182334339710337 0.00045517480744654 0.000440352779922367 0.000433552657951593 0.000662000653393555 0.000659952903936532 0.000958637602978666 0.00206831084131611 0.00836395979524283
0.0231284140255392 0.0319056726244506 0.079615574657974 0.155693915373505 0.0740928655276734 0.0901721419011279 0.00425481928316706 0.00136187679477271 0.000323329668333548 0.000380881989778912 0.00732600734716646 0.0250926108936125 0.00737884343169482 0.000184564759367914 0.00264028869752115 4.79151982048496e-05 5.23857475257221e-05 0.000406871918760661 0.00159001483147201 0.0022641639377204 0.000184842242022491 0.00035701687327068 0.00143771008507329 0.0189676034829597 0.0324483559004793 0.0242746327912343 0.000915128900385334 5.7997837906881e-05 0.000227568745152198 3.90007253604346e-05 9.7085451982516e-05 0.00240133138089801 6.90215415948805e-05 0.000130938926613667 0.002821485510964 0.001138020416029 8.28167405270475e-05 0.00010868814573609 5.77494015766634e-05 0.00112771734016113 0.000175687562639761 0.0010130692989252 0.000563789287109154 0.000699710659382068 0.00083136251736042 0.000998800169005733 0.00111522893043881 0.00297171349440205
0.0190401367169646 0.00195990365722938 0.00875675799856452 0.0407120718087881 0.206223913158039 0.0185677979277328 0.000915857848254299 0.000628484083304273 0.051224217146039 0.0239093241605697 0.00382470236230772 0.00142169449977321 0.000467870906593209 7.31634161657852e-05 5.11366571161284e-05 0.000294104963439267 3.98197619633856e-05 4.56468730939835e-05 0.000201448386686826 0.000343034005544513 0.000312659033384873 2.12047049930947e-05 0.00639882136677038 0.0157885962506332 0.168368719396189 0.0124020991438461 0.00514193695860225 0.000176400920673617 1.67216161114304e-05 6.27903624512128e-05 0.0166674885321409 0.0178152574853978 0.00550990905515892 0.0135757392151309 0.000127006169167801 3.57483247290537e-05 6.31346188311126e-05 0.000171170530994736 0.000197206589478053 6.58491865616051e-05 0.000164482705067801 0.016234556645013 0.00625410358593588 0.00160146387509283 0.00242284469693354 0.00136668896661187 0.000996162237622563 0.000818486626389069
0.00207991191044477 0.00481972322707611 0.00159900678579691 0.0279716662850993 0.0284725428090387 0.00695391191973749 0.000688163219286188 0.00274152140667027 0.0272230496237472 0.0247166988119833 0.0120486206708345 0.00856631388570804 0.00381432865628163 9.60112713176626e-05 0.00463331107224785 0.00303264158951074 0.00370844879780056 3.81468249630753e-05 0.00165344648999559 0.00179227216649744 2.14465053869207e-05 2.80936397929284e-05 0.00011499722892683 0.00375363713281812 0.00278885306503925 0.000220943705234868 0.00235328685680576 0.000710701132105757 9.82512188260432e-05 0.000228521891260375 0.0535520107167785 0.0992476876746965 0.00120753742719916 0.000233336836449146 0.000260509836991392 0.000383815405973621 6.26709279039294e-05 0.000386445066539007 0.000148845608143454 0.00016262538134404 3.20142228083511e-05 4.34926778838757e-05 0.0325592951363533 0.01819294451078 0.0226337634581487 0.0216647533963307 0.0201219344767898 0.0058888359155117
0.00504628744530569 0.00308520408063812 0.00405220761580514 0.0248051393229601 0.0239830252865587 0.0152304825168418 0.00296582362187738 0.0011413404273137 0.000576978287610894 0.000170604488697477 0.00203310341412132 0.0100715087238675 0.00204437509464966 0.000100921330910948 0.000111708963469523 3.48155233556929e-05 5.02594252997529e-05 0.00505393913330114 0.00155859753934737 0.0014681470883663 5.11235616546373e-05 0.00069133888510813 0.00122903249492244 0.00526717709483861 0.000219623804153177 0.000254724416361945 0.00121273832747416 0.026433697478133 0.000678803213569903 0.000199910999200196 0.000510191368364928 0.00847295919613944 0.000116779729647247 3.36553073139819e-05 3.11619613949723e-05 2.75452427274599e-05 0.000102762080178436 0.00223561937630602 0.00472329074302935 0.00100743339301962 6.77587813614497e-05 0.000177175965223445 0.00187306715977139 0.00520753373342568 0.00806746226801464 0.00747482640335917 0.00508860357474428 0.00787996099089535
0.0030882724227531 0.026501281874881 0.0988609557880122 0.0885834559143798 0.0189105070082929 0.0111922418179 0.0004691582331247 0.000424303258012814 0.000507840782258336 0.000310759436592439 0.00180122631136961 0.00787153420911901 0.00521697191806245 0.00175090468673037 4.63772896895194e-05 4.39199009046697e-05 0.000194850013592708 0.000399057111858913 4.7900133501029e-05 5.08705181178864e-05 7.61445126403974e-05 0.000179939419394767 0.0146861387756809 0.000154806800061161 2.00572992829958e-05 6.97188667141046e-05 0.000351815447864394 5.82560260892177e-05 1.36054726901913e-05 1.96829011876903e-05 2.65729006091584e-05 5.07143366882172e-05 0.00038819230961655 0.000330389270801937 8.11208126225404e-05 1.24645911209559e-05 1.68170515434702e-05 0.000337382411341707 0.0019013280190075 0.000367523404691898 0.000133974259304104 0.000225468761542386 0.000212286620568094 0.000597302378203654 0.000595124724394296 0.00109136840882934 0.000782690527020584 0.000873433147921939
0.00465704595619669 0.020267883165363 0.0561975171187759 0.0142230832573559 0.00319766908546899 0.00820136707050075 0.000938522252072832 0.000612954572652527 0.0049071680891311 0.00331469222987851 0.00740106068622174 0.00879984554586498 0.000710661615976346 9.33282935162057e-05 0.000160579108818764 2.80448723271563e-05 0.00132568356486778 0.000104339180718711 0.000144324670834475 6.40028946974772e-05 0.000366673282778258 1.10951820563247e-05 0.000126617407911255 3.23213302522228e-05 2.00074138619429e-05 5.65242784872549e-05 0.00351946323709612 0.00603930178342315 9.43372348237184e-05 0.000202391817866178 2.19068855254375e-05 1.46020764893804e-05 0.000202427247817756 0.00295827617244256 1.81713702631047e-05 1.95688451335193e-05 0.000150329563521544 0.0019775983498224 0.00198546140316122 0.00186308598938297 0.000697262169110995 0.00024027519923145 0.000311987817136867 0.000482344772073528 0.000311845014247274 0.000698832049096062 0.00165646888312288 0.00311769946729674
0.00835007847477945 0.023201709750174 0.0433805579559423 0.00351278540507401 0.00460785113201838 0.00341708442891124 0.000496023359039084 0.000636288256297442 0.000442651771879927 0.00415142145771808 0.101189581166712 0.0223640329229254 0.00237634615935276 0.000475074952986466 2.66959618443986e-05 4.33440288061167e-05 0.00055434184703344 0.000130191607354803 0.000489357079905304 0.000102959529542672 7.43436487352578e-05 1.59460833536083e-05 1.07955936309517e-05 1.49458149175217e-05 8.72534660596169e-06 6.93077791726478e-05 0.000514664600778475 0.00470811182315366 0.00380700333738158 0.000730372221942059 0.000603028934897802 9.31521058152453e-06 0.000270042627311737 0.0429021969611014 9.11079563793562e-05 1.6727615121006e-05 0.00219877642771518 0.00419969966523343 0.0118083500008604 0.00295433401186457 0.0001412901504565 0.000178738673884362 0.00027367049681394 0.000220958573014456 0.00036344641665575 0.00184699491646027 0.00328492148690697 0.00678668858729903
0.00331062167470064 0.0169558654291336 0.0119786742335537 0.00239470474917646 0.142145813818054 0.00263098835984745 0.00247852751817341 0.00887323684439417 0.00154249241916272 0.0104538673171864 0.00937403249811524 0.00172405262345677 0.000366674398682245 4.83893548344964e-05 4.14835789101574e-05 3.50134773382765e-05 0.000357236410969712 0.000457209888111243 7.84783848027182e-05 0.00363504174533273 0.00283583157261714 6.62407375781181e-05 0.000101637708449709 3.12503639652135e-05 8.79547419712646e-06 1.52847851125433e-05 0.00123207195481659 0.00201840800887894 0.0012185766058498 0.000195363296605889 0.000121841560387901 0.000707491135825871 0.000546894139722614 0.0349828474476973 0.000795032031265124 0.000262446143742919 0.00196636001513084 0.023933018084278 0.00108965175464932 4.03428009312737e-05 5.76203546652592e-05 5.68712425753578e-05 0.000133695299717779 0.000170244675303175 0.000653153241455635 0.00339343330340281 0.00529781430443513 0.00789165041336318
0.0913107021521208 0.00194772363085586 0.00498302960523839 0.00413887108250379 0.00178650189262357 0.00151234673245164 0.00147785794742429 0.00262903539658789 0.0204175518839795 0.0320305257389278 0.0143175228681653 0.00598026809943543 0.0188974228371245 0.000395222439091408 3.57825649300576e-05 2.74524791059765e-05 2.14022282039186e-05 0.00248267237942851 0.00220454420721543 0.00226265208474265 0.0740117432463243 0.00203942625739284 0.00260374139784538 0.00183442445497422 1.04907990211701e-05 4.36678214761426e-05 0.0011012003762906 0.000817663351812521 0.000308763281284449 0.000210136043840766 0.000241814473908646 0.0241490928050325 0.00363228191784937 0.000395511195658322 0.0368018350120506 0.0717828339976146 0.00561766652055974 0.0144946097415836 0.0575634550163633 0.000402883087139463 1.43836946945696e-05 3.76210454662786e-05 0.00016868963027699 0.000101148540449888 0.000657766913667979 0.00259464769933345 0.0368250164076221 0.00739150487217649
0.0304711336759419 0.0032297388532188 0.00441273807688151 0.0128228374824699 0.00222774608290709 0.000642348402642205 0.0176508619849445 0.0400835022603667 0.0161237087819831 0.0136140485928431 0.00128922724418763 0.000550437430266766 0.000106227158981401 8.3768286625832e-05 0.00155564892716602 9.22571979976685e-05 1.55310911738451e-05 1.76629918941007e-05 0.001032470865128 0.143880276250313 0.00234078216801351 0.000621037327793907 3.3122567776327e-05 2.12167358329514e-05 1.86282365348398e-05 0.000124472443524567 0.000132145227028476 0.0027087925991542 0.000318406825075474 1.1666175151877e-05 2.30728185237863e-05 0.0232909505612334 0.00379349039651664 8.52246315854278e-05 3.61427475572972e-05 0.000765673319430321 0.0524024689202938 0.28499619418451 0.00504624648506523 0.000329399234220788 3.66535320942725e-05 1.59468187425407e-05 1.66100103280537e-05 0.000733326544926166 0.000953799765347815 0.00224625170949139 0.010645145338528 0.013905806285067
0.00870507195155658 0.00260800546390283 0.00269051435441754 0.00424420743010192 0.0108261076808508 0.00184776265840312 0.00704090306835976 0.0133962566927773 0.00277054698834434 0.000220905501933676 9.05631901044327e-05 0.000664124940735783 0.000226386543340396 0.0130597840713918 0.00238752095315849 0.00102063676899036 2.30610215314562e-05 2.07756973464396e-05 0.000221124875529181 0.0057768028311651 0.000290054297608923 9.10548217084596e-06 1.12146760911368e-05 6.97561684715427e-06 7.19700071087049e-06 8.60839104758995e-06 0.000385033841844286 0.00101681361629048 0.00045025623088018 1.63773453724719e-05 2.98340294969059e-05 3.47012416591717e-05 0.000182733610156782 0.00638739713560291 0.000190915795625448 4.29479157115404e-05 0.000273766218401506 0.00432897517285137 0.0143916493504975 0.00165915506094312 0.00105534230195678 6.71307735722235e-06 5.48928350638622e-06 0.000176856668990072 0.00428533492487043 0.0108442163081815 0.00217688698639471 2.96891609541607e-05
0.0119473722077467 0.0112133541961972 0.00176261078211659 0.000693953973280278 0.0048129479832001 0.00962211817191531 0.030188634048323 0.0323976114138705 0.000115691994031026 0.000913903572166516 7.50600590947253e-05 8.25833442851214e-05 0.00284190891701158 0.00541952083223546 0.000238696802273308 2.4556956467051e-05 1.61632569361982e-05 1.26149345676359e-05 6.23408049403318e-05 0.000208333694798703 4.64590050410167e-05 8.93935299047166e-06 6.60705006813221e-06 2.87526467384913e-05 0.000118048364786961 1.52515479943509e-05 3.64230240744296e-05 0.000470957989331029 0.00693638461274248 0.0500268253866042 0.00010481928199864 9.87639541437011e-06 5.15713468474218e-05 1.65715362560414e-05 5.22739314847009e-05 0.0133370712458473 0.0010948047366943 0.000215890448903524 0.00183343418864813 0.00295467403437346 0.00232034458342116 2.02342910912408e-05 6.33717053511124e-06 2.74456195785288e-05 0.00410685750380178 0.0205452218026848 0.000289576231212735 1.37363821766322e-05
0.00429382183417923 0.00218643387320807 0.00876424794612331 0.0100022355048977 0.000933389225016791 0.00938582274579035 0.0593911471569442 0.00119973082547378 0.00122539674845092 0.000288573033528683 0.000112571311095959 4.60552077987672e-05 0.00101528935708605 0.041555260414034 0.0166539359438638 0.000473207060995537 1.89054750854202e-05 9.17813141783952e-05 7.40191011890056e-06 0.000104651921016162 0.00128151962971002 3.54809877750612e-05 0.00011390537431207 1.88523650300527e-05 8.36253278378876e-05 0.000125732807846497 8.87695570109717e-06 0.000501261412352698 0.00631421326393243 0.003944965829329 0.000144977244921762 1.4069679517839e-05 1.03898035564906e-05 0.000201791855369794 0.00196900339475112 8.58256115236818e-05 6.39725929811322e-05 0.0465081600865 0.0106702970266915 0.00355700145951209 0.000153626108001811 3.40961565686137e-06 8.21732105954179e-06 2.01619481024553e-05 0.00463825833411081 0.0106356509648435 0.0387297011971044 0.0136051948793297
0.0019875674421912 0.001870946679631 0.0111319199868631 0.016666275478866 0.0427767409959057 0.0097472317515113 0.0502492794022436 0.00241010947550593 0.000530307211581345 0.00527264948798943 0.0208492056015528 0.000228565854595381 0.000149752641160415 0.00184345054283283 0.0602698262351491 0.023249975617104 0.000329701217532015 0.000100619109649606 0.000148672462511634 1.82286239325404e-05 0.000464239590916929 0.011764295686859 0.00288795400372529 0.00183683257577754 0.00113585713768865 0.00126241758526553 5.55774954933548e-05 2.50640897005404e-05 0.000320904283839141 0.0059481389918501 8.93919668186175e-05 5.10250913329866e-05 1.07097418449154e-05 1.18101298431036e-05 0.000298219728107436 1.92621130764667e-05 0.00016511324005135 0.0103936526129323 0.0138506233888132 0.0162802588209957 0.000125651018648412 1.3377967764901e-05 6.82177799533947e-06 8.78650081111569e-06 0.000992296811854013 0.0048769021473551 0.00692760494274069 0.00406522194451226
0.0142500350955742 0.00215185673484154 0.0343728108326872 0.0712468892062717 0.0477948871806261 0.0742523794076748 0.0816460094861732 0.000534017625157859 0.000279816403662153 0.00159081303102956 0.00807470015255526 0.000239038465817474 2.35749691639232e-05 8.36298406848927e-05 0.000440744068373236 0.000226675135803782 0.00103114865018657 0.0166186922826101 0.000273985493534894 1.43139906956351e-05 5.34093473808249e-05 0.00415075585381071 0.00022496483243027 0.000116569258668107 0.000569959973590013 6.2422672087592e-05 5.19422372298279e-05 1.30007306785704e-05 0.000273455586834382 0.00101389664326923 5.17086317559043e-05 0.000150474450525936 0.000277144601310916 2.27021989122004e-05 6.77984544148595e-06 7.72667458950314e-06 0.000482691719751278 0.001134677036402 0.0206004088999889 0.0079353717941281 0.0020180623412087 1.69029064064476e-05 7.0622655609458e-06 1.79798799082089e-05 9.86763843988618e-06 0.000338882809893248 0.000217752367526054 3.70362379306555e-05
0.00960250136752589 0.00163907193997008 0.0164470583724849 0.00200426162839801 0.000553544697738464 0.00132366404121748 0.00136229716236864 0.00396034771244745 0.00104535174484659 0.00325482988871855 0.0344834076829615 0.00161494753988847 9.13526429439714e-05 0.00014576448236368 0.00575406517153191 0.00196945697690101 0.00605507672731056 0.0370410890278514 0.000160898323000374 1.73996672713546e-05 3.93897979008595e-06 0.00139526280409555 0.000265429020740804 1.09165133151586e-05 0.000964765556900975 1.9522229475251e-05 2.73232332190453e-05 0.00657456863027343 0.00021736373755233 0.000142631106020764 0.00660401116619005 0.000337340991611376 0.00212517140075183 0.000370716629591277 1.27441260952737e-05 8.07118789398815e-06 0.000107271423573199 0.00286805074021834 0.00641837042922366 0.00165898045478991 0.0018031417277421 0.000165502477208126 3.77079675150081e-06 1.37955425239276e-05 7.1939355646717e-06 0.0050892300563707 0.00768809534764263 4.17763929367876e-05
0.00503433965824422 0.00405547892116289 0.00315633390127612 0.00141874418091517 0.00099948585918486 0.000330930123207731 0.000841650495703771 0.000539317479859913 0.000264770801492173 0.000175053745585662 0.00261114548643861 0.00641541078928526 8.38254274740926e-05 4.24055576558823e-05 0.00096228628080815 0.00291552497173197 7.53876015303536e-05 0.00188854225369343 0.00236596536405428 7.62446937413219e-06 1.27711406128343e-05 6.88185455314159e-05 0.00543535406569582 3.32449069560464e-05 3.61909119426059e-05 7.59635433729057e-06 6.38319234373958e-05 0.00251821694091011 0.000246166384584343 0.0013095436547353 0.000568516125114033 5.29793469078287e-05 0.00030733689342379 0.000186267710903396 1.01347784696457e-05 3.92720500301442e-05 8.62337164835271e-06 0.00258933415839721 0.0135973095079111 0.00557078384944189 0.000130473348495918 1.90612113842712e-05 2.01311156137637e-06 4.91922477529338e-06 3.4676183050529e-06 6.10850806456407e-05 0.000503086473322961 7.34090052998014e-05
0.00108122142823678 0.0142818023877022 0.0124168931424878 0.00791683413453524 0.000288843410500522 0.00238328393136237 0.0517758192518608 0.0491513769160822 0.00431624283964584 0.000150965940590671 5.93602376995957e-05 0.000440730119573403 0.00363359500863467 0.000122496431924572 0.000504117240399625 4.59838145591469e-05 3.03687916105368e-05 3.6608432342339e-05 0.000460451523551222 3.2510231873973e-05 1.60744430814913e-05 2.72519112618948e-06 0.00039400308424099 1.73255458105904e-05 3.14574026165124e-06 3.01456436339004e-05 4.20354221497025e-05 0.00193291558495223 0.000345323446676774 2.2454074378685e-05 0.000137026511068222 0.000572268582014282 1.32586993724391e-05 2.14758224821009e-05 0.000471303821104793 6.03040463170606e-05 8.27271266676442e-06 6.74246255536648e-05 0.0123791257002647 6.9330601870729e-06 1.9092784902954e-05 0.00015952013234573 1.14991485303369e-05 1.67468790802471e-06 6.72289997898771e-06 0.0025221895591028 0.00374526470213007 0.00781306346587188
0.00595881648632622 0.00355441650074759 0.0674874197028049 0.0400544015849185 0.000715524266060548 0.00055125978586356 0.00300699128918941 0.00556970470464533 0.0345516537451322 0.000430565415799878 4.69873691683708e-05 0.000196601211565263 0.00340969005524684 0.0127386536857125 5.40405798043657e-05 6.73011950854878e-05 2.08112831963687e-05 1.16644777060149e-05 5.96678374540498e-05 0.000315580076173612 2.43176812162538e-06 9.12299201722566e-06 0.000134469072465269 7.95715276301692e-05 1.78344764905289e-06 2.17468815092255e-06 3.39915226210364e-06 9.50604800951044e-05 0.000138821032372025 3.37740033953918e-06 2.91533839627772e-06 1.20106356355391e-05 2.23040565749424e-06 1.31538320901587e-05 0.00122700299377767 0.00828605184250672 0.00937515522880869 0.000157866067251077 0.000311576672159176 1.9791736698394e-05 0.000163847394671603 0.00712754185388787 0.000988284414966272 2.14294245174182e-06 5.21934756277768e-06 3.86955420304223e-05 7.69269746696664e-05 2.30486009457218e-05
0.00118453523267971 0.000974841250921206 0.00398278841033735 0.0434192286239806 0.0395070299367517 0.00200519925031249 0.000266693257905982 0.000686407245900985 0.00154948244173547 0.00078908340967762 4.63318576279428e-05 3.9369884450626e-05 0.00491662780415066 0.000342108461649654 0.000791355455835971 0.000270936597687913 0.000778480483844374 4.36583075741383e-06 5.95614573423756e-06 2.40339718584564e-06 6.12430825988177e-06 5.09177091641479e-06 2.35229483457192e-06 0.000269801674102372 4.10275280278244e-06 2.89526212457566e-06 2.61546232819049e-05 0.000341040607175784 0.00137923238383659 6.84483197682959e-06 1.72364383644164e-06 3.83914212707503e-05 2.48567151498338e-06 1.9115116059688e-06 3.42855858857693e-05 0.0229481028460133 0.0263346514156666 3.08551226706268e-05 4.07051363916641e-06 6.78556957765307e-06 0.00188116941041183 0.000854766043466621 0.00173989452158338 0.00422231076822624 2.95303297653466e-06 1.61900040162914e-06 2.10555582201064e-06 2.25769427922805e-06
