PPM-results/Best models/ASCII/Bungarus caeruleus.asc
NCOLS 267 
NROWS 469 
XLLCORNER 376490.070567719 
YLLCORNER 381033.488324056 
CELLSIZE 919 
NODATA_value -9999 
[rows 273 to 293 of 469, columns 48 to 95 of 267]
0.197242924624688 0.167599708736141 0.183128907985034 0.177337188799637 0.179184676289245 0.260293178193363 0.164906785079375 0.226674390773768 0.172885403010452 0.222698449550293 0.232302974773802 0.211289472396478 0.325354306500026 0.340151481135738 0.207053049250022 0.188283311035279 0.14428243439371 0.151705202957109 0.143114122304472 0.133053724308393 0.217263836444844 0.135123892670357 0.133675757022543 0.165167687107387 0.205004197017295 0.137124273184689 0.122116163813268 0.238155357125573 0.14024525866102 0.213601478420179 0.151255035210851 0.208127593896499 0.204712240825444 0.196028619436734 0.155493978987489 0.112129805127728 0.196781447651015 0.122716174621731 0.169956867648498 0.128793321566808 0.122054240331804 0.16157215939094 0.161688494875929 0.156951424162774 0.17519582943924 0.168246099139948 0.165956157032437 0.172288803454836
0.173911501144837 0.161648618506453 0.234621416806567 0.22253697798085 0.158402315699587 0.22606668364115 0.151394089975877 0.142005297087523 0.146515460671716 0.171554022952657 0.155500263758742 0.190135806176848 0.228559183590066 0.158463432579394 0.193729804710984 0.213598100775736 0.200208630879723 0.149370830541595 0.217676329171986 0.147896967661726 0.154294831189028 0.162473167051505 0.149094922361902 0.203291378396196 0.213150268813446 0.209076275075901 0.127214029128537 0.230226782105704 0.244462612399941 0.133903411938457 0.251973518998695 0.223354855258021 0.183958917895479 0.220701085390078 0.200401274242413 0.107619137417498 0.117523886499854 0.185525909658463 0.162126933289741 0.121736246030176 0.174494707752087 0.115335340942455 0.138639936515072 0.207501637401366 0.20103339787939 0.179909374270698 0.158725410076283 0.161457621955482
0.180795392583782 0.229996514136501 0.233794885365772 0.202022140274481 0.233279567731417 0.166319194995413 0.234136481168002 0.231971427883897 0.176324685264033 0.230484306489272 0.225519152353072 0.162133890229043 0.21666352316076 0.167148011807573 0.140969183649216 0.17271783151597 0.182010571590199 0.159233384274709 0.127107103996227 0.13517927091545 0.135946769197388 0.149303882603968 0.18385323627406 0.153688754063928 0.14281008389195 0.211302226785198 0.200459248736593 0.16133263230687 0.24725584033374 0.192293667262835 0.158867422380722 0.129645008896816 0.128372065448734 0.186967626101415 0.20185347650692 0.14170582941773 0.116097125795981 0.194072291135878 0.200694894050184 0.119030643603595 0.175223858846861 0.103015038348531 0.173520685837258 0.150232331525112 0.178470094436922 0.164413346514997 0.143111668891095 0.148765946514782
0.165602747876756 0.227279896556026 0.229728924036407 0.153994691351187 0.223470720225375 0.157440695285252 0.221942159670562 0.222037725162853 0.221284207976322 0.149442970977397 0.223792722328992 0.226005365110929 0.159999017290313 0.22064689184117 0.136314865224929 0.135383685621089 0.178785542902067 0.419929258345907 0.220793138804315 0.149617012089346 0.145015299216951 0.234831082825085 0.153623503350623 0.130103309876461 0.163351220173215 0.214608234918969 0.144235433042921 0.20635138982843 0.245928409263229 0.160796998393249 0.145715698323452 0.166001814047129 0.173695802418084 0.201734990084177 0.136455726441585 0.19983065398187 0.105713734248414 0.12435313907856 0.152995732001759 0.181503269559821 0.116567366160587 0.148890784925583 0.107211038988973 0.113913327425424 0.159602673400536 0.131347820616093 0.235708346149337 0.133166967820358
0.152093716089122 0.224214154891179 0.193756741845526 0.224007547237282 0.162471789107006 0.188442312387143 0.197727272116211 0.145397762836528 0.207473641602147 0.217521982583857 0.16128547971827 0.21684188295242 0.21349927526841 0.158639406174482 0.199446291487556 0.209612547549168 0.128159525911809 0.207941773039501 0.162870065479923 0.26585869602625 0.153354232830408 0.185953895859122 0.141509287480359 0.162450615813479 0.202119386186893 0.202550666010989 0.130252993298753 0.172184768645135 0.140069133828121 0.156930536540668 0.138755188129082 0.204795219971027 0.185932403285773 0.18785394689012 0.152652405366805 0.107123976422496 0.180852241196481 0.122412589922642 0.10762012886537 0.201229435690725 0.103605201895084 0.177073329232212 0.110703346899477 0.136785534096665 0.126639149002987 0.223251089315539 0.232339725561852 0.18026098537685
0.193558452271229 0.274439912612776 0.175356393581817 0.222260935367547 0.196660927919925 0.188138996555273 0.158789131607277 0.182417149238514 0.244575284569065 0.198718131840654 0.231179983615232 0.177285650314521 0.157922370908782 0.218993627309166 0.145274756083659 0.23164776216436 0.222462350523269 0.211663634740656 0.126298637071735 0.21246089326294 0.264353980632956 0.177245891574454 0.186354104715178 0.126888372111156 0.13839275511735 0.194032952500842 0.210710702098347 0.202296586488669 0.158312715698727 0.163252713945712 0.195031138857013 0.234288424755358 0.120212239413891 0.128158509257636 0.128776887058023 0.136266578352747 0.110894477884058 0.118628166180375 0.124867952586879 0.18243109672552 0.0993641827995961 0.100937106445608 0.176289060357464 0.174651776620812 0.114075630802827 0.156879350943778 0.205090301744303 0.114435282719259
0.171248589791434 0.152459325094883 0.18052839063073 0.179235794669331 0.135703192300826 0.221129441283163 0.190363318257052 0.166584264465325 0.218931636610896 0.239473965990448 0.264676520471012 0.172448174499127 0.17482968269904 0.159690206484647 0.132208985515585 0.141900842172791 0.206026178122382 0.214623425916864 0.204694730847781 0.122520834184746 0.22568055670571 0.181751265961302 0.185760916412408 0.129711377089502 0.195318961215366 0.195010889794553 0.14798300517193 0.168971553310455 0.19459046548444 0.15753261426588 0.119789193648388 0.185457953468764 0.146260725785549 0.180331411784128 0.111345796718099 0.13332523818947 0.113147324717394 0.186306985734981 0.127423291846225 0.204364158601546 0.102244607733482 0.106981569219328 0.142727894543824 0.174266792371054 0.107138066745212 0.214324126289084 0.146060486923912 0.131754045376183
0.223223395991943 0.221638692600882 0.162458312137634 0.220320150952812 0.202012242599968 0.13635163281718 0.22430099900304 0.226041897444363 0.222492497260243 0.218504557837103 0.213662343236968 0.196718247050258 0.13098205197042 0.165589825446024 0.142165525146076 0.124649918076158 0.159534011434385 0.143253059440089 0.208834025711234 0.196269541269505 0.157645504889619 0.184573279491776 0.209238771701618 0.131967685588287 0.195699492351803 0.127991567920699 0.21459993364357 0.196950161831179 0.207183651501839 0.142356807368467 0.162277717387213 0.123197094056206 0.189829196721541 0.22316663140025 0.201549538919605 0.196713121768888 0.158878294698906 0.178310084832985 0.105953135300975 0.186510148527629 0.149150577876315 0.15622351657889 0.111841579468546 0.104790763496866 0.167563697332945 0.120611440017874 0.173611999866642 0.164574868497043
0.225315418217582 0.163859698497678 0.14029977148975 0.139238040046697 0.175580175129352 0.142207418019696 0.217301494659759 0.211630496855867 0.183759384810293 0.204758889288007 0.214155294479511 0.205957012030195 0.175343219088067 0.165813018846517 0.194536154306124 0.185176399077463 0.145274268761823 0.159162420132992 0.207408458105648 0.134169531670945 0.153154565311612 0.274100618986112 0.191969447004658 0.215394066584429 0.190823316461019 0.179014651381386 0.194992573215233 0.138124274394592 0.169044365914304 0.168128704990283 0.192466061563065 0.13018485226284 0.113739235900872 0.148242008325205 0.188704273079831 0.236844461389054 0.205512389670337 0.179515399773291 0.110466844571625 0.179503300748419 0.152132130493092 0.174356140308896 0.126241796861137 0.14613882810996 0.0930847384782331 0.165393317117055 0.0999155958581543 0.138603891503473
0.230053211511389 0.230083895982801 0.162227859322218 0.214514064175379 0.153479558563045 0.14944176107491 0.163062355954387 0.19474955085731 0.13789388879598 0.19375790133541 0.209916669982696 0.1530781230003 0.139556269607142 0.167052463119484 0.152592683235699 0.144722284360424 0.138476742515005 0.194302256629459 0.127551247436351 0.142661081039806 0.143681264095364 0.451995236748341 0.149628657400785 0.12067920295926 0.139834085063673 0.146863391657803 0.11354836538141 0.131274571103012 0.213830738137309 0.232231926611079 0.125614689278221 0.21571931189888 0.105182780304831 0.138583331563291 0.165742861306458 0.212814756132055 0.234296574792945 0.17945408124307 0.166087364235498 0.178223492784142 0.188474929341695 0.10510801841364 0.176838809800103 0.170831694363575 0.0917069284124896 0.105820953454245 0.210695880792879 0.233359152428355
0.222804400038932 0.144644867405442 0.143563752316291 0.12902982389466 0.203058488971604 0.210168380112645 0.2715707128853 0.224796706134582 0.29465205624272 0.181395974735085 0.129881956536001 0.21017858026278 0.197344354783202 0.135436375193988 0.1955926512405 0.193483337491813 0.143488620732674 0.115751639821171 0.133559043443028 0.171992797450493 0.129122549476946 0.187963745540837 0.201189256845628 0.146372339289997 0.131034724739118 0.21248446955724 0.119983920732029 0.122963960970697 0.189433508195611 0.143770057494566 0.11619558161088 0.236515267087318 0.130423631559957 0.109344105476072 0.176900010700915 0.177176809503273 0.18371497130649 0.217273431643736 0.107615482503735 0.176368729075409 0.198798556747653 0.175608507012595 0.185382670647335 0.130743465921618 0.0927274643562727 0.122021211674322 0.21647726539453 0.169988459546776
0.233952710423552 0.219610358297834 0.217095508761307 0.133168337362757 0.149622019741307 0.159143061693197 0.1271913266527 0.131395653774842 0.26060200580323 0.224506279125042 0.150094755529792 0.178559560004173 0.207344450903233 0.202049799989676 0.145672024204503 0.144124239643504 0.138604009132882 0.19100737287689 0.181475189739597 0.159419994929164 0.113150693959737 0.109269604050001 0.236250684939241 0.260358361689863 0.11653967283699 0.206131305205162 0.214604605211507 0.19864276499822 0.134546727173442 0.211135814780599 0.188722522442347 0.154170194428641 0.158777419079033 0.191948592990954 0.121313494338194 0.180093699553788 0.11124206438402 0.18377709643837 0.218329609298289 0.130594387450569 0.136501509487786 0.175796596436757 0.107362016334759 0.10796602654311 0.167666707086372 0.105793453378962 0.151119979845713 0.110505603461719
0.175021317809657 0.217749780335482 0.144201085255644 0.173673167159052 0.157628162953969 0.202699416800114 0.144008458697156 0.146107589099908 0.129204091863325 0.135222079618036 0.204518101888846 0.142040888385689 0.206019842938525 0.195944228738249 0.19525327359283 0.188800493935969 0.207147774532252 0.142645201069661 0.155116976733306 0.183027763497941 0.200052183766443 0.194265690687623 0.136372806110707 0.182098558387743 0.175433390431768 0.180096808331012 0.153806433885013 0.120919805512208 0.154081199379024 0.166831790349172 0.186388788586479 0.168811594119121 0.113317391635756 0.162251771700542 0.112666716160641 0.156748210957522 0.187701952890161 0.129774502071353 0.222543195535298 0.18822619355536 0.123660805988641 0.178798532549603 0.15603530952532 0.177772131939597 0.132664328955817 0.142203956354247 0.187107168188276 0.135210963638935
0.144337888257708 0.146387211008069 0.140271574040117 0.187645238711072 0.171719124229561 0.181733537529024 0.1300580813689 0.211313468795808 0.136870521344293 0.136230810610468 0.185619156170987 0.139482431947018 0.195255626180999 0.184712687145028 0.186015936969995 0.12237123478346 0.14596448452239 0.123710697662038 0.126627276834831 0.201376842143754 0.214065425611431 0.206792802585857 0.189616354708994 0.11626950329201 0.160748719923168 0.12807090895672 0.206671190581689 0.150860775042024 0.107608223088811 0.221764572872158 0.184610853685686 0.252302780517236 0.178957248230047 0.139366709815374 0.174470543310745 0.108893055509251 0.101604115604301 0.102372622138312 0.122459129157897 0.10213266654711 0.111700751860292 0.0994341806997431 0.0960996474344152 0.093163945080644 0.191789020296249 0.176655610398493 0.151890418862864 0.162622405162466
0.165752187638131 0.14851863908555 0.190881694256028 0.138076516854748 0.158381226427067 0.160330900264243 0.216935667199382 0.150264410745225 0.122379947761788 0.134989366637557 0.153383505748919 0.201207892704772 0.185652327664178 0.121324055778656 0.173676040677459 0.129630859759396 0.120050473770927 0.110446108187329 0.128065548416533 0.196138535716859 0.185353313707819 0.15777726663132 0.208010250159438 0.117345375470383 0.119943094925185 0.12727496116213 0.1322757570091 0.127811989824451 0.183904321045743 0.148231640133057 0.180628694907762 0.147085039071784 0.112556766272113 0.15954281683582 0.119857065817082 0.115450063224127 0.129150494863561 0.106732539359472 0.156228322580437 0.102362237141963 0.127545155913412 0.109841812307558 0.0922038118381161 0.08452672849358 0.105616715192719 0.0993098212086765 0.0898476947862344 0.122489704402002
0.216483432536375 0.189385246529731 0.130453753090629 0.169480250089533 0.159717580528421 0.192949854515948 0.214481144745205 0.201710859251237 0.138160957965837 0.209531820166547 0.132409476440241 0.148466277194575 0.127768828233639 0.12765802133085 0.11369732622305 0.126010260174742 0.110658773755763 0.0998491520465635 0.102383637292206 0.186823681313836 0.114013446856243 0.107569195331497 0.111118099791682 0.129652940479788 0.147857427376275 0.120983695085215 0.156517102778259 0.169666037338128 0.182148550886348 0.220339358154797 0.178208940345892 0.198362891027041 0.177779845067953 0.183456489083453 0.12340670966212 0.103520794392398 0.147919081990521 0.111040708043002 0.125044060615577 0.117604487850966 0.121032301237219 0.0748344601334442 0.0253287981426921 0.02694653649281 0.108464691214065 0.0923390436473667 0.0916378967539123 0.164151721906333
0.208029574990832 0.161724926384155 0.131452157901416 0.217109036143283 0.21358568247104 0.223571931929273 0.207705674012478 0.122244631931531 0.202178520170957 0.129073741674527 0.149242379227534 0.149453776078776 0.219694295282886 0.184865773418066 0.200211168314106 0.112450025986017 0.124660664362833 0.102621458749853 0.133001034735494 0.131124820463914 0.178269317840846 0.185108005978531 0.119999683072765 0.0970775931302275 0.114957296827797 0.262108368008242 0.26396832421515 0.197812654262567 0.274554298810424 0.270355365836871 0.112572158920423 0.191499551126177 0.173069392209519 0.176050541525467 0.208143339433034 0.141423619662582 0.175758635746219 0.105006554646725 0.133968813889573 0.0992670125060898 0.10906253428057 0.0843137100369208 0.111356190116549 0.0889547951527542 0.0952790814850504 0.0958988456320369 0.107968732019505 0.164866690255284
0.216935381527962 0.154263205682347 0.151074137984808 0.212758630100008 0.158911482996299 0.199550712793885 0.217047465550043 0.139384530670759 0.11559726802674 0.203750603606908 0.130320193299399 0.176851144083792 0.154491373126399 0.125294115531706 0.116360447628968 0.102293331514895 0.138441672147077 0.156881888378161 0.121168432071235 0.205196000169924 0.208781899079076 0.136249101983487 0.182854898680077 0.109752674422231 0.137018801615784 0.113754855405898 0.157214493932742 0.169499742962938 0.158969507903083 0.16249639045758 0.108630876361947 0.1111890807376 0.167407787954103 0.115027471172057 0.123184751370416 0.129779938230445 0.134388918919864 0.123297894057174 0.202637073213619 0.114479528181049 0.110709060327889 0.0896527912584814 0.0892531705494678 0.11197949154789 0.116710689192721 0.126319575106445 0.189185730248745 0.177163803051535
0.211872880654143 0.149779878407489 0.158838334308425 0.1453959983954 0.152430455477202 0.12690299176621 0.161617850014035 0.208784570947069 0.138495588426664 0.133972073904608 0.142030889885968 0.109120315526437 0.158740298598557 0.103336343077798 0.121545518346424 0.125044531133211 0.096418523956607 0.147301645225402 0.113048877304595 0.160577081811993 0.149232498357221 0.0967235538170004 0.108181842899271 0.12432915108133 0.136562525542386 0.175715314515496 0.129578397043213 0.188706087933562 0.174585769718453 0.187213370739933 0.108130371630959 0.130447056616446 0.0942170727726771 0.144170115112811 0.17279133309207 0.193246599905144 0.198899751647349 0.120331431613085 0.0976124540505922 0.0977405776827302 0.104368599951927 0.0383894581330721 0.0405579940878787 0.0983151721368599 0.143165980069411 0.0994575721478296 0.0922724822063674 0.0959156750395504
0.208272832607571 0.206358968523177 0.169372232684144 0.125885371351337 0.203330078471587 0.145678409800963 0.195466317255791 0.212669836700806 0.152369170555383 0.144575650900651 0.122907179574803 0.131238408462004 0.123209167874777 0.135146418702081 0.116877202022527 0.131446074780577 0.123237516562221 0.169098156162383 0.092835952279295 0.0950534262690802 0.0925817719317679 0.12241687499395 0.0927861278227025 0.203795806908167 0.185527875750005 0.119038457557158 0.206738995533578 0.129453642653418 0.118547816892282 0.215651607772198 0.1338804321933 0.166369607599048 0.114461346035338 0.170667819793359 0.1295102560073 0.175855377532595 0.113425089761321 0.176980284370103 0.107468714610352 0.105789798465198 0.106511530505137 0.0781153963990076 0.0968803370143048 0.109146177192101 0.109642657316899 0.10882064620623 0.101008230227236 0.0913599888742745
0.176189881961913 0.133366786576965 0.153781177170592 0.140237848008285 0.142012522894044 0.180534709010386 0.126761861682334 0.127027678939201 0.119582233106266 0.105661994112883 0.123148445893698 0.114414605149668 0.133019460542122 0.134768576237838 0.118531407589799 0.0950006694793763 0.0957651430050966 0.111695786218834 0.0886850625170058 0.15572658274066 0.0977764966628201 0.159523660046439 0.143020035581888 0.0909959258550246 0.114124026902316 0.102169114859538 0.10016961656577 0.189865476991957 0.180124417633603 0.0970217695738024 0.111524131303458 0.187141448758748 0.104577072872158 0.103240651553999 0.102889536171782 0.121360218419663 0.143206343760721 0.114309066363958 0.097302794632765 0.105757811668192 0.110878841574831 0.0692745759090132 0.164542016283674 0.0916658337384266 0.0998547814539694 0.119898462966767 0.110595111039473 0.101581455138967
