PPM-results/Best models/ASCII/Bungarus caeruleus.asc
NCOLS 267 
NROWS 469 
XLLCORNER 376490.070567719 
YLLCORNER 381033.488324056 
CELLSIZE 919 
NODATA_value -9999 
[rows 42 to 62 of 469, columns 48 to 95 of 267]
-9999 -9999 -9999 -9999 -9999 -9999 -9999 -9999 -9999 -9999 -9999 -9999 -9999 -9999 -9999 -9999 0.172179542538558 0.154528291956461 0.257722387471003 0.160955075514047 0.164586127311855 0.17694113058128 0.176819653010721 0.219201209606733 0.181945993044943 0.162021083626309 -9999 -9999 -9999 -9999 -9999 -9999 -9999 -9999 -9999 -9999 -9999 -9999 -9999 -9999 -9999 -9999 0.201849947624666 0.181663447205771 0.238981216398319 0.180022248090236 0.188034003906103 0.222915694263557
-9999 -9999 -9999 -9999 -9999 -9999 -9999 -9999 -9999 -9999 -9999 -9999 -9999 -9999 -9999 -9999 0.190280708803896 0.157952013519719 0.245960118790915 0.117905535115672 0.156772997154309 0.156202578544181 0.198463060870463 0.189475720349054 -9999 -9999 -9999 -9999 -9999 -9999 -9999 -9999 -9999 -9999 -9999 -9999 -9999 -9999 0.17441596326521 0.192577574242305 0.217750687762347 -9999 0.177330836811579 0.178282996460632 0.202813332480128 0.180050210281052 0.190630168972293 0.215762733954811
-9999 -9999 -9999 -9999 -9999 -9999 -9999 -9999 -9999 -9999 -9999 -9999 -9999 -9999 0.17053634372308 0.0964873959752728 0.102683079755696 0.095654042028786 0.244997574145513 0.153446084594231 0.161204601097839 0.176130445502228 0.159825261849785 0.159196246990031 0.158634129655301 -9999 -9999 -9999 -9999 -9999 -9999 -9999 -9999 -9999 0.222588718116381 0.147857276138464 0.25207773865461 0.23145915180996 0.210031728348392 0.199121768753757 0.221297130407054 0.214136137690129 0.185574087303337 0.194752794068144 0.21160945799595 0.188173714034976 0.1825431639434 0.208898167347259
-9999 -9999 -9999 -9999 -9999 -9999 -9999 -9999 -9999 -9999 -9999 -9999 -9999 -9999 0.116823134505128 0.104535415257354 0.0823419302730508 0.0786213792995901 0.129686658109519 0.155958631955192 0.182718801454464 0.176660130728619 0.176344514221463 0.154952850100072 0.16711621825888 0.171187439303225 0.160432985786603 -9999 -9999 0.170883367282301 -9999 0.181797729577653 0.179922615981252 -9999 0.223434221500344 0.173187929044865 0.214604050672867 0.188941430771531 0.235210252821224 0.220376125747048 0.187982465420987 0.212360706615317 0.211734346819355 0.178354699987202 0.187545757839899 0.199383947901061 0.193098605305073 0.1966383934861
-9999 -9999 -9999 -9999 -9999 -9999 -9999 -9999 -9999 -9999 -9999 -9999 -9999 0.221665982623649 0.139119234344131 0.107489661047163 0.149087158820942 0.119307912923587 0.0971524222382228 0.16498507585282 0.0909903048497194 0.157142555147355 0.156344473219212 0.180561915012147 0.192491066214468 0.184257242879589 0.162576647322566 0.180089952216918 0.162590409963359 0.163836424678999 0.256267983856137 0.190935753371326 0.181104068955838 0.170329769677585 0.228910794696218 0.216973611085718 0.211235732561003 0.172150605704072 0.190665340165429 0.228288988838784 0.212212140672405 0.181143155527856 0.188180402107059 0.195993633089811 0.185194514006369 0.232717467200888 0.186313438548246 0.189749292744779
-9999 -9999 -9999 -9999 -9999 -9999 -9999 -9999 -9999 -9999 -9999 -9999 0.205574598823222 0.173602438276152 0.150386543679631 0.185417488952246 0.0837496854253533 0.0820383707802634 0.0845383990113215 0.0808920133799083 0.103550193342417 0.0949658343702646 0.164417161068672 0.215271782412212 0.192931386698816 0.213127179840981 0.164386358967851 0.164770150119323 0.204678582010417 0.211722735116317 0.256949041327043 0.191597049101607 0.174256356962102 0.208897797654833 0.226645067442653 0.242571887700615 0.216187409727831 0.173325925145215 0.172248607805538 0.205118062284705 0.206380746767947 0.202194837050333 0.177265569294073 0.181830161685991 0.19441086218189 0.223539180541111 0.206880470103578 0.190175985021945
-9999 -9999 -9999 -9999 -9999 -9999 -9999 -9999 -9999 -9999 0.221124131155581 0.0832538102517995 0.0867397409679435 0.166261791844074 0.163254007869206 0.166239475864865 0.19431558236102 0.186616703967512 0.180492227989723 0.149314486054933 0.154057202979694 0.132008477786728 0.153353711900171 0.172116577196618 0.159393242640835 0.226187287393246 0.194933960161406 0.189683302646621 0.16523569370969 0.221920246992182 0.244555203548617 0.215002478283595 0.166469441358446 0.20108873411398 0.199428949551906 0.21026443292677 0.23128758091559 0.187296215451907 0.185275644689819 0.179170779214843 0.176287598391959 0.179968457842158 0.193987497136564 0.14835746999173 0.192276560586001 0.215101606266542 0.240910221068005 0.187403308626228
-9999 -9999 -9999 -9999 -9999 -9999 -9999 -9999 0.159045530109364 0.173218882383497 0.10717798512519 0.0998378932317517 0.0829666096488917 0.105460116841628 0.0949514331698262 0.192948829459674 0.218282372688683 0.175618992834151 0.180775748472565 0.20531396566243 0.196047877051322 0.152875514746292 0.157153427465539 0.151488126285857 0.189776028228907 0.190659458695005 0.226532008776902 0.192587404700014 0.162508287832038 0.190323525908583 0.222666084658759 0.233613836901918 0.214082246616844 0.208669226909952 0.174039246682447 0.190113843085864 0.232503264048043 0.229237182696351 0.196606415091194 0.196117446444339 0.181463897316383 0.179540286795286 0.180348333614748 0.195381052738843 0.183236421264386 0.19932415855315 0.242978062048101 0.197106289664637
-9999 -9999 -9999 -9999 -9999 -9999 0.144524465303761 0.0908653404074091 0.0919493374170679 0.112687301307125 0.0794272079644923 0.0754891014000454 0.114881140187906 0.145358256159479 0.079366637221225 0.197100004893383 0.108259890011798 0.0784199389375658 0.082253212492754 0.123304960223784 0.11183595006114 0.0863038231843128 0.115579674028072 0.151475472722345 0.203383599852446 0.163141066832862 0.22245598173101 0.190797404382751 0.161684545888644 0.172346290627181 0.200534581970625 0.231503229229738 0.251516696788757 0.197411353133432 0.16672010962792 0.176371653006419 0.205342146307862 0.221002435130406 0.205682969116836 0.141266365947644 0.209569091884834 0.179480699097789 0.194688921299338 0.192095562534751 0.194358634724524 0.184760511901676 0.230647189611616 0.188148692579372
-9999 -9999 -9999 -9999 0.130938587903986 0.109783291676839 0.0870015504228206 0.0892113280884509 0.0719662854622419 0.0702501102019515 0.0984510845162595 0.0850376518293188 0.107679229241031 0.110056351544427 0.0896845848071738 0.197879064465755 0.194445327598575 0.118574745624724 0.0855950387814077 0.100080361051034 0.0793401453980149 0.0997051904547835 0.19360506712539 0.1188268338492 0.183890642425957 0.134348740074767 0.187961224910655 0.191510927570398 0.160639089314464 0.165687945176898 0.191126077754249 0.226018505996277 0.246999660286268 0.168847605522318 0.172770058973336 0.179225493693988 0.210207651530876 0.200844653091382 0.206593151871262 0.18942725703276 0.186625206893325 0.183332608512121 0.183000002957539 0.180509217037148 0.200221284443235 0.205139806921072 0.23934611962763 0.190982317812883
-9999 0.106526486244215 0.0719713099184042 0.0799887035437775 0.133917720715789 0.0929787291748895 0.0697197696117127 0.0738878878812941 0.0702564075763556 0.0735879160854654 0.10387143925698 0.181341545927361 0.106668044835222 0.113445364030083 0.11267973941658 0.093952406603594 0.148024175464898 0.0918390178361136 0.0893050535207087 0.101865689800361 0.150358363034199 0.171781198948837 0.114760359991697 0.172464911483534 0.107082049940473 0.197667331530489 0.167760424116529 0.180700448846936 0.104368146238494 0.117696894153429 0.181653566335458 0.219618457922818 0.226331568264849 0.164339828134696 0.163838071490718 0.168127898388625 0.210515655734884 0.196979384337086 0.186757136677038 0.186331402239341 0.185055156765721 0.155972831505215 0.185408700355012 0.180315195729958 0.198788642268938 0.207943554284829 0.221054124853333 0.187008376289353
-9999 0.127391061388301 0.0914884233841349 0.0756660412367032 0.0689933576017367 0.0725712703142628 0.158836586671499 0.079151719889829 0.0763321849790337 0.0772655323248303 0.068752288732205 0.0950311018877705 0.0775386762134247 0.12857449725863 0.0807607389600431 0.145106764484146 0.0774685774880704 0.161634939886667 0.119685780594132 0.0824335131696541 0.0926684395995169 0.079325307288345 0.0798291476532731 0.0982365788877931 0.180727150722661 0.104154455613786 0.157679550201274 0.0917786151348584 0.0972934262905895 0.128380291105227 0.163578967512236 0.182590350140402 0.166232804596984 0.194882085592266 0.163982906900961 0.174374272042004 0.162939550851933 0.187291241408348 0.189349235126534 0.172026288223508 0.194415012819589 0.175827684208998 0.207469944677881 0.176930325479901 0.193093883324532 0.198539889678403 0.226414866690255 0.180989918017007
-9999 0.176932308375644 0.116535673437102 0.152278091784816 0.0822956599050146 0.0670663862403974 0.0703724489878225 0.0909100479847327 0.0722165168224842 0.0686994227151933 0.0755713243565739 0.0670690202989373 0.0726215820926904 0.109390972393252 0.0789423983574364 0.189417040078423 0.185881637793912 0.153654641535468 0.18978244743377 0.149698865353447 0.09938379330241 0.0952656717324836 0.101812227234206 0.0908363531603191 0.144416162226952 0.178543444775211 0.158117417272245 0.0970602343903758 0.117885109609099 0.162486711237682 0.0959611640122302 0.196620412990804 0.212874293416947 0.219179229711548 0.153592096298559 0.180444604883489 0.166391873165653 0.174165530254553 0.172976380955812 0.183486316540604 0.173377749301752 0.20293652407921 0.175762467104096 0.151822059372335 0.177072018504518 0.222945521720707 0.241957206824495 0.187104630753893
-9999 0.126104103236408 0.125106605852487 0.125838974951792 0.172465902931406 0.0799230999422473 0.082045285709062 0.0638996933367712 0.0618025206234601 0.0729792511133792 0.0701732477856096 0.0667771145196902 0.0849661079426603 0.0698764519838099 0.0771995926392759 0.0794927191429158 0.0947220054106839 0.103048327471132 0.151026397249166 0.150487856208736 0.0882682931206558 0.0812878531436493 0.0809199839728251 0.0951798778831976 0.119731034307995 0.155086040198876 0.0939037164305833 0.157102914036697 0.164316419882408 0.160616067558804 0.115130657369597 0.185303253992409 0.186923817548856 0.182953203257165 0.213595428907743 0.198433653518343 0.171213687465518 0.187361701424028 0.194841016124505 0.180699138119242 0.182941020211287 0.225424611917056 0.176150375284865 0.199117802962271 0.184781265090173 0.182516294025663 0.210432979064923 0.192664653612984
-9999 0.151811422312968 0.149131908408769 0.0971793425685638 0.0657629893786694 0.0701581702160725 0.0745501414510441 0.0713242725528512 0.0772697249730326 0.0633529518461499 0.0765263743282353 0.0967686394888512 0.0733713771486524 0.0889097010788028 0.090629216174084 0.102245111859518 0.100317510340633 0.142151527246466 0.140685579145368 0.169757082500293 0.172736803459138 0.0976049509747512 0.112137778721203 0.098873365690607 0.105088365900323 0.102858246749126 0.0876731891389474 0.194157723694838 0.256662529696384 0.209846159554412 0.115927243723832 0.163295245378979 0.165436621543577 0.10590007603565 0.181615151931488 0.173793233176709 0.195480785673034 0.182376852764009 0.179618006225889 0.177228095925371 0.174018375864543 0.232302773123387 0.172476943291602 0.174746485098841 0.206158023885088 0.177794464723008 0.191034797333267 0.13916249676015
-9999 -9999 0.198757571300898 0.161850336137798 0.0722290611586887 0.0689353915096572 0.107411580326233 0.0928268948148419 0.10069748693843 0.0766937105639006 0.0680427901507485 0.0849865670576355 0.0792860862827171 0.0885641646913888 0.0722527634844976 0.0767751857334752 0.105077107085512 0.168456521347519 0.218724860914987 0.234066626103565 0.227652546522095 0.199316025319764 0.193118148591082 0.18492601647941 0.101214132104682 0.0902664554804281 0.0856126159758751 0.208625636812009 0.244758820054698 0.214515290882067 0.216001437633022 0.169841288352565 0.115131052268325 0.163283684088546 0.160891757283882 0.163918664439729 0.221546084648004 0.200973306055858 0.192266898170305 0.172095034210665 0.178075178904248 0.230029450370875 0.174698021782547 0.18264385471706 0.211288262493991 0.176907723829271 0.184490014674773 0.214928270931044
-9999 0.0739595157889586 0.0678840744703047 0.124590221151354 0.081580557122454 0.142578639628662 0.103419431450689 0.119311198144924 0.0956195934163022 0.0849711576051244 0.0731662650686633 0.0741968163163685 0.0684929284896545 0.139466720018885 0.0742829378475781 0.0762701858786635 0.0777051470327276 0.183035678276712 0.253494668900774 0.233531227448762 0.186549571183672 0.235384932492819 0.209813660229268 0.100082402761481 0.0959494178755833 0.0969612156347364 0.0856578108750337 0.107413496005171 0.206277619385111 0.17527003679179 0.201510956473624 0.236674738956817 0.111431859434604 0.169897599230825 0.11040811388839 0.123673812440379 0.206750187131585 0.132833194373792 0.20255469901928 0.169289992923415 0.226843239387542 0.219118869020796 0.180641987030921 0.187101488368266 0.203152021155548 0.18609616022658 0.18231099709946 0.211615238641167
-9999 -9999 0.0696517251999565 0.0767388214420532 0.100113104037095 0.197796135732776 0.211488787027049 0.197715929280393 0.0943254094578884 0.0982965866903198 0.0657275451172638 0.0641630109687071 0.074409145800778 0.11965052537999 0.111079887038126 0.0814562396418904 0.0884753880963878 0.0723270716622555 0.246772618723698 0.209456537345119 0.132036977711983 0.240435956097209 0.122822797278418 0.116695901495655 0.178159620015336 0.113586603341267 0.0961410361819994 0.0903809845137859 0.179099663835316 0.157007180502395 0.15715482221424 0.264924768935512 0.174844856892734 0.0940106919754965 0.0904518646344965 0.102857767829392 0.109558753940249 0.115034276873547 0.13590962351061 0.173664193715605 0.231760266291471 0.175867056452437 0.187421860464366 0.219832997159687 0.186698338776998 0.192594932982157 0.161776649715485 0.203636099779852
-9999 -9999 0.140607212753017 0.0891978847274816 0.159366927261738 0.22465466022174 0.213410263414592 0.168663918798873 0.178454500138198 0.133992171729257 0.0794886693304238 0.0729909048269194 0.0758815635193428 0.0741227938100313 0.0741686944856409 0.102334241342744 0.118283192733702 0.173339200464172 0.240946333296409 0.199262470330502 0.0902944764859485 0.108045586033746 0.232159769371077 0.118755861305383 0.203306065268055 0.108070136971716 0.0960818265790303 0.160367701464896 0.206577574376739 0.155965051160055 0.158925816979933 0.24053318520542 0.10986291838428 0.0922291021609396 0.092294168028031 0.140409763388781 0.101883477047343 0.167104052017203 0.173964820875281 0.107605105909486 0.17025494056959 0.165989093266812 0.178416472230856 0.216046657738483 0.178662922645826 0.192254042956378 0.17857172624585 -9999
-9999 -9999 -9999 -9999 -9999 0.224572017160181 0.19418326608068 0.103967954186639 0.0864051945281219 0.16435597697206 0.135050113824937 0.102794130319404 0.0634179042848831 0.0792149372947871 0.0749219344028513 0.13104390823508 0.0889978391141578 0.208555899376981 0.233781660459419 0.155905799546582 0.162616036370206 0.096067190119775 0.117220217779759 0.0978980834606868 0.202623192943419 0.122093066438703 0.0987836312561369 0.102821243898058 0.196974561531339 0.176642671163561 0.155895817851063 0.22766163759495 0.129326686913265 0.125356005404769 0.15859153100523 0.149606425442582 0.125954066925891 0.108394701716018 0.196590299862232 0.182527452015267 0.129407750379909 0.175304266949658 0.202701584542071 0.193369606658013 0.179769378470404 0.109849685075826 0.18125928936243 -9999
-9999 -9999 -9999 -9999 -9999 -9999 -9999 0.08678754051829 0.0857653997732912 0.094516590855073 0.126431633922224 0.189954068740744 0.153717858940427 0.127978863944583 0.148661172320227 0.136314520738804 0.137186490739675 0.200376588870833 0.190643696354268 0.190612911057648 0.194976340356862 0.161013823001483 0.145506687668781 0.186000897209911 0.175212465598439 0.101555232182976 0.0988362452101305 0.0984322806151037 0.16741565232027 0.190425863493962 0.149369301359285 0.161103675065362 0.190016025830612 0.0922617443217932 0.092122605535761 0.0959711457077499 0.116963474791547 0.094433527688484 0.176791186693869 0.127611398074588 0.119651441208956 0.173352677433544 0.211659904207987 0.183779348201332 0.122381972668034 0.102277157471229 0.183820434473294 -9999
