PPM-results/Best models/ASCII/Bungarus ceylonicus.asc
NCOLS 267 
NROWS 469 
XLLCORNER 376490.070567719 
YLLCORNER 381033.488324056 
CELLSIZE 919 
NODATA_value -9999 
[rows 220 to 239 of 469, columns 46 to 91 of 267]
6.02877687916511e-05 6.09268199339425e-05 3.26204444104224e-05 6.98476791796303e-05 5.29896017525591e-05 4.4536083299965e-05 4.40398957880355e-05 8.51697771227495e-05 8.58403057370168e-05 8.71853777695402e-05 8.91076377453475e-05 5.07348596583472e-05 4.70070648500721e-05 8.16659520289271e-05 8.26798168194003e-05 8.99378146880563e-05 0.000104792399271945 5.76170296125505e-05 0.00012547997987501 0.000122474258129406 0.000132108632566105 9.12317367090584e-05 0.000138699334794233 0.000143553444122248 7.33417419605956e-05 0.000148595361754754 0.000169300424363959 0.000106418817498384 0.000106077361940888 0.000200382191623889 0.000119296195639944 0.000287299936924719 0.000469456693405118 0.000293945296835221 0.000920747652506411 0.00118661794626764 0.000760461463276702 0.00133998244437616 0.000723974248448347 0.000593775141181537 0.00130731089925883 0.000455216028699253 0.000514715170247722 0.0005668739822717 0.000887609601252602 0.00047004091077714
5.22833906874013e-05 3.58148865958079e-05 2.8230814447219e-05 4.13998416853866e-05 3.49980535937252e-05 7.4622119300772e-05 3.86981568197508e-05 3.93035117825987e-05 5.03708754156616e-05 4.8827722110898e-05 4.26984793401967e-05 4.54869684941813e-05 9.9086038622798e-05 0.000100130275053271 0.000100762402419561 0.000104119511079895 8.915875253929e-05 7.11150260156323e-05 0.000134103018143397 6.96547079780811e-05 9.30110344452832e-05 6.71799334947319e-05 7.30311651762356e-05 0.00013886644924939 0.000151017993090858 0.000145225602940096 0.000144104063924048 0.00027575096585737 0.000670056642362551 0.000199045726767637 0.000165633668663346 0.000242713496008757 0.000710652199069199 0.00101524188232847 0.00017685701799665 0.000408627426164589 0.000185739961996948 0.00115443516479661 0.00166783917049673 0.000473970065614246 0.000881657717730746 0.0011801265294378 0.00119668498979105 0.00157942986212239 0.000474443897007122 0.000600017837382503
5.64466015535429e-05 3.70567288612069e-05 6.42221287869114e-05 5.31090492147437e-05 4.75243230394274e-05 4.46800386752712e-05 7.77941173231565e-05 9.10788219816929e-05 8.03330511916541e-05 8.55652916637792e-05 8.69703321895679e-05 9.16559042722403e-05 9.78222628492913e-05 0.000100626927437242 0.000112945268775657 0.000106259450910573 0.00012396396171475 9.11441365034276e-05 6.45826793156592e-05 6.35270746507332e-05 8.27426661106155e-05 8.44292430052447e-05 0.000142138979372359 0.000146435016858891 0.000143429083807814 0.000135768161619538 0.000149777207352824 0.000190746450745131 0.000176904153204183 0.000210729651597138 0.000116139136914507 0.000230862498985193 0.000153278060082992 0.000693660872410792 0.000600609492707178 0.000860328599624324 0.001707833380001 0.00137029007290485 0.000466070396415433 0.00156700419873419 0.00164828310252804 0.000608165945469554 0.00109657893738852 0.000619859252262061 0.000614933693510075 0.000760655582571322
6.21793612997961e-05 6.34684866865588e-05 6.37161789621247e-05 4.18473021552197e-05 6.50467483956778e-05 4.51338629616024e-05 7.58678988914865e-05 8.01968577707265e-05 6.97992409216804e-05 8.47552380456251e-05 8.38884629949756e-05 8.38807433016918e-05 8.93939777919431e-05 4.79173512193904e-05 7.6324959673314e-05 0.000112758235257902 7.0058238040057e-05 0.000120727297174081 6.44730329056684e-05 5.40085308308709e-05 8.26822679628883e-05 9.00605690808949e-05 0.000141910572242971 0.000138010084515049 0.000135411900591894 0.000121483066416197 0.000166424937224942 0.000171530119716093 0.000195585796864093 0.000150088361705477 0.000244163868602041 0.000136257531008203 0.000195275135557544 0.000157082291124402 0.00038663940124492 0.000194475668343592 0.00117679917258808 0.00144163807024809 0.000404605663182139 0.00119706759356768 0.00431584272591383 0.00430264238848718 0.00185546625941282 0.000553654599178414 0.000633184288091896 0.000796179131746095
6.11423726470501e-05 6.17451355960947e-05 3.09163749443785e-05 0.000114210488469897 3.0245610372333e-05 6.61430786687856e-05 6.91391155802053e-05 3.56709206552281e-05 8.18964863000774e-05 8.67972448330373e-05 7.97587581333516e-05 8.46255387462374e-05 9.34916135262665e-05 0.000105367931989023 0.00010808231983535 5.95554896746287e-05 4.94245297673591e-05 0.000113170964151474 0.000104994442521806 7.68572663341119e-05 5.67530367506301e-05 9.67997274909053e-05 0.000139829044288574 0.000136096600759891 9.39652758747638e-05 0.000169083103728393 0.000167002040646037 0.000168852062324107 0.000185511104082551 0.000217278923865506 0.00025743588084516 0.000143328939100597 0.000238837590150871 0.000229458486812706 0.000320864515319492 0.000202907968204929 0.000415438167825369 0.000447265308098138 0.000406976510590303 0.0011947481919987 0.00110374923644232 0.00359613064972819 0.00513994038198757 0.00468532099542216 0.00203307961013285 0.000846421431303134
5.30789452283429e-05 6.11057322780149e-05 6.43503278174402e-05 8.57851550085381e-05 3.90619544092685e-05 7.30521759837773e-05 7.19547891833041e-05 8.33447951432409e-05 8.51692699896141e-05 8.22203682857268e-05 8.49733052938626e-05 7.78010129250953e-05 0.000100373642610154 0.000102669610402168 0.000108626734299757 0.000112762891021826 0.000123611574620779 0.000110113831784265 4.5618875935763e-05 0.000134522036896551 0.000120589751398126 0.000196823215801588 0.00013854333500696 0.000403368032939171 0.000594968031012335 7.82754711908746e-05 0.000143787795978946 0.000174707604637262 0.000184594277808841 0.000562670581104575 0.000884634025754494 0.000251143710989426 0.00012600782094681 0.000133545861958963 0.000318338823260642 0.000183821139256837 0.000371594507908442 0.000230867795709052 0.000448558384897248 0.000548145217491289 0.000624360340579687 0.00406483436312344 0.00842017171605501 0.00281440137510633 0.00564721190842149 0.0044775632003468
2.74201445214351e-05 6.00107402729034e-05 0.000111240399870573 6.63366908302698e-05 4.79368864103783e-05 7.71518684247056e-05 3.92019407634382e-05 5.75764237441368e-05 8.48349565571094e-05 8.06904462253369e-05 8.17353447462926e-05 9.47666448379736e-05 0.000100217572387724 0.000100961586002019 0.000104179437312066 0.000107813651969822 0.00010876385042125 0.000109827301562744 5.4462573466191e-05 0.000100060656943401 0.000241432843971465 0.000144560342875625 0.000236385066133839 0.000394049517923659 0.000128934598967663 7.52484216795198e-05 0.000166338851375202 0.000174259496163978 8.65188850898091e-05 0.00058492578066443 0.0024335470951039 0.000383084116224882 0.000393315639928557 0.000670183820083293 0.000663323435723366 0.000638976593720468 0.000359028227771409 0.000408492585098689 0.000485807341869091 0.000249934902812988 0.000571764436141089 0.00121023378402987 0.000618970473268146 0.000508164756929799 0.000923242184051495 0.00149411755945804
7.37972954300483e-05 7.16621170160313e-05 3.53540821853486e-05 6.55576920731454e-05 6.73369757223386e-05 8.55638618300779e-05 8.82650008232416e-05 8.4100930648176e-05 8.86222831606721e-05 4.23755940120287e-05 5.3831932281729e-05 8.91060388672677e-05 9.2147189497194e-05 0.000100028658251258 0.000103577928108828 0.000101097180724106 0.000169012147350527 0.000147395724235848 8.21100738722852e-05 9.91815980012488e-05 0.000128967083662394 0.000136506096679724 0.000292246710746204 0.000668831465055463 0.000117921463362513 0.000296254612089618 0.000179211961146205 0.000171778812170898 0.000178112257029044 0.000270846368608316 0.00263140204509546 0.000447491771217174 0.000902518075775647 0.00176427955190008 0.000332941919113965 0.000181375095274313 0.000346173924187511 0.000405777845076574 0.000485276429824415 0.000265472785905235 0.0022862145512045 0.00235861355379687 0.000702368461042482 0.000701745926944671 0.000748669378219038 0.000842263784814451
8.934098237929e-05 5.02968515866774e-05 5.66779845683435e-05 6.6258888155075e-05 4.52153282649976e-05 0.000169015387367781 8.44289683081297e-05 8.20684396505691e-05 4.67592986175906e-05 0.000102883134582734 0.00010371503014329 0.00011054680374216 0.000102079885000813 9.62633355909608e-05 0.000127311758847236 6.54626750454088e-05 0.000106748270905007 0.000119686800850482 6.73118867191661e-05 0.000228549309797122 0.000277610454020636 0.000126316608678164 0.000162228030179357 0.000531715399910062 0.000961090431519107 0.000513636159979893 0.000613568322065103 0.000170229506355109 0.000169147918160508 0.000206139040194076 0.00028671126805073 0.000141233676290448 0.000296308678116668 0.000416526306489637 0.00445078972629084 0.0011839772476833 0.000284781034815071 0.000197368144442646 0.00026937585155993 0.000317484388449622 0.0027647609298848 0.00726954252909172 0.000664966716126557 0.000715835043365229 0.000789495849546688 0.000853470581885696
3.84120210351125e-05 6.52535671492307e-05 0.000171818608034998 9.58043167117493e-05 0.000100317442397826 5.75621923205236e-05 9.64034804242354e-05 6.15620816647496e-05 0.000102552145689672 0.000114941760364164 5.41647877064693e-05 0.00011034783850869 5.39503443470954e-05 7.00525327922834e-05 0.000119629269413673 0.000123509190075548 0.000121759087712189 0.000130025231036513 0.000238235172334099 0.000145367811523491 0.000153697092923177 7.92814120261067e-05 0.000307906164920641 0.00067413658478526 0.000187889840228377 8.82638809042342e-05 0.000209132224481609 0.000192774152152014 0.000205442985878658 0.000280873010525275 0.000618850846196309 0.00043756534444259 0.00026250538088542 0.000320335603633295 0.000281091753951026 0.000439863840856764 0.000359552011778125 0.000428969212404444 0.000472283059065155 0.000563090543688843 0.00571239857625794 0.00295184437207971 0.000393353336824958 0.000462413036764857 0.000840338763780462 0.000739513878332506
8.19852627728418e-05 8.82226622499485e-05 5.50514008192848e-05 0.000125609566478145 0.000140200491136218 6.40524716225608e-05 5.263656313338e-05 9.78572268615733e-05 9.80345755451448e-05 0.000110721919631232 0.000111278441899247 5.53399736603795e-05 6.04309986848329e-05 7.15989225925434e-05 0.000123073365493766 0.000119842504810092 0.000122008075994657 6.85317532153629e-05 0.000140045773268815 7.13746570504283e-05 7.83476320099377e-05 0.000200659213099121 0.000225779559916843 0.000190152583756504 9.17017857339657e-05 9.60254901504413e-05 0.000194624624615095 0.0001638714232788 0.000200069811699492 0.000155018217002083 0.00025146740280015 0.000269033254952879 0.000298517355617745 0.00028522086011381 0.000350387946976417 0.000214308518307973 0.000426697227783627 0.000221533193303522 0.000494791768844602 0.000563453707361941 0.00253031598608276 0.00270460907981696 0.000666490425806038 0.000617539681648702 0.000409909740471602 0.000891268735869152
5.92523226688587e-05 0.000111586701366919 5.83911049521517e-05 5.26586938599292e-05 0.000112093440065472 7.29452765449369e-05 5.04159292642841e-05 0.000183290889302644 0.000123605010064082 0.000111731192049423 0.000127678275233841 0.000136794077865494 7.37979504770149e-05 6.34005167593788e-05 0.000127636408576105 0.000125770031854416 5.90688038654728e-05 0.00015800448455713 0.000104726690313328 0.000248372566493025 0.000170950029844312 7.5826151973518e-05 0.000118853285281298 0.000168089939830768 0.000178142783626391 0.000195113148781866 0.000116854025591094 0.000197104322515967 0.000207915598002666 0.00014045803024683 0.000234157230269869 0.00026922472588557 0.000300663852961604 0.000206922898977082 0.00038002790655824 0.00056579953620209 0.000414941853530156 0.00114852762725004 0.00199630862614116 0.00114906665342489 0.000719507926924562 0.000768803183525237 0.00070583291288315 0.000763847253133252 0.000840081083799534 0.00061207926648321
9.4168995481378e-05 9.28633953112293e-05 0.000121445566738237 0.000223719542859607 5.41945183865342e-05 0.000112387020846279 0.000239939336887606 0.000108614239102781 0.000124214020611614 0.000163035386130971 6.1689435473386e-05 9.29136296657006e-05 0.000154631612508502 8.29641424204857e-05 7.54210159899465e-05 7.42563002222284e-05 0.000149909780406646 0.000129530776229463 0.000150474050542008 7.869610290914e-05 0.000213152325194337 0.000116366776300676 0.000304208713578302 0.000651952665604997 0.000174547745003348 0.000211116171568529 0.000200243293492906 0.000127536320217014 0.000212861315296786 0.000220972881624022 0.000231583656390814 0.000170148350966408 0.000214343580929476 0.00014252558386594 0.000356510762538978 0.000378150386994603 0.000424257917402179 0.000398765658864773 0.000710749343238698 0.000680016793490641 0.000358122403469331 0.000667876533361437 0.000487394048753618 0.000453244971246191 0.00133153946654491 0.00100084189329588
6.11182274749907e-05 0.00011362874337191 0.000195206362669566 0.000136916987215679 0.000155384141733363 0.000137727076051412 0.000100868935595581 9.98037658362397e-05 0.00010598795859522 6.57806193472642e-05 0.000136243683456199 0.000137463690822711 0.000125826858939648 0.000150048875756071 0.0001613031883847 7.69925370544737e-05 0.000114226702643199 0.000108620993834404 8.78924270130746e-05 0.000168079740819933 0.000361686732363617 0.000714104648758995 0.000227079821102038 0.000653054609560173 0.000738795439723971 0.000452256456068974 0.0003581561559969 9.90044958407293e-05 0.000209081623864317 0.000232204725437345 0.000273471655980153 0.000176453368194906 0.000295186702402642 0.000176029418980713 0.000348468053621908 0.000379965472834455 0.00042547909399231 0.000494136721877997 0.0012688959023383 0.00563230309580969 0.00167502907869844 0.000864031573083026 0.00256604543131052 0.00209636712072522 0.0135786271907286 0.00450527926585716
5.88002944790488e-05 5.99933991370778e-05 7.10301375635729e-05 7.14722872225155e-05 8.30726125633429e-05 0.00013480305908874 0.000135165109886347 0.000141149365406682 7.34946214703822e-05 0.00013292339829631 0.000132305273439371 0.000143259250555569 0.000157369891960321 0.000198427954086487 0.000237811913384452 0.000277403881790135 9.17716926279824e-05 0.000124008378125195 0.000165093022479877 0.000167033778728096 0.000189857925317784 0.000584824015948586 0.000626450236230819 0.00057551113574569 0.000844227629707364 0.000458722262675469 0.00100996273908483 0.000225609966144134 0.000243185355217217 0.000256062677010651 0.000270877388251767 0.000149996415650616 0.000313377455274482 0.000344994219818234 0.000494193013656031 0.000836869860437827 0.000455500812128863 0.000488780438049648 0.000573820522916525 0.000962154058748495 0.00377973087615642 0.000842939060758347 0.000932047423985819 0.00145497826372386 0.0021046856818939 0.00314162598794764
0.00014515977424171 6.75854639151865e-05 0.00017634957494652 0.000258750482628462 0.000166883780016259 6.62051179556872e-05 0.000251468755155177 0.000180239962272829 0.000147376270045291 9.15250146186874e-05 7.04043493614764e-05 0.000155260950642547 0.000165581236731955 8.59275326363118e-05 0.000180427995969823 0.000251052680591615 0.000517409512248168 0.000196669427678267 0.000189101198157524 0.000106495239644487 0.000154190984248966 0.000113597125029618 0.000740255870457775 0.0004645253589702 0.000336964442796118 0.000311509937503238 0.000484421290661818 0.000715638444753059 0.00102293723322183 0.000201767256738955 0.000413432850711603 0.000156309885098039 0.000352769021569478 0.000877028662818612 0.000743432383373768 0.00070030966955699 0.00288894701591287 0.00450535860401879 0.00292059978690924 0.00167914384426311 0.00270275905813889 0.00236809221018693 0.000853096768416753 0.00117054520676188 0.00412676320769784 0.00231204182752599
0.00026211347966798 0.000105374552893847 0.000145877240845069 0.00014600908137325 0.000146554841149169 0.000237085332471687 0.000230015868389645 0.00018597718760808 0.000207872224032555 0.000166399425610823 0.000168686652399766 0.000114363691981409 0.000130467887828591 8.36246410682966e-05 0.00104674510539801 0.000482479928671242 0.000229570873150332 0.000399935164223215 0.00228703700845393 0.000356512762897457 0.000421824748966483 0.000850764575823135 0.000736325363265641 0.00271295108180613 0.000425693047827337 0.000278008694402269 0.000451886868709494 0.00101003644243385 0.000854972428492226 0.00242941001568126 0.00311334418725064 0.00322630031712761 0.00176619381044198 0.000777837647636779 0.00124544212178691 0.00109830206308647 0.000729646870656957 0.000446931586320958 0.00076808846389303 0.00196050728070442 0.00685350853618034 0.00269628015059306 0.00211296074230919 0.00285469659630055 0.00357406720284166 0.0035880836865276
0.000161740520278856 0.000181419610293979 0.000150816745758279 0.000148715890396609 0.000160833583101286 7.87656858014313e-05 0.000251486758381485 0.00017494900000973 0.000178842289264536 0.000271417992174141 0.000113556026115101 0.000180953850770176 8.97053645806166e-05 0.000585119223781536 0.000766535847624829 0.0003938753458657 0.00237397833544556 0.000959207502535359 0.000286614349273736 0.000448918139508714 0.00256268843534644 0.00147469199374954 0.00296232940600297 0.00240787173333053 0.00281531466553512 0.000893498656613791 0.000284647546104199 0.000757593400003306 0.0034458826537813 0.00203386262369396 0.000899090475609487 0.000780458286288208 0.00225972822719945 0.00464854099573028 0.00252374466761003 0.00495800039674851 0.00481255416272043 0.00520283390648183 0.00225788924975411 0.00151414503585017 0.00299642498096461 0.000944645907076952 0.000506211111047721 0.0017024780540908 0.00432076619978515 0.00416767780749481
0.000176696763925852 9.73623353565454e-05 0.000151340135328112 0.000154316978659059 0.000157174237179263 0.000102347348425145 0.000131219656353749 0.000173218943492253 0.000195049545834464 9.19855055926949e-05 0.000804485070934519 0.00194067544500631 0.0010414673145094 0.000201420124107749 0.000235924406115453 0.000453146080284781 0.00102716153954376 0.00076292145342045 0.000674650648740214 0.000195283460993184 0.00061307668466436 0.00113308497249101 0.000987696213551616 0.00328431747478402 0.00303214788980974 0.00281416629072399 0.00134456625174299 0.00342203792993061 0.00386738602121024 0.00361115892036745 0.00290460638556512 0.00199782867319244 0.00312245522846563 0.0057192825141346 0.00326628945530053 0.00625761132456763 0.00646167042864187 0.00706057302391143 0.00319099032735099 0.00343617184311147 0.00712150157655025 0.00278913622769141 0.000882856693159169 0.00120896437344375 0.00192494552750011 0.00964814073470484
0.00015681029871943 8.19236390533705e-05 0.000162503093557205 0.000177323073348116 0.000164667805432845 0.000174657525240138 0.000178864349555927 8.8219950496377e-05 0.00107638027538911 0.00191305719984296 0.000351167269735267 0.000206865423888399 0.000645762542205738 0.000402687009486406 0.000795718316770362 0.00135986510608407 0.00280561963234061 0.00136161911055516 0.0029180465406167 0.00271559673902557 0.000607036052843803 0.000845942134142021 0.00317256268695677 0.00127228479134179 0.000186535893365984 0.000375669378999797 0.000583026792464727 0.00236483641545743 0.00390929640509269 0.00398030676446398 0.00413706003887974 0.00250007574991296 0.00267054393284345 0.00142670119626946 0.000593612914926324 0.000876508062481024 0.00235342051049001 0.00531564555976333 0.00412408554474274 0.00263290563849391 0.00115221944377977 0.00269874414145377 0.00783604720574457 0.0109521995582105 0.00952403962165102 0.00503161178562333
