PPM-results/Best models/ASCII/Bungarus ceylonicus.asc
NCOLS 267 
NROWS 469 
XLLCORNER 376490.070567719 
YLLCORNER 381033.488324056 
CELLSIZE 919 
NODATA_value -9999 
[rows 300 to 319 of 469, columns 138 to 183 of 267]
0.203154984415677 0.351422963106659 0.45412653069279 0.439669213527439 0.291452487288873 0.279816406300939 0.260779430793985 0.437106821708629 0.408432538732313 0.333254264440613 0.5099248866676 0.571112034831703 0.423232019751106 0.171698283260663 0.243127555337935 0.195556494598831 0.210120269151973 0.19224229436039 0.157829669679747 0.188177771489708 0.141675958367487 0.0810224675287657 0.0881800319060581 0.089390999117298 0.0737883274003775 0.0762474353578624 0.0879807488691571 0.0852716175141271 0.0378558828640996 0.0796203602610324 0.0766621215035961 0.0767967800015671 0.0799551600905621 0.0861801620783436 0.0490894308701498 0.0897036852374127 0.0902399102342074 0.0883894774402082 0.0511851628347969 0.0848248715385337 0.0842563775476349 0.0726697170218381 0.0908762744161029 0.0628423369548848 0.0614080039684083 0.0438483014247749
0.364230277311975 0.108001149739788 0.112939625736215 0.119116101619318 0.0739700622784374 0.237194618760804 0.329599112058835 0.530005058024181 0.217536281197063 0.353510335714094 0.203671129645019 0.896872622379547 0.23848702298868 0.117817234937549 0.542470323777018 0.198818504752039 0.254149732056276 0.296421941231137 0.254373177169674 0.1473854354061 0.0899690353252732 0.0795747191804131 0.0751041147482545 0.0731929305601251 0.0825913147620103 0.0458131831232093 0.0904113888517362 0.085562932818522 0.0471720042112119 0.076356215190021 0.038403510918489 0.0376978015770465 0.077771427679544 0.0798167294236334 0.0705312001503905 0.0631028546274459 0.0879984917671222 0.0834688164673481 0.0833981333778935 0.0411874040657375 0.081023015683337 0.0799077086573456 0.0438799789889468 0.0450760306257998 0.0871713842195416 0.0496286815359268
0.0996222464897624 0.297189674983576 0.117614821649544 0.160108593459604 0.238227168871652 0.236728543124013 0.212384609135209 0.333322437559136 0.207998362806547 0.300345920154767 0.358332739980052 0.426480470291234 0.438249146984936 0.431540658240165 0.481489541383881 0.174245557553403 0.192171683396537 0.116969542743305 0.166307298453085 0.160956790533059 0.111720551607368 0.0784375653097321 0.0751136209025302 0.0748059330865984 0.113165205767417 0.0724739176514889 0.0781421172083722 0.0932222100922988 0.0849328652016361 0.0734130506832949 0.0754420592540089 0.0757972922664391 0.0771623341875697 0.0796821935391848 0.0553481119075444 0.0903675653362744 0.0905707936435765 0.0422443614801281 0.0846250691973021 0.0531316849613736 0.159015328017426 0.102745717787639 0.0912286584672744 0.0965115414233485 0.0416663072407526 0.0508036292217855
0.0454983368413303 0.185341879390069 0.0953391758340229 0.20225465495747 0.402495938174627 0.357720162821526 0.317829165954547 0.38003922824914 0.140424492631014 0.0739994967364031 0.169312858817655 0.367170087978232 0.168293392290916 0.364428853517981 0.230538262400785 0.123973652690879 0.350178363727446 0.322051456365915 0.168131830943591 0.0716810409143726 0.0628882737504701 0.0775222914268971 0.110323651808062 0.0598527343796431 0.0404132583473267 0.0403117884448786 0.0794972851346596 0.0491593530345087 0.0789834911999265 0.0443510096545599 0.0721467991985172 0.0725053788388563 0.0783961147265591 0.0801945016865274 0.0809169694114747 0.08142114900353 0.0441747455033727 0.0499168521640969 0.091979175838639 0.0965114043847057 0.0876557725465496 0.0704572281335083 0.0419590975136978 0.129336595064601 0.0994116974339096 0.0910444208308431
0.102283969686937 0.0464345740302367 0.25376559110277 0.0959845989914648 0.415544930845396 0.164894819523858 0.100947525566795 0.183782639286942 0.0869758733515982 0.118213420866502 0.353261444688492 0.135471497751008 0.226001965970795 0.153727252018045 0.243865832994728 0.11507119691224 0.163406219234825 0.0993527491798165 0.0861612579581946 0.162589454498497 0.188198384986612 0.0774693728730881 0.0720987202725678 0.0788157847513554 0.0858022383516865 0.071342115500438 0.043466742567803 0.0757281598774165 0.0955547159814985 0.0455607903996555 0.0756225607842834 0.0767952509388157 0.0756004470748683 0.0367214625537148 0.0481426417057462 0.0840063974254507 0.0641664980850941 0.0773357746214589 0.0936682852997984 0.093374121034145 0.088632634480492 0.0521927610938119 0.0796051633967996 0.0919060044159332 0.177571153636879 0.046181218429903
0.0287473804702797 0.0556458824532721 0.378866292867563 0.49984645901956 0.476021901487045 0.405502681399061 0.246425512890922 0.077913760341513 0.10588545340865 0.108647452829568 0.227902893898393 0.343498638672547 0.180888902454913 0.29792899124903 0.24883569084036 0.605299223732346 0.509964296096251 0.155617043752775 0.140972300999407 0.242012262737064 0.0650413599934175 0.0585391107998106 0.0866409148457453 0.0697668635137816 0.0487878376675434 0.0702521317731277 0.0620354245757197 0.051236628057736 0.0571808955668605 0.0754853851028205 0.0575322374030906 0.0693584162325763 0.0692541875258715 0.0712598562519452 0.0753715709036784 0.126158712212965 0.0616692140467436 0.0863660081156881 0.0448241536002965 0.0918924808656549 0.0881310658352104 0.0810080351959087 0.0500571364589838 0.100754719408907 0.0859836847273404 0.0883845801118674
0.0499492004963626 0.0707143703279199 0.249484186548425 0.369625070351312 0.127870497963231 0.119916299104985 0.0689184500635225 0.103966248853636 0.0899411732054198 0.107421396942498 0.0714261706764077 0.101202633819244 0.282466762503319 0.194276351723208 0.159685865309305 0.930199727907611 0.298751771260521 0.0822032285381041 0.217706814969213 0.199222148468185 0.222860434422307 0.0398151567970186 0.0617704711786673 0.0874853325376822 0.0672888081607868 0.0641763648673772 0.066620160559667 0.041759237471985 0.0758310975358548 0.083096143484479 0.0685012250966166 0.0508308422112255 0.0465625536975103 0.0581176917291784 0.0382868585769284 0.134209155473831 0.0563831287139636 0.0529949780963203 0.130522916957814 0.0881591154816277 0.0539533578448824 0.0363545704378047 0.0405439535434962 0.0472323192454531 0.0825024848712223 0.0912683131229705
0.115626874183755 0.0590333911530622 0.410876731115411 0.119958737808898 0.837591609611469 0.216527979713434 0.0801956124207902 0.0531961940993411 0.0932779848199266 0.176235950077082 0.332267355410384 0.185676715282399 0.139868231142127 0.101078397470688 0.292411325035004 0.480131012404565 0.400819046790359 0.194631325083472 0.27615733028644 0.216564186765379 0.150190890501912 0.0860908273083453 0.0903747490461822 0.0845011646265123 0.0650072445839155 0.0729515982975588 0.0387544200011102 0.057017156026371 0.072055286235354 0.136369504764848 0.0759617602755036 0.0451904398611542 0.0846313296995109 0.0709547577451067 0.123406312709604 0.0685455607038489 0.0725014840563761 0.0790792739986976 0.0908948179082445 0.0866762347527921 0.0815600845496691 0.0817600527797842 0.0487253985343385 0.0774267394300508 0.0942784029753138 0.127845571355358
0.0951852886506962 0.0903098576425268 0.122097377293868 0.237636618871819 0.220999391952329 0.243636415881527 0.0561986242128068 0.0246580968806081 0.0354194800459619 0.451377708619263 0.298013984057819 0.221035483603312 0.115163517682139 0.184413839275771 0.550976528713664 0.10987357362968 0.281217662486575 0.31926527323082 0.182084975729447 0.102788769559165 0.208098242339482 0.178014668385526 0.0508022732604776 0.100496639581676 0.0789662026932507 0.0826487772287128 0.135111893927128 0.0775664611452461 0.0370374051447365 0.0842981887588153 0.0644172427386541 0.0607997254957308 0.0650854936489657 0.04357447657874 0.0717123217877363 0.0717290116519198 0.0783270400380177 0.115350510516547 0.0847903666507836 0.0423619730921884 0.039900019779725 0.0822420825996236 0.0792295332642697 0.114516846751792 0.0927520088711028 0.143801168065461
0.0435089468635115 0.271686466202116 0.130075146798679 0.510866904723465 0.530320448854351 0.13661405382924 0.0625828795286655 0.0495860084238086 0.112647863253091 0.114017016333506 0.125932886954717 0.0762672626857104 0.111680947439593 0.192014983314752 0.141454777997976 0.194540216023678 0.259351257333875 0.214970860102991 0.166721184004642 0.189038157789813 0.191728716802461 0.0983233653828733 0.0632375491882177 0.0727082897935119 0.0659398790990278 0.0725922252756035 0.0853641113854705 0.146137258597054 0.141174209408202 0.0893341064428473 0.0405380284253343 0.0676362227580161 0.0586956377801517 0.1077675132789 0.0684190307611651 0.0654110325512649 0.0676861625244838 0.0508639442560267 0.122949930753653 0.0622727178046029 0.0964725358980659 0.08868113173493 0.0856634686944308 0.0781058885187467 0.0774556401585655 0.111137892148338
0.0394949047013083 0.250745057463332 0.333307521984749 0.347312496227831 0.393215623582371 0.101259952034744 0.0506502649490695 0.0667766514772073 0.0233099575941854 0.128394952061863 0.135759322176291 0.115708707891199 0.0929764637429217 0.136400850551253 0.117827801338166 0.408031520388061 0.13198977859056 0.164225522792325 0.281127361233516 0.17857955609635 0.188144593713025 0.1324261817549 0.122843689742666 0.0984278825919841 0.0796972750024552 0.0385628003093669 0.161499766486153 0.0873655463387371 0.0474835435342629 0.0718816222121003 0.0600676037590248 0.082022698157589 0.0666840782677023 0.0632852674861597 0.140025017774633 0.0392608679433321 0.0636598157346673 0.0655875094729765 0.204829279278292 0.164341197831985 0.125802599268196 0.0414385778666263 0.0807841068409806 0.0764895682146052 0.0360703522925959 0.0407042779367554
0.0628468087421768 0.20211227902014 0.0974655756044212 0.135277436607655 0.203300678130675 0.127149068846945 0.0530250761098197 0.0237412019748797 0.0285364076765182 0.0502927383425121 0.0398183988428053 0.085886185339254 0.0894132426527958 0.170480774257369 0.267029950819572 0.28374918454795 0.0991740724272596 0.141705587564577 0.0924232531669775 0.0869529374103262 0.0709457925328423 0.0896644777604458 0.0510450877041544 0.0527150261804393 0.081331980122415 0.0615277901673533 0.0435179337134564 0.044384786073735 0.0355168856707664 0.0569853053607555 0.027030219559563 0.0329131153943845 0.0692097076674361 0.110634931478948 0.292140305874867 0.0933570849670744 0.121916284333662 0.0311504089694706 0.0631868160401337 0.144899612125825 0.332564253236333 0.243444417530376 0.0542871911913522 0.0755550151584934 0.0684607914844245 0.07648737559632
0.0357388377842138 0.0729872716200529 0.104690887559188 0.173934508684442 0.119959531190514 0.105995567564436 0.0303924626611531 0.0645219402617686 0.138310808604157 0.125662199572347 0.0747348821565763 0.0330300995137119 0.175163947262222 0.140475124803256 0.215877031734918 0.0881031315897556 0.117213586928487 0.176228275913084 0.267425170265465 0.127751476295661 0.213590823269312 0.0445457595974076 0.115182443439969 0.112737854366063 0.102053138911947 0.0305807753940683 0.05750013790415 0.0613385830769797 0.0457034692645116 0.0366598672900473 0.0347347556482713 0.0322759181617919 0.102848871822882 0.254027378185918 0.176144869867528 0.105951102131121 0.0573260988277686 0.0334882773971405 0.135967346836092 0.2939787874567 0.252852509838221 0.388701686088841 0.0848209190555724 0.0739007279377306 0.0701954266252408 0.0404254980618985
0.0475072404006306 0.0316687107542965 0.0299079931928434 0.0970660791103601 0.175411265949711 0.0636954602069209 0.0234476020920579 0.0240665659725953 0.0622898115721546 0.0623243525227054 0.15667133251991 0.134109405766978 0.218908730417466 0.151651607033412 0.127567469461155 0.210160645063683 0.209798834196398 0.163030935305182 0.164223604251325 0.181044996681645 0.19879233758382 0.0741693164650977 0.0659722779192145 0.0768248440731047 0.0769114308576865 0.0709459872719663 0.0564395958473656 0.036439235075107 0.0271492863056332 0.0414962134347723 0.059048396884451 0.0765635618691679 0.231395489599546 0.169204670415428 0.181410471529486 0.27761273837367 0.21887586999343 0.0701131096762668 0.078537855958596 0.194608244890997 0.0779799716436755 0.285926656456759 0.0846684527465948 0.0415611228698281 0.0687215471714705 0.0712725431452463
0.0278272994161058 0.0518360675379516 0.0468288630558706 0.0868634079012039 0.0266594524957131 0.0775988311151922 0.0441071818461823 0.0235308927366519 0.133364088651481 0.0666485203461706 0.119295932381499 0.172057930359904 0.265215963092003 0.053595975489528 0.136242621406717 0.0621383045336768 0.159343340827857 0.215780657506215 0.189419081941492 0.158708000829502 0.100605780041842 0.0322271720740288 0.0719984368362642 0.0619514992258326 0.143702543517991 0.0362747778848827 0.0562747095098125 0.0542176476864011 0.0267783353214996 0.0352346113105176 0.0637622485138953 0.0797786687437301 0.0476251801841776 0.234639929956232 0.196455958549821 0.153829396294867 0.109972630930758 0.0788830058119387 0.0587062546686902 0.0753879362026552 0.17218067370851 0.123975585656999 0.154557922570339 0.0431098867293394 0.0470948189987836 0.0891746439505258
0.0415925984823158 0.0263524895420763 0.0317707071736354 0.0395665903366235 0.0567334535792128 0.0320156925979169 0.0199687373022879 0.0268028706479845 0.0548946402196126 0.124224390131879 0.110153702253285 0.1477702831905 0.122189121058956 0.124379676551875 0.112803921417022 0.139574189489996 0.073454068512859 0.0696112525285793 0.0940019022694638 0.19556227907207 0.0753237876926951 0.127084588559218 0.0302321490867341 0.029649210140998 0.0610856313800143 0.058100031775655 0.0334492935095383 0.0877932223052981 0.0532589289475121 0.0518043683360993 0.048892877787265 0.099651190493638 0.101891620839983 0.0987080617035098 0.0977914823472879 0.16958524836422 0.136252574739722 0.0688769562049886 0.0694995011216396 0.0851237816687648 0.0458535446097999 0.0667899658632413 0.212696667762591 0.0888637898206888 0.128944347193489 0.285227153523324
0.0968966055845526 0.0886620617258976 0.107042874573348 0.109976662751881 0.0631801516345565 0.0662043636796705 0.0533604962195222 0.0739407864967949 0.148282129733993 0.156511704138705 0.13588999934106 0.117185277629904 0.141079003614243 0.155443596106325 0.15214718204121 0.103229493047034 0.158088413062512 0.0658874654244292 0.135047168412356 0.0476318121332341 0.131249986296136 0.113395048421667 0.0831839708294063 0.112830290536925 0.0599542042820912 0.0426470026504139 0.0351555183759299 0.0583317893646242 0.0333678745243028 0.0489366183582851 0.0243337895229543 0.0524150630164265 0.0767825712580747 0.0367444814394285 0.0887942391031776 0.141182633678455 0.173596528115887 0.132154773116515 0.114509663041884 0.161640324858325 0.043727209752443 0.207794449306031 0.0806455751982098 0.0694813254700656 0.0660419007623272 0.172819389185014
0.0939703473188144 0.10900227472607 0.0978842719335974 0.0669628653551193 0.10332208789422 0.0960576261629676 0.0344442553631732 0.0417767351429051 0.183555501342748 0.284543172019329 0.137540824532952 0.125896016347239 0.209655664877452 0.0868133960091347 0.168039221671285 0.177554983077026 0.237806936267164 0.283727950770873 0.0835594711358536 0.0789546553844531 0.220144804550583 0.201608943297622 0.0927854102371501 0.0447828039929656 0.0594997661110995 0.0564246261787776 0.0400616063710102 0.0528027669746449 0.0312670649173112 0.0607147038367012 0.0524199747698876 0.0277212351128431 0.0291173180897125 0.103225158298385 0.045121671706419 0.156326124966087 0.111743292809516 0.317640398830342 0.236493067460287 0.141446699930609 0.0357813954953696 0.0479209023628232 0.0819545611018669 0.0480424736704049 0.0572251265919707 0.084042763153719
0.060511619780602 0.0580110504211039 0.0857504665949411 0.0508392556626387 0.0819560108264567 0.0505443809598106 0.0524929803037099 0.0480732532708383 0.170205225609458 0.157527506684889 0.135446095114166 0.198155093469586 0.121727127731209 0.163674266820181 0.147404967018982 0.19293089190288 0.168189026545568 0.23940985563455 0.0742958319826612 0.105756384644794 0.163748325387785 0.0677398672473489 0.106232730967237 0.0508223205714102 0.0583723167400982 0.0374381458054231 0.0269378591205824 0.148190010915777 0.159355328102823 0.0242645795989101 0.0489677946495267 0.0502876859441282 0.0554995215764602 0.0577299264641988 0.270344554961382 0.126364616380082 0.464331005041983 0.233007482367598 0.392893222143737 0.196336345452319 0.148185467002884 0.0727387700726991 0.0633435161219184 0.0517237427324801 0.0654805544185355 0.07773721850676
0.197203006679754 0.229433615538693 0.111566311008594 0.0620252548659104 0.105779082571581 0.129882398341273 0.033167286014015 0.038695515022378 0.0526764570150456 0.152213984773305 0.0644487183511418 0.059235050728532 0.096547330146805 0.149887804299355 0.0765708754051583 0.221880189797655 0.0606541688193755 0.180530380515055 0.108219372959639 0.128934797763852 0.0689796919117427 0.0509356298913419 0.114311649415569 0.0596744579241744 0.102416680793668 0.0454623858352704 0.027379711374115 0.204159347841465 0.149071616567839 0.102607056318785 0.0586792544497746 0.0296763311702962 0.0340146392179323 0.0886336298137925 0.122817969753177 0.292195121331995 0.126360836998564 0.243223280436225 0.258051957898498 0.109290856470168 0.166645250171399 0.112275846613195 0.0608550891074301 0.206396438772461 0.0718573230969602 0.161545667218937
