PPM-results/Best models/ASCII/Bungarus ceylonicus.asc
NCOLS 267 
NROWS 469 
XLLCORNER 376490.070567719 
YLLCORNER 381033.488324056 
CELLSIZE 919 
NODATA_value -9999 
[rows 200 to 219 of 469, columns 184 to 229 of 267]
0.00591299294675088 0.00563908695941429 0.00578307941178745 0.012017214303857 0.00564363447858787 0.00575371933334826 0.0106326308525742 0.00603735416275506 0.00619137748315463 0.0106255481185085 0.00623570001762173 0.00924937811863888 0.00890114038798265 0.00383925343035131 0.00309497312037509 0.00537553550374078 0.00586467916181165 0.0032607916813274 0.00597339002386377 0.00369592611125934 0.00323255180363626 0.00772600337242002 0.00526069802262759 -9999 -9999 -9999 0.00441582143155125 0.00527775076874351 0.00425613760379018 -9999 -9999 -9999 -9999 -9999 -9999 -9999 -9999 -9999 -9999 -9999 -9999 -9999 -9999 -9999 -9999 -9999
0.00600215371373568 0.00572598974428762 0.00582921455277684 0.005974276267192 0.00570300241352458 0.00585640725689143 0.00869574831263598 0.00378474315467456 0.0113574408564298 0.00324868742765081 0.00648486286658414 0.00685265114309269 0.00742946256819764 0.00300018790882955 0.00659961469854557 0.00288648302505216 0.00596768579035638 0.00603585890887929 0.00612143368111529 0.00557423567562474 0.00517033230731299 0.00874156610097884 0.00251819144708075 -9999 -9999 -9999 0.00526197509655887 0.00573285429840889 0.00539466141011436 0.00505567018156841 -9999 -9999 -9999 -9999 -9999 -9999 -9999 -9999 -9999 -9999 -9999 -9999 -9999 -9999 -9999 -9999
0.00607404851329517 0.00621191299425222 0.00635186055273714 0.00800982843310073 0.00348798912914279 0.00592703444900483 0.00694158516521783 0.0112702950984364 0.00612227755065266 0.0119023443662231 0.00662694218737793 0.0103380365380219 0.00434857197151235 0.0127023597347463 0.00477989343644332 0.00614503002242587 0.00603526342188203 0.00608040368035595 0.00616641886954602 0.00607221832615751 0.00561192671182037 0.00263023315956641 0.00541095413270464 0.00554818661307869 -9999 -9999 0.00580614743306715 0.00306973637241575 0.00513392465603878 0.00512484133810186 -9999 -9999 -9999 -9999 -9999 -9999 -9999 -9999 -9999 -9999 -9999 -9999 -9999 -9999 -9999 -9999
0.00810406413771997 0.00649102329452091 0.0119411605618019 0.00737707143284951 0.0036983684644396 0.00643614788298666 0.00704751513454771 0.00349700821021589 0.00647655039101308 0.00664400439997904 0.0068519276331528 0.01014259328783 0.0127352742529836 0.00512661562789837 0.0088566740530976 0.00619072114018113 0.00613871181973585 0.00620180729591426 0.0062692578060673 0.00634509652367295 0.00584387543363354 0.00309315532982518 0.0106186042262256 0.00291164020945736 -9999 -9999 -9999 0.00283927321260065 0.00279692151019412 0.00524818603391011 -9999 -9999 -9999 -9999 -9999 -9999 -9999 -9999 -9999 -9999 -9999 -9999 -9999 -9999 -9999 -9999
0.00660378716459143 0.00658419289259321 0.00686296239939488 0.00352562832506235 0.00451551749498785 0.00455616072220923 0.00436012423894508 0.00475548072348095 0.00700377907137769 0.00327005215777296 0.00349161794846747 0.00566165190462364 0.0128390765170697 0.0078405144851865 0.00678008196915932 0.00625440984943175 0.00620749349802128 0.00449244361350302 0.00799620120227031 0.00464306080237251 0.0100373656415445 0.00626007531542834 0.00744917314272826 0.0057090582593392 0.00586162824886887 0.00581954927139294 -9999 0.00559281162428701 0.00564140354357696 0.00611821056829896 -9999 -9999 -9999 -9999 -9999 -9999 -9999 -9999 -9999 -9999 -9999 -9999 -9999 -9999 -9999 -9999
0.00652785017585376 0.00669489171653623 0.00386112416664638 0.0050107395381238 0.00698551912300692 0.00711142157295782 0.00522250030408154 0.00626408324494581 0.0051491165616364 0.0108451426263574 0.00717738359101022 0.0129013344347009 0.0130554984000234 0.00576814129815004 0.00730890958395183 0.00675148732366589 0.00671667139425943 0.0068353373924564 0.00373903400551894 0.00755693149605577 0.00886685728645716 0.00319637923674438 0.0061258513742062 0.00605261909552419 0.00610214323821332 0.00603421940380055 -9999 -9999 0.00627256927274544 0.00638697986045485 0.00628860054003034 -9999 -9999 -9999 -9999 -9999 -9999 -9999 -9999 -9999 -9999 -9999 -9999 -9999 -9999 -9999
0.00538630160211733 0.00391112614144534 0.00508205507894638 0.00584327949585128 0.00710873128802245 0.00726850256807532 0.00745696676475364 0.00729607303002768 0.00763412256868925 0.00417834428238431 0.00593321200677196 0.00973428484840756 0.00797238893494028 0.0092829282437393 0.00354255304823564 0.00742183258113063 0.00391243882739236 0.00732087747516312 0.00891552223291861 0.00335857912103472 0.00687188073001841 0.00954621914567744 0.00716914324104064 0.00662548074237785 0.00623546741255694 0.00614754630434765 -9999 -9999 0.00637940261523392 0.00402314756860558 0.00448812869939423 0.00560859586138683 -9999 -9999 -9999 -9999 -9999 -9999 -9999 -9999 -9999 -9999 -9999 -9999 -9999 -9999
0.00335635517319146 0.00507476363142133 0.00359172895950511 0.00411546428144033 0.0137773764981786 0.00366926758738074 0.0079382374626375 0.00817723556042573 0.00789487555102517 0.00817335339992584 0.0132985184016644 0.0125337372910363 0.0164042810612365 0.00477159087814247 0.00854755544554638 0.00511266338107625 0.00745310759428922 0.0126820167088476 0.0127526502119512 0.0051414577243288 0.00914112750808124 0.00725205657858188 0.00717242540669319 0.00721094949358596 0.00468054808374394 0.00635336842859317 0.00629615614757083 -9999 -9999 0.0060936626198338 -9999 0.00503978722255156 -9999 -9999 -9999 -9999 -9999 -9999 -9999 -9999 -9999 -9999 -9999 -9999 -9999 -9999
0.00518015265874008 0.00766386446203129 0.00586439742118085 0.0076210047249193 0.00979602346170806 0.00415211400426453 0.00814593304938157 0.00663993381134528 0.00834381144019362 0.0135847939296555 0.0146136322767375 0.0109337885968616 0.00872086425021283 0.0124189034162031 0.00450082190368543 0.00813095616823337 0.00541796699509396 0.00928914727372727 0.0139636291436014 0.010647637485533 0.00805850780468249 0.00733174590173677 0.00722910936768466 0.00732423402034219 0.00687353601257247 0.00644728001879074 0.00652021207465658 0.00659242873471269 -9999 -9999 0.00592363282532483 0.00354809206903713 -9999 -9999 -9999 -9999 -9999 -9999 -9999 -9999 -9999 -9999 -9999 -9999 -9999 -9999
0.00816180969740829 0.00640929867704914 0.00748647019282578 0.00741378020850992 0.00886605579071066 0.00833587672246034 0.0172164441841896 0.00429796639558596 0.00862277703847433 0.00867685951917727 0.00893482394544581 0.0107137676463939 0.0132140890741369 0.00777550407428868 0.00504274076593234 0.0080971797490583 0.00939315780048766 0.0155235805854729 0.0127645211843855 0.00459262787710467 0.0112323543273457 0.00348007582369745 0.00732206889994263 0.00363198496240352 0.00342034680996831 0.00304162744776981 0.0066168040325193 0.00416039808038 0.00680907420703094 0.00411862293200033 0.00689462824315652 0.00656006868203677 0.00638183369878895 -9999 -9999 -9999 -9999 -9999 -9999 -9999 -9999 -9999 -9999 -9999 -9999 -9999
0.00785629196051118 0.00796201817501687 0.00392450949758575 0.00800741132388099 0.00399691593813077 0.00904149680847098 0.00479478241451472 0.00908961810821125 0.00899563394162719 0.00710155659381481 0.00598352322008729 0.00927894240268727 0.018063705427965 0.0130417206069998 0.00888272131250361 0.0108145208006773 0.00494485640744802 0.0111732032199984 0.0130380566264444 0.00419388329243908 0.00745092128699423 0.00412863531784137 0.00498635116755193 0.00771463818076614 0.00738371284839118 0.00678539762598871 0.00686856746020023 0.00509245423832537 0.0127286531227674 0.0043345890713096 0.00711273741439989 0.00668265470667441 0.00620426587735486 -9999 -9999 -9999 -9999 -9999 -9999 -9999 -9999 -9999 -9999 -9999 -9999 -9999
0.00848355659620938 0.00854603630006512 0.0072568926001614 0.00652726595848173 0.00609670136158133 0.00920070956589735 0.00697051429318815 0.00931715184164357 0.00919649923391071 0.00909600212551263 0.0093333449407468 0.00907814923600524 0.00679213821423242 0.00416429286286015 0.00860061103799819 0.0157322796196477 0.0155756913325453 0.0153985364301797 0.00828165630154456 0.00817966979947583 0.0118292234314384 0.012671975923551 0.00427397561739226 0.00769391739702974 0.00778267876849632 0.00431705173130871 0.00820963077433238 0.00473798891276599 0.00717248761502447 0.00709490030236783 0.00734045687125603 0.00446997378393062 0.00300771849780202 -9999 -9999 -9999 -9999 -9999 -9999 -9999 -9999 -9999 -9999 -9999 -9999 -9999
0.0089479634268962 0.00945066805040114 0.00942262020712395 0.00936951592989115 0.00953227636534052 0.00996105044418407 0.00987089434389879 0.00999432559042883 0.00999005124697087 0.00930186391883897 0.00958208540415552 0.00969298663056771 0.00965533436188288 0.00957586186631745 0.0088933580355825 0.00847270439789606 0.00613361524442097 0.00687726625852424 0.00887317098129708 0.00443420264108951 0.00400624989253285 0.00576217786326232 0.00813515387823975 0.00781461328012349 0.00379142694400711 0.0080534545047285 0.00759727990988108 0.00905243916378616 0.00726252741277736 0.00718345386194514 0.00728379590030003 0.00456361174762756 0.00654668577668137 -9999 -9999 -9999 -9999 -9999 -9999 -9999 -9999 -9999 -9999 -9999 -9999 -9999
0.00908031390561979 0.00538371815322917 0.0098460389600573 0.0100864056411337 0.0102669738875895 0.010655896768473 0.0109072211315549 0.010885698852072 0.0103529142464681 0.00643709047444105 0.00944091216123038 0.00978429944518679 0.00989314689509672 0.00941332051238258 0.00939789104308507 0.00929748679639889 0.00866056093638187 0.00713596185807782 0.0221886695526909 0.00995139372771535 0.00438986297679206 0.00932506852797648 0.00830566420956861 0.00420319425680569 0.00422774851626098 0.00833618776411674 0.00838968692901768 0.00393542841208045 0.00435477251931495 0.0074321623196182 0.00736245427813871 0.00744773288462362 0.00698121457695334 0.00649014696846288 -9999 -9999 -9999 -9999 -9999 -9999 -9999 -9999 -9999 -9999 -9999 -9999
0.00970152269550337 0.0103740398351428 0.00603469408041531 0.0106529955161533 0.0105928788273162 0.0110736969370507 0.00703466821256834 0.0112375536816427 0.010600159005216 0.0098181164350127 0.00974260002868868 0.0101109743257093 0.0105295137817022 0.0106307168194248 0.0104819153925727 0.0101224413947753 0.00943721572415431 0.00983355131373033 0.0247270092865462 0.0148035308713153 0.00446253132342747 0.00953896060545807 0.00460447811342853 0.00419909166243626 0.00835653529786546 0.00824677455752675 0.00834868081986383 0.00855703004487136 0.00818864042116043 0.00767406031737111 0.00773360991866656 0.00768782278370432 0.00762124905039433 0.00714532917057059 -9999 -9999 -9999 -9999 -9999 -9999 -9999 -9999 -9999 -9999 -9999 -9999
0.0110404308065062 0.0107473132636442 0.0162984403473384 0.00794321863699 0.0110859411594727 0.0113425406087332 0.011834455242256 0.00765700892361022 0.0114649801282428 0.0114746314352914 0.00721131553101349 0.00995635236281739 0.00556433688760604 0.0106961203148508 0.0104767971795774 0.00996485957751246 0.0100631045640042 0.0103121145968485 0.0123213138711149 0.009979852686921 0.00490287344717908 0.0177136420180212 0.0092888957356921 0.00855914422656486 0.0056252577768997 0.00854106233827276 0.00859006988134127 0.00884416567066019 0.00834566957600186 0.00782074125153959 0.00791232273402421 0.00797635584302192 0.00787410337779771 0.007417768754272 0.00697039889222577 -9999 -9999 -9999 -9999 -9999 -9999 -9999 -9999 -9999 -9999 -9999
0.0114892603104124 0.00569377619673972 0.0117486411031801 0.00567918338441942 0.0123662318925792 0.0057484392885346 0.0215679584294575 0.00576586753856325 0.011719674560054 0.0118994431139034 0.0113080708822138 0.0114958841453387 0.0120441766568318 0.00542101926039177 0.0115018218854809 0.0110479967821019 0.0110057825691232 0.0114756375874321 0.0111354436644814 0.0103322484585028 0.00616435337263352 0.00987552120123401 0.00985935424766131 0.00927124029001877 0.00879902135512119 0.0087104637384788 0.00859760971140643 0.00884486438742457 0.00847470948961732 0.00793910837927542 0.00385994265913706 0.0038945291389738 0.00816573964111916 0.00503347262614162 0.00707859495779729 -9999 -9999 -9999 -9999 -9999 -9999 -9999 -9999 -9999 -9999 -9999
0.00755005522152426 0.0126111388802691 0.0228942039895497 0.00607169541554675 0.00768557246493801 0.0124351100388567 0.0171842671502275 0.00632324742505833 0.0129151464873851 0.0123223642001865 0.0122388211159873 0.0118224832939797 0.0115664527354009 0.0124108713289079 0.00883004978887971 0.0116084803233858 0.0116949075300744 0.0119923616247255 0.0115086377548212 0.0107740953026154 0.0107696181059032 0.010478334356459 0.0186556817115671 0.0105981980904257 0.010400193479811 0.00960169635519909 0.0092521441354558 0.00938508965039163 0.00921271306912437 0.00927320661422924 0.00544090924735608 0.00421033694527767 0.00809742136982327 0.00833559903889462 0.00767141240622662 0.00574889999081408 -9999 -9999 -9999 -9999 -9999 -9999 -9999 -9999 -9999 -9999
0.012934042493404 0.0128136387189962 0.00943390876532626 0.0133700435575162 0.0136811357018381 0.0175603949494076 0.014297746484627 0.0135125141596981 0.0125722190041382 0.0125517245144764 0.0128139587763528 0.0130293718024557 0.0132000317944076 0.0123494644933742 0.0116518954276292 0.0117127108332307 0.00555180596591817 0.0123578490945467 0.0123548630946453 0.0115660371116224 0.00509957573990193 0.00670508892423108 0.0112463683317141 0.0111113185523549 0.00509451748131283 0.0102769389410046 0.00631442060379168 0.00952904784310408 0.00941720988544262 0.00950318089770178 0.00889033777602035 0.00831183545634561 0.00835941040465463 0.00844307069295624 0.00777460971683027 0.00780698509619651 -9999 -9999 -9999 -9999 -9999 -9999 -9999 -9999 -9999 -9999
0.0125627128498625 0.012498879889409 0.0131550713991524 0.0134746256796684 0.0138076530225416 0.0120627895698648 0.0136408869114998 0.0136709822202891 0.00705256212351157 0.0132870134666576 0.0139074171545146 0.0134297806853755 0.0135011129052435 0.0134994837682199 0.0132854014594644 0.0126868157660564 0.0121583695153817 0.0126629340778349 0.0128862078929296 0.0220944446669119 0.0126666746918419 0.00898923189292545 0.0127204533434486 0.00783157451688253 0.01036175684521 0.0107998531580454 0.00981844731120951 0.00988365606751141 0.00995795264960033 0.00984397075843474 0.00906323636632835 0.00844104486512455 0.00848973595711654 0.00853973522720545 0.00844048769485308 0.0083557301958389 0.00787728501839318 -9999 -9999 -9999 -9999 -9999 -9999 -9999 -9999 -9999
