PPM-results/Best models/ASCII/Bungarus ceylonicus.asc
NCOLS 267 
NROWS 469 
XLLCORNER 376490.070567719 
YLLCORNER 381033.488324056 
CELLSIZE 919 
NODATA_value -9999 
[rows 380 to 399 of 469, columns 138 to 183 of 267]
0.0719910800249128 0.0540055912054773 0.0648512296953449 0.044558367152547 0.105851561588513 0.0900573098489297 0.20643279007561 0.0660752372153332 0.118197091630326 0.0917713098551614 0.0342986878679776 0.0310439768256403 0.0491094853936425 0.065536119981919 0.126118350726374 0.0496579537112892 0.0138742979798831 0.0136251193534453 0.0122705040895793 0.013724672518034 0.0439487110808812 0.0499899045795602 0.0647977269241639 0.0153755500009867 0.00476155550226596 0.018041445664207 0.033734914497696 0.0265652835072753 0.00633789658550479 0.00847033417031728 0.0164842485187421 0.0150699943981488 0.0176123488232968 0.00391945890234182 0.00573940195066863 0.00518079637973333 0.0102019084809206 0.0179111056866248 0.00552349306105553 0.00549973804342169 0.00526875896016347 0.00539465960697433 0.00306184109837078 0.00300148414112372 0.00277259782727107 0.00603785543568537
0.13107767823419 0.0341973441853321 0.0291872330415112 0.0856831301333954 0.0496382562095238 0.179793228017646 0.0727368154688989 0.0713845614169115 0.0404534323073534 0.034509024153306 0.0723927547121386 0.0304594781637722 0.0382640921308199 0.0409264752772479 0.0173732795014771 0.0328601391400943 0.0381442049560328 0.141064881421472 0.126740102261409 0.0161228325391247 0.034143156220937 0.0414004306360012 0.0466975079104475 0.0618706969144898 0.00997056200787981 0.0290209853332301 0.015055914579169 0.0221406068550018 0.00531159165017491 0.0299450621457263 0.0526110427007795 0.0184837072305281 0.0148059578978053 0.0120162883914479 0.00584272322714983 0.00512719714056033 0.00528172669252533 0.00510583984839083 0.00472390954457126 0.00493884969719941 0.003726208270435 0.00509676193987402 0.00504946692905576 0.00533628790690812 0.00568776047079092 0.00587114206648965
0.147097322478411 0.0318689855182178 0.135173013161826 0.121645178622803 0.119688605793659 0.0509271659520077 0.0358450896140403 0.190469519201508 0.124415450850211 0.0705978874815229 0.0393007714323533 0.0318562878060765 0.051230064628001 0.0562090607873415 0.0240402293092133 0.0159886356450031 0.0420808563478434 0.0622487432546695 0.0548281079585235 0.040961416524887 0.0211057775751465 0.0112974738282157 0.0246253175978736 0.0962988141743309 0.0638476524386127 0.0379350226803281 0.0214033587911703 0.0103661655226008 0.00939731223513315 0.00737356026841225 0.00943731399528633 0.019974038533997 0.00745643393687267 0.00975624438934946 0.00746020069641019 0.00406183664281175 0.00441103679946279 0.00436406725542122 0.00447096325702599 0.00415698969492486 0.00912093053652562 0.00304369023997226 0.00488438269688356 0.00523112111659894 0.0054657713929727 0.00546266728739883
0.0632120239378524 0.0344606855751913 0.0433524307020106 0.0381151491574749 0.0953598181811677 0.0224605704483062 0.0761306640090594 0.08687051227295 0.0627874637972756 0.0582761444630791 0.0561248866041293 0.0296834968488036 0.0800097591708856 0.0230203715010861 0.00930318471891614 0.0209139000343779 0.00814288033329875 0.0488290899053124 0.0488006363555268 0.0768997392976859 0.0104501386556988 0.0194736040637987 0.0103615828421965 0.00858650146720783 0.0141186829585322 0.0346047925269568 0.00526815806374611 0.00202420816115029 0.00843285410150599 0.00681014842770805 0.00306691242972514 0.00223284047914364 0.00494426768222591 0.00246845926710984 0.00418445332083002 0.00320801242008628 0.00815050130466558 0.00668568848978684 0.0045704997425693 0.00306586164986852 0.0042955970695772 0.00409447122355832 0.00443100071516861 0.00196635396227473 0.00451116877200336 0.00471923039617497
0.0358424101479452 0.0576773901760776 0.0432286775949839 0.0495207888486665 0.174222910114537 0.0760627505427019 0.0832158936206233 0.184338496872461 0.0830683607027872 0.0986772929219166 0.0316950221737179 0.0507499677742813 0.0122760406310632 0.0150524164874971 0.0200981432533308 0.00733933937521804 0.0199332064278567 0.0433274319685362 0.0490146438339708 0.0189985902618436 0.00394593035044156 0.00548308649596402 0.011456731664143 0.0330412861945021 0.0382599196647741 0.0565934109050909 0.0210230909824649 0.00464408904297867 0.00203853951816521 0.00384143342665617 0.0038007762250995 0.00394841372505767 0.00391475766548008 0.00366517468488902 0.00582142318467651 0.00228023308491641 0.00182816874778358 0.00399007798032506 0.00401519887653701 0.00505502916528522 0.00366559752122772 0.00387019486260304 0.00404492589397375 0.00401020823569931 0.00434057459466277 0.00436334599940638
0.0620746825406076 0.147784722735917 0.079601391227842 0.0659289448578427 0.150275638083656 0.11078956876853 0.0504659119116758 0.0329179081406031 0.0544943287062548 0.082254783918045 0.0239187679931738 0.0495659286563554 0.0458342654365232 0.0430567409798857 0.0405745816801665 0.0389706237041193 0.0408207752082728 0.0110355974896367 0.0115942328123826 0.00895656530644322 0.00904939366026349 0.0570499335059655 0.00959344879266936 0.0313115375631864 0.0143735306572466 0.00834052431590598 0.022921334034548 0.0109248964117686 0.0103537635254255 0.00351227088905998 0.0146355656721489 0.0094114749985546 0.00384281778741966 0.00389799567569514 0.00694975384037093 0.0382215380259442 0.024168989736123 0.0121775837756171 0.00240215352548786 0.00338361729819747 0.00163954576208574 0.00257332312989278 0.00371614359353288 0.0040342765489146 0.00438146214735918 0.0041057733053109
0.0432305420417823 0.06449042137392 0.0303027889008278 0.0704448874430943 0.0591844185562901 0.057325294627312 0.137296188917838 0.0732098007383123 0.0545990154105291 0.0236308353794886 0.0469593274501153 0.0300644029690821 0.0198552188181118 0.00599513499114125 0.00651511008992158 0.0376946064129007 0.0381455176419798 0.0161530315284661 0.00437886607649076 0.00276442757437044 0.0189425865354312 0.0247890571383631 0.0155084955159225 0.0320264465250982 0.036728325304696 0.0252590023136739 0.0294577022439371 0.00753414341226682 0.00908378404862119 0.0135674035455676 0.008361420905796 0.00347682070514546 0.00349133530626665 0.00206368430598265 0.00293869993199421 0.00320177941576301 0.00160090458378681 0.0066052337336862 0.0113218351516871 0.0020059856279353 0.00332442652176941 0.00237173387688437 0.00357367524527609 0.00372858976763901 0.00389102248238664 0.00397037281521456
0.220836835271704 0.119310667641882 0.1739713648668 0.250331345013219 0.12722221863197 0.0554358166389493 0.0284107648787326 0.0457614293978643 0.050590274480035 0.0472490343535971 0.0454612354319268 0.0144450152424476 0.00653308649452151 0.0223556240918666 0.0172071724381188 0.00511052079992716 0.0107654393288672 0.0328499117298039 0.0298880847236937 0.0279594767933858 0.0121858115036065 0.00782389404189447 0.0296409174999674 0.0299253123528998 0.0193633817196105 0.0114282645908072 0.00293975814980349 0.00598827178937501 0.0261364805781911 0.00885963030118843 0.00244991307025818 0.00287655245669031 0.0027186302967455 0.00292166454110115 0.00622688626912035 0.0203819538888913 0.0100126662293163 0.00285143990000103 0.00289180995150678 0.0031004794592634 0.00182900810947085 0.00324378175978736 0.00329005732030714 0.00351969486737775 0.00368460058868627 0.00373670412319849
0.0625083232944113 0.179307678468454 0.120106429403057 0.0306885274364057 0.023194235672884 0.0456605112562676 0.0375992960368194 0.0517175327181923 0.048791022012849 0.0459767603810955 0.0434448380226322 0.0341540688244416 0.0141176091886401 0.0114173582982928 0.0197912938975163 0.0323993791601326 0.0328599516135305 0.0301809128625797 0.0260860647827536 0.0246716366591468 0.0117082850260096 0.0240225531274296 0.024594431612178 0.0123754143832182 0.011238201910486 0.00619513928405705 0.00451704385302926 0.00260778451688945 0.00188649108689127 0.0032986465778739 0.00326693678257385 0.00179225515687953 0.00243175342155198 0.00270117973285889 0.00287756153893357 0.00251138955207578 0.00128426699497712 0.0026643456389659 0.00266393610078497 0.00295841366201989 0.00295119727019889 0.00286808040322596 0.00292734826389061 0.00300468020683949 0.00325769050585608 0.00359639435895862
0.0296585720440707 0.0891466736422702 0.0372842225592956 0.105599136408438 0.147916755861994 0.0489803084413842 0.0242498641730673 0.046432017177664 0.0212862268143599 0.0413919053899058 0.0406040125318521 0.0396634982947777 0.0367264464327774 0.0146713661160156 0.00952302355224011 0.0306620176715802 0.0294289908451263 0.0219752102288182 0.0138340455832647 0.0149204013928204 0.011030704669146 0.0101580669340584 0.00637521437171273 0.00858017334724761 0.00550823849634162 0.00966678339954848 0.00613893135203537 0.0023385114724857 0.0021608559733673 0.00102985937512802 0.00210046340410451 0.00286677853611917 0.00192563229846174 0.0024719465399416 0.00220340196411284 0.00853096295092493 0.00236996229179791 0.00237372048642025 0.00255962760513345 0.00278553828713987 0.00219935053384197 0.00161003275483216 0.0027437052128865 0.00277677615352205 0.001423981835701 0.00301368734210985
0.135594572877381 0.0879221107551504 0.0433383878474016 0.0305705768340185 0.0614886692411083 0.0543753827705671 0.0281096026265951 0.0443253870346326 0.0527818902192953 0.0611428197694312 0.0403846821840186 0.0627615202184217 0.0147296535192851 0.00400440663262992 0.00875331175518055 0.0231075046370992 0.0261636629142505 0.0239939841766816 0.0147837332952779 0.0100606477857036 0.0222927612207529 0.034816185452347 0.0217142057084471 0.00888633570670799 0.00325558872075033 0.0201777572953892 0.00862151484044836 0.00134534081308518 0.00207068296864417 0.00433135829514812 0.0167026790996971 0.0169273485451805 0.00607343995353265 0.00234085127207635 0.0145782483582194 0.00939764671761004 0.00237924147582136 0.00241305485936719 0.00221013872068397 0.00148753260473878 0.00235673197716815 0.00265408870225732 0.00253566432482532 0.00147932651442991 0.0015586851867805 0.00175853373347559
0.0943860720732095 0.0334681507480463 0.0314934275112894 0.055791222752823 0.0526119262393977 0.050360619352349 0.0452681299527929 0.0420425684722955 0.0705476520000891 0.019824080392811 0.026628005733466 0.0347459531479017 0.0148181245852057 0.0279898416716106 0.0143223223817628 0.0457307832297937 0.0255472937522265 0.016668707941398 0.0216292201122182 0.00927331299949143 0.0188236099463628 0.00848291828463624 0.00284743783068867 0.0104659729299347 0.00295547274061937 0.0177199313704707 0.0112660712428995 0.00366234014875069 0.00190182205966426 0.00426342409268013 0.0162084275966861 0.0102486810319131 0.00820953250320036 0.016098892248852 0.0158428734106835 0.00763628363202372 0.00132432037001386 0.00221512710759663 0.00228500532041712 0.00218629512379581 0.00225783267623545 0.00232210244736302 0.00157921686620551 0.00142336606337832 0.00121657813225043 0.00132401485047382
0.0953875071995775 0.13388838407379 0.0451830614121223 0.0913434102992358 0.0305273772050095 0.054193925576073 0.0448937944748096 0.0732843136972056 0.0248089097101716 0.0256640687073096 0.0160008032339735 0.0246790926432002 0.0175699533947443 0.0133794992238708 0.0261068008931804 0.0237668606576078 0.010168935360632 0.0126101967395997 0.0188027818757942 0.0116315515001606 0.00835865308583904 0.00355982307272603 0.00278338488715055 0.00762090104436717 0.00197824544542694 0.00458345575452092 0.0034615783116268 0.00175909755282594 0.00168515134338549 0.0016628764783296 0.00359379716112767 0.0142296364760054 0.0104731079550615 0.00633376514089477 0.00147797754028965 0.00186434368129676 0.00182631275320414 0.00196334181684275 0.00202820887810762 0.0020831002925097 0.000985906258976031 0.00216296812652827 0.00166353101816307 0.00218389266508887 0.00127749102011018 0.0020453470479828
0.0805575963895193 0.0439847161811421 0.0636319175520132 0.0949000391093861 0.0548418875546871 0.0240484065492816 0.0402386999666145 0.0178801998663888 0.0540548241410504 0.039666379712557 0.0503743484605916 0.0139228484269522 0.00487318790196319 0.0244389576656186 0.0104988063068703 0.020339275367353 0.00938848766779156 0.0212427224546846 0.0173181394791424 0.00737072392913388 0.00930395465971199 0.00703681710470756 0.0040074620534228 0.00729227020768942 0.00418358961675225 0.00725057980689149 0.00101632320286947 0.00172078477140627 0.00111615258597256 0.00340449811061217 0.0137516529024092 0.00898230873675298 0.00662800784313986 0.000959781239155916 0.00103077920193945 0.00176709154878795 0.000905406480722587 0.00171471337350883 0.00736255525398078 0.0014252238610978 0.00203821382599601 0.000956191863519552 0.00106566162213478 0.00268687384519699 0.00164140232014645 0.00129872434640213
0.057722064773637 0.0410335060635705 0.115200034874171 0.0519490558989568 0.0499449018105142 0.0626778977960609 0.0615760998952275 0.0571641768524364 0.0618023290568429 0.0246103046539246 0.045079683787515 0.0470605485192383 0.0366874913954157 0.0236765053103484 0.0141985422276356 0.0194920988711593 0.0180340311523744 0.00846906025188107 0.0157329918599623 0.00306692843259297 0.00369572100408012 0.00652038607767016 0.00252438207761315 0.00719040181129312 0.00182126407379649 0.00195957032406264 0.00185054244745275 0.0015643418624694 0.00348160623880394 0.0102343316434978 0.0145202981421368 0.0140473453292441 0.00334911624211999 0.00159926800881063 0.00157784490202978 0.00617065489627819 0.00164326958435112 0.000798403417678118 0.00184694078792488 0.00191139538090626 0.00194879611155592 0.00199241271669848 0.000986934499582191 0.00217327915743796 0.00238443113824066 0.00113277201499832
0.115361661134537 0.117491364257483 0.0292806789707942 0.0298089971985262 0.0298596762524091 0.044640053002508 0.0187804788366752 0.021003218576116 0.0336342343705841 0.05743259227836 0.0452207217949373 0.0244785924867742 0.0109769756038904 0.00961336086809912 0.00330278974289416 0.00765008576743775 0.00262953647133457 0.0125470769210308 0.0145133001556528 0.00570453102549103 0.00166884318140864 0.00882204835496505 0.0127994092393934 0.0131865127519794 0.0129799585528789 0.0149412060225685 0.015967639882411 0.00454888099509442 0.0136883572776867 0.0137434720560609 0.0130329645589796 0.00992102704635045 0.00118221298785324 0.00159343338573931 0.00323403714024183 0.00621622790836102 0.00124579790385548 0.0016205022366726 0.00168280872638853 0.000805619133321607 0.00173933818081808 0.00176341945410238 0.000970548802583747 0.00150707424758717 0.00278597892948643 0.0054952631006346
0.11018116768233 0.0731214829392948 0.0331210462909034 0.027432094395333 0.0440990821411356 0.0372722965910902 0.0631469666453136 0.0341498494767547 0.0178210334323512 0.0414505254725121 0.0533971684815968 0.0474663848536699 0.0232430971616095 0.0202730171835495 0.0173148433391545 0.0162407560944114 0.015132643597168 0.00641463506998895 0.000859090349551967 0.00141440197807636 0.00159639718447906 0.010778841167193 0.0124549283510045 0.00560356284675825 0.00144717303398449 0.00151867215700209 0.000997087304953621 0.00464389475463967 0.013967888160369 0.00797142515659045 0.0130606734119299 0.00264823570969688 0.0011045599732815 0.00136231162902566 0.000825156381016155 0.00136606847129297 0.00144205673682545 0.00310201573457502 0.012436971780945 0.00650217256015535 0.00172289591030097 0.00177877285342958 0.00732546736812757 0.002289008516692 0.00157056517491497 0.00128913085253096
0.0390636440923535 0.0561748840710782 0.0221696987163605 0.0481943160929296 0.0400571417962783 0.0364879414937893 0.0404581457154104 0.0162461366642821 0.038705381804661 0.0162923709779735 0.0491540554090797 0.0160226050001621 0.018127897213286 0.0133782505493951 0.00908821887154246 0.0160621821208366 0.015460165953508 0.0134548578554416 0.0121111651123503 0.0121867175814751 0.0128755287960598 0.0131484466626561 0.0123526226931492 0.00505244526561205 0.00102562109447081 0.00144019679787718 0.00390830107179221 0.00338322827073447 0.0138772443107037 0.010014696564998 0.00720660618002158 0.00255634093163082 0.000722547457545861 0.000942512792413056 0.0012836638446347 0.00132195205827137 0.000930358839689195 0.00180283429217348 0.00163177445391832 0.00101434065039867 0.00166705424109933 0.00335719363330871 0.00695747037815972 0.00125155668234898 0.00103037248116483 0.00237366368750908
0.0705994453945149 0.0244954338147208 0.0259328014858797 0.0405504881229907 0.0385912358277521 0.0175621079324429 0.0345861264212927 0.0483727764686821 0.0163384069462609 0.0257505905788501 0.0417237805262953 0.0236303142720178 0.0118081988186057 0.00503095318872477 0.00194788935750976 0.00443183692136082 0.0154602939764506 0.0145604279252326 0.0133997611084678 0.0128588046722157 0.00787944067230754 0.0121704171955397 0.0121155945258515 0.00235367588019776 0.00242089784235109 0.0104036609181024 0.0111739821764945 0.0217825681566739 0.0140516494245127 0.0127792600510488 0.00453333747718956 0.000628416785833787 0.00054910330468038 0.000745256992046941 0.00074720122779195 0.000738417456493693 0.00268338679775774 0.00551214725315705 0.0014406181691646 0.00155270552363244 0.00308006250462325 0.00799434126332203 0.00335429463491405 0.00168513894679773 0.00091761571095821 0.000987876189466569
0.0660358133615619 0.0592586898944185 0.0431530286578672 0.039455870325785 0.0269214451368246 0.0356019938805178 0.0178012746238246 0.01988428723865 0.0137175933902483 0.0266561184897845 0.0244421564360444 0.0161762505627239 0.010654824801721 0.00833174843334539 0.00977409727885685 0.00584752498906864 0.00363550491714846 0.00907374596803463 0.013111364186223 0.00644536508407133 0.0159187387246047 0.0023567585734837 0.00128746948437927 0.0106427230273619 0.00975993541700542 0.00540440738201492 0.0104811607784672 0.0116657363305541 0.0182419800802937 0.00339210062128705 0.000596452297003504 0.000730026657027272 0.000636012006106961 0.00182569889671775 0.00327121090063931 0.00127559400409489 0.00518312152881118 0.00133393854436428 0.00138432594034618 0.000633960427181618 0.000686141665759807 0.00142453911866871 0.00452366858952559 0.00191116187427146 0.00563231391464991 0.00109267299797939
