PPM-results/Best models/ASCII/Daboia russelii.asc
NCOLS 267 
NROWS 469 
XLLCORNER 376490.070567719 
YLLCORNER 381033.488324056 
CELLSIZE 919 
NODATA_value -9999 
[rows 441 to 461 of 469, columns 48 to 95 of 267]
-9999 -9999 -9999 -9999 -9999 0.279946869738467 0.386278847614296 0.389195168483918 0.293637254458078 0.296496311114075 0.3997904977314 0.375454991220231 0.298989255962225 0.2654618395072 0.277614649423689 0.348452238077278 0.301137416715976 0.304138769645751 0.299990041491185 0.364249522091943 0.326387645159484 0.278905854287277 0.32576813781238 0.308723084983215 0.234375818956317 0.29310749078364 0.291252481542188 0.340149066498528 0.267995265191856 0.302251671256353 0.311597140737037 0.236539620033263 0.286181754941283 0.484845558360096 0.389896864196049 0.431442357853717 0.421560266375056 0.494108142491652 0.475659419444585 0.450902042397599 0.323345839272567 0.370909957906621 0.428497990343927 0.416949019571983 0.475199744491205 0.463171611090456 0.469038739602949 0.426152945521715
-9999 -9999 -9999 -9999 -9999 0.230083247223271 0.297864992730177 0.274388560940833 0.278127267289276 0.274241357898993 0.271916860168039 0.428868367694464 0.289065484834407 0.368549858227858 0.298851476145413 0.322231473214734 0.278603251670587 0.401054826888108 0.285970317844823 0.193636457108268 0.293555289127962 0.34224846624467 0.278718616478756 0.319282449851158 0.299852010760096 0.257436569428649 0.243451471952356 0.230189565177827 0.273532469310954 0.34365729414491 0.375517357357464 0.382680485984152 0.337732594745788 0.388606049643557 0.415865711125628 0.543424953101334 0.433831535709116 0.525667526763632 0.707207685426207 0.4467682018234 0.410956712715198 0.419934899454747 0.424300055111927 0.360259594794633 0.436768821860455 0.340986367437081 0.373971753297515 0.457179025440031
-9999 -9999 -9999 -9999 -9999 0.254198855251011 0.230714784515935 0.361515337107233 0.273495557033038 0.274625786448979 0.272434412681051 0.265483167220648 0.348491547980497 0.262612791542873 0.279286770037401 0.296609808004857 0.290388193379298 0.355051841119742 0.313052666571951 0.285425109002737 0.320001598045144 0.276881143357251 0.310374463350123 0.288004591396696 0.320889026080141 0.346946808180831 0.394293467775804 0.290076669366133 0.307206698496722 0.302808589431312 0.305776877435402 0.398817368531514 0.411784478911268 0.404713324306367 0.34416419674088 0.361856803557318 0.45567769381009 0.43348873104956 0.52603637074915 0.570520405129535 0.475900297149413 0.417904529013831 0.361961713603992 0.366922985821894 0.403261088236403 0.343777593600504 0.453051764395733 0.327423781721977
-9999 -9999 -9999 -9999 -9999 -9999 0.230051562326102 0.265000352395161 0.268920079453957 0.284683462162016 0.305411825043386 0.302113473249081 0.321407442853437 0.256316515980563 0.281839516121298 0.220715976079952 0.242017580503894 0.269350258040241 0.296506319805745 0.311650529719067 0.326883089336857 0.45524656732543 0.277354897389443 0.252154796042379 0.318896404298061 0.34051821715705 0.278950795822021 0.302354127918997 0.378167207266121 0.468185017719009 0.358481699873963 0.351908526468557 0.365961510196153 0.345551529651488 0.391996960926291 0.389214934952983 0.35707460049429 0.424017665034125 0.520356786718182 0.386244137806135 0.676053722865294 0.837801930724018 0.429004251714525 0.481007796631415 0.35251501415268 0.320228145756883 0.305951931961862 0.3725758335428
-9999 -9999 -9999 -9999 -9999 -9999 -9999 0.232230320681827 0.269828667926219 0.261983470659646 0.289457859003128 0.264644165640892 0.315520492113151 0.29735895439449 0.347549587909545 0.206657318901785 0.276012282978667 0.262444288666949 0.289119292006897 0.304070214289713 0.322619275167761 0.35137282448959 0.366645781305794 0.390875346233821 0.340516488636483 0.348897833951846 0.354621690412822 0.374529926043854 0.342470358102624 0.37336791415297 0.322551946503738 0.318994511779923 0.337224632733987 0.49522883716511 0.414648665370239 0.430001663840443 0.364265831519874 0.386723802263492 0.416067613479606 0.396890291134162 0.393491824543788 0.553254993807436 0.429593203278702 0.354246824484683 0.488448241291658 0.365846535699079 0.35328141786862 0.485090785245705
-9999 -9999 -9999 -9999 -9999 -9999 -9999 -9999 0.325116234644325 0.328440319091588 0.225737969552612 0.358874380715688 0.213061626999536 0.206779597792222 0.222880975969549 0.203330669553036 0.269203919258685 0.226728802148629 0.29349041384797 0.297407826919556 0.412210113161223 0.325817902477093 0.329618751927858 0.379265793603939 0.555183799725355 0.3910453545954 0.347317994032924 0.375691380347457 0.356964644282734 0.374253641546765 0.341882744747918 0.372005644790585 0.393928526901244 0.419064394193688 0.396698425351219 0.381828966569966 0.407110252624954 0.485686790288971 0.447689809958643 0.401688692107664 0.376574542839765 0.403299227206334 0.418645701905365 0.341463717907228 0.499652790400934 0.381463384470034 0.357029714718275 0.357029408045271
-9999 -9999 -9999 -9999 -9999 -9999 -9999 -9999 -9999 0.291971127907623 0.307937360868034 0.257700140935761 0.317213187697483 0.217295108420616 0.213829034372579 0.218344905871461 0.274868002363278 0.248330778840143 0.279816784626114 0.301937024754422 0.275122178524727 0.318275335706573 0.315497658914047 0.307544261835849 0.399158974378418 0.435086023450337 0.422356166458092 0.311308617199159 0.369669047415661 0.408310180450856 0.423863938221114 0.386007302609085 0.357895145935088 0.379271899184651 0.383373120902988 0.401553282036791 0.419326766888148 0.53700740230569 0.373707206012664 0.332846987121741 0.294066457266622 0.494054168042978 0.373948306752404 0.486661285577693 0.81107298081476 0.466744490981918 0.375116814535096 0.385488941594517
-9999 -9999 -9999 -9999 -9999 -9999 -9999 -9999 -9999 -9999 0.234204360867811 0.298996476717497 0.230531031627912 0.242135649610369 0.235543211564449 0.201871310305573 0.299322497999934 0.250829689872185 0.274786734017262 0.366758915764844 0.398044580441221 0.364037527408203 0.417272113521202 0.309139212370051 0.343979049884657 0.456258588238075 0.334065398965966 0.517719175850315 0.448808023368706 0.396897400371978 0.410545547855151 0.437849398129139 0.43177989331348 0.410853698465274 0.406144037507335 0.410265611161381 0.512971097128805 0.491039628174038 0.389877265003168 0.379699512869449 0.453245609613518 0.348171520761316 0.362317398529709 0.383016934148719 0.414604839010055 0.448538011728514 0.519916683078319 0.386422705132457
-9999 -9999 -9999 -9999 -9999 -9999 -9999 -9999 -9999 -9999 -9999 0.208950006278433 0.216079442693744 0.244091665787537 0.21832104113589 0.349755821378476 0.321088363532632 0.271305103284122 0.26600582165727 0.273439073441605 0.291790804181369 0.259431616715396 0.267631829802951 0.392615910686116 0.358894481737121 0.36880174828146 0.379013345963057 0.393162875928132 0.361369974103416 0.396212041967141 0.422686090851487 0.506262653049344 0.424081815450654 0.403253309893851 0.399851999608351 0.52151757191705 0.370743796897272 0.4135731631458 0.351253222018096 0.335375478158972 0.35202938351143 0.315582802491657 0.373148169006043 0.373414138138457 0.386845356290466 0.415715162560111 0.527434576611712 0.456163352330704
-9999 -9999 -9999 -9999 -9999 -9999 -9999 -9999 -9999 -9999 -9999 -9999 0.215647521647211 0.210308010098129 0.204423763656149 0.237583702214491 0.271582865387502 0.312710001309215 0.27760268917654 0.381903125678166 0.386247594847269 0.304038208779859 0.259928036670508 0.361831349698 0.454939392493046 0.356986250789822 0.483061390582529 0.347560739655139 0.432159693889044 0.389562060913957 0.395619159412642 0.425747691086834 0.437641306556357 0.395707313961562 0.385054664741727 0.363269897000247 0.250892362682423 0.293924774338852 0.36506019823789 0.348479504095256 0.287287478396281 0.369905269266704 0.424908605868985 0.515733663306051 0.419736705056179 0.437349493253528 0.58388856016021 0.500798464984523
-9999 -9999 -9999 -9999 -9999 -9999 -9999 -9999 -9999 -9999 -9999 -9999 -9999 0.178219266402489 0.29721755026036 0.233040731973817 0.347021441238218 0.257025822759062 0.30832878713838 0.395729282900382 0.407702940023905 0.405771875877503 0.318215227797822 0.321427739030418 0.452070355024742 0.458150286722531 0.367354112306553 0.359410779678754 0.356455511337645 0.416058078737123 0.419500065014677 0.353510446843755 0.507070150947798 0.445300074515964 0.394780436626526 0.409597064013027 0.482055168577593 0.37737281266874 0.40600070969709 0.36199129360918 0.26342087490797 0.377356614758265 0.390582306238978 0.42033296101372 0.520834527499424 0.414184947909081 0.529126240659577 0.538793242845096
-9999 -9999 -9999 -9999 -9999 -9999 -9999 -9999 -9999 -9999 -9999 -9999 -9999 -9999 -9999 0.242423587681603 0.260326767334218 0.365349000569408 0.362863053441618 0.26088839712169 0.269845730096978 0.411295474866976 0.308394638196111 0.445765715653237 0.473115706274619 0.456657625574789 0.375058658181824 0.34707987638513 0.374756111323862 0.382375011792971 0.425200363413085 0.492891710082271 0.50197408200503 0.418688524608445 0.397001055847273 0.449074159777304 0.414364044943319 0.428558850995505 0.40249242629198 0.30925485597186 0.335749396188735 0.356384474718212 0.268710566033612 0.268324297445603 0.3448715519639 0.364050463433092 0.455474481126005 0.494911012415684
-9999 -9999 -9999 -9999 -9999 -9999 -9999 -9999 -9999 -9999 -9999 -9999 -9999 -9999 -9999 -9999 0.259565716456163 0.251238011037106 0.360079995931843 0.373602379604082 0.378394981669876 0.287203477872595 0.422238738576988 0.418563792333978 0.317044155113644 0.307148848816454 0.333643277515873 0.370246512681877 0.350460528061918 0.439892955509219 0.434056940366933 0.404254067543447 0.442308339966763 0.343913784293569 0.414631547440752 0.446779102654718 0.416407100494848 0.396776208776736 0.369482562349967 0.368252608449053 0.314777116751862 0.317371542484917 0.242221936241902 0.36366319118798 0.347371132100679 0.297169792909854 0.374039639548818 0.568512087265532
-9999 -9999 -9999 -9999 -9999 -9999 -9999 -9999 -9999 -9999 -9999 -9999 -9999 -9999 -9999 -9999 -9999 0.249643144140996 0.266077360105255 0.25290469517484 0.372357789037076 0.352526528330006 0.300548604548619 0.411978881716334 0.444362909695618 0.356757751522604 0.420780201770763 0.53991789638824 0.497758777929268 0.402405665711259 0.515935398383844 0.349642268728966 0.461070705858659 0.371244649671258 0.291540085061055 0.350976463571819 0.389342594560669 0.414741252738032 0.359024566849474 0.511248152434549 0.448363821462337 0.274092733009591 0.245276259963248 0.325016900470448 0.372157921876669 0.354961818653436 0.499289578046941 0.49236780107427
-9999 -9999 -9999 -9999 -9999 -9999 -9999 -9999 -9999 -9999 -9999 -9999 -9999 -9999 -9999 -9999 -9999 -9999 0.290624944938256 0.287378588157783 0.359558261514233 0.400494312275195 0.314234835242995 0.425471462348473 0.317392228972993 0.3411857606483 0.436735199347489 0.356636364771814 0.466969282293727 0.510807881518502 0.391661767333102 0.366159816112176 0.513007786371809 0.319849599752699 0.463448536812916 0.396353697015548 0.365834882124934 0.523434891537007 0.3769418255809 0.376457477390393 0.492140918810162 0.313509386312749 0.37140481661735 0.321134949949851 0.365744469347531 0.417030901264006 0.331870735433088 0.343830229839707
-9999 -9999 -9999 -9999 -9999 -9999 -9999 -9999 -9999 -9999 -9999 -9999 -9999 -9999 -9999 -9999 -9999 -9999 -9999 -9999 -9999 -9999 0.413534355071134 0.329292423972417 0.345861241505994 0.448206052141548 0.373264314436403 0.344151427992175 0.469291828469202 0.471470098936057 0.362316450631334 0.523898023531521 0.382991647565585 0.390169440737728 0.399185376136112 0.398044691958677 0.386462182311859 0.520996004775624 0.426204717500635 0.522458388934078 0.347292679570426 0.379860376799641 0.258145290740505 0.34262096242687 0.209065371086602 0.287468025157446 0.342373700347689 0.344047047653416
-9999 -9999 -9999 -9999 -9999 -9999 -9999 -9999 -9999 -9999 -9999 -9999 -9999 -9999 -9999 -9999 -9999 -9999 -9999 -9999 -9999 -9999 0.326439194103492 0.316563514878547 0.300132755955422 0.349426482451725 0.32627888776058 0.464350016047362 0.467293965366693 0.347259558886012 0.379530926355433 0.524216740420595 0.393384628389266 0.350024327533013 0.411427400017352 0.51181516293927 0.356628112480075 0.374225176716137 0.4085297583216 0.408112683036388 0.440799062718086 0.428181615321428 0.246695654142439 0.222301837941495 0.160465645597971 0.302612709019956 0.436677042994217 0.45151340897042
-9999 -9999 -9999 -9999 -9999 -9999 -9999 -9999 -9999 -9999 -9999 -9999 -9999 -9999 -9999 -9999 -9999 -9999 -9999 -9999 -9999 -9999 -9999 0.286646002110356 0.31025494451672 0.325752999317736 0.311839273013244 0.355011304524509 0.37675620477549 0.340316342682436 0.35170207977825 0.48488442219349 0.483381445681074 0.390940528186818 0.387915310521471 0.406905952645674 0.364273944414793 0.34499335690515 0.346459950847566 0.366992628473128 0.478378661090199 0.323229777480299 0.315865610759918 0.368622372453583 0.409589871137119 0.442411298457959 0.351394347358586 0.494654578025753
-9999 -9999 -9999 -9999 -9999 -9999 -9999 -9999 -9999 -9999 -9999 -9999 -9999 -9999 -9999 -9999 -9999 -9999 -9999 -9999 -9999 -9999 -9999 -9999 0.311768598825543 0.298920561209367 0.295896235683668 0.309013838870212 0.31078367665469 0.454143241495735 0.462328232450554 0.327737173652529 0.480729114509023 0.504076241808206 0.36599920309626 0.332835166271412 0.342001984787681 0.331950107982353 0.474001154874774 0.311769518844554 0.338639064386387 0.345570320342814 0.323976637762086 0.354928865245206 0.328500705793979 0.487322416815226 0.353229060423057 0.441241117913428
-9999 -9999 -9999 -9999 -9999 -9999 -9999 -9999 -9999 -9999 -9999 -9999 -9999 -9999 -9999 -9999 -9999 -9999 -9999 -9999 -9999 -9999 -9999 -9999 -9999 -9999 -9999 0.426659290530406 0.427884560698171 0.303086658207696 0.400943616105173 0.215805974012418 0.351626470943123 0.41666515188789 0.444339240115595 0.322308949967247 0.331500497479371 0.350882900426287 0.393389953347787 0.31505178424584 0.37065968485613 0.401280036390376 0.421557924508481 0.326181923332641 0.337139238242101 0.331744218879325 0.317379794776656 0.324250190081504
-9999 -9999 -9999 -9999 -9999 -9999 -9999 -9999 -9999 -9999 -9999 -9999 -9999 -9999 -9999 -9999 -9999 -9999 -9999 -9999 -9999 -9999 -9999 -9999 -9999 -9999 -9999 -9999 -9999 -9999 -9999 -9999 0.292169294426826 0.389347557087458 0.320973890864111 0.350403347486385 0.460251805300335 0.326643243168496 0.344973283763081 0.33659804402843 0.455720711668718 0.309982228578222 0.323559785511786 0.341869725084937 0.30931320748068 0.30793789057595 0.343971215783378 0.433870929250426
