PPM-results/Best models/ASCII/Daboia russelii.asc
NCOLS 267 
NROWS 469 
XLLCORNER 376490.070567719 
YLLCORNER 381033.488324056 
CELLSIZE 919 
NODATA_value -9999 
[rows 294 to 314 of 469, columns 192 to 239 of 267]
0.615900314992206 0.572809022119041 0.476987703862273 0.445068201845703 0.374409710226351 0.334907411517032 0.272702054575305 0.269265839326096 0.271121517672283 0.23109717787235 0.280585056259441 0.257179215019706 0.365728661748152 0.234893678142333 0.320589768987129 0.24112591480557 0.275694904299065 0.28967651685486 0.339658780003493 0.274054649798388 0.313356189207653 0.323274300824582 0.302420397167189 0.286173781443183 0.30565211728157 0.322545394853202 0.439504930521279 0.535295720874484 0.494091247597078 0.414749811702776 0.350666445044309 0.257246961874189 0.300566614617753 0.432943187655107 0.477388943668741 0.3387477381472 0.432535981664746 0.220957787743473 0.22270494566535 0.259941279368401 0.284188185260827 0.200160939204475 0.205851159212803 0.207341074243192 0.225068195712243 0.215077709266409 0.210352617080504 0.267830275115794
0.59936222051774 0.655465147114943 0.721744264601482 0.604769144368937 0.365328146805148 0.366216940928981 0.224860076260097 0.268996691946187 0.278821128900128 0.220563364441499 0.246495089997932 0.3253514249589 0.361450991535156 0.28740144923625 0.270315190707117 0.382315349954044 0.407928567716633 0.288377756683631 0.303459238027988 0.325865046481591 0.334410740647644 0.283200279998028 0.31247411401054 0.30959880368534 0.29659380524993 0.317177557870311 0.305293755936911 0.337851751147459 0.359208236099405 0.360975899293492 0.432122363420669 0.302257916233886 0.360739705321814 0.475100549714147 0.330817648217293 0.322725133112811 0.470944182613849 0.474246716312751 0.273324489255628 0.243511105911919 0.245489425580276 0.179653589981093 0.196012977732417 0.19217608026402 0.208086429039324 0.138310110194859 0.262763869816306 0.36443386044661
0.576323271708044 0.450301437259276 0.384649549703665 0.539536785482568 0.370136779505233 0.382302023618059 0.373716322564687 0.384008045538376 0.254412160264858 0.298936145773834 0.390392196855966 0.384976881316209 0.43187875353817 0.386243886891859 0.259438586556392 0.29950535874831 0.289487717801955 0.356408506729967 0.288514616481432 0.28326367767173 0.252617258932158 0.338750052134411 0.262857823272935 0.248959876688458 0.304915432967638 0.339063639220511 0.343698778638519 0.2984226357686 0.288636923251233 0.408679526264926 0.382771623625018 0.361097732114106 0.370724086186935 0.267274750909035 0.387870508383548 0.450016956229176 0.483876527426715 0.254800575563894 0.31974948495663 0.272567062694891 0.379505890686575 0.282687188183254 0.206042411649738 0.296483793279646 0.247254914183972 0.183547835301208 0.187468705413927 0.353694367007962
0.281479705049711 0.277253054072807 0.459758730868902 0.475754265040861 0.478089384809494 0.41223723978238 0.407001132794317 0.37363070503789 0.411870765542801 0.389805587158363 0.434167035975308 0.306207976040698 0.443387856819616 0.312806296632418 0.293281123462537 0.306042707170996 0.375132259702744 0.292481710579639 0.284749508375296 0.398993677629353 0.31233229168595 0.240019996195024 0.207895023265887 0.247436548240333 0.275810129710414 0.307841818287658 0.451795994203769 0.345484424022377 0.351909558005024 0.333998042422578 0.350922405485053 0.330559485306795 0.341225628138798 0.335964011532689 0.295790935325898 0.375721322784377 0.305545367196873 0.267354876201127 0.405851973290231 0.16728952418401 0.133166144504765 0.205010819423575 0.221964441878552 0.203831201714336 0.259813898554355 0.366350845514199 0.229992290798271 0.253343321208412
0.399604096303799 0.232255105436409 0.275823595443218 0.345303403312024 0.379773393184008 0.284816140055219 0.252025129120486 0.344084238724972 0.426875104687012 0.342849155021085 0.285423408361534 0.322460948259692 0.472389783395185 0.481067346952886 0.337106452110055 0.32251277599734 0.285628628359826 0.284976753071135 0.377898784749676 0.460412028005156 0.25982652790624 0.358252949692468 0.2900697274045 0.359977845942203 0.219691827643973 0.21817516236384 0.266406699032006 0.410099450152032 0.589005036797415 0.467715250435866 0.417983762166276 0.472029693529958 0.53232824137195 0.438365417277132 0.366759947301311 0.333574638521742 0.282262111520578 0.279550034871508 0.230506985676475 0.21666761363573 0.213578343131629 0.186743312242409 0.223789703838632 0.201481319822473 0.194383888917016 0.185811332983763 0.220075043441625 0.305501931147785
0.271370090081571 0.393600972253788 0.260301815303451 0.416167310085215 0.322810722760244 0.30323676070339 0.367183156046599 0.314610007844138 0.372586929529666 0.196323302932931 0.279483096518581 0.348331854983592 0.331131514097033 0.427163516707434 0.289769773327389 0.304616984376181 0.307030919106799 0.305836929585425 0.277572217031704 0.38141325737359 0.252874613341101 0.234603035772793 0.3349798142253 0.35002717122814 0.24998159961977 0.377397039836043 0.313313617418848 0.261076387673039 0.398092114756815 0.319494695449173 0.360208770714089 0.309577754765531 0.336739810594292 0.323527863640023 0.475305518798163 0.459271427465813 0.366006451730896 0.18589380014243 0.236796138061287 0.309166785061032 0.338963747459354 0.156812082827137 0.204795939225663 0.247468191318455 0.199789070307964 0.174571920729824 0.235694931063254 0.359323907580577
0.282941475862158 0.319413733776162 0.48269120838754 0.381040705432662 0.414086896185947 0.32191331391294 0.296154008283071 0.330525472482733 0.429884375356159 0.245889355056636 0.292999235213287 0.31699249465218 0.375111238662299 0.264526905035972 0.210139298126975 0.263099509479318 0.302967083615565 0.296305393229508 0.376417860814171 0.27047229092317 0.391757588707118 0.368255981852095 0.339850283354704 0.2913043371592 0.31784719231386 0.311761461708363 0.400622111279701 0.286489403722854 0.32933379694857 0.331421821914206 0.33883547450566 0.326540842264581 0.300223391767737 0.341016254115273 0.371451988501212 0.41249016137245 0.192694608554772 0.247544385620226 0.252468187972932 0.205137517193204 0.236345663298022 0.344714145074843 0.171733731777769 0.245827434989226 0.194760288210174 0.315888527597113 0.256233351837796 0.309075368626526
0.368470652954778 0.318769079242743 0.415622547312953 0.517778781930514 0.336907393451204 0.47713663542468 0.267012183059026 0.25731861183963 0.26049323501657 0.261795034038473 0.217469298686793 0.304985911999791 0.399502615418894 0.376751409524884 0.390320295976249 0.405926996658714 0.330710870253232 0.330587253153323 0.396369030665739 0.272763640090347 0.403892416433837 0.278748781950587 0.349645028786001 0.304881977730856 0.309801598178965 0.313969869767685 0.318680144071632 0.311478095852822 0.305994559509395 0.328273321701319 0.345565999041396 0.327849276575112 0.317054470478318 0.334338588853652 0.395070772323062 0.308523496616449 0.348472785168535 0.343259455620848 0.359438380249099 0.283806907078972 0.284753467244981 0.317951405376435 0.186131917790224 0.244628622337883 0.237075851720146 0.223586616611685 0.426876972604399 0.252440810437499
0.383874865816621 0.493501710566257 0.297739758627158 0.37432035686478 0.321481239529905 0.275059282679577 0.281517704622822 0.472074523547245 0.297284600130743 0.292066726246726 0.391580108675991 0.305537421578137 0.443892556945831 0.282585484263437 0.324388360209412 0.383687432852552 0.445800453340762 0.522979231212041 0.380990912888585 0.325426755000387 0.442478236810886 0.3574719371898 0.301054531366849 0.278954866209163 0.298484639474102 0.304686710665507 0.371930286869734 0.302257219249786 0.319750795286737 0.270148778783492 0.302010626275342 0.33385000299982 0.624191916634903 0.336361905815479 0.366943449275058 0.191411516586103 0.11843778318464 0.202208134841555 0.232134122936397 0.237481384948667 0.312987679774503 0.280344903418077 0.293407863051211 0.291885872812557 0.178061915272159 0.262951219142284 0.30136028435167 0.257298455059469
0.348160619929998 0.391198942011592 0.311921071067175 0.312154839534187 0.252884649912135 0.224721836433779 0.31710261813992 0.299867344410288 0.313628877266787 0.30571858168531 0.401423057527618 0.291076785790357 0.370883249475924 0.323406504768598 0.322982403883662 0.475513833405857 0.361450629103424 0.551242103727739 0.299664438399207 0.359000033009167 0.390043481771245 0.303853814666464 0.290132539611558 0.301074269956551 0.306357660345932 0.291535986794549 0.393010738238867 0.284741311842284 0.310803917072943 0.38258566826724 0.390886247065139 0.474439306959158 0.548218475186139 0.312211072211344 0.34043817550305 0.231648589872921 0.20423220454621 0.307265886386462 0.277729456644578 0.382245372750442 0.273069950662447 0.269062487245191 0.240273196578734 0.365082696884626 0.252657098543292 0.333631986373459 0.386958295593968 0.354201687794392
0.313271045630044 0.367443744461764 0.326169015187116 0.312877361131215 0.291372111893047 0.279464082792344 0.273958270837092 0.372442765338501 0.296230843810212 0.299720392282724 0.282904591463606 0.280452099572598 0.374774595342183 0.474018886150268 0.337074781152569 0.278165880208395 0.418355645002468 0.412829899301968 0.29200112610327 0.366976960270568 0.53628605164195 0.325130174326317 0.316031297820079 0.292629945157945 0.308943805907883 0.282208973452824 0.317781620049768 0.341808334725443 0.323279709421195 0.2973990449199 0.29298610403285 0.632962597268313 0.524142358277484 0.165954660236421 0.151445277380714 0.288213686626581 0.390411071185384 0.319162512827295 0.300429141473944 0.294779639276716 0.289417740598354 0.277844180227375 0.592207706614524 0.266821237295095 0.231122980223717 0.468575551849707 0.448503971025089 0.217439760500651
0.273238342020915 0.334958598029308 0.338861374434802 0.293009411181142 0.423032408310905 0.298139018998783 0.286884816742249 0.285013776866507 0.452770099181395 0.312697121043054 0.299544835927713 0.309647899245317 0.428388758995834 0.333691341539383 0.462979299237689 0.301135019090673 0.309745755812903 0.293084072117893 0.334092692863307 0.34914707546587 0.434587596181018 0.432639888054317 0.284429118724383 0.352464580383232 0.326942109950413 0.311145773834124 0.457930653093059 0.371902240229565 0.304981256146006 0.297080997135563 0.29882627320037 0.605498022460954 0.487136628733632 0.316633018132961 0.304610488484373 0.401728698994982 0.402321748825665 0.383275515249678 0.301836659044077 0.279404393074052 0.305959459390138 0.381945223517782 0.620710955006498 0.364717421457698 0.195082002130876 0.415478689794792 0.477317460979485 0.238227994316178
0.421932483763616 0.340331815729448 0.316022822493428 0.334186144491383 0.332043252937426 0.330450142441246 0.332019025770123 0.343334674144879 0.40602883997535 0.301446403707019 0.336594224555564 0.310007849713724 0.349544077609012 0.444401717770284 0.339983909146283 0.390371677644073 0.343864716612956 0.348896439983647 0.345795055895894 0.349464119593104 0.316535635514563 0.328672777228492 0.324864762781183 0.316546173914149 0.308431383197843 0.283469204343025 0.326552969787914 0.333072280262102 0.393423631619481 0.317658393260956 0.285899197587298 0.358793920871228 0.405269127306766 0.242530031093297 0.364008811663298 0.297558040932705 0.24968627351708 0.271534494690988 0.256259279646302 0.418357094729395 0.50103688930532 0.299306523124371 0.256269845925253 0.476686885524878 0.231635165959163 0.21847118545063 0.28757432917232 0.322739574623355
0.395581159839531 0.281956525811942 0.32453051708637 0.343563647361285 0.293508591193288 0.33415135104513 0.435541181946751 0.336216431294207 0.293839184691419 0.357060800209118 0.324903236303482 0.332468190203281 0.384136792441258 0.338361553197284 0.298146908858791 0.380231562651733 0.346362986419627 0.360448170812625 0.472361959789928 0.351562543561506 0.330844384527354 0.31603690157224 0.299935397937775 0.326475130603669 0.265932024980802 0.293574051939924 0.516509322970834 0.344702937570521 0.422231294786804 0.295327524537743 0.285425833866201 0.302621518898975 0.366910774660468 0.27386484708838 0.565102106497832 0.47837754591564 0.23276480990846 0.218492638621216 0.229960327107462 0.316494597090777 0.482870472697962 0.464321216664366 0.500347209599066 0.477218321961155 0.274754923662956 0.310076655984038 0.25486835029774 0.279414541162543
0.287413660397676 0.337486475720531 0.38564015926477 0.572033083660618 0.308716561212043 0.310409898021747 0.434943141709915 0.635259745343198 0.345788699400906 0.253256253954688 0.313137280441645 0.38391060716125 0.323620729801457 0.37125571777876 0.295028657755827 0.318237224616006 0.443595000494022 0.352982467448612 0.372399022616409 0.3323453258462 0.41839266879784 0.300299474552051 0.303991315689636 0.273103378019865 0.38300455571111 0.314238208646038 0.309684895161325 0.38896198548355 0.319871066862967 0.298758498466523 0.286085794170447 0.270874980456566 0.30929179612914 0.394873497943507 0.448205829106636 0.448198803506912 0.294506421509665 0.249587469051118 0.325569859775721 0.445558265305827 0.326241027584289 0.195401151150091 0.41632245874579 0.456636158464521 0.427129671159556 0.310408978002736 0.384784095514255 0.509376331936614
0.36084071225753 0.291673850249453 0.484324270012309 0.39529436482222 0.308512623664495 0.314012859746949 0.463619576710962 0.383718100152935 0.590413892577019 0.279221727481224 0.302649955850239 0.329817169361337 0.322972367312628 0.399148101426464 0.34175101475309 0.323836543958062 0.342842714888004 0.365810097370351 0.375276619049456 0.428480008154156 0.323729877511457 0.312236526070662 0.291475934644526 0.257649177458397 0.386107138611514 0.365754840470934 0.295115278939728 0.357392815554812 0.29010967853309 0.282228238093337 0.297604097642008 0.291035050382471 0.290432326412486 0.389416781548233 0.287983570356251 0.36018387444205 0.217872810661426 0.2345461339909 0.263591831167925 0.506917483550618 0.549725745120609 0.508779267477518 0.340754466887456 0.251209406809657 0.202678264556429 0.328862524179772 0.459314947152993 0.546386131867607
0.295899135137522 0.342541450480785 0.439150583805034 0.314633203474973 0.448099776006038 0.365485274900565 0.312766094589552 0.352945220618329 0.388368824135411 0.302919577179335 0.339834475755324 0.335438708556489 0.315090480803051 0.424475249035207 0.327402788560896 0.328877662674416 0.352068749173377 0.438077869516993 0.448837910046898 0.318122891344305 0.324470520695075 0.30649281950253 0.311672833210255 0.386702613946864 0.386229333863859 0.402319295441635 0.343340417293859 0.371569918210867 0.308653999919261 0.310345496690943 0.306326881528092 0.415103907504746 0.303470529170402 0.285504453672638 0.481504606897622 0.375218351178728 0.334044768236617 0.393228392433496 0.562530067894058 0.403470462259928 0.445339663212822 0.456340748723738 0.451099902243798 0.35739574288803 0.408854413515202 0.471036240273726 0.467701617426877 0.483843072189933
0.374826311562375 0.353685501370215 0.362321831348583 0.324783132003436 0.379291331101349 0.373297769673185 0.379369504837962 0.311417486115519 0.367615118912178 0.308935581495507 0.33302881633365 0.30168940024351 0.381643066970916 0.373680190908963 0.30973663926088 0.341190500140177 0.404291983478466 0.415240600026363 0.509232753212093 0.321584950763928 0.295788063751407 0.300800104291125 0.424104230459298 0.196623842476687 0.341844968209719 0.352357774539806 0.31383557487137 0.351659842541813 0.280253737897847 0.293205542506774 0.312251915479582 0.314095187508796 0.297153148929555 0.325584357044993 0.355675586130173 0.431579803118162 0.41852609943387 0.452485060564015 0.505721291559489 0.209395044565721 0.29964500648251 0.301312108810704 0.391061552505875 0.317471908195262 0.47533663216837 0.563770142004098 0.3919649832958 0.453985416416217
0.391145608788289 0.540267893923704 0.306506870701978 0.333398496700087 0.313416575910044 0.301638269489962 0.356888031790504 0.300910116261409 0.306333544696085 0.348295583931048 0.375672394500584 0.312647663051345 0.31572317508932 0.309998733161701 0.305731434072107 0.307269064633956 0.444679647149848 0.340300507203693 0.387402887811432 0.310684258842721 0.285517891526078 0.297226053466375 0.289428251118576 0.345808270714423 0.35596410966805 0.412302616890925 0.258661282009134 0.430849391661126 0.49628797420289 0.424845933058748 0.386250773094763 0.304993104875699 0.30368790457139 0.302249608183419 0.375412503069518 0.370739475595855 0.367094889980223 0.292451126917347 0.371142555440346 0.337621188807305 0.337483994457136 0.236068319385102 0.18928412595852 0.321393335895261 0.291707890952879 0.446028422900065 0.235167035306204 0.208108119184504
0.303599471228831 0.384707120590293 0.318192310960627 0.316766866959452 0.411344458909498 0.301479468632705 0.449588701319006 0.272392677273166 0.278536619990664 0.376868614371076 0.314611123018697 0.431879506280998 0.324858015975099 0.313116370918656 0.298995361542938 0.336276845875962 0.33832129539569 0.349872524396116 0.473544100581608 0.371688126714163 0.282160825791222 0.284303466430904 0.31842412787216 0.274512512593109 0.377970964423032 0.445339607454094 0.352999111428911 0.332819107757756 0.474209915552291 0.634992493760041 0.63853373057338 0.650243230723148 0.832835389306324 0.739734929698281 0.387364748841501 0.378813590320106 0.351110005725306 0.373897399033768 0.407679493478794 0.436921823810003 0.289541887406178 0.260172427175198 0.198781635550694 0.209659034263292 0.195594048469501 0.444597375146729 0.247300162391719 0.199838151928259
0.331302498236351 0.409695143615525 0.331195190564374 0.343733655722864 0.395979834744512 0.316480350735781 0.329611085102762 0.414731968909825 0.292245711763508 0.387256883582244 0.297151615564536 0.328005763445158 0.326439445017768 0.371911245264132 0.364902540434557 0.354156411707281 0.343672460518917 0.347066689445966 0.348269014897171 0.390739685248672 0.292932324739724 0.264553390431758 0.25454034958046 0.393724672991788 0.42389903834037 0.578633969153826 0.488909087178325 0.466993620978485 0.638229510953579 0.701337350786856 0.69580407765808 0.634981788084271 0.721374138165221 0.702785126158583 0.259611020422638 0.321269969709629 0.29549800684851 0.263578281797028 0.344169688975585 0.290954451141192 0.272658311853213 0.18896319266001 0.35543166957467 0.400778486632291 0.344460052551486 0.308811797119415 0.243088231718999 0.210883481989819
