PPM-results/Best models/ASCII/Daboia russelii.asc
NCOLS 267 
NROWS 469 
XLLCORNER 376490.070567719 
YLLCORNER 381033.488324056 
CELLSIZE 919 
NODATA_value -9999 
[rows 231 to 251 of 469, columns 192 to 239 of 267]
-9999 -9999 0.275098313789156 0.238694053643911 0.181317583760204 0.218571160849879 0.266662882507662 0.271959292560024 0.259904450728577 0.31089708990738 0.264241113675765 0.197120987295262 0.175147462319924 0.180260900106455 0.236244433327393 0.113376939818267 0.144252248136153 0.143626077621056 0.159505410603927 0.18301730494426 0.216997036200574 0.28482146501374 0.298447866593006 0.208104606384642 0.205351365854649 0.230564068674234 0.221261854026773 0.207647301177201 0.219508130514678 0.396014572432037 0.565616703798262 -9999 0.719382157608513 0.79723154570108 0.468150280031484 0.187757591383537 0.204966588812613 -9999 -9999 -9999 -9999 -9999 -9999 -9999 -9999 -9999 -9999 -9999
-9999 -9999 0.346759626131038 0.200448835456663 0.16292339274909 0.279525166478834 0.312340571857053 0.394221315981812 0.253923100461838 0.337374428556676 0.15298211338069 0.314239518976145 0.281764520632179 0.199643749123194 0.177893356637508 0.146035468015344 0.168084490308352 0.177212584388047 0.155712841324265 0.172022994118792 0.196223299654318 0.330374840279124 0.361289597897048 0.291540280216603 0.215614637937391 0.215442719839379 0.218124895870576 0.222105009631763 0.21618191329607 0.302186907493817 0.429750805323308 0.412271865952449 0.65836253789642 0.545678832403315 0.279375454294236 0.285325523914584 0.208653899553551 -9999 -9999 -9999 -9999 -9999 -9999 -9999 -9999 -9999 -9999 -9999
-9999 -9999 0.160343352767852 0.130115012970595 0.146646095785019 0.354359903185005 0.306239312445816 0.24113402770049 0.277730488181045 0.253436382525393 0.155999371487618 0.187804275378529 0.121553957274986 0.156607030105029 0.169907452220904 0.219789238141736 0.19765390133783 0.300862414669631 0.205508410311975 0.185738121773939 0.185051243943766 0.200274575492076 0.395267489115339 0.331093793317562 0.20115539611781 0.208882844890594 0.213966744490982 0.211861894329181 0.225283605618071 0.223227209790876 0.232968050471908 0.27802430879808 0.308873856583645 0.302754726500094 0.196776245019909 0.239192229998954 0.21351727338482 -9999 -9999 -9999 -9999 -9999 -9999 -9999 -9999 -9999 -9999 -9999
-9999 -9999 0.25286900958894 0.223797691276413 0.248531231467193 0.264750971484317 0.245332743554681 0.293478286324637 0.267974467186323 0.272208060124859 0.19017261340935 0.188089090960997 0.178743788756498 0.197961076170214 0.208393311138386 0.223655450761363 0.194920371518174 0.167093002547282 0.194236783452951 0.193346943852968 0.165938364748172 0.162990024429014 0.244265326345798 0.368287541292126 0.228090736958647 0.244320778400764 0.221354274118382 0.205136276561506 0.214895043673581 0.227095318207254 0.231042408861802 0.208193764590665 0.245757262630077 0.217743882542678 0.26936745960782 0.381650817434104 0.215656373345276 -9999 -9999 -9999 -9999 -9999 -9999 -9999 -9999 -9999 -9999 -9999
0.187552008953514 0.23382975979363 0.265082735915736 0.261932535061646 0.365550205939286 0.247910023478885 0.268485245013887 0.268538884910194 0.383331190339555 0.22715714069689 0.150497420824279 0.182511796316489 0.256752716509468 0.149337039876189 0.182387705267393 0.174507407881563 0.162913188901872 0.162595684765132 0.161846580194544 0.144777592931399 0.166195816734889 0.179814593308105 0.196522361591782 0.211666459987648 0.200170989715191 0.204454152162892 0.205486580769975 0.218556231450465 0.22952267685163 0.239450086236449 0.229907007823842 0.232336889550658 0.216569910404646 0.202498832969824 0.294863918594041 0.406873194392992 0.312122415833873 0.278225625685414 -9999 -9999 -9999 -9999 -9999 -9999 -9999 -9999 -9999 -9999
0.272682037191964 0.286889890786495 0.271765196427962 0.294545926568432 0.387659099166452 0.223567825920359 0.150607126121559 0.235763151866925 0.245888184123349 0.134042337156077 0.248496131347936 0.312344224053735 0.185937013156606 0.196093563034015 0.19210240904469 0.198357409208621 0.201780451458347 0.189516054387509 0.181708814875001 0.185399847511031 0.201418298520186 0.20571078661514 0.137238998970248 0.197634511240179 0.247386253867704 0.259681025505603 0.252057246147797 0.237274798861541 0.235150335567177 0.216935938574401 0.206113434329489 0.207225374882656 -9999 0.208341176727734 0.210579610862068 0.328164954613511 0.374255620981608 0.377406881251529 -9999 -9999 -9999 -9999 -9999 -9999 -9999 -9999 -9999 -9999
0.304572767704902 0.268979155826241 0.282254221660571 0.264840575760164 0.279778757173639 0.207250201456284 0.14795823805096 0.236150424112037 0.259328853379748 0.298781443183083 0.217715501350142 0.335137332631814 0.182826986466019 0.17427999590954 0.138503369946001 0.183574961922365 0.194744787283798 0.207669311935067 0.195361980643692 0.189828024470498 0.192214511967273 0.187062196407666 0.172926689762675 0.165367283856309 0.156232429030849 0.225711358699689 0.229024026547399 0.188201514496266 0.220167630809418 0.160118714792545 0.279811180873953 0.250398284593886 0.217080869448076 -9999 0.236152152632604 0.38396812228915 0.394311784517942 0.38679277580999 0.300889987360612 -9999 -9999 -9999 -9999 -9999 -9999 -9999 -9999 -9999
0.309595207247386 0.286972776135621 0.276369529148767 0.312063952807597 0.268417247245129 0.171681234935386 0.25027307837023 0.265975907099714 0.285473256664339 0.271652285003824 0.286414603389283 0.308449616301889 0.218433018601335 0.20977215478266 0.138539850093775 0.169220211958998 0.147072566415894 0.203137005551116 0.213205136025647 0.198553833267575 0.156901812560122 0.113199278571274 0.177046353680288 0.130509199297975 0.169226861187309 0.162211521069104 0.169931860604072 0.164605786908431 0.178509713616482 0.235614499098158 0.331360961262627 0.341477490313036 0.301868720312659 0.226350214325399 -9999 0.33941885019704 0.410349388650155 0.294262058884339 0.309052869979791 -9999 -9999 -9999 -9999 -9999 -9999 -9999 -9999 -9999
0.310541739534031 0.3135687972374 0.269438691382801 0.29552794928543 0.269665155456449 0.191223344818888 0.188017859186016 0.273882048655958 0.272952411263888 0.267773289695809 0.278268755061499 0.25561019229401 0.260295235773551 0.170348796492464 0.213464623205935 0.173181298054266 0.170587806279905 0.12760188346292 0.167949526307302 0.126132961593611 0.191078400005531 0.148470758338774 0.157193012516942 0.246580261454906 0.170223409052942 0.169292684365676 0.112787793098542 0.147083411488484 0.183837167340641 0.251534480193719 0.306314865522215 0.283341907167071 0.286092819770171 0.253640626745945 -9999 0.212759944401857 0.350562928965834 0.376731252744723 0.373910948404665 0.385883183680625 -9999 -9999 -9999 -9999 -9999 -9999 -9999 -9999
0.269560161771682 0.302316741691894 0.294448070000845 0.27966107837826 0.315102803481932 0.250785473200906 0.241249559784843 0.189443805015743 0.177788795082883 0.22150349841411 0.27492986667196 0.288791319168981 0.330409717363469 0.250253562815441 0.137134534993397 0.197999730908379 0.21488293008993 0.301624664360337 0.222589413580997 0.184955478328478 0.264913563935076 0.25843596098941 0.248250458392503 0.192965902645707 0.179099501561579 0.119740725260466 0.12925257878541 0.170239704541192 0.184671624584068 0.192380282665526 0.213429941277138 -9999 0.210531951089336 -9999 0.20591802786732 -9999 0.264090174799151 0.285561132419619 0.347657007098978 0.372522723354409 0.387805382189279 -9999 -9999 -9999 -9999 -9999 -9999 -9999
0.27973685448957 0.289807940176684 0.297922424219986 0.297354716731165 0.322021792518205 0.314443010453869 0.305210731190964 0.262589735308858 0.27739027630234 0.27027540685471 0.260534384957812 0.37665405478585 0.236398020743585 0.244613762636879 0.153656570954208 0.204036184738033 0.268396393480868 0.246341502581741 0.245981970303794 0.222082873416759 0.236927254710107 0.254812786725319 0.398378826136034 0.330633560776902 0.16654200873717 0.169066638482488 0.172395629697812 0.211799932442725 0.235019023762809 0.22139372341842 0.216785766380297 -9999 -9999 -9999 -9999 0.247376579728401 0.231365363414201 0.207577714284695 0.208497830873965 0.282762824897744 0.361046043773278 0.343828250404864 0.207120367258207 -9999 -9999 -9999 -9999 -9999
0.276431783768545 0.296133349674358 0.276661342451595 0.43282461672008 0.252881081353545 0.290535535817957 0.292086464836427 0.26420280742965 0.367642691603159 0.266652734419171 0.257467905833768 0.251297282564937 0.210148024367902 0.186338838429718 0.182342721913604 0.192637163125281 0.310105483246398 0.278961334221607 0.205030432556138 0.226576859614912 0.201085823164986 0.172867334596752 0.163241886603252 0.170278136244444 0.143369935964446 0.102962659160501 0.171199117093998 0.216462742129488 0.298420042987749 0.29317668736505 0.214988565000068 -9999 -9999 0.247419569707666 -9999 0.221502355360187 0.278778027403407 0.261068330536847 0.2457518261541 0.202059886323566 0.208007600137657 0.272083188453572 0.192374037687993 0.204256849903972 0.217149006613654 -9999 -9999 -9999
0.264138684892485 0.249884161242643 0.22663631235861 0.290868052992203 0.22846409740113 0.252613327941836 0.253780218721417 0.256824199198725 0.208450408075827 0.190841955119577 0.228193472414931 0.254951486561143 0.197416759467776 0.174285488144245 0.157509220263257 0.180862968911387 0.185288343994774 0.196737213910331 0.256949628457292 0.160280610259204 0.140752077625963 0.170861623453281 0.171244072568423 0.183260622093437 0.206780392354096 0.177370047035833 0.166271091017648 0.124427734235168 0.133516699627509 0.198399409470464 0.211113500682375 0.217132808703179 0.243751732702472 0.264709933060532 0.22117955414429 0.225688664897405 0.246622665967527 0.249754438562023 0.39442937967523 0.338061431843988 0.267502051363602 0.21080169787557 0.186235057497285 0.221997437105828 0.25075843021784 -9999 -9999 -9999
0.264072164730017 0.297225774672735 0.239159778419276 0.282016912514333 0.25851642083387 0.353728045279656 0.242576394475604 0.215403103263157 0.214913862244271 0.233408349267319 0.234857602245337 0.220541869451867 0.187102691183854 0.17553497153963 0.198907664215587 0.178817669071057 0.132447316923465 0.194861476361756 0.214119857957986 0.178328079560122 0.283395547063377 0.186680625492489 0.160190099904028 0.175057551371074 0.251352595223083 0.303256973242279 0.176469446001352 0.207495707135534 0.224361439895548 0.140872837091063 0.207270748547541 0.234299680413275 0.262450226971478 0.298819526394286 0.223847023810984 0.226729234278771 0.211445125716974 0.270145990847093 0.334409012127077 0.350807654022892 0.363427471165489 0.320078210537374 0.291055039886448 0.210722618059627 0.182143593556343 0.263446105732376 -9999 -9999
0.243685547092372 0.166325873967878 0.289845103368875 0.245172939040321 0.250716722689319 0.2616211504453 0.22919754770884 0.254486096338146 0.250372802855204 0.300509880112044 0.200678868088901 0.206398180213547 0.232470710497785 0.212761686862106 0.211974192407312 0.166123957674219 0.263466875858545 0.196280466290169 0.191524023759463 0.18080254038995 0.165814134302256 0.157039174186475 0.199989467176287 0.162872275935224 0.241246381537348 0.224924156978216 0.202260311071252 0.312878058115315 0.404180744816167 0.409141487326153 0.210571595544922 0.20476856169023 0.222770531869124 0.225589219206072 0.236547593531363 0.242658471323175 0.217062120575796 0.243638626122786 0.293568643343311 0.370037863521815 0.369361621669001 0.483720570264584 0.499469678738283 0.321675447179422 0.187050096763697 0.230511237279483 -9999 -9999
0.280999984833626 0.269212004274241 0.301621346716023 0.343217078987591 0.407035312894563 0.264140134619412 0.368668512800977 0.282174430920846 0.314717315516115 0.317694301881768 0.325713745173246 0.345089401314077 0.277694858353873 0.253771994309041 0.206854453884521 0.189194438044582 0.23062568206864 0.201243355511182 0.193725838349203 0.189327826861566 0.188595882039512 0.180883627520099 0.183520276549909 0.211785142440131 0.20240323463072 0.177688387553492 0.331946204871395 0.19847158914382 0.21739728628962 0.250718311813066 0.424159124926984 0.203916763482405 0.142954463742664 0.245177288221103 0.210282793213404 0.220981373685404 0.209475420772089 0.210966729770678 0.215981823100752 0.395660560268159 0.512388306904068 0.608582260739856 0.771995201180836 0.46129061828177 0.224575985541093 0.229206636381499 0.341345676680116 -9999
0.267934711213281 0.202627175621927 0.327376944390482 0.382274980634994 0.331585585298252 0.524446522138557 0.388329765146468 0.300437923473599 0.215294666476938 0.215961025095219 0.245457169156145 0.19236883818661 0.389411819021443 0.325146957703436 0.189710415373529 0.248608290029247 0.233160515661177 0.251739449277735 0.255670606875765 0.231059638308744 0.177897775516699 0.218302612876296 0.200891657334514 0.166414850958035 0.123987073008025 0.271835870615663 0.254331421626759 0.184661643771761 0.185940581715196 0.209716842124515 0.307146646346699 0.18552844107741 0.249227685858895 0.232880648665816 0.231525404903155 0.227076639033385 0.25396341402216 0.203575199454546 0.206895840800356 0.304307718591499 0.57728366003859 0.613598483184171 0.607613508600115 0.505837269713666 0.308377129955529 0.215908319157606 0.336780542345074 0.345992943621458
0.22877859056656 0.24475062243468 0.308454188517583 0.306525020167932 0.375753356173595 0.502775780995775 0.363126875863006 0.313779397952941 0.301925566335824 0.194618270730036 0.210895051925873 0.252445940240472 0.175534706685672 0.309854401694352 0.265384836703874 0.212879198381302 0.197916957076708 0.2576879576537 0.352020629391139 0.38763194466593 0.214764345215221 0.173608855980335 0.122531059284241 0.173219395205151 0.199801811177305 0.185123674531398 0.198684155354522 0.181899453965929 0.222004880896012 0.225055176049262 0.317969415445569 0.208003571569561 0.216964974931991 0.299760510687498 0.297369325517893 0.269953232924503 0.231984912580351 0.214835465472746 0.229605854934079 0.217991897364686 0.41872409867689 -9999 -9999 -9999 0.249454819037279 0.268303638836891 0.372558213784762 0.339390664160052
0.28186527665362 0.270641908973654 0.259650525481404 0.236997259793073 0.232700952225253 0.342204221694026 0.30610178354328 0.259328686103564 0.227987429975401 0.197437334438397 0.230476917782417 0.214359299875569 0.230034528034708 0.256703704587583 0.297451262968644 0.322055191996258 0.446449596451782 0.338620217936334 0.264670232846218 0.326151256032258 0.27129732494157 0.232202650413072 0.208805828147586 0.2185146354394 0.213083149868532 0.170464454033954 0.17287438807584 0.206891644956077 0.192804397490144 0.229966307231037 0.210689009486344 0.22558767190137 0.228803821390966 0.242543245911826 0.297365979994214 0.32222676160222 0.212550389162466 0.268502028391006 0.296352230561002 0.236889812724276 -9999 -9999 -9999 -9999 -9999 0.126980187585743 0.268160980131381 0.230364996075701
0.246812050487075 0.263143977064874 0.244652765867094 0.222021831549314 0.206538524931846 0.197376947736006 0.278412919252664 0.354122844953043 0.207277314137759 0.210539729431888 0.20793009550578 0.266029491237293 0.213134336380808 0.28851207945931 0.339709381049125 0.246152341097104 0.186111788889427 0.218373565857637 0.305438198921715 0.212424416256301 0.362619276282936 0.285940068734899 0.217091170873068 0.190643007978182 0.193765482804789 0.226404997275629 0.402124669601657 0.202398704234072 0.202073923583332 0.227089798093185 0.221971314141774 0.230010370565815 0.216745452819975 0.274807866575163 0.291987744008557 0.27861950533979 0.218321473266032 0.230750665257383 0.208899042801069 0.212335160472504 -9999 -9999 -9999 -9999 -9999 -9999 -9999 -9999
0.258553026438781 0.27587475407613 0.254863889599503 0.230046111910443 0.211277891352111 0.203962694734569 0.208688651180758 0.306588529359089 0.338314771624517 0.271968297594591 0.24899935386786 0.367557352870002 0.495331935053126 0.422044837600474 0.44782993164203 0.346231563097803 0.254304295005602 0.327585314756904 0.349294808215625 0.204246172107566 0.249919010447624 0.416250195434342 0.191561186951655 0.211937991053178 0.186543612358186 0.292439501222566 0.295733420197997 0.213609707416112 0.210323162532454 0.193064219222799 0.228692708185805 0.223923873277808 0.211066259100103 0.251610897530401 0.214401314077094 0.207358220052043 0.217520415500659 0.213183710734425 0.215062598651129 -9999 -9999 -9999 -9999 -9999 -9999 -9999 -9999 -9999
