PPM-results/Best models/ASCII/Daboia russelii.asc
NCOLS 267 
NROWS 469 
XLLCORNER 376490.070567719 
YLLCORNER 381033.488324056 
CELLSIZE 919 
NODATA_value -9999 
[rows 399 to 419 of 469, columns 96 to 143 of 267]
0.253644362580719 0.232510299194643 0.233357706402641 0.227290376177373 0.262351812816612 0.265360888330211 0.267096211462076 0.244539268976312 0.230506009898735 0.356927230176267 0.317221133316219 0.360842719571737 0.242804614949183 0.233110277047276 0.362924248645565 0.400102356296934 0.384028007162989 0.515821706337515 0.440398715051266 0.438581733262289 0.409380134681862 0.449950770619076 0.467106309367712 0.614897717304587 0.433153816250011 0.48716222198977 0.424411516809138 0.491509730009548 0.478372694906306 0.484431772839834 0.675453368641247 0.372169910003183 0.441727194624502 0.445693089910057 0.48851297717483 0.546164379406473 0.341772175190355 0.573417795911012 0.398997329826035 0.297917405934468 0.214660536403424 0.182139091039059 0.368195093321153 0.484390901692233 0.581403951241892 0.350296374366776 0.224019847988325 0.249506702533654
0.359455024229398 0.230559022509352 0.235527292447614 0.226358675712368 0.21736769234475 0.234530354270884 0.220832581519818 0.236153853273807 0.241467743687387 0.215538527273713 0.369698738938305 0.372902830602977 0.256072264872693 0.249498059930819 0.281145515113626 0.34980048411958 0.406863854806057 0.399923091986512 0.424916523608357 0.456538218258842 0.421795847000727 0.435646342907702 0.470491031431641 0.42761574787063 0.468729390180174 0.621222708611802 0.430848360124659 0.41935210923001 0.420999891158963 0.432845777157344 0.487396297129786 0.459959406530864 0.37982126205197 0.472097830695537 0.576159452565269 0.427644268459986 0.46748488325126 0.321164167523307 0.35657154525055 0.181366874475729 0.221623100885605 0.195645234981777 0.304562368702135 0.437709192807659 0.600109331713803 0.387827434766191 0.213951996307434 0.211741803968817
0.365217465730128 0.464859929614643 0.259126532835311 0.221309248945547 0.220646500704902 0.229790834514117 0.237760791934522 0.23395849275683 0.229064841936273 0.221763752276908 0.233232277144074 0.266233791216573 0.245810233421648 0.25867979390682 0.246888635099941 0.275175511748029 0.324229113282331 0.367656296732784 0.379054941974122 0.374854246685088 0.441491307325827 0.440715368867404 0.443331652021823 0.387879652814935 0.407516984666127 0.475255782012814 0.486875789404191 0.471421588842723 0.482089460195294 0.498473549063108 0.469383161265616 0.491140216919295 0.536112307445597 0.548920979399826 0.616717180356958 0.466976280014087 0.312310629420134 0.303901460499513 0.415926543897843 0.244757675913768 0.223506003430723 0.206929059062544 0.274569163460726 0.442651088867592 0.48960779979851 0.525439027496413 0.239871120391346 0.214710342887182
0.351831189112863 0.442536727716526 0.345913431675374 0.402133814033044 0.213471857900889 0.238176278095987 0.297834464826614 0.293760704281802 0.218253154884587 0.205756034822887 0.215585280967115 0.222713602207867 0.202622143396728 0.297373256508215 0.312798211616863 0.306788061967128 0.36045820738366 0.392630268558568 0.412071664239675 0.538554316695747 0.415915838222073 0.541423716595782 0.381954646742809 0.350483640054661 0.413492368748973 0.428135976802585 0.457246660777058 0.479140046520622 0.423176656140162 0.461643515271089 0.645698671358726 0.462636494578133 0.452827028842652 0.481456431356657 0.546310132721385 0.578821987584539 0.341003067176108 0.216633586871987 0.378053459461063 0.267590651982345 0.23376070260904 0.263434284882047 0.181003508785234 0.189388143865547 0.371310668005174 0.651176353035717 0.291488508237683 0.296734902711056
0.380921158719896 0.265490889804472 0.211708655405039 0.364166636742816 0.384129655324078 0.379518854590828 0.408358606906098 0.371599330939871 0.356663965342159 0.37410136446068 0.354557289082017 0.311137298507473 0.314111692092275 0.266480356311654 0.227805851677769 0.282819559403453 0.342527399281337 0.394022368840417 0.463911027582058 0.457366430524736 0.320992820952256 0.359305618717804 0.348512708417761 0.385240201909045 0.429486313797185 0.438558844304458 0.453233175417181 0.485580625670917 0.45800545342663 0.464983630352643 0.438565451713722 0.457691949978622 0.475085439098868 0.514484221729712 0.619432017063063 0.395019390655239 0.375995126018071 0.36631594055049 0.323783517407763 0.257882527734949 0.267804319427924 0.262025791534175 0.250808306400009 0.195627866138014 0.235547086796043 0.421030363303798 0.585180155334895 0.480632986462004
0.348768362185501 0.236872220845601 0.234686729623475 0.239961198616381 0.338799565884847 0.562468064188556 0.412464177805216 0.456359400018244 0.385869745827184 0.531390937154784 0.428560467998616 0.402577653507681 0.351922159477545 0.339167155298986 0.302325579450277 0.31529974330912 0.339282687383339 0.253356257233301 0.255908696644194 0.241042416110436 0.246548674135511 0.281299381323458 0.24646015715486 0.337307573841841 0.547235839123134 0.415978901343406 0.510878137515744 0.43626342475014 0.529713101271455 0.460964011532689 0.444392294545257 0.456486083848191 0.497730675530371 0.496632841935381 0.675562711506795 0.408780839873646 0.669567979145344 0.310490302107479 0.224634114015001 0.219167165893144 0.245342752246352 0.252563228724756 0.170230295255847 0.236209305328772 0.274483127743469 0.386662411903998 0.67430903226713 0.540816336772011
0.356780919274075 0.239169731352218 0.249402238556804 0.239355491554449 0.329279125515796 0.378764745674405 0.448533774065188 0.444802121195833 0.38839890596915 0.295178955407069 0.349837033965764 0.387863817336191 0.497932577884349 0.273153309960761 0.291456279692917 0.226781312930694 0.189305843983065 0.200021709660735 0.199152068659959 0.205740255102871 0.438120692220074 0.364574511837913 0.44086226523624 0.449012295468622 0.47322962135586 0.466715635840194 0.518597877644386 0.489669468951644 0.612062497504797 0.485391213272005 0.424603354712717 0.492596300341489 0.524797690607308 0.501556449132539 0.534828295457916 0.514292411705497 0.844230856300167 0.42361924104342 0.213006342220754 0.213384943983667 0.228083544082739 0.255037410760944 0.276093300410407 0.290811931832502 0.383951255273939 -9999 -9999 -9999
0.375376873242345 0.338606334013069 0.340330087208881 0.308945450790358 0.348808118158543 0.526107630403495 0.412369861916856 0.371159255179372 0.413031076792481 0.236487513501976 0.238654353429597 0.223466902622734 0.216779828075769 0.225383246464952 0.178639157503463 0.164059867142564 0.167124227434945 0.141913866481934 0.189150583805034 0.217557481115076 0.428266452226033 0.520978608052497 0.428277799127175 0.431002337851946 0.436092775163189 0.48526447368333 0.519994020434013 0.769041717119022 0.597017231454257 0.541328201894771 0.467776362001721 0.546084477149293 0.71651019280699 0.534700663729594 0.678030035219443 0.528514567413752 0.544990156354164 0.358067886474338 0.308093791979352 0.329612367553506 0.253246691332841 0.224677703400591 0.321860538276917 0.199632234945868 0.445629051010984 -9999 -9999 -9999
0.413899742015517 0.370955819460376 0.349601955168645 0.349174871191762 0.486011919431761 0.352074631719178 0.350867455258639 0.539249070446246 0.338114653549835 0.264349118331842 0.226354619264908 0.1888837782917 0.194443648333717 0.208023170762443 0.142050740219417 0.161797554332977 0.167514775505325 0.17680162862323 0.189752415635372 0.318313614073325 0.359034491903052 0.365696656238298 0.444478887849794 0.473807895123632 0.484288026839129 0.488374193700914 0.514044062331121 0.502741768171714 0.502936867960879 0.522301037803748 0.653655497598695 0.571713586149354 0.560778574731081 0.700030031650884 0.828296294297243 0.48956386192087 0.448498785463387 0.460788873368137 0.363889153433076 0.493564439135222 0.344981870607188 0.179230632150081 0.343302612876296 0.387046728936527 -9999 -9999 -9999 0.670482255007859
0.374224061541577 0.395962521659478 0.495232238447516 0.463843503762487 0.288293867677401 0.390598782943093 0.329238031333283 0.372777150430134 0.536311979450455 0.37745957324946 0.340906242144989 0.349072944237034 0.347206281421437 0.345913933503925 0.31870833010862 0.204241028364911 0.198463768982223 0.199648516494435 0.203446578008802 0.290458867566999 0.478190921453126 0.415032424815489 0.468069764428296 0.494112658948618 0.519868619054809 0.523595365156103 0.507513488593883 0.509193276032691 0.453517628567917 0.501834350632739 0.519906646507284 0.522283027734614 0.528626196387147 0.54275010521672 0.490530774022589 0.519899230596464 0.688200538718526 0.551104881498206 0.566430279398064 0.425516180848304 0.467645607784632 0.252658185838487 0.233004572438728 0.472362015548656 0.611631371020137 0.619061890626802 0.588231942034119 0.522372799286645
0.344371953761294 0.446495541643629 0.246597184228845 0.293886133540369 0.214595312631382 0.239835128132442 0.250007220755272 0.307046420033174 0.378529192928098 0.509178890280875 0.408932085423263 0.231887697238136 0.245428397652513 0.231910976507064 0.252061093500027 0.244903931057232 0.239275923849636 0.218316343463059 0.19835803649431 0.215356795639578 0.35695446831488 0.351054999740164 0.448754968939043 0.485979356334626 0.514885628812364 0.462253487875711 0.518686980091681 0.519329376396617 0.461317521868016 0.526177663365824 0.523650454779337 0.67551972152753 0.50866853064377 0.487505416960422 0.542258145959845 0.706677698716858 0.492546452038684 0.420485349617261 0.420841480612802 0.594878828477901 0.423783812929022 0.319363996990813 0.32504140643139 0.373160352288104 0.410687370179742 0.519745336507269 0.5176663165762 0.444355939854621
0.266418742917248 0.255217288417373 0.253597469490497 0.241909408571633 0.244175499035039 0.237198994870866 0.236025524561385 0.258954349883342 0.245009370811823 0.242754738767014 0.292206067307922 0.265916105863967 0.239329758901491 0.258852172014338 0.232732260751008 0.225812951102049 0.21016235436099 0.203364891472327 0.264918916772961 0.208862799627889 0.21705088519211 0.245700137813272 0.393879542858723 0.435988283306974 0.453896174572102 0.442756974692006 0.503899765434183 0.479671482956899 0.655078125784107 0.492739098443819 0.638753810272676 0.54906065501339 0.523552263659383 0.544153942710806 0.683667800204434 0.505943322814263 0.280632506936943 0.414557527729373 0.563617195813278 0.394409641085529 0.444047566209586 0.414560482941955 0.455315596630656 0.613355152095313 0.446854349058112 0.309097114530435 0.229422492357151 0.220153412333786
0.271127065665716 0.245907866954322 0.263109211497985 0.266508012640727 0.327744896236353 0.323384452191686 0.284753299968797 0.287695632285017 0.234410863316846 0.208727654410973 0.21440373958176 0.231533712953622 0.204205356718693 0.211515353834851 0.211439842577499 0.193174733021635 0.219922487561901 0.226288182740533 0.218376576828948 0.213696495876196 0.169547710847727 0.212938065658356 0.367197736953963 0.361298547172888 0.361253884431784 0.436628867453251 0.479538331114508 0.68255440992434 0.553466932732448 0.551864872960429 0.573727981714706 0.517182721128521 0.739045026957115 0.729187385680668 0.618037379759091 0.41427764679433 0.313709727422343 0.317046915170679 0.433670337226556 0.453409372997565 0.474569782382606 0.501309047656539 0.498396155948687 0.475400475911895 0.427979099621443 0.33512372750219 0.353802204387855 0.210445385664163
0.294713314269796 0.334951516670856 0.358942211208263 0.291131262067583 0.23566320434704 0.241498522505226 0.242793881394049 0.256710256238119 0.26253734998393 0.274075001734096 0.253941640238888 0.363133511151634 0.281756658651535 0.265235765744648 0.269980192269476 0.259441290854699 0.246711461741818 0.198311673112004 0.195109031174259 0.220944837778902 0.26114419028625 0.228536318893533 0.214251518254404 0.220583298186748 0.482171090973041 0.404414429645087 0.481895810133056 0.504243741027027 0.511349577560725 0.663710078702329 0.669484787123213 0.525287921343616 0.513139934557096 0.48059546083808 0.487210787841832 0.477353369600297 0.542341672534344 0.591514681384592 0.436785214926478 0.451441842643071 0.44071561978168 0.459988317431316 0.446601762020411 0.457656348030814 0.638929617541963 0.478865825096468 0.582446974007288 0.361762627065777
0.248883375713684 0.241240498991548 0.248190434121844 0.252091955955958 0.245490903186567 0.257002627128227 0.230981799124499 0.227551103989359 0.236580268145953 0.210569755506899 0.314239714131693 0.365308547612266 0.342019019079075 0.28421556279626 0.256514682499766 0.386709611667224 0.301442751510337 0.325207344405827 0.290655835273551 0.20063324350974 0.178942178310613 0.19641725638956 0.250961810178109 0.219218045732417 0.345503381989886 0.376779595561873 0.447950175338896 0.486870938394858 0.530380421727793 0.58918887332353 0.600761764589773 0.494346678329906 0.468326589129323 0.531742217140991 0.674752927500495 0.671674878440397 0.67170554574078 0.472174666222679 0.654200037336044 0.625002369745939 0.413138579620006 0.584934147827094 0.593505658284197 0.417383965529508 0.438150523139538 0.580553463364174 0.567024778955675 0.378286252150335
0.301094036425616 0.251050828987312 0.360028670022747 0.260724410702732 0.277569289698486 0.244955647277424 0.239379300531291 0.236564349029118 0.243923887775077 0.285241439752806 0.433946259291913 0.376878706700839 0.484044138162991 0.417078212544688 0.316887919157874 0.357026731626328 0.408360502702849 0.37059007008426 0.370641869942544 0.17231963055159 0.227046835993285 0.300219126225047 0.285710816724853 0.303284824726899 0.320065720582308 0.387067610580152 0.523828548156472 0.682251863066378 0.530074696622337 0.512277848863961 0.512751630775517 0.542887438963708 0.606412688634565 0.558156241754678 0.591746916486585 0.757469216163875 0.733473614858407 0.692870220668511 0.635972118851736 0.500260337500889 0.492772497921872 0.441743504052433 0.569397312830775 0.396246361464206 0.583392865068562 0.557035881633588 0.536490853449781 0.580798634491056
0.314263746143448 0.385020345244661 0.380472802788293 0.264288146162807 0.25008347081577 0.313435394480733 0.343689243896036 0.375965434495427 0.401734191229687 0.386403384733216 0.406965475087781 0.436624044323282 0.411564204056425 0.575220642862448 0.390356093079606 0.449028800052101 0.58421809424251 0.41540899138483 0.532732882460825 0.192424680552672 0.302766881902791 0.415201847710424 0.410246151365319 0.304064722055008 0.147285216264687 0.237135875990805 0.383910802316797 0.404866549290827 0.444107841394521 0.509367968127419 0.520946881336282 0.529400071772635 0.511839975573216 0.50260292893907 0.465475282936513 0.540116843529635 0.641845464462398 0.490675802474037 0.499505698876551 0.616742494819457 0.53117464904899 0.470140755102537 0.36894811494238 0.566261497728501 0.430076408415286 0.482171035214313 0.537544303097308 0.598908623265708
0.334892719092212 0.332433870706215 0.353638301606989 0.347905691025722 0.311990992512049 0.315704607432906 0.381782658946388 0.526297600389687 0.41856786272112 0.453109307402997 0.592936640465269 0.56253631287159 0.439454273716919 0.436159267446293 0.455798718129147 0.455602252251147 0.586760246168093 0.430454034400459 0.594796640112873 0.490900008319202 0.536609396505444 0.444833569118408 0.389725629142455 0.366695155659411 0.360058361545391 0.228625393461464 0.539209927819212 0.471508851251995 0.507231907017637 0.511085504225062 0.469261161168819 0.530009180116973 0.466750819597542 0.52295865624142 0.497244738216118 0.653949234577638 0.456612628281317 0.632329512670948 0.482419607623601 0.531037371060729 0.356423087637331 0.487696836673541 0.380130918147749 0.366499498282966 0.494778696954213 0.356550412692649 0.53306526023825 0.548547563198615
0.320341196577842 0.30820109965133 0.320095802416048 0.353780012414123 0.381538798149613 0.405141690733992 0.570660749847834 0.407816409035323 0.43355079051379 0.383605105090705 0.406045790628653 0.3842645635664 0.365310164615377 0.410137477604507 0.438756787788749 0.433379471822104 0.410603425414784 0.46681761855365 0.456675691402651 0.423889754512164 0.469520941082429 0.46833545476707 0.532828898990388 0.438499935208358 0.530706777562599 0.453137632836806 0.417817182966467 0.454588196144931 0.517613959130637 0.47593882643044 0.490863319076198 0.523779257440946 0.513608363630767 0.466357497530446 0.492182793614867 0.528801055758059 0.501570723366899 0.631010986030654 0.489556390251322 0.556725584312438 0.371573877080553 0.361768425973486 0.412833356343102 0.355023850238302 0.501449169339926 0.363858764926333 0.360694317717247 0.527883657406778
0.233726229775473 0.255656890228684 0.241150392887149 0.343622640095477 0.365067418993162 0.434432642675991 0.489334414755276 0.370863064816399 0.426616941776513 0.470444863204882 0.315410926212691 0.471406478227443 0.491463729058973 0.298310672242837 0.271800519582131 0.499017140902083 0.400701846260697 0.429821563149101 0.483221696925441 0.507307292817852 0.512208875317462 0.478704180544085 0.399726207918052 0.448883576445105 0.460222643485607 0.501818626671451 0.486099237599761 0.529833540123869 0.514804778656808 0.641648914946305 0.506481115745529 0.515337051474004 0.46453184525927 0.49665347266473 0.494035544627836 0.445986854768364 0.47946138406991 0.482776686517517 0.47797909404557 0.442767373694772 0.548505465358998 0.428658910032846 0.53777765337386 0.359524220810808 0.51412892711509 0.382073496471476 0.513133912614475 0.396908440600116
0.337322628698393 0.256242998097735 0.277072590949734 0.240484717313286 0.483298030624032 0.439834046413119 0.416820133272281 0.410770645839964 0.314468436433823 0.311062330897718 0.331221341407792 0.272533830493021 0.312164820346494 0.342308155962961 0.33649834742282 0.455032537448119 0.462040043465044 0.453293729395756 0.520256142214197 0.456412900517731 0.424522699712709 0.482689814419341 0.476570795853246 0.608488753353051 0.478265638148605 0.475480043616707 0.450040765206018 0.510974823150043 0.51812627032322 0.5329084666952 0.474439474235342 0.531774501444486 0.550028403496028 0.717298732737934 0.702028703254949 0.688857934121286 0.396400283432766 0.508933551877809 0.45183056461511 0.586815670343695 0.408670270316083 0.413743032110559 0.437891691124303 0.368600515032219 0.357054164920489 0.505897210346233 0.356103562246702 0.520364425663914
