PPM-results/Best models/ASCII/Hypnale spp.asc
NCOLS 267 
NROWS 469 
XLLCORNER 376490.070567719 
YLLCORNER 381033.488324056 
CELLSIZE 919 
NODATA_value -9999 
[rows 126 to 146 of 469, columns 47 to 93 of 267]
0.458877757105433 0.308021360148016 0.217872900328484 0.29629061743504 0.356119899927129 0.232490997975545 0.367777142375337 0.319161957682733 0.334627551890685 0.29395531813426 0.302090039465122 0.242335027400028 0.280626287887043 0.294928535307485 0.295812848971388 0.359478209063416 0.348818159273433 0.312059220251597 0.358174860177048 0.316265745883031 0.322911341804091 0.371891583392597 0.322694490909039 0.366594876385279 0.325870271597375 0.499888560874192 0.341777101791136 0.360289725654151 0.258957823840325 0.297520533027269 0.242044793438807 0.226638669148955 0.251408626714356 0.247624535064783 0.324354826730576 0.357360899158373 0.339597676628168 0.360598694648692 0.383483864331169 0.383139467874156 0.407478737327734 0.314876105341852 0.232317426849154 0.247533053186265 0.219657115070072 0.249911582027735 0.20118887599109
0.272929906062309 0.226931481479373 0.253962250264015 0.312620501088976 0.323478750453977 0.23758319342611 0.378054957303211 0.310052445368877 0.268575810650995 0.366542873692256 0.352382202180443 0.308421476167933 0.398005507530546 0.225191149242103 0.282120536549924 0.456935575393893 0.328211062489691 0.326379951565502 0.326450873461074 0.348310555394789 0.32588845412301 0.357789377239456 0.336294149465986 0.321644190542421 0.294016395347443 0.306003669052852 0.332005718755908 0.365515108942126 0.221663756011535 0.220291645032363 0.215753480848644 0.296354206046791 0.332666350520653 0.315600761027434 0.456399642939397 0.351133903150693 0.220760824512911 0.296433733668124 0.344479199224159 0.325243593941274 0.291516917550919 0.396118074307797 0.426379891291936 0.367967506386821 0.423234850122077 0.253571275734887 0.199312292010156
0.342350035517873 0.338261311221953 0.332429542378311 0.343578444270961 0.350004543957143 0.341197203119036 0.303049695086077 0.29311078502368 0.31627465297662 0.333889970873804 0.280669149089276 0.32325366217162 0.298788287024595 0.277625384252352 0.341139206554764 0.316525759348145 0.343032834560648 0.366032055223445 0.343402914253687 0.307726488470772 0.362803267282658 0.326182957461797 0.378844172674658 0.239108315548725 0.301660355912726 0.396427947405822 0.341070662116504 0.272382756027541 0.297315167595002 0.244680288581796 0.24693520638573 0.341138603819107 0.24453578270817 0.341124171648668 0.399524669267225 0.328983535204015 0.305156155749305 0.146502502457989 0.241374450932931 0.204653434029477 0.367912523500831 0.379351441700159 0.33749389479008 0.20038914623097 0.263060695681513 0.288688044718164 0.244193964620355
0.371413446590488 0.362533877929555 0.374631351804145 0.381807957838507 0.338636447197443 0.372625648451482 0.359659096730969 0.338850150472957 0.387452309378319 0.367355863636817 0.338920101294415 0.457825313678704 0.314457204060644 0.37855234816101 0.322867810895572 0.309694219477081 0.256951400553405 0.305872138738497 0.198392450427839 0.152814819046366 0.203110095895913 0.227031200745196 0.204389050730854 0.305040698385787 0.272515374614609 0.316024517679208 0.231359679891111 0.307196415946269 0.410219242416196 0.323138941485016 0.399951607023853 0.400854973831562 0.271693209693945 0.19505562212064 0.229914922522684 0.182260079899978 0.184720982614492 0.195849106869653 0.216546178692772 0.251276091840573 0.218082853248802 0.226031998968117 0.207717708621377 0.241958384585397 0.216126423536051 0.185832912701978 0.138114439610877
0.348734847811591 0.358608628937781 0.359734940967735 0.379194127693835 0.346557800105934 0.354612190167922 0.365262763613974 0.389131162578634 0.409584695711248 0.36404480227893 0.351877812891967 0.311254668606225 0.268351526016181 0.285508212306804 0.262243654013928 0.323202831464596 0.261056114086877 0.343651107402873 0.240626941520377 0.274040228854711 0.141400227927837 0.397144667071928 0.305189473636979 0.320468956468355 0.391275428161645 0.152711901933034 0.223821566404157 0.314001234536566 0.322352873733108 0.257462754787245 0.330658236225364 0.48647076105891 0.358016106302211 0.318108543181891 0.219135782212588 0.199599763432952 0.189551239194373 0.195946197538307 0.185485084000255 0.185822565739876 0.200786064403376 0.183747095734982 0.193367175377793 0.228623025613787 0.218870796178308 0.18955701541108 0.190922831151174
0.356436470088004 0.374000856822221 0.354917643204467 0.361435392195739 0.367118787611961 0.361883157817826 0.35089424875664 0.345161529472535 0.362981442639757 0.364625973392971 0.326030331399467 0.312557816580709 0.292034299141323 0.239127268236588 0.241124148208948 0.300528719717807 0.348793815449977 0.307559530693945 0.416385830916977 0.335693590354997 0.266391345948233 0.355331990482938 0.347081945729815 0.318104290546982 0.342880275468947 0.177161873835506 0.193131572706763 0.311545890384217 0.308470163814845 0.340921116703084 0.428054759739857 0.395785096342942 0.310701390758951 0.349188674275557 0.25207485052658 0.15948023827346 0.158379642964846 0.200520408662812 0.193048914208549 0.191642999804647 0.193781924480035 0.193620475037401 0.226760957516579 0.152595908804488 0.19115391330478 0.190073208272828 0.227587827123895
0.364198734268516 0.371643725096553 0.350616421104347 0.354442921904412 0.361601211471881 0.36857831200397 0.351827116126199 0.367208595224767 0.355083663392495 0.389776123216313 0.330230863159651 0.331132689642905 0.328355484650031 0.302622690358821 0.316584961383731 0.363054373654183 0.306460274797901 0.306903452931937 0.304595946441981 0.343601850505618 0.435131211199311 0.404559353690574 0.324115741586865 0.30614886137542 0.315656447105024 0.157288858853306 0.196164354360615 0.234349700798672 0.304656320463565 0.371026892122841 0.311154982825717 0.368052123775919 0.319069705641987 0.364306523495071 0.245922108203239 0.202096897257479 0.198076382546677 0.251103240648439 0.171585514226269 0.198563928722089 0.189187270571184 0.19895284390439 0.195205753527058 0.129707867756315 0.186462989117474 0.233105754859774 0.144263691090208
0.436633864676067 0.415493748660169 0.41719630946297 0.387141364750237 0.354608506783354 0.35680802313487 0.357629016069535 0.361073884743147 0.41868329181266 0.417264686474659 0.337954652714095 0.375641134940526 0.329871733164371 0.330049573668328 0.337898799209934 0.351527087710562 0.336757251361998 0.325947488732024 0.322147106477071 0.52111654235467 0.326538772410967 0.303756034304767 0.357783048515064 0.353112751281332 0.308290481618605 0.229569705675473 0.192967226784447 0.215144064872037 0.304077359380265 0.357903394734461 0.368683924685099 0.352918101149625 0.331483180427111 0.298208120469981 0.263477286476038 0.210867035911459 0.33291494549361 0.264230739531871 0.267601136866601 0.204890627252934 0.188945054550591 0.226127482341687 0.222072862838326 0.179579932090443 0.342333393316693 0.15290062516412 0.192007554420835
0.35317985585108 0.373108875021355 0.351170402143221 0.36876927875111 0.418568269758227 0.398771818947049 0.412520788520216 0.404805738632791 0.366525461328849 0.351692170309791 0.412553671098805 0.385491643773315 0.308393013650824 0.322514641286227 0.270058791505633 0.280047125891856 0.30168104983693 0.319324428427451 0.314482284561013 0.357437413101424 0.32276343717107 0.307941765556055 0.33420804787382 0.233031551403406 0.242883014567652 0.188472375854704 0.13845120978757 0.20490321773109 0.310899389422083 0.345786264980409 0.364304079067131 0.337886108275835 0.369997118253856 0.199802433297421 0.22725473196044 0.26009774765052 0.208316191642883 0.204477786813604 0.20754254694256 0.258234206199484 0.164795563115498 0.200981869778426 0.234644689674515 0.277662033928794 0.280603166277556 0.155128620775401 0.21864175662887
0.385361318930273 0.371990231128363 0.374754611245882 0.345111468927738 0.36442948156898 0.368315753654972 0.357601022346826 0.362166008267256 0.340993880290939 0.3476037473817 0.372636464207983 0.374527915668442 0.292366373002693 0.31695149163346 0.273278287271716 0.244258490820905 0.328944960122004 0.302365422689475 0.362091402987118 0.374536588364831 0.402809176770916 0.30203267912182 0.35073562882306 0.312297803115594 0.457877081974527 0.143068566739479 0.193626636335223 0.221294848304495 0.237148252679378 0.329222486406469 0.374512646365146 0.368867357236535 0.335109104194846 0.349102617017947 0.291020330340661 0.267024703924526 0.18842044013231 0.123206476341052 0.203709884844674 0.167857108654286 0.211257206793045 0.198786806973705 0.212019952023581 0.308958948946884 0.244953193892895 0.251730939606624 0.183113252221633
0.344930849142699 0.361523391601575 0.365920716553579 0.385218437094388 0.37085146256151 0.353926009108407 0.336281659443773 0.379655923662592 0.366621631151361 0.347181899392838 0.342370628986134 0.322668673731755 0.359238554669363 0.311752963567509 0.138803684576644 0.27876395190732 0.355451968363879 0.358781379673972 0.375975653229836 0.31325012545273 0.312070437831869 0.383514771276217 0.34592730512401 0.336786517526649 0.449021924107678 0.298342664462619 0.186983802952588 0.22329291700551 0.188375971634992 0.257370368805242 0.371570392258356 0.342114432846843 0.376800965770039 0.461219217704034 0.411138514748171 0.227120321909059 0.168504697889133 0.212037933637331 0.242238104157945 0.229462401985974 0.194335922261566 0.211909936023628 0.203015901706941 0.193153271190394 0.305803359903037 0.394965040997075 0.241027208224207
0.401120914197298 0.385466496302317 0.347269597430846 0.353474526616438 0.365683138249009 0.376588735848353 0.363606780883288 0.348471418844423 0.355286483940879 0.353520334526326 0.345847844473306 0.327693848325858 0.388061541185698 0.298386630680223 0.250620265218422 0.261147462024138 0.309111508038585 0.365707716469665 0.345880392198752 0.326166616628445 0.354566013919577 0.343138480727092 0.497386504708471 0.356779460161818 0.206194093337903 0.248418890431967 0.194848984246432 0.213101477445732 0.224000043129085 0.32379538758548 0.297530444680285 0.270457383943752 0.308736773886866 0.305185656311155 0.264253275148358 0.239864765540183 0.240629955198659 0.264367577268535 0.26899333903432 0.191272166692037 0.185412906405399 0.200850490147984 0.135855670995804 0.233710616833643 0.180525138798302 0.563593601063601 0.426107220378037
0.359295680615465 0.388381058054226 0.411892570539661 0.384070158698289 0.355272386623581 0.355785482093762 0.344909920821296 0.344942334605485 0.412937412800056 0.392350742058003 0.408741200645409 0.339975792796626 0.419414343193263 0.422238059287624 0.383528064945972 0.193276982683873 0.199239294025102 0.34754340684543 0.368539837377902 0.354540230227608 0.363930650842668 0.351593823941852 0.329307338192767 0.31785502586774 0.302270424852961 0.351687281453911 0.395055016036452 0.270219906095124 0.184161627182682 0.206031622593184 0.267708340100157 0.263634114945306 0.385382180281048 0.255545067583075 0.295438081334355 0.359606357361033 0.279261058139948 0.221691565565015 0.260399249419984 0.274877997931813 0.198886894577984 0.351829192215682 0.267069959326728 0.221675141018378 0.22835139274463 0.508205844138319 0.366798969375604
0.31157391759224 0.280356262312969 0.334578361964058 0.356664906901785 0.413230677182216 0.41481155235305 0.414973052023655 0.385700893502034 0.45671075499405 0.310885593472614 0.358509378466358 0.373096384999142 0.297498365749238 0.327141441096754 0.430577141491325 0.264309664417547 0.325315386455016 0.358751142435209 0.372953637104514 0.366181600636864 0.365105282181078 0.343134060665612 0.334068581539988 0.343712954778284 0.366578970861013 0.317181770139525 0.334707983615502 0.425206967704553 0.281259428208792 0.17743544885289 0.265272216518185 0.215032876886085 0.230289639931746 0.161275101344978 0.26853179420542 0.35466194934489 0.285853311955416 0.191594814437448 0.206925479571648 0.172271661800469 0.185406745107578 0.275824092000499 0.27800693266552 0.230661343662526 0.40528538227404 0.329489766184775 0.348759593458818
0.319985462015967 0.331620537186145 0.437854437865622 0.347537781312636 0.353387498284715 0.344615450967823 0.354711541095287 0.30817070464955 0.349676354392225 0.324652310262331 0.24676081486914 0.303958252117494 0.295091073022831 0.359001311217935 0.403394064754838 0.360999949169293 0.353427077926153 0.36427283726894 0.352049458612788 0.360851508771244 0.359944391608339 0.36298485814181 0.339469796213065 0.324616480976089 0.337250222158317 0.31410617751141 0.306188374046229 0.35552777911533 0.305026266215347 0.186293268802222 0.197589539562865 0.194502729354479 0.178935155621993 0.203833529367525 0.202337053931246 0.214294927530748 0.287398793149092 0.244401238715533 0.175271627846361 0.142110417957665 0.331609687944329 0.222042022863907 0.248703097036623 0.251407036161929 0.346874604664009 0.516648462933666 0.266348786113828
0.36805875386814 0.347999577281393 0.287599403666736 0.240771614820573 0.306379441249313 0.457482022237061 0.392085672310438 0.355842909407692 0.327375536928643 0.450772804218935 0.275785583889117 0.2310378525359 0.281409777269753 0.323557742310282 0.386150500816405 0.458012228702821 0.370922652339595 0.368522123646666 0.382120744158872 0.372647581332312 0.369068235636692 0.349639420090613 0.351970734638997 0.322284496721419 0.327399344987071 0.328428884458856 0.329889513866235 0.303565000586998 0.252160254820563 0.197408618409998 0.229511524941972 0.221357532812762 0.186420462768382 0.217341287479526 0.152735174226434 0.160189323287918 0.218348442018739 0.241420225357504 0.259338652319236 0.282052393935435 0.321745985897727 0.281403180662847 0.253492802900953 0.241459302719229 0.379076058475806 0.436678567570585 0.368534747610136
0.356213859718902 0.372690007225461 0.394668227171605 0.254175200119958 0.323162448175616 0.344561807494402 0.302591214163431 0.333215040879876 0.363761851373558 0.383420007836903 0.330464289285255 0.309976869014626 0.320445248865869 0.337550317544584 0.352899282403019 0.346589410242582 0.388122384001681 0.389830503366647 0.359573273870559 0.364190630822468 0.358309303713742 0.339499799054629 0.483084659111799 0.334319018205229 0.304687562261756 0.317238929570941 0.306980435669387 0.257906719826166 0.308295973210141 0.252063632946308 0.253326096263983 0.269447282696886 0.206420805658 0.169574871789755 0.277009589323382 0.192740263324493 0.157233139290402 0.148618858031577 0.220150889513933 0.235296498058957 0.242278119108468 0.206069460998282 0.24195249117009 0.241122758568406 0.319009130708518 0.245606140778021 0.242956179979278
0.354037682631415 0.331807050386491 0.383215646964064 0.334025887764326 0.330659106843534 0.361929501492742 0.313874224739633 0.362460344179472 0.266051486751301 0.336017962594091 0.350347667972214 0.321244208463761 0.369723409295215 0.465928257446347 0.312913430617994 0.360650596885772 0.377743711307301 0.427457180821835 0.363839035022893 0.368322986482849 0.360042168725935 0.339473479597632 0.352216048051158 0.393222197361237 0.478527307843017 0.297591320981583 0.36676943532844 0.336035910722527 0.327186880668185 0.298953034770682 0.344294996510495 0.29560289605107 0.235728860436492 0.166389296647002 0.202427095941252 0.217499237706821 0.128216189091302 0.196103310632746 0.212084947018531 0.243113778610773 0.223855520512802 0.247621538129158 0.370798555765002 0.296098679613786 0.343330652945546 0.244180051472286 0.229029436872782
0.271599986579086 0.334106319489143 0.361935428393363 0.37573211453933 0.323576226203745 0.322014672059231 0.280011447289528 0.299508957957782 0.29343954383894 0.337284042325705 0.311209999197022 0.457308568309271 0.350372915899155 0.357117829262267 0.331856910019402 0.34868672941502 0.349028480532208 0.423578175049034 0.355742587406214 0.369546707291943 0.366628763523295 0.351014561490723 0.347388202413903 0.351531474286728 0.350179337297503 0.356493328151593 0.360111282414538 0.368528351915116 0.396657589690916 0.40002872370256 0.345111569383681 0.279350229531784 0.257232945075579 0.186833972913997 0.186296098311275 0.185315798994088 0.171156031585759 0.275959674037878 0.132540105863151 0.190045683344519 0.163848397516756 0.272440166598814 0.335316244348767 0.362282872013972 0.326570851342014 0.206880374853359 0.243999833511018
0.292148484062899 0.314531641914211 0.228342569364326 0.169127156395638 0.311333760918473 0.304267522479863 0.411926859501448 0.266408071862699 0.358910867384159 0.448660282713829 0.300939417097025 0.446261562227869 0.340078425284788 0.347383280072709 0.374641966648761 0.322529207397924 0.367349267029911 0.446974163200323 0.361310826826746 0.304559380478825 0.343195539702566 0.333698300935064 0.359206542708945 0.359034963958752 0.483358803379525 0.333352330668282 0.455363406404763 0.360286979858383 0.335708625261093 0.334100995324178 0.321317608272587 0.227169511835686 0.205565925585318 0.214847686355652 0.188073197423586 0.186051672259942 0.20752898539029 0.265580047012042 0.219358124699176 0.192879110180011 0.198230414992206 0.200869844659618 0.197052602548942 0.25620814377576 0.366757648497825 0.180269612365296 0.209544349256114
0.288893845459515 0.268395776858956 0.225781662758819 0.297008910910915 0.307127871508009 0.299699422425209 0.438638529983989 0.304992345592017 0.325143774219509 0.304247263864745 0.315256933820763 0.307962861304029 0.271185120278244 0.428800310261528 0.344633600008144 0.367884663719379 0.359106823443122 0.389962468990088 0.437120640689251 0.346246554110024 0.332613544180088 0.324531160395392 0.312352551604385 0.480902823006206 0.285540224267222 0.247734601292707 0.2837727354401 0.343471592633204 0.315687621932586 0.372282156097954 0.25129321957881 0.281118957315533 0.280469007366032 0.201772106451957 0.21448996274357 0.133834656483202 0.201534025867673 0.203356079014358 0.215237170788296 0.204464442915877 0.18832704959088 0.242434545753965 0.239945967427228 0.430361596523528 0.264598810106055 0.210639988738219 0.351518716382
