PPM-results/Best models/ASCII/Hypnale spp.asc
NCOLS 267 
NROWS 469 
XLLCORNER 376490.070567719 
YLLCORNER 381033.488324056 
CELLSIZE 919 
NODATA_value -9999 
[rows 231 to 251 of 469, columns 141 to 187 of 267]
0.292778376309167 0.20245654627513 0.144552418212287 0.150258600384853 0.211779427011357 0.222740526519063 0.244465949085312 0.143881322286841 0.289975889904037 0.516101379869527 0.372393427797191 0.316428785878091 0.382570351473243 0.387834142416658 0.412898770747417 0.480716611173688 -9999 -9999 -9999 0.444798120054094 0.441956723713811 0.446332249726241 0.253223430290507 0.20467838058859 0.219263796568947 0.213834018922819 0.229383426872326 0.232883027292071 0.196426309973956 0.166900784822098 0.325516298340488 0.4056613888677 0.36537671413835 0.382270289572291 0.2905745068668 0.307105436347465 0.238339392277711 0.30079147897869 0.280145204377281 0.331639389418065 0.241003651305636 0.232265574840046 0.329005367628903 0.14506683635238 0.207363953019033 0.19422883622661 0.209642896535938
0.376875336652978 0.25554672510613 0.194458361313104 0.241079629483658 0.244247474152519 0.230307169493754 0.231115756119491 0.200259725491412 0.256535228325308 0.481496048833375 0.321458480989617 0.336532062623699 0.371518958815675 0.367082857869775 0.432232019206641 0.478101374645817 -9999 0.499000999134806 0.52414217489393 0.508560118763034 0.330545993452014 0.368423040601814 0.198338739983789 0.204834690035487 0.256771651386536 0.174486531168566 0.212897970448407 0.207078005178035 0.195843782704688 0.310186587537744 0.33711567816568 0.37530152688345 0.449318034741549 0.235634984358005 0.217297036636751 0.299734983828937 0.23095231430066 0.191313420599188 0.153755505236802 0.201435512073164 0.222198148141575 0.251194722526957 0.173295810136661 0.177653572189884 0.193415109605135 0.240398220081424 0.26374895283051
0.396155510889123 0.315880865681096 0.171542987877178 0.172772133307179 0.271029547508261 0.261028639386538 0.310475967623451 0.240683062907052 0.249157609949532 0.462334881404058 0.316557670852621 0.367837047602522 0.375303502516991 0.361522788865919 0.376580632402305 0.385852816372765 0.530944850424115 0.496524726661054 0.404200424607179 0.233892709972509 0.212449551862691 0.224343150401499 0.206407394789645 0.221581867675548 0.226598118433404 0.213578710144356 0.239254947739805 0.306761877023308 0.336980230069558 0.413777827216984 0.24674109201905 0.265182241478808 0.380839964374304 0.303376176899968 0.266810247229442 0.204679167493475 0.219131094268593 0.228979225644072 0.227564889683637 0.187776668223287 0.183160885081147 0.32358486541482 0.178575623802942 0.191869879551316 0.201683454082493 0.191932312919726 0.239385540465361
0.380403215420603 0.314357585250764 0.144056467223001 0.219144002857235 0.260852506633608 0.270838597503777 0.311700626021344 0.259658118959793 0.198850629982657 0.443341977678823 0.471418743967202 0.380999254014169 0.486831565319903 0.307624827056723 0.383956543027055 0.467025738620736 0.50978906328115 0.39588099828294 0.261615235121487 0.235636826050289 0.211237952737354 0.187606294944407 0.269962956536263 0.259652928736085 0.236721917658407 0.423121870671814 0.461934731898827 0.353478913192604 0.407121147656909 0.346526424366486 0.34261969275349 0.237594344035753 0.365521203269319 0.25623054545099 0.287358175462913 0.189346074673992 0.199858236573611 0.321718996734445 0.311738263514556 0.250486441160041 0.351772702490551 0.378122698093929 0.178582705946905 0.181671776414003 0.282538734639533 0.204689648396834 0.208499004716005
0.324650635996619 0.319357813285754 0.205602006011418 0.220652013984271 0.170996976343094 0.231744978659474 0.240424690222335 0.216329696136176 0.159749962479705 0.382552403344808 0.329120624080535 0.317989837742892 0.366685554616255 0.219501893895888 0.202165257526511 0.257243392493624 0.409213511002839 0.50373662621663 0.287712952367341 0.277939443014659 0.231439508880272 0.290196223271771 0.315567543595703 0.383083246031538 0.359144260024448 0.325906536192702 0.266316757410752 0.329304257543856 0.388354671626601 0.359913116324834 0.350490281925585 0.239046803026456 0.238665137414689 0.306579817369757 0.312773863828219 0.281255644368282 0.29822325583202 0.191151753502011 0.336891728384007 0.3458172723814 0.368014084458937 0.203539913389565 0.181943543224417 0.165643896809245 0.37262705483468 0.206126653915013 0.203653529060799
0.389679551570029 0.216812855735422 0.218342816485945 0.216790504288163 0.298493080494208 0.268619090419657 0.214608467270684 0.221980794966809 0.16260769965334 0.364710925635211 0.281661318950364 0.312188574020526 0.318793786652606 0.263876364451214 0.227165677767205 0.193085312745133 0.31667707948322 0.312258658783241 0.184960218442117 0.225148941003497 0.303138799507284 0.362331693602142 0.373543514400259 0.383433569389172 0.384879900567368 0.452880805206618 0.210314963535497 0.25713908573975 0.360109373751626 0.361247640038765 0.286703202716275 0.255966497005509 0.210527009287956 0.244235553380647 0.234328136256298 0.190645103954823 0.220483114059218 0.209217381905166 0.408633578845425 0.223572921203229 0.225112726636141 0.174796437751906 0.171757879881347 0.205812829549906 0.264703736338243 0.191240941636504 0.208182166672616
0.379361420323804 0.213823939843231 0.209638828070257 0.25612295713632 0.224805750017797 0.277159436104629 0.210824944871453 0.189856173208547 0.192906216541893 0.307326573362741 0.35828254894766 0.400613712142425 0.302838268811932 0.316346345034419 0.311823550609938 0.432293230361081 0.337225275599205 0.351783551732366 0.335289322156114 0.336787722997962 0.381197219191987 0.376925229771204 0.312421096042645 0.414804252554544 0.365897578201435 0.386062367469312 0.197780389111406 0.214981845267176 0.353090550517988 0.336601779047958 0.285935551887202 0.266758010139219 0.194451731220883 0.281511940963516 0.233404477348156 0.425155701688443 0.268449905869433 0.246920154736977 0.28037027591698 0.254440705176609 0.289632464521138 0.180955291145097 0.213524497420593 0.241778116396158 0.303834590851986 0.190122230772883 0.213510768441752
0.352567710821362 0.211868012410193 0.197779769633093 0.261822860812465 0.275957095668681 0.256521231463953 0.286329674035869 0.172151097926529 0.191200323950324 0.399721529429673 0.375677299079911 0.350218816482999 0.358217118643625 0.360007310513806 0.370636218961541 0.371981926770431 0.401946595075958 0.405488972984651 0.403910073447358 0.409828435313639 0.325737971120792 0.326864350121374 0.35274193491138 0.287924244700229 0.334076417103522 0.280355374952141 0.239139155523145 0.244819687944999 0.312254807972103 0.416234912605674 0.365253052872842 0.317691182225138 0.247284458213308 0.200513912511848 0.186755550308035 0.287230596415638 0.410449152583804 0.261855676420425 0.178884442113569 0.237619843102551 0.588125143191575 0.364222542326944 0.351529800021015 0.174304772882842 0.186944909760092 0.188456152219952 0.226386826100517
0.384136928414894 0.203424087687591 0.22771115353626 0.272574057627824 0.243972057442851 0.242931233420165 0.178588013369213 0.154908186951724 0.329460533505439 0.470415456981785 0.350252603165072 0.316579402821566 0.374371539250916 0.314302903732601 0.368448924749726 0.332442501194923 0.297006767850803 0.343893038798295 0.381648768654585 0.330334332780669 0.351017742595577 0.360525663178323 0.317306603391031 0.366973126494994 0.360126384291262 0.312852520831381 0.344997886741818 0.242238606437659 0.32184145252864 0.363026915696502 0.282140493797214 0.214688246031873 0.190899592343087 0.190908231554163 0.248525557900495 0.254260872296454 0.239516317360146 0.185830585472638 0.181567436174814 0.155123698434207 0.379426348348126 0.35639762712348 0.23905673142213 0.175351674490064 0.179745483484072 0.187289942438075 0.225881817333727
0.452372598592318 0.198142750439511 0.215738077604091 0.24383555455933 0.263623064791605 0.268895143350295 0.162772279972855 0.209509239904128 0.406555647669934 0.387875697691636 0.317920623598347 0.446812864441603 0.37568108292042 0.335126750955453 0.376357151415032 0.3541800956729 0.357908283590341 0.386343811535543 0.358215243466027 0.36165294628239 0.31662872668945 0.455269078274534 0.394050691006293 0.345827719799444 0.298210297015407 0.512311143664789 0.342700291904878 0.287304163651035 0.286134956933533 0.274853921990871 0.326576242477608 0.33760037808938 0.234148504288029 0.202611281912258 0.214616587459388 0.187708441895513 0.179200560222701 0.11844797041827 0.12243515049874 0.220468095895779 0.282406300221693 0.386384060883266 0.231566234052033 0.216847513035665 0.192984940515683 0.20548165979202 0.214782373250217
0.173789902691007 0.194421410268834 0.231944266507205 0.255641488545444 0.263881655130864 0.165002334930962 0.153733823495828 0.273437325771724 0.42750935094143 0.441526805764216 0.379311560690893 0.38791855889387 0.327412973509969 0.36277544098652 0.339843525805357 0.356192931397498 0.369748992075299 0.35968923351379 0.376967521723095 0.34032501113889 0.418735629358825 0.303269961483182 0.204716285964316 0.175657445637095 0.199939321262056 0.205409046888079 0.269200713585441 0.249298700321104 0.245636830068526 0.24256212480124 0.4191231883859 0.318787826266671 0.319681515818563 0.221055445050298 0.214000491162589 0.188143282186302 0.127753790386889 0.18419241692913 0.210941088683913 0.256135882467619 0.48606967396488 0.595115738305304 0.407738516395649 0.307042283044798 0.270908732494464 0.232175783969897 0.219271799559052
0.131980038868413 0.205011693406588 0.281213553328276 0.272618860978284 0.163808248624976 0.260996108403749 0.179599537741934 0.354881010270683 0.440087874840468 0.379926418031065 0.355365308370612 0.384067211990636 0.392540637275088 0.319159144916337 0.315530944147233 0.378951158253671 0.341313430644782 0.363778058265652 0.519069919947999 0.255964621827911 0.231845149977039 0.134839115454618 0.144339518584316 0.19725569097984 0.208282304504866 0.246586624264436 0.293050243575524 0.341357530803643 0.257764959748308 0.314429143367306 0.418064951999807 0.340171380517132 0.266201450731148 0.260566709476525 0.334048758233955 0.244942880416107 0.268584332663471 0.345968090236761 0.237617649814468 0.300159041848539 0.469983730825221 0.337910853923062 0.219534927158391 0.296543632469477 0.247832411895618 0.200392076195966 0.209401534390858
0.139974841813701 0.227514377087098 0.172192351833679 0.291094634252972 0.319292048128576 0.149829636766714 0.209472908338171 0.368359418504748 0.443156971317618 0.326359224155984 0.360624444855346 0.339855279150657 0.394646093378889 0.338382896397978 0.352808872054556 0.404703574939028 0.345694615675319 0.36159970463274 0.311652541110088 0.28694389515507 0.209740623425562 0.188342570034032 0.272011688517732 0.140696500563658 0.23411131884656 0.266397189135569 0.397800075127651 0.253708046500922 0.28793418983856 0.349252564255137 0.347582015412754 0.34066465268128 0.253937219991617 0.192421081309107 0.208858017512685 0.217662880437538 0.159473223100125 0.266571162085731 0.255215320951045 0.281231434486083 0.443467279724729 0.289283714973273 0.261077527945336 0.185665000593695 0.202844272728777 0.197846020327327 0.222272719936399
0.236648819217409 0.28474883235035 0.227953888579224 0.227015563103443 0.171894131625011 0.219577604191397 0.34760682803061 0.393036019014033 0.470028567660995 0.368395649614762 0.378187592632936 0.333585053602286 0.328558439139671 0.369806184992029 0.322139873649194 0.320367763848706 0.324889218860617 0.315148776255751 0.439455705592831 0.250286784973854 0.301264559498347 0.208325299648357 0.26853167700682 0.202954489640615 0.21903842366142 0.327409892861058 0.235811770074563 0.225682060691596 0.224456213565048 0.22047989946905 0.197248458151963 0.283249226037189 0.225786970181127 0.148657349400301 0.243484544752754 0.252746080393284 0.338828284562754 0.21849011838331 0.187407894457504 0.195582078231204 0.332021758221432 0.216435643670449 0.166911801490485 0.210417043515974 0.196973510236695 0.201606672256928 0.224452781320338
0.235003300647425 0.291319253740929 0.328624405208734 0.199350917320138 0.259328941578105 0.358982425500701 0.367134693136227 0.384611080464607 0.438957075778405 0.365407118803685 0.345632266020195 0.345024440596015 0.368682920125672 0.393177327040148 0.371104678507833 0.338369066963195 0.338198693684315 0.343423909545719 0.446366773085228 0.240029797911441 0.318030656340957 0.289654598313854 0.198767033895643 0.183982212868955 0.206632600270602 0.238010549749165 0.188329828871962 0.183968015095715 0.199232345822396 0.209135677738407 0.175436526276361 0.163491259897673 0.219331470389037 0.260095236251951 0.281636071023423 0.224030230139877 0.206604924658378 0.175643013466655 0.215569010252467 0.318360017891873 0.260194503466031 0.304252487573767 0.356499589905356 0.270949166011415 0.253088752356613 0.205372765550094 0.232215782177763
0.147961239945114 0.265541371474089 0.260645567391572 0.16784009811465 0.307246543461694 0.378429590998987 0.378032890481123 0.384815474822761 0.362224741508442 0.355301016567261 0.376529433356824 0.367207188841568 0.327664180337437 0.363511548649574 0.32133388213531 0.407694885031187 0.374889757974176 0.330398457157449 0.330730966327905 0.235803566172573 0.25148075408124 0.362698324307813 0.208719070201225 0.18168808376204 0.187548080725592 0.224936007890212 0.139385692823541 0.208889694619961 0.219741514804628 0.235245901749132 0.280865523714668 0.316212470748067 0.209924826139226 0.258500012623963 0.27874777850054 0.24065950598848 0.181523302530639 0.198220570309818 0.335543174323407 0.241703343689448 0.265361019571563 0.233646793824692 0.32580105745283 0.383815603339397 0.287889319517471 0.217106103374925 0.235646553534077
0.232464209724149 0.272990882819549 0.208307585917122 0.204126676551085 0.357380856405664 0.344916416972259 0.381613106794914 0.389286902775189 0.568483126649696 0.374171564954243 0.382007362884837 0.37364417125488 0.378939907188085 0.363439454768004 0.368615748585296 0.368526342796261 0.329248705407523 0.366443656706147 0.371417029519113 0.26674788083166 0.301176024327483 0.446553386741517 0.154614269605936 0.186048206529918 0.181026464180525 0.172422831251629 0.194686814869542 0.179493673920947 0.241703059064277 0.182573083874886 0.140436888922315 0.249456617063085 0.217803954066453 0.174505467113772 0.231618019090513 0.284746521863667 0.200774595683247 0.419967754981794 0.325767069858871 0.243236837140625 0.220127885103047 0.213618189329851 0.195149799566955 0.265919454157232 0.264836940918311 0.205416145774699 0.220543404367516
0.233318972598231 0.257190385241174 0.214484387438748 0.2570856096929 0.374379810123535 0.381941061962632 0.386913497186798 0.362292750181675 0.52470543136485 0.375071817627728 0.375315356318233 0.343852990362458 0.372272512327451 0.332333138158598 0.406215805215659 0.360940378795251 0.328011088193018 0.351366592599384 0.342077063236145 0.27368429670694 0.31837190517843 0.357369036089735 0.219517832905469 0.159108936366451 0.149977474429107 0.208834142483629 0.253839108020878 0.170259981319213 0.106175477177448 0.152891634357245 0.188111454395112 0.195113367545056 0.175951463438825 0.226895166656074 0.236773351101088 0.19103713327135 0.208863157508422 0.200634660555016 0.260766064294884 0.253661301002236 0.250159992831464 0.320605208212019 0.317636467221661 0.204378820967352 0.226688244156695 0.160871134513923 0.248972771014898
0.269271384341155 0.296418296938257 0.167952993851628 0.308011682892199 0.390752019214677 0.377900489548597 0.395317641356078 0.412383230849297 0.39214390327191 0.365574344463026 0.402586164578043 0.392827204594399 0.393208133529254 0.364879658133693 0.378396474023198 0.369312611460054 0.363688217167532 0.347376817407059 0.38351463733496 0.256926453994292 0.403044243676918 0.442765661935348 0.220154137589415 0.19158351314389 0.152650155013565 0.189753540720386 0.188757034511103 0.116696621512613 0.133599279838044 0.155022874153014 0.137338183056043 0.284991199054857 0.282592478568897 0.279708673078122 0.311502995696668 0.184448278215278 0.195040620699858 0.171586602498982 0.18304053886175 0.266095854792676 0.278019690570248 0.321647405132589 0.170738503202435 0.240632466597227 0.202660254184342 0.2232302492399 0.324388278559507
0.217429755679762 0.295926498127937 0.178779967933124 0.338320948566624 0.376547548911831 0.403718604420504 0.396081943653726 0.513484736958458 0.378716828024583 0.383522405927865 0.387102521785713 0.390161673124533 0.399882225452736 0.390842630475025 0.34758442635538 0.375557923934626 0.376953323949855 0.379347892256849 0.380039531422585 0.280234375769116 0.214835380502667 0.401323265951282 0.251001076954677 0.202565808855513 0.177490281054967 0.18046009357538 0.226350695446446 0.182753971542439 0.175201074289246 0.156101570066111 0.163778463437955 0.177342208995374 0.191066951943685 0.184050807535187 0.256111354474934 0.280140533175943 0.183701137141181 0.243412266701956 0.253193427448943 0.211067612943788 0.261962193205039 0.284417495165893 0.256546496133551 0.257918724311323 0.232364356517069 0.217486931853836 0.310583020173094
0.304726740079423 0.169960455183289 0.228992167718027 0.370454360219875 0.384899322049631 0.393355401941304 0.400592716850393 0.509199788721061 0.408121220052158 0.379430098703321 0.378032589113295 0.376839507366736 0.391977380804169 0.377063925942807 0.382886955119432 0.386851247987616 0.317884225061762 0.359358532550304 0.385923202503309 0.306939985409779 0.268614821042091 0.26104044295981 0.2555480645187 0.190198141980277 0.129223243174571 0.207157532799368 0.170551236582518 0.165156250177891 0.165073005686677 0.174984725673907 0.123242498167851 0.168818388312982 0.152018002508586 0.192339360399691 0.207001826088127 0.249234375032439 0.270615150001818 0.321027558480594 0.243926283018278 0.206942372912685 0.242174080237108 0.327197930821886 0.310555763127298 0.289572057014239 0.21241522941559 0.348918682186797 0.347145802224081
