PPM-results/Best models/ASCII/Hypnale spp.asc
NCOLS 267 
NROWS 469 
XLLCORNER 376490.070567719 
YLLCORNER 381033.488324056 
CELLSIZE 919 
NODATA_value -9999 
[rows 315 to 335 of 469, columns 94 to 140 of 267]
0.368959508821338 0.356191859867442 0.528409543341348 0.381726822922091 0.363409585867697 0.553272924933493 0.486471095912053 0.419755123236337 0.432711729818518 0.459054660020591 0.371667332243096 0.435099433636092 0.393028149965185 0.333942207964027 0.412909586503918 0.411186432232856 0.350373886973268 0.386021548871247 0.410332422778345 0.404542878915965 0.370831806682048 0.420973821248294 0.428888711491135 0.51078377802612 0.328533760463072 0.395055016036452 0.534315247758845 0.410745631556132 0.390913217517454 0.378396206140684 0.349019339041419 0.407467419291519 0.405749488729479 0.310216824776507 0.274914915490768 0.17636741801238 0.220920515976547 0.215957356184426 0.22637825386007 0.374562673424628 0.44182586310574 0.385161009780458 0.36838064819398 0.320705664154755 0.32349438809573 0.306564313669261 0.334234166418931
0.333422181033797 0.371635320282678 0.395312149764541 0.396321932900922 0.353950218990607 0.418074863652823 0.399683992392404 0.466051751285284 0.43724359876316 0.411740212359845 0.456525045441246 0.585221296740225 0.670489305493822 0.573877744715867 0.413307559463723 0.51771530504552 0.367480127637981 0.345455195678466 0.416487157477883 0.405159042183392 0.410077967875395 0.476004390326521 0.433591958274084 0.425104335216391 0.378107227878748 0.360961005748826 0.487983091791484 0.367225940617546 0.417227919599617 0.351147966982677 0.314552503264986 0.487220329818291 0.44096334838141 0.514361382485399 0.291982095536414 0.241347009717907 0.159123770360662 0.235456022096021 0.154513679721943 0.223263165303803 0.341746395757973 0.478548637988192 0.304762468909723 0.168598205629163 0.268900986537631 0.388699871731155 0.450640068433267
0.448283539443256 0.36446497600208 0.400339032109671 0.386468946154878 0.414010617121617 0.357769419992166 0.364177370638027 0.57654498393676 0.442273427815942 0.346039213044218 0.39440844810369 0.434835267992011 0.608064978118352 0.394575004056746 0.430076268160844 0.439061884811992 0.372467597768244 0.4310704806261 0.438411499553406 0.547771220832366 0.389205734373459 0.433764709010275 0.445526258212357 0.369298078833672 0.434974566899271 0.361296528597563 0.430198924866924 0.338507662678856 0.532720375726656 0.392705385021175 0.318055870782583 0.330655088605825 0.400533347388236 0.550620218338982 0.37952687126149 0.216787758492395 0.276826089801318 0.212094691244977 0.238498748888204 0.279283878381607 0.344340034258155 0.380777112439466 0.387109721128276 0.283720632291134 0.263752234391306 0.273380099369679 0.390823309448705
0.426890743246062 0.53597437810907 0.372374408138699 0.407129050191071 0.425498122511916 0.416447276468617 0.408825818034507 0.539479620804265 0.454665773367777 0.443181716964846 0.401058330144973 0.449976489960868 0.478778146332029 0.393970426708047 0.428419548753245 0.451588606929893 0.414990899696148 0.419634877472882 0.552660478535947 0.468838164739576 0.456096332962963 0.448738738805106 0.548806720690087 0.399701974006154 0.526117239184059 0.387307954188608 0.373077231399393 0.340651158099639 0.335939908326585 0.469192004055206 0.4769568131196 0.4101445031948 0.560216339239451 0.413435038055055 0.298687529714031 0.17820579524976 0.169344275173204 0.28753775720321 0.364778331572787 0.320401584016093 0.504425988380998 0.335610814658183 0.349661085088929 0.44440938904102 0.262028895951016 0.25004625996163 0.313854568860171
0.453094408026189 0.439204230882849 0.534469715513458 0.423204411971428 0.43564413924292 0.410916373173468 0.372195797472515 0.377670880748817 0.451329296656377 0.410465325990584 0.431686309040385 0.402754897076524 0.354451594600801 0.393002265817274 0.433126211038246 0.425205728747926 0.509769574828259 0.360075787981438 0.437337692496189 0.463288878006906 0.435675012702654 0.563801343953178 0.435448585007727 0.44432467119598 0.3398788862972 0.394084377232424 0.359533593773178 0.39443195479429 0.317057673564932 0.395033752861906 0.426181658231604 0.560313346194819 0.54015066650174 0.480824032061787 0.380110855141928 0.320063181430331 0.308365589178457 0.35854323211906 0.35031900454322 0.498325868228993 0.375517875498789 0.410241476664855 0.385946307370138 0.37399091168389 0.258811040965331 0.21708355101578 0.288969187416567
0.45295993100418 0.376090976652097 0.429857943911965 0.366734744542882 0.438404333696158 0.47407955400776 0.44287847395904 0.539091124188391 0.436321815032616 0.569272710359599 0.411365846546583 0.403183073789779 0.44553211814235 0.569065704146935 0.422914596576636 0.562686416930068 0.400704189461515 0.422133417680608 0.41347672727129 0.442586482018822 0.429134995977409 0.364662137532356 0.429320236735814 0.394406438984835 0.360855493523639 0.369260943620174 0.35052021779652 0.46852805724435 0.382770727593687 0.371445358094964 0.510495067646697 0.369178871114959 0.373639114972429 0.437990924006486 0.396348285843233 0.399667383676539 0.351232349974575 0.322683474240652 0.295532878258983 0.328066640329351 0.285816176741918 0.370984298803121 0.332072086648742 0.410709835755203 0.302684705160804 0.377716219864305 0.323092865692615
0.375720394679344 0.383960460808822 0.41075390242875 0.464662412111933 0.552404483308542 0.437383232523562 0.567494238349404 0.410054695581995 0.399133225943698 0.44443289573162 0.440619822542568 0.407563856996545 0.49709923419756 0.451430053966942 0.470504896256134 0.378709997020477 0.44698250104357 0.441523088894334 0.38518974018008 0.421911175649962 0.450191934472722 0.293860487724317 0.402519763199894 0.385710838640365 0.43197716247992 0.452501450081533 0.349141861806242 0.408891516221056 0.327485301788739 0.331417448755247 0.399409044477137 0.468391905956629 0.518882603100111 0.354751053766097 0.379351475185473 0.357799489804358 0.338524539277236 0.322325650172627 0.430083400532778 0.369732483815376 0.285156214683458 0.389871154538141 0.312610924289102 0.381971801481109 0.258419112104747 0.250516109148462 0.238037388228532
0.254882376471504 0.377149146067562 0.443174249739769 0.394785459256777 0.569123499799323 0.443463696796105 0.602402611479476 0.557735948072046 0.421800674112952 0.453984514649457 0.435044852573872 0.439142115624924 0.429955854970818 0.452514074045004 0.446359975566436 0.393368896522945 0.392462415581011 0.388975121014251 0.43488298456481 0.405321847781253 0.547599273743716 0.442419457271366 0.42936966105964 0.491095819633096 0.418612637799602 0.375567165881358 0.389936049077148 0.403312728926537 0.495214513285265 0.306066387046434 0.337636374802194 0.477256573652723 0.368911390424767 0.435996304292837 0.328024013524317 0.512766945762296 0.350636545778208 0.388962697962666 0.411135367128632 0.305935559923678 0.412576005803407 0.401249430833371 0.265224215320214 0.333054378342127 0.272660583679834 0.183223837471928 0.260442931012417
0.295230472386034 0.364298018225253 0.385741544673528 0.465934385258854 0.614062197899681 0.532982230884054 0.402670346658055 0.411859353107929 0.422076760528905 0.365866202461988 0.42674819626332 0.365837639488936 0.445901126305333 0.50139958567951 0.432431926532685 0.371656650427852 0.490698215011748 0.432981152656936 0.604347773383984 0.413689593413948 0.440214181445801 0.453133451902599 0.370792360981867 0.372901500470234 0.369030363746281 0.421887133194334 0.324059084435162 0.4342290163776 0.406147260777399 0.303572635238645 0.289000864523843 0.414902398010597 0.29518429613769 0.461500628284951 0.479577273356492 0.327684037128784 0.350663032661776 0.484304395168498 0.50401371719201 0.460501459993186 0.306173807934533 0.374069736113623 0.266886895113749 0.3791044875076 0.40113836004602 0.294360925745713 0.261429927392454
0.541921102036517 0.45725602985122 0.374176018501038 0.450674457850997 0.479480534283638 0.414268956321019 0.359649787813609 0.367114233609223 0.431368432952255 0.412525208581697 0.440527135192737 0.461213022920898 0.618108965096851 0.480263420930692 0.399439549598414 0.380873818027006 0.444917595655321 0.409136260382875 0.397066713260365 0.502448613604186 0.378950321120815 0.366820098608893 0.544579534619763 0.440733639125688 0.374285415022677 0.405017466274763 0.427975834854181 0.373965764212892 0.315785733903325 0.348527071436699 0.353060748588309 0.350577511169194 0.294268372337139 0.394372350934933 0.375760108262039 0.333408753422785 0.368864510984824 0.410706922532864 0.428036811611421 0.290312450797516 0.266141964070392 0.361559656196903 0.278038358632939 0.286494756635098 0.407454025165821 0.293706354822846 0.348443291180457
0.443932692107424 0.377344733788068 0.371586029900109 0.436398262005038 0.394672044497429 0.455809564731767 0.407849888550829 0.455834712202765 0.558739536425291 0.44405554972539 0.595914898815082 0.458161271836527 0.45618898682748 0.376761720981744 0.437090068597345 0.418139490309317 0.429487998160183 0.420012792729454 0.605062550901863 0.387341740870681 0.356864680286573 0.419684904532365 0.377433804723961 0.381577645847128 0.403278372994121 0.524678676598768 0.331439816945163 0.360976643390578 0.412884840856691 0.286251686738992 0.32259835457184 0.330648391542976 0.31383554920168 0.293435257718717 0.315975026384753 0.285657422867081 0.424306614575126 0.475098177267101 0.421151695237565 0.446423497207559 0.331188275264552 0.308871418335446 0.405957231619057 0.320897668946637 0.371600127217406 0.323118615899269 0.349719952271372
0.529845895895899 0.3545112989161 0.363093183133394 0.396027295620878 0.423750222593626 0.429058549004987 0.457717825819977 0.46288072551157 0.446880169923236 0.382709851292389 0.501588141484025 0.440161944355578 0.456613145303025 0.315354175173332 0.353058873410712 0.383343359952595 0.37208154558031 0.397806638249243 0.441943597470627 0.431489683275137 0.398859182131915 0.401195352050865 0.436468011914611 0.358570556135484 0.52050603810535 0.520489931669198 0.491950599249835 0.39065384027331 0.359259148137624 0.340275754241635 0.333968259538509 0.339190830060088 0.307865921319289 0.309052372973628 0.300998418220726 0.307072051489162 0.469516543720871 0.375214866890183 0.514694661818082 0.365631102070672 0.367830986760643 0.29840183301289 0.32173654303911 0.269255679728774 0.313432720871309 0.323169346150351 0.343752936243493
0.498043921883048 0.535294257891434 0.337119796859332 0.390011658916714 0.456769320808665 0.473707197313353 0.480221899141028 0.578606607764213 0.49358401287872 0.412689387077441 0.504121272021366 0.423468242762367 0.495719806677226 0.440627792047358 0.393346997127429 0.563032521138107 0.427913217316542 0.436965704140238 0.400326508602143 0.444370479105867 0.467835982769529 0.325733919397768 0.34218887070041 0.362958572170128 0.367353720576706 0.919022531531279 0.630726365445727 0.590346491967978 0.348450222640506 0.382597876401553 0.38918949399605 0.302027154044969 0.322594637701959 0.323703939192277 0.259713453441584 0.258910559319268 0.308106278904942 0.474666718993051 0.294367622808562 0.309824611290752 0.328587504392436 0.391566951307464 0.245887668557538 0.317811294047336 0.370380558587279 0.306199692082444 0.340218561324904
0.388641004548712 0.429556274715929 0.467932420474555 0.38930394680014 0.463493406306316 0.415018725992285 0.454982946264308 0.438742669311292 0.568702723340516 0.387910991212851 0.462058426649649 0.390207280122535 0.392834571363533 0.366285204199139 0.528026538317011 0.464968233486935 0.376060337589562 0.380917482876782 0.522067860132378 0.4161423591971 0.542952349259328 0.422366609409012 0.338431416618319 0.820793697045905 0.419002976107759 0.391950425126201 0.509997040567927 0.380767066845193 0.480770991324022 0.394994508073611 0.333503148523643 0.276313262213651 0.431061037767483 0.387132256744763 0.283827483928891 0.246693057335765 0.371935080815801 0.325042246746718 0.335823848227411 0.307556818383491 0.297509214991054 0.391136196225013 0.249609243125415 0.25690016802261 0.507301807624325 0.481400984026233 0.310613223926543
0.386176552390888 0.506289647030633 0.534546899162794 0.464653471533029 0.512916792543544 0.408943686340651 0.401176566789573 0.427488824443797 0.555291017852427 0.461298879266623 0.418998924384736 0.416853453330413 0.458067379015383 0.452705275189344 0.394743736555228 0.441175343905897 0.385439373197779 0.433077088082248 0.389485303262092 0.410175945904877 0.409131974262652 0.380712217900459 0.581100794881087 0.51050913147868 0.493885882986641 0.403522079111198 0.414695425283247 0.343773228343926 0.38157245562342 0.380954249751824 0.584155057364027 0.368186600797928 0.262736440641019 0.273317933883783 0.270573695182783 0.248264154794839 0.237434401432261 0.248781804267757 0.253347225497272 0.272452623135714 0.246450606917972 0.220081156347017 0.360623172413405 0.315573738378838 0.354991846660834 0.308263525940638 0.298102742186051
0.500030270724078 0.496801851121748 0.335676713756618 0.427810484372437 0.411331557584795 0.349570239431382 0.337932485436065 0.522520916434117 0.354595882819884 0.482892252496146 0.398718644268027 0.373067621114205 0.441112391515116 0.416502158898665 0.408141177299448 0.409922194193526 0.463063722753921 0.416884159363575 0.403532827897071 0.702823394635345 0.843287523860798 0.42892732005846 0.351165680713912 0.369744136704733 0.408592391908903 0.432868675486386 0.367988736076053 0.417643204466887 0.357180346343963 0.312755480390699 0.43623689627569 0.30985930207631 0.297662175906526 0.26794770986904 0.266368475478604 0.258917273124774 0.235095268063 0.268896415792237 0.268452434010659 0.177129895360402 0.207573319946351 0.218027853620154 0.414177809295644 0.343068228537805 0.49662541700099 0.332193403942253 0.275244410982942
0.437891874446948 0.335885662117508 0.417904959168343 0.485468009838521 0.485887848708528 0.407218389009477 0.512484564107266 0.564001586132365 0.46868667717793 0.493577081418671 0.543646533308947 0.445461263217407 0.541572754312423 0.468697593390374 0.391248405513049 0.521700358808536 0.41668739965707 0.440781188271916 0.474234289644888 0.43982357525513 0.449668793408269 0.357654364452419 0.430876701112563 0.424305576530384 0.435761337842778 0.482246253813726 0.550983533998544 0.52436270917355 0.329719475440498 0.404223362047437 0.450077280756747 0.331495837875895 0.309450044565605 0.389182629506629 0.2493489952631 0.25819571483076 0.258578954252297 0.180799350036656 0.169463215009404 0.238403031117434 0.189390342259424 0.300950500736041 0.341950991028012 0.330398792010592 0.327047280393096 0.373833128883166 0.26974657443561
0.465403375145552 0.445600997433752 0.428962781006246 0.404895211392454 0.450021427252586 0.42846967626867 0.339959451963274 0.381292417940387 0.322300804069457 0.414570960370198 0.558830482538782 0.557156518194346 0.458277633303529 0.40807343650873 0.421790494577422 0.527358204929989 0.59702152148026 0.507045377087834 0.46455850718183 0.586667527462478 0.581983266852707 0.580752949436707 0.451818851950643 0.563340184205392 0.584212786045786 0.534609114876661 0.393676727016802 0.479109416545857 0.419485834339176 0.519283455796941 0.496818124984471 0.35025424394547 0.303765477163384 0.429134862036152 0.261747602568699 0.249734427972721 0.228482973286957 0.13338062910735 0.220734421342628 0.195826470797223 0.225967171399738 0.232957414917667 0.315809207108611 0.337627467708605 0.44845260679488 0.269330686832684 0.239500997828879
0.36665648936349 0.382534287789801 0.386809424830124 0.396673528700497 0.505166884443989 0.314941133822116 0.402378053350008 0.420787542445147 0.447719412354166 0.371423224302248 0.560375561908687 0.568084450498292 0.392321509378667 0.391304192046582 0.395194247973084 0.430109452107261 0.60911835913388 0.406278556694555 0.376257532605153 0.454479762447144 0.572609655865398 0.458714214830659 0.425417590331156 0.403998776044794 0.400304140412227 0.452471011930884 0.336837817028073 0.537164044353576 0.519537408420177 0.44907218556436 0.418089865073605 0.39062875977294 0.326207234314625 0.32009937905503 0.361100706479857 0.258429894375934 0.293834804488291 0.293342302486372 0.306458064767161 0.230609140057618 0.205613139878404 0.24897223524987 0.272180621928099 0.272377498833204 0.297438125668911 0.274380523360728 0.282556950650482
0.413725924979904 0.347926177472567 0.385631679357489 0.470525556695024 0.365669007446397 0.491956626606399 0.351422613530116 0.556671449932189 0.461774906493934 0.483789692403234 0.464500175764414 0.467271855680439 0.362254576923435 0.459874849307715 0.495122160788576 0.365872564671694 0.336497438808769 0.47192085625431 0.486211986550423 0.353567414878155 0.402131132642763 0.347600800674046 0.437845463801404 0.432237510798177 0.350762350103828 0.428045651734382 0.421766720004308 0.410207154217753 0.398856536792089 0.33083165666784 0.320033513441909 0.494768924208603 0.297900089064239 0.272814030132363 0.23716866197841 0.242118109534347 0.275386890995056 0.251224290059436 0.335046285745322 0.202284481987881 0.157923723668739 0.208376331267267 0.238361777210284 0.311833361807012 0.225329778443079 0.198162690944145 0.262327819351284
0.415234371416025 0.391170418216172 0.480118262093439 0.455236597519716 0.423878236949986 0.45417581624974 0.418784986712023 0.429887176591301 0.583316250242183 0.462077814646597 0.417359550369916 0.352682866817051 0.503199655717393 0.428472589491009 0.401357588398383 0.398407766610574 0.3739824733847 0.357549689360088 0.343959641088329 0.369667354879169 0.384694090558621 0.300664536152386 0.403284366865371 0.433184743367547 0.416163120091932 0.547673945994483 0.348345246180347 0.392213887578683 0.330243085299351 0.31939170042377 0.352299761336771 0.385887975952723 0.409573779498804 0.231978840094163 0.259814495377319 0.26778163945304 0.303395899750059 0.235643188259995 0.275647222570655 0.289618501145097 0.283906978064909 0.197032009080681 0.228747641210751 0.246257965905119 0.243323162280749 0.234749816818588 0.251590050146937
