PPM-results/Best models/ASCII/Hypnale spp.asc
NCOLS 267 
NROWS 469 
XLLCORNER 376490.070567719 
YLLCORNER 381033.488324056 
CELLSIZE 919 
NODATA_value -9999 
[rows 294 to 314 of 469, columns 94 to 140 of 267]
0.43204681193355 0.298682272519694 0.34546832192165 0.322340718564037 0.417003132685089 0.43892754173124 0.429210270963833 0.474346130594467 0.459571941155052 0.429922302685944 0.453098627175784 0.457269223065033 0.479051118613756 0.56757828648816 0.440179457174928 0.419501137127786 0.42477273014942 0.412164806144475 0.414476129960255 0.399604833109529 0.403585232413865 0.423586646833538 0.400792456749866 0.434205007407286 0.44104766440268 0.375641235396468 0.428736152399434 0.412842247536971 0.452765615725614 0.381493296340544 0.397004631487755 0.338277652055305 0.412424317329876 0.417034809792365 0.472467169156222 0.380273727710417 0.406283512521063 0.411165336484882 0.392041973975348 0.413148604677001 0.324099735606656 0.31063773517657 0.316825586851898 0.190756224970146 0.172615974544196 0.310887502135526 0.37913579627642
0.372003323886233 0.422397081044975 0.414195322114994 0.38906857852631 0.406021188569266 0.367071071039161 0.449424350614278 0.42289309900489 0.389045674571366 0.381660488514571 0.460268937971067 0.452419879856032 0.425547948659513 0.392287019504995 0.43141169597826 0.419871752585853 0.420431660525348 0.345314255990807 0.365451587301003 0.373425311240973 0.363494203256795 0.443788805712112 0.370026786242277 0.431247718394401 0.437379080344596 0.436592677739546 0.416151735085089 0.420798391686963 0.409459762003799 0.388805517897599 0.376375702279124 0.333938758976659 0.391551313665712 0.390407555787036 0.474460114604158 0.424048610228866 0.397123671779896 0.427269127297034 0.355243957591787 0.461379712815212 0.357282342611154 0.342768200122168 0.270860714553836 0.176904154114418 0.263558203737912 0.304292301612405 0.514911546198449
0.522984587580471 0.609750628837459 0.539823983775963 0.538211699380368 0.450426833952153 0.531479343010098 0.61899411589361 0.439763569572002 0.36877108695808 0.453598495946837 0.395915956951012 0.431631727978165 0.365867240506729 0.401380894177098 0.462125698645968 0.447046692390978 0.415431030666587 0.406697926770163 0.384765347307335 0.328975599184539 0.362026341021539 0.52462536797849 0.407599016576503 0.453589555367934 0.437720429638012 0.404574957847012 0.446326322825619 0.395767483067649 0.441619560084675 0.393207162455141 0.343854396745656 0.414985173707412 0.346865898482305 0.345339470432434 0.39106976136155 0.498193366840525 0.400465271744375 0.447374446646811 0.434549705232127 0.48573823632448 0.480792020101368 0.39176324221957 0.336067319947289 0.313802834049662 0.385464286271577 0.310812562002245 0.381526379831018
0.439184575003387 0.473728326546641 0.461669662151261 0.375438582274656 0.433453362558423 0.43760895702689 0.45460419387488 0.447515654216983 0.474854471150024 0.421570596518773 0.538275756786519 0.429814011179675 0.402402531114721 0.426523643745991 0.56482351665583 0.389674863626035 0.346765810878026 0.514195797606456 0.41675507347716 0.418230001113722 0.393503474000897 0.355706389781514 0.346466016859588 0.413242397042202 0.426665521022449 0.438215275611929 0.439998000257033 0.383363852964914 0.444574572096192 0.45561531642383 0.421186452993751 0.474428671894081 0.393129208643578 0.55751015659809 0.383892753503418 0.437426696461453 0.536328217424699 0.41213818531965 0.39273776532005 0.329195664669759 0.488988253954498 0.346783256726748 0.52803276658546 0.446549067135979 0.489266115092106 0.481845334146267 0.394919500969701
0.426653131456178 0.404542544062823 0.470042832404864 0.435266491868862 0.429837450899647 0.385469643921856 0.401780039122902 0.436459640586049 0.449767307202778 0.43016252633034 0.414087968197524 0.405576235713574 0.515793181037213 0.401876141974786 0.437834514103646 0.533937265531644 0.511021088448176 0.371434776735663 0.434250045154946 0.401813658378404 0.347950152957567 0.389227164974576 0.395875707603289 0.40801821922554 0.3489280915601 0.431377005192702 0.431830731200725 0.449668056731355 0.438080363280835 0.431972641962497 0.475416857002774 0.374300550384716 0.420629357820653 0.465801984326328 0.426879324753905 0.400548080926504 0.434978015886639 0.345869743868822 0.401572396689267 0.351146192261022 0.363130318346892 0.419693208890297 0.210655726835914 0.401222542126032 0.337307281133791 0.227072387681717 0.29189222095298
0.426751578280059 0.435960173638767 0.438985806178027 0.374255579607685 0.45927519430021 0.40647066194238 0.427436687809517 0.426747024277322 0.478350204015974 0.565559791745455 0.572126462780839 0.373057073240218 0.390092291553417 0.488378653808663 0.365391012367533 0.349726649334222 0.404498309962705 0.362954386505847 0.491494562755129 0.371008676111892 0.372018392277644 0.31848170352384 0.506895563791901 0.384585899508295 0.357545872034264 0.33785017853365 0.429032631371761 0.408729782153252 0.534050111040651 0.478760834424564 0.478407865727104 0.506379756011267 0.429355563742343 0.413739787900001 0.448427024014797 0.430063342829545 0.418808593858566 0.417488267917874 0.393195141227327 0.332901785765112 0.344687712275964 0.350303232960211 0.235239254914254 0.257553566959478 0.24374728727098 0.229062302708714 0.232199575285668
0.400644183778388 0.468636918000962 0.463795042017037 0.374457897876355 0.460731102278281 0.463837333968929 0.426480615117186 0.440043473313778 0.446422593104075 0.461033976945629 0.437856011675392 0.458026326020118 0.353982230951025 0.557076789661128 0.546822816276997 0.42119448946917 0.416786516187236 0.491518069445729 0.356202709109258 0.385668848056301 0.371683170796734 0.462464737452701 0.327456169565345 0.371309776057585 0.470367673438357 0.420074171310466 0.428393296266876 0.382618034560729 0.523251432049692 0.422858575645903 0.435909275961114 0.44615769078308 0.38911693132008 0.47411370902829 0.558254970442848 0.459230190037865 0.417169588182202 0.378631507443886 0.358563457248864 0.350341339247822 0.317798134318837 0.338240550327121 0.240650983976005 0.371565335975905 0.392938007499237 0.349569703666354 0.336674743547698
0.554584611663109 0.449898167810849 0.55392639084099 0.43557268158232 0.480072688580751 0.446938769223165 0.470067310169577 0.473951405710143 0.40919017173881 0.423719282163264 0.381748889744178 0.427342594076488 0.412456664143437 0.426293767063698 0.383360303521604 0.349785851369807 0.469148941941086 0.344076538320359 0.348409337071812 0.425197290448736 0.355989508113458 0.339774713484583 0.354824252663037 0.475852467455791 0.348720348670523 0.435312735087834 0.498935233977629 0.493581534965466 0.374294054233753 0.382496884693789 0.3812933890145 0.370658285783629 0.437798282993633 0.435777477764245 0.488931429376224 0.469915152901646 0.492941530154296 0.440609709977666 0.382198564029178 0.401884312391462 0.352925267006873 0.355787390756674 0.322644329908299 0.423521651838588 0.391208859356925 0.368832632965662 0.262078035649671
0.520087036368199 0.420253853506706 0.469140738039096 0.434414089709434 0.417826603533009 0.437977195027645 0.459620628801964 0.46053879611857 0.388519251946116 0.426040082322975 0.466590262108976 0.406977964453196 0.456074266140876 0.466039395204327 0.425069510489576 0.364310407791524 0.462382263123715 0.415023581362851 0.377854983006538 0.446153739515999 0.417892803999272 0.343469851396863 0.316391818091164 0.44112417834573 0.446149821734233 0.447213047432149 0.340117000366798 0.3446342027438 0.410409204603909 0.406305612828465 0.45865561553073 0.438700243418143 0.38755343502734 0.368577173503285 0.473538598756128 0.466283804513003 0.368854666302436 0.461902083717438 0.308768618420713 0.327459149758313 0.400900614314878 0.33577090794559 0.489195528049677 0.467654961160719 0.364269354796259 0.365108228888732 0.299483777001469
0.33564155417666 0.393223101464721 0.445889841754432 0.418982817948584 0.439214075565237 0.436693033226339 0.352616766806731 0.42774803426137 0.40242988861646 0.506285628792923 0.451868175818527 0.508177682989038 0.462255688635868 0.555180081006333 0.491861026034229 0.412261846585158 0.412557086600858 0.428192149984205 0.40398628602258 0.371343194401202 0.316949080690834 0.352871556562824 0.317171724545251 0.317569463107856 0.361022652212351 0.324162855424008 0.31010689248984 0.40817747538009 0.436676491481102 0.405966306139218 0.535667418233383 0.547214962792123 0.434790632068122 0.43317861555504 0.420966521449788 0.483769065449659 0.431995679858697 0.383071994965952 0.331326636583014 0.26489739865318 0.393254309777598 0.494233694945707 0.305881949935571 0.322122226888587 0.277718038116869 0.347700720851754 0.335766086060338
0.381987338666919 0.353450115822353 0.425158413998897 0.397654246584113 0.490216696192901 0.48386593846377 0.43128100279676 0.498650943659686 0.537613383785433 0.470129693310016 0.547757424882897 0.538200716197295 0.435619862390092 0.41245984524829 0.3820267843671 0.395613216224921 0.418745976320927 0.392859049128247 0.413792929093709 0.382216478672299 0.389250403782662 0.358555688655959 0.3465036543528 0.483711202826643 0.379620027405721 0.421809849089055 0.381493631193687 0.339688354859144 0.325698324508725 0.330623311042606 0.363813619669381 0.36162187191077 0.360580244240543 0.382174186720407 0.448342741478841 0.587837839195351 0.370902829033562 0.307723675704375 0.290823101839757 0.293210973083902 0.370102094714015 0.369830361388915 0.332444644255035 0.34864768553861 0.390348889516478 0.343738537558367 0.407600958724729
0.367827370346705 0.427467125960166 0.452972387541079 0.328507775859218 0.422528042108988 0.429854930233683 0.395503484850139 0.387773366571303 0.536358689060663 0.430898600508079 0.400865454734921 0.420328559242787 0.40838712693258 0.359812091131756 0.422119487789882 0.372488526089647 0.398528514653743 0.344990084663599 0.412428737391356 0.428249711239393 0.349768874315485 0.356063209290112 0.500276957034123 0.365488789485129 0.501152664972265 0.436461750160847 0.459580044601099 0.350252301797244 0.347680294810064 0.318031660900384 0.385156489263034 0.408666729306528 0.530065291674834 0.500603371877386 0.402823475000099 0.56990404247438 0.435953108237461 0.402483866943023 0.338111163072878 0.243037850660722 0.372975871353173 0.327158485121705 0.32333064490907 0.368945210592155 0.305758087758178 0.421933711266449 0.413770326506593
0.393232879176481 0.356768376522803 0.455776179873464 0.423503502798267 0.339114851882066 0.411441992151176 0.441483442282268 0.436183822052611 0.408467089862998 0.434974767811157 0.356287862263384 0.512717722350356 0.340606589146378 0.399214662227943 0.393784784125872 0.504433522576703 0.373083392697215 0.355617687184079 0.51732265625068 0.342161747595872 0.394101320801432 0.518432493506026 0.447068826183694 0.418754414620117 0.436464629897872 0.450224917507254 0.416374512880762 0.440269934494019 0.530256224936661 0.509876125098187 0.427896776027247 0.470510555274242 0.322887399804406 0.432873196003809 0.436634701808924 0.428658734352899 0.453312698789754 0.518228099147872 0.437011712962011 0.342385128127202 0.352497592573332 0.454260868947923 0.394272263330654 0.503421763806782 0.49797926174124 0.494917665974481 0.390273547559426
0.493376638327599 0.502097285687124 0.40265594797293 0.550880834539753 0.418611130960461 0.470918540343006 0.457026354080812 0.609176489639409 0.448266729815505 0.35496988029469 0.419165045028707 0.370962935172633 0.412441964090483 0.395304180259751 0.402493510713526 0.390741906649775 0.480069239593384 0.353831178698465 0.492508431099847 0.438518920441505 0.554515096150736 0.435795526348623 0.546522821346674 0.396599057361616 0.455039469474754 0.373688505810941 0.535835916334665 0.439685046510097 0.450871619381273 0.545829440944597 0.5580106281048 0.525704934509757 0.477689706192486 0.428820367964761 0.259021897989133 0.287289564054024 0.406531638699621 0.470128253441503 0.532262397083724 0.358906815661135 0.264767458891252 0.272366063598389 0.386246972006746 0.3779571467003 0.371059171965773 0.42319101784573 0.406329019063122
0.345226758864684 0.357718924138284 0.388568073534286 0.437790514400728 0.392375554675859 0.437386514084358 0.439618142852235 0.373812167076449 0.475556323336605 0.473342341329336 0.542911965970349 0.39621464595408 0.36703209413338 0.344620842103416 0.508232598904401 0.375544563294242 0.384661375406604 0.378881609255984 0.555781644676749 0.399242555494709 0.447162216725124 0.382364584217206 0.547637246090071 0.353935351511082 0.462360196301627 0.450162768764015 0.44842287183583 0.409297056861881 0.393168453431873 0.44980139525268 0.483808008870126 0.362016697251037 0.415729652699027 0.344523634236162 0.394522231201495 0.333490055765773 0.346581306796534 0.23399616285087 0.322145164328845 0.56932193377154 0.371661472313103 0.306834037875507 0.410174405580421 0.330724503662255 0.353399753909729 0.501956747823237 0.448948490813538
0.339346134947558 0.554697892481201 0.379429127629208 0.478311428022078 0.37349619965123 0.445179685209918 0.446111347108165 0.374693667973956 0.471220778789384 0.477750950832241 0.6152175751824 0.583745264088293 0.475672048582637 0.364379722392011 0.514163517763524 0.335036273636362 0.348604255086034 0.394718488628287 0.564511500497692 0.443360628998858 0.400272865128722 0.435038423393537 0.457464609873654 0.380364004117622 0.462617229573774 0.397784002176813 0.388589571106031 0.408855519508243 0.418495070861287 0.459126285107761 0.521664228154466 0.438063988962169 0.389599488183669 0.41902956344727 0.406871715551096 0.32115553935164 0.498805277473043 0.508250011267808 0.425712160640571 0.456383871356388 0.489839149274785 0.525916528210473 0.564760028500021 0.355063706145205 0.394949403355322 0.37513383242971 0.334032618312489
0.323200253095399 0.336892866884692 0.344124757172872 0.364548387919865 0.532084958403538 0.421010755549906 0.390830341364697 0.429577236522647 0.465333524780037 0.443192934545118 0.387843216936818 0.456169364433332 0.397588950221335 0.56790570589085 0.508857133500389 0.398981437014224 0.417992992059493 0.374284343492621 0.396844203347205 0.464793239234689 0.368968215003041 0.398151670927226 0.403266552678192 0.582915966795694 0.392334769563108 0.395859969505594 0.454885503999854 0.444440429927325 0.426705234605144 0.417287925282745 0.405070038218129 0.404550245685099 0.435488532987622 0.361025498464062 0.347971817955884 0.343870369240551 0.39852288912095 0.442738538830809 0.516460744262007 0.376271964775592 0.38830923205517 0.52929660280102 0.412534818866885 0.458902569723289 0.329447273320998 0.393246507699379 0.301526180258545
0.375650008548801 0.463574809105246 0.392385901637961 0.522813712021877 0.46099556929019 0.424727022695475 0.465602612765312 0.39787421161339 0.467194906428303 0.446688098160725 0.437919332404629 0.410334766750342 0.381363406806587 0.613267390480755 0.354380505278658 0.331984857405133 0.383460859920282 0.355165468015196 0.356508999278659 0.377207644911548 0.51008808713736 0.391560153788672 0.402512329460132 0.381459208290642 0.369082265983361 0.367148857424153 0.393666346569386 0.330760065065984 0.353233130986044 0.324386838690995 0.349823254465819 0.279515914866669 0.457523979335811 0.261770205155814 0.216143869384772 0.316108699759221 0.489596983482163 0.393525607793613 0.41154187884357 0.449877172518817 0.381040005641606 0.300090162557137 0.518378548664776 0.333829094572506 0.324459870161364 0.326780402438561 0.341988795947795
0.411649868982011 0.392085504883867 0.507404741480315 0.358167928716999 0.545004764625364 0.378991876395793 0.438474318002931 0.544771773808845 0.471579306049008 0.459312831793422 0.506854042002237 0.409903408932234 0.432539113023584 0.465314270724346 0.365055623460052 0.325754211498201 0.37308690865521 0.424127936938313 0.392501727339935 0.45331731976312 0.371637028033704 0.393213022385134 0.382301363943911 0.407211022240343 0.332398501492005 0.354151465729221 0.328088740636753 0.36035431882533 0.352147436642269 0.367163256109278 0.381416983309379 0.31723032384518 0.49845535593918 0.275577690315625 0.271546276135037 0.391151298101738 0.366821371050834 0.340338338293959 0.393217241534728 0.257561268581754 0.365122861971057 0.294503941522854 0.290575879764684 0.355873247102399 0.300704517617595 0.323809618844035 0.261403072170429
0.467330588921625 0.375577713755345 0.394204823907764 0.406101955147225 0.532207682080247 0.361436329784537 0.455757762950629 0.453698114756717 0.406812011235796 0.428736554223205 0.41755677887082 0.551552851311342 0.463728875036089 0.429349737297664 0.397048028455016 0.376961963160931 0.362958739596699 0.412121476147841 0.42088237285509 0.449941497807482 0.56463894560371 0.353418505685706 0.341228612343799 0.373963252814323 0.522681578971866 0.420527261097519 0.425471836540233 0.644181032591993 0.536955933125541 0.389429114904789 0.267808109593951 0.25775732509666 0.295181751253807 0.327210186446899 0.255900145855332 0.290741163275799 0.335669380472798 0.288836049807128 0.26542452447003 0.243621934997103 0.237307776716442 0.369839569850332 0.290066132825928 0.309022035278922 0.435493924123216 0.289554008429861 0.3321307529193
0.372265279499574 0.381552598832072 0.389407349450529 0.447983008747904 0.430608751627972 0.44028808353434 0.377633745535319 0.456190795034449 0.462253009810728 0.442528485454549 0.509688406426528 0.339744777613648 0.361842774528847 0.409384185649547 0.385968776015996 0.379519270095157 0.512243670756585 0.414645867018164 0.453060855741315 0.401220131183406 0.580853003555672 0.412257627435563 0.419248858770263 0.488867807279158 0.327795811107735 0.501655882274743 0.539240569145868 0.5406101184985 0.462656106023613 0.457752583576163 0.498097464900526 0.325251161622294 0.291586265636721 0.310391885999382 0.44221874629778 0.438952220407839 0.238547202137917 0.280962446956751 0.276429422768768 0.351112305123005 0.346628788972134 0.421222784559707 0.310938500269121 0.311779082112621 0.299896182131714 0.525355984050007 0.479968415312191
