PPM-results/Best models/ASCII/Naja naja.asc
NCOLS 267 
NROWS 469 
XLLCORNER 376490.070567719 
YLLCORNER 381033.488324056 
CELLSIZE 919 
NODATA_value -9999 
[rows 294 to 314 of 469, columns 47 to 93 of 267]
0.0965705002721667 0.113447682593131 0.171898762159564 0.18638696960798 0.20564961986184 0.124576585499753 0.208654045020505 0.247566589206183 0.175893043063527 0.107357212220532 0.189331741546936 0.141521642082374 0.154034023870311 0.107037490347986 0.180232519615247 0.128726854726981 0.18136351646443 0.22959126776961 0.243498310113281 0.204873387847506 0.228045606146499 0.191951654563554 0.201045060967177 0.120048580101815 0.140139000284644 0.149519940494107 0.130380041939474 0.147555146714142 0.140620675802427 0.147465684507391 0.212666882745843 0.199766878389484 0.228336065339185 0.119680615780538 0.205393542775993 0.191375000898763 0.144121562018413 0.135961186601756 0.0591500663886586 0.127939855174319 0.122423967786063 0.110229765874594 0.0900987339207698 0.0525633420267841 0.0882510261058702 0.104530063742417 0.143418438240995
0.113207325055875 0.139499027855181 0.180635148008361 0.162134014720547 0.141646887409544 0.169156846413243 0.224331034519706 0.225720998595955 0.202846447219889 0.167765578248882 0.176210782369687 0.157891745601593 0.18236295901963 0.147359330835029 0.148464457395723 0.185173991435877 0.27021791241857 0.230727287120304 0.233465801663847 0.170366123794758 0.222300816048996 0.215567474294309 0.177051461008682 0.102051626663118 0.11697284423309 0.136702639995974 0.143011166236835 0.184034694242091 0.185935155945676 0.178808543511217 0.173194884760201 0.135824001819238 0.106237661387953 0.0591773729363511 0.158689283596024 0.169270125850847 0.191757662645517 0.205782478243933 0.0747797342310723 0.0727217642366594 0.106168289187249 0.118180130236813 0.0871129801317594 0.0826965711928487 0.120987470673878 0.144959632481183 0.110740809809111
0.167311790831598 0.241597971769383 0.121644413871606 0.18976108612353 0.207698254171425 0.229679205603096 0.203588966794251 0.245748355544891 0.223057662969777 0.249879248489972 0.237063727895883 0.211651967361424 0.258379241934286 0.17359428817866 0.215908651940857 0.245209608549404 0.213495119679338 0.169984114092061 0.21179099372783 0.225329789785226 0.253434016454631 0.198941372991898 0.171553443152121 0.162540167676125 0.133416716844688 0.18206206712205 0.195027839813993 0.200232896038519 0.277138285080428 0.253650688932127 0.232029912538687 0.241768137645161 0.132948425852863 0.0961623823730146 0.162540925457055 0.102808253298744 0.113006081350567 0.104564780682691 0.128073312732031 0.191431781600064 0.1891203030447 0.184744417762723 0.167865658200057 0.171162516306388 0.223572689659878 0.197909962655146 0.217965991919729
0.149828216350051 0.199200622183963 0.178017666939844 0.241308428962937 0.235257742089155 0.204238261691432 0.180653510978801 0.223585008005691 0.233397566134538 0.276691335314325 0.250950803593193 0.24223965361164 0.216313183597701 0.218735985458501 0.228311287665061 0.211112867909691 0.245567862701092 0.237970474458271 0.252666824943018 0.26946402613026 0.234608958253531 0.242773853921548 0.202572218637351 0.172582386295148 0.11653343703066 0.156683719439752 0.202983376471628 0.194336003447868 0.261978789465055 0.253458441672509 0.201464959716366 0.235754987361624 0.169000391085451 0.154935131132756 0.143768779749951 0.167130910285928 0.223595528824647 0.164553327264507 0.115220502267069 0.241238343038334 0.147574690413007 0.217550005434875 0.237301459634102 0.222230448159396 0.270401489254525 0.193300962811777 0.215329531082341
0.149542867772938 0.177868295982605 0.200413917566687 0.200989637222425 0.231881739932686 0.142354126113638 0.219342069219869 0.206945883444975 0.25184288797573 0.259843186576662 0.287326790664534 0.225922321603918 0.245368760167482 0.177276821532652 0.218253402365884 0.180202384606177 0.324900970368439 0.299534412347586 0.271929810030313 0.262892215073313 0.241077217665276 0.179957744725528 0.125139669599056 0.103072005119356 0.120050421685702 0.193516613166158 0.258038170024611 0.174525318976428 0.205242462405959 0.304654544239533 0.289078462963686 0.288377991419523 0.31569904268654 0.200479633033835 0.22172252346266 0.270111523500584 0.24178991944119 0.143203413496452 0.15611244073272 0.275796977588999 0.182152384035198 0.197612701056903 0.308683859294391 0.313854392429578 0.286561678644775 0.236622223578787 0.265639170943958
0.148174509264594 0.202099909644317 0.247022731595123 0.209068921268183 0.255778449669037 0.125382000891291 0.151071541004971 0.173768101976589 0.218352865518627 0.29800640878242 0.273159988067241 0.30460632822502 0.290612687381601 0.216326118741945 0.205098008213358 0.238073479796292 0.239113366705771 0.302460468859856 0.185692207855009 0.261749798641746 0.249486612231444 0.226773891140928 0.106358950393757 0.159655648132496 0.152040584208917 0.199716477146244 0.254094114135765 0.124054500873316 0.18966097092673 0.279986783595671 0.25561725380473 0.336696306357225 0.325562530742996 0.312175044152194 0.242149407189741 0.178244067209741 0.183007883459355 0.205196079163929 0.217691745714379 0.294326201639655 0.290162406903969 0.215773625952848 0.365035163149882 0.345295569103347 0.30416008337141 0.297990724479454 0.237713357626498
0.161741713295453 0.227958972401125 0.234874304938659 0.196909462731206 0.230432457470162 0.17132094538916 0.214325189385315 0.220029253163542 0.239389181341417 0.266704945764738 0.278043322230022 0.317930161217717 0.269572706013848 0.304158744037674 0.299454334288396 0.249348149795033 0.162937315374607 0.288869703128923 0.197461920274679 0.154616457817543 0.180069068030964 0.201996851437859 0.180957557359787 0.153169096241562 0.169587900402632 0.214628301757248 0.309588649724612 0.189268299422578 0.176021372382854 0.249229812610292 0.254212944759251 0.281761206945531 0.327720338374914 0.278611869401144 0.249291792041228 0.21613191535016 0.246467454401678 0.163548544997173 0.23529474999503 0.341498980908009 0.386984728352807 0.307496116989533 0.289996470503148 0.330473691326432 0.294844559041285 0.224240682360932 0.223704226331048
0.159677059849467 0.193186167812314 0.239678812261925 0.261822492742573 0.227413986930077 0.265859720440164 0.283758400265949 0.234199562700486 0.208593158203934 0.185799530782048 0.360754264826319 0.34108075632599 0.240289160743874 0.227081303479067 0.281616858489804 0.263303478644465 0.199509832048959 0.184151092917476 0.217704522253312 0.131660506671362 0.194714171377479 0.229607921327254 0.205395481285349 0.132470151537858 0.220923187941372 0.221547546559118 0.238205862362452 0.298047046987634 0.254910473293756 0.361314952223146 0.309371748150556 0.319570950781741 0.359540793215471 0.266824428432279 0.29355596138151 0.206472851916636 0.170306364838175 0.223266828129223 0.321299360968629 0.318923312428918 0.310954946363913 0.278207672577734 0.281588380025092 0.296731327819696 0.222791029819349 0.245094743058691 0.219093658057382
0.160525422034634 0.13738295104284 0.206952086674912 0.190952723069911 0.242201870302023 0.332574859239549 0.277470580829566 0.289706645731706 0.286819271292481 0.17141089222325 0.17499602429354 0.333857412274698 0.319311472493116 0.293033057294301 0.313736566306395 0.314265849851665 0.24852532306492 0.184608792599096 0.260100268162811 0.204390716640827 0.272685035652359 0.278041771422537 0.265154702210422 0.194536057613344 0.251279592402679 0.22023008273276 0.15251098993822 0.214478261133141 0.21864891114282 0.323739697527689 0.204825947236736 0.274318987565203 0.315258648606621 0.230287474593191 0.224123684509929 0.196622545723796 0.189278344425601 0.307982154153366 0.293127744664905 0.273183003460133 0.342009830991591 0.315072023024134 0.334703448248638 0.304369442381792 0.309760190179751 0.283235002739995 0.231240727757297
0.201975034396205 0.163896560294902 0.186870504332463 0.25031356269964 0.265249001879156 0.25416754839471 0.293820162583837 0.314263488394814 0.346917044065067 0.291720862688827 0.156347299952531 0.28908471906206 0.367140525292331 0.310082617153989 0.325027607897783 0.290348503802086 0.24096832630794 0.247086490930102 0.320670966726862 0.297268823595508 0.310181234411741 0.312449678059415 0.358908451463744 0.271905279075561 0.232423077481585 0.216004625776761 0.112860807697193 0.200558318890851 0.178142700793266 0.288928316602705 0.26494215347101 0.300633617643339 0.289773841515088 0.284743920799416 0.166567385616317 0.203942092707553 0.216014071604165 0.279958745701267 0.302701055493672 0.31142871805037 0.305424167699246 0.347820318933428 0.31377667582724 0.299894340666444 0.30747863515971 0.318858777690196 0.220384863893381
0.24182453064459 0.225211452600486 0.197369100922181 0.298589336168397 0.281549539346735 0.293136274106069 0.31291766946343 0.296390819840016 0.25809903921837 0.292723301122122 0.196187738075383 0.282718795321468 0.338264102232613 0.332784183004306 0.302251391814472 0.329625505369389 0.307302794738364 0.317695178638219 0.300767551016984 0.271864834721283 0.283666197711882 0.288810455233898 0.294945537755888 0.297856262421439 0.242461930143454 0.245781768397053 0.18887444719 0.225252284656635 0.177057047440188 0.180725729263695 0.269411263430169 0.286556656143263 0.270396026182706 0.22764422897306 0.232906788434191 0.237509144477314 0.241512994568367 0.315388105785936 0.295185419477211 0.33637511297985 0.372729882185155 0.281545116020842 0.271674085400712 0.316722399398061 0.366427576797044 0.295366599610691 0.220795087718606
0.207522308013206 0.200762443925973 0.218527595702797 0.267666093948763 0.308062373195054 0.339395345801168 0.29743909520816 0.274077784132956 0.250959086314984 0.273475876978108 0.263775452804064 0.260017952006456 0.302777432762274 0.321985417052313 0.163662441233208 0.282607190051034 0.22934169350151 0.304436444314239 0.328358002215963 0.329526711883514 0.331015451822826 0.329300752183925 0.220399631810107 0.31207952850941 0.264695328361633 0.227163249556363 0.263482244452656 0.25331627844551 0.175671718163579 0.195374885857045 0.279572735620173 0.324591196573449 0.194331932578222 0.240811007462345 0.291887292528393 0.273794515047696 0.232647838829935 0.280289120563862 0.27995155559384 0.333009578773901 0.279663563594879 0.376484422350294 0.39627078734073 0.406475382552485 0.354621878594613 0.37581020879649 0.295156253722819
0.216845022450758 0.225919008515202 0.237482340179772 0.263732065440128 0.287192645817141 0.269241520501886 0.283372020105796 0.322125377427771 0.352174457665 0.332505425359001 0.349401472900556 0.288086457235285 0.285492802209027 0.350159359567263 0.261287939976419 0.351986527994401 0.245644592425941 0.306074484719541 0.342336099738914 0.348971018086786 0.232931389880192 0.322057423863459 0.21947718332194 0.277029746179339 0.276422023496425 0.237950877890969 0.273861693208267 0.170196292752414 0.192754003585749 0.218239110265091 0.287819418760175 0.313814247663109 0.22307583208928 0.287661800326769 0.338074128315785 0.302571140121236 0.281995889937219 0.309084038116592 0.244726761114602 0.330060436377489 0.274045164307348 0.367323696803602 0.307877756613172 0.341116812600001 0.22889749289413 0.340147945624178 0.23142603162886
0.207629525203371 0.185514411301495 0.18797945504343 0.221682114354006 0.26466866504659 0.241732292844899 0.363616738231733 0.320739519466793 0.400116472691197 0.331572473674691 0.297241120534538 0.342980002055525 0.321408128966278 0.344835966157997 0.366045302752162 0.276869713420646 0.27253642247605 0.296646914548675 0.379014141813449 0.384087502761495 0.322582830390018 0.341067856427371 0.257761809081782 0.203318016054805 0.277195541597662 0.347899868308248 0.328019714710636 0.234856435406965 0.197317889029574 0.223151557313827 0.243150594403361 0.264000126038354 0.270587163205147 0.368143404295934 0.31806279050325 0.308260700324922 0.297173942373968 0.322393561385683 0.220048180063975 0.286096771232916 0.291079286583443 0.311287065884928 0.340697706877366 0.298047646163253 0.296318037625127 0.249251418178199 0.296045095507889
0.190675710083026 0.230970235210971 0.236221604186278 0.217738481412656 0.250128135468391 0.311487296278527 0.31069039270534 0.330847788386398 0.350027576176721 0.318654141593517 0.335703895304141 0.348327573963296 0.286315981395386 0.357444841654802 0.36144553726245 0.334502336714423 0.282646947115632 0.369583505273239 0.409347583750301 0.399910990699526 0.369132678488425 0.381300454992818 0.277001549679624 0.181740292191868 0.276819488405529 0.337870161885974 0.383171363240139 0.392634637228769 0.33992632113642 0.267133338709466 0.26739805097335 0.305861812620443 0.306035009619941 0.278337464590483 0.361545634836437 0.308620311433159 0.280057609678392 0.268392541518288 0.25799360193225 0.34592977887318 0.421444763268533 0.407775029715586 0.379237599073689 0.296516576228744 0.310165691091274 0.232817405530095 0.275257560926644
0.204559543182869 0.2086594728467 0.275635517382508 0.187119003609011 0.25748731615706 0.292136338112123 0.263311831857505 0.254135192911287 0.308622813872509 0.314773527829029 0.341014952744781 0.277418011980411 0.315729671134355 0.313787919181501 0.328041214541668 0.256799339186833 0.323024704786173 0.37007317273641 0.293787859968851 0.406380748050318 0.417665092973023 0.367725673152661 0.234236658720423 0.190729036713111 0.253474954247655 0.349712127836163 0.258933814215237 0.275473563737271 0.258328153401365 0.24282206993606 0.31926071879363 0.298627753899259 0.287300285954802 0.288400760093043 0.301190569003954 0.29889449278656 0.300382245848383 0.273899159307263 0.346314202901166 0.320870210242971 0.28089968051956 0.274940790875162 0.345412901787785 0.30316238547463 0.259884917396239 0.252067966534702 0.236253924424076
0.239058595005075 0.224176958271577 0.248742823814594 0.209040707145656 0.228161722856886 0.226971196147681 0.302934804476307 0.280847887074146 0.194157008543116 0.277467320609287 0.402043597709824 0.305811376131578 0.251712532032986 0.261946698323817 0.365156619572403 0.298548310261312 0.359634335103275 0.261404620616801 0.265509343685584 0.366854542293974 0.36562196755457 0.327123277493455 0.28342571681494 0.234129371039009 0.282520820647846 0.33005885032438 0.291907488271313 0.261862232184359 0.262524268374848 0.21367608833907 0.232618690698355 0.240031568096168 0.225263122686213 0.299604233930004 0.260220050418161 0.265325890209315 0.300540604439905 0.324600007979609 0.361430346398228 0.348327432980797 0.225456233463634 0.188615902910429 0.220870337127219 0.312471565592319 0.272788446315063 0.28064175303842 0.233963346524126
0.224617792921804 0.197266800496653 0.254293287160625 0.275563175737927 0.221987852524975 0.247276041899435 0.326207490428346 0.333576927593785 0.275396446310551 0.307990295892658 0.335716125535892 0.358349244383152 0.205122204334676 0.230360538773077 0.269914112756956 0.28569010721578 0.29774203135197 0.250867077611852 0.297205134751777 0.302014047778123 0.319745416623726 0.256396499319971 0.251697217809078 0.282194816242706 0.251006209715132 0.288170641409746 0.2840819903458 0.27355840460821 0.267500210416379 0.25977539161766 0.292522436307279 0.317315724243308 0.255882512375796 0.25693503484171 0.229358840497899 0.238405317352309 0.29715885724662 0.275165375995389 0.292259644929938 0.299878480135354 0.218011405907082 0.163984374768701 0.219159637866715 0.242516032177282 0.231927347770975 0.219307334656783 0.286158063374171
0.227270290518405 0.212221060839728 0.256149445114033 0.23276598216374 0.325145575003465 0.300705342489489 0.318114601571476 0.354563970033324 0.310044798598747 0.332271641130742 0.330827204941606 0.253936002263615 0.303353275777698 0.24819323878953 0.293586290241516 0.273493905115113 0.259667117058755 0.266954097085342 0.315711484392039 0.291877441376305 0.176769636994033 0.259022597943714 0.237506800643275 0.216404875090211 0.24571411442055 0.243145201822791 0.353677154871671 0.311040663723046 0.259520460014614 0.204626457001254 0.310557798665431 0.29448951224144 0.20339312448092 0.197698400793224 0.267740885164257 0.249165912292814 0.287586286575971 0.382627875708137 0.280786312967894 0.288599210582597 0.24512919565678 0.210050564782938 0.191027761004777 0.225484341849287 0.243624841905751 0.266505138318634 0.291687115003231
0.21954011438474 0.233310544687293 0.232193416991408 0.268290998873691 0.261974559990097 0.356200565368016 0.266481594241372 0.291481703502809 0.354716266377408 0.356454263374199 0.300844950408701 0.319693288344878 0.335251552957467 0.272606455532217 0.273463470518233 0.332582824750718 0.210261774188614 0.270790318985591 0.211884324141885 0.259461176873964 0.225926533456063 0.167405861403771 0.184156379761173 0.174614102704904 0.240165219504816 0.234088873816293 0.32308479857619 0.299197005982874 0.188061912182284 0.221420486082278 0.324394420251064 0.260281307313791 0.185675078481432 0.204494691233525 0.239807035844377 0.264109052641314 0.220645276191059 0.270448912242483 0.27737406068648 0.316969682700559 0.29975138441289 0.209385656074041 0.20772743754863 0.192911674887591 0.239470810208092 0.324472313081526 0.334471461547235
0.258045959307658 0.190963966424172 0.220807406064419 0.246872902444763 0.308168955963976 0.247899008315007 0.31383793272287 0.29488308250902 0.361984619091371 0.353489119464199 0.330199691840455 0.356452465847342 0.24102350333332 0.366206445748031 0.296285505913581 0.367187014271235 0.289162241813464 0.246737488754883 0.132253241152397 0.210192023097445 0.292745065295339 0.141883006660436 0.154683671223738 0.180156900127575 0.206570306068775 0.239759189908924 0.337625275285951 0.349253934715798 0.288954962294936 0.340918450224508 0.308838023656581 0.209271742215193 0.197740184481239 0.321855713153625 0.246135951679095 0.232944853708805 0.195911412378179 0.221554613306859 0.292642359545128 0.209880610380908 0.225676201407034 0.209923715779847 0.15642175633459 0.15569382844883 0.244797833916695 0.27044501760096 0.279302348810721
