PPM-results/Best models/ASCII/Naja naja.asc
NCOLS 267 
NROWS 469 
XLLCORNER 376490.070567719 
YLLCORNER 381033.488324056 
CELLSIZE 919 
NODATA_value -9999 
[rows 126 to 146 of 469, columns 47 to 93 of 267]
0.130669205855454 0.0475050397718678 0.0372098016249361 0.0657175818851024 0.0891520981226911 0.0430621657745529 0.0602224717925741 0.0482018237425524 0.0562472675829495 0.0679860431555887 0.0607134213153413 0.0470624560575175 0.0658183799658794 0.062542783782614 0.0710926233515798 0.0872678494064425 0.0919566982124406 0.0901921083918563 0.103930006982863 0.0917169927192408 0.0908140438729077 0.0899813043108642 0.0854604097176981 0.0924393077392766 0.0718231990648913 0.0584442595380652 0.0887738244562058 0.0823158567668568 0.0494428574318713 0.0613749420385703 0.0543182393005915 0.0482271917808895 0.055066508317474 0.0518762990656103 0.0750997733142405 0.0676236476430052 0.0685200055575301 0.106016274808162 0.107462746432121 0.108965337901918 0.0866977338050232 0.0655741894669438 0.0505406220627178 0.0529685477562001 0.0496975246927322 0.0582236439563129 0.0481342710972203
0.0502404350776299 0.0379724861022977 0.0428075161365043 0.068040568136912 0.0728820569318345 0.0445167571092892 0.0701635178460581 0.0626892381644135 0.0683741327285372 0.051740590193624 0.0932328453553104 0.0732517130430945 0.0615864730605707 0.0272640789176322 0.0668024950800633 0.0795024452709465 0.0896672746066976 0.0931028859258441 0.0971432857296528 0.104910434523569 0.0887214494579857 0.0902431176221215 0.10152277487675 0.0904270292915108 0.0694221613773088 0.0718821341549981 0.0790801938763124 0.0774170145292334 0.0694451547416855 0.0784485129800472 0.042270271485768 0.0823284835118853 0.0937609041151241 0.0767300684935273 0.102723311343353 0.0977745877354531 0.049531583886208 0.0827555723685017 0.111237632134085 0.0701829646194551 0.0798380629202071 0.0820975365564094 0.111317701381868 0.0645677947122822 0.0466160173529718 0.0408172045242976 0.0459770097724839
0.081919096770246 0.0820180752956509 0.0725678818394663 0.0830420223713848 0.08007783009325 0.0737379572749718 0.0712789096949294 0.0654355508024089 0.0685844874278152 0.0747101241224016 0.0650295079894077 0.070795564415679 0.071268150968007 0.0643868128354414 0.0489758617167523 0.0792545187357987 0.0868200978023789 0.107978689508463 0.0992532121804931 0.0868528233648603 0.055984789010527 0.079965255568139 0.0645798707444257 0.0466827064805002 0.11361057024742 0.109297536725588 0.0820266399824392 0.0776209104677954 0.0663592901615786 0.0515679659355267 0.0535034001101637 0.0718932982066039 0.031045643665466 0.0532951160913335 0.0969433549238631 0.0984374874437462 0.126273618269302 0.0465622633696876 0.0609012628718783 0.0660612928109217 0.0926497769868346 0.147788226029909 0.0767899419983903 0.0501570967981606 0.0507809707885673 0.0445015045652248 0.0425168102244455
0.0986329332438 0.0990290147621364 0.102344861448745 0.0993241351886818 0.077439730334316 0.082022903946227 0.0802403212342623 0.0851340881019371 0.0785983685646248 0.0844264440731592 0.0910341880444304 0.086639930980608 0.0847484480999013 0.107599243924958 0.0858583768769529 0.0406175072207711 0.0524012341819399 0.0414833820756825 0.0334520805421736 0.0306373429296361 0.0388180418546022 0.043998743352499 0.0399207805242265 0.0659106838511174 0.070929995633772 0.0808411710203707 0.0743139016215666 0.0727552828256953 0.0909597845308081 0.0510600412387907 0.0420109253682357 0.0789490008499835 0.0376880406943162 0.0274584761603529 0.0465223300769666 0.0496987318553762 0.0558484280944848 0.0581050380236848 0.0500815081504097 0.054441850111919 0.0436891986540683 0.0488350334177865 0.0537712932916721 0.0524041727858945 0.0484125220866707 0.0501807422065932 0.0432118142910857
0.09146725984583 0.0930700458150826 0.0942629780381693 0.107268384435025 0.0931040578428634 0.0899832956886565 0.0843312103953727 0.0821861881137937 0.0810230296321245 0.0812614839056494 0.102076228109119 0.0876308440946449 0.0617245477951113 0.0345736646067244 0.059841686875333 0.0844590110303297 0.0586231839515674 0.0505757399219718 0.0518964771857186 0.0613378372072269 0.0213615866783663 0.0707533665915747 0.0867348562591788 0.0466121183057456 0.0694000799934697 0.022683603798858 0.0377594351127345 0.0863254254605088 0.0909468934435948 0.086494710195671 0.104291265824052 0.103216600294456 0.0918549176598766 0.0706224467188368 0.0429704214136061 0.0510426343059199 0.0577346329429011 0.0588127745722274 0.0525732372359028 0.0600070505347537 0.0672100005864872 0.0636127660498353 0.0646400658656135 0.0551947142771144 0.0539412829393272 0.0712607670096442 0.0863606710851522
0.0930453210093952 0.0940357406846871 0.0876421843743739 0.0991121503792641 0.105993514946048 0.103437326018785 0.0959442207678781 0.0883376862854622 0.0881145286130325 0.0853165987577468 0.0888908311186158 0.0876010879760397 0.0732452410652694 0.0482509957946331 0.0517933396766059 0.078738399431333 0.090997849805423 0.0784843225346849 0.0740201733971946 0.0995229733801076 0.056445762129535 0.109729366118719 0.109189482451838 0.0831964598871661 0.0889630317806978 0.025957754911513 0.0356064230886192 0.0838964996724272 0.0916794385061833 0.0969952452947444 0.100589056600103 0.102114830879509 0.100055085386755 0.109959713898576 0.0293634162611188 0.0501640842432461 0.0536065155907611 0.0546872521792017 0.0527293929758854 0.0490037101659237 0.050542278607076 0.0532679945831704 0.0606379251873552 0.0568386715416535 0.0531024943469543 0.0698429632956294 0.0887930156988242
0.0867487694695068 0.0864867182502831 0.0857188835060204 0.0904963486237782 0.101733711128834 0.105146007467279 0.102249372240179 0.104035135869768 0.0960909835488932 0.0868633441838164 0.0933194526664654 0.0852699511735313 0.0893980685256713 0.0838278940640588 0.0820293627069429 0.106976427303291 0.0837011067408103 0.0851872385038994 0.0790922126343158 0.105218930664666 0.0853310758980691 0.073811973086723 0.0923146615877252 0.0786226175543794 0.0963382051715482 0.026335378736794 0.0435362282374128 0.0535145112933326 0.0805012974619344 0.0989191893957476 0.0941725818223652 0.108088708725787 0.102903566279186 0.118666643216578 0.0463020757628669 0.0504272280768338 0.0737359703028826 0.0638809323849347 0.0515796366429868 0.0433251774370481 0.0465531127243895 0.0530951896912469 0.0533425919477282 0.0484955079098936 0.0534683263079405 0.0565120371209738 0.0496154200101254
0.0858932171769129 0.0821458494963894 0.0833218285740226 0.082314006371563 0.0940144347045902 0.101531824190877 0.100172902698532 0.0919470937797253 0.086996167320285 0.0865052398260332 0.0926844410586714 0.093128465437929 0.0892171615457829 0.0943398663683289 0.100459705157661 0.10993845197551 0.0972191519366977 0.0862495328192454 0.0889926997852414 0.113828229602405 0.0948951083161487 0.0547600608283088 0.0592145702874591 0.0587209861542498 0.0881416324983833 0.046441551510987 0.0588746482662889 0.040027574766896 0.0626733820390271 0.104978361653663 0.121199067781425 0.111660341721839 0.10859425434286 0.0822696145073247 0.0755697296618295 0.0471777533071322 0.0823962872822931 0.0596511137828861 0.0583845710727316 0.0425018396453783 0.0438191889234562 0.038563467113506 0.0712950786252345 0.0572750344032542 0.0708590858426926 0.0483398632314683 0.0993756290462858
0.0952334575013192 0.0986617817875707 0.0854560216374299 0.0883341881572163 0.0855692129609722 0.0835641863004769 0.0859310886005922 0.0867264325548891 0.0907177616377881 0.084494961567466 0.086554583700534 0.0867135062220511 0.0874007606569728 0.0943146833695212 0.0675311278783163 0.0731395174084484 0.0765524922251677 0.0876504759075713 0.0916938804008809 0.111689551533262 0.0925913221183635 0.0737960773100088 0.0768391360789863 0.0431027114600021 0.0394795185208003 0.0364911147013871 0.0295834436815098 0.0295454400867381 0.069076181514403 0.105536907878793 0.122622814788895 0.111610839242027 0.123459026044966 0.0393424042295313 0.0801636355664444 0.0650783011510234 0.0623065279549262 0.0393384655309775 0.0423271799524579 0.0652431537488868 0.056935332667238 0.0530815276059945 0.0484771317223451 0.101297713940589 0.0869472023362492 0.0517582967143042 0.165447896463581
0.114394274334178 0.112023671243476 0.111234962278018 0.0960950456071334 0.088831133841876 0.0888834295374406 0.0929068850072021 0.108395028449563 0.0890335054071723 0.102497801025478 0.0949877778747424 0.0785146161490659 0.0764228323835107 0.0865020060399722 0.0457446133406945 0.0535639124419734 0.0806699477758531 0.0861338214335411 0.11380131956799 0.117827788538659 0.0705392009591321 0.0703795030338729 0.0870304348788446 0.078033160916437 0.129324990599992 0.0342527245572762 0.0350442047099715 0.0276691546788073 0.0472443278863805 0.0967556102927939 0.127537711408543 0.122876036979145 0.106458431169313 0.066100256848965 0.0913191312968599 0.0524641476219284 0.0446118189646555 0.040071724317465 0.0384945487002189 0.054019937956422 0.0511868858361792 0.0488036560004478 0.0815745619779506 0.0869353157493382 0.0830490626849074 0.0475011803759693 0.0874658593256892
0.0897256501725132 0.102353241096004 0.104643440105489 0.11675898259416 0.109571474531723 0.096994734233187 0.101483476005272 0.118217208633937 0.111873057877968 0.0926463229156196 0.0887174755138072 0.0788077451978189 0.0821872631053454 0.087753666285121 0.0300577418494845 0.0624806457463677 0.0920205544728883 0.111438541005958 0.119365951655127 0.0646188479995782 0.0882138684060899 0.0766616038676575 0.0958556749473677 0.10251595252217 0.142675011091798 0.063162291721268 0.0357543027153652 0.129590989329176 0.0442039830305006 0.0630374164731564 0.124005976459588 0.111116607470465 0.128946611196633 0.131066899861118 0.0797454286072381 0.0281060263991138 0.0302673299564265 0.0363149152152401 0.0433680713622392 0.0499245329496542 0.0451004907389302 0.0489882417424083 0.049503427037821 0.0645615209910957 0.0865691048978871 0.0750705194457865 0.0684286533041575
0.0833712429397727 0.0851016356930467 0.0874495494128854 0.0955212644607511 0.105520007601776 0.113766981518181 0.10969654363077 0.104359712827109 0.101496164430144 0.106868469955008 0.101986624919869 0.0874744063896652 0.0880068532297469 0.08196281015621 0.055966381983057 0.054351572850098 0.082805982423148 0.112126359370874 0.111439924396725 0.100241913631584 0.112559871742582 0.10913921337969 0.112334581709861 0.0593238008839321 0.0477882251487683 0.0373185431883671 0.0340194469848707 0.046053765931551 0.0496362017115557 0.0622812920876815 0.0427613928309554 0.101983197282873 0.0983406148444138 0.0853399313612608 0.0936685605785583 0.0647894676627738 0.0584651381649633 0.0687147464450911 0.0537384663980198 0.0548102594092072 0.0505212237520546 0.0485210477706508 0.043663711661748 0.0474527793219278 0.0312330534631011 0.144419325866806 0.153895808153272
0.0878104469864216 0.0921446631286639 0.0856188211776578 0.0856528420168449 0.0947555356425609 0.0973386610384573 0.0958983838330294 0.0970889986562958 0.0914517165253623 0.0898087241097977 0.0923255436743338 0.0719097006391723 0.0760689839349033 0.0895285478281012 0.0897588779851458 0.0210600559538389 0.0401963572519071 0.109962110601052 0.119879982656333 0.114057793167114 0.117895662800316 0.109153338063766 0.0992519345265998 0.0911351491362214 0.0858052881548338 0.0744004472528785 0.0994210959020758 0.0364025380409551 0.056594163832096 0.0635404596508794 0.0484189764416835 0.0693757517010596 0.130011795653199 0.0388545783502482 0.0569476642301601 0.0867464961267173 0.0363321943827215 0.0431764056554283 0.0529244775082866 0.0614803969475033 0.0684756401275102 0.105548309838365 0.064194565575824 0.0443137907740771 0.0624140006758701 0.181061919654356 0.0888454435654812
0.0427931843843837 0.0611157853662704 0.0882922282410784 0.0888992107658747 0.0891023665463193 0.0899647564900941 0.0911653722593531 0.0902413729637017 0.0843148740483505 0.07892920162034 0.084592415719605 0.0852435698234857 0.08183988222886 0.076828165878316 0.0941032713015039 0.0621332208128515 0.097269235969316 0.116806731604145 0.120633322637461 0.114866195625341 0.113970877456743 0.0946132138102508 0.0984562557388688 0.101960578403258 0.100993931901788 0.0919155048886386 0.0902162163991124 0.0600244222219998 0.0500197225704098 0.0319636864505527 0.0485502663934802 0.0681884940235404 0.0546791368741276 0.0340839398694135 0.0706746983573706 0.0956453554937144 0.0621770267185802 0.0404182945445835 0.0423062704856382 0.0331884410669894 0.048566307558396 0.0688123327683225 0.0660950449022209 0.0491086672304087 0.136026875634686 0.161582173975505 0.0999611469856743
0.077425702575708 0.0753373464471494 0.0847569511068465 0.098113888552489 0.100799120522977 0.0995229733801076 0.10183603798858 0.0805966192537825 0.0977458449285564 0.0948899007751077 0.0529729754877959 0.0647458115509499 0.0802547807517723 0.105277341476106 0.0854504616401425 0.103135667528869 0.115887278994073 0.115878802421346 0.11089470101771 0.110875483340874 0.110992736722656 0.0964846683647539 0.104621305853213 0.101941184498298 0.10625612128386 0.0951996833815047 0.093405654652937 0.0796177513319674 0.0786581715782384 0.0400060881529728 0.0783455340762453 0.0541895046565814 0.0461887698910445 0.0421535291655429 0.0376436179901563 0.046753691168532 0.0802193588990056 0.0473169030332244 0.0423891814119087 0.0425877861010712 0.0583233317999137 0.0419607488158527 0.0601798245867556 0.0621013587681739 0.107140090361323 0.234499732062761 0.0655020769189234
0.0898260209000915 0.104231172034035 0.0696623250636289 0.0279083469075982 0.0838497199171192 0.0923165296058313 0.125012476951124 0.111992655093789 0.0985363249866525 0.0940692152166922 0.0688753211052633 0.0466631804044478 0.0763995967054646 0.0972871671808533 0.0956126211198268 0.0975100693225044 0.0885552927720106 0.10271657061764 0.100443994420477 0.0970335220431071 0.100393919199265 0.106773139351754 0.11372032512256 0.0984524668342197 0.0901192644971246 0.091290705700585 0.0967086014409257 0.0920167655682391 0.0630081670104055 0.0394582345692188 0.0383251494167766 0.0448234160722022 0.0483973752794802 0.0454956823052443 0.0425517518555764 0.0496845278686449 0.0474457169798898 0.0372497349176571 0.0462805450919128 0.11416482531775 0.150040676975401 0.0656132107791271 0.0624366415840004 0.0526195808266058 0.0994066187617535 0.125236321913234 0.0716927285738676
0.0890193719116903 0.0915053427432572 0.102547047974511 0.0528856852926635 0.0917461672850394 0.0981787845588636 0.0900235638148116 0.102433601120191 0.118473329776815 0.124329751578969 0.106565357583075 0.0929219084547063 0.100407453519128 0.0961616422148971 0.10153833582003 0.0978104677813401 0.0994320572913399 0.0928736748173818 0.11262244153773 0.116891576634068 0.117228921318936 0.112113979345218 0.111552974737769 0.110879915478172 0.0865068787475792 0.0634906531775552 0.0732353766960723 0.0613729947178087 0.077046900224853 0.0624724643557473 0.0839443896649114 0.0579438157251597 0.0496377921703678 0.0499472179148153 0.052064122999335 0.0408091597104727 0.034730974640914 0.0253229547774669 0.038290005123304 0.0570424000634985 0.0552263340081226 0.0445808424662971 0.0552389959987757 0.0531319993404839 0.0817726864454773 0.034348660944704 0.0432548227645568
0.103437343641598 0.0935260625181251 0.0953115089370921 0.0887169556408437 0.096816972925298 0.110514057082968 0.0827915405284503 0.0974681182177726 0.0670614358729122 0.108199547403885 0.105541472187184 0.102679571523171 0.124432228232619 0.105046940827813 0.0990473072413264 0.114173372381726 0.101014876614232 0.0987700651578814 0.118588873745802 0.124437303602568 0.11906280403757 0.102904570779488 0.107009099997335 0.132124092372297 0.111569046742606 0.0815801307866443 0.091425793368437 0.103204132154738 0.0903133885862543 0.0830349380008315 0.102215888896768 0.0571940179293083 0.0676149155394998 0.0451665366338088 0.0447106741303741 0.129835620398419 0.0528342927662303 0.0398325827542595 0.040545465164 0.0404963327632471 0.0444900541429188 0.0575025493160305 0.109221397364953 0.0837996711301256 0.0848195032791824 0.0481360818411863 0.0550349634834181
0.0724149466684355 0.0947891159114399 0.0929549159821849 0.0932776161100137 0.0919809207679768 0.0938002029866015 0.0730990201857332 0.0721601516421853 0.0802852594056826 0.0932144030822158 0.0979928727002759 0.0899783877354249 0.103828667000607 0.120527938219777 0.109972340643605 0.109241090857722 0.0931372944669022 0.100426186568626 0.11902231562626 0.123965311820156 0.121241847158336 0.112996635523163 0.114358508836572 0.117848979970475 0.115006244114862 0.0993456085854958 0.10075075471456 0.0984041803284582 0.0976129160552138 0.0991292092615915 0.0889618686750845 0.0396822777879677 0.0624334342321579 0.0603641371751252 0.065053356060182 0.055636438879364 0.0356577164867331 0.034267040889436 0.0360152062489365 0.0597950216683051 0.0422749106911117 0.074846057685245 0.0701056048790659 0.128374134138362 0.109041283411619 0.0761555031319967 0.0649338381470163
0.0749952524143605 0.0874438484330994 0.0402242761923278 0.0239673992422755 0.0703187616055031 0.0915321294179862 0.0799789220590945 0.0551571027899168 0.092379020098324 0.094005605675617 0.0825850099794462 0.0938056308127965 0.0918540365192605 0.108243181487193 0.127507884798689 0.104288948424232 0.100492307360457 0.100925493710136 0.109258590310357 0.0946525303045405 0.0944632436773931 0.0940221446849809 0.107879614057591 0.118380096288227 0.113789512283735 0.0900962931612633 0.101547226528846 0.111485038796269 0.0982366226289035 0.104042696056254 0.0553639769837612 0.0400611682528843 0.0410261009358559 0.0521453421356226 0.0515372053166192 0.0483446390136075 0.0453098673721243 0.0565386431618765 0.0486765118152498 0.0568302566487699 0.0548299044392428 0.0516270155739137 0.0636150261755156 0.0845250965765361 0.0791954206346778 0.0463935910272535 0.0906952044380163
0.081213470553479 0.0357048685239513 0.0466629513078876 0.064528394509634 0.0665688033715683 0.0886045309096374 0.0935586559095141 0.0802712228356684 0.0936542067979223 0.09063022031758 0.0984039952889288 0.084798391150021 0.0600836568999161 0.0901380416036534 0.117700155320419 0.125509907263122 0.11161549166448 0.101716643435101 0.100003882305554 0.099430638654948 0.10778822215289 0.108131585028166 0.0979935335557379 0.112761476715542 0.0828917614621238 0.0581006235091982 0.0828143796932193 0.116624194514117 0.102422375388742 0.0698372535044372 0.0810868947039783 0.0908786579142852 0.105619100675461 0.0529386682779086 0.062989790822857 0.0583054578625164 0.0825803575569932 0.0602769967738975 0.0591768883090122 0.0778816840331258 0.0542714771680958 0.0609579069963834 0.0590812052495115 0.139132394056234 0.0708373569150999 0.0532541694869041 0.169444679806893
