PPM-results/Best models/ASCII/Naja naja.asc
NCOLS 267 
NROWS 469 
XLLCORNER 376490.070567719 
YLLCORNER 381033.488324056 
CELLSIZE 919 
NODATA_value -9999 
[rows 294 to 314 of 469, columns 0 to 46 of 267]
-9999 -9999 -9999 -9999 -9999 -9999 -9999 -9999 -9999 -9999 -9999 -9999 -9999 -9999 -9999 -9999 -9999 -9999 -9999 -9999 0.0505345113525452 0.0467618549363401 0.0449939564327424 0.0312216338807167 0.0405315607650782 0.0560651446290109 0.0456629580398019 0.0655788374836936 0.0460064486804673 0.0413048101184267 0.037943633152824 0.0237834038645277 0.0357858739836395 0.0663235907495179 0.0380216008802383 0.0428077892900953 0.0524861144574874 0.0844747746359515 0.0921697492020038 0.139550601015441 0.139327936781756 0.141204995390577 0.0640382336077182 0.102949165306068 0.14137902947366 0.101973971740622 0.0867152596918771
-9999 -9999 -9999 -9999 -9999 -9999 -9999 -9999 -9999 -9999 -9999 -9999 -9999 -9999 -9999 -9999 -9999 -9999 -9999 -9999 0.0459209383893793 0.0457689460388077 0.0661515965069612 0.0572367268149699 0.0532718451676627 0.0477005913087955 0.0450828503037961 0.042422885040474 0.0461437832568903 0.053016309983295 0.0448477487703154 0.0251382500815231 0.0316976524757443 0.0666670241160433 0.047984433135455 0.0505952219409935 0.0480147928353822 0.0398916676382711 0.0420466688373272 0.111469389738927 0.127521066662306 0.0560393007747411 0.0513631315822085 0.123684298454874 0.179920860179338 0.166131978792285 0.132151222691866
-9999 -9999 -9999 -9999 -9999 -9999 -9999 -9999 -9999 -9999 -9999 -9999 -9999 -9999 -9999 -9999 -9999 -9999 -9999 -9999 -9999 0.0598983662454627 0.0668123814777757 0.0615191318889864 0.0650590173886404 0.0662259912091773 0.0705996075540678 0.0537199712564882 0.0430389212851006 0.0533120339911624 0.0507440774309718 0.0536506034614869 0.0661649105416703 0.0497769242736476 0.0419758780002309 0.0464343922434813 0.0341490649723484 0.0386840468011142 0.0918676237075606 0.0871411942542865 0.112301089555044 0.105240923934444 0.173025811498786 0.21486999862824 0.235405650352971 0.197852300813229 0.136453682526305
-9999 -9999 -9999 -9999 -9999 -9999 -9999 -9999 -9999 -9999 -9999 -9999 -9999 -9999 -9999 -9999 -9999 -9999 -9999 -9999 -9999 0.068335556392365 0.0731500073874829 0.0698787596331579 0.0727274740278517 0.0779172733026095 0.0813889408957661 0.0753650847537438 0.0520298113837446 0.0503641428144252 0.0449113759342029 0.0509693762750986 0.0511255055808627 0.0552006795990852 0.0446571800835716 0.0684262037332448 0.0434169217979949 0.0437394236691851 0.0812082542010317 0.115516671250948 0.152415897242932 0.149764562751945 0.203487935211211 0.234544441137622 0.201022609504279 0.213020643080389 0.205618427484031
-9999 -9999 -9999 -9999 -9999 -9999 -9999 -9999 -9999 -9999 -9999 -9999 -9999 -9999 -9999 -9999 -9999 -9999 -9999 -9999 -9999 0.0604823157545545 0.0617175118872918 0.0600709288237168 0.0608715860559286 0.0724211939554036 0.0860542984929394 0.0690407860958548 0.0673321927614228 0.0693850741687778 0.0743346877287 0.0823533052430404 0.0642313664136548 0.0935983072372379 0.0675451512312213 0.100149155958928 0.0707855899039049 0.0581620434158424 0.0610955059149912 0.107668096252699 0.1646787488198 0.119176277326109 0.18892211689733 0.179500009798284 0.183659381208076 0.197914350735414 0.186852687669205
-9999 -9999 -9999 -9999 -9999 -9999 -9999 -9999 -9999 -9999 -9999 -9999 -9999 -9999 -9999 -9999 -9999 -9999 -9999 -9999 -9999 0.0587726914856017 0.0593601963970795 0.0631293414679295 0.0717870943281472 0.0722226201061626 0.071613866488728 0.0752595593535614 0.0789652402715379 0.0612755449713728 0.0634603551574711 0.0678666970648431 0.0838995836645835 0.105887954300241 0.0635122763682739 0.100512362120879 0.10734516702831 0.0977155865598 0.103356507801478 0.094805884017364 0.132031616664639 0.130819369839248 0.196993312072233 0.189398690610946 0.154693346147703 0.158354802618158 0.169908794192198
-9999 -9999 -9999 -9999 -9999 -9999 -9999 -9999 -9999 -9999 -9999 -9999 -9999 -9999 -9999 -9999 -9999 -9999 -9999 -9999 -9999 -9999 0.0795747692927148 0.0787830644491623 0.0764766083953104 0.0925297920691423 0.0727964673380911 0.0719390073760633 0.0853266613835825 0.0816355457199899 0.0681643067136289 0.0860687139534185 0.093575415204032 0.089804521069059 0.0776548696271394 0.0754065952881675 0.132658574647202 0.153822373894327 0.165319091328322 0.16343193484804 0.171222715833279 0.133760996106204 0.191240080647628 0.195959963226125 0.154893735146613 0.152646280268414 0.174000088677992
-9999 -9999 -9999 -9999 -9999 -9999 -9999 -9999 -9999 -9999 -9999 -9999 -9999 -9999 -9999 -9999 -9999 -9999 -9999 -9999 -9999 -9999 0.0850713156444472 0.0741237426652093 0.078098074545624 0.0764483942727834 0.0677067832601329 0.079219202619906 0.0818738237653916 0.0789296245678358 0.0670566821192884 0.100321877142493 0.0992206187891041 0.0981167170138666 0.120308595886215 0.100979163985062 0.110320153278992 0.124726018136835 0.123861628003861 0.159944521272074 0.159362827482959 0.204404532925687 0.210693815055493 0.16982797597489 0.212137000024954 0.228547468595796 0.220563805929696
-9999 -9999 -9999 -9999 -9999 -9999 -9999 -9999 -9999 -9999 -9999 -9999 -9999 -9999 -9999 -9999 -9999 -9999 -9999 -9999 -9999 -9999 0.0713861224793915 0.0748508510901965 0.0757270749416438 0.0778175722418995 0.0810994950147884 0.0810957413557638 0.0988198848483148 0.102679465786297 0.0856112257455472 0.101049849085284 0.0885912256863345 0.107403507348501 0.109671360631963 0.105209934218976 0.125183832366734 0.118774380279706 0.114260913701934 0.151560292081901 0.186367425909115 0.172058407216387 0.136098900068644 0.133521246555974 0.229156301515886 0.19088311296124 0.174102300989457
-9999 -9999 -9999 -9999 -9999 -9999 -9999 -9999 -9999 -9999 -9999 -9999 -9999 -9999 -9999 -9999 -9999 -9999 -9999 -9999 -9999 -9999 0.0896170672143931 0.0796038293102333 0.0723396223628695 0.0766387118344516 0.0864205269672028 0.112712238577915 0.101857608310862 0.0965293245711771 0.0788880964105997 0.0814838221173062 0.0853859885812635 0.0968139329901725 0.105691345394574 0.102272933940254 0.0461239487816222 0.0937309188999587 0.129688381801472 0.148048946726802 0.150771001563637 0.120777309825536 0.157762411781964 0.150552143857414 0.141644446650037 0.228054276570161 0.190586133327995
-9999 -9999 -9999 -9999 -9999 -9999 -9999 -9999 -9999 -9999 -9999 -9999 -9999 -9999 -9999 -9999 -9999 -9999 -9999 -9999 -9999 -9999 0.0854380728030803 0.0954089542778249 0.100017213963076 0.102300910154814 0.0918353915838242 0.0821305969523249 0.0887268949069931 0.0846171581481047 0.098859500930414 0.0854560745058669 0.112416792129342 0.121101966085532 0.105208127880713 0.116192039098958 0.102201702532849 0.152942554989166 0.186900797946844 0.19805854058583 0.135530546748457 0.126432461488163 0.166545462837789 0.0686941497831901 0.137895149271565 0.260845501650271 0.25563501759955
-9999 -9999 -9999 -9999 -9999 -9999 -9999 -9999 -9999 -9999 -9999 -9999 -9999 -9999 -9999 -9999 -9999 -9999 -9999 -9999 -9999 -9999 0.0681594472231312 0.0698705429969129 0.0730162061849304 0.079891521721385 0.0795881450072669 0.0898754969456847 0.0766552420324093 0.0927365340918944 0.0723564917999645 0.087753772021995 0.13452164074304 0.121144613291351 0.136979106675676 0.132691326643902 0.158034085056715 0.165501223093666 0.165751942844567 0.169747087266334 0.148402231245415 0.179867463058003 0.0965372724595341 0.0849743196854286 0.171126230935818 0.189155372441221 0.195296534833462
-9999 -9999 -9999 -9999 -9999 -9999 -9999 -9999 -9999 -9999 -9999 -9999 -9999 -9999 -9999 -9999 -9999 -9999 -9999 -9999 -9999 -9999 -9999 0.0805069103276588 0.0792659911866201 0.0817577158664101 0.11062121259329 0.0931114241784139 0.104921061079399 0.125550792187709 0.102732351846074 0.115480465183033 0.136958972612599 0.128061760978554 0.154392084171063 0.133753048217847 0.144882744151024 0.148821601310235 0.16814896253094 0.125317043205074 0.141442383483957 0.16904691530998 0.147501784838432 0.129675384977384 0.136936203939079 0.144210495540794 0.165496482557152
-9999 -9999 -9999 -9999 -9999 -9999 -9999 -9999 -9999 -9999 -9999 -9999 -9999 -9999 -9999 -9999 -9999 -9999 -9999 -9999 -9999 -9999 -9999 0.0775990053120796 0.094726290585513 0.101646628001746 0.0827386104116421 0.0873040995313883 0.0936161943917444 0.0951263812936526 0.0985951411227762 0.112688500649718 0.110400918627862 0.106097930109054 0.0890414268613109 0.117052138077131 0.138831889860525 0.134637731019209 0.136328075931482 0.128492806156537 0.179814418392915 0.16045692216314 0.199872826737162 0.206914356233732 0.178589262857498 0.126028291098971 0.140636078140396
-9999 -9999 -9999 -9999 -9999 -9999 -9999 -9999 -9999 -9999 -9999 -9999 -9999 -9999 -9999 -9999 -9999 -9999 -9999 -9999 -9999 -9999 0.0216977572433636 0.0556859193306602 0.0945445641448516 0.100688528564253 0.102379886788234 0.0833543426627562 0.071677634635114 0.0815962644713248 0.0899509578280462 0.0638959778609543 0.114057969395237 0.102467674827815 0.0794406420681343 0.080294863838398 0.121543347042941 0.145931398409633 0.141485647488206 0.171183311224928 0.209100448479426 0.186199603867375 0.207753290214306 0.204084872732984 0.203475652111023 0.196255885490631 0.159824421806101
-9999 -9999 -9999 -9999 -9999 -9999 -9999 -9999 -9999 -9999 -9999 -9999 -9999 -9999 -9999 -9999 -9999 -9999 -9999 -9999 -9999 -9999 0.0175495113352748 0.0469800914384289 0.0817950497943136 0.0756042968081985 0.0953445252759768 0.0940596900866323 0.0804782115777929 0.0850763910143959 0.0871090061875809 0.0664199346644807 0.108695083263559 0.0975032492941359 0.0766224547900848 0.0680310782524768 0.0908768251418037 0.121228541935033 0.0968184620529392 0.141877693382521 0.153298747271812 0.15750164702804 0.19016877226378 0.235430991957089 0.201270721078956 0.244027188333867 0.18413958522103
-9999 -9999 -9999 -9999 -9999 -9999 -9999 -9999 -9999 -9999 -9999 -9999 -9999 -9999 -9999 -9999 -9999 -9999 -9999 -9999 -9999 -9999 0.0372328831033744 0.0731703397071991 0.0817752329418578 0.0883415985497976 0.105815780072378 0.12539926243596 0.114845779597267 0.10249371253302 0.12814829779846 0.104455228469893 0.109232843381555 0.105076820306104 0.0917214336679459 0.0919721181732221 0.119311444296616 0.107992893495194 0.128465975424777 0.148056348307977 0.151290416334007 0.147263824003652 0.148645320318581 0.200739551892768 0.229543615685092 0.254162490647574 0.206938499486612
-9999 -9999 -9999 -9999 -9999 -9999 -9999 -9999 -9999 -9999 -9999 -9999 -9999 -9999 -9999 -9999 -9999 -9999 -9999 -9999 -9999 -9999 0.0748731615705958 0.0897922820259016 0.0877512167142083 0.0892484684718724 0.12218257050288 0.109589300006387 0.122707025397574 0.0828425145130909 0.0928430551809729 0.111213929451512 0.100125858601039 0.112574093352125 0.116624317873803 0.102035986417182 0.114760978624375 0.127179272217326 0.159174051917369 0.130936535106968 0.142173404173279 0.161196745447217 0.144445830576538 0.167618374897559 0.17575096795059 0.163731364052198 0.179487286127787
-9999 -9999 -9999 -9999 -9999 -9999 -9999 -9999 -9999 -9999 -9999 -9999 -9999 -9999 -9999 -9999 -9999 -9999 -9999 -9999 -9999 -9999 0.0971750420374565 0.108511946997912 0.109747262084632 0.100888908751756 0.106236480659527 0.122794575529188 0.10104678271594 0.11179166691926 0.0991778306007871 0.102163557955579 0.140369938428713 0.137753902430806 0.129618022723277 0.120867459321967 0.134251368481868 0.110444006403989 0.145139473280926 0.180323664800575 0.113392558436188 0.149675743777843 0.159528781506593 0.149163096167405 0.171041059883867 0.186998463572731 0.253382434482966
-9999 -9999 -9999 -9999 -9999 -9999 -9999 -9999 -9999 -9999 -9999 -9999 -9999 -9999 -9999 -9999 -9999 -9999 -9999 -9999 -9999 -9999 0.0929700187323446 0.101879231501581 0.101565818595845 0.094290733967576 0.0945710071747403 0.123248636100063 0.103237307098934 0.110973289949259 0.129827293619597 0.130480826803141 0.13605617356017 0.130866052669088 0.143348669527014 0.13404845060939 0.130986407665839 0.124922750402188 0.149506705762053 0.152025869160628 0.177674039722383 0.189413335167986 0.184371307580248 0.15506055268805 0.211935500788868 0.116416588973561 0.160216969950567
-9999 -9999 -9999 -9999 -9999 -9999 -9999 -9999 -9999 -9999 -9999 -9999 -9999 -9999 -9999 -9999 -9999 -9999 -9999 -9999 -9999 0.0582715295430941 0.0797390579605838 0.095491129451681 0.0910829856117491 0.0801107318838547 0.0951370959635442 0.108097414395074 0.159412770533079 0.143318076324823 0.133057775403319 0.135158115044257 0.14307174465419 0.109753500560194 0.110970540790537 0.122694460332389 0.140072139334695 0.144073337192494 0.162423522281367 0.146844559675706 0.160567628670145 0.171126125198944 0.182224901907902 0.186556219097517 0.178429159607555 0.163503095764195 0.192287686348904
