PPM-results/Best models/ASCII/Naja naja.asc
NCOLS 267 
NROWS 469 
XLLCORNER 376490.070567719 
YLLCORNER 381033.488324056 
CELLSIZE 919 
NODATA_value -9999 
[rows 168 to 188 of 469, columns 0 to 46 of 267]
-9999 -9999 -9999 -9999 -9999 -9999 -9999 -9999 -9999 -9999 -9999 -9999 -9999 -9999 -9999 -9999 -9999 -9999 -9999 -9999 -9999 -9999 -9999 0.104748762843329 0.110344419891559 0.102610128831217 0.0821923737209187 0.0903787692199678 0.0897731260289079 0.104362735139423 0.101791707804185 0.111518116814997 0.118891580793052 0.115028017099485 0.116437859708034 0.120693072782638 0.116171940281505 0.113820880889667 0.106505766043209 0.0955493992806227 0.0843012428030197 0.0932311535653276 0.102580319844175 0.116133875006891 0.12067741491389 0.110056516006659 0.108446390136075
-9999 -9999 -9999 -9999 -9999 -9999 -9999 -9999 -9999 -9999 -9999 -9999 -9999 -9999 -9999 -9999 -9999 -9999 -9999 -9999 -9999 -9999 -9999 0.0883195788458017 0.0885441022861863 0.0443580284387076 0.103630771629641 0.0851377184012754 0.092930490764307 0.1040968245243 0.11489507060333 0.114567383219615 0.126340919789558 0.11954388919114 0.107913317686156 0.103882865959903 0.117468811851666 0.10875255125454 0.103639644715645 0.0992592479937133 0.0592375592461327 0.10770646992653 0.0901025140140128 0.0897983795189649 0.0871721487241295 0.103032142317885 0.107106421978382
-9999 -9999 -9999 -9999 -9999 -9999 -9999 -9999 -9999 -9999 -9999 -9999 -9999 -9999 -9999 -9999 -9999 -9999 -9999 -9999 -9999 -9999 -9999 0.0975806927428836 0.0928389050086711 0.0662045750865033 0.101372910480766 0.10574141180438 0.0902319095134849 0.0947386529883567 0.101669987039479 0.114283673564047 0.119376437228459 0.123053921646721 0.103739574872915 0.0998859592569038 0.104255218361448 0.104492333301236 0.0994799825294488 0.110326083355338 0.104942076283092 0.0741819948713387 0.119822655647851 0.106462449170522 0.106239441291997 0.0913916756037822 0.108227453127196
-9999 -9999 -9999 -9999 -9999 -9999 -9999 -9999 -9999 -9999 -9999 -9999 -9999 -9999 -9999 -9999 -9999 -9999 -9999 -9999 -9999 -9999 -9999 0.0840286707648399 0.0996327899350903 0.0917956345192264 0.0905993099047677 0.0923783856770804 0.0980805109459517 0.0986600195063385 0.100583214637818 0.102147018946215 0.121775774314652 0.117799574416132 0.111143949263782 0.105116348274142 0.109543982944501 0.107506909199799 0.111475064284495 0.109807470422929 0.0911140986869031 0.103539961277747 0.0969935975617923 0.122228803951006 0.11010289924869 0.119480173913191 0.109402392458903
-9999 -9999 -9999 -9999 -9999 -9999 -9999 -9999 -9999 -9999 -9999 -9999 -9999 -9999 -9999 -9999 -9999 -9999 -9999 -9999 -9999 -9999 -9999 0.103639027917213 0.109149469856461 0.0877840832591883 0.0890167637354666 0.0688074776835279 0.10132348730361 0.10934639597275 0.0972051858579328 0.0963356498637616 0.108775275871029 0.13062742216744 0.123391266331589 0.119765707529833 0.0954674267691083 0.107842606151715 0.113573958854822 0.11611728312909 0.107033754311773 0.0866991964984459 0.104543289663065 0.117424217325085 0.133910499234536 0.118546719978729 0.110829100098843
-9999 -9999 -9999 -9999 -9999 -9999 -9999 -9999 -9999 -9999 -9999 -9999 -9999 -9999 -9999 -9999 -9999 -9999 -9999 -9999 -9999 -9999 -9999 0.122764845844802 0.118128698059052 0.0853412002037479 0.0924812324097899 0.07898332127698 0.129216345962029 0.132548625921127 0.121289331826136 0.108930629773051 0.0979594510367078 0.100330371338032 0.130112915350301 0.109765034690859 0.118791853298123 0.107839936295648 0.114604576165019 0.121252438468541 0.119070998645299 0.107449053506947 0.115801323726974 0.132925498574033 0.117288089911307 0.130484739067477 0.134957074001291
-9999 -9999 -9999 -9999 -9999 -9999 -9999 -9999 -9999 -9999 -9999 -9999 -9999 -9999 -9999 -9999 -9999 -9999 -9999 -9999 -9999 -9999 -9999 0.115793411084241 0.0978088024255757 0.0963349008942379 0.0938957803092282 0.100004684143515 0.125980674260078 0.123118958635594 0.121070121663667 0.100297284507898 0.0902005673417708 0.0948838120934505 0.101086451666477 0.111726850215541 0.106199287714122 0.10741124376311 0.115813906414972 0.133063256097951 0.126752271474771 0.110946168441096 0.11877414237174 0.120408111907396 0.111189239891449 0.109095121103261 0.109467640921524
-9999 -9999 -9999 -9999 -9999 -9999 -9999 -9999 -9999 -9999 -9999 -9999 -9999 -9999 -9999 -9999 -9999 -9999 -9999 -9999 -9999 -9999 -9999 0.122272420411503 0.118264966455329 0.0977788877016596 0.0940100642471344 0.0911013221479699 0.087498223620518 0.106501527756846 0.0995237047268189 0.0998799498779021 0.120993057105384 0.113317256159138 0.108194842112995 0.103952035498265 0.110124663421907 0.10808280508366 0.114364879483226 0.129910993166719 0.118205489463743 0.13373830673534 0.121949350204615 0.111398422673708 0.110106247583031 0.096621791467429 0.109600428812368
-9999 -9999 -9999 -9999 -9999 -9999 -9999 -9999 -9999 -9999 -9999 -9999 -9999 -9999 -9999 -9999 -9999 -9999 -9999 -9999 -9999 -9999 -9999 0.125751789173644 0.116806775661176 0.104181325909383 0.0905245891805237 0.0961308815959896 0.117441267396007 0.112060811320443 0.0925142135030499 0.0860718420026056 0.0898939920872163 0.0680783910978575 0.111810849350472 0.111386439161329 0.11164190826015 0.108662128604517 0.122018933879067 0.13237668895271 0.132460635219205 0.124602596770739 0.114761128418279 0.119662067770569 0.132821550415553 0.117746089180735 0.111718135734848
-9999 -9999 -9999 -9999 -9999 -9999 -9999 -9999 -9999 -9999 -9999 -9999 -9999 -9999 -9999 -9999 -9999 -9999 -9999 -9999 -9999 -9999 -9999 0.120288911204852 0.122699447588276 0.104266435281491 0.0910486651847526 0.102516366658259 0.0989528137216574 0.0827054707130711 0.0967997466262536 0.0625134373943953 0.0671108414272561 0.0813118146576402 0.123093722768349 0.113998615763338 0.110596752129787 0.112969408278126 0.115868440207701 0.131586006232272 0.121364872011153 0.137295259928728 0.134232582563933 0.132596145834552 0.126639309247789 0.108235718226175 0.0853840060148773
-9999 -9999 -9999 -9999 -9999 -9999 -9999 -9999 -9999 -9999 -9999 -9999 -9999 -9999 -9999 -9999 -9999 -9999 -9999 -9999 -9999 -9999 -9999 0.108697850045093 0.118148523722914 0.104926920664496 0.0912807840572479 0.066877585883366 0.0995153427023723 0.066515102256721 0.0976452627272303 0.0683804945637854 0.0741734301845503 0.0819387109603601 0.107387646817412 0.107486123092665 0.104093203036368 0.0870991286012746 0.131188576568793 0.110578151251382 0.107161792854697 0.101983391133808 0.112317778358312 0.110296247934078 0.107397392232626 0.107365785718727 0.108371316955584
-9999 -9999 -9999 -9999 -9999 -9999 -9999 -9999 -9999 -9999 -9999 -9999 -9999 -9999 -9999 -9999 -9999 -9999 -9999 -9999 -9999 -9999 0.0908832398454888 0.101103995176143 0.0932172315435934 0.0961469271666085 0.0784705767410739 0.0448247510002356 0.0917699845158922 0.0741206762958653 0.0879545046657453 0.0937367696736495 0.062931062800795 0.0858497769445399 0.10180711895356 0.119961417672072 0.0974195585584201 0.123638258857684 0.129647241346107 0.12750542641637 0.110243485233987 0.116862780958735 0.110069125128876 0.0867057433732234 0.109218595337793 0.122446974367549 0.119281062568174
-9999 -9999 -9999 -9999 -9999 -9999 -9999 -9999 -9999 -9999 -9999 -9999 -9999 -9999 -9999 -9999 -9999 -9999 -9999 -9999 -9999 -9999 0.141336955009242 0.129556281200308 0.145856889159137 0.0843159226056837 0.0826277629221386 0.063557364333599 0.0801325577369151 0.108123786933714 0.0956925670079242 0.0896763679778556 0.0407100313911631 0.0666293994117364 0.0990302219247805 0.115562349580485 0.115416582488366 0.129346860510083 0.143414244011663 0.102400038474124 0.10380394219492 0.110923073745548 0.109002416299043 0.095001999484286 0.107411102780612 0.124512905467428 0.114906261089155
-9999 -9999 -9999 -9999 -9999 -9999 -9999 -9999 -9999 -9999 -9999 -9999 -9999 -9999 -9999 -9999 -9999 -9999 -9999 -9999 -9999 -9999 0.126867383684857 0.108014534308725 0.128942487458549 0.151896253376002 0.0755040141946819 0.085432468748762 0.0700958991151797 0.0736223031634076 0.103967411402016 0.0937292447327881 0.0438492930926048 0.0384071836081341 0.0675311983695656 0.0942604315417888 0.102674716438376 0.118572096828472 0.130394175434956 0.112339234132314 0.110689809390252 0.090484558962335 0.106029703391151 0.0931101729587391 0.133093629014988 0.121109279552646 0.110793924965449
-9999 -9999 -9999 -9999 -9999 -9999 -9999 -9999 -9999 -9999 -9999 -9999 -9999 -9999 -9999 -9999 -9999 -9999 -9999 -9999 -9999 -9999 0.0741609444220204 0.0423780658230368 0.0765426851301106 0.0956125858742022 0.0850258047316264 0.0980568258861913 0.0990932675358614 0.102882022391122 0.0991266363309925 0.119072364413254 0.0976679697209068 0.0646446345797079 0.0913869615014862 0.099960635924117 0.114332365394492 0.119855980385951 0.130707535472254 0.0988376045861043 0.104434548099633 0.098675492335557 0.0990248381556162 0.11620123820699 0.121263761125458 0.106859288469789 0.133845286017539
-9999 -9999 -9999 -9999 -9999 -9999 -9999 -9999 -9999 -9999 -9999 -9999 -9999 -9999 -9999 -9999 -9999 -9999 -9999 -9999 -9999 -9999 0.0693864751823573 0.045708759729026 0.0730864463091416 0.0833654186003004 0.116952780661261 0.0975328644302425 0.0939356695449184 0.1011700102311 0.111239235810006 0.105392303892287 0.0956182427969574 0.106600365299752 0.110255125101525 0.107435739472238 0.127079650459272 0.134749917842449 0.124711743658854 0.12312378728617 0.119867329477086 0.100630399717809 0.121007428508832 0.131102356959509 0.113528509621844 0.109479280789062 0.135360935991267
-9999 -9999 -9999 -9999 -9999 -9999 -9999 -9999 -9999 -9999 -9999 -9999 0.0594784278449458 -9999 -9999 -9999 -9999 -9999 -9999 -9999 -9999 -9999 0.115340689847103 0.0896561546121226 0.10393802536247 0.107508609801188 0.0928338296387225 0.0776665976087395 0.105558768977478 0.0972184117785802 0.0834165688130641 0.0936900780324031 0.10397738591379 0.0936656263803068 0.120421152788514 0.121994394112909 0.143764065647655 0.121107667065318 0.120798888959223 0.0994883709881139 0.108796484925658 0.109335778228327 0.133911045541718 0.117928388362797 0.107256004409369 0.116679882601054 0.140166994122017
-9999 -9999 -9999 -9999 -9999 -9999 -9999 -9999 -9999 -9999 -9999 -9999 -9999 -9999 -9999 -9999 -9999 -9999 -9999 -9999 -9999 -9999 0.143046015348201 0.163558008447389 0.104150415496571 0.0876383866583186 0.0624617320630434 0.0734469473694005 0.0790890140938794 0.110859120559633 0.0974807890198319 0.0988774321419513 0.101462073099707 0.104716363302876 0.1043501172058 0.100054680062072 0.104495593521516 0.129878734608764 0.138239120133866 0.117773439785458 0.105517487539614 0.106881942595028 0.110819495666128 0.141153977348906 0.123757635788351 0.107890575446855 0.104087775210173
-9999 -9999 -9999 -9999 -9999 -9999 -9999 -9999 -9999 -9999 -9999 0.108107485832316 -9999 -9999 -9999 -9999 -9999 -9999 -9999 -9999 -9999 0.154860146066327 0.124898712886181 0.16662858964351 0.103663876082587 0.0892105706139746 0.0689375296327589 0.0787494577460649 0.0978243281232311 0.135193316611869 0.144114733178638 0.13669631340635 0.134391408159982 0.106594858170902 0.112234528192905 0.105223265876497 0.104888529367853 0.106053124108726 0.124797954456732 0.148221103980373 0.129682442913719 0.117726325196716 0.138967929160242 0.11977806112127 0.114755207153339 0.10215790984423 0.0926307795951518
-9999 -9999 -9999 -9999 -9999 -9999 -9999 -9999 -9999 -9999 -9999 0.249523496777634 -9999 -9999 -9999 -9999 -9999 -9999 -9999 -9999 0.169133654792228 0.166174784603414 0.101233284938741 0.0990076118565717 0.0705410733829413 0.0738937209073803 0.065433691595709 0.0467529950674453 0.0699766763841203 0.0455833998535756 0.0918990187477117 0.123720125632324 0.101471245773521 0.127165737897463 0.115836639842867 0.109662787133768 0.113929208317009 0.113582021291459 0.103957243039306 0.0845057291057945 0.105882182829206 0.102327300316266 0.10131081650155 0.103960600185054 0.106868293726885 0.0985598250068835 0.101429303480195
-9999 -9999 -9999 -9999 -9999 -9999 -9999 -9999 -9999 -9999 0.804649010676464 0.416759174682814 0.163610735901856 -9999 -9999 -9999 -9999 -9999 -9999 -9999 0.14780272960445 0.162021034870752 0.118290202322574 0.154120305159438 0.152940792707934 0.118974205348622 0.0762697077672475 0.0486602988279138 0.053672742119466 0.0307076050823627 0.0864721441844931 0.106467031101726 0.117084828393988 0.122757065373162 0.121570151340483 0.107060831762906 0.0875396107952555 0.104641149139887 0.102178898613705 0.0956125594399837 0.0977031360428948 0.0833657886793591 0.0995844858065165 0.110824571036076 0.0885367888190728 0.0848600093133039 0.112362822266607
