PPM-results/Best models/ASCII/Trimeresurus trigonocephalus.asc
NCOLS 267 
NROWS 469 
XLLCORNER 376490.070567719 
YLLCORNER 381033.488324056 
CELLSIZE 919 
NODATA_value -9999 
[rows 357 to 377 of 469, columns 94 to 140 of 267]
0.215343892707878 0.217409962522587 0.209913625696259 0.223690016776851 0.127811411049373 0.215178886167412 0.193660748403608 0.175952122619079 0.199584807097531 0.188026999426535 0.19544967770336 0.196744281434244 0.275730004453326 0.16997391003143 0.224138873006752 0.313605251963136 0.162363979940672 0.147254963507786 0.151323223609916 0.150205763440701 0.1356813349983 0.15814355326992 0.153006745905873 0.204516370670465 0.167467508375612 0.294430466898748 0.316050701569655 0.15253413172391 0.140238101305758 0.16207457783098 0.223408783131576 0.120092852839223 0.289404921494472 0.133903474946626 0.139211624305022 0.162340987226017 0.161989476312806 0.163424723560656 0.162538276107338 0.195853901016577 0.142596536300585 0.117055047192725 0.114371751122301 0.167513137880547 0.153272229897534 0.169446163163706 0.133173046943293
0.275868797163539 0.217372608259382 0.208196753286321 0.223917043139743 0.197136545688446 0.196095253335581 0.159480565390142 0.191661378816862 0.175726626731003 0.209037126329235 0.208029611199602 0.27050613798704 0.159649487098738 0.175433932320838 0.237967584970538 0.199863317921333 0.335562119908359 0.21757806560512 0.124986154541794 0.142366235433439 0.191633865862638 0.202757392406909 0.194253522654729 0.17133197507846 0.155641458299046 0.202870843301589 0.296567846162082 0.17125493524739 0.12546699947494 0.2095442473794 0.209132122545047 0.183057690073582 0.22432678328078 0.15385260018417 0.240717118567236 0.286523535712882 0.180371831347655 0.136324365771237 0.150905208227149 0.16247353346344 0.220083025767216 0.202725501582867 0.158601432182739 0.156912499836275 0.156834499009391 0.134711627935451 0.141776433150853
0.241639674548446 0.218685043801477 0.226900063126747 0.223337758422452 0.211784951488931 0.191190579849213 0.185907665529037 0.202768372673892 0.211871156372669 0.210348600875517 0.256646496195026 0.201331007676007 0.257316150111248 0.176191802093519 0.170790578510938 0.164318912369141 0.160845108260805 0.261307450465293 0.227860880978319 0.140285198998742 0.130754683181748 0.138618885646339 0.22730145684118 0.160213556048977 0.242218247416986 0.215697396797592 0.160164527466257 0.282610503129002 0.251530990904851 0.186842287346575 0.187426572801341 0.197460899571809 0.178577225054115 0.216602370114653 0.154915959848314 0.273098886896345 0.255488709794071 0.26278192057932 0.13557833048404 0.22511136517784 0.148272079697447 0.217082654466908 0.158451321077386 0.14221534129446 0.131511867800006 0.17082695398211 0.158101803340678
0.209743262493942 0.223373315267561 0.228698513403542 0.220402610263948 0.208848931315707 0.174952562399238 0.168084948185953 0.080693670625305 0.112964915537722 0.215965372259881 0.160467881811467 0.206447313796027 0.246807447333158 0.174978260139146 0.169330879258493 0.1405848072399 0.164090444512529 0.142829373128906 0.247881324562597 0.190326146318518 0.145239150214893 0.151899945671703 0.135307587709732 0.161096533239635 0.141406165023055 0.190000653477153 0.187507029506415 0.159329350919225 0.181680262740527 0.37598769014192 0.235521352330393 0.193832464118552 0.221636083983346 0.137046643106371 0.216775100214067 0.101528397995776 0.124905573263189 0.147945430101863 0.162186516047064 0.0983889848381911 0.149769453545035 0.154318060286186 0.145001953312973 0.133541918067917 0.0980015967479332 0.175069270001953 0.154254047287258
0.229731993216366 0.225616884568315 0.2193126096603 0.211673031069066 0.188754562238645 0.199052735748646 0.184853186178061 0.203967392913745 0.223503957309576 0.165672563953915 0.238818066265715 0.243127705381178 0.175434875520433 0.234997538427019 0.181573556612762 0.174708860979356 0.259299236157816 0.20038433781836 0.197920095404817 0.271507904938009 0.182591571511471 0.135282450550715 0.134531423424152 0.158191798819014 0.142159292103433 0.161905051050945 0.158692513230421 0.158142022795105 0.131403239680613 0.191118273812337 0.324233652108695 0.227201709034955 0.128195230997767 0.149480353971062 0.161550763927606 0.180773812337307 0.120261080495287 0.111697931538373 0.187994058625585 0.151581322170786 0.153624256901089 0.141704856758947 0.124641130350326 0.119281033829331 0.0929787474708014 0.160832597519008 0.125828173734945
0.242554987468615 0.245191016781977 0.247360820755915 0.224140154334504 0.189389175400102 0.185917097524987 0.198165131541107 0.217401028820763 0.182263782957885 0.191120106822871 0.156498862323326 0.219150966605182 0.225158703119777 0.179402631477041 0.185536489794082 0.185641754428126 0.264599110274483 0.240302822594193 0.156311058826611 0.162149944817485 0.191116796726179 0.255561460736416 0.201763331218668 0.141084667432806 0.189539304301674 0.143865291023701 0.23776880120684 0.165300124687427 0.172707516012326 0.244396931704092 0.167993706972302 0.215879754651362 0.148067823596476 0.14166810756718 0.114186278930245 0.178444999148629 0.174522356606611 0.162049983456635 0.17379872675885 0.141555608770204 0.134316560776792 0.111537560912898 0.121203390279335 0.100256769183327 0.0960066762158804 0.121016191854058 0.0834554302243007
0.208230103400302 0.208549047233158 0.206472157317435 0.174148831770778 0.203356003817787 0.21480562827486 0.216645276798116 0.225999948177411 0.228231077921242 0.209507266836789 0.250630164106764 0.196555499145497 0.171343684990413 0.183570541506192 0.184439210536956 0.172992380086231 0.155200023092373 0.227730577064461 0.204712396020253 0.193609762236822 0.146613018304194 0.160074709950108 0.171881059612492 0.170890290724725 0.165494726339714 0.211353838089147 0.241131681483561 0.230310850824406 0.160520629803911 0.181246835832302 0.222477951908637 0.156254573628225 0.32860767794368 0.169347091613795 0.179256916037725 0.171472885538707 0.163595620649536 0.140425281934816 0.13988148287776 0.130797055978647 0.172117642544865 0.26626449822351 0.275662966097207 0.242068403254914 0.126682312153081 0.10890276843674 0.168553042128348
0.238380777578017 0.179580771626962 0.208383649175878 0.225117807409036 0.211659274591954 0.167158174500894 0.169983146268973 0.220149120923741 0.196320090763563 0.166855051506528 0.19588707316837 0.180001118314388 0.122218895911198 0.176578585112338 0.223161059766252 0.169633610736046 0.168998481484245 0.162425252321908 0.143618973559659 0.25616580252974 0.150539923040608 0.145222866674715 0.152908404000932 0.226695620165479 0.28870698938662 0.15632267975747 0.163114909188031 0.169310217848497 0.173687553780173 0.161431119948792 0.232454939262217 0.139668115112777 0.209299104465797 0.402670842276526 0.408574061598266 0.334616179695682 0.213496538421894 0.174854238290515 0.238808776639516 0.22521422732235 0.198633866147378 0.131843571521722 0.129455425739654 0.0871314349703387 0.111576757084746 0.140766657901436 0.12311254193501
0.190166193904183 0.247587526786868 0.139954696521793 0.228736223591123 0.206814271827134 0.18117636280596 0.121820082648487 0.186335059519098 0.195724042008188 0.217846717323722 0.173451967436052 0.151706536366075 0.204119675157788 0.146336607434207 0.207475276781031 0.170222558800131 0.185382908426068 0.22839113711289 0.210110558653205 0.141906745962821 0.229522104612153 0.144249280036173 0.170815279662595 0.237271663835407 0.268237636183785 0.212425864511834 0.123870126968191 0.160684105869563 0.221255956750348 0.167784654790372 0.202086902068405 0.15413390501432 0.188223914587262 0.14996407299354 0.210369920745607 0.172813830623278 0.194083088267537 0.191110941770203 0.14140333542427 0.142438817311706 0.145414416275482 0.10274799956264 0.0860398682994389 0.132816686560466 0.129074773518201 0.135680000281892 0.135912579065041
0.119256350473892 0.188697721115883 0.200847075098904 0.206688861873438 0.208036178004329 0.203109490595339 0.162321963068148 0.179654447972683 0.195228381722913 0.278377014033671 0.281978452623049 0.270255691800243 0.253573943431373 0.181449944077162 0.160127867255584 0.190683992685612 0.187489197695205 0.168349204238518 0.141843133378816 0.165174981677013 0.141792618811828 0.167935015042788 0.169652617097696 0.15137670124733 0.182281632565315 0.215961724035032 0.223923129446563 0.182502839564667 0.218272812189812 0.146105514635326 0.202192184498668 0.190898721861331 0.213876024991016 0.13217756205755 0.154678255754158 0.0971626385044115 0.150941886234041 0.127598719540704 0.146691197093265 0.145281104800651 0.140513186357447 0.131901667277907 0.140815882242563 0.133235395995765 0.153484574379937 0.167018474183524 0.0915836751868318
0.207550768341068 0.192340162193314 0.131924384151172 0.200794238125366 0.208722026479635 0.230914267214354 0.216171523658151 0.206217012928882 0.198257849840916 0.122238872166771 0.203588048714373 0.171157073840356 0.162589155496811 0.201206950234939 0.249426730404655 0.191339925717159 0.201495266775285 0.180525270345919 0.178338720130115 0.156359411153018 0.251013761602423 0.245082442051241 0.22709834859632 0.135601768104165 0.175842942816905 0.181521734023694 0.213359454148683 0.173083745873413 0.151520423510143 0.180613254851534 0.173189829133521 0.163380019459097 0.231885300095502 0.14749877170498 0.120992264837918 0.16039413428087 0.160610696467123 0.136990843062407 0.14504580319603 0.0736835353939741 0.0811369388425111 0.130924120980688 0.100446298913263 0.0978076624538508 0.179747824732587 0.210950896103682 0.193816589891406
0.162708176607967 0.219284811966576 0.195026661583117 0.195097383756523 0.199609526045407 0.238991116697067 0.177474179822106 0.225326379093059 0.200731880174784 0.195525560780209 0.218499696182953 0.19989398080628 0.195196312936684 0.192578044249657 0.1866370791479 0.196346518148442 0.122765702529227 0.195719343806432 0.255118939960398 0.237609969954288 0.262846930166499 0.202477760421323 0.132149212681044 0.192522626824397 0.179230364079315 0.184828413841529 0.269612874581931 0.214288060844275 0.222358379114699 0.220675301724212 0.195798999681661 0.165574542380912 0.247206883463526 0.203601075546515 0.19809718557783 0.171344076507226 0.154406151569114 0.150058891247165 0.126572340419171 0.164235145567375 0.107806806099803 0.0443729539687276 0.04445532376732 0.108069211345616 0.126833615605091 0.185473526772062 0.150728064665479
0.182600024715389 0.212703129600323 0.221968819885751 0.217526776902615 0.139761874491384 0.148981517060737 0.203798239854304 0.175970381539541 0.2076419917585 0.216780100951542 0.195745219508528 0.209148032364631 0.20361435152572 0.198117846987826 0.209873477426707 0.244843332055802 0.188190155160249 0.203129991839366 0.187107949300424 0.188381606881812 0.183543242106594 0.180738789378761 0.228032418731075 0.289436420801701 0.244543216622409 0.206373744227618 0.163430026833851 0.171207650694109 0.189710859850648 0.225141138251848 0.130019085376861 0.180855817313414 0.187595085196906 0.208811915180659 0.198082735048186 0.179388430094459 0.0941673480245628 0.140976893531914 0.129668677829214 0.127266152702377 0.0398880132002385 0.028913576703269 0.0761263333638954 0.168782702331618 0.171139384398895 0.108666425753321 0.131941041411943
0.198405825400016 0.218764824250238 0.16865108149757 0.121620462462507 0.20280423205472 0.169883202704342 0.204831897629316 0.204170750305668 0.208078248265509 0.230953543469186 0.230316421040882 0.13955838362782 0.205991463652149 0.232588428699236 0.208631176782797 0.20208058441074 0.203547633501538 0.202021750111476 0.2219919015815 0.203447049273032 0.198901521277729 0.205886893070636 0.195427503614768 0.196580894349686 0.213212635343803 0.173924065527671 0.196167505983801 0.196861202591585 0.176909754947491 0.202749989179899 0.191436576981317 0.228314915907883 0.131505238708513 0.170306201028365 0.244785565529664 0.167522712246247 0.194267546075122 0.221619408926356 0.198181646432129 0.115266767454958 0.0781004590143116 0.100874191197449 0.0804516509480971 0.0986415843674597 0.132160388706434 0.113897855612586 0.181448164455285
0.236682858141072 0.232645483376623 0.195669727948492 0.195640417576172 0.168401436140618 0.171214270887493 0.2023884411993 0.148462134415837 0.131942998996009 0.212086027918139 0.163956705928447 0.274212058176836 0.161795106011363 0.220202740930905 0.213876950394393 0.204911909428921 0.20690384019622 0.218218907443147 0.137991524444032 0.253275892359357 0.208347540647987 0.20334116177133 0.216920388544133 0.218920007277942 0.215490747105196 0.212366514122225 0.249234976147372 0.150858244005806 0.197270960528841 0.212988936873822 0.216715233734114 0.163106847500927 0.1028389649349 0.186377111984059 0.203772399744646 0.185892147226267 0.189941836974107 0.174999010530236 0.239382526732768 0.196033126735843 0.16771722491744 0.213556743030004 0.114574156416519 0.108614745534003 0.235843552871285 0.201102486430739 0.14725751726518
0.195022337101956 0.231991187597203 0.199752358497282 0.270611687360584 0.238274000265377 0.260707130617412 0.212544191570458 0.218508327349058 0.266879357582129 0.249734266861277 0.209736606708121 0.191229179847733 0.174091296595484 0.265107441467525 0.207479476688662 0.224728764270432 0.269152682160672 0.233932737269155 0.267197909898171 0.171426081483333 0.191933838926282 0.211569314706055 0.191796256358945 0.245931268298072 0.16219310064801 0.23217039552025 0.193618144255865 0.197749767794937 0.127938760790915 0.170865162463817 0.186728409342645 0.158633536561406 0.195012086479942 0.294583816915918 0.10437721669701 0.189186547653149 0.149118770398026 0.176534735229281 0.171516379497389 0.16551930291784 0.157736980855824 0.227507590443231 0.19660666327447 0.238809791023986 0.273407491126093 0.186905001221532 0.206264795776288
0.155865014399277 0.303170617047582 0.250166732773687 0.392604126387891 0.191464089935541 0.206616555836562 0.30707250919851 0.252656352595201 0.162054023198297 0.162244852052203 0.163856014922628 0.251680123218171 0.250961013609979 0.188325708958645 0.212074994262499 0.222895486793497 0.239801058205879 0.269777542994241 0.25944963200267 0.303719167695051 0.208862883551225 0.133095197384269 0.195748974510689 0.193018037962609 0.214218103908277 0.137079494926227 0.151333830156305 0.208305470386807 0.208830690191465 0.141538444317198 0.13026443294698 0.233602510633597 0.208458464479602 0.121972035662483 0.225083460706803 0.205946457014871 0.138835341055279 0.203291919633984 0.171919624018574 0.172634569311574 0.213123244936905 0.125496238662385 0.135784642048279 0.134288273687052 0.215160769616701 0.152697465419811 0.222855783429414
0.177139842260012 0.176936306905901 0.278711565150391 0.163377901709063 0.230284459031965 0.24612700890836 0.215532301276032 0.209205087042018 0.248806389810654 0.154573169082302 0.256118126459646 0.153565422601824 0.25961689866292 0.209791009748911 0.231261862959434 0.162417902483555 0.232288598005343 0.195218362451744 0.30099171920585 0.241458010747208 0.27309619966731 0.313040613533896 0.192166827022462 0.243963042094179 0.232273489015604 0.263460223457865 0.244190032864633 0.19363330663426 0.126802570101441 0.185690871991941 0.135852365558821 0.146030325611008 0.168774195739044 0.209325069148988 0.17165360614035 0.141885906590637 0.234472425399675 0.156986603291247 0.237219627691714 0.199649176020834 0.138181988475453 0.122193776548399 0.120757132297375 0.169672246327003 0.226339268680762 0.163234108261375 0.19653049545812
0.219695851231584 0.141634268057183 0.247087969129682 0.217255010845728 0.146547154498514 0.237021110871297 0.20173282849969 0.242002219117296 0.23494646327914 0.165270689741576 0.247375716191028 0.249479069084067 0.179259763432728 0.171799054636385 0.186005598120947 0.257668693205147 0.265493797377094 0.169915111324602 0.232624448246033 0.152012738106289 0.200071676050731 0.19596034020106 0.170795401286225 0.174368970997004 0.275307664589397 0.259912689615152 0.176869927009876 0.193218868291466 0.239137846520853 0.170261407945713 0.189510278668854 0.212682468190327 0.132327913411857 0.215065132737013 0.146490793873659 0.149773101769884 0.207144071353441 0.158954028665295 0.130532363918722 0.21283779358778 0.161174818806019 0.203878749948035 0.132757434050061 0.156156587647659 0.222604073711084 0.208648919612914 0.152901516864266
0.233953807992182 0.203743979183265 0.227270473624295 0.189477035332186 0.223132745982183 0.23272807562795 0.244290172187671 0.249058651211766 0.1749235189702 0.236315312834747 0.251119649104124 0.171175813258724 0.149125435081957 0.162116345556441 0.261592972999292 0.176961648721434 0.255841519831252 0.210986719892072 0.157767875091615 0.200636990736285 0.243916807517806 0.233446847107986 0.188775704146547 0.267041320969185 0.180356491007072 0.177386159724053 0.200276047827124 0.292213983442968 0.169496045964928 0.20149345156097 0.238765816567397 0.31343633025454 0.211854712666523 0.211776836413171 0.269819702236515 0.260712451686825 0.242217037274109 0.150024953857964 0.146618980037483 0.144749656319423 0.159951399950228 0.177135019484724 0.213646649527247 0.219020217785854 0.246498451586597 0.151161562758579 0.237388923120904
0.347980001036452 0.344680938000252 0.211682587638547 0.245764944837417 0.22177023188046 0.290779020934618 0.190212570850306 0.204278933519591 0.268373688276307 0.218255905781977 0.231089097267583 0.169818602430195 0.189980223418002 0.126336335863908 0.20014147282076 0.157958917500147 0.233564622483828 0.23675368709179 0.175544998522202 0.268822864838146 0.252728996760234 0.251909285127316 0.126096398344297 0.177172569506336 0.193002377290089 0.187617045730872 0.254042820407394 0.192386912860032 0.181228808262685 0.19332356344651 0.253464087372885 0.271732653384898 0.280542119805853 0.269435072560167 0.221642010124198 0.198117633433201 0.27087971621153 0.192633835395512 0.266133678219308 0.135910692665851 0.199377409963946 0.163885360887385 0.276596591326493 0.216240964503804 0.228152596596452 0.25196028909032 0.169335221535873
