PPM-results/Best models/ASCII/Trimeresurus trigonocephalus.asc
NCOLS 267 
NROWS 469 
XLLCORNER 376490.070567719 
YLLCORNER 381033.488324056 
CELLSIZE 919 
NODATA_value -9999 
[rows 0 to 20 of 469, columns 47 to 93 of 267]
-9999 -9999 -9999 -9999 -9999 -9999 -9999 -9999 -9999 -9999 -9999 -9999 -9999 -9999 -9999 -9999 -9999 -9999 -9999 0.00223419416928425 0.00337581645937394 0.00431183055296482 0.00463402831319679 -9999 -9999 -9999 -9999 -9999 -9999 -9999 -9999 -9999 -9999 -9999 -9999 -9999 -9999 -9999 -9999 -9999 -9999 -9999 -9999 -9999 -9999 -9999 -9999
-9999 -9999 -9999 -9999 -9999 -9999 -9999 -9999 -9999 -9999 -9999 -9999 -9999 0.00239140860755408 0.00322051664398479 0.00315150040498855 0.00398894819444191 0.00500591561883717 0.00532321496985178 0.00554290817834488 0.00956919812302569 0.00612354707665785 0.00608145957539076 0.00332716465597275 0.00158780908717464 -9999 -9999 -9999 -9999 -9999 -9999 -9999 -9999 -9999 -9999 -9999 -9999 -9999 -9999 -9999 -9999 -9999 -9999 -9999 -9999 -9999 -9999
0.00100608121320899 -9999 -9999 -9999 -9999 -9999 -9999 -9999 -9999 -9999 0.000533395151205751 0.000460215744038462 0.00198012617390088 0.00323407430396497 0.00350250078917332 0.00462726018874456 0.00712035833683088 0.0096923079154449 0.0098966474361913 0.00915605667967547 0.00831686875370517 0.0100512242801928 0.00702268490235713 0.00505081937172514 0.00304271462222044 0.000900440008394832 -9999 -9999 -9999 -9999 -9999 -9999 -9999 -9999 -9999 -9999 -9999 -9999 -9999 -9999 -9999 -9999 -9999 -9999 -9999 -9999 -9999
0.00329053364222112 -9999 -9999 -9999 0.0010310240041494 -9999 0.00146539626697973 0.00232038501069339 0.000931261947046568 0.000813512014236192 0.00171924333899099 0.000603045658561711 0.00359265949220412 0.00444909028577026 0.00496906743560331 0.00615872853277722 0.0105993856353763 0.0095920629273584 0.00969284068974442 0.00968884543862981 0.00811828241680908 0.00778492809580174 0.00637239382829268 0.00435307245577426 0.00262318656085794 0.000537706458994789 -9999 -9999 -9999 -9999 -9999 -9999 -9999 -9999 -9999 -9999 -9999 -9999 -9999 -9999 -9999 -9999 -9999 -9999 -9999 -9999 -9999
0.00408402588356802 -9999 -9999 0.00140126356067421 0.000501768559302838 0.000702313801077105 0.00239067951871621 0.00334242741616415 0.000713244433293828 0.001068382090761 0.00227255238948762 0.00112844655364834 0.000840452500250393 0.00264130033091001 0.00478626133957264 0.00497923130105023 0.00657694690366437 0.00573608668926122 0.00553743472880841 0.00763955801435628 0.00699006665787296 0.00566171239808461 0.00474730374828231 0.00321249833516373 0.000893561422256542 0.000502791841882305 0.000503123400731677 -9999 -9999 -9999 -9999 -9999 -9999 -9999 -9999 -9999 -9999 -9999 -9999 -9999 -9999 -9999 -9999 -9999 -9999 -9999 -9999
0.00445439300283287 0.00688564400742942 0.00321864804101359 0.00065253930653065 0.000624867715700671 0.00222155885395519 0.00240103719610821 0.000709852724254958 0.000580477446289143 0.000851161652963163 0.00347067364222681 0.00174330521710212 0.00133414734609794 0.00168638164779532 0.00157860218558566 0.00487679126060441 0.00597826486404258 0.00519663324637626 0.00534720594115374 0.00577498644284054 0.0051921563850911 0.00583670706633747 0.00280550298280643 0.000868579145955724 0.000617956873915854 0.000707568065153452 0.000591429732889256 -9999 -9999 -9999 -9999 -9999 -9999 -9999 -9999 -9999 -9999 -9999 -9999 -9999 -9999 -9999 -9999 -9999 -9999 -9999 -9999
0.00392099027433085 0.00650871731315109 0.0034192534145427 0.00501116772790265 0.00395598459208717 0.00466623863497877 0.00153853413805047 0.000865435471716007 0.00202653023145121 0.00150556970149797 0.00333280272053288 0.00316644867262631 0.00228767834124719 0.00983632826492277 0.00465451092680714 0.00175338538470762 0.00700057977411331 0.00563836209065849 0.0045374326622225 0.00577568327603188 0.00543783707817979 0.00378178797301994 0.00101338732569671 0.000658414213736716 0.000686393971120688 0.000938110502065678 0.00117781395969035 0.00122318680978255 -9999 -9999 -9999 -9999 -9999 -9999 -9999 -9999 -9999 -9999 -9999 -9999 -9999 -9999 -9999 -9999 -9999 -9999 -9999
0.00493833670257279 0.00326828836875445 0.00552539447454457 0.00199867497808218 0.00139278018660474 0.000795545132505484 0.00100840257701171 0.00259269301805576 0.00338705421539746 0.00437442847443409 0.00212596549158353 -9999 -9999 0.0133658823653567 0.0174765864492614 0.00999440429044056 0.00783181223416008 0.00240886669817072 0.00144888234918879 0.00152662290637274 0.00264464824456674 0.00350015836187728 0.00167312638450133 0.00172993149772692 0.000979350945029046 0.000771912449139297 0.00196379508445124 0.000912149572765286 -9999 -9999 -9999 -9999 -9999 -9999 -9999 -9999 -9999 -9999 -9999 -9999 -9999 -9999 -9999 -9999 -9999 -9999 -9999
0.00619085070766308 0.00429089441384167 0.00214671504847548 0.000959440660595107 0.000791553218181891 0.000693955904253282 0.00325983294030977 0.00470545315917764 0.00348884163513295 0.00164637296733369 0.0017840934553658 0.00351608625574533 0.00226372101592135 0.00160220247427236 0.00287937453080269 0.00316875745394623 0.00185102642450189 0.00299130857589817 0.00258191518306116 0.00357473174825141 0.00345364766604726 0.00688096805094673 0.00645421138797124 0.00436497979452913 0.00117147906193889 0.000882532632770648 0.00133975982859358 0.000777438522650814 0.000727457355610557 -9999 -9999 -9999 -9999 -9999 -9999 -9999 -9999 -9999 -9999 -9999 -9999 -9999 -9999 -9999 -9999 -9999 -9999
0.00722876011056577 0.0047361799992853 0.00343381044343337 0.00181618824075871 0.000888817687206256 0.00265572750301681 0.0040255269318009 0.00435785296504225 0.00319411317277537 0.00199358609371076 0.00108309580979665 0.00111132909378166 0.00173399112110163 0.00134650251001429 0.00144550968766533 0.00126828534784632 0.00107300688311472 0.00231674846461343 0.00484125499237325 0.00289376944726297 0.00150099551714139 0.00247955300107247 0.00264344505333812 0.00823577249701878 0.00240764932558026 0.00114411348265203 0.000956352877604975 0.0010142311167259 0.000788624280347607 0.000846528240565975 -9999 -9999 -9999 -9999 -9999 -9999 -9999 -9999 -9999 -9999 -9999 -9999 -9999 -9999 -9999 -9999 -9999
0.00796544848998372 0.00594084108435778 0.00400272024324512 0.00412891239636906 0.00332940697953819 0.00480911557740045 0.00445197021448644 0.00380687118724911 0.00137869197685239 0.00266794182654552 0.0024246327576743 0.00186307418654552 0.00182950732018095 0.00145854861567485 0.00266396965490213 0.00179490062631478 0.00144398463513623 0.00180448263882759 0.00232050555226899 0.00590125395182834 0.0014228380001129 0.00144741165854673 0.00178015798842363 0.00258186346280035 0.0111019397308984 0.00272334201171874 0.00105280782722459 0.00133668052661396 0.000921470203314859 0.000878479196362624 0.00104278063117653 -9999 -9999 -9999 -9999 -9999 -9999 -9999 -9999 -9999 -9999 -9999 -9999 -9999 -9999 -9999 -9999
0.00801727052291982 0.00818563165062492 0.00444629349876366 0.00464232246340884 0.00503545456134172 0.00478416583481208 0.00374867199054195 0.00122042436391687 0.000860907863400745 0.00102119194085953 0.00155762809046466 0.00178114373210412 0.00143290926960901 0.00146995362834825 0.00170345753680721 0.00314372067672542 0.00358119956151185 0.00192544200846737 0.00174022035380413 0.00151556019284481 0.00114042382598167 0.00173205911910105 0.00367194498363033 0.00287357546607585 0.00811032806314924 0.0079964289262089 0.00124578286340519 0.00145796050625758 0.00100287539123652 0.00102175822210222 0.000902916115881111 -9999 -9999 -9999 -9999 -9999 -9999 -9999 -9999 -9999 -9999 -9999 -9999 -9999 -9999 -9999 -9999
0.0091018994491572 0.00870426574207243 0.00475566407818292 0.00523254434746533 0.00735192607230048 0.00368644055995304 0.00164157674734132 0.00108459194347024 0.000837994188982888 0.00117076276413326 0.0016737288143134 0.0027922342333154 0.00188807467616399 -9999 -9999 0.00304257725765679 0.00674472854199566 0.0122447761958205 0.00621652064097994 0.00244517737998444 0.00143269307335751 0.00170665835359314 0.00393367508539338 0.00361363900961053 0.00398281072349246 0.0181674723667433 0.00642168323684461 0.00161621977721554 0.00138119470915035 0.00103726428997216 0.000944204316665952 0.000916041800457156 -9999 -9999 -9999 -9999 -9999 -9999 -9999 -9999 -9999 -9999 -9999 -9999 -9999 -9999 -9999
0.0163646319852294 0.0104140124347875 0.00559298896250038 0.00647059558801127 0.00468365501570765 0.001695970890022 0.00123502296366233 0.000782657124773134 0.00102961295864682 0.00094984550946766 0.00116730445830695 0.00146340295144416 0.0042839588937066 0.00650724968123413 0.0136729049561615 0.00387483383448079 0.00303266142700902 0.0154890235414077 0.0228408372750772 0.00456238212674496 0.00215757560808078 0.00284817581283161 0.00617480018672505 0.00376748175958761 0.00441517430764523 0.0297954349566712 0.0350631802248702 0.0127629564836893 0.00202777485450167 0.0014000855344112 0.00105907911739724 0.000982082038962436 0.0014450937010515 -9999 -9999 -9999 -9999 -9999 -9999 -9999 -9999 -9999 -9999 -9999 -9999 -9999 -9999
0.0158972532283765 0.0117028513030534 0.00700694025392926 0.00525889776680945 0.00191865608779636 0.00162615326504912 0.000879815650682613 0.000834509744960253 0.000887019365395915 0.00132427489373344 0.00219178021862904 0.00465507790321462 0.00739786812332751 0.00509052273580844 0.0116796850752652 0.0139156476047571 0.00933656928801173 0.00250770189205127 0.00313580636455782 0.00164264563273139 0.00219215644181654 0.00260447578327921 0.00639062271763494 0.00544028183373377 0.0024156598485556 0.0129690422584028 -9999 0.0372563083680383 0.0169428811850402 0.00226363648388218 0.00146041541121758 0.00111177087100941 0.00101886737929875 -9999 -9999 -9999 -9999 -9999 -9999 -9999 -9999 -9999 -9999 -9999 -9999 -9999 -9999
0.0155289460214346 0.00766121823713077 0.00586649459977301 0.00248684806043995 0.00205977787814153 0.00406732190772191 0.00126629940105758 0.00186922291916466 0.00154952761316473 0.003019324551368 0.00351004193687852 0.00260133030161103 0.00275910323527783 0.00402793303619224 0.00290827086296997 0.00258410495216804 0.00211900577971356 0.00304948524926594 0.00165729484047398 0.00152789046986146 0.00234134256089225 0.00316941507984309 0.00487468963839365 0.00340065998078151 0.00178361351359076 0.00205971962333164 0.00624089812390838 0.0390626245735314 0.0577703389781041 0.0218962762693545 0.00224610957195075 0.0014406458976548 0.00102915394133213 -9999 -9999 -9999 -9999 -9999 -9999 -9999 -9999 -9999 -9999 -9999 -9999 -9999 -9999
0.0161946736468894 0.00624231904075106 0.00643533738569845 0.00202424842252537 0.00290785070536737 0.0147922604226759 0.00214204145555309 0.00143883137850472 0.00165430048763241 0.00226619997358329 0.00338731476316294 0.00257100776934862 0.00148094946702282 0.00254179611042995 0.00768192691833273 0.00410823124369302 0.00224038419469227 0.00310283442022553 0.00384890696825539 0.00286140340856673 0.00256836614312445 0.00285140666073673 0.00426071035840659 0.00352301649262795 0.00167952287385371 0.00297724038689193 0.00201018996582628 0.00941442218382668 0.0412413355549658 0.0456557321122375 0.0167611639951458 0.00242468642439654 0.00126389635539134 0.00102002816547483 -9999 -9999 -9999 -9999 -9999 -9999 -9999 -9999 -9999 -9999 -9999 -9999 -9999
0.0178950322780698 0.00767230973048125 0.0082751455187911 0.00342191089052421 0.0107091160080689 0.00562609549073714 0.00158278860701913 0.00195551191784297 0.00174988064187295 0.00568493701971565 0.00217665301557283 0.00392377566063479 0.00254426700418026 0.00608476021784138 0.0102541845939843 0.00635895545859147 0.00473734009029659 0.00427445181995879 0.00782271280504855 0.00309591641824332 0.00267954857604267 0.00261793751051757 0.00419302911388427 0.00316674036377464 0.00370715146568234 0.00619916988380778 0.00385017522690891 0.00264251464477537 0.0139368417890525 0.0162776852216213 0.0189476430260747 0.023218541997795 0.00219970662666409 0.00124194027047975 0.00102648089365919 -9999 -9999 -9999 -9999 -9999 -9999 -9999 -9999 -9999 -9999 -9999 -9999
0.0210281477987359 0.00793030651922476 0.00373517161214095 -9999 0.0143475673957042 0.00342731065259233 0.00618495515406258 0.00168044285494452 0.003382472801327 0.00861969199301135 0.0049419087373597 0.0163355496269628 0.0153812818961629 0.0138631776782313 0.0123773524643634 0.00889293346766157 0.0096365712705105 0.0205604831901189 0.0125753531944355 0.00409640287565896 0.00359688108897625 0.00412437297025227 0.00318702666284665 0.00347438053898411 0.00413647273062262 0.00585961858574446 0.00450133331050672 0.0040005919267062 0.00578408086676555 0.00445774675587389 -9999 0.0366073225353945 0.0200768064336605 0.00301140606821163 0.00122492694629948 0.000967408639484948 -9999 -9999 -9999 -9999 -9999 -9999 -9999 -9999 -9999 -9999 -9999
0.0197427180186288 0.00779978515781829 0.0039593778304886 0.00294549888424827 0.00145142109102317 0.00390632785845713 0.00365087620706413 0.00153390281114767 0.0031267300149175 0.00813606584455017 0.0221604789332633 0.0542229830975785 0.019551212908409 0.0384270860086982 0.0162695968401888 0.0347991599722037 0.0381087561453903 0.0392235824742268 0.0232772806423837 0.0156064730239933 0.0109463696354366 0.0114963228473979 0.00452293235877917 0.00593242847806452 0.00414434199611145 0.00235258170724537 0.00290196293761258 0.00230654094281733 0.00249711008315604 0.00294345120682566 0.0153871468625124 -9999 0.0380758598349878 0.0253290133783431 0.00341375271454623 0.00119136341672594 0.000986660324791314 -9999 -9999 -9999 -9999 -9999 -9999 -9999 -9999 -9999 -9999
0.0176242661462246 0.00700041460295782 0.0022529113423791 0.00415470440062406 0.00131440077297342 0.00253699558041584 0.00316555330036928 0.00458342865803768 0.00199538809989452 0.00552660851034402 0.00444682905372237 0.0119675578224063 0.0148663916842398 0.0260148440574297 0.0284117567017713 0.0199390681494096 0.0247919457410374 0.016645533063666 0.0118350316057286 0.00665579082641226 0.00899625664546401 0.00650501069445971 0.00293496519112997 0.00512680533296441 0.00293622482974002 0.00471436239120104 0.00241632192350715 0.00235688533346341 0.00212038484763554 0.00229196264188391 -9999 -9999 -9999 0.0316845680907533 0.0287617148948941 0.00504607779168572 0.00120088063987977 0.000916179999218568 -9999 -9999 -9999 -9999 -9999 -9999 -9999 -9999 -9999
