PPM-results/Best models/ASCII/Trimeresurus trigonocephalus.asc
NCOLS 267 
NROWS 469 
XLLCORNER 376490.070567719 
YLLCORNER 381033.488324056 
CELLSIZE 919 
NODATA_value -9999 
[rows 252 to 272 of 469, columns 94 to 140 of 267]
0.0631093603270176 0.11408088082456 0.118325456964187 0.079783207174752 0.153292321828529 0.141374247504685 0.24371015782541 0.161410867851828 0.250537250048548 0.291413135801949 0.220141023644199 0.42163011513157 0.188967511792486 0.184225994039833 0.223313377602733 0.179119529228794 0.204856118283066 0.229771376248512 0.282755862643943 0.214646352116839 0.147198763048899 0.228109138230207 0.131976455887302 0.198530149784367 0.233598524280591 0.143237742961097 0.247988475595832 0.2317692687491 0.28485590544029 0.122798376386895 0.15604776376986 0.247544887046688 0.261748974653059 0.160864328177081 0.224271810760989 0.20815585757558 0.29463645813105 0.269713832531032 0.213509974567068 0.212223895224976 0.155033219133811 0.220809342844012 0.128523277596525 0.143320717831128 0.102252081232193 0.0240856382877247 0.0133469249433084
0.024965899330492 0.0532818300677509 0.0857238608426809 0.123981050799805 0.12897323719199 0.23890533892258 0.243042105568878 0.220145632864861 0.175817013726152 0.23805619234381 0.294224689221072 0.341908607447305 0.254096066693964 0.163484447670859 0.26137306512391 0.276123781386123 0.198649562412336 0.204987614543583 0.178535866641686 0.224269016754642 0.188573236565563 0.171288659081966 0.195553785583184 0.304813599557173 0.277994786846857 0.155540411368851 0.165102693436356 0.231425000896929 0.172930360263805 0.207367734230984 0.274023151314557 0.307187472771785 0.208403883476624 0.20788745500404 0.201908032273514 0.226041911661278 0.269844065260016 0.274918603654575 0.212940282011696 0.211895216860451 0.198941900898125 0.208526250276909 0.137868294527136 0.211984233546755 0.133078424448075 0.033805490300776 0.0114322353268041
0.0272435194713413 0.053377551479478 0.0686827845715041 0.110069452947082 0.121887895140123 0.190361845533377 0.255760226703895 0.142727738923491 0.2513492203263 0.260365567790496 0.400702651665071 0.511598400846018 0.28538311842145 0.156643776932797 0.296199571210786 0.313101085085288 0.283629336653776 0.377988946127856 0.108381009996634 0.158599705949518 0.180436912119709 0.196594704215454 0.243835638963981 0.254723650349005 0.186496382242278 0.164953774677661 0.169363481931286 0.263304542136036 0.17435916528046 0.174950729388704 0.273745779448756 0.400066436843925 0.211398524394487 0.14300137358335 0.200398183276566 0.217035138562783 0.162159252239903 0.183141385690473 0.166107788280236 0.214279821194983 0.177954197231079 0.179612680247222 0.209323414100642 0.214910875112686 0.231160887214114 0.0696759070092045 0.0148572944796556
0.0499559659260782 0.0484728068082353 0.0750908158840222 0.122139951884719 0.0950691892071201 0.13416744625969 0.21428784728965 0.177088126448256 0.239074403000927 0.32766220043269 0.391572906694852 0.566572344334339 0.479352471054806 0.311159802356618 0.443484761596159 0.413951473840128 0.295134770052922 0.281173885572306 0.178576032707457 0.352546724328314 0.214197424702063 0.207221395924011 0.179592285780508 0.310882252528629 0.257280397507732 0.168884834831158 0.161846786230681 0.235620067955929 0.173106186905286 0.208112132266054 0.213729028223949 0.326846386171683 0.245885994717513 0.199933363838425 0.173165003408332 0.13902304667279 0.220944647495346 0.289466870132022 0.281682074395598 0.194884256240493 0.151376897005736 0.126074580180081 0.211924473844114 0.205073196559663 0.214170356653309 0.189682901990956 0.0585701766837074
0.108093049380663 0.105176444882121 0.109787943460416 0.224460931177893 0.0921647573222186 0.185647662772759 0.255374191126264 0.296581620435412 0.27759143554836 0.210904181029402 0.184105549231175 0.189857055787871 0.215508899248345 0.199549090086453 0.166227165315768 0.26841919320771 0.170126708365817 0.19196896866214 0.256607522475912 0.225139589980814 0.214608713114133 0.149599001361624 0.171287591308839 0.29690981830203 0.312912480758728 0.225553298678638 0.172264283387557 0.311290568972164 0.369533535479396 0.254122867799436 0.200692247995576 0.14431200280924 0.14849966664123 0.241180051606187 0.192764708788371 0.198289366944364 0.154067827654014 0.150798964801072 0.119279129633922 0.104815297316444 0.178377533683259 0.202550796103169 0.212206739670078 0.215259414057361 0.241949186385352 0.273299379097045 0.132550090305133
0.0811717838388693 0.0766224207584207 0.0693739630143321 0.137157184319282 0.0943722180950814 0.160645470278606 0.155489727737785 0.261302431931599 0.176041957931447 0.171283693936928 0.168413235033665 0.295204388860763 0.272314571942567 0.278445493883511 0.280055731350559 0.25973485200095 0.252048629520311 0.201325651014157 0.329796500950176 0.199015612836284 0.22080400397838 0.173921378298636 0.266361950317513 0.15364310309677 0.200150780243179 0.181042855572722 0.195013777120726 0.273491756221985 0.364068067547043 0.284596258608387 0.184689016059877 0.191794494533286 0.195194889239182 0.232357896481246 0.188228790751205 0.122412260726279 0.201046926635729 0.147840263347022 0.130086969053372 0.271767071272005 0.293720557935661 0.258578507093715 0.227963476179548 0.224173949353955 0.244342048165395 0.136426444882121 0.140935632998688
0.119462866694647 0.0809280468265498 0.100007622120501 0.125228414467956 0.112626992037545 0.11514400913786 0.193941376977445 0.277208176180857 0.154525670974396 0.13795484643714 0.168397716730894 0.155986028686935 0.255751435371821 0.260350547781851 0.257739344193678 0.235253198905917 0.225777531035182 0.269335253569067 0.216082684934034 0.171829699725112 0.160414831283304 0.144504771450993 0.255556993885504 0.163836332304664 0.131128563941956 0.166929546478313 0.182068220309785 0.27865920867476 0.391904806174975 0.240588558682818 0.17134256382863 0.229742866706037 0.225892192072738 0.205975927553159 0.227107905165801 0.26129776932228 0.26092869354114 0.217354509504889 0.157672576340084 0.229645343427159 0.244753105226621 0.346391652918494 0.215142617473552 0.215408742129088 0.237369952351692 0.175431209499365 0.14314049552361
0.109553940979766 0.0883781134840668 0.0954523773897474 0.127936589652225 0.155922425001039 0.14147544570274 0.24730330337684 0.226448768814874 0.226288976566509 0.213149868080189 0.253557232781945 0.319628488984283 0.276985954797035 0.205272300655299 0.217421494472352 0.18587237562721 0.127467232178297 0.155538667339411 0.185608742442302 0.19330889936224 0.219881412404733 0.255577352759781 0.248462833807235 0.259865440654309 0.143199053981484 0.250388776195322 0.199483635593804 0.161256254303126 0.394819292923483 0.240460016594618 0.157024402459921 0.22640328167969 0.142683399644417 0.197562551573442 0.266859230058696 0.26579081626842 0.229822273434203 0.266429255616914 0.218394983231691 0.158504923288331 0.209886112742036 0.30813099269871 0.26353384641493 0.206316778531325 0.181776130971059 0.159997456564413 0.0757699195924125
0.111181752212853 0.133663056929107 0.096435458311005 0.19058362201173 0.157574768321706 0.149507564389567 0.180670487491109 0.166661250684087 0.141347579870854 0.258525581139083 0.303599719474644 0.284901944258256 0.146475480227404 0.233809445065493 0.165438597065702 0.121997066044188 0.214505601822561 0.174934125516589 0.183517740125092 0.394098937579976 0.428114167441633 0.441504220408875 0.356519018320709 0.132600266743964 0.220280777350226 0.156615997035292 0.184168423272101 0.196987715910845 0.256211004925424 0.18984054089685 0.120789690479621 0.113023803225643 0.236588965290824 0.209237956658092 0.196722107345653 0.223908109437919 0.212702666898634 0.215968379820853 0.23418959009471 0.167463094913357 0.138780938014489 0.272721980778945 0.251477637840968 0.243191647195231 0.145900804730776 0.121150010521125 0.0309628713572564
0.137383739082376 0.180709550191316 0.098631832039572 0.142949070496375 0.159965797091215 0.108460274355051 0.117884947160891 0.115218708766161 0.126033114990339 0.176918848815284 0.191325386206421 0.25398905803048 0.194029539445248 0.246242221628699 0.233187449423146 0.221156636053374 0.161010969019773 0.137731966593223 0.277829335400922 0.319902088051704 0.226126924198359 0.212782571920927 0.253089352394175 0.24395403720748 0.127934356226769 0.16717942318611 0.179054039143709 0.190595278535027 0.258318539929874 0.120240961869964 0.12755713867554 0.235943816767854 0.199346693690344 0.21329697162457 0.261392498594811 0.203702727548148 0.213325374389732 0.236016638895074 0.243570866821071 0.166854428638871 0.210009636296541 0.247713079110314 0.256025639510681 0.196538290201943 0.205956778821759 0.103884208048333 0.0260403015483849
0.207875620518556 0.145746636087543 0.10906961688585 0.125976985716328 0.122927176520267 0.0783273519055622 0.117005306761253 0.12902387633251 0.100648339384997 0.167921810248458 0.126782051061196 0.134210023713106 0.173193210415088 0.215452289476427 0.240232153809444 0.294809775505683 0.218506636708275 0.140938960891599 0.29298228179985 0.131182201745339 0.125887657596195 0.109648109671405 0.265562241634496 0.292418568773986 0.210787491222905 0.168238404980436 0.214444845531668 0.290416832290143 0.337806792574677 0.131163222078017 0.145949744332403 0.201147226124735 0.206542025272339 0.196839651370651 0.228892687946578 0.223560940802088 0.216049121265428 0.165558383414266 0.205057856219081 0.129411744920674 0.200215309332451 0.236990839503164 0.308216200994196 0.265198202183269 0.225874306872871 0.139204630391044 0.0207522352228742
0.196881330115018 0.17300878819994 0.12185631574991 0.171588792311578 0.15588613851096 0.102895565808709 0.122304842749764 0.114213444858203 0.127747513725868 0.169523594511589 0.17668650138298 0.168586071910391 0.238891511260593 0.209814607535004 0.214444400626199 0.236761784371332 0.220274940190468 0.165949117193653 0.282251553396344 0.215358076294241 0.138944147136859 0.142441896057554 0.162872471299682 0.415532596693263 0.209517339496615 0.432534961739553 0.238201587451189 0.145344592811125 0.146170719980911 0.224902989252223 0.205367083316486 0.22255755439521 0.221425465734164 0.25907213861005 0.194528047125526 0.220963244543964 0.203533111787019 0.246528651769855 0.221821645156496 0.109638375139736 0.170221473230785 0.227872341743209 0.287390282752019 0.275539033229669 0.10408009992648 0.122257504807826 0.026846952981251
0.17961793013176 0.130747858331848 0.165036598279832 0.181685548217502 0.264943787439685 0.132760850924065 0.125513029394798 0.14261371854981 0.151918026629977 0.222816898691394 0.237756521815886 0.139353922870334 0.211055893794444 0.220734296189445 0.194795524293689 0.191581367017257 0.158961876797774 0.242996298101756 0.202834734773698 0.203445412020904 0.209883959399564 0.134133544462927 0.246072694848664 0.170978720135809 0.193310091708898 0.224298006795023 0.240585604510501 0.259800769195286 0.134365740627372 0.208831651187278 0.279520474478514 0.27946133764353 0.257456918201745 0.275743227043874 0.186876260328214 0.252489228304701 0.257738881491989 0.248329878256779 0.236884578280868 0.188287091163907 0.204471186070999 0.212048495692746 0.305305593821381 0.260612027624287 0.2072607255675 0.152589513556732 0.0183988732626619
0.150113952748049 0.109105520757225 0.200840828626115 0.218684153990539 0.302018596621509 0.135750580085547 0.112240209018725 0.168134261508174 0.175659321431602 0.216781987350732 0.282755488923349 0.168380187455403 0.231548043953528 0.235495031722828 0.208800703562831 0.185607941612457 0.278372707348728 0.433684099178185 0.219649723432523 0.217174411770903 0.181516074826124 0.212112526487892 0.131252745956557 0.195473506840297 0.160446401775408 0.12576876105857 0.166394965862581 0.231524997850217 0.178431901131612 0.196228618199068 0.133332314203205 0.237928718028737 0.269452103541533 0.239285946653485 0.230649868792038 0.214842608817471 0.248408021453413 0.227286917330442 0.286545371673317 0.148328956412647 0.219355872268138 0.233888246722221 0.30706119080337 0.284994502392097 0.224586857221933 0.168142056251997 0.022256923316378
0.130977847765165 0.110326519327263 0.230193093244783 0.329407724754854 0.212188462953398 0.192747499844817 0.127564764355284 0.108365091278942 0.132446631987294 0.257485801464814 0.267838289034511 0.172410034419311 0.172827782858796 0.217510244215375 0.236201434830816 0.216579697731936 0.313030718836258 0.238757968434918 0.171678093737382 0.155563137140225 0.232675914910726 0.158138249996725 0.186879392462718 0.123569192908734 0.12507456615666 0.23614537674168 0.238901797475044 0.155066853987293 0.192900155809455 0.221564738942284 0.165492092499335 0.224197315789204 0.27368203339311 0.179602055904615 0.236078783291031 0.15171922507006 0.24684223894086 0.233593843875054 0.255015828668826 0.217921621608539 0.244159334387249 0.22201119268265 0.268713400296471 0.265449698346973 0.219787430573391 0.156094247493296 0.0622694900272837
0.142908343849712 0.184216437470351 0.162630709667646 0.180770751387678 0.322151672474403 0.192221336840565 0.15723667575745 0.118333616530495 0.126705206988532 0.135798220563203 0.186951271390343 0.234331586124302 0.285443732342592 0.186142433247095 0.208073336509128 0.217058184666095 0.281033508998622 0.215810990062022 0.144258053572029 0.15750536306849 0.216982265996808 0.277074348615682 0.139072324402574 0.216860895784773 0.173647102974901 0.216819875500501 0.139635957345453 0.154573898727271 0.186353567586622 0.154880367410767 0.230087116761988 0.217289695676117 0.243929104704979 0.244119951355104 0.236064848851731 0.159449333026194 0.263668403625076 0.251717228334314 0.309731086321057 0.229883439038127 0.191516570984703 0.222331987322258 0.289918502572052 0.258056864329031 0.205891395513986 0.1429755423718 0.164509794611704
0.187402245370278 0.13673619696798 0.124663108680511 0.142849571837213 0.204258076351189 0.126074500097096 0.125262102710094 0.145717699435817 0.162361417285168 0.157715198284046 0.217124653543213 0.215473751716267 0.189086408330111 0.174924479966013 0.215860374569118 0.259048434046644 0.217658201978256 0.136612228508005 0.11227263372933 0.196189430925329 0.215298814885725 0.201731547171939 0.142118779011396 0.200139835568633 0.181771788693678 0.171373564841733 0.138185636700302 0.220375702381163 0.229992476470551 0.215778458574104 0.232596330220371 0.132187091932704 0.153670064368211 0.210778486336206 0.250771804211981 0.125521509293043 0.255972909314455 0.274262795196559 0.262848638603501 0.292948504576618 0.209239469336688 0.218218320167928 0.279886008812118 0.292119396540187 0.195328787989232 0.231725490050917 0.204509892846831
0.129233640363191 0.0808735370084471 0.130956803736466 0.141067155953533 0.127010002827463 0.159119978405356 0.140578596359549 0.139336740621108 0.121733966745843 0.189422258570801 0.177222576881089 0.204883898180572 0.178580784297869 0.177941633100625 0.137040672474973 0.228194506691663 0.0939589632008365 0.0705524508667755 0.165947497737745 0.15838597336205 0.148145655359281 0.165605863725953 0.197881335240329 0.167088270953553 0.156809477525796 0.220720237176614 0.152172708316842 0.117835357997279 0.215748596519003 0.224790001059231 0.263049184192857 0.237755204895697 0.295635537852984 0.262331516078385 0.0783896297731594 0.0976752674842866 0.232150944253131 0.189114028061647 0.227339078047667 0.284319331648055 0.250904065709904 0.241700751171276 0.280624801038274 0.271472045557181 0.23127410675795 0.163290201942948 0.150137105628673
0.226530773790982 0.135623826517334 0.123440802088393 0.111009564898112 0.131884627398432 0.298033578332691 0.14250593575081 0.196900229699355 0.11704219832277 0.158700432547775 0.26346566910081 0.173515695695479 0.224104401730988 0.148962501800977 0.173935775439624 0.20787179433152 0.170653209498226 0.102430372649974 0.145370041403971 0.233304601931331 0.213832317477709 0.229359198025502 0.207457267007633 0.241783628162103 0.208563907075834 0.172780053400046 0.150846071392165 0.210321639604075 0.194174418462281 0.250190597503062 0.160292838203613 0.236174242208531 0.256672941376123 0.1288570278834 0.1401053326156 0.184795348467048 0.169363464135067 0.241944452591158 0.225919082159305 0.224586554686214 0.221960117534771 0.224832160301505 0.233127867682693 0.26663038848149 0.221879874384322 0.249880961092625 0.15955965178637
0.140608342739228 0.0664492612362478 0.088822832093103 0.132044117111079 0.188247565762011 0.239359462833238 0.127581617374463 0.143037838035616 0.149006538544332 0.185865168158607 0.153255430267012 0.198391463851466 0.192850824691015 0.181755487357281 0.188337134131097 0.234343901107694 0.206201316663924 0.140495523610315 0.216579163845373 0.237889851086936 0.185187772887219 0.248100823124948 0.146194166499145 0.156937040821963 0.177402051747418 0.203388410732173 0.214830365018955 0.216913732758311 0.185494188182058 0.243740891895232 0.212654723885259 0.182160653870094 0.252967216944734 0.251237584645935 0.211728875603577 0.272272555070043 0.266936056335141 0.22134137860046 0.266065892422 0.22242974195198 0.284563068660375 0.240791755908772 0.25801641352376 0.260292443127556 0.265859171544729 0.220951178707636 0.250712489414809
0.153093217732893 0.0952703487660244 0.109677544617256 0.15310079892209 0.291192960983285 0.157737158818012 0.187988666371297 0.145444874503913 0.141497833345957 0.214293542079658 0.194488343761443 0.243385430221453 0.14238000970677 0.163320455514863 0.122778667074603 0.151785836316929 0.21152340046162 0.19273614585724 0.149127606220647 0.216768141892527 0.293775174531077 0.214584207720882 0.218987757482812 0.205870484956927 0.154151647844437 0.21620505173432 0.21704316465745 0.266559488345897 0.287651673613361 0.220976289172325 0.173747704999627 0.200249673830902 0.332268146590729 0.126529567207349 0.140367497612459 0.226452007726691 0.221396973987908 0.246073193142789 0.235427548461239 0.22219979700921 0.229921327187896 0.249245137788292 0.209437381085666 0.250187554349652 0.189191548390624 0.252496613735492 0.218704993362722
