PPM-results/Best models/ASCII/Trimeresurus trigonocephalus.asc
NCOLS 267 
NROWS 469 
XLLCORNER 376490.070567719 
YLLCORNER 381033.488324056 
CELLSIZE 919 
NODATA_value -9999 
[rows 378 to 398 of 469, columns 188 to 234 of 267]
0.0464987167502567 0.0255942793663236 0.0197310525972229 0.0230327850662389 0.0526153216331974 0.0486774989165662 0.118070357066181 0.330340175433701 0.26530206091603 0.175308308812517 0.275084677968167 0.17089456181723 0.158471128268881 0.157281611209852 0.179887329291551 0.154223455587187 0.122875149274683 0.131573576188602 0.186631170803267 0.161987839060679 0.183994767769311 0.1809404561299 0.153651004617905 0.102233243934622 0.18100459370236 0.176354975623451 0.147454014214765 0.218511067966749 0.167189033144247 0.215158135776322 0.239157368972848 0.056013958962489 0.0549545989985142 0.130096765871807 0.0884623874780679 0.107396158351609 0.102952682772862 0.0782557221249995 0.0839944420985073 0.101463139261534 0.0694761222082004 0.0880748481199505 0.180966082684934 0.187493842508304 0.20605832404608 0.157656488558313 0.208163883670247
0.0312870272576853 0.0189415389230355 0.0136069621797606 0.0258648019124244 0.0312856124582928 0.0313002142557963 0.0528838443292135 0.169905732717309 0.187467860028895 0.184522390063503 0.28652689919823 0.157843775964683 0.133450516688297 0.165817158231449 0.183021901877629 0.184408725614197 0.186771191452576 0.179320021429495 0.131237921706319 0.166359782738066 0.197356560341141 0.198296307469685 0.182677456063271 0.178373387164285 0.168390313503885 0.15134071729297 0.131867462945425 0.159163241013194 0.169529609633535 0.199645670165735 0.226770043952389 0.0655584403621659 0.164578594793481 0.103723632766341 0.162039999777903 0.108431150843028 0.144995092870635 0.151156793371948 0.0959805869591587 0.0950339259996207 0.100880971556802 0.164073840640413 0.148792111904332 0.140875606352766 0.208675400386448 0.204396014842901 0.213136058214421
0.0438793624938852 0.023277167191489 0.0133326824069713 0.0213287904451105 0.0316955038671895 0.0340179015189998 0.0482730531506141 0.164331939201283 0.172685003795578 0.173452536915053 0.249095952086315 0.185175724847109 0.150687916395927 0.171876770723768 0.13685094698663 0.190512917634544 0.200628430755055 0.212092043040084 0.220007356244992 0.213184446133266 0.212572131633932 0.161875972029469 0.156150323378651 0.183895269110149 0.163649899116795 0.175027715831118 0.170046340641837 0.141591058838001 0.182666315630319 0.136902822964355 0.154786972854644 0.162669060519103 0.137386488598176 0.239904080516358 0.104470006181695 0.0858679835204167 0.117284298082963 0.19627762898557 0.19724529838137 0.207530836576042 0.191525006392402 0.182672882435047 0.195047287400676 0.142771161697298 0.19503141317353 0.187792658817727 0.121402102858158
0.0169337995521475 0.0255346976258705 0.0152368166412157 0.018599158582319 0.0360507302215672 0.0426558190645624 0.062950929489388 0.130635030304825 0.1656368113504 0.180099833939923 0.198981835613053 0.36466815604408 0.238816535790901 0.322365974540872 0.34715105316599 0.326800899036499 0.199495505671726 0.136845688203983 0.129211288312412 0.195000590122615 0.186627059876731 0.163958805882262 0.182774214104742 0.139614619679144 0.202720643215142 0.186175516417795 0.203622573378793 0.230017925063397 0.189913131673226 0.185444803674962 0.179737609703011 0.184226794869678 0.35242578122553 0.243669742612576 0.169425875474305 0.158063683840065 0.227725113625298 0.181788837471263 0.197807231785357 0.245052651181014 0.197238001931673 0.185856910713096 0.186898434416805 0.213150081634815 0.185052948733792 0.185778518369399 0.187135408865991
0.022294782547291 0.0183168471535446 0.0153300643785333 0.0237428541952949 0.0528226164385239 0.0410252850100029 0.0886484558434525 0.160943574739278 0.207285070794782 0.181904477300852 0.160704624909809 0.199944148347002 0.181537287918902 0.186744123403822 0.172157773018199 0.24063582543988 0.132043876862125 0.114355698932967 0.180016761190689 0.183108533870618 0.18111847170629 0.17650398336324 0.181955481263856 0.209996324724899 0.198261106548952 0.194347718040696 0.187931469324159 0.192641345399834 0.185820464057048 0.188453895122469 0.182379138047974 0.129809481512149 0.135249198315937 0.234447724248017 0.181598916224514 0.201565472858346 0.201026033874889 0.189390207580791 0.203815448797858 0.162740903854291 0.189181564711892 0.238013908528005 0.236835994603617 0.197180609126129 0.189451106241433 0.188240447274502 0.151283893966427
0.0114170206720165 0.0146423061465008 0.0157120657758212 0.0238498294908687 0.0394109811069647 0.043913415558508 0.106481023393628 0.18405093263576 0.201821649427588 0.182615987923628 0.152168793148712 0.233078323009628 0.176206394992913 0.163467398893275 0.164865914745577 0.200707036653377 0.19645911482462 0.183575417670136 0.157339555698178 0.181628244393052 0.16207979212308 0.189363709011037 0.168822654842764 0.220894604528155 0.188061702053143 0.199676422031776 0.183037936270744 0.183877366114063 0.188989828250828 0.187573498383534 0.18989190078423 0.130618880236288 0.238135243147602 0.213218881816592 0.211861386248563 0.192049567736964 0.191457879055189 0.181941137511525 0.209107029876577 0.189504156769596 0.236846992666819 0.230113917867461 0.187640180815278 0.195651896137281 0.198827133083256 0.188360998860473 0.204766282970699
0.00836156840620909 0.0129455067590751 0.0129533248604349 0.0125501670958166 0.0175228276992166 0.0259553068075235 0.0842354829836827 0.177401962766324 0.197759733677451 0.175662649324512 0.184781734359686 0.248844135590672 0.129990869471996 0.17400619507731 0.163371762013587 0.115534360298544 0.335076140766097 0.275257995342801 0.190242504090283 0.16101826546947 0.28361186076694 0.294368233521698 0.209467456695393 0.17760005247749 0.196860561927709 0.179597784812109 0.187159184614272 0.184627334365609 0.184277140372587 0.205968773473213 0.207534591578203 0.199785103539825 0.209837048566878 0.207996207696964 0.233598488688154 0.231732875481708 0.231403716619277 0.169636137799112 0.180882440456699 0.200573244680639 0.186194522779445 0.205162053079999 0.222331649194102 0.187971866740775 0.186553525900759 0.19233688768906 0.120698840782783
0.0114585058825045 0.0221415326338518 0.0233544339243481 0.0280722916041426 0.0287563760292621 0.0317250544884626 0.102293484135169 0.203678684856585 0.185275721800396 0.166356063328343 0.186184521304494 0.223500967544822 0.176020638061357 0.172568669913456 0.153012191548818 0.196424857103482 0.207710827532715 0.211635267492829 0.302100921929554 0.271141907902717 0.153479662623556 0.201493611726939 0.294380085803401 0.193498820608989 0.188765133192596 0.177794244816744 0.197209118668604 0.180517137473939 0.159414274475211 0.19489039593597 0.180925169177974 0.185334467118567 0.186679558722112 0.203220450019391 0.18081903252921 0.191665329577429 0.181885631105171 0.182131058758274 0.114729348342332 0.118827603971205 0.197875889597384 0.18620881314312 0.25932587709732 0.202318875780115 0.163877085645655 0.194308797710239 0.185697865905919
0.00808065954192675 0.017890394138552 0.0214501717797813 0.029402821451676 0.0259566215031854 0.0297061802459409 0.106492724407471 0.16145610583995 0.157466602904001 0.166336327321723 0.202706513017436 0.184928375202379 0.121477799074711 0.176332321036953 0.165885887228351 0.178085426548314 0.175915231057562 0.175286810980239 0.217128479730249 0.177566346439133 0.187214886779032 0.175392502723533 0.199287432281828 0.345988497378403 0.290161118422589 0.194763491099897 0.182936818155674 0.197167511109112 0.177583537586468 0.192839328333687 0.23604425862661 0.141806686722768 0.184080616728673 0.177148847146711 0.187703001467547 0.179069913370854 0.15758761719166 0.215389166288438 0.204711612986627 0.198571241253514 0.192781899935706 0.14937724267949 0.146480819093036 0.187840548442446 0.206347441416271 0.193155104439601 0.187757635859182
0.00808314934415951 0.00753401976344839 0.0145898773737308 0.0210039427166768 0.0140038167461422 0.0151842443864319 0.055213275936494 0.170979948074905 0.166077908428916 0.220398321375223 0.258880099613267 0.181302626978156 0.174690673243769 0.144853061248605 0.154036363939223 0.198889099517025 0.16651496576577 0.179132289117655 0.161525493296947 0.22818135528599 0.178714451697076 0.150742657564874 0.196667828878394 0.197573763191269 0.196971521351761 0.333541857560773 0.332676249479639 0.303722121867367 0.206802579711399 0.195862549978901 0.18878887334844 0.129377763040927 0.142337307679823 0.116143035471139 0.183335880565447 0.185453203490223 0.161247961265177 0.183265727871043 0.11998975044576 0.183057690073582 0.203133622267996 0.203418771081401 0.18412535642267 0.155360278042427 0.162855849631348 0.207175837603951 0.187111437359303
0.0156108442202295 0.0145923354764489 0.0200688003597399 0.0437620186763486 0.0448741844704785 0.0682336747454856 0.117462358149899 0.160640950039038 0.158649161641489 0.196206906812165 0.176056319479997 0.155875229428852 0.155781069635323 0.139574978601827 0.17145209955518 0.145152108908873 0.17618829623842 0.175494030151635 0.191472685509208 0.229561718995143 0.155545714642045 0.13149251441209 0.185333826454691 0.206798112860487 0.177363789877055 0.177581063912059 0.205651110968109 0.277000031606085 0.179833406748668 0.18523954208763 0.171683681750077 0.19141564862804 0.183692392216133 0.181129701120336 0.196478245759802 0.188105996841669 0.168785069228715 0.172606967376256 0.143425768910547 0.178077400453647 0.1895783847981 0.185362852087511 0.181955926169325 0.169946877575113 0.139025938558341 0.176842360666997 0.205443678242087
0.0193593896907786 0.0157632688340231 0.0292751291329227 0.0702330977208881 0.120046413606334 0.152531942789001 0.117115732298742 0.106234287718445 0.170366156489413 0.18292048122684 0.265591569803034 0.178736358842386 0.171822349886759 0.165303915282026 0.141255582317905 0.132131656711225 0.18876522217369 0.174499844389863 0.144550925944381 0.149344622210478 0.177319868809123 0.144436460665231 0.177230709753068 0.227800765351303 0.190672531920722 0.176090150091885 0.200270228463586 0.29193771494273 0.189713208951527 0.194213000664582 0.18398578067883 0.197703586607221 0.185262250062785 0.167500164437061 0.180602167807238 0.176820595891437 0.17826203622342 0.181082736898993 0.205092167328876 0.22765428467458 0.183324224042151 0.187085027770643 0.181777572464779 0.112863067777682 0.198279507839163 0.200489495675092 0.177627601024151
0.016341204375478 0.0149946712782127 0.0408484039425601 0.102266416086415 0.102987207437282 0.133730744847212 0.133945589698353 0.148891397008868 0.138065289770847 0.176400124630479 0.207049537839317 0.243831047539537 0.152474087281769 0.151028696189217 0.1461816112668 0.155930237541081 0.186135065612523 0.127404491609012 0.178961623379619 0.194218125975589 0.188887909305913 0.174038192678664 0.167410578271757 0.219629809463716 0.176376277697323 0.170623347443125 0.153411681067841 0.207540321960648 0.280813957047616 0.142024975142242 0.185354505660906 0.185608172963301 0.170002846683155 0.152457714760497 0.1856836289309 0.152236187429207 0.197036602123815 0.300208116100823 0.315901711626085 0.308713498531598 0.235297991988569 0.174212399864236 0.147961651355275 0.129389962348896 0.184825833389807 0.17631117912905 0.195656042656255
0.0220524825796374 0.0405196721893791 0.0899637031881143 0.112268914319606 0.146530684098039 0.103058080878547 0.0922650301168969 0.152566164917702 0.171098097171341 0.199977747608046 0.255370845437135 0.231715114855372 0.181787253607792 0.171905778560368 0.171072915521777 0.174482849000935 0.170424599271864 0.148275612246874 0.168554590399381 0.234020419239051 0.180651943831147 0.184088322491402 0.196385616441087 0.204611242312745 0.182589524946312 0.175921014828664 0.17359997858759 0.184299599200679 0.371643099252787 0.305898279091408 0.195028601370964 0.178491536260721 0.181440067175743 0.194310043445553 0.222226295578964 0.120587881358731 0.245633270614713 0.187447785894119 0.214946004848544 0.19493986942416 0.196740508635864 0.328299411842088 0.201257224552973 0.177815760445241 0.164021128240407 0.18073590639132 0.187056963133638
0.0187553148407367 0.0625884783506863 0.098229299367138 0.11162253785754 0.104401188203698 0.0942415404606288 0.0927787268698985 0.20102601607867 0.140960013818408 0.159701523242431 0.16855765134901 0.125101420650789 0.229435864135978 0.162442372284368 0.171328629389331 0.172962375661379 0.128325392541875 0.178253120317815 0.177405041512172 0.209560477530921 0.174805921556546 0.183429150548038 0.20649442038712 0.232303048534987 0.164167769083099 0.174106779305817 0.182731983677593 0.199580927521838 0.219649741228742 0.23260085045994 0.287566589891406 0.188446474099241 0.203291652690703 0.222174330620146 0.264373151684718 0.304159374962628 0.167913837542448 0.158134441605908 0.175976948344268 0.178116747893355 0.178748122142995 0.210667206580216 0.167484735115385 0.212662554221519 0.178618334319481 0.186168878428192 0.187584265095892
0.0349799072681751 0.113551843730976 0.13081499456717 0.114922802138508 0.130946553114452 0.0774642797856026 0.0843143202328486 0.159572909969356 0.176969781593414 0.16590708252491 0.161739955529385 0.150841159635784 0.183911018763764 0.280481719439337 0.216934981443527 0.173613521510076 0.146809533049999 0.154535690245565 0.174569730140986 0.206416989039238 0.17592672741489 0.172694791715903 0.13815360350651 0.230708115816083 0.189156596616953 0.175259244637359 0.190666410021464 0.22259179432013 0.177468662994286 0.205630538539207 0.192549196579026 0.28976097044347 0.267996550808062 0.151646296165527 0.180761977851823 0.221487556741464 0.201586205453217 0.196433897582619 0.198864291588055 0.179182830378971 0.192700535623474 0.147952165970668 0.124967450715864 0.201157619116499 0.173756140407326 0.193632345638446 0.183536835467836
0.0501400233187414 0.0832156617687676 0.182612161736592 0.093312257508723 0.123783032273514 0.105405918225093 0.0861699942511095 0.187698445635541 0.110358748279462 0.111221624641015 0.138644885921967 0.223648587179547 0.125186264123791 0.145216486730285 0.125774268988281 0.222243166394361 0.12406527140515 0.167057999585419 0.176115598684731 0.195440049949003 0.218955439549519 0.183001667576884 0.172780391528203 0.19067705216029 0.172071603726898 0.172675874335347 0.204972256406781 0.184469481905089 0.195159439171385 0.175274495996847 0.20664545689585 0.19294795645308 0.243461384483178 0.183084953880743 0.110229289685995 0.187588091282928 0.195510202643408 0.177597418637111 0.187516265743959 0.1626241250667 0.147453231181139 0.1515349808171 0.186840596705792 0.168160991428772 0.197628237416934 0.186703708190987 0.107416099014744
0.0715274434066006 0.063861495268199 0.132476102525582 0.107050973994172 0.0834714824136342 0.097993330404313 0.187265089912192 0.174089908490419 0.140137846307299 0.148185323130927 0.191254984364954 0.218244160277587 0.122979150377194 0.162016241825841 0.138747934926774 0.186583263382329 0.148676116150368 0.153125927182998 0.111437225831454 0.176142115050704 0.209406913959126 0.246564457762027 0.20917632835248 0.177843308991903 0.176083209566564 0.174304085983356 0.200596077229325 0.172223209714628 0.17871119498904 0.149346989107575 0.184390003992048 0.199285741641045 0.245519552776751 0.186883378815723 0.174998494439892 0.167582329579138 0.176286780513112 0.129600722967828 0.184144042452382 0.127120926659077 0.201698713148302 0.179366647522681 0.179146419315361 0.180913121137865 0.223578256522955 0.186147220429945 0.180226293870527
0.0795593129463648 0.0697720911226196 0.07754628476171 0.120020146387425 0.0969454089599548 0.106008257943805 0.157050456124206 0.140700936465506 0.154390686655 0.159792426327925 0.132063025593525 0.225508843724142 0.146027584993317 0.122076481670464 0.150734204360956 0.187417140805391 0.207511598863548 0.170824818435858 0.175043109560357 0.173108002119601 0.175804627557886 0.181301185484436 0.18837263758755 0.155772367284343 0.149890877145726 0.186303880543807 0.195395577198289 0.175206692403321 0.182398091020968 0.252148341734098 0.133660147247338 0.178924429282382 0.140785966798805 0.146894919307673 0.191828040405674 0.175515990685601 0.175195801117432 0.180780521511785 0.183078244706266 0.185593063973563 0.109028667786452 0.184203090306271 0.180050093508452 0.106449452901524 0.130606903381054 0.187511638727078 0.183957538079637
0.0996392759843302 0.123693481700647 0.116246716241712 0.135094967385938 0.133766942356197 0.154254296434321 0.138810506431981 0.173770235012594 0.167712170791308 0.1687835387539 0.160873742376812 0.192333684369681 0.233769385777034 0.126752073330672 0.150887394212157 0.121168598671633 0.117320815923886 0.186337177269132 0.174967012928882 0.180944068762311 0.164331796831533 0.171981501471249 0.170589427850143 0.131084562791039 0.171683147863514 0.182915925394834 0.180169363766671 0.174982780378715 0.197804206428165 0.245430820829947 0.186782420866622 0.178564945663161 0.180414364310523 0.231982431857566 0.182387199735078 0.184300933917087 0.13910705372351 0.219243453554147 0.169616935679055 0.142558087569925 0.178195727512271 0.112482219797824 0.174973117031921 0.116916485833356 0.139830238665802 0.104446257127742 0.22191398973571
0.07251738921925 0.119014224019371 0.113152087268671 0.0995599493391481 0.172084417004415 0.149996373130614 0.170311308543153 0.131221744943454 0.162237270863006 0.135896580264364 0.124507614218979 0.116012259957483 0.229370818956361 0.161299979612652 0.168644763839906 0.166583783743766 0.153366318506188 0.151243051644342 0.175433078102337 0.171296827546383 0.18215403367671 0.173416570756912 0.178039263156816 0.165593673316093 0.176084793430035 0.171053072737844 0.123469614166587 0.169775944893795 0.19825315163916 0.15899864378576 0.146035299654155 0.126711382276447 0.177678160081686 0.203275137799681 0.147429686783702 0.162054218956703 0.174344501196191 0.213292664939627 0.177884222498862 0.167624364247881 0.18701254377158 0.152512900834913 0.176593800879389 0.0939970471090114 0.0692957130403857 0.068932363192636 0.138517669652065
