Validation points/white/Bungarus_ceylonicus-white.asc
NCOLS 267 
NROWS 469 
XLLCORNER 376490.070567719 
YLLCORNER 381033.488324056 
CELLSIZE 919 
NODATA_value -9999 
[rows 220 to 239 of 469, columns 132 to 175 of 267]
1.85843942785897e-10 1.83529377041708e-10 5.72533221263325e-11 9.26435526629655e-11 6.22779293124378e-11 1.8516411486857e-10 3.46129697623327e-10 1.73030500330621e-10 3.99968913292014e-10 3.60305177074784e-10 3.0325758182002e-10 9.53493604444026e-11 1.05976052759937e-10 3.26032003359971e-10 1.56980576537152e-10 1.64495896662294e-10 3.56323427968373e-11 3.79267255701308e-10 1.7250241568112e-10 1.59993540382326e-10 1.54696819897042e-10 1.41473981923647e-10 1.41753497684464e-10 1.4705657484207e-10 1.53209647057249e-10 1.58287760962298e-10 1.65073276961493e-10 1.68409121670393e-10 1.68473362388423e-10 4.00411143471013e-11 7.63256546140101e-11 1.88908688328872e-10 1.94653152325484e-10 2.0356222963915e-10 2.05919006773869e-10 2.07253515552405e-10 2.13391132210919e-10 2.19938515801924e-10 2.28572908434182e-10 2.35071619904599e-10 2.42574510640887e-10 2.50940232153864e-10 7.67978868359883e-11 4.02808382206161e-10
6.23364071956625e-11 2.02758540383027e-10 4.37625582641103e-11 4.33408863792146e-11 1.73495738041883e-10 1.75309279307696e-10 8.54829285598263e-11 7.79513428943202e-11 9.19234474666409e-11 3.6914194986297e-10 2.51927601171356e-10 4.09245191248286e-11 1.85875727248708e-10 1.83073827379305e-10 1.73777232634864e-10 3.47813357215713e-10 1.80805222464958e-10 1.11165125528772e-10 2.88260418005616e-10 1.8093663321343e-10 1.75245462211249e-10 1.57794832766973e-10 1.58990360365333e-10 1.75554154754218e-10 3.49655064902505e-11 1.97213636293423e-10 1.73059189201431e-10 4.19479005608762e-11 1.77493661530781e-10 5.80753746021003e-11 8.04930221361352e-11 1.93825288194835e-10 2.01091107663348e-10 4.03533377547056e-11 2.27327932631811e-10 2.31264192623568e-10 2.19161522428763e-10 2.2532059794079e-10 2.34662767705119e-10 2.43106181532475e-10 2.48902225285384e-10 1.17552881159516e-10 5.25188602930286e-11 2.7876788360795e-10
1.92056517689407e-10 2.125206558169e-10 6.44757869898061e-11 7.00807785235947e-11 4.85197122515085e-11 1.65103992541697e-10 1.85192743010056e-10 4.18535647602757e-10 5.05160276177922e-10 3.78007660123687e-10 2.24008865932232e-10 3.16779312301855e-10 4.31060032888008e-10 2.12286511647345e-10 2.01662877930725e-10 5.13138939986741e-11 2.52238916482639e-10 3.29073285576934e-10 2.28881529265861e-10 4.31738051206546e-11 2.11325350309376e-10 7.74021666470652e-11 1.93258439959336e-10 1.9905106082458e-10 1.98882178747229e-10 1.91367693735875e-10 1.97089500970619e-10 2.04312452447489e-10 2.13612655827882e-10 2.25874155342486e-10 9.7069888127728e-11 2.31638803524788e-10 2.34821135968006e-10 5.29267711180241e-11 2.50439049567044e-10 2.58982981614578e-10 2.51553050860086e-10 2.39685061439831e-10 2.4810352017527e-10 2.71517540887961e-10 2.87376638101236e-10 2.81043675708727e-10 2.74822418006581e-10 2.83379695096651e-10
5.14336145401692e-11 2.30749579285115e-10 3.73468822870855e-10 2.58078929099427e-10 1.76232751097044e-10 4.56111036246159e-10 6.36166740104312e-10 2.56310322521829e-10 5.55732727518248e-10 5.68408472303389e-10 3.88453961710229e-10 5.77402370141425e-10 2.35736641930612e-10 2.26397923473752e-10 2.23815492415116e-10 2.43809727688198e-10 5.7478008021977e-10 5.90166479455476e-10 3.09101049043211e-10 7.87798220953597e-11 2.81040837022054e-10 2.31796503455317e-10 2.13686473699272e-10 8.5634243581416e-11 2.04474550549216e-10 2.00231817815896e-10 4.21335738994605e-11 2.1448521446305e-10 9.89243584268525e-11 2.51942887975908e-10 2.43758782316031e-10 2.50204345099631e-10 1.08070096847758e-10 2.60136075216948e-10 4.93057867611485e-11 2.4858179293073e-10 2.74341370898085e-10 2.7384466477116e-10 7.12603976307076e-11 2.95118196606745e-10 2.96229059847571e-10 3.05006170971664e-10 7.87971028429858e-11 3.05905901726765e-10
4.56473522784707e-10 3.78628016161662e-10 5.42558646420542e-10 2.35786108690678e-10 5.5884464031753e-11 8.09371897494367e-10 9.24361407692677e-11 5.49953884776227e-10 6.62871437301216e-10 7.79913471414024e-10 3.95700167731629e-10 5.36029020059379e-10 1.26265838707407e-10 2.63638831321926e-10 1.12001670286676e-10 2.87234242498459e-10 6.02409040694451e-10 5.65657372302608e-10 2.8237257892898e-10 1.16016836459189e-10 5.76797595753873e-11 6.99912703839314e-11 1.02710529801598e-10 2.41954742272129e-10 2.42736442918347e-10 2.4439628019788e-10 2.51305485747816e-10 2.56713027105755e-10 1.89041717762197e-10 6.14315362113857e-11 2.86672354493161e-10 2.77017368148935e-10 2.6655251104285e-10 1.07579947253869e-10 7.38173512222718e-11 2.7807123515602e-10 1.03702415608986e-10 5.95463744913698e-11 3.04173174748762e-10 3.03469897552387e-10 3.03582485943531e-10 3.21401211775781e-10 6.79934067322452e-10 6.79989248146563e-10
4.95931382390576e-10 1.96792914989671e-10 5.78212794773626e-10 2.53381469128895e-10 1.24358038339978e-10 6.00650205092333e-10 4.6784405830604e-10 6.68347433489851e-10 9.01643593720358e-10 7.54698900872611e-10 7.32368735907285e-10 3.52945245774096e-10 3.08545492758774e-10 3.03572546883936e-10 3.34526527231148e-10 2.10023193798713e-10 3.46071670048164e-10 5.00904729475802e-10 3.81182485067119e-10 1.76267645691064e-10 1.49238519845409e-10 2.94466724749651e-10 2.83534893770458e-10 2.81915822162488e-10 2.67442462968143e-10 2.46860735791012e-10 4.68749085157372e-11 9.87666619228296e-11 2.70083147950285e-10 4.49582929888157e-10 1.41148478291963e-10 2.88344251193762e-10 2.85022064273177e-10 2.95035258077937e-10 3.05589731216221e-10 5.86628634719264e-11 3.24239211277864e-10 3.35557100596507e-10 3.36637457137809e-10 3.20318539623146e-10 3.10379654786862e-10 1.96855146499629e-10 6.97010442554522e-10 4.80077914229365e-10
2.76960255570167e-10 3.08177966592572e-10 6.10264566919908e-10 6.73405258530862e-11 1.18918268504088e-10 9.31345015299718e-11 6.68071410589232e-10 7.90502765093836e-10 9.68526068965975e-10 6.15413398196189e-10 3.90796960466384e-10 8.01182871282303e-10 6.28722399728347e-10 3.57784339642803e-10 1.55461742285915e-10 8.32073763949639e-11 7.59809787914953e-11 3.34449964332854e-10 3.31550484449113e-10 2.92290930404808e-10 7.56944679105657e-10 4.79819478751529e-10 7.34516339397508e-11 8.24188101990788e-11 2.84607013152247e-10 2.7870749793393e-10 2.8054675554144e-10 2.93716522102397e-10 3.10262492353354e-10 3.22100941897664e-10 3.29808030902936e-10 3.27798999147823e-10 3.09360291700399e-10 3.15156940718568e-10 3.27651751756265e-10 3.19418135137811e-10 3.33234610283492e-10 3.47071746395155e-10 3.47267995811551e-10 3.4626554493244e-10 8.04048651868838e-11 5.80220747748665e-10 8.08080977019713e-10 3.79316085136605e-10
2.83817371851813e-10 3.06083671491966e-10 3.37378530049024e-10 6.55523418250814e-11 3.05815921605012e-10 7.36149831462269e-10 6.01156116249156e-10 1.20561082711808e-09 1.07927423968328e-09 9.25457314825826e-10 4.29698112630597e-10 1.52514833910267e-10 8.09448349443704e-11 5.95304554788402e-10 1.03007222313e-10 4.40962772570704e-10 9.22951675969134e-10 9.20135972800433e-10 5.58937627975778e-10 8.05050031433376e-10 6.14462127934539e-10 1.10872497377554e-10 3.43587000308585e-10 1.43631275138127e-10 1.44313194065233e-10 4.74448811747423e-10 5.21073281328155e-10 6.70250320329819e-11 3.4668175366691e-10 1.44901912110956e-10 3.29467844744493e-10 3.30065096670142e-10 3.36335675527122e-10 3.46252761279689e-10 3.55821950870934e-10 3.6385857562542e-10 3.57831073195202e-10 3.66898154423597e-10 3.7260316967282e-10 3.54810872387319e-10 5.19141480123359e-10 8.17407065890608e-10 1.24421761767251e-10 6.17128415843945e-10
2.79764579198913e-10 9.35620112703925e-11 4.84142821533916e-10 2.13253008770304e-10 3.7501935844889e-10 7.7547761622394e-10 8.40963743965242e-10 8.90030210141436e-10 7.30635790037036e-10 4.70803784522655e-10 9.1435768513607e-10 6.67805910676883e-10 6.80597510526733e-10 1.59147722136852e-09 4.68571676553242e-10 9.49030163685831e-11 1.02522267529391e-09 3.32372464407623e-10 1.19847030110159e-09 9.26522828894158e-10 2.52738478001288e-10 6.66071617174744e-10 4.99300231854968e-10 3.06937444493411e-10 3.90773209502004e-10 5.50438279934028e-10 3.75720384136932e-10 3.68683222106511e-10 3.79656563718034e-10 3.73648486476614e-10 3.53397725590897e-10 1.04542986845151e-10 3.69237345043491e-10 3.63711218136942e-10 3.73842185102797e-10 3.79523362680251e-10 3.89391876091567e-10 4.00557449229247e-10 4.11249323799383e-10 4.02214297065695e-10 4.32628525511906e-10 3.11303979336571e-10 7.90179862926671e-11 4.2996260360333e-10
3.23689252268115e-10 4.93598723622986e-10 7.82298854335105e-10 6.60273823605631e-10 7.69913494797407e-11 1.33488554704627e-10 1.04118558193433e-09 1.00480186284979e-09 1.14538636091991e-10 1.07005913974638e-10 5.08928510389745e-10 5.18449678170415e-10 1.58358447350907e-10 5.38911095658895e-10 9.71865207723345e-11 5.49689637993346e-10 5.50810020747004e-10 1.15886880626278e-09 2.11323625983279e-09 8.00673504244429e-10 6.43999217088548e-10 3.50960667412123e-10 3.32562570963619e-10 4.14322719105614e-10 6.62275870329122e-10 3.13226782412889e-10 3.87596170828751e-10 4.19467615048151e-10 4.48340618453259e-10 1.26629370296005e-10 4.04552223627188e-10 8.16457631080835e-11 4.15536881605297e-10 4.09126616361929e-10 4.18344963802968e-10 4.29459873948194e-10 4.22673300217993e-10 4.13201022742595e-10 4.2762666930293e-10 4.39701953425579e-10 4.61474006663187e-10 1.88101766211227e-10 9.9186693352541e-11 4.64357137255468e-10
3.3724277261446e-10 2.06950393125692e-10 7.32185093630122e-11 1.6618826011031e-10 4.26651032586244e-10 1.38327595594766e-10 2.00816746726289e-09 1.13941317463307e-09 2.06569659694089e-10 5.21858790529554e-10 5.23469667621863e-10 1.0999360075974e-10 1.1375074971309e-09 1.37371533303481e-10 5.82841138167931e-10 6.06652793240209e-10 9.42738752111059e-10 1.89859977430099e-10 6.53824145115202e-10 3.26416255312354e-10 5.46822644124037e-10 1.00707411589208e-10 4.98177634418373e-10 9.40380601492119e-11 4.27885457113786e-10 4.24736091527489e-10 -9999 -9999 4.43223179144399e-10 2.29681028705141e-10 1.92805849018965e-10 4.71766249950183e-10 4.53045173940324e-10 1.02420735148399e-10 4.40110814040674e-10 4.50268424843945e-10 4.57072265192599e-10 4.49166344827897e-10 4.3963840234454e-10 1.9733521506244e-10 4.92020879020036e-10 4.76236344137923e-10 1.08796935718579e-10 5.21478404821468e-10
3.6686339747056e-10 2.50935320752576e-10 1.0467355123676e-10 4.72507484141876e-10 5.26439060247772e-10 1.23830600722256e-09 1.42709082648054e-09 1.40299557181933e-09 1.18445324303955e-09 2.63135243658357e-10 5.8049461612799e-10 3.8716019550195e-10 1.23237892762042e-10 6.44893213986614e-10 4.40354189079448e-10 6.65365673365807e-10 4.41324720099047e-10 7.46186158454908e-10 2.95799980373043e-10 1.39223625358693e-09 1.76394226605261e-10 1.13363284840534e-09 1.06004297951787e-09 1.84327618322965e-09 5.12991252352339e-10 -9999 -9999 -9999 4.97552678540806e-10 5.14372908291898e-10 5.05992763436295e-10 4.91842516594519e-10 4.86664898613849e-10 4.81183754941943e-10 4.97741779692169e-10 4.92856066700024e-10 4.82585286844163e-10 4.9205772465887e-10 9.78386824236008e-11 1.1668085325239e-09 5.32849964820575e-10 3.2122325060637e-10 5.29915649487886e-10 5.52138609871972e-10
3.82216052989095e-10 4.09146495169505e-10 4.30569235465758e-10 4.69990735544673e-10 5.28555292460671e-10 1.49356146518989e-09 2.08960242012989e-09 3.01293841867824e-10 8.83937391793324e-10 1.26801315219242e-09 1.33337580154844e-09 6.60640012758997e-10 7.08913747722053e-10 7.50087040713201e-10 7.56072696587858e-10 7.58111428064237e-10 7.48599773041144e-10 6.28451340023141e-10 1.63550724681653e-09 2.93725390976881e-10 4.53324663243401e-10 1.03347543865553e-09 8.8299686891257e-10 3.96522253488772e-10 5.52332778307043e-10 -9999 5.38671361866223e-10 5.33936954627309e-10 5.12051938495704e-10 5.25172310924507e-10 5.40043647603069e-10 3.08251094204325e-10 5.529181969232e-10 5.27072478791527e-10 1.00798028071623e-10 1.26540602805452e-10 7.43518983882871e-10 1.26614648205109e-10 1.10971609724556e-09 5.32760611097189e-10 5.01885778411217e-10 5.59133108125161e-10 1.36619624032453e-10 5.62636667140668e-10
3.9910066606932e-10 4.36846892945989e-10 4.7087675386874e-10 5.11093160771902e-10 5.43807690166474e-10 1.54332819833647e-09 1.08838061849415e-08 3.00531386838679e-10 1.30192283224873e-09 1.70531738625712e-09 2.62635267471467e-10 3.18663876005105e-10 1.79880014885342e-10 8.17026404791816e-10 8.50842270215069e-10 8.53327035833843e-10 8.75853664954827e-10 1.90704706655991e-09 1.25641145722698e-09 2.43658774123768e-10 1.34695329502085e-09 1.57697052698418e-09 1.17848906308448e-09 1.50244026757147e-09 1.06917783554093e-09 6.8853108238129e-10 6.43228174268852e-10 5.94009430338756e-10 7.66515429665003e-10 5.59904239555178e-10 5.8685738039529e-10 5.8421188733269e-10 5.62208257478729e-10 5.86352934285071e-10 2.62636688752749e-10 1.62721448314253e-10 1.14830344099786e-09 1.1743820678584e-09 5.87634511425284e-10 1.62783430848651e-10 8.47488388928652e-10 5.73351002984214e-10 5.83999291138799e-10 5.97013503939534e-10
4.29171507833521e-10 4.99315260838988e-10 5.26605207309077e-10 5.66809338107233e-10 6.37857785277317e-10 1.3783213448702e-09 4.04108771314226e-09 2.54110283608591e-10 1.48007513561401e-09 1.52177740391356e-09 1.87313909910909e-10 8.25905701542825e-10 8.50057467586397e-10 6.58613693781316e-10 9.48502741566805e-10 9.61894178996089e-10 9.72454035641712e-10 8.42022095632721e-10 1.55815169740724e-09 9.67455164325849e-10 1.8999849475767e-09 8.75354583268556e-10 8.29124523800642e-10 7.95872515876609e-10 7.55107920306637e-10 7.19239620671197e-10 6.97651790153709e-10 6.51218032277893e-10 6.20706344878128e-10 6.09544890537657e-10 6.57999761463242e-10 6.45852464347485e-10 1.29623244208577e-09 1.59517799235881e-10 6.15405450275498e-10 6.29738197154455e-10 1.31386135569132e-09 6.49698211404728e-10 1.26583286949444e-09 1.02767508049416e-09 2.50593505457678e-10 6.63282551164123e-10 4.05520428956978e-10 6.44994859555694e-10
4.77664723437416e-10 5.28779289555331e-10 5.80877678295779e-10 6.20512345381942e-10 6.75127774681486e-10 2.32570479633241e-09 2.18508690326899e-09 1.38004511955374e-09 1.58597944876166e-09 2.42666566287624e-10 1.71900176526474e-09 8.60473337258247e-10 9.33451364642158e-10 2.08460476621925e-10 1.0059064869878e-09 1.06994481351891e-09 1.11076059763248e-09 2.41281320230517e-10 4.16354533198293e-10 2.22196371109681e-10 2.12360779017342e-10 1.4594943938694e-09 9.22809963005176e-10 8.68835902887914e-10 8.18870197176121e-10 8.2214536478493e-10 7.9387171934432e-10 7.42680780066002e-10 7.35624820043484e-10 1.43789562313297e-09 9.77533748025229e-10 7.98352529745821e-10 2.8403757568322e-10 1.4189953210416e-09 4.1014045111341e-10 1.35295598532643e-10 7.15756263932734e-10 1.76049716217515e-09 1.36198765632178e-09 6.34732745362717e-10 1.7462575018104e-10 7.01565249769055e-10 4.43471449860971e-10 7.0452728918188e-10
5.16257196953134e-10 5.77214290527987e-10 6.91736778163561e-10 1.99410598223952e-09 1.56130320113209e-09 2.03517412439002e-09 2.52338190298858e-09 1.97741287217842e-09 1.69234187929318e-09 1.83202277904933e-09 3.533211976674e-10 9.5219622752334e-10 5.88393764087726e-10 1.59468634048881e-09 1.08536133533171e-09 7.56524652303157e-10 1.20652956867356e-09 1.88908330552718e-09 1.30214647962444e-09 3.58369618153688e-10 3.47134112066498e-10 3.97100160035293e-10 9.65443079614039e-10 9.56168984115359e-10 2.15326603130153e-10 8.30342048363247e-10 2.0548285638491e-09 2.07221574805421e-10 1.58347523684631e-09 1.36063244350338e-09 1.64536253780035e-09 1.55691415997362e-09 1.5230775881488e-09 7.29182998785439e-10 7.39751674862881e-10 1.00945886766647e-09 7.2335504529573e-10 1.47256378550231e-09 1.48919349706232e-09 1.52766513112541e-10 7.25284092601102e-10 7.45495930562339e-10 3.14296740881962e-10 9.54135687785542e-10
2.18505678885066e-10 6.08580106604433e-10 8.89075759893148e-10 3.24514802489525e-09 3.47855024879527e-09 2.77153570578284e-09 2.26527225521251e-09 1.77830735212361e-09 1.81352806687214e-09 1.94664529653433e-09 2.92336197532888e-10 9.89684772226179e-10 1.08963917426005e-09 3.58130849445257e-10 1.18077318706941e-09 2.50280984357701e-09 1.38637403116971e-09 1.37927621957584e-09 2.76696919332607e-09 1.46469101200723e-09 4.9469172613305e-10 1.54599409022695e-09 2.24103000287317e-09 2.0263886161064e-09 9.35390910980038e-10 1.9462283664193e-09 1.91988420586977e-09 1.82477160941935e-09 1.79638687795243e-09 1.42410928076492e-09 1.6687553249913e-09 1.61266703178729e-09 8.01886219838517e-10 2.08152305193874e-10 7.95899404614352e-10 7.70032557172758e-10 7.84383066835621e-10 1.57406903112721e-09 1.429441216808e-10 1.14148593387e-09 1.98805313333173e-10 2.18319877450802e-10 7.66085167208316e-10 1.96051675065113e-10
5.24617338732491e-10 1.6359726876363e-10 2.57402002976559e-09 1.83190904526139e-09 2.43987891994828e-09 4.20664340606897e-09 2.67116529404899e-09 1.8219912493808e-09 1.95409182399128e-09 8.79767052273328e-10 9.6952259965495e-10 6.65625335725983e-10 1.06087092872203e-09 1.18496041418917e-09 1.25115720693925e-09 1.313246983401e-09 2.266181926567e-09 1.58571924582712e-09 2.92099360406008e-09 2.89975578399238e-09 1.35860656783161e-09 2.48798850665128e-09 2.02521928509187e-09 2.35076885319936e-09 1.8291971158606e-09 2.19553904898526e-09 2.10227894722219e-09 2.01173792548716e-09 1.95247606416097e-09 2.47142868509535e-10 5.92834458537468e-10 1.82626801240539e-09 5.52595853644542e-10 1.16049301721403e-09 1.75058258030905e-09 1.70043229020139e-09 7.12537726809419e-10 2.10740584589901e-10 8.11064680143385e-10 1.08497414661692e-09 8.12188073324599e-10 8.24958396014729e-10 8.11638903326798e-10 7.99052083566607e-10
1.53013203210212e-09 2.9532464851533e-09 3.68680534057467e-10 2.70230246611907e-09 3.60045870178413e-09 3.47274353122094e-09 2.92604717226409e-09 1.90713208808671e-09 2.06655821529804e-10 1.55326803698704e-09 1.04322438943602e-09 1.12057397525157e-09 1.17789542630399e-09 1.20813275513311e-09 1.26737232391566e-09 2.7664473866052e-09 2.97157470058463e-09 2.99873083497188e-09 3.06234858100737e-09 1.57106078616417e-09 4.01077722367938e-10 2.81282405120997e-09 3.25987816073746e-10 2.4782053199378e-09 2.41211497874925e-09 3.27212207746389e-10 9.08121508686791e-10 2.21100303184597e-09 3.9871257141364e-10 1.03585095593028e-09 1.94172884020459e-09 6.8023916362645e-10 2.07124999920678e-09 1.8610590708207e-09 7.24656587418634e-10 3.60447528028035e-10 5.0207785524862e-10 8.35892563640049e-10 8.55961550964025e-10 8.77640519621552e-10 8.66360290863005e-10 8.56291641780565e-10 8.69645766176147e-10 8.33936954466314e-10
