Validation points/white/Bungarus_ceylonicus-white.asc
NCOLS 267 
NROWS 469 
XLLCORNER 376490.070567719 
YLLCORNER 381033.488324056 
CELLSIZE 919 
NODATA_value -9999 
[rows 220 to 239 of 469, columns 176 to 219 of 267]
1.56713166346031e-10 4.06158200609574e-10 5.51522968896002e-10 2.60777618035901e-10 1.13808149371532e-10 2.74140976322859e-10 2.82650158063657e-10 2.97812062057119e-10 3.012134488154e-10 3.0622837214233e-10 3.15264641267646e-10 3.07017482765592e-10 2.96862716715035e-10 3.06305815610427e-10 3.112808167712e-10 3.14272577743953e-10 3.10399546529081e-10 2.89824747020181e-10 2.84239587239524e-10 2.95320861968444e-10 2.9282714406054e-10 2.88190936885568e-10 2.97712293787979e-10 3.02752639785663e-10 2.87187526502573e-10 2.73313824324855e-10 5.43974784454996e-11 2.75990372297889e-10 2.79559152140084e-10 2.91439802215973e-10 2.62846937289532e-10 6.14566396419406e-11 2.4586648758232e-10 2.41698860118275e-10 2.40071974938505e-10 2.22732844866465e-10 2.09771722231565e-10 2.11528594095467e-10 2.11890718949592e-10 1.97305302820692e-10 1.79548437674309e-10 1.80065414448566e-10 1.78219613464133e-10 1.64066758578348e-10
1.18399620855464e-10 2.91295393308609e-10 6.05331504839917e-10 2.79672415444833e-10 2.80308534325862e-10 2.96425673904045e-10 2.13033872809055e-10 3.04799088374969e-10 3.11696116524464e-10 3.26404180695969e-10 3.34906632269177e-10 3.21327002407763e-10 3.26132813543587e-10 3.369020755176e-10 3.25425911425692e-10 3.30416717102334e-10 3.35420387019427e-10 3.30378051594833e-10 3.3422191853625e-10 3.21122707407769e-10 3.04376121623869e-10 3.07139303388302e-10 3.05395548110535e-10 3.00962815181698e-10 2.86637609952432e-10 2.70854199116181e-10 2.72585420487246e-10 2.76205971403391e-10 2.63885310832412e-10 2.68685622295221e-10 2.67831736222321e-10 2.46111694816618e-10 2.50686110390084e-10 1.28681200744908e-10 2.33327890763716e-10 2.1460200896316e-10 2.20877760560055e-10 2.21602326007981e-10 2.21197716169643e-10 2.1517831721469e-10 3.8514484093797e-11 1.84230856842069e-10 3.87413877134188e-11 1.93539937613492e-10
5.92842034017458e-10 2.99748996787047e-10 3.0614870901168e-10 3.04970160357938e-10 3.0506651687027e-10 3.14587432046692e-10 3.12880278498938e-10 3.16269419793983e-10 3.272536022532e-10 3.3771529307157e-10 3.46413314790874e-10 3.43913494878267e-10 2.91729689473276e-10 2.29507550487405e-10 2.14679457258182e-10 2.31362336340813e-10 3.82311619732307e-10 3.35748944043338e-10 3.32933328073231e-10 3.30453200316024e-10 3.21850415178259e-10 3.1482550678107e-10 3.1813564608801e-10 3.1141788691562e-10 3.05790534555637e-10 2.9060812485742e-10 2.70293002725682e-10 2.73735859114726e-10 2.80355693676808e-10 7.34527313881483e-11 2.92941905709513e-10 2.70870142587938e-10 2.62548658876739e-10 2.66101880358361e-10 2.57737491918695e-10 2.43641478636843e-10 2.20208862684746e-10 2.18612461323912e-10 2.24044092030474e-10 2.19226796834594e-10 2.00403939930566e-10 1.87998494415398e-10 1.9101156792992e-10 1.9175213108634e-10
2.96633679706526e-10 3.0422297163108e-10 6.94734891382581e-11 1.33509518930581e-10 3.26249719203132e-10 1.40024611911149e-10 3.25399276587895e-10 3.30938107192185e-10 3.6426408491123e-10 9.21095639582647e-11 3.70751405640446e-10 9.18730332350165e-11 7.41384946070258e-11 1.09543623447848e-10 3.8251796455357e-10 3.57712568793527e-10 3.37595102010868e-10 3.40299582786115e-10 3.37849764879869e-10 3.33880319385987e-10 3.42754152187555e-10 6.93316505397362e-11 3.09335402730917e-10 3.11486119152551e-10 2.24675266825952e-10 3.13855594174963e-10 2.96930552202398e-10 2.81147943893296e-10 2.8061105817321e-10 2.9131223563568e-10 2.95450492651364e-10 2.66381834724516e-10 2.53315963660282e-10 2.5895709476175e-10 2.60582230133747e-10 2.53864545917838e-10 2.31663008413758e-10 2.19631396823885e-10 2.20803611789385e-10 2.24227936415104e-10 2.1064928034932e-10 2.09336575308907e-10 4.65738008109277e-11 3.80317450978702e-11
3.24325163198432e-10 4.50805888546199e-10 2.57454438911919e-10 3.04814791044448e-10 7.15512087798218e-11 3.45776966504789e-10 3.51624691360216e-10 3.6058034597558e-10 3.73817446488187e-10 3.94454712019327e-10 4.47577793072398e-10 3.74144518996085e-10 3.72740627805139e-10 3.71347695252981e-10 3.75108510033869e-10 3.78388063915366e-10 3.62380741414227e-10 8.67203121345218e-11 3.42096047489729e-10 3.43687537645978e-10 3.51725253024767e-10 3.49446978203973e-10 3.36419092536879e-10 3.19825465310613e-10 3.16380034963255e-10 3.191527983895e-10 3.21183669038545e-10 3.0435926605108e-10 2.82790478108134e-10 2.80449450106158e-10 2.77952133995967e-10 2.733554272555e-10 2.59383519971954e-10 2.51409316068974e-10 2.60581594817232e-10 2.45872053867425e-10 2.24357381448905e-10 2.23161636405734e-10 2.247349716028e-10 2.28065316432052e-10 2.34198907384115e-10 2.21133626375211e-10 2.02268325755532e-10 1.95283732715231e-10
3.58845758714192e-10 7.4352313906947e-11 4.85752992980701e-10 2.31405210179296e-10 3.70082207615246e-10 3.54852150181835e-10 3.70358603553993e-10 3.87852751905829e-10 3.97663516016222e-10 4.12312793491025e-10 7.83347942112149e-11 3.79536118869818e-10 3.82728524743494e-10 3.78862016816695e-10 3.79990002487645e-10 3.87066261276594e-10 3.88638404121479e-10 3.91790273246053e-10 3.6833141633644e-10 3.48308164244574e-10 3.54398605308532e-10 7.03697539042127e-11 3.62788015333329e-10 3.37151048726384e-10 3.14507785191291e-10 3.1123105702392e-10 3.19319247515734e-10 3.10368520292034e-10 2.86774815498248e-10 2.83238688080642e-10 2.86006652006703e-10 6.20947825554294e-11 2.64097708504995e-10 2.48622282530113e-10 2.6121513820484e-10 2.64051720490495e-10 2.53350198749794e-10 2.39418153727913e-10 2.29883944769079e-10 2.37587809123206e-10 2.38738338947867e-10 2.22472339135307e-10 2.02592722118921e-10 1.98457938947607e-10
3.58369010404538e-10 3.6825817107662e-10 3.77187906894406e-10 7.61038380309382e-11 1.01275112744967e-10 4.12954568080433e-10 4.35906998790854e-10 4.23440176574435e-10 4.11372167253256e-10 7.99050649591363e-11 4.1952963852028e-10 3.97062791841619e-10 4.02765295601949e-10 4.2614861272366e-10 4.09649201156547e-10 3.90907562059411e-10 3.87378210375162e-10 3.86414112065483e-10 3.6861221782787e-10 3.49094316659508e-10 3.5953545941956e-10 3.64490113210349e-10 3.42642072957614e-10 3.234525858732e-10 3.24179927896141e-10 3.20689933179161e-10 3.20145102242834e-10 3.08900223553196e-10 3.13037895727735e-10 3.13048580819114e-10 2.89748644747949e-10 2.93316800806502e-10 2.89859373103107e-10 2.78889179887675e-10 2.75685052245503e-10 2.74136870624907e-10 2.47573164312299e-10 5.84940786822924e-11 2.49167989885911e-10 2.35334747577523e-10 2.36186189885165e-10 2.25402151489475e-10 2.09885657665606e-10 2.06686121868365e-10
3.87954823835251e-10 1.5642345187749e-10 7.51366313905453e-11 1.88787497853034e-10 4.24275971382026e-10 4.33914845826337e-10 4.49398252619169e-10 4.61901986057862e-10 4.66700158394522e-10 4.53349817942176e-10 4.27296223746444e-10 4.28345985683584e-10 4.36999908371087e-10 4.15661222946221e-10 3.95117747756983e-10 2.54903582896483e-10 3.93227425610684e-10 3.90609368273404e-10 3.94144614595071e-10 3.97566020868583e-10 7.44406064581897e-11 2.6717894710909e-10 3.65259862583043e-10 3.68396464180286e-10 3.66159639503495e-10 3.48452436650823e-10 3.35717371771259e-10 3.32410415405032e-10 3.36503585057926e-10 3.25951119239603e-10 3.00193448758564e-10 2.97110763755963e-10 2.94071615752469e-10 2.97095448764987e-10 2.83456493997724e-10 2.60681358480813e-10 2.60883090279003e-10 2.61888255588028e-10 2.47496174133748e-10 2.30780523438366e-10 2.31940173167359e-10 2.18210650414033e-10 4.49826562284995e-11 2.04247136996827e-10
4.28824932475085e-10 4.35574250778308e-10 1.91519971319405e-10 4.63819765436178e-10 4.49117772024843e-10 4.45134097442137e-10 4.57907454218705e-10 4.82274770744858e-10 3.5709546510025e-10 4.62879470172954e-10 4.40863951479e-10 4.40903108702774e-10 4.3671271567068e-10 4.38640860601319e-10 8.68985728913212e-11 8.19146620401289e-11 4.01222148669091e-10 3.98270073414048e-10 4.03082245633583e-10 4.07628516737467e-10 1.3727532122018e-10 7.35016194724352e-11 3.80498429365548e-10 1.14472169478589e-10 7.71280783282085e-11 3.57188181838359e-10 3.30794864742924e-10 3.39679789057112e-10 3.51722067926984e-10 3.34340442874266e-10 3.07164336612426e-10 3.03437661620645e-10 2.99573967061968e-10 2.95563194098897e-10 2.79880167786327e-10 2.61776359313691e-10 2.63789190419038e-10 2.71867195821033e-10 2.56100571450474e-10 2.32886865479153e-10 2.33517726507752e-10 2.33930938832141e-10 4.86121620794429e-11 2.05140591328538e-10
4.50179513022536e-10 4.60459074052033e-10 4.75917646825549e-10 9.42955561251443e-11 1.24118129385922e-10 4.54798013590473e-10 1.95736787194444e-10 4.93492991473261e-10 3.63581728913858e-10 4.68724131453749e-10 4.66288277129515e-10 1.20691340876136e-10 4.50597880873999e-10 4.67165281744785e-10 4.67266662042731e-10 -9999 -9999 -9999 -9999 4.1555084824808e-10 4.20158865468325e-10 1.62375860770526e-10 4.26650072924639e-10 1.61079430099321e-10 2.81556737870771e-10 2.44685253724468e-10 3.8777386891039e-10 3.62065087604018e-10 3.52052246444835e-10 3.56249522257591e-10 3.53303084493348e-10 3.54724377615776e-10 3.23980815117687e-10 2.99069177300864e-10 2.82575152338944e-10 2.64499984815726e-10 2.66686139898001e-10 2.75035284642143e-10 2.76998940337566e-10 2.52975893631611e-10 2.36012844005563e-10 2.3728488636641e-10 2.37692511898398e-10 2.23388245497828e-10
1.16376675541479e-10 5.02449685410017e-10 4.85083212965847e-10 5.02782297265248e-10 5.13786335286989e-10 5.29987081818079e-10 5.30805548472679e-10 5.0663607729211e-10 5.06938706691443e-10 1.53552953042408e-10 5.07366879662936e-10 4.90713362957434e-10 4.83898616668628e-10 1.44785281964201e-10 9.57638563733882e-10 -9999 -9999 -9999 4.29350769978101e-10 4.23582668445076e-10 4.42727842811945e-10 2.12101671967551e-10 8.80835730513878e-10 1.51593944263548e-10 4.013437442496e-10 1.5525168457909e-10 7.87739178648154e-10 3.63366941052891e-10 1.31373970519185e-10 3.63062188138853e-10 3.59552114673813e-10 3.54694974196972e-10 3.34655586566786e-10 3.15809306035181e-10 3.11846511648402e-10 3.05333967312427e-10 6.55229533662358e-11 2.9164268411679e-10 2.74938550175963e-10 2.58141678358163e-10 2.40309478119334e-10 2.41672091527461e-10 2.4231096808965e-10 2.42779733309085e-10
3.95523602737955e-10 5.54434230608917e-10 5.48844060511038e-10 5.42263577911319e-10 5.26417057946201e-10 5.47747612586029e-10 5.72668051844233e-10 4.1148711231491e-10 2.23927909979303e-10 5.14350335413626e-10 5.10847830904763e-10 5.06820069258829e-10 5.14101741003559e-10 1.25436239782149e-10 4.96837490532526e-10 -9999 -9999 -9999 4.99577758869837e-10 4.83081805008977e-10 1.76663920373596e-10 2.61147567791973e-10 4.93890462478012e-10 5.11609616829413e-10 3.45311676881171e-10 8.77319730957081e-10 8.53866580438176e-11 3.39008920383756e-10 3.88977970085524e-10 3.5756707765387e-10 3.67449210499423e-10 1.05879744831667e-10 7.02911422699325e-10 2.07863960372941e-10 1.21936167520345e-10 3.12146758594701e-10 2.95934228647066e-10 5.4318529321339e-11 2.77447924096432e-10 2.61612294807173e-10 2.43045563377912e-10 2.44247106666822e-10 2.45580550165055e-10 2.4565018519645e-10
5.59641035083424e-10 5.7211751422443e-10 5.68853816056401e-10 6.1928739897811e-10 5.93873104947844e-10 5.80162018249469e-10 5.90562737298832e-10 5.8556648469462e-10 5.76152966134732e-10 5.53907877999219e-10 5.30042554648444e-10 5.27748383232913e-10 5.24766761807651e-10 5.43431660394697e-10 5.59715020468276e-10 -9999 -9999 -9999 5.11730037144634e-10 5.17148024390282e-10 4.13803665696672e-10 7.38335848688565e-10 7.31943449117446e-10 4.88177602850304e-10 3.13228449000745e-10 4.55962266495416e-10 2.35543501776456e-10 4.28389626265346e-10 4.31047440293675e-10 4.05420063216027e-10 3.84735976330771e-10 8.09668057812747e-11 3.3866998823194e-10 2.6726725226163e-10 3.2209488389433e-10 3.16174700500671e-10 2.9810367646844e-10 2.78894328134742e-10 5.47071989951632e-11 2.81534023616181e-10 2.81805281892604e-10 2.65469244225567e-10 2.47527898428675e-10 2.49315392844474e-10
5.9835339243478e-10 5.97036481431737e-10 6.10730473391919e-10 6.26774956758256e-10 6.44082420531856e-10 1.3040177751773e-10 6.40370608749929e-10 6.11106775154883e-10 6.04898105692151e-10 5.98382257054719e-10 6.00507571084142e-10 5.76515392423517e-10 5.45181003122248e-10 2.31194065096516e-10 5.76192700456548e-10 -9999 -9999 -9999 1.06352191181235e-10 2.09069067799455e-10 1.9927232063141e-10 4.96806162880523e-10 4.93992989703314e-10 5.20134551721987e-10 9.67205298668153e-10 1.7653948650866e-10 1.72912491655649e-10 4.2793218074843e-10 8.50672205397471e-11 8.78702429427363e-11 8.96132093214979e-11 1.68798282601334e-10 1.15108787827785e-10 3.4152543552733e-10 3.36256378256273e-10 3.37475541431035e-10 3.36438661038569e-10 3.10376195483561e-10 2.84768041483049e-10 2.86124122001414e-10 2.87695207145148e-10 2.69968502496262e-10 2.5128010374597e-10 2.5260363718754e-10
6.54818792722944e-10 6.71641509808597e-10 6.63023630183857e-10 6.62631283953664e-10 6.94989834703454e-10 7.07320739164119e-10 6.99064863683741e-10 6.87087608794726e-10 6.65739233415588e-10 6.29544005988375e-10 5.93038148870186e-10 5.87870543837268e-10 6.27043963622549e-10 5.97962033972735e-10 5.64966785407837e-10 5.59209160646936e-10 -9999 -9999 1.21082600315655e-09 5.95732748238961e-10 4.65036414694804e-10 8.25856106503093e-10 1.28384958927296e-10 1.02131760125403e-09 1.01650468541003e-10 5.16544081212916e-10 4.61786811504063e-10 4.34932465939034e-10 4.30339325054615e-10 4.22945220514499e-10 4.09583431434035e-10 3.89769295451726e-10 3.90630932393742e-10 7.9591516090166e-11 9.93570549079995e-11 3.66855986487371e-10 3.35910359810612e-10 3.2699052603814e-10 3.07852692611215e-10 2.89076302006108e-10 2.9129701662303e-10 2.74129709670983e-10 2.54582378804553e-10 2.54650929858448e-10
7.28312397905124e-10 7.5280859427755e-10 2.71273871416173e-10 7.11895778953059e-10 7.44764458061042e-10 7.48184017937201e-10 6.98133195815582e-10 7.06907596645352e-10 1.44323034212304e-10 6.77357792518475e-10 6.2410492163208e-10 6.33883282659961e-10 6.19731125580803e-10 5.92664922708622e-10 5.99206893055867e-10 6.06607049721811e-10 1.21426422130402e-10 1.4709173577595e-10 3.38146805299576e-10 2.49966627131645e-10 5.9075241423826e-10 4.80745932100708e-10 8.95833449506534e-10 4.51813129063323e-10 5.11743583051565e-10 5.03968534717111e-10 5.06297653675211e-10 1.05965017594972e-10 4.46228071204323e-10 4.58027490687735e-10 4.30360534338911e-10 4.08605409799216e-10 3.85765950369736e-10 3.87048129295105e-10 8.91308017070194e-11 3.3754877754741e-10 3.30624852057716e-10 3.32562117939693e-10 3.14444805055152e-10 2.98298417855188e-10 3.04861198386861e-10 2.82389593834628e-10 2.5720203937034e-10 2.58334066604972e-10
3.70139095511827e-10 4.01851882789838e-09 2.42428417300839e-09 7.84760306084429e-10 7.98321029423938e-10 7.64659387467185e-10 7.12257133901791e-10 7.24904251281321e-10 7.4153535770139e-10 7.28627902276626e-10 6.75979650355368e-10 6.49651032288762e-10 6.5654447680438e-10 3.5416171429817e-10 1.24851372142427e-09 1.27029983209104e-09 6.61906082362079e-10 2.25239275729168e-09 5.50649633961462e-10 1.30452212694815e-09 6.698091861561e-10 6.52325505736166e-10 9.1907923976231e-10 6.0096956089638e-10 2.53844607806354e-10 1.27373740347571e-10 5.29004118576454e-10 4.94935806244405e-10 3.38388470915759e-10 4.51726128876454e-10 4.47252914967219e-10 4.14862771877612e-10 3.88888564044817e-10 3.9073740993079e-10 3.69457194188112e-10 3.66085678560899e-10 3.66367958083226e-10 3.36807394258303e-10 6.21286449804479e-11 3.00850150487803e-10 3.03537234134092e-10 2.97983571485472e-10 2.80156370167152e-10 2.61650020536175e-10
8.61863864036879e-10 9.68706720438213e-10 9.51745579328006e-10 2.37900926434446e-10 2.60870827679599e-10 8.30621177497277e-10 7.99496662245369e-10 7.7140346763179e-10 7.68323481998694e-10 7.43161548851427e-10 6.9416972939537e-10 6.62607974424116e-10 6.7293896586564e-10 6.8134035320329e-10 1.40952377792313e-09 6.74351423354954e-10 1.3823591766849e-09 3.18207566528919e-10 7.10786705646924e-10 2.71154659487467e-10 7.04174761075996e-10 6.807123704757e-10 6.84285648854189e-10 1.2721346259552e-09 6.05932715817278e-10 5.47838716664848e-10 1.2080136789499e-10 5.04512707886594e-10 4.57901393749156e-10 4.6070780390643e-10 1.74241218107131e-10 4.21950650408836e-10 3.95270326457798e-10 3.97343976300525e-10 3.97609572209644e-10 3.99484921630238e-10 3.79800724685715e-10 3.49212641805128e-10 3.21731163892632e-10 3.05792877684752e-10 3.08433641971912e-10 3.02363683588306e-10 3.02755592326581e-10 2.86380052674836e-10
8.26980219715013e-10 5.52248102433765e-10 8.84265142290873e-10 8.357023268686e-10 8.37276466006506e-10 8.74985296589754e-10 8.85358087929827e-10 8.17368525458458e-10 7.63534183874e-10 7.64435971416946e-10 7.52713290672414e-10 7.43571793718235e-10 7.22102471169127e-10 6.96342338101524e-10 4.02369995834579e-10 1.52257477513936e-09 1.47689763709415e-09 7.27901835967854e-10 5.8618088259496e-10 1.70870110023253e-09 6.06177548249685e-10 2.06003896276245e-10 1.31688850873843e-09 5.16147418609393e-10 1.05400714720371e-09 2.71478246999185e-10 6.74900613821129e-10 5.48590354393642e-10 3.98403003784626e-10 5.23795487443891e-10 2.03427491031026e-10 4.60836191748632e-10 1.12770413645789e-10 4.31215320413343e-10 4.06649568545752e-10 4.10370578362079e-10 3.9841811053566e-10 7.14137305970559e-11 3.43272771524037e-10 3.40920626157366e-10 3.42287337515082e-10 3.11247317504198e-10 3.1412932763069e-10 2.98878408911302e-10
8.16174856454922e-10 8.36405996850052e-10 8.54900428008725e-10 8.88078502703442e-10 1.73741607245116e-10 5.42748392996096e-10 8.83491974789467e-10 8.64439976976759e-10 8.49935347000378e-10 8.241182423116e-10 7.74423914091504e-10 7.30727125141839e-10 7.33154071764508e-10 7.48373750863296e-10 1.49937193580512e-09 1.55937609489272e-09 1.5742198046578e-09 2.62525576802904e-09 4.11893203028684e-10 6.78495968764324e-10 1.69078631840168e-10 1.43926649933161e-09 1.35579577419291e-09 1.36504201332323e-09 2.06080037087635e-10 2.36646790081667e-10 3.18472529122383e-10 4.66906952781815e-10 5.83772132711622e-10 1.79270693943866e-10 4.88900595390874e-10 4.90740197070711e-10 5.09259557764182e-10 4.82723141054078e-10 4.12486809697617e-10 2.14308579576226e-10 1.67764974596984e-10 9.00387440707556e-11 8.35500665256232e-11 3.78444408699279e-10 3.6751807067442e-10 3.44570775401787e-10 6.12120089008487e-11 3.28924368243672e-10
