Validation points/white/Bungarus_caeruleus-white.asc
NCOLS 267 
NROWS 469 
XLLCORNER 376490.070567719 
YLLCORNER 381033.488324056 
CELLSIZE 919 
NODATA_value -9999 
[rows 380 to 399 of 469, columns 88 to 131 of 267]
1.52322221173536e-12 1.42552325701189e-11 3.77282656074793e-11 1.33384615445201e-10 5.07792752480087e-10 1.37361316091127e-10 1.89109048540547e-10 3.07499100655664e-10 1.48069137581779e-10 8.90664179825381e-11 1.3787993891714e-10 2.73460196023248e-10 5.35255319347812e-11 4.23705986340453e-12 5.11572652128082e-12 2.97473099404044e-11 1.13521110380038e-10 2.67278064111183e-11 1.33720213880778e-11 1.36105494970713e-11 1.02008942140704e-11 1.98559525376516e-11 3.22684259570905e-11 6.16855452897115e-11 1.01410361098953e-10 1.57333129014133e-10 1.27560833597676e-10 1.2643209347342e-10 1.16669066574199e-10 1.181723545414e-10 1.12895221546113e-10 3.51061597264954e-10 2.41506963312669e-10 2.64340412921832e-10 5.3215297635887e-10 7.61048436247332e-10 3.66844069699767e-10 1.26534152169476e-10 4.59491161405497e-10 1.16361315770254e-09 1.60931438835888e-10 1.22585926344356e-10 4.58115636243706e-10 3.82682031226874e-10
1.5741244744708e-12 9.29601302231892e-13 2.39964860396563e-12 7.55711474621759e-12 6.40564791065197e-11 4.98800949664553e-10 1.79931869473254e-10 5.6855927306894e-12 2.28554210270399e-12 1.02937178307895e-11 8.99797464540788e-11 1.90666803687035e-11 2.87602650487347e-11 4.04416960321868e-11 6.14289172625475e-12 1.35410927311164e-11 2.53882777810138e-10 8.38864050700892e-11 2.8389362677914e-11 1.65995566408961e-11 1.07263672423883e-11 1.6804870161163e-11 2.4858921548984e-11 3.27469649469558e-11 4.30253067693973e-11 1.17072042816486e-10 7.13890546524107e-11 4.8868958287926e-11 4.39491567297002e-11 3.74095677459625e-11 5.39978124028448e-11 1.10095445085914e-10 1.12435423777145e-10 1.13964104758482e-10 3.36974248101791e-10 6.91222068667248e-10 1.83609084579302e-09 4.86772214997846e-10 3.51430201225619e-10 1.60646952619624e-09 5.36308173023858e-10 3.40579140256697e-10 1.36763421886891e-09 9.4690490516293e-10
6.34153623161329e-11 1.08849206432935e-12 8.36578517519362e-13 2.18076290609603e-12 2.28369674945148e-11 7.7271702475852e-10 5.51273121047914e-10 8.86747655935948e-12 9.44744171355112e-13 1.34727305471324e-12 3.30992505059876e-12 1.27835568141621e-11 1.51068123962051e-10 4.66272044106866e-10 2.1727536906583e-10 1.22753203705938e-10 5.05110021027736e-10 3.5167761738454e-10 1.01493083202295e-10 3.78275277527397e-11 6.54708979433694e-11 7.45255025960999e-11 5.1059837082944e-11 1.3297261480203e-10 2.2385865280309e-11 1.37747708605127e-11 9.11781306762668e-11 2.23215334175883e-10 2.0509135855752e-10 7.33222886590749e-11 4.35212618336754e-11 6.67526699499701e-11 9.32493940574074e-11 7.83804455439437e-11 4.06569574473033e-11 1.01357009918175e-10 2.01413532931452e-10 6.86491135453297e-10 6.04331374890571e-10 3.32602444454211e-10 4.31862213280534e-10 3.65165749616438e-10 1.31698724566696e-09 1.3000158451264e-09
1.46643566146405e-10 1.11545834134971e-12 1.64359909250964e-12 1.16155632284849e-12 7.07568245727791e-13 1.86727282266125e-11 1.73612329754419e-10 4.84433339880924e-12 1.08396024715547e-12 1.47628309323939e-12 4.1148108802423e-12 1.79559646518962e-12 1.41545989038885e-11 2.40097245379059e-10 4.38498715883925e-10 8.21059818825934e-10 6.95071289389976e-10 6.7383915385453e-10 3.0592036004635e-10 1.32014985478586e-10 1.53168623624555e-10 1.39055764346292e-10 4.77358530496234e-11 8.1329255145536e-12 1.55120828153939e-11 2.00839336857019e-10 1.63229810029181e-10 2.77845710303991e-10 9.90639938125981e-11 6.1650125167496e-11 6.8798945908334e-11 7.37479633083036e-11 1.55488149893498e-10 1.74524557302069e-10 3.472514523608e-10 1.93502501200626e-10 3.66042809336677e-10 1.28126456918508e-09 1.39636411974847e-09 6.55097882495351e-10 3.61444878401407e-10 4.25694349719736e-10 3.44606051237407e-10 6.46189332496161e-10
1.65529285285194e-11 5.82564620766205e-11 5.33802675230796e-12 1.0545364029606e-12 4.13724909786867e-13 8.04527812894758e-13 8.89411374277696e-13 2.74375408848635e-12 1.08201302959492e-10 1.34302284378647e-11 2.51400203598855e-12 1.47306345807291e-12 1.38855866692045e-12 9.47441722609732e-12 4.25446071155003e-11 3.87331483652294e-11 5.06104885919658e-11 2.39268774217931e-10 2.7439143848138e-09 1.01771437073533e-09 6.01878743177584e-10 2.04229556812789e-10 6.82451074343022e-12 5.28071370552833e-12 5.19241135213874e-11 6.00125259706276e-10 5.99203493667749e-10 3.67099967854222e-10 8.02393983413076e-11 4.96774487572688e-11 1.02147536800637e-10 2.76273007001372e-10 5.31334083903376e-10 9.33298983526767e-10 6.52297745671543e-10 3.92436027120314e-10 2.65494906418819e-10 3.393499340668e-10 9.79565010548921e-10 2.20729781869852e-09 1.18326232241754e-09 1.18677604608712e-09 5.36555138676805e-10 5.19565669779765e-10
3.75917994330112e-12 1.3947620228907e-10 2.19728132785727e-10 7.85212353827233e-11 2.72972060456199e-12 5.70950334242176e-13 1.17575481188712e-12 2.05502504764597e-11 5.73852783198389e-10 1.88157399396899e-10 1.3889261801653e-11 1.9560603504016e-12 1.5714745032524e-12 3.43112319382912e-12 1.60514089817588e-12 2.90083860729899e-12 1.14114762109926e-11 1.45786462836275e-10 1.68575960555489e-10 4.94710592392726e-10 8.33437891641371e-10 3.18130667732521e-11 3.87545378961875e-12 5.81907362978713e-12 2.44005619697158e-10 1.01708958889938e-09 7.03395409826285e-10 2.56802710806238e-10 2.12893897454054e-10 1.82010836244338e-10 3.74135762973635e-10 9.24678099052223e-10 6.43216359119088e-10 1.11124959334606e-10 7.58641504652974e-11 6.37368113846284e-11 7.86902298407141e-11 1.8305058314451e-10 4.05634359201941e-10 1.12563329864496e-09 1.33363168544224e-09 3.97306903336189e-10 4.79985588320717e-10 1.56519432535195e-09
5.23263896170596e-13 4.5923182197854e-12 9.89204917623703e-11 2.93454734365472e-10 2.16747956319354e-10 1.06984533600416e-11 8.22330366618058e-13 1.38925491026704e-12 1.16564668031847e-11 3.31506857716724e-11 1.56341861139547e-10 4.94013748825269e-11 6.74329203213236e-12 3.44310415635357e-12 5.00309998662977e-12 5.93814822257729e-12 1.67155755185393e-12 5.84355037852201e-12 5.85650133107753e-12 8.90229041017884e-12 6.26601088313834e-11 4.94051771511181e-10 2.50962359566369e-11 1.16269541098981e-11 4.97012534730722e-10 1.42877269389404e-09 1.34610248734155e-09 5.64589869804498e-10 1.55999266324483e-09 3.58580008085021e-09 2.02519868054612e-09 1.60612438129234e-10 2.31971371176479e-11 2.21019103308404e-11 1.91887399544289e-11 2.76670362373939e-11 4.84597649040434e-11 5.88176169927753e-11 1.54547410307692e-10 2.31361471512146e-10 4.35261690571346e-10 4.71255122735249e-10 7.80884939725791e-10 8.40124626384919e-10
6.84050850798389e-13 4.96238375951456e-13 2.19388306506628e-12 1.6482256625806e-11 2.300249025071e-10 1.92736531194504e-11 1.85026154347714e-12 9.97561576991203e-13 6.74778545067035e-13 5.44744200461657e-13 1.94671271622621e-12 2.99143692564204e-11 1.089689579852e-10 6.53644590943004e-11 5.24032279122908e-12 1.51157940252829e-12 1.17461069038176e-12 1.51278766440879e-12 4.74117930721044e-12 9.7475558377012e-11 3.31801113395328e-10 7.10597002851628e-11 5.75372954322649e-12 5.37452036694475e-12 2.32135755847411e-11 7.81303300368521e-11 2.3703890954311e-09 3.38160539485939e-09 2.81420069725189e-09 2.3773605485854e-09 1.71311733496693e-09 1.08601521377087e-09 5.37803915240091e-10 3.96820733418288e-10 3.94858224883403e-10 1.50072815343338e-10 2.60507623518984e-11 3.89627928949982e-11 8.36230105852652e-11 2.28345349937007e-10 5.04841760685827e-10 8.66977266077186e-10 6.40108090951791e-10 5.18266294874846e-10
1.01748469510725e-11 8.5362431598363e-12 2.31101458221994e-11 6.41662075124089e-10 1.20013677229933e-09 1.28706080879115e-09 1.07606222126531e-10 2.22500170439991e-11 3.92688018190862e-11 5.08452215427291e-12 2.3731587983256e-12 9.92395175597332e-11 1.00188526440163e-10 2.37816927993891e-11 1.31637708933486e-11 4.73389765531982e-12 2.38936028565263e-11 2.34553340392363e-12 1.87453478150288e-12 1.32538234115023e-10 7.02986503933236e-11 4.30323889577924e-12 4.05318959251814e-12 8.39427160146844e-12 4.26381498400642e-12 1.54786840374112e-11 3.78290942838108e-10 4.52783836841077e-10 2.74860856543779e-11 2.41167642599608e-11 2.48618446618006e-11 2.30819477148676e-11 3.32687825149574e-11 7.69989683714183e-11 1.29994378054364e-10 1.13636538785291e-10 1.06465636771369e-10 1.86893657710745e-10 4.62546765892003e-10 5.39948275759707e-10 8.80092637315693e-10 6.70402090841786e-10 4.8836126962068e-10 7.96379412507737e-10
1.07615342685168e-11 2.28479356619649e-10 2.1441403479359e-10 1.13394340085219e-11 1.36595308185606e-11 7.68002274754488e-10 1.83300670522387e-09 2.01678739226863e-09 3.62168565431811e-10 3.86143369458371e-12 1.19626432835762e-12 2.63912885021369e-12 3.12488591995298e-11 2.52142167585749e-09 5.21040398477105e-10 1.43612591632123e-10 1.78821197211654e-11 1.68663899530905e-12 1.91138600728791e-12 1.9203351625387e-12 3.96146199491223e-12 2.27151078555105e-12 4.61781578647697e-12 4.57625547048569e-12 5.33188019645472e-12 1.32951120606225e-11 6.9891990501366e-11 5.70901915022165e-10 6.24225250584803e-11 1.01327447976466e-11 1.49489260956355e-11 2.64189384999147e-11 1.6886663034185e-10 1.01010556558676e-10 5.53745565730749e-11 1.25318794064777e-10 3.87122033932396e-10 3.22166548783714e-10 7.38744034741504e-10 9.80453173734882e-10 1.1230415814735e-09 1.8447069624151e-09 7.28345498718357e-10 1.12919792061504e-09
1.50252206523776e-13 3.08606231713504e-12 2.24715860678099e-11 4.51315409810617e-11 4.18242361174661e-12 7.28972532509498e-12 3.34650852869979e-10 1.9227007808544e-10 4.17108622728653e-10 2.1990578666315e-10 2.93169056714735e-12 6.1252122536995e-13 1.70949385405021e-12 3.42418110130701e-11 1.19591386761588e-09 1.86486660115164e-09 6.81304576278761e-10 2.88686750423131e-10 1.05976237197825e-10 5.06990349840328e-11 1.00266406541692e-10 4.43481286066249e-10 2.47446365366253e-09 2.44027171537742e-10 1.31040154514219e-10 4.08650078937193e-10 2.11466500396265e-10 2.24313256823269e-11 3.2301462397492e-11 8.23919294802891e-10 7.38507592658482e-10 7.14009799925123e-10 1.75700289395482e-10 1.86950012158404e-11 2.79182133285859e-11 2.96596055006247e-10 8.9510961293448e-10 2.32702766257045e-10 1.34534448182036e-10 5.55752465204008e-10 2.40679845908673e-09 2.70904787761663e-09 6.5605417335745e-10 8.52448807063356e-10
1.30687102969606e-13 1.5219239359752e-13 6.00260829717393e-13 2.49607791222731e-12 2.39786455946584e-11 2.99381639055056e-11 1.35672231350496e-12 4.63206256882967e-12 6.8008423442025e-11 1.26997444894102e-10 2.22650074725924e-11 3.13138148641531e-11 3.11231229061094e-10 1.21029473525159e-10 4.24583461009791e-11 6.23723299582108e-11 1.36713402106754e-10 2.34712755505022e-10 2.5656372192032e-10 2.08826620963926e-10 1.30792626773846e-10 8.97468064909528e-11 2.09917054731022e-10 1.46756078354623e-09 2.99897300650148e-09 1.99622527135997e-09 1.12630189109792e-10 7.98130953512833e-12 9.9292699043539e-12 7.5220894165103e-11 2.27871486707419e-10 3.94122721251783e-10 7.3595526328691e-10 1.99463964425454e-11 1.95317844732759e-11 1.57629171984444e-10 1.11097720172127e-09 1.77303849398944e-10 1.24051915624712e-10 3.2802904247101e-10 3.44407032512035e-10 4.19195083219439e-10 4.73447242915514e-10 6.67836983693506e-10
3.90105088114055e-13 1.61902863817381e-13 2.11270830697428e-13 1.9636005978956e-13 8.85632651756316e-12 1.28003634483855e-10 1.06844917776572e-12 2.71918249073394e-13 3.5336448721858e-13 3.98469844700238e-12 5.51705927508253e-11 3.45311458382769e-10 2.49409351906998e-10 4.06589446495077e-11 3.51506290456834e-12 3.41373387711949e-12 1.62481349160897e-11 7.07592511480137e-11 3.64912065545579e-11 6.02547541077442e-12 2.13983079105509e-12 3.1307205686511e-12 3.3602963091862e-11 9.18942577081788e-10 4.54044485716642e-10 2.17922379354599e-10 4.25345568490559e-10 2.51862210240997e-10 1.45502497779586e-11 6.63599155416062e-12 1.10578022062393e-11 3.7427561980978e-11 6.67820667551735e-11 1.57307760801398e-11 9.17002783323763e-11 3.4065530377833e-11 1.86571819822641e-10 4.20035726613712e-10 1.87707832666122e-10 3.53665057206564e-10 1.88004266315153e-10 4.370322825563e-10 3.61153291892161e-10 9.74886673364278e-10
7.46395443862901e-13 1.39250123271007e-11 6.43454227010472e-13 1.21007987483311e-13 1.41040014716248e-13 4.21731022800917e-13 2.6719466452083e-12 3.67640549191361e-12 2.18729385843262e-13 2.20625444362996e-13 2.57765556918572e-12 1.46159563488794e-11 6.52942846775199e-11 1.11397233512663e-11 4.22740033518966e-13 3.63613387030997e-13 4.46665716840697e-13 1.31655786730589e-12 4.478736562993e-12 1.85631002328093e-12 9.57254691870281e-13 5.87780466800602e-12 7.84999029199864e-11 3.43369341019482e-10 2.46687181511331e-10 2.78747608583877e-11 8.30593457879981e-12 5.0655037720482e-11 4.24684310013273e-10 2.00106941940335e-10 1.8354979034441e-11 7.27056350177652e-12 1.02076074227326e-11 1.55678709507708e-11 1.23215545437615e-10 7.8796818099034e-11 1.65021035425744e-10 2.13939777576615e-09 1.22201432961763e-09 9.7084436041634e-10 6.73575166124251e-10 5.8236279342128e-10 5.3942455882314e-10 4.72009093697755e-10
5.44645559589463e-13 1.15181610162277e-10 4.47478485432559e-11 1.7332453406603e-12 1.08748640589674e-13 1.51533781139867e-13 5.36393150367394e-13 3.18565913727604e-11 1.33398094912556e-12 1.43802803862451e-13 1.89451394387781e-13 7.69827196924803e-13 9.27974232670606e-12 8.22220873612592e-11 1.66852998829158e-12 8.01199448395985e-13 1.29372375527424e-12 8.53223766638769e-13 9.84254181894234e-13 5.88933769265695e-13 9.64618421113294e-13 9.81246963287551e-12 1.098231356246e-10 1.18957371394527e-10 3.53306500028529e-11 2.69818982419434e-11 1.46976271207835e-11 5.20139238393189e-12 8.35545743299156e-12 6.92405083286127e-11 1.08631701226664e-10 8.41248017131874e-12 1.02820808278343e-11 2.73119195545694e-10 7.64639127969197e-10 1.02286741837393e-09 1.71896800138853e-09 2.85835283543684e-09 7.16518272090104e-10 2.8530639803783e-10 2.14108435941109e-10 2.59452862995007e-10 3.90163643732025e-10 5.83614110162758e-10
3.00948388166885e-13 1.364876431304e-11 1.96288845585663e-10 3.08355428969618e-11 1.67036964933175e-12 1.11640126321741e-13 1.37030338419862e-13 1.50900340405049e-11 4.60982028682974e-11 1.39336821749001e-12 1.18475039132962e-13 1.41729054090715e-13 2.20585904119905e-13 7.76024303302967e-13 3.90925843135934e-12 6.80054984860394e-11 4.22702313330708e-10 4.08947769556934e-10 5.16308740489063e-12 9.15420982329184e-13 1.2916505300108e-12 1.24992924639249e-12 3.74641439853819e-12 7.5440116210919e-12 6.96871455057195e-11 8.51461141824938e-10 1.21007648370818e-10 1.36646353809428e-11 4.14616014929679e-12 3.65387208803317e-12 5.97893783254005e-12 6.23311093818029e-12 7.44438660209436e-12 9.19676249716884e-12 9.38120444651529e-11 6.94942448825971e-10 1.33407499505847e-09 2.89900778892485e-09 2.87220396891978e-09 1.44382997870022e-09 6.89348688361123e-10 4.17777675043003e-10 4.87682766402202e-10 5.27199640939971e-10
7.47927368716987e-13 5.976680140098e-12 2.51696772543967e-10 1.67872868054806e-11 1.51567773275669e-13 2.2817882133075e-13 1.97377333664268e-11 5.90044803496257e-11 2.45978396596299e-10 2.08485857150331e-10 3.27443634588586e-12 3.97161230522861e-13 1.86790138127589e-13 2.14631052859287e-13 5.87942543108028e-13 9.53249419045983e-12 5.40937905985962e-11 2.48363456216684e-10 5.05756518162264e-11 6.1846790677945e-12 8.99738404221999e-12 1.75038344228321e-12 2.23459903690625e-12 7.40872840133548e-12 4.81280220199537e-10 1.65065499648971e-09 5.52965761502231e-11 2.2154979666021e-11 2.5685473910084e-11 9.22242300748033e-12 7.83106674643624e-12 4.69780303876981e-12 7.01593803399705e-12 8.75417784675613e-12 2.07979249439222e-11 9.8354669702754e-11 1.88531132782648e-10 8.4806699416528e-10 2.49757550445355e-09 3.83626121257091e-09 2.26769102633272e-09 2.08675111184095e-09 8.48599624458229e-10 9.66510496324371e-10
4.07360267536661e-10 1.6279088329871e-09 1.69049641542584e-09 1.16568508271037e-10 1.4638694769828e-13 8.11247031240834e-14 5.96256608860847e-13 3.11849577082471e-12 7.19802271606377e-11 3.14739318114815e-10 4.27211974428323e-10 2.00341266142587e-10 6.95612130171551e-12 4.30060968998852e-13 3.06971727362499e-13 2.18516611014763e-13 6.99525969659565e-13 8.86918611897623e-12 2.97721403666843e-10 4.55404211946095e-10 1.20553516224805e-10 1.11734482069425e-11 1.44283502599295e-12 5.21244999573701e-12 3.51495364803574e-10 1.09144215356816e-09 2.63852407573296e-10 2.44335354065084e-10 1.16178696292889e-10 4.80428811309807e-11 8.03709762235592e-11 4.64049213582698e-11 4.81391039462399e-11 6.66780507541021e-11 2.2931181272456e-11 8.00096654637143e-11 8.32568310986968e-11 9.85800718906086e-10 1.77310798710698e-09 3.8300440146084e-09 5.37398113670579e-09 2.78061362642805e-09 1.86885758145063e-09 1.12114426037972e-09
2.02442542189762e-11 4.2123715804513e-10 8.98690965638926e-12 1.81881785198983e-11 3.30943708687227e-10 3.41752594327758e-13 2.23450752796898e-13 1.25175095526664e-13 1.10799626710521e-12 5.76533943099607e-12 1.1332215854229e-11 4.06175524926216e-11 6.90795671216964e-11 1.18757728447709e-10 1.86959707212248e-10 8.52022267510339e-12 9.12915144717103e-13 1.12051697278523e-11 5.53696888279463e-10 1.11063642581341e-09 1.22761572086499e-09 2.99279247295756e-11 2.20256394921587e-12 3.81010338023219e-12 7.33859199043929e-11 3.64309951725434e-10 7.55200576629262e-11 2.21575443951426e-10 5.06229846541951e-10 7.63403741629701e-10 4.00254793391632e-10 1.54907290392525e-10 1.73659382179483e-10 3.29865990547246e-10 2.08529399337827e-10 2.36598117200109e-10 9.5826533483114e-11 2.52573387136023e-10 5.04757776742349e-10 1.0240032769172e-09 3.84923999176195e-09 7.21969960066458e-09 4.61563254247648e-09 1.90267977248538e-09
1.87789173931997e-10 1.87951802472e-11 2.84655341292192e-13 1.67045780544244e-13 2.35616391432548e-12 5.16089770108968e-11 2.20547180619252e-13 8.24335893883283e-14 1.7282842607174e-13 4.75626898672321e-13 1.31464827128091e-12 3.37543833937509e-12 2.20193724591432e-11 1.89631023227404e-11 1.95458647917596e-11 3.2298998388702e-11 6.4692550415863e-11 6.91197773757324e-11 9.70433996213843e-11 9.70166242858994e-11 1.83078778937313e-10 5.0394499363733e-10 3.51892699967556e-10 6.9723128783906e-10 3.82638735139643e-11 2.90785359182522e-12 2.65206882247901e-12 2.82500733170232e-11 1.52310492808271e-10 2.37010406572401e-10 9.02213629813784e-10 2.59984246290282e-09 1.47528839385896e-09 4.7817656887072e-10 1.54024579898688e-10 6.08100637132393e-11 1.00585582740591e-10 2.51282619767806e-10 5.33123920436665e-10 7.17618679119211e-10 1.92078325334046e-09 2.35202995827702e-09 2.46472392560387e-09 3.26266933430689e-09
