Validation points/white/Bungarus_ceylonicus-white.asc
NCOLS 267 
NROWS 469 
XLLCORNER 376490.070567719 
YLLCORNER 381033.488324056 
CELLSIZE 919 
NODATA_value -9999 
[rows 400 to 419 of 469, columns 132 to 175 of 267]
1.88158031949228e-09 4.94444162885786e-10 4.13631332082356e-10 2.29539437338956e-09 1.37878966459926e-09 3.2150048622329e-10 2.37745527314382e-09 1.97716664928712e-10 9.42125384713279e-10 8.45762591035416e-10 8.11047872152941e-10 7.7652186564059e-10 7.09954254707521e-10 6.65177987318578e-10 4.38571373206825e-10 5.82802569266746e-10 5.25916479178125e-10 1.31902257410516e-10 4.16016357782555e-10 9.42641454008988e-11 5.55108159421234e-11 1.50770334256385e-11 1.68590690170783e-10 4.99743060315244e-11 9.74869518586088e-11 2.54532817160047e-10 2.54256459743899e-10 2.35878645969472e-10 7.51256852303147e-11 1.25296687164914e-10 5.35398946844924e-11 6.69214060442525e-11 1.56302818818749e-10 4.80933264578048e-11 1.16482293529355e-10 2.31773137520905e-11 1.07997828801458e-11 4.7108907830312e-12 6.53905195633059e-12 5.30423111932286e-12 1.64482075434052e-11 7.35446131934091e-12 4.86697986364943e-12 2.27593059106382e-11
1.9400198330376e-09 7.30831669792607e-10 1.63341508833996e-09 1.09542164536553e-09 1.35090094709226e-09 3.17435098768864e-10 3.41624342664537e-10 1.07117715385837e-09 9.11041350109149e-10 7.95131077467974e-10 7.94091015658784e-10 7.11873339824336e-10 6.21738207974903e-10 5.83933595241155e-10 5.57346858616013e-10 5.39894321011637e-10 5.25396612774423e-10 2.37630890557709e-10 1.7451586575952e-10 1.51769183863438e-10 2.96639362150282e-10 2.75408845553098e-10 1.096028130697e-10 4.97606772537409e-11 4.68063065943494e-11 2.43592519783405e-10 6.41194095810777e-11 5.59151525725082e-11 9.90424790302946e-11 4.65184878225718e-10 1.8847475948836e-10 6.10178313731383e-11 1.87796935797445e-11 9.15108299197077e-12 4.13223101920529e-12 2.19869626679089e-11 5.7919801261152e-12 4.67284183129029e-12 7.38530586021225e-12 2.01616801231014e-11 7.12209504920967e-12 1.31435656885876e-11 4.95013568781135e-11 2.9900261681224e-11
9.51368962294974e-10 5.33189955623848e-10 1.69213522086594e-09 1.51756085267696e-09 1.33009513864051e-09 1.23729788484079e-09 2.31020644158369e-10 2.5638207620172e-10 8.45119041711668e-10 7.50849107558395e-10 7.05262351082717e-10 6.63898500791258e-10 6.06754857032333e-10 5.67073148766757e-10 5.43857695586089e-10 5.2956683999873e-10 5.02115369858327e-10 4.47620853762705e-10 1.66377311441333e-10 1.82997218820105e-11 3.18237159850452e-10 2.94844700869501e-10 2.79621767539746e-10 1.08132899152758e-10 5.54384139198163e-11 2.31276275180107e-10 5.32246763589751e-11 1.30673741442946e-10 9.33391565555747e-11 1.15751800241898e-10 2.19618851736072e-10 4.41849486657586e-11 9.21096369697444e-11 5.64562522790128e-12 4.08985739304749e-12 6.23266317387702e-12 9.03055985221955e-12 4.75410965822306e-12 1.35874259878104e-11 2.882371067899e-11 1.43807720974227e-11 2.20146942979886e-11 2.15967857921491e-11 1.45148263637632e-11
6.70828487961245e-10 2.11910216817218e-09 1.64008478605604e-09 1.4946814214837e-09 1.39507446934109e-09 1.31455396199192e-09 1.13330858348445e-09 3.93973909796425e-10 8.33685457092979e-10 7.32460730000273e-10 6.80140041177445e-10 6.38874323592085e-10 6.01376292821939e-10 5.87563904364413e-10 5.39031612724063e-10 4.71534459783381e-10 4.49284943979117e-10 4.41436991739699e-10 3.94431631713373e-10 3.50050575927418e-10 3.06151907934732e-10 2.73287932791627e-10 2.63540414139779e-10 2.54541948544679e-10 2.62054501142461e-10 2.58633682301085e-10 2.23673661231082e-10 9.59943831248768e-11 1.68801274269042e-11 1.41545491246343e-11 2.10240063729821e-10 2.18832850369956e-10 9.26842346404636e-11 5.0193087526599e-12 4.24122485712046e-12 7.58653399305235e-12 3.00544825849803e-11 1.1254574997572e-11 7.53545559124349e-12 1.75475905527442e-11 5.66379253457847e-12 2.16284241741775e-11 3.17743825446247e-11 8.94922030928222e-11
4.24083899771039e-09 1.22401907315442e-09 1.76043745344888e-09 1.42230290953432e-09 1.29338954146041e-09 1.1521405981175e-09 2.00246328879882e-10 9.1756008785883e-10 8.43258291986301e-10 7.56929289078644e-10 6.78651399561739e-10 6.18783946843105e-10 5.91235213042085e-10 5.59667739821169e-10 5.02471210988431e-10 4.82324997622729e-10 4.76641573343064e-10 4.37448534697148e-10 4.08668958574145e-10 3.71666652106692e-10 3.04674906310014e-10 2.69145596712369e-10 2.57234111835958e-10 2.42064741893552e-10 2.30619739467383e-10 2.18184659352248e-10 2.13795982444064e-10 6.39289326778007e-11 3.94669034169097e-11 1.56911886786774e-10 2.52315834659688e-11 8.12589403442877e-12 1.99457224731862e-11 1.91172636518747e-11 1.5136415857391e-11 9.61607585785364e-12 1.87703415826732e-10 6.87794745411119e-11 1.66910369924808e-11 1.22513449228761e-11 8.42085873229735e-12 4.04687739040712e-12 2.27827093826401e-11 1.96299538452258e-10
4.9884486187458e-09 3.72816298075518e-09 2.0132390769665e-09 1.38375114288093e-09 1.21538672539795e-09 1.09133959457974e-09 9.72478930509173e-10 8.77122242441944e-10 8.26786107939807e-10 -9999 -9999 -9999 5.256627523655e-10 4.97856124543328e-10 4.86786023709671e-10 4.54866370092713e-10 4.37266653070506e-10 4.02401219774995e-10 3.740120794356e-10 3.57668965066604e-10 3.23931394506098e-10 1.17187643376361e-10 6.62891567567195e-11 2.49936169336241e-10 2.41648944979325e-10 2.28572191937109e-10 7.92312378441692e-11 3.67440739046032e-11 9.44848563920858e-12 2.49138706288878e-11 7.34008804182865e-12 3.6714335252634e-12 1.89070323929278e-11 1.32376670956622e-11 1.932776918759e-10 3.44352959989788e-11 1.57399214607556e-11 1.92605522059787e-11 6.05770225158638e-12 1.86808500032708e-11 3.70002481597631e-12 8.91635151290833e-12 9.53027716047211e-11 2.62060118718315e-11
1.51728637595492e-09 1.99475296032959e-09 2.15168288562187e-09 1.38142309554833e-09 1.23651424367727e-09 4.19463625600368e-10 2.59990578060779e-10 2.03730475275397e-10 8.13335401394933e-10 -9999 -9999 -9999 5.421950231783e-10 5.21722207337362e-10 3.19922092361074e-10 4.91074379010175e-10 4.59747315545702e-10 3.99855968290691e-10 3.66423342536816e-10 3.56515773512909e-10 3.06067041164555e-10 2.62926413313727e-10 2.53324874926321e-10 6.93242743660894e-11 2.30150804512213e-10 9.05482441806372e-11 5.13338810478874e-11 5.79258745965116e-11 3.56872552215388e-11 5.69458617201781e-12 1.83465565754602e-11 2.45371382899736e-11 1.85728532450149e-10 4.30398874144516e-11 8.12623206648725e-11 8.5852362968878e-11 1.88160072115174e-11 3.39354053081404e-12 1.92547704648197e-11 1.83486398411344e-11 3.94772072779341e-12 1.47591362388191e-11 1.87157078622584e-10 6.39687071697307e-11
3.10000867968691e-10 1.57365989047494e-09 3.25716318762886e-10 1.33601887146037e-09 1.17054513605511e-09 3.1232285814141e-10 4.46795724983753e-10 8.95160490714865e-10 -9999 -9999 -9999 5.81325679800382e-10 5.43784204359391e-10 5.31147311464234e-10 4.93847538174473e-10 4.7705911054975e-10 4.4188417081322e-10 3.78172383782463e-10 3.47449350007137e-10 3.33441732994793e-10 1.27278221287071e-10 7.53978931466526e-11 2.58801016719807e-10 2.34230722008904e-10 2.16955607983151e-10 2.14524213616515e-10 8.98771957579817e-11 4.22053598109382e-12 2.11330838673263e-11 3.98054038178313e-12 2.08442455499888e-11 4.5390763604312e-11 1.80154744140299e-10 1.89928241805434e-10 4.37540550008148e-11 7.71041125967498e-11 1.70745176095064e-11 7.57735880663001e-12 1.73892304009676e-11 5.66673321298629e-12 4.04374662704291e-11 4.57204538505724e-11 8.95067917153078e-11 4.34059662978019e-11
1.61699773742264e-09 1.37179138053995e-09 6.66833781902957e-10 2.51942605595243e-10 1.25622676750093e-09 4.49777784870957e-10 2.92611092853312e-10 8.70788577062931e-10 7.55519496988201e-10 6.71518941830087e-10 6.03908809506576e-10 3.53695635769258e-10 4.94712360966947e-10 4.81072485308995e-10 4.96303057988635e-10 4.71948673809007e-10 4.20710048312674e-10 3.75673402223935e-10 3.46026351781139e-10 3.20205655233529e-10 2.93713555413412e-10 1.09850796151315e-10 6.21786081239885e-11 2.26208675665554e-10 2.10077419249396e-10 8.96917869080639e-11 9.92071850956e-12 3.63745426553823e-11 1.47306366293771e-11 8.23457337314524e-11 1.93352938509098e-11 4.1733331172456e-11 2.16216281166736e-11 4.45411091955523e-11 1.87632495995385e-10 4.40315695474796e-11 7.76392749887114e-11 3.19528958639488e-11 7.53447076439162e-11 3.88159124738206e-11 1.94022040166605e-10 1.99486295517003e-10 9.35389629144417e-11 1.76452946657114e-11
4.62186337049708e-10 4.17818834070701e-10 3.29638838170293e-10 7.72592955724639e-10 4.51212283707818e-10 1.96413959762208e-10 2.52139025961374e-10 2.36357291980049e-10 2.88900882560398e-10 2.53472198036701e-10 5.36527427333764e-10 5.32692422854993e-10 4.86655576028017e-10 4.61349458258076e-10 4.49424940647835e-10 4.30413749511869e-10 4.06230901048815e-10 1.41500789926351e-10 3.38330065385799e-11 1.25759429551756e-10 1.23679175963089e-10 7.01790275922446e-11 2.33462914386067e-10 2.25572575098846e-10 7.35311735539085e-11 1.50559816219028e-10 8.71529853941044e-11 2.97021613780582e-11 2.0073338621655e-10 2.09583232543476e-10 1.93736669836239e-10 2.02519459561368e-10 8.32283158835545e-11 4.16039913637607e-11 1.82149582139047e-10 6.31508295607775e-11 3.63569888686073e-12 1.06725494472393e-11 1.79404037821338e-10 1.8361850657576e-10 8.59121279373424e-11 5.08497800179627e-12 5.13682486229524e-12 1.99261276565197e-11
5.86719439063991e-09 6.68231137376706e-10 1.27764696901563e-09 3.04589333377911e-10 3.75612035561537e-10 2.3244905390238e-10 5.32904101627828e-10 7.5255797296704e-10 1.11002718487378e-09 3.89823734412907e-10 5.28891646066547e-10 5.05059667511449e-10 5.26069726830166e-10 4.85643444116846e-10 4.43443214741181e-10 4.38740253057379e-10 4.17397554195812e-10 3.78899494153684e-10 3.14504060797591e-10 2.81980929653735e-10 2.82078078728474e-10 2.7510273156737e-10 2.5081239655362e-10 2.3212022913451e-10 2.2659924674213e-10 2.186688896287e-10 1.03909226657183e-10 2.1286557245464e-10 2.18534886665971e-10 2.10559863506513e-10 1.97221069418069e-10 1.95747883503737e-10 1.75750447346617e-11 1.7850578671127e-11 4.73908020162307e-12 8.45261060744434e-11 2.36649992758852e-11 2.75074251711618e-11 2.25786247608931e-11 1.8264920890165e-11 1.84339366919298e-11 1.83455086416645e-11 1.8582782758179e-11 1.84576819806911e-11
3.25467220649685e-09 5.37148217106776e-10 3.00053877930457e-10 8.69361517360064e-10 1.93558341289609e-10 7.00679888979318e-10 5.18870167691081e-10 1.89415403022774e-10 7.33775685373522e-10 1.60793225236677e-10 5.13149759373228e-10 5.33070211952248e-10 5.31313741622013e-10 4.67019596267405e-10 4.18024311339717e-10 4.08529776155902e-10 3.91079627130953e-10 3.63258622642958e-10 3.25442006724784e-10 2.90208590643823e-10 2.75540676198013e-10 2.59251292841212e-10 2.47173731027054e-10 2.28274323876761e-10 2.20174734830224e-10 2.2299738371876e-10 2.16560387419021e-10 2.07144977047469e-10 2.14547153211753e-10 2.15930283560997e-10 2.09533746493575e-10 1.36777272026433e-10 7.72620204238401e-11 3.89039017157224e-11 3.20001382830839e-11 1.72431582124174e-11 3.24348011359526e-11 3.16488922528439e-11 7.35024477010299e-11 1.78455892727849e-11 1.98007813816178e-11 8.43897741295393e-12 8.6344213162657e-12 8.99420432852231e-12
2.09872239049348e-09 1.90524308416065e-09 7.06410782877913e-10 2.34029569872963e-10 3.16209266348017e-10 6.32126928429351e-10 1.73656979293859e-10 1.48198525740484e-10 5.89979276549831e-10 7.13646119139698e-10 4.91152036849601e-10 5.02228183040748e-10 5.14687239988917e-10 4.61255225584783e-10 3.93845529011678e-10 1.58792529019218e-10 3.94280544028355e-10 3.72224675675434e-10 3.34611063980036e-10 5.71618552203781e-11 1.08008149574097e-10 1.58139063559512e-11 2.40206299772735e-10 2.3215806834594e-10 2.22072251104434e-10 2.26272344891065e-10 2.27536502060563e-10 2.08186730574237e-10 1.94068471119987e-10 1.99862607235553e-10 2.130366082396e-10 2.13197459656711e-10 9.14950922849759e-11 2.83996227588408e-11 1.80331463797177e-10 1.04878142012298e-10 2.33204752661588e-11 1.60631456368856e-11 7.71693844002587e-11 3.7903901937303e-11 8.37550670817378e-12 3.80895359294002e-12 1.03983574064623e-11 2.11589720708894e-11
3.20847929220084e-09 6.17507025826252e-10 1.74365428302041e-09 1.40544055694864e-09 7.45700743655406e-10 1.0323157294413e-09 9.03419223889141e-10 1.84198234069181e-10 3.98128675294681e-10 5.75248848588984e-10 5.23609709738216e-10 1.37492659283433e-10 4.61453594492234e-10 8.76204638448998e-11 3.82577456051853e-10 7.254761104088e-11 3.72092850901356e-10 3.49143684866713e-10 3.25370604071671e-10 2.82727448560467e-10 2.50023932792393e-10 2.43973249315086e-10 2.38994166734118e-10 4.34795521948831e-11 9.63106824913481e-11 5.42658604888024e-11 2.1134419368746e-10 4.57595646793475e-11 8.87873471627605e-11 4.86212546571178e-11 2.07991696240088e-10 1.71582057118472e-11 1.85694157978434e-11 3.89827615426252e-11 3.9189417944294e-11 2.17457070707571e-11 3.8081543941347e-11 1.76988974664557e-11 4.04338890452448e-11 2.1165507656896e-11 8.96707539633004e-12 1.86120735556116e-11 4.12537752305245e-11 9.06952652894107e-11
1.73006294288222e-09 2.08604932659873e-09 1.42726461758841e-09 4.29270316632084e-10 1.27082207325737e-09 3.39672726626926e-10 1.00662479115301e-09 2.09691434435898e-10 6.97036691917052e-10 6.06082672001743e-10 5.37388373762082e-10 4.60057107253377e-10 4.24595060201696e-10 4.17314915165854e-10 3.82172989761285e-10 3.7523820118238e-10 3.57036188796678e-10 3.28529134860156e-10 3.25195450612108e-10 1.25695057914171e-10 2.75041223906139e-10 4.79358783828146e-11 2.51503027789146e-10 1.75300412483608e-10 2.23316987379208e-10 2.21413693686396e-10 2.14552085171473e-10 2.20905534297971e-10 2.05679742326255e-10 2.09790427076334e-10 9.21058514458579e-11 4.35981940533448e-11 1.77889628447052e-10 7.754190590136e-11 4.08276660510379e-11 7.8941436761876e-11 1.7773984980053e-11 1.90471958463959e-11 1.95855877773342e-11 1.97638918054537e-11 1.74105869290588e-11 1.79093788219951e-11 1.62680672090483e-11 2.77120522320923e-11
2.50259367424895e-09 7.15455038289367e-10 4.61965748195775e-09 1.68502538961576e-09 1.42338820926205e-09 1.16285669280527e-09 3.02601399507223e-10 8.91367944967258e-10 1.65179520898626e-09 2.79616142355472e-10 3.54110963597436e-10 4.70090109307491e-10 1.48033600789397e-10 3.89504527642227e-10 3.67900748356576e-10 1.43495107514687e-10 3.30848789456309e-10 3.18196594789587e-10 3.23763105066565e-10 6.88051210377196e-11 2.84705562782501e-10 2.51885417908951e-10 2.37094300347132e-10 2.29617554399141e-10 2.25731098211241e-10 2.30426561326931e-10 2.23036532320986e-10 1.99256328619712e-11 9.40909840054079e-12 8.53253499001854e-11 1.84738508786789e-11 1.93181287662872e-11 2.10351437635981e-11 1.98519782739352e-11 8.3874707335654e-12 8.37079081897308e-11 6.80467997163787e-12 1.83791874553567e-11 1.86460728773666e-11 1.89944354625049e-11 1.95011283494293e-11 1.99641683485194e-11 7.23173492021707e-12 2.33634965765915e-11
4.22226321795049e-10 2.50698471294034e-09 6.27208171530679e-10 1.93247077147639e-09 1.73108048163709e-09 1.44142046050995e-09 7.26002032164365e-10 2.45838820588539e-10 8.80351478669161e-10 1.64560508868803e-10 6.24077533244791e-10 5.42511618244836e-10 4.44501061936777e-10 2.96970798996904e-10 3.74089140136e-10 3.45018712719572e-10 7.32226387851525e-11 3.01176732104517e-10 3.06688199513087e-10 6.60002632894131e-11 5.95337269912701e-11 5.4010605946141e-11 2.42833011376812e-10 9.61771670796487e-11 9.42489326607827e-11 1.01993449844475e-10 5.50275238386545e-11 2.21610739124306e-10 2.20637713369891e-10 9.31979280726927e-11 2.03019052420691e-11 4.50371325024894e-11 8.24254471259586e-11 4.18767520257103e-11 7.57994349647346e-11 1.86174418405435e-11 1.80845250768032e-11 1.77057103327435e-11 1.812324083567e-11 3.86157213794977e-11 1.71282761147987e-10 1.80292589443685e-10 9.39215704211752e-11 7.91827819464629e-11
4.29732112323939e-10 1.97877348334829e-09 5.20643074119183e-10 1.78742144763722e-09 7.53038957211041e-10 3.25434242547055e-10 4.77458594251729e-10 3.79099571465838e-10 8.75834141596619e-10 1.50723585753497e-10 1.67524245214558e-10 5.70122760912493e-10 4.67750514695868e-10 3.24231352626784e-10 7.1657825249025e-11 3.45355468808916e-10 1.35175157526301e-10 2.21699067868156e-10 2.87807857298687e-10 2.85755334673572e-10 2.72386213687389e-10 1.84174471473837e-10 9.19826945623871e-11 5.61543970419418e-11 9.4202336080278e-11 1.63423538807896e-11 4.44546466745047e-11 9.93498503965114e-11 2.40314547425117e-11 2.28370672037708e-11 5.10757997830083e-11 1.98693992618209e-10 2.06751857219148e-10 8.44535270036084e-11 1.91591481320773e-11 1.89400796033991e-11 8.1098738649868e-12 4.20317756541991e-11 8.41440049639218e-11 4.13861342342853e-11 1.92128440501281e-10 3.70400239919006e-11 7.49987686094832e-12 4.81293217329456e-11
3.16856600624809e-09 4.24088015584337e-10 3.23729368616881e-09 3.53508379165211e-10 1.75808146036649e-09 4.34960613456151e-10 1.16754427279937e-09 1.94640105946238e-10 8.24674276294286e-10 8.27389987534578e-10 6.76338557161362e-10 1.35093452549359e-10 4.574825386362e-10 4.08954587471067e-10 1.62772258234546e-10 2.20282106320227e-10 1.35773983676882e-10 6.14194935123734e-10 5.33243684208586e-11 1.15506568871052e-10 2.98210697394993e-11 2.92050455031413e-11 2.72123885992686e-11 5.15161413092546e-12 5.85065912512437e-11 5.33152183045258e-11 9.86386843251358e-11 2.38388491652514e-11 2.28295359631151e-11 2.37820996416198e-11 2.35015015946366e-11 2.31902657456472e-11 5.10779345640395e-11 9.42474938013926e-11 2.00855883457251e-11 4.22823716942277e-11 1.88620458589119e-10 1.82009366146998e-10 1.8257106932986e-10 1.70789155761064e-10 1.82250101796431e-10 3.32197399009758e-11 2.05739823687172e-11 2.19275865863826e-11
4.2442099647746e-10 1.01590660397551e-09 2.71537948947394e-09 1.43295666005477e-09 2.60927506138593e-10 1.59873955820613e-09 1.44264271440892e-09 2.49609436648731e-10 3.27100241877083e-10 7.56019241127094e-10 1.28530258163756e-10 5.48579654491731e-10 4.81618858299667e-10 8.85690213598123e-11 1.13307445197523e-10 3.92293993225095e-10 1.25807914806946e-10 3.16859741020425e-10 2.81868694898947e-10 1.15527661215873e-10 1.1103192886825e-10 6.60201031838225e-11 2.439571896103e-10 1.98372718666075e-11 6.07077657576611e-11 1.07230337086133e-10 2.48336562355809e-11 5.59494681734664e-11 9.63851385970451e-11 4.95962910793602e-11 9.37471799152953e-11 2.32797054974782e-11 1.27108029287872e-11 8.89931696503944e-11 7.96768336190871e-12 1.30000293938642e-11 2.99997961253506e-11 1.8572277527105e-10 1.87631058266791e-10 3.67666433455027e-11 1.72554322526144e-11 1.87633933734995e-10 2.26335895037725e-11 5.41410628165333e-12
