Validation points/white/Bungarus_caeruleus-white.asc
NCOLS 267 
NROWS 469 
XLLCORNER 376490.070567719 
YLLCORNER 381033.488324056 
CELLSIZE 919 
NODATA_value -9999 
[rows 160 to 179 of 469, columns 132 to 175 of 267]
3.33600710561879e-09 4.92374539591457e-09 4.31536470163953e-09 6.22510160371898e-09 5.51220355633082e-09 4.61863122356838e-09 3.57590930001562e-09 3.95484079102719e-09 5.67952095721392e-09 5.39798270795648e-09 5.94515722863364e-09 7.44214411688791e-09 4.01347330414124e-09 4.77360972559413e-09 4.92620510055553e-09 5.37176926586178e-09 3.17095555603737e-09 3.5248794821845e-09 4.95750608550119e-09 3.03132710113497e-09 3.19284988380109e-09 3.26979667603503e-09 3.10714178150912e-09 3.62929847723917e-09 3.43744431220431e-09 3.36201029451851e-09 3.10020636956235e-09 3.22503033421613e-09 3.29360452589117e-09 3.12754359279967e-09 2.97299095966781e-09 3.01150514457743e-09 3.17573492309656e-09 3.17877054820117e-09 2.90843768238431e-09 3.01805746322376e-09 3.02060777784298e-09 2.89722151736962e-09 2.99727165866271e-09 3.57141948699541e-09 4.12530854914016e-09 3.58417815152118e-09 4.96021601644547e-09 2.79242277719812e-09
3.27269181503961e-09 3.70953683717857e-09 4.89980021430788e-09 5.08360417830382e-09 5.84824423873754e-09 4.43268455318536e-09 5.95587208249826e-09 6.76995295934365e-09 8.57354550954785e-09 8.70213776009535e-09 8.25150310005154e-09 7.99237777088778e-09 5.58859243784694e-09 4.61991270013957e-09 3.7989199475904e-09 5.686702046978e-09 3.45529371385489e-09 3.32037476550596e-09 5.2542000833668e-09 3.06401048888293e-09 3.7847176183334e-09 3.23582985298114e-09 3.10047542717299e-09 3.06480135700049e-09 2.95283528264152e-09 3.03109782908824e-09 2.98349362677455e-09 3.07031453261427e-09 2.95745828815069e-09 2.93216949346213e-09 3.28865834250281e-09 4.49268875872119e-09 3.31872640289946e-09 2.8716082442998e-09 3.04097357288664e-09 3.35114545469896e-09 5.16519345757811e-09 4.21128444596017e-09 3.4422248027533e-09 4.22299009625294e-09 4.48640157100617e-09 4.75349346913091e-09 5.02753034199253e-09 5.80500276921388e-09
5.14884968549834e-09 5.48855343427895e-09 5.11927149270584e-09 5.06556497477333e-09 5.16754707360657e-09 8.82650025942404e-09 8.93807786802894e-09 6.66701801405772e-09 4.81917301927158e-09 4.82928928151338e-09 5.98582867078819e-09 7.15024286811709e-09 6.39554713822821e-09 5.07463189901934e-09 3.06527483518845e-09 4.04711286509353e-09 3.09932694214412e-09 3.61127268001196e-09 4.59448877652871e-09 3.07084158783854e-09 3.20418242334127e-09 3.09678763892793e-09 2.97253726406915e-09 3.0850964594746e-09 3.13432783456909e-09 3.55859345658891e-09 3.14263439700755e-09 3.07993973849977e-09 3.45700058329274e-09 4.57098738316599e-09 3.77843034181629e-09 3.2938131097467e-09 2.97462143398771e-09 3.09906346967028e-09 3.11027732763085e-09 4.53523108722059e-09 4.56845598567599e-09 5.13095293640883e-09 4.76655242394796e-09 5.02631075463214e-09 5.23108030784489e-09 5.1568606348657e-09 5.44976067905072e-09 4.91391981417411e-09
4.32785077906913e-09 5.60108051070649e-09 7.16477717024122e-09 6.61384060533268e-09 6.50578925035863e-09 4.46176379067585e-09 6.57169295111226e-09 4.98588647340193e-09 3.75103787355901e-09 4.62715812972642e-09 5.74135400476994e-09 7.30993692345242e-09 4.35173665862458e-09 5.59256461997576e-09 3.05299385841933e-09 4.73213583812492e-09 3.14057406923548e-09 4.83796750190551e-09 3.98180355732072e-09 3.45241437027108e-09 3.11964316282834e-09 3.10503414070756e-09 3.53996414272943e-09 3.52183553464352e-09 3.48569482077836e-09 3.83453617327572e-09 3.46171229207461e-09 3.14716846858823e-09 4.07355213781183e-09 3.15725538963255e-09 3.10445614360172e-09 3.22194691505135e-09 3.01687837981305e-09 2.89237908803504e-09 3.23122377489793e-09 3.30633259191294e-09 5.49447982767617e-09 6.03755694547219e-09 6.09446453958639e-09 6.27126339824938e-09 6.43018030215623e-09 6.15799725663442e-09 6.28202128383357e-09 7.19833013138001e-09
4.86893973360341e-09 7.85728597996263e-09 5.99915500062076e-09 5.04744263839408e-09 5.09869938259693e-09 4.28248562223475e-09 3.54797841551889e-09 4.85082333806811e-09 5.25776938556786e-09 4.8214401362143e-09 5.15142014221504e-09 4.27382716131852e-09 5.1357825120323e-09 5.98055949273979e-09 5.10069351035755e-09 3.1631142887086e-09 3.11106134681124e-09 4.4632391772463e-09 4.18550237294777e-09 3.09943642135771e-09 3.20150605404493e-09 3.52519820293016e-09 6.72718937644093e-09 3.39732345156304e-09 3.87018087041604e-09 3.20784543743518e-09 3.11273127985804e-09 3.89686854111778e-09 4.78395669764655e-09 3.23978767182617e-09 3.13736186904581e-09 3.20282539100102e-09 3.02240179966415e-09 2.99195403502037e-09 2.80915663814432e-09 3.469601037531e-09 5.07197232877486e-09 5.45593647993702e-09 4.79736645645375e-09 4.38462437796797e-09 5.07023291922466e-09 5.00361515706319e-09 5.41126208694196e-09 7.67000589581035e-09
5.16092523780412e-09 3.48843662151727e-09 4.8781440860481e-09 5.06398710553846e-09 4.89703086272069e-09 5.42210136537328e-09 4.82487420380153e-09 4.78283425264875e-09 3.7359632687406e-09 3.88084725150281e-09 3.85916900922249e-09 4.41404147965827e-09 7.01598675173918e-09 6.43489421014898e-09 5.83145447682362e-09 5.08210852420335e-09 3.13642286821195e-09 3.0352820460367e-09 4.17113164716076e-09 5.53665565635633e-09 5.45991549572247e-09 3.76431755376625e-09 3.713713279536e-09 3.08041128643083e-09 3.42366636742789e-09 3.10888184839138e-09 3.11232598356212e-09 3.96703164495563e-09 4.24720804489836e-09 3.08949133915451e-09 3.03922747043199e-09 3.10870014894954e-09 3.52220373376263e-09 3.08347550329857e-09 2.83032446104101e-09 3.01796778805102e-09 4.24745374622498e-09 4.93321775175391e-09 5.35755432180034e-09 4.74968767671205e-09 4.09517237800639e-09 4.34019417251957e-09 7.22029582269033e-09 7.44313606967852e-09
5.67358439796405e-09 5.45404316317746e-09 4.06992133546178e-09 4.23945288106074e-09 5.66361325413563e-09 4.35753781952064e-09 4.84997781048545e-09 4.55904802535444e-09 3.95542965440795e-09 3.33584033675083e-09 5.17359945200082e-09 5.79266967921822e-09 6.41127337758692e-09 3.52901629326499e-09 4.10468167570228e-09 3.57598495160169e-09 3.49780319405105e-09 3.30306376020896e-09 3.18178194552116e-09 3.93699076171933e-09 4.81262568007522e-09 4.47558988776574e-09 4.36555112445843e-09 3.27278095497394e-09 6.5394223798141e-09 5.01140210688682e-09 5.24122750479158e-09 4.72730768929434e-09 3.13201076861464e-09 3.18093985915763e-09 3.09849567126071e-09 2.97834591660878e-09 3.51141154451149e-09 2.87160434728729e-09 3.11320442876001e-09 4.18332419350471e-09 4.52462918183049e-09 3.26303044907609e-09 4.14079518456927e-09 4.54177242193534e-09 5.00128871941152e-09 6.01764180432319e-09 7.98266688873088e-09 6.45845263903203e-09
5.62034640746424e-09 3.70463622311029e-09 4.74488620219137e-09 4.87510618402603e-09 5.76724875203585e-09 6.35454168147801e-09 5.15381745913145e-09 5.10645280152116e-09 4.02855805102714e-09 3.77597844340542e-09 3.76026206948365e-09 5.41922675121764e-09 6.70269565667851e-09 3.57132051886685e-09 4.79914106078703e-09 6.11296384812653e-09 3.7163102345437e-09 3.2699230344122e-09 3.15442999724529e-09 3.57419296198258e-09 3.21623292337856e-09 3.91480042270019e-09 5.09318244465482e-09 3.83394252831377e-09 4.2046633144214e-09 3.01664391634716e-09 3.31469922473056e-09 4.01954777119757e-09 3.19536202651239e-09 3.59529279898989e-09 3.10105439588658e-09 3.02274696951383e-09 3.39231904753367e-09 3.26693405701283e-09 3.96059143487822e-09 4.22840051871186e-09 4.82816668893015e-09 4.85820916011798e-09 5.15153283818022e-09 5.73787051535896e-09 6.28317713417948e-09 7.56976685289697e-09 6.85460004553363e-09 4.82288237385908e-09
6.31588937138097e-09 3.22427481248606e-09 5.07194877410788e-09 4.22349619731211e-09 5.36477699150213e-09 5.81515985794827e-09 4.47935527639326e-09 5.21154124056941e-09 3.21230322595614e-09 3.89659009967391e-09 5.76323324259124e-09 5.05556342607849e-09 4.24949769834789e-09 5.20269732781163e-09 3.28839888584591e-09 3.24101188568389e-09 3.75687327055765e-09 3.42013964654414e-09 3.13999053432082e-09 3.41300551577353e-09 5.06540607300976e-09 3.6168809034166e-09 3.40680053367482e-09 4.58453123704681e-09 2.99621208064461e-09 3.71720895029631e-09 3.06527081215421e-09 3.90685683749083e-09 3.05495174844001e-09 3.69197105795153e-09 2.96038302044736e-09 3.05944791528306e-09 4.62348501442945e-09 3.53379408486903e-09 4.42964465524042e-09 3.43875491916622e-09 4.46597700505271e-09 4.80576981688802e-09 5.25954844334509e-09 5.89887786501495e-09 7.34750649481539e-09 7.47445862467123e-09 5.32919108865674e-09 4.49794825895981e-09
5.40150299466138e-09 6.47431555077171e-09 4.7634449321037e-09 5.00868326122871e-09 4.89797032998444e-09 5.71755995346136e-09 6.29908437806888e-09 5.76538014594231e-09 4.9529126892644e-09 3.70354778993039e-09 5.49197465900592e-09 5.42475418752733e-09 5.18835485991467e-09 3.32838106334632e-09 3.10512975853655e-09 3.12257909341881e-09 3.13429596132707e-09 3.87774398253594e-09 3.14325573613666e-09 3.238276400893e-09 3.27100908581257e-09 3.46137487148527e-09 4.186616409964e-09 3.25651300575176e-09 3.29522234587787e-09 3.64254952039369e-09 3.1116909605836e-09 4.82405550425034e-09 3.13691124457347e-09 2.94171659875542e-09 2.98292822585631e-09 2.85413086694274e-09 4.10803677326069e-09 5.47436093544431e-09 3.09822553562989e-09 5.20871424420289e-09 5.09328933630408e-09 5.0593123022158e-09 5.59921189308178e-09 6.57693123119866e-09 6.94462293026315e-09 5.26344772519145e-09 4.60964040134696e-09 4.24005583834614e-09
4.16291107503566e-09 5.52672037191747e-09 3.6472796548554e-09 5.05749377161185e-09 5.13405427917264e-09 5.68726304562422e-09 5.69314982205883e-09 5.69403178849033e-09 3.59007747318291e-09 3.52757006926419e-09 3.7607209997605e-09 3.48493033900093e-09 3.63855774273786e-09 3.6926259563698e-09 3.10641068561481e-09 3.4631159400673e-09 3.08859382010289e-09 3.44948006981521e-09 3.2356661745851e-09 3.54658143923083e-09 3.3463244825113e-09 4.46824067173614e-09 3.99071553682896e-09 3.44223844577042e-09 3.25917331948545e-09 3.53593622673331e-09 3.32696742134506e-09 2.95200216480182e-09 2.97574478579233e-09 3.38972194978396e-09 3.06431568278424e-09 2.96494953714357e-09 4.0562954087154e-09 4.43815214767061e-09 4.5575947091255e-09 4.26961756819824e-09 4.21766597340051e-09 4.40779267050077e-09 5.3879985098192e-09 7.46799088245479e-09 5.97666124118861e-09 4.66748816321919e-09 4.45251305601917e-09 4.44869130899527e-09
7.06751516589514e-09 5.8425060523385e-09 4.91568592519991e-09 5.26090459665656e-09 3.64933719656553e-09 4.23321042108742e-09 5.0596229629008e-09 3.69407715997117e-09 5.43843349300664e-09 3.18578657815844e-09 5.46961839265498e-09 4.98175534314064e-09 5.02862614201645e-09 5.04961624297878e-09 5.3311265625471e-09 3.1117594734613e-09 3.49575532631273e-09 3.30454096433142e-09 3.3159671844504e-09 3.63100696951055e-09 4.18615232173578e-09 6.7418209827411e-09 5.40457308333273e-09 3.29022419793073e-09 3.06616293354304e-09 2.98067198527275e-09 3.50595979127311e-09 4.94311217320862e-09 3.14664905500177e-09 3.05156446627664e-09 4.95447368916292e-09 5.15637377497498e-09 4.81825073967469e-09 4.82721871144035e-09 5.25321273408655e-09 4.96751922231083e-09 4.6825736883665e-09 5.08051229567036e-09 6.78324139267377e-09 6.81194269522377e-09 4.45060336297027e-09 4.29261028477174e-09 3.46529114562814e-09 4.21546656768932e-09
6.95267844365868e-09 5.83244167095554e-09 5.8762168107451e-09 4.93945724247772e-09 5.71066792999247e-09 3.65357276552659e-09 5.08072978586206e-09 3.68508144709763e-09 5.63715986136995e-09 5.04415780738925e-09 3.59583199377845e-09 5.43547015010584e-09 6.25508733120094e-09 5.41930082176374e-09 3.2884037557067e-09 3.21857176679403e-09 3.34873587667711e-09 3.52509316593775e-09 3.32626379117456e-09 3.19569665615768e-09 3.198379032859e-09 4.03316859040865e-09 4.36372493269511e-09 3.17219670419525e-09 3.00524533564865e-09 2.91817819803546e-09 5.26087390791721e-09 5.48979042499789e-09 4.71263573865184e-09 5.07605420225701e-09 4.88927569135491e-09 4.0432618449998e-09 4.61673096963605e-09 3.86254810255863e-09 4.44451603826756e-09 5.02685288703613e-09 5.33652697103111e-09 5.91366149206839e-09 8.10274778743591e-09 6.47816630549456e-09 4.56766686497182e-09 4.27245365814712e-09 4.60182877721123e-09 4.26885331054729e-09
5.56448000148647e-09 4.52978718431938e-09 4.76171153069719e-09 5.69790864663217e-09 3.81324444558877e-09 3.97842474160624e-09 5.19397986096662e-09 3.86841368800864e-09 3.63634774954052e-09 3.56089054628253e-09 3.7665476377682e-09 5.2399926104328e-09 4.1269814034503e-09 3.68563868735546e-09 3.25498866728254e-09 3.84165945606184e-09 5.32585270821369e-09 7.16182340816745e-09 7.55428628071924e-09 4.44227113234048e-09 3.70182663731053e-09 6.09722604013847e-09 3.44169351212397e-09 3.36584157426342e-09 3.46898069262297e-09 3.29882241344817e-09 3.41253932948208e-09 5.95047325579215e-09 5.12985425903606e-09 4.77277344060051e-09 5.65101144486585e-09 5.16730365933123e-09 4.61231511438199e-09 3.50071318582768e-09 4.8976978603326e-09 5.51861315046616e-09 6.03596562947581e-09 7.64683387327657e-09 7.08741485162247e-09 5.06288182542772e-09 4.29962366488318e-09 4.57932615290631e-09 4.38246725182454e-09 4.54529267917396e-09
4.37743689093636e-09 4.52831305635292e-09 5.25618893523244e-09 4.876916391198e-09 5.47396449059851e-09 3.44153937083365e-09 4.27909588170576e-09 3.20649626555024e-09 3.31448178783738e-09 4.75319457314568e-09 3.68949191439675e-09 4.04298879583315e-09 3.87738956410509e-09 3.3075060013861e-09 4.17713633965738e-09 4.03507734420615e-09 3.57415004559885e-09 3.58770978214801e-09 3.26119583113214e-09 4.26964270285966e-09 8.20527198885044e-09 5.42042527342523e-09 3.87445236500359e-09 3.66789161444235e-09 3.39173568647913e-09 3.22740902477935e-09 4.64703296265156e-09 5.42890967254268e-09 4.75810153233827e-09 3.16194725276361e-09 5.00895129463734e-09 6.18532771943571e-09 6.51905785710624e-09 6.53954638165662e-09 6.43856354918646e-09 6.59405323404397e-09 7.58132008541499e-09 6.28050100767989e-09 5.15765643265846e-09 5.43502488412521e-09 4.33303812831359e-09 4.41050667346365e-09 4.28192525181348e-09 3.33062958021972e-09
6.66524166202886e-09 4.89365927340185e-09 5.35775820132596e-09 4.93584717762895e-09 4.77195285292418e-09 4.78174176208858e-09 3.37378983445235e-09 3.32485056072873e-09 3.80141812123869e-09 4.08475069843105e-09 3.16047146765712e-09 3.30202942171205e-09 3.44552184923122e-09 3.19380823487675e-09 7.95748138680171e-09 4.23882878359625e-09 4.27165201730758e-09 3.53704365473501e-09 3.33248579112513e-09 3.25857866657331e-09 4.17583291120614e-09 3.24531296705923e-09 3.11174294616481e-09 3.32922388670162e-09 3.09082722003361e-09 4.87295123759213e-09 4.74223677286749e-09 -9999 4.54447335143029e-09 4.58941681119281e-09 3.1746242454049e-09 4.91927926697554e-09 5.64387679799427e-09 5.55084275626438e-09 5.36642038493293e-09 6.46559340685114e-09 6.96671374550693e-09 4.57284124766211e-09 4.34159059283017e-09 5.19264323063843e-09 4.83982341181229e-09 4.00615642868867e-09 2.91180758719004e-09 5.00923560938359e-09
4.32101839567976e-09 5.99344696806457e-09 4.78288981087797e-09 4.81734951740088e-09 4.77015680170693e-09 5.90803149469767e-09 4.84226623682018e-09 3.79887823237045e-09 3.50522634011953e-09 3.67551103682916e-09 3.13318163754713e-09 3.1264041285723e-09 3.43912799858878e-09 3.23319164201577e-09 5.90109604350376e-09 3.68038948425636e-09 4.02162104664996e-09 3.99018090216067e-09 3.21813006157092e-09 3.23555431676231e-09 3.09274001927661e-09 3.13413697241441e-09 3.00057524486023e-09 3.09700301982314e-09 3.08731650934281e-09 4.58662565114231e-09 -9999 -9999 5.58842497843148e-09 4.92848241900824e-09 4.51748582360218e-09 4.42657460327164e-09 4.54654136461643e-09 4.56084538459891e-09 5.4411525485598e-09 6.7755694514417e-09 6.19850761070099e-09 4.28936960782039e-09 4.26313522822337e-09 4.76262163904697e-09 4.52269288196188e-09 4.46161644416262e-09 5.15380984300679e-09 4.21950177213366e-09
4.84937947794734e-09 5.09044873359531e-09 5.57109368159553e-09 3.26376894369594e-09 3.6846260447469e-09 4.85811269306014e-09 4.47936001324651e-09 3.3509233302569e-09 3.24293962795993e-09 3.28960893471767e-09 3.8427751593865e-09 3.10858723503598e-09 4.58682567103487e-09 3.56788746451971e-09 4.21761209441865e-09 3.7818824632787e-09 4.48871312297206e-09 3.79769053592592e-09 3.10639440720512e-09 3.09878920312916e-09 3.2393541598511e-09 3.07110136492715e-09 3.00518051491212e-09 3.25151224245687e-09 5.02500078223962e-09 5.73015245605266e-09 -9999 6.94164386217399e-09 7.19403667453356e-09 5.11783061790152e-09 4.50016584449476e-09 4.38492528682977e-09 4.59930679682133e-09 4.93056351026116e-09 6.24194559090465e-09 6.83137854556693e-09 5.22187630597068e-09 4.40753486727136e-09 4.36473090977059e-09 4.36589297717758e-09 3.1918988147319e-09 3.50544800975687e-09 2.71053518290824e-09 3.1346613348137e-09
4.2066658718563e-09 3.64428327335277e-09 6.00430470987444e-09 3.83155781477879e-09 5.86117806428597e-09 4.05657127774486e-09 3.51932410118548e-09 3.67904803972818e-09 3.77087578145784e-09 4.33296054908949e-09 4.57382053047585e-09 3.29232245892955e-09 3.58058338961172e-09 7.43355434681337e-09 3.72466269847228e-09 3.84927217270005e-09 3.22492998843494e-09 3.07671464432247e-09 3.53570824017791e-09 3.61923422397668e-09 3.66640144905206e-09 3.79657351535446e-09 3.84684029423879e-09 3.89988096561332e-09 3.89678718258454e-09 6.5483291181666e-09 5.20336095586903e-09 4.59729651445551e-09 5.36948982509441e-09 5.84646930221227e-09 5.40258205436126e-09 4.51461729464783e-09 4.49517255654074e-09 5.56906235142639e-09 6.82733063520031e-09 5.48749868337265e-09 4.45711502371992e-09 4.40482561289456e-09 4.59694915246257e-09 4.56129785750112e-09 4.37110442503285e-09 4.3921530116033e-09 4.4117792689675e-09 4.30683210655549e-09
4.99074004400821e-09 3.12782062358238e-09 6.14358212960556e-09 3.36757984454176e-09 3.61435810430069e-09 3.54072518817338e-09 3.07807602455545e-09 3.55539866266159e-09 3.45379832005107e-09 3.71355181101489e-09 6.78694215883566e-09 5.98400366266323e-09 3.53012247972343e-09 3.12781239121856e-09 3.37004873990394e-09 3.29687475396029e-09 3.07761312083396e-09 3.39997743340711e-09 3.30715995123706e-09 3.11027452400573e-09 3.26297587532829e-09 4.32552209303593e-09 4.00012108569161e-09 6.22032238243456e-09 6.50069732114976e-09 5.4315699250017e-09 4.66425422189656e-09 4.5157925544603e-09 4.80612540486549e-09 5.49169254961016e-09 6.62678538942923e-09 6.79446892704252e-09 6.72458281618461e-09 6.4222306828586e-09 5.03015985162602e-09 4.65382382151777e-09 4.37403900053678e-09 5.91199007571957e-09 5.35707575057705e-09 5.85157350153696e-09 5.30627466965059e-09 4.11029120445024e-09 2.81169603695852e-09 3.30788865073447e-09
