Validation points/white/Bungarus_caeruleus-white.asc
NCOLS 267 
NROWS 469 
XLLCORNER 376490.070567719 
YLLCORNER 381033.488324056 
CELLSIZE 919 
NODATA_value -9999 
[rows 360 to 379 of 469, columns 220 to 263 of 267]
1.83392934164888e-09 1.8469834541877e-09 1.38625970661916e-09 2.44938835755781e-09 2.18994207637076e-09 1.85013110327329e-09 2.97957157294655e-09 3.16226524933144e-09 3.21773656416712e-09 3.19784987554405e-09 3.24777661876086e-09 3.28035775480435e-09 3.36438986849259e-09 1.88638692651427e-09 1.20996187052655e-09 1.68245953581876e-09 1.24557799223121e-09 1.18089152121119e-09 1.23660937747322e-09 2.06173026750108e-09 1.50366513333157e-09 2.79512044141046e-09 1.18809062481773e-09 1.82997463732334e-09 1.46562640458842e-09 1.97588702440741e-09 2.16264573183032e-09 1.98977327899713e-09 1.49924310473895e-09 1.22366793678839e-09 1.73448931736088e-09 1.73832037146031e-09 3.40574876591486e-09 4.53669910911717e-09 5.03348321058528e-09 6.02827206720466e-09 5.92506591830501e-09 3.57985008457448e-09 2.32280799798651e-09 2.89783469661238e-09 2.0491526477129e-09 -9999 -9999 -9999
6.82830096173462e-09 5.92900703843466e-09 2.53908013805735e-09 2.06495811741158e-09 3.0993908520142e-09 2.47938423906045e-09 1.58861249665208e-09 1.44471870272196e-09 1.78601777821229e-09 1.82313016340738e-09 1.82073040827283e-09 2.45776706754044e-09 2.80591268146753e-09 2.44309905908268e-09 2.25593429799794e-09 2.37949779109345e-09 2.02928559245306e-09 2.06763002883589e-09 1.61434698679173e-09 1.39739355639342e-09 1.2096074001532e-09 1.94429964354231e-09 2.51250208492993e-09 2.25829318859113e-09 1.19827627512514e-09 1.72409682611886e-09 1.71525907471177e-09 1.51944312368798e-09 1.16454872850667e-09 1.27095886040879e-09 1.23997688880121e-09 1.45572958186475e-09 2.80598748535509e-09 4.78489083972922e-09 5.22439646310422e-09 5.55763997227259e-09 5.8927098488305e-09 6.51692480999499e-09 6.7264048519892e-09 6.36077812217188e-09 4.17890592572753e-09 -9999 -9999 -9999
4.75478773379849e-09 5.51958031280156e-09 7.88492571940286e-09 7.91912433426277e-09 8.42227558249527e-09 6.15732548200905e-09 2.20655548214931e-09 1.81156400953903e-09 2.26025920387725e-09 2.93134735828749e-09 2.59092615028252e-09 1.79933008036044e-09 2.10698541380473e-09 3.84620113227634e-09 3.32364467564337e-09 1.23373515762962e-09 2.47303979655288e-09 2.36687776598642e-09 1.48636297836824e-09 1.25378273773813e-09 1.22908885664386e-09 1.44468123466013e-09 1.92347494258373e-09 2.42384323379481e-09 2.9010236465837e-09 1.86589115978797e-09 1.25921034403382e-09 1.15552475705477e-09 1.62239932853261e-09 1.42379608182732e-09 1.94050046796778e-09 2.05836986794664e-09 2.23069199946904e-09 1.55816542691532e-09 2.80981333817571e-09 3.19300552583263e-09 1.9494744579177e-09 2.62624514314971e-09 2.45772690438761e-09 1.25401630640617e-09 6.77713687579586e-09 -9999 -9999 -9999
1.75067170686303e-09 2.60058606472015e-09 2.63126147323381e-09 2.73636761166625e-09 3.34836751168681e-09 3.5446851292496e-09 5.67990971277151e-09 2.95841967211091e-09 1.83608042445755e-09 2.99286906889197e-09 2.85192688329954e-09 1.94152325696691e-09 1.85647436197571e-09 3.49033381550766e-09 3.54887048085553e-09 1.92552917114698e-09 2.68570933750793e-09 1.87162196982195e-09 1.35549521994531e-09 1.12321998178875e-09 1.37777890618559e-09 1.28721985450429e-09 1.20344171697544e-09 1.08229748820663e-09 1.95843306972384e-09 3.34382052786222e-09 3.20814187181191e-09 1.77854484596001e-09 1.13718004310671e-09 1.16404018502336e-09 1.28502644109926e-09 1.71295271505437e-09 1.2417809192546e-09 1.19546698591629e-09 1.21734922720847e-09 1.62466400985483e-09 2.9015042484989e-09 1.33272422952828e-09 1.37777390809456e-09 1.94552866200488e-09 2.63284079958792e-09 -9999 -9999 -9999
1.64311573782139e-09 1.6802058981135e-09 1.12497774359328e-09 1.64821116366444e-09 1.58365836685796e-09 1.69528698238512e-09 3.43117194908769e-09 9.25342985308939e-09 6.08476449020746e-09 2.02759599548722e-09 4.61088584024362e-09 5.4019957747183e-09 1.02423740387152e-08 1.09387950699464e-08 8.944312003786e-09 3.70470197050662e-09 2.99220794437821e-09 2.21952750211834e-09 1.32365938371523e-09 1.13173983129613e-09 2.62772520788674e-09 1.50134626913718e-09 1.03977835434253e-09 1.65860654174496e-09 1.12836475252113e-09 1.10726227464496e-09 2.02897840003169e-09 3.29521681689956e-09 1.40133830326687e-09 1.21506118149745e-09 1.11853708175449e-09 1.33620688748312e-09 1.45950660834971e-09 1.36716400626714e-09 1.30522272683179e-09 1.39272358776067e-09 1.34397418020228e-09 1.36580275190077e-09 1.99771256102841e-09 2.37365890056042e-09 -9999 -9999 -9999 -9999
1.56053457375649e-09 1.61678313289282e-09 1.6386323433706e-09 1.65012493484085e-09 2.59317754421215e-09 3.6687753773454e-09 6.05370547219919e-09 3.59814250705126e-09 3.38759546772369e-09 9.61923975062098e-09 1.03230502452391e-08 6.90166301319199e-09 1.97645548123195e-09 4.34942693642753e-09 3.52597490658636e-09 1.07929735161223e-09 3.15989791929364e-09 2.12413459396092e-09 1.23198209155359e-09 1.13675732320336e-09 1.22869620436679e-09 2.02827421155036e-09 1.00001260163949e-09 1.89530090703414e-09 1.15936116074726e-09 1.12785941009151e-09 1.50235628321901e-09 3.21486162659759e-09 1.27721524160845e-09 1.48792200273042e-09 1.65289779566254e-09 1.45199302349318e-09 1.64685205861988e-09 1.12791833690319e-09 1.3728570288917e-09 1.12575101258552e-09 1.17699454223598e-09 1.20534722426186e-09 1.87534431496756e-09 1.178498695075e-09 -9999 -9999 -9999 -9999
2.3123175476851e-09 3.41911489970802e-09 4.73064430970651e-09 3.45851304789622e-09 6.12677014481253e-09 5.69758670712238e-09 2.1118191121013e-09 2.4266668377117e-09 1.41429124064345e-09 2.72106862266143e-09 3.70719183255295e-09 1.41589565124218e-09 1.47561388911518e-09 1.63962713808701e-09 1.46979458861407e-09 1.62580210265599e-09 1.71903169015416e-09 3.35186715004003e-09 1.72485248748861e-09 1.34532194730563e-09 1.43609147831555e-09 2.19401540893287e-09 1.00695390157034e-09 2.1426543534148e-09 1.12527963431011e-09 1.48479480602747e-09 1.68673243548887e-09 3.18662881437986e-09 1.0752865818648e-09 1.552185992099e-09 2.1412615304145e-09 1.70916263995234e-09 1.64844374234901e-09 1.16177501968638e-09 1.85414884173881e-09 2.52621320047357e-09 1.46407584035797e-09 1.82388817658225e-09 2.39023987269966e-09 1.48173018067482e-09 1.8482553588822e-09 -9999 -9999 -9999
2.74853103798909e-09 4.4325305364376e-09 4.65485205997765e-09 1.76357375706216e-09 1.01706413936072e-09 2.04409881330289e-09 2.39039445513187e-09 2.8307645113236e-09 1.08981198880209e-09 3.178045898964e-09 2.72413400344511e-09 1.46966808578977e-09 1.6009051533131e-09 2.38180728726808e-09 1.30419446631332e-09 1.59262448997539e-09 1.79208666882613e-09 2.56897747633207e-09 3.35913541010981e-09 1.66737016180292e-09 1.74937964444571e-09 2.02488120533297e-09 1.09749694526219e-09 2.09014738584624e-09 2.43605405997944e-09 1.05454905888206e-09 2.04013694417336e-09 2.86099912787698e-09 3.14255450216875e-09 5.70536743788751e-09 4.70532267814502e-09 4.46658396002898e-09 2.61280952581838e-09 4.16437846729056e-09 2.0960657496725e-09 4.58853011028583e-09 4.33858915966939e-09 2.02969586448228e-09 3.32922713572594e-09 3.36565707553357e-09 4.31139598763074e-09 -9999 -9999 -9999
3.73412510342294e-09 3.02385989914856e-09 1.97033364322521e-09 2.10089242242139e-09 1.46555548465227e-09 2.15978634610618e-09 2.46876880613718e-09 1.59592213421406e-09 1.39386929711715e-09 3.9090047480561e-09 2.03391030003597e-09 1.23703667936186e-09 1.31461441118906e-09 1.54750153853589e-09 1.53784473908158e-09 1.39085501255587e-09 1.36414220594777e-09 1.97246476888296e-09 3.44621368655842e-09 4.04368856919228e-09 4.40522395331597e-09 4.81943505484261e-09 5.08987006873366e-09 5.13459642868004e-09 5.30966355513576e-09 5.61699613191954e-09 5.64662748821326e-09 5.74573820849977e-09 5.99403226417863e-09 4.58112570279709e-09 1.11653135488451e-09 1.1015588602783e-09 5.07875093429429e-09 5.12918921226924e-09 8.61775589350112e-09 8.57490629542327e-09 8.89579657730492e-09 9.18539489426304e-09 9.00106487724344e-09 -9999 -9999 -9999 -9999 -9999
3.37676777674233e-09 2.25160701910958e-09 2.41015180759073e-09 1.44896077924628e-09 1.41930372932445e-09 1.48189079651534e-09 1.59339983274168e-09 1.76866179919598e-09 3.24868760212491e-09 3.20188613651579e-09 8.90534015361791e-10 1.14920665736175e-09 1.19654603156003e-09 2.65301717235879e-09 3.18970354429896e-09 2.03170575158967e-09 2.22967789602168e-09 1.07368692959141e-09 1.44892462763463e-09 2.3332906283058e-09 4.55437348871861e-09 3.08023313873443e-09 1.51817757904965e-09 1.01704844693182e-09 1.12498576834318e-09 2.83409675275349e-09 1.56926793453352e-09 1.09859295682842e-09 2.47416600193405e-09 3.14136905269945e-09 6.30934456930954e-09 7.21618006905668e-09 1.3683063532707e-09 1.16709578971781e-09 2.68831598495342e-09 1.62945562132119e-09 2.2510456300673e-09 2.51810416093053e-09 1.72223645164321e-09 1.86743276305736e-09 -9999 -9999 -9999 -9999
1.91316006339937e-09 1.47853339496067e-09 1.48283063294031e-09 1.03004881180005e-09 1.25917806252595e-09 1.1046060169696e-09 2.22600812075697e-09 1.41893266115903e-09 2.92924503121667e-09 2.45924765549798e-09 1.54942591316104e-09 1.62754153354076e-09 9.5088336225071e-10 1.19561963078885e-09 2.96004426751786e-09 3.67658145660952e-09 5.11108076931009e-09 4.04543938537867e-09 4.27719403634171e-09 4.14173532255208e-09 2.39841570427507e-09 8.98582127423851e-10 8.76171042684649e-10 1.27330444645663e-09 2.56143103817701e-09 1.82312230567362e-09 9.93975343522292e-10 1.47445600818946e-09 1.74181320784793e-09 9.45682863430991e-10 2.59329191002707e-09 2.44375917526778e-09 1.76146249669199e-09 9.39210148222203e-10 2.07324657639936e-09 1.55290092075562e-09 1.03997665414707e-09 1.57390028799903e-09 1.63260348166184e-09 -9999 -9999 -9999 -9999 -9999
1.37498319173798e-09 2.92741053721862e-09 1.85539767558643e-09 3.10105791123984e-09 1.61567313026827e-09 1.38622927510837e-09 1.92088195846324e-09 2.2477499069262e-09 1.26542834015835e-09 8.61384352955556e-10 1.13340271850366e-09 2.24094479944476e-09 1.54134566756021e-09 1.51524563654e-09 3.1314228780417e-09 3.36295112351566e-09 1.66880640991111e-09 1.1344833562317e-09 1.34973334899599e-09 3.21893776079971e-09 2.15926596906708e-09 9.0815958760058e-10 9.02913691706972e-10 1.8687799926449e-09 2.21734723041598e-09 1.98909776053313e-09 9.13506353345188e-10 2.2544085436002e-09 1.46027227792358e-09 1.54468713535434e-09 3.56147987360057e-09 1.82954087560869e-09 9.81904420867467e-10 9.85422003435178e-10 1.02605574590295e-09 9.67256917248407e-10 1.84803550842045e-09 2.99455787843977e-09 -9999 -9999 -9999 -9999 -9999 -9999
2.33533167725165e-09 1.35290744993162e-09 2.32854053038898e-09 1.69256429254891e-09 1.26987576338705e-09 1.22526441184182e-09 3.13083201599521e-09 1.32022865402493e-09 1.38900800726408e-09 9.16396537358652e-10 2.22380408955724e-09 3.29453978705983e-09 3.75232893193951e-09 2.67462069534996e-09 1.5576859933728e-09 2.25175865310271e-09 1.32835999694286e-09 8.56795129843458e-10 1.43080247810299e-09 2.93878713520838e-09 2.49588426096857e-09 1.48405640363083e-09 8.75390618613283e-10 1.58032072332889e-09 1.38735529055346e-09 1.1399984206936e-09 1.03258771668947e-09 1.32918617200573e-09 9.15284774513984e-10 1.92405478885407e-09 1.5065142262365e-09 2.59259565741025e-09 1.54352544364194e-09 1.0913418041883e-09 1.14634091173034e-09 1.00708901810938e-09 2.73113213862422e-09 2.9706486596153e-09 -9999 -9999 -9999 -9999 -9999 -9999
1.39330202323885e-09 2.76758983092288e-09 3.42236175241125e-09 3.42512885243859e-09 1.9256715328417e-09 8.00760258234965e-10 2.60341904798084e-09 1.79043613904999e-09 1.95686345059085e-09 1.44683024913135e-09 2.83949920041287e-09 2.16853866032127e-09 4.00508349571051e-09 2.59720145556375e-09 8.3665746709349e-10 1.02652433005452e-09 1.01472777329823e-09 1.44464379151643e-09 9.43530915622966e-10 2.46159950724885e-09 1.55344050369462e-09 2.45918752586288e-09 1.21679794331142e-09 8.79068181131198e-10 8.92355698213355e-10 9.42420760926256e-10 1.24325572668453e-09 1.29140380906835e-09 1.91535669763659e-09 1.59627891911641e-09 9.64189267045348e-10 1.09649792622809e-09 1.58609039834124e-09 2.04419572052064e-09 3.47400924636651e-09 9.84061992191269e-10 1.09310276364695e-09 1.10142470338434e-09 -9999 -9999 -9999 -9999 -9999 -9999
1.42030037391902e-09 2.40048226616392e-09 3.18249933957645e-09 3.81148096066134e-09 2.63952250170163e-09 3.45663767020735e-09 2.81451627735297e-09 1.77243751460104e-09 9.94273600508311e-10 1.99928451337024e-09 1.51954291498033e-09 1.87580552049678e-09 2.09644247675929e-09 1.94914665197554e-09 8.39858656662842e-10 1.2902363691972e-09 9.3667232161519e-10 1.80633238972777e-09 2.25524622816953e-09 1.80787142520978e-09 1.12792519811896e-09 1.59317410138824e-09 8.7768221718548e-10 8.86972822625029e-10 1.12247668837692e-09 9.97183115473222e-10 2.415613939712e-09 1.05430807848192e-09 1.14467013790283e-09 1.23638364222202e-09 1.29045226050607e-09 1.15061331997915e-09 1.02659780170103e-09 9.08161409126611e-10 1.68345162441841e-09 3.31584966026361e-09 1.11370643734222e-09 1.83718618505259e-09 -9999 -9999 -9999 -9999 -9999 -9999
7.22629034568659e-10 1.08437416645703e-09 1.6341609423117e-09 1.18906960357919e-09 1.98703643212718e-09 5.05701110977813e-09 4.29692384797651e-09 1.60819160869185e-09 1.23756980614783e-09 1.33848077805388e-09 2.81903365604204e-09 2.20619236096207e-09 1.34699233054374e-09 2.75772900754093e-09 7.98194859871096e-10 7.92836053495417e-10 9.98973827591948e-10 1.63570392862049e-09 1.45626892832208e-09 1.67979117342963e-09 1.15392422611099e-09 2.21742240428562e-09 1.38994234911559e-09 1.3677581226381e-09 9.92188938234644e-10 1.3075763693582e-09 2.01965711361921e-09 2.35085650842734e-09 2.48026147856648e-09 1.48596112022632e-09 1.81257517643397e-09 2.15699935032958e-09 8.45806575473865e-10 1.01004479047101e-09 9.2727832991993e-10 1.51345749557737e-09 5.08755342936665e-09 -9999 -9999 -9999 -9999 -9999 -9999 -9999
1.16715513352392e-09 7.05982182800626e-10 8.02128374564192e-10 1.95928200849584e-09 3.08163179547404e-09 4.53369803753421e-09 3.80473081637594e-09 9.53377622248196e-10 1.31586549746793e-09 1.82875046351238e-09 1.21234942969895e-09 7.79035793668456e-10 1.69026600632052e-09 1.12508712895592e-09 1.27507668853835e-09 7.76974582629457e-10 1.68226556096834e-09 1.28813924472728e-09 7.69126956556823e-10 8.57124975209934e-10 7.67765715938134e-10 1.23778251829775e-09 9.28968625879933e-10 1.35277521942173e-09 7.87817995420365e-10 9.73282440438265e-10 8.20534359250401e-10 1.30392477835725e-09 2.04664078370207e-09 3.0546974131788e-09 5.28074538346105e-09 3.6439328145778e-09 3.25595715508766e-09 9.77420719981064e-10 9.23575100236746e-10 1.2766816007691e-09 -9999 -9999 -9999 -9999 -9999 -9999 -9999 -9999
2.64924962797244e-09 1.33891643274491e-09 2.59647453929881e-09 3.35873236141298e-09 3.89111270533776e-09 4.55163990754572e-09 5.03549805088914e-09 2.26311151821425e-09 2.37192929353344e-09 1.83519158419988e-09 8.31303667977012e-10 1.38226695707262e-09 1.07595125450378e-09 8.03562293958274e-10 1.62523057755152e-09 1.14764230782896e-09 8.16704765555824e-10 7.8947164460085e-10 1.66749128373378e-09 1.29151845043558e-09 1.37233882524536e-09 1.0247593420939e-09 1.59623554452151e-09 1.77679152472663e-09 1.13236348398269e-09 9.22504245823923e-10 1.37741753557304e-09 2.05379714958682e-09 2.74462323305899e-09 1.84482946124436e-09 2.44539682018723e-09 2.64477549629738e-09 5.4816717602617e-09 2.2562018688224e-09 7.60512008189067e-10 1.2008253971012e-09 -9999 -9999 -9999 -9999 -9999 -9999 -9999 -9999
3.40740932492488e-09 1.17239115895466e-09 1.1594293572143e-09 1.25917147403628e-09 2.13073483593673e-09 2.03135433515281e-09 2.81314950401775e-09 4.01223802310211e-09 5.69762069280319e-09 2.14255018367831e-09 7.17049116286347e-10 8.88079157942214e-10 1.88930677938963e-09 1.47401121405607e-09 7.36198762701467e-10 7.64323626676577e-10 1.58511659867864e-09 1.22641859485934e-09 1.08418228102485e-09 1.6056779133027e-09 1.43986843055029e-09 7.76823840166315e-10 1.44163081898217e-09 1.93327713372566e-09 8.86294237437521e-10 8.68706534619708e-10 9.18569298847835e-10 1.48343146850426e-09 8.51241102868178e-10 1.3499056747959e-09 1.2789519321495e-09 1.35756329704721e-09 2.8369675377117e-09 5.0785917620045e-09 7.58942051970689e-10 -9999 -9999 -9999 -9999 -9999 -9999 -9999 -9999 -9999
2.19059392879691e-09 1.50137191733008e-09 1.22363860482825e-09 1.05654448428763e-09 8.78333519157981e-10 1.20757415996684e-09 8.45860412507715e-10 2.03278533978507e-09 2.16108188478514e-09 3.70135207819302e-09 1.29892076192978e-09 8.01719663465882e-10 2.25588843351077e-09 1.73293856672287e-09 8.90737001831953e-10 7.2798294729906e-10 2.02082483319127e-09 1.28402016268414e-09 1.07947467143231e-09 8.15636865273538e-10 2.18210478563674e-09 2.64227694038554e-09 2.79771488433293e-09 2.75750408068764e-09 1.46652156013662e-09 7.60420430641694e-10 1.05763903063637e-09 9.64129988393013e-10 8.50837326176715e-10 7.73298844901083e-10 9.72576550027106e-10 7.70529754571953e-10 2.59831102375813e-09 3.98327581439148e-09 7.06446898726758e-09 -9999 -9999 -9999 -9999 -9999 -9999 -9999 -9999 -9999
