Validation points/white/Bungarus_ceylonicus-white.asc
NCOLS 267 
NROWS 469 
XLLCORNER 376490.070567719 
YLLCORNER 381033.488324056 
CELLSIZE 919 
NODATA_value -9999 
[rows 340 to 359 of 469, columns 44 to 87 of 267]
4.71984294682165e-10 3.73915929770658e-10 1.4541331505313e-09 1.42496907258809e-09 2.12066663338965e-09 9.39141500474396e-10 2.96170081483947e-09 9.02925286632874e-10 3.03777026383891e-10 5.27624078434319e-10 4.57584267097532e-10 1.50656928435829e-09 3.42516752946718e-10 2.94070210706534e-10 3.21287640695096e-10 5.58122663254077e-10 1.72445511162228e-09 1.23716792336485e-09 3.62416122651752e-09 4.78620791572293e-10 3.48825323086451e-09 1.64754760753582e-09 1.28218996864005e-09 3.19684908408805e-10 1.22767752417135e-09 6.66023678355468e-10 1.29074260457803e-09 1.32657143484468e-09 3.665668591407e-09 1.83321630689853e-09 2.60824722096322e-09 4.37488540549229e-09 5.62228291662303e-09 5.5343215147127e-09 6.67168892610045e-09 4.78171599863441e-09 4.65845778393705e-09 7.94967627514807e-10 4.03094999638568e-09 1.58704535407771e-09 1.77700427429066e-09 3.40077724570991e-09 4.93666384762774e-10 2.19332060465237e-09
1.35234430953561e-09 1.22026920842235e-09 2.88633411682648e-09 2.85999709951918e-09 1.4558599434558e-09 1.52450266196846e-09 3.31944568818869e-10 3.64263247345204e-10 1.20202208479352e-09 3.01030644132132e-10 3.73986837747265e-10 1.55984931771927e-09 1.58613725569032e-09 9.95540148042911e-10 6.18735390735603e-10 3.45416797152858e-09 1.42297154018289e-09 4.53111895027784e-10 4.09496072501599e-09 3.38573343431017e-09 3.73925238354988e-10 1.72224292183325e-09 3.03339974055814e-10 2.631886846107e-09 1.25600053798339e-09 3.48867544904874e-09 3.53628072724314e-09 3.54635132201488e-09 3.34371077442338e-09 2.87551180855064e-09 1.46114562565128e-09 1.47506638169165e-09 5.49042347189781e-09 2.32145826171141e-09 7.53923914888963e-10 6.70983158372954e-10 5.47439025583761e-10 2.07040576528174e-09 6.10937599584988e-09 5.04152665957813e-09 8.95142040594003e-09 4.83256243145397e-09 5.81451441385815e-09 7.01556376226373e-09
2.78992282027002e-10 1.434387772823e-09 2.84939856480356e-10 3.66032255434805e-10 9.58462535197612e-10 3.90628786020281e-10 2.63235347468207e-09 2.34270297465918e-09 1.54915670772195e-09 3.17002775875513e-10 1.66520678369697e-09 3.05373690482361e-10 2.1321249805828e-09 3.17557304975338e-09 4.0535443551804e-10 3.60602803159446e-10 3.45371263913528e-09 4.18919297853582e-10 3.82529530386152e-09 4.17478255358372e-09 3.88571752691556e-09 3.3259525753381e-10 1.8609110680957e-09 1.83536100817275e-09 1.87860331068469e-09 1.53944886418634e-09 4.83725230530126e-09 5.29736706748459e-09 1.92270963198485e-09 3.86306899623844e-10 4.70127983309187e-09 4.90868544273959e-09 5.69503567268136e-09 9.63083784405519e-10 8.0560180982998e-09 5.10247869055796e-09 4.54162040158745e-09 5.70454589345564e-09 3.49939530739837e-09 3.42737267478201e-09 9.21289278266212e-09 9.92539422189453e-09 1.16280229524643e-08 8.26153454472814e-09
1.41169739087807e-09 8.7143118023196e-10 1.43414798929445e-09 2.14616178250883e-09 1.47336750649825e-09 3.91092020398877e-10 1.78830072876776e-09 3.29844195317429e-10 1.03666976630402e-09 1.31336529980247e-09 6.7292489421823e-10 4.6122050478505e-10 2.7338559040223e-09 2.45655901649888e-09 3.25146417767818e-09 2.46324011965933e-09 1.427890667775e-09 1.63168523521322e-09 1.64792127507738e-09 4.40277862897541e-09 5.02776470143398e-10 3.7606440200235e-10 1.66157827860787e-09 1.91378706496815e-09 3.10618444626361e-09 3.07281671641335e-09 2.71567444562485e-09 1.67589598429946e-09 1.95216550534499e-09 4.23319664082251e-10 4.33702228522039e-09 3.77867886692356e-09 9.55034181284249e-10 5.91142721065344e-09 2.48227065447323e-09 1.09091781894259e-09 6.63956961382825e-09 6.45480096649654e-10 1.38752230407952e-09 6.18947803844822e-09 1.17485221620636e-08 6.83626888710632e-09 4.0655819387476e-10 1.79668885680996e-09
1.44318998248575e-09 3.03873221515902e-09 1.457390068403e-09 2.97043042471844e-10 3.51805417979845e-09 3.86201200648262e-09 4.84328593019411e-10 6.30895526004779e-10 4.61924800241804e-10 1.41851425929581e-09 1.33224743411827e-09 1.31292954691182e-09 3.35444869865817e-09 3.32601303412997e-10 2.89629592095408e-09 5.92681755029987e-10 4.51265484398734e-10 4.59069911044279e-10 2.64247410297175e-09 1.86177046549199e-09 1.96160654797832e-09 6.56750071686321e-10 1.7182880136806e-09 2.33230493414434e-09 5.21394691056593e-10 5.13155041990746e-10 5.15233900974628e-10 4.10335361068684e-09 1.74517205898307e-09 1.966856581296e-09 1.5912441414271e-09 3.24573807917964e-09 5.03320423051127e-09 5.42809219827746e-09 3.9479679020747e-09 2.08728059584296e-09 8.58453079914654e-10 6.29272131599183e-09 1.27173604406417e-09 1.20967205147144e-09 1.00255432591019e-08 7.84420000491206e-09 1.22846392359228e-08 7.51554010210306e-09
2.89764085816229e-10 5.47786048112851e-10 1.47583559656527e-09 3.58479354078221e-10 2.15689416539375e-09 3.57138807405877e-09 1.5808500556638e-09 4.1151937330603e-10 3.06105183734989e-10 3.84818114574517e-10 3.32108844272808e-09 1.38763337597309e-09 2.49805044116159e-09 3.44026985743813e-09 2.99389087530415e-09 5.62554968467256e-09 8.3677377533956e-10 3.64013938152639e-10 1.6056549476529e-09 3.49085962954064e-09 1.56439952292988e-09 7.65173036659952e-10 1.75528960934357e-09 5.09111006489163e-10 3.27572031874236e-10 3.9147808586845e-09 2.23929575526313e-09 5.20040948743799e-09 8.12204008990254e-10 5.1390944620341e-10 4.37998304059661e-09 6.53091630816353e-09 6.64002401651591e-10 5.87836863357905e-10 2.90836352037299e-09 2.82936158125814e-09 7.39555386135317e-09 1.38408250781126e-09 2.11227050883008e-09 1.44252258047898e-09 1.04021327631383e-08 4.23582084280482e-09 1.07818172771835e-08 9.87717121053758e-09
1.3805936128555e-09 6.1947592785179e-10 3.29376116093977e-10 3.25789361301901e-10 6.11611788502832e-10 1.74405411413247e-09 4.16878511663704e-10 7.73005229601472e-10 3.38288879334204e-10 3.36715468989182e-10 5.1042798593004e-10 3.76790969875285e-10 1.71253110273673e-09 1.7480428823521e-09 3.35687443064009e-10 4.6351031570245e-09 4.29736698275515e-09 3.7957294458823e-10 1.64044879460977e-09 2.2884154875952e-09 2.11162523342592e-09 1.43254366277059e-09 3.89669332970548e-09 6.4400894739455e-10 3.55278099628149e-09 7.54308818922834e-10 2.23299397717941e-09 6.3384939443411e-10 5.05628671428398e-09 3.83067337939003e-09 4.98998247851901e-10 1.80680060884855e-09 2.03499729498085e-09 6.39394849384414e-09 9.4685506047578e-10 1.09596294481505e-09 4.49083838683794e-09 2.36006764281535e-09 3.18198364888215e-09 8.02332951822266e-09 7.74174168436683e-09 2.61227659362201e-09 8.51544840375546e-09 9.77302419721693e-09
1.08356950920843e-09 1.57266102382542e-09 1.29706128677355e-09 4.01136585404186e-10 4.81552791010054e-10 1.20934991995398e-09 1.67593929253589e-09 1.48107308880834e-09 1.6910730801203e-09 6.05524350946527e-10 2.71728610729391e-09 3.5686425598423e-09 1.7583631555713e-09 3.49064732017893e-10 8.03191360652026e-10 2.73264333876465e-09 1.5245671298862e-09 5.5716856122629e-10 2.80234668495994e-09 1.48714769451947e-09 4.47888032518639e-10 1.52373687229321e-09 3.8593760863196e-09 3.91801934493986e-10 3.70048638976458e-09 1.16749265202954e-09 4.88874849277879e-10 4.58554957778576e-09 6.82836751219394e-09 4.0267802344216e-09 4.9569695847202e-10 4.81044682004413e-09 3.11061670810745e-09 6.45403470702934e-09 2.10724691798204e-09 5.46465857761017e-09 2.64682612704912e-09 4.09585431095645e-10 4.55078957777422e-09 7.0965971177271e-10 4.91862949801557e-09 2.90302743906645e-09 5.20435006282155e-09 7.34433442294269e-09
3.40454198536084e-10 1.58732653855075e-09 6.26688065864981e-10 1.66024298452855e-09 3.71474766286124e-10 1.33188357945551e-09 3.4761294759879e-10 1.04100751547238e-09 2.32416155023918e-09 7.47156111882639e-10 4.01056529707543e-09 1.75028635726636e-09 1.84409691975214e-09 1.19376797709474e-09 5.12307493191821e-09 1.25937330111244e-09 8.39484880861735e-10 1.82332964035173e-09 2.45053195660743e-09 1.52345812761018e-09 1.92734088405109e-09 1.73612036097264e-09 5.77013597245291e-10 3.96516895268449e-10 2.6884230664843e-09 5.28582514883673e-10 1.50650443479967e-09 5.38912749335056e-09 6.47526867880659e-10 4.04749263463546e-09 1.48981475903608e-09 5.45532508305107e-09 5.79344737154543e-09 3.60296604085057e-09 1.71126627747495e-09 6.23516403464158e-09 2.60923594096155e-09 1.86131867832563e-09 3.99752897103029e-09 4.83837422032779e-09 9.74159429985629e-09 5.78582268773423e-09 7.85964042804633e-10 5.16657665137449e-09
3.11116499115463e-10 1.6227985864923e-09 3.91275227503442e-10 3.54704092578505e-10 3.26903476837553e-10 3.33499396848183e-10 4.30970451783636e-10 3.69208189300581e-10 1.9611871219944e-09 1.09701069654272e-09 1.761314479779e-09 4.6119184813896e-10 3.8859361035854e-09 2.68808641949773e-09 1.32955435644497e-09 8.24846903508928e-10 8.40101828504817e-10 2.1851520014965e-09 1.65030586866673e-09 2.05889305491752e-09 6.63467173570105e-10 4.77410317131856e-10 5.26751500789633e-10 9.4553341030063e-10 4.12998288294555e-10 1.16806957228214e-09 6.90437784425551e-09 5.33161956351574e-09 9.91938557518621e-10 7.21348866858074e-10 3.21088044119179e-09 2.93027170826809e-09 3.14713907359223e-09 5.69973616290805e-09 2.43231236307307e-09 8.00676109346301e-09 9.82439252850689e-09 1.45334913633634e-09 5.51330657279986e-09 4.13559913853589e-10 3.01299905654288e-09 2.96764161947687e-09 5.14674119912156e-09 7.293474160846e-09
3.28262491997801e-10 1.59874482739612e-09 1.65214453232383e-09 3.33280052688167e-10 1.75608534680101e-09 6.48074698141179e-10 1.73056307112255e-09 4.21047410637754e-10 3.83124098574667e-10 3.89361186386246e-10 1.71388129005663e-09 1.74352157991076e-09 2.91173093694907e-09 2.23860337701082e-09 5.55870254980514e-10 3.93421712890686e-10 6.64021350949802e-10 7.05636943653838e-09 5.10339885575879e-10 6.49678634300661e-10 9.57969271719101e-10 5.34973480733067e-10 4.52329918382592e-09 2.66405515147346e-09 1.90886165334284e-09 1.09411237705394e-09 4.24461106842925e-09 1.84637161535355e-09 3.91125609333649e-09 2.0386972201019e-09 4.39929405274966e-09 2.84220548766996e-09 2.34740944037647e-09 1.18413133442491e-09 8.95831089104607e-09 9.15437227087741e-09 1.09630192155627e-09 5.72634555934947e-09 4.34439595074989e-09 7.70047742491497e-10 2.37806565879246e-09 6.27229567938872e-10 2.0819328168391e-09 5.90148274896458e-09
1.66309246613493e-09 7.08507630715249e-10 4.48946633355617e-10 4.37386866854685e-10 1.71168209359486e-09 1.72176565779565e-09 1.51254433351957e-09 1.74251580258317e-09 1.10818902934918e-09 3.80796074303699e-09 2.47854581581941e-09 1.87519258070526e-09 6.32129906387016e-10 4.06832397100049e-09 2.07171996413772e-09 1.66017152015856e-09 5.23559303829649e-09 5.29329799171926e-09 2.82686459961679e-09 2.26155882067169e-09 5.33378779065753e-10 1.64840296122928e-09 7.60262430146758e-10 2.38702082209329e-09 4.79846785766795e-10 1.23504111893928e-09 4.74729229032969e-10 3.45135273257807e-09 3.18454763713295e-09 2.69305832210355e-09 4.01797055585661e-09 2.59737878160109e-09 3.54446668340467e-09 1.15428794032629e-09 8.47630370794344e-09 3.84985157563269e-09 6.11408195200673e-09 2.16379106318158e-09 1.98433767657146e-09 5.04968345088199e-09 6.17356067960621e-09 6.78677305019754e-09 2.74125550074612e-08 6.80854149117306e-09
4.36445122684926e-10 8.34026161072802e-10 1.75903113726569e-09 1.71257166296224e-09 3.26725691868505e-10 1.74698580715892e-09 1.73340675570137e-09 3.83612400999852e-10 1.94895811059783e-09 7.07243352616231e-10 1.74717830877535e-09 2.90714150526679e-09 1.76847245943691e-09 9.03370059339175e-10 4.03003501996994e-10 4.20379759481112e-10 5.06991418009642e-10 5.00435327368985e-09 5.54991829050231e-09 3.18288619139869e-09 1.12304966428836e-09 5.7425504987037e-09 8.66597967554317e-10 4.16212526226902e-10 5.54423910020334e-10 1.93903761376731e-09 4.92888837304912e-10 5.10250804244768e-09 5.27730696282133e-10 3.81003497078918e-09 4.08607486813925e-09 2.04309565783491e-09 2.82656302664318e-09 9.44570370426405e-09 2.24170192148482e-09 1.45392635002779e-09 6.6523291132982e-09 3.62177366989072e-09 5.72627774810177e-09 3.81857291427131e-09 2.40424096976257e-09 8.47513311733009e-09 9.66336365788241e-09 9.20426781471482e-10
3.16662480842169e-10 4.5389576471549e-10 4.89561489551375e-10 1.76383053225378e-09 4.82730697256176e-10 1.80946192535047e-09 1.82643825106717e-09 3.98330666398601e-10 7.29683852273328e-10 6.28669763033903e-10 8.27402798046235e-10 6.72134793905098e-10 2.07428366624408e-09 3.48197217354153e-09 1.75066948918051e-09 4.01820461917787e-09 5.2154239834236e-09 6.40450203626584e-09 8.48365144410529e-10 1.93095862407503e-09 5.5967349888373e-09 8.95109262858262e-09 5.87428668342544e-09 5.05091410878941e-10 8.03773875084283e-10 3.93999683110163e-09 4.8323614463846e-10 1.28703771480465e-09 1.65089122394075e-09 3.30512571159621e-09 3.65757823978915e-09 3.74732830131042e-09 5.42580413359093e-09 2.79424459294723e-09 3.46660208061009e-09 2.9136971696534e-09 3.78298601883635e-09 8.29355246443374e-09 6.33956543507545e-09 1.15537253781987e-09 5.3198919036953e-09 7.95329235175162e-09 6.86186646278581e-09 6.76064193514751e-09
6.28226977176877e-10 1.82862963626835e-09 6.00436339776597e-10 4.36163528235202e-10 1.96304921077269e-09 2.4643844013201e-09 3.54366263747128e-10 1.51727290018313e-09 8.90024114565405e-10 3.18616800276908e-09 1.29695583663965e-09 1.68960030320664e-09 4.54469419216108e-09 2.06482530916507e-09 1.96481465977801e-09 2.27697847479195e-09 2.87110110174404e-09 5.60495986764727e-09 7.57505207038645e-10 8.62276433434644e-09 4.86790010530193e-09 8.24421785725554e-09 6.24939559657405e-09 4.62076144220231e-10 5.18674342127705e-10 2.22993398133281e-09 8.25712388792e-10 9.67762389147826e-10 5.0670932371383e-09 4.2700667984492e-09 8.49530941634514e-09 1.26904350994832e-09 4.45489324637154e-10 9.1534522369936e-10 6.97939654204663e-09 7.33227220978483e-10 3.5923151323094e-09 1.07453863276431e-09 7.88690203625174e-10 7.6825653322064e-09 5.31226174666441e-09 7.67930722996338e-09 8.7220919605057e-09 3.53994210163471e-09
1.73731537682892e-09 1.85467709970133e-09 1.91488451801474e-09 5.39509874167193e-10 7.77440208520619e-10 1.79817085383955e-09 5.07357612291964e-10 7.2816172037919e-10 2.24679851938019e-09 2.40970326517528e-09 6.22138368372741e-10 2.21801526746089e-09 1.68296618414108e-09 3.8846790980045e-10 4.65888693780987e-10 8.5671590535831e-10 1.29511208972224e-09 6.0775788469255e-09 2.81217838393483e-09 7.0846356995179e-09 2.90192523519328e-09 2.77511171836569e-09 5.59580485234001e-09 7.92132237764041e-10 5.42520116377576e-10 3.2660882824927e-09 3.71076156635176e-09 1.89827093111884e-09 9.67940674213363e-10 5.11305583261288e-09 2.61750874854919e-09 4.06226453009413e-09 9.82953813039696e-10 1.3740387967038e-09 1.85876034532744e-09 3.04270177756133e-09 1.0780553744199e-08 6.67236697910124e-09 8.2665882801704e-09 9.80891372221046e-10 6.71649916672482e-09 8.69479663081219e-09 8.41316931158992e-09 3.60317611620517e-09
1.82990340889312e-09 4.15932319702395e-10 4.14437818128273e-10 2.00556069356978e-09 3.62605889289625e-10 1.89804922173372e-09 1.33411209651362e-09 1.55624326940795e-09 5.9792112260875e-10 3.98384740819695e-10 7.56433604895147e-10 5.23488230672361e-09 4.81091218194431e-10 2.18437460740769e-09 1.53967180834299e-09 3.9802472657231e-10 9.40176037009965e-10 2.38752469673514e-09 1.03462850037063e-09 5.14950140601898e-09 6.31887184065516e-09 9.95232162200975e-09 5.1009536906148e-09 6.90433467008138e-10 5.25088233427061e-09 1.19931017087243e-09 8.40972770630942e-10 4.14046667615082e-10 1.2599362135066e-09 1.3433613425499e-09 8.04256773013492e-10 4.35896950002495e-09 1.18715956281142e-09 3.91139334767212e-09 3.64211413224394e-09 7.26066491612247e-09 7.83557267875906e-09 2.66598084572837e-09 8.52814892591284e-09 8.08813625893346e-09 1.08460604162683e-08 8.61475494934094e-09 1.58145250124878e-08 1.2355497257507e-08
1.54878912521346e-09 1.99297064668944e-09 4.09644965065825e-09 4.07482240862857e-10 7.34472038533335e-10 1.91007422221579e-09 1.88852288784214e-09 3.5772278928011e-10 1.95314525132659e-09 1.98497977379929e-09 2.00601042120737e-09 2.19876317466614e-09 2.40538036875972e-09 3.61791360606164e-09 9.59995380995276e-10 3.44189654274498e-09 7.62316471664524e-10 1.33171631550766e-09 3.89904029979901e-09 4.29942508929943e-09 2.90527104920019e-09 5.76511137572221e-09 8.20870395846694e-09 5.19148980373079e-09 7.20063122118513e-10 2.87833743650935e-09 6.17011789394984e-10 2.13928810178924e-09 3.56368197585077e-10 7.95218869881918e-10 4.99031618960411e-09 6.27622982116543e-10 1.11913535817797e-09 2.15424113602685e-09 4.97504165858814e-09 1.04294506900133e-09 5.77362787374473e-09 6.61945200086249e-10 7.01776324720582e-09 7.77803325098249e-09 8.82507004514717e-09 1.98105500230014e-09 1.01969871201406e-08 1.56210611309447e-09
5.02804708193273e-10 3.07055640079637e-09 3.92527651489858e-10 1.97042445684302e-09 7.37353850179045e-10 1.94301041955928e-09 1.90180258485302e-09 1.95793052243065e-09 1.97647978487935e-09 2.00155811256423e-09 5.12537606647068e-10 4.16569733103202e-10 1.44470789187442e-09 1.93177824587809e-09 4.00186001702423e-09 5.45968537390978e-10 6.08575940307632e-09 5.22354953984064e-10 5.66421212793506e-09 2.59782375830731e-08 6.52545023949952e-09 3.82858785516365e-09 5.92152506464166e-09 6.04059864245879e-09 8.08978831641894e-10 2.7616448141372e-09 4.75181902887119e-10 1.90052625806004e-09 3.93013219176393e-10 7.64822261530295e-10 4.98899121396936e-10 2.33371278856615e-09 1.47151113502828e-09 1.14658308477847e-09 2.66270914452556e-09 5.43393985919531e-10 2.46795338112424e-09 6.94270299898552e-09 7.03726979916925e-09 5.65182357023648e-09 3.28078119722847e-09 8.86360401082838e-09 3.51975975571682e-09 4.550340667527e-09
1.29346263545254e-09 2.04493846755438e-09 8.53125771355326e-10 5.18175359429876e-10 2.0592377155649e-09 1.36800592688751e-09 1.97401719615531e-09 1.97964309747621e-09 2.0097544922802e-09 2.00613339342396e-09 4.13303440362657e-09 9.36023568596112e-10 8.63584049875556e-10 2.05891516969996e-09 4.17359866994173e-10 5.1423976142051e-10 8.14823891287252e-10 5.77851954965896e-09 6.04875259667345e-09 6.1342010592364e-09 6.40500778183454e-09 7.03553008201992e-09 6.17076118627388e-09 6.21545252009032e-09 2.99387431861444e-09 4.95721950658694e-09 5.32757168383687e-10 3.87681428206713e-10 1.83871996999047e-09 3.45425164244059e-10 1.69924849674245e-09 3.9837829466178e-10 4.5666161375381e-09 1.32934496626764e-09 8.32872527759334e-10 9.55941125053856e-10 5.361320271125e-09 1.08896923530761e-09 7.47588238511231e-09 8.21482356643549e-09 8.11819685491425e-09 9.0101916630996e-09 3.22535264966768e-09 1.54782008130421e-08
