Validation points/white/Bungarus_caeruleus-white.asc
NCOLS 267 
NROWS 469 
XLLCORNER 376490.070567719 
YLLCORNER 381033.488324056 
CELLSIZE 919 
NODATA_value -9999 
[rows 160 to 179 of 469, columns 88 to 131 of 267]
3.09319256519242e-09 4.40799240683041e-09 4.27789937804955e-09 5.22024839600986e-09 3.19496990618253e-09 6.50757587497106e-09 7.73141350624964e-09 4.38936839578825e-09 3.23256019261973e-09 3.80593078428796e-09 5.98473468320942e-09 4.53799760534546e-09 4.26657383880436e-09 3.60042371643135e-09 5.07673946549788e-09 4.72251053240706e-09 4.38468479843334e-09 6.46993207466068e-09 5.05427422297653e-09 4.71109373101572e-09 3.73854938526587e-09 3.31315113953723e-09 3.91246461246163e-09 3.99087938662762e-09 4.86329786688874e-09 4.22656954669122e-09 6.68745957499606e-09 4.15010994876635e-09 5.92405724872069e-09 5.04732052702906e-09 3.7543603525477e-09 5.03807286906091e-09 3.47687046407243e-09 5.04390662036759e-09 5.452841890057e-09 5.12638245719844e-09 5.01895833988386e-09 5.91967660901949e-09 3.40989126829836e-09 3.6206356712208e-09 5.24173116214891e-09 4.95322669897566e-09 4.97241278020196e-09 5.0968327789153e-09
5.29395442679893e-09 3.51518697571413e-09 3.25015511666585e-09 4.65691594747634e-09 4.26581242311299e-09 5.33499875424367e-09 5.07896844810164e-09 6.66948299310078e-09 6.16062621343836e-09 8.83541414574432e-09 7.133967385237e-09 4.57216318253372e-09 3.92630432945542e-09 3.28723796609855e-09 5.31599149491247e-09 5.23973600859484e-09 4.9233155078701e-09 5.14372482408676e-09 6.37330735323121e-09 5.35491267771168e-09 4.76335441212928e-09 4.07468816652666e-09 5.05914301773266e-09 4.91290644821414e-09 4.18301062060673e-09 3.9339220167562e-09 4.23482210733589e-09 3.41982116888659e-09 4.32428929431216e-09 4.85952220751685e-09 6.88449889317619e-09 6.3251652681566e-09 5.08475830126334e-09 5.54489174686575e-09 5.14232251537327e-09 4.09813885791598e-09 4.9658410941525e-09 3.18741676453564e-09 6.03008816479871e-09 6.22694249328745e-09 3.91803933431572e-09 5.9842387438227e-09 4.19413976271873e-09 5.78780384442513e-09
3.06684496824521e-09 4.14230346992508e-09 3.78675086891083e-09 4.79452646102499e-09 4.53766728366355e-09 4.16166249284066e-09 2.9338274773742e-09 4.97054619835218e-09 4.53729764136192e-09 4.49359269597616e-09 5.63557115608372e-09 6.64577176053613e-09 3.93523922491457e-09 4.64086154661319e-09 4.44881540851484e-09 4.59533835333017e-09 4.82315277477398e-09 4.89175547497357e-09 5.1442202244437e-09 6.09622557097688e-09 4.86576866646348e-09 4.89131993510514e-09 4.89313576053775e-09 4.59966464960514e-09 3.71944823090275e-09 3.28240446211484e-09 5.07364108911569e-09 3.3298275998833e-09 3.3313792149653e-09 4.99623203381148e-09 5.05282997954778e-09 5.19129163810966e-09 4.14534986242956e-09 4.38672027462647e-09 8.80950529462131e-09 9.94606702560397e-09 3.74209176678108e-09 5.07903357800647e-09 4.03632942058151e-09 5.00074051945062e-09 5.00693544114214e-09 4.06448028974254e-09 5.91208362716619e-09 6.14835576753461e-09
4.47187945012343e-09 4.24440704303312e-09 4.63327307253492e-09 4.39802994437744e-09 3.60018769398938e-09 4.499535030361e-09 4.36224539918872e-09 4.95561924017791e-09 5.10483011641721e-09 2.95545663433237e-09 4.12192131555835e-09 5.64569061528222e-09 8.19279049344358e-09 6.76788748019723e-09 5.30531424673246e-09 5.10626185379389e-09 4.66144379809616e-09 4.80183838947442e-09 4.86606211913631e-09 5.99078231951282e-09 4.74468341326804e-09 5.18990036893242e-09 3.61986518640442e-09 3.87698536381065e-09 4.82754639183932e-09 4.10496896268912e-09 4.86120130768734e-09 4.9059089711216e-09 3.24155604119003e-09 5.52740189611442e-09 5.4101670100373e-09 4.42074845890698e-09 5.23057700987035e-09 4.52683518819806e-09 1.87621699257443e-08 1.39671462718533e-08 3.82454898110253e-09 5.35406351512696e-09 5.02172988903949e-09 3.53073307292405e-09 5.11936489564859e-09 4.94483650649729e-09 5.00414355247639e-09 5.08969188708339e-09
4.14936942436978e-09 4.63837133764543e-09 6.56210044807621e-09 3.83605891477942e-09 4.30000023729866e-09 3.03116931371684e-09 4.44369546686115e-09 3.9847715539146e-09 4.54919746599152e-09 4.51052647424708e-09 4.72736254466172e-09 4.29094077515658e-09 5.10259359178442e-09 5.89815497325082e-09 6.84658624562861e-09 4.76964736032899e-09 4.57241087887447e-09 4.5883808374993e-09 4.70338245747287e-09 6.03147436295464e-09 3.96815253031276e-09 3.85011432356238e-09 4.8286407605505e-09 3.33130976678402e-09 5.89867019622279e-09 4.66528925541272e-09 3.98531913309343e-09 4.841599120288e-09 5.91462059490134e-09 4.52030633973702e-09 5.83514187438584e-09 5.5407472553959e-09 5.01254746523835e-09 1.08520478824829e-08 1.04212160489853e-08 5.13688098935595e-09 4.28021261095604e-09 5.13594270775074e-09 5.24242571628764e-09 5.482765927411e-09 5.05498900381387e-09 4.91913480776694e-09 5.10697945849834e-09 5.22704912762653e-09
4.45236912236109e-09 4.11185672593353e-09 2.98517752959245e-09 4.54546178528319e-09 5.24511651889349e-09 6.23438405536204e-09 4.3299440270572e-09 4.54226461954857e-09 5.4463070146269e-09 3.63105454114261e-09 3.60403127085938e-09 4.08635533267203e-09 5.22904941388353e-09 6.73587314448663e-09 7.7405611165661e-09 5.42192879672609e-09 3.960081713579e-09 5.01202224463645e-09 4.6323063686977e-09 4.69926815468064e-09 4.22276565116215e-09 5.9446553998966e-09 4.77229285932507e-09 5.73787536931113e-09 6.39413446665512e-09 5.45971622557227e-09 4.59947182001408e-09 4.87504297544018e-09 5.0140500913919e-09 4.17276086300482e-09 5.21386164295329e-09 4.17123296848117e-09 5.26556112118294e-09 5.60478986024447e-09 6.4857423097752e-09 5.93139512800495e-09 5.58187987534302e-09 5.78030970602154e-09 4.5614843887063e-09 5.7824840673885e-09 5.70901054557632e-09 5.7833352786837e-09 5.46785828432399e-09 5.4185609278906e-09
4.32564019467535e-09 5.09548624050736e-09 4.75895546224444e-09 3.09602902293707e-09 3.43502533836742e-09 5.01647317325886e-09 7.31710702597572e-09 4.65813187786347e-09 4.94061895161975e-09 3.92498793385207e-09 4.77936212032409e-09 3.15680842271944e-09 5.44166923457034e-09 4.95913895387052e-09 4.10146688094536e-09 6.69781352875538e-09 4.6800894629381e-09 4.68933625342391e-09 5.20672068935414e-09 5.54265539557174e-09 4.76113004678277e-09 5.37442356107259e-09 5.29695405254098e-09 5.13619973180598e-09 4.65517993696391e-09 5.38805991685433e-09 4.43932596060583e-09 4.61661131819096e-09 5.24424010782673e-09 5.0974152654271e-09 3.24243191411993e-09 4.32286252454905e-09 4.69626007832998e-09 5.05330963262278e-09 5.03225735805304e-09 5.53214839133438e-09 7.25353104926108e-09 5.14382740930941e-09 5.24687489423339e-09 4.93851149750911e-09 4.128554954245e-09 5.42784730995958e-09 6.19092388268051e-09 6.13465724292577e-09
5.22144012964783e-09 5.02879891394485e-09 4.28257763549242e-09 4.38788471678187e-09 4.27441888786814e-09 3.8756281548769e-09 4.24032959145955e-09 3.76502965517302e-09 4.72025181128582e-09 4.79011721641504e-09 4.48107448637093e-09 4.77031451349565e-09 5.61258964934596e-09 4.61952133990364e-09 4.52983244023771e-09 5.88397074982664e-09 4.80163935484307e-09 4.5636788398991e-09 4.76195740215624e-09 5.34481013131868e-09 6.0020933850768e-09 5.17852707241582e-09 4.77796505009412e-09 3.17492171178959e-09 4.73078302344147e-09 5.18771866168293e-09 4.96862877131155e-09 4.81139856840318e-09 4.90841955004063e-09 5.4331246949726e-09 3.32642464232021e-09 3.97810708315295e-09 5.65292009038718e-09 5.60445299112593e-09 5.58187169593999e-09 5.5587667041462e-09 1.12053351335796e-08 3.7639067267305e-09 5.02933190172606e-09 5.37706147295874e-09 4.91189775643705e-09 4.17551619786328e-09 4.8856943893182e-09 5.33456709082604e-09
3.39173638412986e-09 4.16302327591188e-09 4.37340480262688e-09 4.21276327727692e-09 3.77554280594564e-09 5.19687075121621e-09 4.47641058191948e-09 4.42162352472064e-09 4.22129383126687e-09 5.84068411643988e-09 4.40457514859729e-09 4.9603706986912e-09 3.73101149371689e-09 4.00262642988169e-09 4.46211679892931e-09 6.90915165558828e-09 6.8550038130544e-09 5.54556123970585e-09 5.22753541967778e-09 4.97951462330456e-09 4.7622535929008e-09 3.47844835790262e-09 6.61732763200481e-09 6.71561648082113e-09 4.46512222902705e-09 5.42219228042927e-09 3.8780470395007e-09 7.10117011951979e-09 4.99701426108614e-09 6.45226284004169e-09 4.36711995643222e-09 6.17895908439903e-09 4.91801569293485e-09 5.91693424051859e-09 5.62534512007344e-09 4.95658373106615e-09 8.00668715685412e-09 1.60584479133874e-08 8.00061655824125e-09 4.97506335393661e-09 5.09695393461601e-09 5.33671033484179e-09 5.50490601144925e-09 6.43489706405886e-09
5.52481966672203e-09 4.1422185726149e-09 4.1256322589139e-09 5.0532847962907e-09 5.54778128388545e-09 4.80003615848581e-09 4.44795329074495e-09 4.36355483909716e-09 4.90009939197392e-09 5.69214379627061e-09 5.23427160905984e-09 3.50103406280865e-09 4.4920952632858e-09 4.47403330778942e-09 5.02955727850184e-09 5.73656739174314e-09 7.63619710875234e-09 4.70651703703596e-09 4.66299222449991e-09 5.18671560993613e-09 3.42606770297047e-09 5.08022901805467e-09 4.77051879650486e-09 4.71291295493347e-09 4.84098034607883e-09 5.28865989159436e-09 6.31659879299813e-09 5.00137712297155e-09 4.87476575689287e-09 4.68428203011257e-09 3.50210285343363e-09 4.2766908679553e-09 4.23565955373041e-09 5.38741740398859e-09 4.93122542236447e-09 3.8416997127467e-09 6.43847915367934e-09 1.36228271925854e-08 5.13594092834793e-09 4.52828175724519e-09 5.5436558668955e-09 4.23887600914225e-09 5.71261071518812e-09 5.08605922463194e-09
6.43345651380942e-09 6.2747037403066e-09 5.56464227057369e-09 6.01365423363578e-09 5.42371304890569e-09 4.426954580598e-09 4.31414928793443e-09 4.29646902802385e-09 3.00124446398561e-09 4.46353068455302e-09 4.87894007504474e-09 5.8453678980868e-09 4.48130862884562e-09 4.54087521519992e-09 3.97084860111408e-09 3.87910601496764e-09 6.77256120419406e-09 6.25391849325404e-09 3.79709040969612e-09 4.71868217153308e-09 3.81043721662967e-09 4.63196296656586e-09 4.81634995764106e-09 4.66732442544056e-09 4.94090011467739e-09 4.69520212911525e-09 4.91942755231147e-09 4.88682499953238e-09 4.72293019241103e-09 4.92169863511866e-09 4.40727644667688e-09 4.1722702753552e-09 6.24902826116375e-09 5.84802702047298e-09 5.41758723191435e-09 5.24339389219816e-09 5.97447569945503e-09 9.79011550777314e-09 4.97951151413909e-09 4.07554146956466e-09 5.64594608972126e-09 5.02559066550221e-09 5.12218524898424e-09 3.24298296775856e-09
4.43427350177055e-09 3.7135501141876e-09 5.90501922396421e-09 6.33357947345976e-09 6.45392978639655e-09 5.08651950769695e-09 5.43743165653555e-09 4.57152394933197e-09 5.39865069200523e-09 4.75880839064431e-09 3.14381879759228e-09 5.03818457862802e-09 5.38584591493901e-09 4.50044138147969e-09 4.53580007181627e-09 4.77773795449807e-09 5.6843396807154e-09 6.72068028862174e-09 3.5693246191083e-09 4.72712626861839e-09 4.57859193164852e-09 5.0333029939931e-09 4.28814971019385e-09 5.17940358284576e-09 4.79545375607243e-09 4.13257369755213e-09 4.92352023777958e-09 5.65585444513283e-09 6.49887596772761e-09 6.36592062459939e-09 5.79846811074434e-09 4.94403779830935e-09 4.95484067956522e-09 4.84710228617241e-09 5.00651500623791e-09 5.30719348182871e-09 3.81620820963909e-09 8.7587685915415e-09 3.67971719843438e-09 4.91183921904051e-09 4.92168102936799e-09 5.04409948905524e-09 3.9642819507635e-09 3.74210984825121e-09
4.09391211543876e-09 3.5210103073411e-09 4.23119565418751e-09 4.55759827707446e-09 4.10940942043941e-09 4.43011145212974e-09 5.84569782978246e-09 6.05698560662629e-09 5.84959075136285e-09 5.21553911600693e-09 4.40418733340564e-09 3.64362746753126e-09 6.5274588044796e-09 3.67990803082601e-09 4.50930505880339e-09 4.54779528150459e-09 5.22381284222416e-09 5.86415179973458e-09 5.16526036450867e-09 4.48108946590862e-09 6.71199977712651e-09 7.1342686831065e-09 7.28319095441251e-09 4.76599733539642e-09 6.57304591644239e-09 5.10192885648431e-09 6.74888505440513e-09 6.54092430264355e-09 3.92962829105005e-09 5.98837671277717e-09 5.78007872295083e-09 3.485110489896e-09 5.17525829114695e-09 5.29747488681576e-09 5.06320608523341e-09 4.86602726956037e-09 4.43017903710072e-09 1.01351340931886e-08 3.44802984572628e-09 5.02765345666357e-09 4.29807711756283e-09 5.44929603237459e-09 5.55476723568764e-09 4.69338951174559e-09
4.38701797301704e-09 4.08855738262213e-09 3.11561246194701e-09 5.87576952669746e-09 4.033067451415e-09 3.75821112274388e-09 4.26687328830053e-09 4.43603003063871e-09 4.26025836738663e-09 5.43567398696453e-09 4.86549781532656e-09 4.36414927815329e-09 4.0447252933634e-09 4.10963862887774e-09 4.86757043205641e-09 5.14355662872231e-09 4.61442786942442e-09 4.66146873256694e-09 5.81267390802043e-09 4.52058707748571e-09 4.95496110794711e-09 3.27617738041296e-09 3.76154056169775e-09 5.10012594697356e-09 5.53991800903518e-09 5.16396851953914e-09 3.62254161178069e-09 5.24636060445879e-09 5.39642366491178e-09 4.76991174243955e-09 4.03540293648589e-09 5.82791629468794e-09 5.40814950835411e-09 5.24879961866573e-09 5.12763765339444e-09 4.88992577136742e-09 4.70849623244677e-09 7.48361486299471e-09 3.47534572121187e-09 3.31863761542442e-09 3.31827293483937e-09 5.15515098260494e-09 5.55108255219781e-09 6.63670057868808e-09
4.17706224643563e-09 3.1078942279054e-09 5.73697950961094e-09 6.93947648738207e-09 5.30361761206689e-09 5.02311711982819e-09 4.72451145536758e-09 4.53687068743037e-09 3.45869819299789e-09 3.33614115638243e-09 5.0384391158342e-09 4.37112359768569e-09 4.05224283025107e-09 3.35200879970459e-09 5.23788083574239e-09 4.69854610467348e-09 4.74164586198995e-09 4.57072817264543e-09 4.78427123463068e-09 5.30206470220735e-09 2.93680570406863e-09 4.69483681273536e-09 4.94383718756339e-09 3.27352927942619e-09 4.12124727957437e-09 5.29790860286205e-09 4.63627006218715e-09 4.64441825291731e-09 5.67250134734142e-09 4.62574524941143e-09 4.74522123142555e-09 4.69648341929484e-09 4.82541540454167e-09 5.5496552135752e-09 5.4411287678887e-09 5.09470239474016e-09 6.78056914440836e-09 3.32497071274328e-09 4.29106262510148e-09 4.90599058670273e-09 5.31683875123514e-09 4.75758552541892e-09 5.34223358615324e-09 5.9555210910479e-09
2.93704004789502e-09 2.97502134206346e-09 6.55440167717075e-09 5.66007886812711e-09 3.4654474661058e-09 5.34059265653718e-09 5.7272810805802e-09 5.23761502385384e-09 4.26155126891001e-09 4.598146697616e-09 3.88831091003433e-09 4.61091495580104e-09 5.90624293763391e-09 4.20381762088997e-09 3.16605808474731e-09 4.54812880124928e-09 3.67318396623611e-09 3.5970760820987e-09 5.69300878848883e-09 7.22061487991787e-09 5.19655273922676e-09 4.53220369484658e-09 4.71002708210556e-09 3.98854560935528e-09 3.89916666547219e-09 3.71174779142334e-09 4.11514808863278e-09 4.83404350728198e-09 5.45604349588024e-09 6.00098608798791e-09 5.02666058218604e-09 3.74407025724392e-09 4.95331908790499e-09 4.70408349390412e-09 3.7161372227905e-09 5.3590328070568e-09 7.2579375341653e-09 4.99686102843626e-09 5.50690459042858e-09 5.40074675202946e-09 5.23960403584043e-09 5.29260516414107e-09 5.96151970492797e-09 8.04244514217342e-09
4.80661956011775e-09 2.91953740661777e-09 4.52181245014365e-09 6.26689279758927e-09 3.50976022792229e-09 4.26454995702453e-09 4.22824407399224e-09 4.34460109598135e-09 4.79122900202787e-09 4.04628512913001e-09 4.79032236395775e-09 6.38266157040355e-09 8.50898349288417e-09 5.42863257485582e-09 4.39398567575055e-09 3.31206729947957e-09 4.46164486863059e-09 4.65960577935402e-09 4.78265697892946e-09 4.03380795210776e-09 4.77987275551595e-09 5.46640089024527e-09 5.18480081893361e-09 4.58264040906379e-09 4.79802684941753e-09 3.67161300105605e-09 3.62483674996431e-09 3.87894432197266e-09 4.68336457981426e-09 5.00590361226601e-09 5.28566097210905e-09 5.23905772301066e-09 4.71582454538419e-09 4.97870839885198e-09 4.42042137713736e-09 7.01284443870729e-09 5.83147652492772e-09 5.08565760120095e-09 5.75722673190364e-09 6.11999943025669e-09 4.64937638543115e-09 5.39720370524354e-09 4.24342756421964e-09 5.11188417247715e-09
4.58542213754934e-09 4.01676283164975e-09 4.76424862798246e-09 7.47992129669717e-09 4.97901003517133e-09 3.50870215929841e-09 3.76496871195617e-09 3.45072981239494e-09 4.26163617458514e-09 2.8444122035232e-09 4.37392355079578e-09 4.27212766594771e-09 4.51247208092072e-09 4.81140829857136e-09 3.86683163439596e-09 3.22349576923744e-09 3.06044173697061e-09 4.59282059128786e-09 5.61185011343153e-09 3.62490146594575e-09 3.52408242652951e-09 4.42751765003602e-09 4.65740679166209e-09 5.58568056342773e-09 5.10633673868117e-09 4.78988814285992e-09 4.54462570076044e-09 3.36328605115471e-09 4.68081662919194e-09 5.22090739903785e-09 5.3593025057464e-09 5.72981369369367e-09 5.49141123341773e-09 5.06675254335223e-09 3.29355851411069e-09 7.04680670697416e-09 5.89471018520975e-09 5.10487350930654e-09 5.1158488920363e-09 4.71283785812444e-09 4.71825003148825e-09 5.71939302637763e-09 5.62897326944304e-09 3.87013350999228e-09
4.14248110975503e-09 3.85179334270895e-09 5.64846876655755e-09 4.72902627198989e-09 4.54316510289949e-09 5.41886315357987e-09 4.56658614541515e-09 4.18713225501702e-09 5.04875532541065e-09 3.89380184722503e-09 3.74895352205917e-09 4.75127258892298e-09 4.72557273616613e-09 3.4836102697438e-09 4.03453223220122e-09 4.06356956255615e-09 3.02617479887607e-09 4.35984925637287e-09 4.1386723900934e-09 5.74595114644394e-09 3.41675033510824e-09 3.49753500809491e-09 4.46907560063579e-09 3.28509188118862e-09 4.74384179827598e-09 5.3604860390173e-09 4.43748409145054e-09 3.23410301339117e-09 5.13093532431057e-09 4.6331655966247e-09 3.58032873065308e-09 4.97039425422878e-09 5.21036008876021e-09 5.45197770900163e-09 4.03393391669403e-09 6.68468419518153e-09 7.53261133736443e-09 5.20532521529284e-09 4.79582425817405e-09 4.78065258900615e-09 4.86875107276216e-09 5.22483429595835e-09 5.96479859098261e-09 4.68281226823868e-09
4.7201345221361e-09 5.2400765291688e-09 5.45826807171196e-09 3.77069585289787e-09 4.14910675701307e-09 6.28904267135554e-09 3.21379623522308e-09 4.15298801756869e-09 3.7383430132765e-09 4.4108690387801e-09 5.72136015912685e-09 5.55763806879462e-09 5.22650632346442e-09 4.77969610219748e-09 4.25215122095718e-09 4.83519944455746e-09 3.38923030302519e-09 4.54190594938942e-09 5.33026279836489e-09 4.57359097333837e-09 5.41796811274303e-09 4.54366562436457e-09 4.42103989102162e-09 4.62424011310354e-09 4.49906446422563e-09 4.55934365333527e-09 4.02749839810286e-09 5.94221866796384e-09 6.50198249711959e-09 4.75640258038563e-09 3.57425898191572e-09 4.69268175866446e-09 4.65497640512567e-09 4.53486523883374e-09 4.80770271460242e-09 4.79950592551259e-09 8.09142584694469e-09 4.64717353097869e-09 4.71399858577605e-09 4.93766497434884e-09 5.28009563937509e-09 5.96001181178993e-09 6.2995160727839e-09 4.74029330413158e-09
