Validation points/white/Daboia_russelii-white.asc
NCOLS 267 
NROWS 469 
XLLCORNER 376490.070567719 
YLLCORNER 381033.488324056 
CELLSIZE 919 
NODATA_value -9999 
[rows 400 to 419 of 469, columns 44 to 87 of 267]
2.67760146709446e-09 3.40406860418772e-09 1.70257578832987e-09 2.73176557401586e-09 2.85805271755962e-09 3.10637733795365e-09 5.56477744023599e-09 3.98796268921175e-09 3.66560980254815e-09 4.35270684743782e-09 3.44613959525074e-09 5.07800219868984e-09 5.88741346167699e-09 5.48452591516267e-09 7.42579446134764e-09 5.42800696267552e-09 8.7092299884162e-09 7.98917432316628e-09 7.41925684672705e-09 5.04138997438092e-09 8.32518682856029e-09 8.33087108742773e-09 7.17008171213416e-09 3.47852916092591e-09 4.67125857064347e-09 5.71679639783396e-09 9.82670568882576e-09 7.23961384092435e-09 6.61499176051822e-09 8.73869093059279e-09 7.84288497819818e-09 4.6279529700626e-09 7.14663919891501e-09 5.23501037321182e-09 4.18325903427409e-09 4.48873138876023e-09 4.85027677074361e-09 4.00740445609418e-09 3.06331247169332e-09 4.64794481409519e-09 4.96639317325873e-09 5.72192776519285e-09 6.34621683072892e-09 7.4195830243341e-09
3.78463917891206e-09 2.0857772055779e-09 2.55454886504917e-09 1.87917695882915e-09 3.33641282245347e-09 4.92282862890631e-09 3.51222437105333e-09 7.18966214181206e-09 8.75458420654322e-09 7.25146386238707e-09 2.62478275546767e-09 3.04793909037751e-09 8.22111377393347e-09 6.72931787081346e-09 5.22318514292773e-09 5.41081466074383e-09 1.15354222029905e-08 7.06174359552618e-09 6.7862548365777e-09 6.4315813888422e-09 9.09983522895321e-09 8.22658748264573e-09 7.23366422872365e-09 3.83764949858518e-09 5.98179886593868e-09 7.75897912290646e-09 8.9306111829499e-09 8.26366205783481e-09 8.24190605052898e-09 6.27601008746809e-09 7.06283687161095e-09 6.66547967368543e-09 7.5890248321381e-09 7.96122422188119e-09 6.15878377919816e-09 4.39045138641288e-09 4.34075167886533e-09 4.74438630143711e-09 3.69339441690252e-09 3.82285650148294e-09 4.64495540157878e-09 3.62171054958103e-09 5.83703551112154e-09 7.36031896203385e-09
3.44903596788741e-09 2.86973059707727e-09 2.70161853894364e-09 3.91501129323102e-09 3.12208924140292e-09 3.42517486883975e-09 2.67644835937146e-09 4.65664730474847e-09 4.97251726599601e-09 6.03959157590233e-09 7.06653366962681e-09 4.21325533374275e-09 7.42458488449804e-09 5.24085036934794e-09 7.83373627826656e-09 7.72965085296647e-09 6.96725761081168e-09 8.02004391657241e-09 8.07977475273212e-09 6.86057989490833e-09 1.22554026712212e-08 6.17347323147958e-09 8.15490566866149e-09 5.4358537883043e-09 4.16929009390541e-09 5.60195566432324e-09 7.59475496468283e-09 1.05577990846391e-08 6.90283296290217e-09 1.09879318887843e-08 1.02343215010281e-08 8.91241011355718e-09 5.92654705126189e-09 8.31379617186871e-09 7.63075827045871e-09 5.11768794715305e-09 5.9876066598547e-09 6.59870441335179e-09 4.87501709632237e-09 4.5560024229303e-09 4.4404749709075e-09 4.58132087288224e-09 5.97845017999057e-09 5.13898946095948e-09
3.73660497317724e-09 2.50191976122993e-09 2.22597123225198e-09 2.27151676636043e-09 4.10935979762316e-09 5.40956731778423e-09 5.66833764973622e-09 4.02846089809435e-09 4.66755119370239e-09 6.7004517891987e-09 9.7174765222836e-09 5.46098803772572e-09 7.31307981185972e-09 5.47240999860081e-09 7.71960400590506e-09 1.08902253273799e-08 1.00218280710653e-08 9.79065385391042e-09 5.49019654088106e-09 6.9186628197984e-09 8.09896634059897e-09 6.23920462688956e-09 8.10792358137327e-09 5.75802851728899e-09 5.52325901350321e-09 3.8213679942265e-09 8.15619756923028e-09 7.72739501406016e-09 1.10660108704366e-08 8.61548535936441e-09 7.91177324183511e-09 9.99258117584778e-09 6.84164412497574e-09 8.9326909926428e-09 5.82689995921227e-09 6.34328925764172e-09 5.32582196191925e-09 4.86600465596455e-09 4.47492784965434e-09 4.0980180812586e-09 4.06520598768375e-09 4.02661179340728e-09 4.2490235428849e-09 7.59011806945893e-09
3.61993664724031e-09 3.43532207606502e-09 3.32910700559906e-09 2.62534743730513e-09 2.71980233289862e-09 3.43017192466039e-09 2.97301097237527e-09 4.40450746940002e-09 5.14827616173173e-09 5.51193068754676e-09 3.54406492620478e-09 4.89213139163036e-09 7.55601633557493e-09 9.41081428116309e-09 6.14232117955005e-09 9.31695445263552e-09 8.52889010534641e-09 5.47928493290178e-09 6.64394399641121e-09 6.73331763796901e-09 9.2554347289853e-09 6.8239985375727e-09 8.72175586709218e-09 6.16043715982971e-09 3.51724268336625e-09 4.06116017098398e-09 4.58491344911047e-09 7.16279824502559e-09 6.48069460679818e-09 9.06673607606061e-09 9.00050850289264e-09 1.0224120527456e-08 8.83471188056615e-09 6.3990588040429e-09 8.64488507992912e-09 5.61553270505495e-09 4.6484876661354e-09 3.81994972120071e-09 4.74500252946743e-09 4.17976656808572e-09 4.87822069778706e-09 4.87196359380617e-09 4.50330428965688e-09 4.51505252335871e-09
4.85385115053978e-09 4.48904027554056e-09 2.390663053576e-09 2.78627622475847e-09 2.44835385076928e-09 3.79499709627048e-09 4.36342877684561e-09 1.02275043734093e-08 1.18014020114618e-08 4.60748953093537e-09 6.31343581587222e-09 5.12666792793951e-09 9.44610169947773e-09 9.45588385972909e-09 7.40130331968561e-09 8.61336988721065e-09 6.50067574872804e-09 6.05330124142793e-09 6.02358722874088e-09 1.1464386346089e-08 7.07240815017023e-09 9.87250648298459e-09 1.21481398102746e-08 7.5812208233692e-09 4.14448146980508e-09 2.97211176563547e-09 4.07288013852233e-09 6.24421132433525e-09 6.40049069772622e-09 8.32223628150128e-09 7.01273997226459e-09 8.0401993446429e-09 6.07288384737024e-09 6.186566735756e-09 7.62422343464339e-09 8.23002931060031e-09 4.4642332212584e-09 4.31502202439326e-09 4.68436005672881e-09 5.45364489937746e-09 4.68132715353107e-09 4.41031904468882e-09 4.41706428561553e-09 3.94095125404282e-09
3.47192260311946e-09 3.4287869227714e-09 4.35440352154555e-09 3.93173404473738e-09 3.67235186024299e-09 3.00859668599966e-09 4.77049636331369e-09 5.4917349275857e-09 6.15966937294961e-09 4.1333155725006e-09 5.58208813518292e-09 4.71971060655244e-09 8.95183567288092e-09 6.90880563269447e-09 8.65855304255386e-09 8.65459002533414e-09 8.09535419416939e-09 8.07721339437822e-09 7.16503315871606e-09 8.06347311260281e-09 8.34000943263118e-09 8.08338977882699e-09 7.31407501373017e-09 8.255929321344e-09 7.00325481504425e-09 7.46018927651208e-09 3.7681624663722e-09 4.7686050978116e-09 6.72147091214402e-09 9.18536392339879e-09 8.24511721899762e-09 7.0515915534586e-09 6.25657186244695e-09 5.34267989980585e-09 7.40328865916154e-09 5.57361648105362e-09 5.31352644675824e-09 5.93855813368834e-09 5.09140092350049e-09 5.09026312918021e-09 4.41962499355912e-09 4.016132330621e-09 4.07935088404082e-09 4.19627967253106e-09
3.407664668752e-09 4.84064145765429e-09 4.05426219634332e-09 3.03750163579398e-09 3.09424103186404e-09 4.72910767936105e-09 5.53737243073338e-09 7.32936077711851e-09 1.00973330180506e-08 8.66377263625126e-09 5.87181826250829e-09 5.45754568872711e-09 6.57329014876883e-09 6.1474551118393e-09 1.05963675836784e-08 6.54802916777706e-09 1.09286205780211e-08 7.65117550111459e-09 8.30308515400226e-09 5.95005295984586e-09 1.37069090858602e-08 8.72250309079722e-09 7.60690827176718e-09 6.06916012167015e-09 6.66103279851278e-09 6.97148578456461e-09 6.96717368122332e-09 8.48289797086097e-09 8.82771144310811e-09 7.66756018655606e-09 8.58911025466556e-09 8.15519170729231e-09 7.94493810735887e-09 5.98461514272769e-09 4.17612530057606e-09 4.94787086447113e-09 3.30762686162638e-09 4.78685726536285e-09 4.57523810808826e-09 4.5484862769291e-09 4.77160609709439e-09 4.83327952045506e-09 4.48843659608063e-09 4.48724622446091e-09
5.0983805206401e-09 3.97095834091734e-09 6.37976117198147e-09 5.45787919019487e-09 5.60729129142204e-09 5.88050630408649e-09 5.47262761171706e-09 4.78338150730142e-09 6.44197086488448e-09 5.1458151211293e-09 5.02419685193662e-09 5.70237228790594e-09 8.14526447003642e-09 8.04456062714909e-09 8.77324137995257e-09 9.70667843997088e-09 6.73993647537319e-09 8.25986295990943e-09 1.11565608594304e-08 7.67446603149579e-09 9.07914063464959e-09 7.66158489151323e-09 9.20016753304942e-09 6.45021775463254e-09 5.33936753130084e-09 7.84358447076288e-09 6.4999681186547e-09 9.04984056187523e-09 8.94654406521737e-09 9.97501763164192e-09 8.52743310056741e-09 5.53789698121657e-09 7.99155766501963e-09 8.62959716958824e-09 5.39438802788877e-09 4.33245038106745e-09 8.63211373743478e-09 5.61035831648874e-09 7.02585184958102e-09 6.27550088689848e-09 5.51789437641578e-09 4.71219526869395e-09 4.48326330075851e-09 3.98732038319096e-09
7.0714925950943e-09 5.46062617064654e-09 5.86249735093189e-09 5.48945263324442e-09 4.8672255345115e-09 7.25607753293923e-09 5.74183628975434e-09 4.9754072328271e-09 4.30899310752917e-09 5.23918326569032e-09 5.66385897172797e-09 4.6196479030283e-09 7.00722216109705e-09 7.66398444330899e-09 6.15846338081479e-09 1.16273536172301e-08 9.49409409403111e-09 7.36415349814279e-09 8.15957262100588e-09 1.08342451604416e-08 6.97339441202161e-09 6.71078647295731e-09 7.65538706236581e-09 4.95003133659884e-09 5.37172852249574e-09 5.31676367267418e-09 7.75716223526793e-09 7.84180188921221e-09 8.20033269112966e-09 9.59116872937928e-09 9.16701053502971e-09 1.0998845471678e-08 8.56426417050866e-09 1.3187213164368e-08 7.74865354783487e-09 7.06098150964831e-09 6.29351278672353e-09 6.93251233073662e-09 8.43272949012252e-09 4.71543783747736e-09 6.69433513187153e-09 6.90452787404338e-09 4.59939838907858e-09 4.10069434008707e-09
7.15273582547278e-09 7.75967271664786e-09 4.26432257162751e-09 1.06464097065291e-08 5.08728500327494e-09 8.6666528445332e-09 6.01170088012605e-09 4.5394579460101e-09 4.62526971646731e-09 4.11436278809689e-09 7.26586316738044e-09 7.34649668549363e-09 6.19197695315384e-09 8.80284428788563e-09 9.30004835962095e-09 7.06210584713313e-09 7.31519319430949e-09 8.38355317223773e-09 7.57500424646454e-09 7.64996321862378e-09 6.74959220622055e-09 7.77555986619356e-09 8.43188549207793e-09 8.98576099641629e-09 1.41507853498634e-08 6.36528471678659e-09 6.66852319854457e-09 1.13429487175235e-08 8.753357748531e-09 6.32016264049873e-09 1.03190646803039e-08 6.7515602221289e-09 9.42757349351309e-09 1.03870113186872e-08 7.46147855241945e-09 6.42581661954691e-09 5.78441724305281e-09 1.0556450710128e-08 7.23754254710391e-09 4.30531356892154e-09 4.73801234771469e-09 6.8426785683029e-09 7.00594076868559e-09 5.8346013838461e-09
4.99998232772297e-09 5.35615464920912e-09 5.34235156178728e-09 4.30276841942407e-09 4.67456816582593e-09 6.96104452124113e-09 8.53367092433895e-09 8.38071349998878e-09 9.46091772657359e-09 7.17948816985899e-09 5.57917573126653e-09 6.6739837169035e-09 9.22175217842942e-09 6.50144518168589e-09 9.94222724280373e-09 8.5746228831127e-09 8.45614710980578e-09 9.69485804724709e-09 5.77027200248323e-09 5.83685209649497e-09 7.40291380981324e-09 6.06133790309054e-09 9.30328898631837e-09 7.74193179945526e-09 8.90617682106706e-09 8.20021789651981e-09 8.36576183015721e-09 8.11031027453884e-09 8.08875994500179e-09 8.3533552996842e-09 9.6962473811494e-09 7.72157211787485e-09 8.45787712747559e-09 7.1180735392385e-09 8.94905748217372e-09 8.94282040431906e-09 8.09514665585707e-09 6.64308113854932e-09 8.59503058627132e-09 6.96483469228339e-09 5.48369846098741e-09 7.6524388423308e-09 8.15549129853511e-09 9.24045269495653e-09
9.24509674100128e-09 4.07391142609551e-09 3.7209169579654e-09 2.74191389259479e-09 5.63127373302694e-09 4.31322803404102e-09 7.10731930914259e-09 5.39351112802088e-09 6.07958148021384e-09 1.05999230041693e-08 7.54655206375871e-09 9.80052790999943e-09 9.70934965851006e-09 7.52571529451036e-09 1.06563032991816e-08 9.08564618656257e-09 9.47299859486192e-09 1.20475929518954e-08 8.31026555312836e-09 5.21354270482572e-09 7.11382334218938e-09 1.14153601534935e-08 7.98932623561481e-09 6.52918034340365e-09 8.08798837313161e-09 8.75360888640757e-09 9.77144220416606e-09 1.332492929406e-08 9.64867068472419e-09 8.94225149420048e-09 6.81111907264461e-09 9.95377466484589e-09 6.49611501974298e-09 9.50287113796437e-09 6.82609503505105e-09 9.24679866758447e-09 8.64896078163058e-09 7.93635410087841e-09 7.41389585382414e-09 7.73321692193025e-09 7.68476506492894e-09 8.51654462203884e-09 9.62510922499729e-09 8.83719463415107e-09
4.84272896858341e-09 3.7912376541032e-09 4.88562160779887e-09 5.14063300885247e-09 4.84751498219178e-09 3.81293369342708e-09 3.80338039629913e-09 7.17304647480645e-09 5.61510580936609e-09 5.86726986575242e-09 9.88799571926637e-09 6.62410637232345e-09 7.79207162951322e-09 7.82004142795248e-09 6.78161772296733e-09 8.75421838476189e-09 9.99674590060395e-09 8.58673700844984e-09 1.24178025798429e-08 6.53481536148781e-09 9.09722748161068e-09 8.94210932249644e-09 1.25335284968651e-08 6.70727137437333e-09 1.1879732203263e-08 8.95986740193254e-09 7.1604760415391e-09 9.29481353054269e-09 8.96424375756321e-09 8.64398205105143e-09 1.24603617506504e-08 8.82279435322122e-09 7.40007674005668e-09 9.26170372151215e-09 7.08739647403167e-09 9.2756349785702e-09 8.38601902649882e-09 7.74080937802942e-09 7.32939424704502e-09 9.29668053440858e-09 6.89845885901797e-09 9.50553270701105e-09 1.03883984249571e-08 9.84686522383886e-09
4.59529638195631e-09 3.68808908336144e-09 6.37828324247017e-09 4.36276420371224e-09 3.80842695300882e-09 3.11895798707461e-09 8.45117090119133e-09 5.84244533815032e-09 9.98403445282356e-09 7.08452792460626e-09 6.71401082986498e-09 7.35524363242069e-09 6.22097848026969e-09 7.86789432812172e-09 9.35778026014484e-09 9.69097901577029e-09 9.27763168758882e-09 1.14012952122607e-08 6.06699666515734e-09 9.12006998950763e-09 9.79307106209222e-09 8.56506440849795e-09 9.69162787134676e-09 7.50396029537667e-09 5.73395518335929e-09 5.038816607374e-09 6.74126720058155e-09 5.97082751028226e-09 6.29574817625488e-09 8.0999362355679e-09 8.96170909209562e-09 9.90421063558572e-09 8.38078936403734e-09 6.13661319103012e-09 8.61378199166143e-09 7.48083721620043e-09 5.82207033189347e-09 7.43317615450798e-09 7.41789055822242e-09 9.55461223553598e-09 7.3634186422206e-09 8.28361429084714e-09 1.16223197958133e-08 9.34057618528167e-09
6.12022056263304e-09 5.25649142449789e-09 8.0878326616022e-09 4.13684400450537e-09 8.05813214867535e-09 6.27040944609683e-09 5.50388671655801e-09 6.41543074883714e-09 4.66850140372452e-09 6.17828105320495e-09 8.70956576055905e-09 5.50489391364763e-09 6.43182809034427e-09 7.86432846401133e-09 8.19380078708138e-09 7.53550544727149e-09 9.09937791463483e-09 8.75407548730981e-09 8.61406397986787e-09 7.13629121372446e-09 8.74994072837951e-09 8.3177912174007e-09 9.2995120106108e-09 5.19668098528145e-09 5.72106560695169e-09 1.10330437397728e-08 5.52271657907509e-09 1.16502196715078e-08 8.55243157597446e-09 8.67727234215558e-09 6.75484520833446e-09 6.88452461462926e-09 8.05447686251147e-09 8.90235136994846e-09 1.01304310693971e-08 6.68441312908876e-09 9.17610446435896e-09 5.86477870477317e-09 6.55429566912448e-09 6.64511284679522e-09 9.50904198581043e-09 7.46448960867827e-09 6.15297158884862e-09 1.10394412980663e-08
3.52061601672006e-09 4.67942918554626e-09 3.99291915558369e-09 6.11911712179271e-09 5.17401726601872e-09 6.76691788416258e-09 5.84413711497744e-09 5.96746408692744e-09 5.33431725523003e-09 5.21941197629597e-09 5.36477041902178e-09 1.02943429397451e-08 7.83096792804078e-09 8.91273927957834e-09 6.01452693893382e-09 6.20225358601738e-09 9.46940964885298e-09 9.0754370236196e-09 1.06808696438038e-08 7.96193339805926e-09 8.48878757415423e-09 7.53144035155519e-09 5.87652247023719e-09 6.79773042398495e-09 5.29732133849947e-09 5.39381294358574e-09 9.56602150275183e-09 7.44506638314562e-09 8.88226451004524e-09 8.54341449084382e-09 8.6508263350038e-09 8.34685077687587e-09 7.04793377330213e-09 7.77486027282716e-09 8.49915988425107e-09 6.63137866938502e-09 8.0692387475396e-09 9.09468874251099e-09 8.51583616133356e-09 9.06748579286018e-09 9.5190682750299e-09 8.48788920458616e-09 7.9936365580598e-09 6.39367419550899e-09
5.0617539348804e-09 6.27728258545598e-09 4.76333621727898e-09 5.33925164736294e-09 8.82454602196579e-09 5.41598328865854e-09 6.05612307580885e-09 1.11915740663175e-08 4.47995717316931e-09 8.31239243016309e-09 5.78423222587349e-09 1.01716536358676e-08 5.98023072222755e-09 1.08935045532867e-08 4.23783844847864e-09 5.91309415274512e-09 5.04862907877875e-09 8.39426073449391e-09 1.01041487489283e-08 5.32281405959906e-09 7.97070708401341e-09 8.45333367853926e-09 5.96620518869022e-09 5.06564565214073e-09 4.59426692353899e-09 5.30450427452163e-09 7.09213721366387e-09 8.74438863542085e-09 6.09253616471838e-09 8.51632768716518e-09 8.34694883660554e-09 7.09080527669166e-09 4.02068238790323e-09 7.49488124020346e-09 8.28302005189004e-09 8.56572810743772e-09 9.71584649377964e-09 9.79167271618606e-09 8.81848902179282e-09 5.9766319541217e-09 7.42449168778776e-09 8.76917875916138e-09 1.08754706022242e-08 5.82257099044887e-09
3.98417303005554e-09 4.21331940548564e-09 4.77861603863053e-09 4.22817032002128e-09 1.02732715326581e-08 5.78400687951462e-09 6.02679154866567e-09 7.89480429023716e-09 9.82469025912809e-09 8.17412226806529e-09 6.07799022469038e-09 9.01928056914652e-09 5.86514850793842e-09 8.43457197286043e-09 6.6560147372391e-09 7.1069870865e-09 3.75554040804699e-09 6.6356595032011e-09 6.25686796303e-09 7.26369832121682e-09 8.75159555152064e-09 5.22768528707139e-09 7.38284245209e-09 8.18404804989349e-09 5.83052012717466e-09 8.82038284433995e-09 1.20510475730071e-08 8.206923876095e-09 8.46466464716448e-09 7.17060400835912e-09 6.02959226906012e-09 6.70660954324723e-09 5.77821141079396e-09 7.16095696515954e-09 8.07088138856936e-09 1.02690192230454e-08 9.19614743288328e-09 1.09088324626322e-08 1.05582937233103e-08 9.03305802759039e-09 8.88957558393168e-09 8.16963773401336e-09 9.05675624254197e-09 8.71194171845303e-09
-9999 7.33671245447141e-09 5.4595655663204e-09 8.10168022359362e-09 4.2202451205867e-09 7.69059783412066e-09 5.61177540785215e-09 1.08359322428423e-08 5.76808435759735e-09 6.43830551777738e-09 5.83632920500044e-09 6.36105810817965e-09 5.52281335085739e-09 8.12928770854506e-09 1.19050004046183e-08 6.9966088309354e-09 4.13512487593629e-09 4.50340059280348e-09 6.26797323141556e-09 7.28888657824397e-09 6.26224062852036e-09 5.50844027238922e-09 6.88476452594963e-09 5.08844452888649e-09 5.71924095375162e-09 9.10266318347798e-09 6.68313397337799e-09 9.55540112595057e-09 6.40884825152637e-09 1.29107744652034e-08 8.3423051632749e-09 5.40023896456799e-09 6.07982693437073e-09 9.61795091423953e-09 5.88571516689401e-09 7.64681355518476e-09 5.98307511298763e-09 6.43605033061419e-09 1.34087813331581e-08 8.88254086012093e-09 7.84965993612738e-09 6.1445606359327e-09 1.03211124776601e-08 9.8885844016442e-09
