Validation points/white/Daboia_russelii-white.asc
NCOLS 267 
NROWS 469 
XLLCORNER 376490.070567719 
YLLCORNER 381033.488324056 
CELLSIZE 919 
NODATA_value -9999 
[rows 360 to 379 of 469, columns 220 to 263 of 267]
8.27140248927895e-09 9.21353836973155e-09 7.66432488664081e-09 1.65466198505211e-08 1.50736792368582e-08 1.33567220946149e-08 8.15003961095566e-09 1.29382198337004e-08 1.1164233024937e-08 8.08450717368258e-09 8.78985130327912e-09 8.65177739035075e-09 8.68892952426745e-09 5.75725781318991e-09 5.90685711014688e-09 5.70471196590338e-09 5.00858774514568e-09 5.25456890679949e-09 4.91627249381959e-09 5.02697638177057e-09 4.87616291150514e-09 7.81007848652446e-09 4.88817309681495e-09 5.08601430774426e-09 4.76487648141378e-09 5.74084797196462e-09 7.89357745869083e-09 6.31965337921999e-09 5.91044875387587e-09 4.85639218651746e-09 5.37905265979714e-09 4.39736013313742e-09 5.77581969204521e-09 7.36136119562286e-09 8.2767026152652e-09 9.24770544238863e-09 9.87999334634899e-09 9.41030067423609e-09 1.03675943433366e-08 1.12178885679655e-08 8.38640824814755e-09 -9999 -9999 -9999
1.55698546084919e-08 2.03619392801259e-08 1.7122211727026e-08 1.48204109623973e-08 1.18970847647939e-08 9.54380235486483e-09 6.99253734483706e-09 4.5654148188102e-09 6.53706154084465e-09 7.66217323498241e-09 9.44711425086897e-09 1.07096275262531e-08 9.41436692835523e-09 9.60271785525315e-09 1.10613682208887e-08 4.81703997441783e-09 5.78324027845275e-09 5.79120146243237e-09 5.46486766362117e-09 4.86732949950061e-09 5.68001429576314e-09 5.96178298569337e-09 5.28647805664475e-09 5.82496468950673e-09 4.88439221324045e-09 4.81359180638816e-09 5.40310459056864e-09 6.50949201800125e-09 6.59618815466046e-09 4.50947960839452e-09 4.80292907641052e-09 3.3951018756462e-09 4.78394515511062e-09 6.50173107016052e-09 8.9794411311696e-09 1.01147915817074e-08 8.82523949124721e-09 9.23964060999945e-09 9.65238501569644e-09 9.66021561206921e-09 1.00434621056638e-08 -9999 -9999 -9999
1.91850716775685e-08 2.01358232329962e-08 2.15789677069945e-08 1.94556332464525e-08 1.6320721093424e-08 1.09617351863277e-08 8.56600492520844e-09 7.76021217713804e-09 8.14224797938932e-09 9.14299038302699e-09 1.06641923621427e-08 1.21076219616088e-08 1.19336223361002e-08 1.07970351775803e-08 1.07406044445762e-08 5.3098269174178e-09 6.79687349263218e-09 6.26073099951681e-09 4.76299745350652e-09 5.07921539771644e-09 4.8209351016856e-09 3.80269505104664e-09 5.65717764766789e-09 5.46813002793599e-09 6.15503483012907e-09 6.31306752930987e-09 5.62395017344021e-09 5.40396749738445e-09 5.43453611950652e-09 4.78372403080233e-09 3.73721659051194e-09 4.65935545238431e-09 5.92563156929698e-09 2.34801595677852e-09 6.40957398202409e-09 6.91608156735019e-09 4.9873623435165e-09 8.21096677809247e-09 7.73286798304455e-09 5.6238102795801e-09 1.03515335813254e-08 -9999 -9999 -9999
1.37537095505385e-08 1.72183724363205e-08 1.7447198722528e-08 1.53273229611555e-08 1.57278021908864e-08 7.07526471756584e-09 5.44508283955445e-09 9.01199251712035e-09 9.69269364673086e-09 1.02317715831966e-08 9.65041263342573e-09 7.49522879169675e-09 9.56577418794453e-09 1.24097111410483e-08 1.27300346906455e-08 8.889604966814e-09 8.20335067770961e-09 6.42744892320633e-09 5.50946373485459e-09 5.44412340764404e-09 5.25290432120276e-09 4.83605528181421e-09 5.40501414711247e-09 5.39236879319834e-09 6.38316349147516e-09 7.13499768797802e-09 7.05270793790077e-09 5.75446860849068e-09 5.41277232255329e-09 5.34633808752923e-09 4.91760866515455e-09 6.10351808702467e-09 4.95360732958903e-09 4.59848550288249e-09 3.19332948028216e-09 3.63186409956101e-09 3.9877494471022e-09 4.08051600222743e-09 5.37248034540836e-09 7.03540097542887e-09 8.71913660217197e-09 -9999 -9999 -9999
1.41026418606009e-08 1.31688250818067e-08 7.22769171894886e-09 1.4508873234477e-08 1.36183643408787e-08 1.41047001731904e-08 1.44795509470697e-08 1.59534190142353e-08 1.51313132937795e-08 1.35567941001272e-08 1.18030861445887e-08 9.77995718058194e-09 1.07478338433004e-08 1.48831807246405e-08 1.10695921974595e-08 6.95811763434441e-09 6.10102615353322e-09 5.93540042471198e-09 5.33632842521097e-09 4.03727233491952e-09 3.9946325780946e-09 5.44531252087477e-09 4.84161492017219e-09 5.4687003151238e-09 5.36027134963683e-09 6.71824339983456e-09 5.64695555844087e-09 6.27740921262582e-09 5.85215259859307e-09 5.01190180219042e-09 4.77124328938078e-09 5.30383904714658e-09 3.65098409324545e-09 4.73735201453035e-09 5.18761595721304e-09 4.56510512076252e-09 4.07845475856642e-09 4.31335897980428e-09 8.87642030364657e-09 6.65373388869145e-09 -9999 -9999 -9999 -9999
1.22390920559443e-08 1.22248860431064e-08 1.45231646622086e-08 1.56424715481616e-08 1.1400086015862e-08 1.40332559759011e-08 1.35888792447037e-08 1.00045326222672e-08 1.33740572061973e-08 1.71204265900681e-08 1.72755030143841e-08 1.55071836212747e-08 1.05820218858446e-08 1.10039721071264e-08 7.57148731225792e-09 4.59881041355878e-09 6.58834375946975e-09 8.0559195524366e-09 7.23979481773936e-09 3.3234242979379e-09 5.44574829961949e-09 5.78062992073104e-09 4.87349726589058e-09 6.45231964305766e-09 4.60555191755355e-09 6.8310828395583e-09 3.41354224105723e-09 6.54600456867936e-09 5.02352484253735e-09 5.24179313516424e-09 5.3569047340841e-09 4.86139259105011e-09 5.11852126389353e-09 4.46799840914325e-09 6.98958776090456e-09 3.18231890432194e-09 3.64073381640861e-09 2.90710605403925e-09 4.49339536298247e-09 5.4686611948237e-09 -9999 -9999 -9999 -9999
1.06104273985297e-08 1.3600601077315e-08 1.47849486065309e-08 1.27831425686118e-08 1.96000491293151e-08 1.73389974415286e-08 1.05961062781812e-08 1.33740339058893e-08 1.00826424691671e-08 1.56143949673868e-08 1.56579780803634e-08 6.48128214729985e-09 5.91137828505769e-09 7.22594022067031e-09 4.17491778178332e-09 6.38514388619887e-09 4.27984652896311e-09 5.49673044936519e-09 6.30263587845133e-09 5.29048673074556e-09 5.38685508563198e-09 5.88254739096076e-09 5.51459445457525e-09 3.86354941639963e-09 5.5478467607227e-09 5.98596809269842e-09 6.15643184029725e-09 6.22441841034365e-09 5.48059312093809e-09 5.30334448731099e-09 4.02751043913948e-09 4.60349933504697e-09 4.87256044225623e-09 4.84514707983673e-09 4.32397738173956e-09 6.08255018754436e-09 5.76881750822345e-09 6.74732643394649e-09 2.66945001590598e-09 3.80251006191758e-09 7.91701485123345e-09 -9999 -9999 -9999
1.0636631984859e-08 1.40949092001174e-08 1.15119060054339e-08 7.50309013700369e-09 7.0556011139043e-09 1.4731347931936e-08 7.88780223322593e-09 1.53115099007041e-08 6.99667652345175e-09 1.30373066592187e-08 6.47890196161202e-09 7.05372343954366e-09 9.80013468665893e-09 1.21821465200798e-08 4.71386015177792e-09 7.45227270512294e-09 5.5709321604272e-09 6.63582917622161e-09 6.37312796255857e-09 5.58973840981385e-09 6.17882661515937e-09 5.76108641839113e-09 5.59915342713778e-09 5.75588532952601e-09 5.93609020003235e-09 5.579225848563e-09 5.96129649701802e-09 6.90518442676007e-09 8.50788154243242e-09 8.91073310135259e-09 6.21467708939993e-09 6.23395236311207e-09 6.09475726890378e-09 6.81024376566926e-09 2.77076516010223e-09 1.04485426453017e-08 1.09448518806536e-08 7.19932602983572e-09 6.27732018639205e-09 6.99371353924907e-09 8.44222177563072e-09 -9999 -9999 -9999
1.30433426334241e-08 6.9786931059063e-09 5.91822202301029e-09 9.62636948397659e-09 1.00736620442285e-08 6.92216763818953e-09 1.1017888317883e-08 1.16929749276608e-08 1.20299298480416e-08 1.19771855818163e-08 1.06462001722512e-08 3.24684194258985e-09 4.7042989891899e-09 9.05842508404687e-09 8.64781238782919e-09 4.17859222341229e-09 5.12333389344488e-09 5.98040084460335e-09 6.1513753007458e-09 7.42468194597054e-09 6.70261930615961e-09 7.67723710926296e-09 6.86760193585719e-09 7.76084761562503e-09 7.77208210290972e-09 6.93056603816865e-09 7.30037675024713e-09 7.27026966014736e-09 6.98496534049387e-09 6.61363413037785e-09 4.00955535913771e-09 2.66766237898104e-09 4.12600390480725e-09 4.36437848990452e-09 8.02789781686437e-09 1.20330020527819e-08 1.26245403552458e-08 9.35434942438009e-09 9.11470242907818e-09 -9999 -9999 -9999 -9999 -9999
7.80585757674731e-09 1.11243585106886e-08 1.27065813077327e-08 1.01929583893243e-08 1.18804070855973e-08 1.28338007212174e-08 1.0378561113914e-08 1.06583339343328e-08 7.58296192015612e-09 8.99720402394691e-09 5.81186665755776e-09 3.06553887357237e-09 3.41323805316238e-09 6.75107054349759e-09 7.74188114680433e-09 4.04604532987679e-09 5.88307827039584e-09 5.23548838990609e-09 5.39798142672923e-09 5.95592454088343e-09 6.7523933287886e-09 7.09879102477432e-09 5.40868797469981e-09 4.82807312541131e-09 4.98330108395151e-09 5.56261327228585e-09 5.34770966534815e-09 4.92806904057643e-09 5.89569265683612e-09 6.97198105595311e-09 3.82116101043938e-09 4.22227366048038e-09 2.49118393316836e-09 2.57265168970663e-09 9.1092037688661e-09 4.91489130726147e-09 5.38418827748642e-09 4.65433683331891e-09 6.83806173485249e-09 9.03850407271178e-09 -9999 -9999 -9999 -9999
9.07815864743728e-09 8.5887509594054e-09 9.98993091938639e-09 5.68913043730141e-09 6.46499292160126e-09 9.00942883299229e-09 1.03901286148458e-08 7.54960315831646e-09 9.48895514595309e-09 9.35179936704639e-09 9.53382150791395e-09 8.5035954345586e-09 3.80228754018091e-09 4.27374636330579e-09 6.83679288869352e-09 5.70015203229957e-09 4.07869561327409e-09 5.86766855501168e-09 6.45975498673053e-09 7.47955450267186e-09 5.9745107624595e-09 4.81764979123533e-09 5.37147690178609e-09 4.94576147174206e-09 5.63892590155696e-09 5.73459075780899e-09 5.3356124201539e-09 5.35261049949131e-09 6.28372347106056e-09 5.38155970221145e-09 6.26279822453023e-09 4.52608228017243e-09 6.06874902017379e-09 5.14152533745298e-09 6.11534838772968e-09 5.76012970614848e-09 2.51564424340817e-09 7.08568563272376e-09 1.12207211800638e-08 -9999 -9999 -9999 -9999 -9999
7.67160493419819e-09 8.00358137375779e-09 6.07573086960257e-09 1.25797438145664e-08 8.891608758626e-09 1.10807143640384e-08 1.18303617119108e-08 1.0224622307891e-08 6.8760829656973e-09 5.5026469462589e-09 3.47818540633318e-09 9.39341232474707e-09 7.9295417556822e-09 5.18321354868152e-09 5.52355996723582e-09 6.56262185566423e-09 4.44246755001623e-09 2.48861067750686e-09 5.46769640657046e-09 6.33890652304094e-09 8.09623681683262e-09 5.51801839559867e-09 5.43565855440789e-09 5.70251269489773e-09 6.5988116572592e-09 5.77481386081449e-09 4.79874745755098e-09 5.4790427707031e-09 6.03531843475324e-09 6.78072476139275e-09 5.95133777005956e-09 5.47444520719321e-09 4.68292153066197e-09 4.69128135205448e-09 3.50961911010067e-09 4.45675837952937e-09 2.47468410030123e-09 3.93848726906906e-09 -9999 -9999 -9999 -9999 -9999 -9999
7.37358315013351e-09 7.77998738914833e-09 8.93992824014578e-09 1.01661057790167e-08 1.19868085487911e-08 1.11809249235715e-08 1.21947686181756e-08 9.01478116448759e-09 4.2246549401325e-09 4.00010926232786e-09 8.19934708934224e-09 1.05525885815712e-08 9.54102242306263e-09 6.49617003128209e-09 5.44019482798614e-09 5.90161552744196e-09 4.63856931049059e-09 4.91143875917635e-09 5.30707812923969e-09 6.25579484050685e-09 6.06774821095355e-09 5.49247267595011e-09 5.40881041218667e-09 5.58467149009426e-09 4.76082159948655e-09 5.17702907581248e-09 5.05475361899543e-09 5.28064044837553e-09 4.68355575238208e-09 4.63870296958144e-09 5.07090730905988e-09 6.58886809799281e-09 5.09575171586074e-09 3.66923627352046e-09 2.05083245373919e-09 3.84296340791506e-09 6.6412116760793e-09 5.32256551967426e-09 -9999 -9999 -9999 -9999 -9999 -9999
6.40226301139974e-09 8.6207883165487e-09 8.89314812893817e-09 9.72270121063766e-09 1.05765511186684e-08 7.11722774135455e-09 7.17467797958627e-09 5.44996303347165e-09 4.93443171489395e-09 8.12153294572279e-09 9.41625748983315e-09 7.60130469978031e-09 1.02093133349818e-08 3.63359037595304e-09 4.63333880781748e-09 3.07397911529228e-09 4.03308892416279e-09 5.30801615947786e-09 5.67295911155601e-09 6.88638773663603e-09 7.70111081584325e-09 4.03153100928073e-09 5.33952981157522e-09 4.83052938680895e-09 5.17021545364781e-09 4.98084128281566e-09 4.79983624415987e-09 4.51517102174107e-09 6.67858930340512e-09 7.02939808360408e-09 4.00978252118496e-09 4.15768423773196e-09 5.49204329955654e-09 5.75689654674929e-09 4.91003603890951e-09 3.4076400545353e-09 4.32868523960232e-09 3.36427099012162e-09 -9999 -9999 -9999 -9999 -9999 -9999
6.34301438604948e-09 7.57907430645523e-09 9.20946270580833e-09 8.17566126625538e-09 5.58782631216919e-09 8.36865266277515e-09 6.2186330592189e-09 4.15812544464142e-09 3.43762073927446e-09 4.62918114917115e-09 7.16513097501336e-09 4.28301836091563e-09 3.95429460534078e-09 5.80588765853534e-09 3.49335622167559e-09 6.7766280480984e-09 3.78070328421681e-09 5.4961732519031e-09 6.02844827591933e-09 6.54367134126729e-09 3.41183993112966e-09 5.55637675879e-09 5.60922064724632e-09 5.10904491336936e-09 5.51686129581932e-09 4.82315462495844e-09 6.99153138501682e-09 5.0513055001294e-09 3.34124434636825e-09 4.79728396775217e-09 3.46768022084489e-09 4.11308290253058e-09 4.48433097142816e-09 4.00833998062872e-09 5.00344092398198e-09 5.37204657836681e-09 1.82758313431173e-09 3.61571617324885e-09 -9999 -9999 -9999 -9999 -9999 -9999
3.49259406714022e-09 2.60479351993618e-09 3.73215907341918e-09 5.93408362342749e-09 6.99249248833409e-09 7.86171696325066e-09 8.01350103496258e-09 4.31112069994259e-09 6.05941925051995e-09 4.56321000275589e-09 5.6906582453203e-09 5.79484183322569e-09 5.26022339553487e-09 6.34626517053571e-09 4.57694099725385e-09 4.67286091844026e-09 4.31856405770533e-09 6.47591526656403e-09 4.62077335842738e-09 6.44911206185759e-09 6.01363421628426e-09 5.94679495763845e-09 5.55991632332459e-09 4.97539534358968e-09 6.65101429604726e-09 5.43677386567767e-09 5.84387130004993e-09 5.97773007719204e-09 6.04142304514655e-09 5.48445995396635e-09 4.2581384101562e-09 2.61749325075531e-09 3.56247685408317e-09 3.53124491453319e-09 4.86205073611961e-09 4.55834378586661e-09 4.81219742378415e-09 -9999 -9999 -9999 -9999 -9999 -9999 -9999
3.93152568013011e-09 3.52092184466032e-09 3.12501017161355e-09 3.01482426914779e-09 8.19787246892685e-09 7.47471065874644e-09 5.25198214036155e-09 2.93800779177969e-09 6.34998777451567e-09 5.63988981693205e-09 5.6302662306415e-09 5.18688399215857e-09 4.83826615897611e-09 4.98432949054916e-09 5.76353898993987e-09 4.65425919439825e-09 4.0613748593761e-09 5.00600719336868e-09 5.6158459978218e-09 5.01337351022007e-09 5.55753105302474e-09 4.07821666086491e-09 5.3959346093956e-09 5.82921998737436e-09 4.93689956720889e-09 6.57223071799145e-09 4.9437398969947e-09 5.44345656941232e-09 5.87446988451232e-09 6.21459463259673e-09 8.56609708579289e-09 3.51084162836908e-09 6.92164598078809e-09 1.78909031229175e-09 4.39992501673433e-09 4.74322246547114e-09 -9999 -9999 -9999 -9999 -9999 -9999 -9999 -9999
6.94290822454316e-09 4.97443837045152e-09 7.56319865726003e-09 6.16070192798378e-09 6.51493338745462e-09 8.66534838720134e-09 6.19850400295369e-09 6.13368850686284e-09 8.35228630414977e-09 3.09513466874417e-09 3.08265060162967e-09 5.54486286588362e-09 6.05656681981664e-09 4.99372377815364e-09 5.10649207556798e-09 6.76881742329561e-09 5.76089154563952e-09 5.01341476064039e-09 3.67025251040514e-09 5.01574956264058e-09 4.71704574643446e-09 4.04618601278024e-09 3.82905359874359e-09 6.55211541327387e-09 5.60513080158063e-09 4.79352227764664e-09 6.21228826235533e-09 6.60941676871938e-09 4.110490710028e-09 4.9800304257368e-09 4.68682082036473e-09 4.14716997679616e-09 9.42945199134582e-09 8.47058139638789e-09 2.92212348719434e-09 4.20477013337077e-09 -9999 -9999 -9999 -9999 -9999 -9999 -9999 -9999
6.3276747123618e-09 4.33765985806743e-09 5.08952482314864e-09 5.91465943590632e-09 6.43341414253703e-09 4.77884374037978e-09 8.45450391080333e-09 5.97382251482143e-09 5.79717809034187e-09 7.0296334793968e-09 4.14785694954632e-09 5.15542592885466e-09 6.69733915998591e-09 4.68234051985924e-09 4.96055288247053e-09 4.85646390376291e-09 6.50637403623344e-09 3.90340072792908e-09 4.98861932711114e-09 6.49316604866061e-09 5.59692278680785e-09 4.99322395903643e-09 3.65767858218254e-09 5.86028169736787e-09 3.56704273155802e-09 4.80477938874292e-09 5.07260504827302e-09 4.33143679671578e-09 5.2223630027324e-09 5.48049521182846e-09 5.80121104977884e-09 3.31815037457304e-09 4.24556244726545e-09 7.66266495616099e-09 4.60352289644046e-09 -9999 -9999 -9999 -9999 -9999 -9999 -9999 -9999 -9999
6.29332237053066e-09 4.95771829511397e-09 6.10628236953507e-09 3.18275542200677e-09 3.49479086690775e-09 6.00049902679522e-09 2.69036408754664e-09 6.09728183802151e-09 6.32678088015534e-09 5.82230808527516e-09 4.45344415912555e-09 3.4473495650584e-09 6.85460409695335e-09 6.61430659821517e-09 5.86383145188125e-09 4.82250191783159e-09 6.00939615716391e-09 5.54433220593121e-09 4.04382305635053e-09 5.09217331430083e-09 6.76506688505917e-09 5.18129815853512e-09 6.23311503885457e-09 6.99298495327087e-09 5.52920636660501e-09 4.81569172371464e-09 4.06354555638036e-09 4.89491312791147e-09 4.81569123485651e-09 4.90596652931103e-09 3.26185151035719e-09 4.82091463873876e-09 3.57081371763317e-09 5.91347456167046e-09 7.64185691830266e-09 -9999 -9999 -9999 -9999 -9999 -9999 -9999 -9999 -9999
