Validation points/white/Daboia_russelii-white.asc
NCOLS 267 
NROWS 469 
XLLCORNER 376490.070567719 
YLLCORNER 381033.488324056 
CELLSIZE 919 
NODATA_value -9999 
[rows 300 to 319 of 469, columns 88 to 131 of 267]
1.56561700133598e-08 1.20509303378657e-08 1.04417317850209e-08 1.09590695309817e-08 7.45981225755901e-09 1.29273956574027e-08 7.29335655087251e-09 9.74802727994445e-09 1.08372908805361e-08 6.78378531715305e-09 1.00967892330766e-08 1.05292168275819e-08 8.55231405553541e-09 9.31600131732288e-09 9.18301872213527e-09 9.07561946444084e-09 7.38744340968167e-09 6.28336853908575e-09 2.96679371189366e-09 1.13188207627126e-08 1.2749454214013e-08 1.00206883920076e-08 9.63488675054445e-09 1.31320819642895e-08 8.33362914359199e-09 9.45242574019078e-09 9.54851623669504e-09 1.45230244278285e-08 8.02626980742832e-09 9.63349503929971e-09 1.45292394132119e-08 1.24433199308655e-08 1.21115733538447e-08 9.22772063851994e-09 1.44427014824477e-08 9.08024081876124e-09 8.68244815003169e-09 8.0921654851366e-09 5.41222271688527e-09 6.38844721168471e-09 5.32705225766163e-09 6.39071847526207e-09 5.6963967617496e-09 4.32568443524212e-09
1.07014636217282e-08 1.18763883591713e-08 9.23403867522662e-09 1.22956007942715e-08 8.70980647442854e-09 8.38837573679265e-09 1.09022076494629e-08 7.67319006639428e-09 1.14254690193714e-08 8.42511214116616e-09 1.01371505717839e-08 8.44877731941493e-09 9.7397747527186e-09 9.83063796704036e-09 7.51789471586789e-09 7.82273665545823e-09 5.65845693831561e-09 6.4607504463363e-09 4.21047408073582e-09 5.69700141377076e-09 7.18297595710189e-09 6.34811435908932e-09 1.03721326439978e-08 6.30577462322346e-09 7.93727902597568e-09 1.28496969691563e-08 1.00220191468527e-08 8.76712523673975e-09 9.4702058267269e-09 1.63547207541347e-08 9.56010265402141e-09 1.28916747575127e-08 1.58439693980523e-08 1.40201607364007e-08 7.69411835431661e-09 7.61630242156577e-09 7.42055170204321e-09 6.27230026577668e-09 9.05985029541974e-09 7.79971459774352e-09 7.21099803498082e-09 6.74742766073474e-09 1.03080415651592e-08 9.31231096072631e-09
1.52093151847037e-08 9.82598481642659e-09 9.27165155623155e-09 1.21535876647822e-08 9.48166904257078e-09 1.37022130923622e-08 1.24488875832842e-08 6.57666131213138e-09 6.40899796783879e-09 6.8000504445512e-09 7.51515921227081e-09 7.50536521579761e-09 8.36057667776425e-09 9.11618588672624e-09 6.47752909056017e-09 7.12427077128874e-09 7.67589259536767e-09 4.99987624409771e-09 5.96630797525779e-09 6.89001489936255e-09 6.26945767049217e-09 5.6915532923524e-09 7.59414599691138e-09 7.84740966732493e-09 8.5729589184304e-09 1.29815667958724e-08 1.26612250557867e-08 9.72518297809567e-09 8.08210940523736e-09 1.37420374167843e-08 1.40902156651348e-08 1.42448638301743e-08 8.63873608195519e-09 7.33605474325537e-09 9.04342910407313e-09 9.62738561413942e-09 1.09591120012674e-08 1.03841566969654e-08 7.51914211370987e-09 5.90673928259808e-09 7.69527777227586e-09 7.44150520292769e-09 6.06037359601403e-09 1.04777663744423e-08
1.33711694732725e-08 1.04019184024396e-08 8.80402329508391e-09 9.80045945451484e-09 1.05083258502684e-08 8.69927650921098e-09 6.91524990626557e-09 7.22558254901567e-09 5.84624644909751e-09 4.62785566795224e-09 7.51650388815867e-09 7.82717701104811e-09 5.13906326113805e-09 7.01410605834458e-09 7.79737676444084e-09 1.11371818562283e-08 7.93692440386385e-09 1.02783341683329e-08 6.55721354147545e-09 6.79588842252027e-09 6.55663893067537e-09 7.96381429840719e-09 9.71113325683243e-09 9.53563311821768e-09 8.95468469310193e-09 9.85341076888247e-09 7.33913672700765e-09 9.51060939439902e-09 7.45455602775441e-09 5.91731752426474e-09 9.38590903308087e-09 8.21453967995401e-09 6.79426986749444e-09 8.48809884626815e-09 9.4257499429202e-09 9.90588471784766e-09 1.58951687499412e-08 1.57111826657183e-08 1.03948025232915e-08 9.26563323167105e-09 6.58914158583007e-09 7.87044498482444e-09 8.13503850747932e-09 8.824858879071e-09
6.8893602157354e-09 7.21963969113278e-09 9.61389736730152e-09 1.13684395355892e-08 9.57162706156997e-09 8.02273309032964e-09 8.2852417795702e-09 7.01222609539842e-09 7.99692542597444e-09 4.77172099065298e-09 6.28024993793643e-09 6.97594238680374e-09 5.07177833087692e-09 6.6607864953347e-09 8.103313794268e-09 5.62151462407729e-09 7.86173149499347e-09 7.70881484248886e-09 6.96048257633915e-09 7.96425056154155e-09 7.44969984732992e-09 8.25877860825652e-09 1.07838863314607e-08 9.00338781622544e-09 8.80750723366372e-09 9.29753158114935e-09 1.08692180463352e-08 8.47640628411437e-09 7.82178776226042e-09 1.28142004727801e-08 9.24523077530237e-09 9.28551806822344e-09 9.5462280123978e-09 7.12969448320357e-09 7.06211534893412e-09 6.56656117776079e-09 8.11822863386733e-09 7.84316642136116e-09 7.50491888659594e-09 8.2719075676082e-09 9.13407955298339e-09 1.11070967492997e-08 5.0391269079297e-09 4.83987263720591e-09
1.05891291718954e-08 1.09822479697885e-08 1.13203899454267e-08 1.09402552541023e-08 1.16566543289162e-08 9.59931226858237e-09 8.04421994379096e-09 1.03025321677347e-08 9.09454922137907e-09 5.32455627585473e-09 8.4043771851491e-09 6.12796231918666e-09 4.95641824859183e-09 4.96254828025712e-09 1.18280560885657e-08 8.65966709816703e-09 6.69653392545256e-09 7.10069334475117e-09 7.8923659247488e-09 6.95625080409997e-09 1.06417771923114e-08 8.30928589871247e-09 8.7650725202164e-09 7.07383300760816e-09 1.04019459218637e-08 9.81305648521187e-09 7.73902597858051e-09 8.13317707340472e-09 1.32219612881303e-08 7.6673919978829e-09 1.34557779290075e-08 9.75702187513893e-09 1.11475248437301e-08 8.20017117833917e-09 8.34129560096364e-09 6.46401956143496e-09 7.79248047397144e-09 9.71873721459627e-09 1.57543837847828e-08 1.37966267034809e-08 8.74898230151635e-09 1.10972779326847e-08 5.07676453808661e-09 5.88480579565539e-09
9.87515363868491e-09 7.13055297100564e-09 9.40153887704931e-09 7.50091873019515e-09 9.58998241778079e-09 6.76030984000877e-09 9.87567564756081e-09 6.84678065439374e-09 1.03336756331524e-08 7.99087925198796e-09 3.35957288019211e-09 4.8920756222542e-09 6.55828510406694e-09 6.40031581158515e-09 8.45058852984774e-09 1.0325822098785e-08 7.00937319008099e-09 1.3474355082383e-08 6.49268874854854e-09 9.01021278276366e-09 9.33921948563147e-09 1.50308971744319e-08 8.51887936370612e-09 7.6460718788608e-09 1.52525817219641e-08 6.77549657432811e-09 8.92011637483303e-09 1.41992161486994e-08 1.16128495065274e-08 9.21413754104237e-09 8.53476585972444e-09 8.08677827758088e-09 8.82421076533039e-09 9.87889611519108e-09 1.62020251064472e-08 1.45068015572868e-08 8.96678300312631e-09 1.22000046135122e-08 6.57639397954303e-09 1.22130590606891e-08 1.09510010852118e-08 7.59174399994347e-09 6.9543999379831e-09 9.4907530240985e-09
1.05655736279064e-08 9.4992070045867e-09 7.43860382056699e-09 8.85535002585983e-09 7.44475174055505e-09 9.9298465038268e-09 1.28964718461187e-08 9.17615968545981e-09 7.08196366384995e-09 1.26709622761038e-08 7.09935732136606e-09 6.09159960638668e-09 6.82035171715402e-09 1.0463623723238e-08 6.87230646167455e-09 6.14501546901551e-09 9.80379128863889e-09 7.95419314011716e-09 1.06942074456391e-08 1.04878761563245e-08 1.12365538044836e-08 1.08128454436824e-08 1.3086368720929e-08 6.6189243826094e-09 1.28464752527275e-08 1.12117089069196e-08 1.50801739575287e-08 9.84873028458226e-09 1.28443596846947e-08 7.0403588063002e-09 7.60929685168917e-09 4.84564019588025e-09 1.16284779648217e-08 9.88466819538265e-09 1.08622791000605e-08 1.44328836891789e-08 1.54451815714581e-08 1.42623379419762e-08 1.29490362064942e-08 1.18369183398781e-08 5.38904917714873e-09 5.14871596946186e-09 6.2376035173723e-09 8.45712337371935e-09
1.20715304040062e-08 1.07168612013964e-08 7.26647613607264e-09 1.02468910020408e-08 6.6762051936032e-09 9.20300963234373e-09 6.05126223557854e-09 6.13281464896804e-09 6.07143110405873e-09 8.43972683252279e-09 7.24966488770568e-09 9.28752348527091e-09 8.25645814495593e-09 5.31034808691278e-09 7.0143011340568e-09 7.24386744433908e-09 1.19118098525018e-08 7.60601199896065e-09 7.73707104142847e-09 7.23321722526384e-09 1.5554145980231e-08 9.90444303571615e-09 9.63467105966909e-09 8.76274064280875e-09 1.55345104192443e-08 7.65438075375378e-09 9.34748166852922e-09 6.05803523311068e-09 1.02990634815835e-08 4.14538341401187e-09 6.33517115237144e-09 7.18671965534838e-09 7.48962045618768e-09 7.12182590909171e-09 6.96850888242399e-09 9.77831086257867e-09 1.00740784143914e-08 5.48878853042579e-09 7.47079102890445e-09 5.43233910043976e-09 8.58951458670451e-09 7.66217367684588e-09 5.63197591760046e-09 3.26982735109049e-09
1.06646335205253e-08 1.07432476484695e-08 8.31194498207531e-09 6.74899186720511e-09 7.38484015628384e-09 6.08169116057864e-09 7.3237525106078e-09 1.71166744181145e-08 7.64835634612825e-09 8.65708033176249e-09 6.34433929600896e-09 1.0182435325642e-08 9.74859581705241e-09 6.42502392214911e-09 8.10000927662396e-09 6.99300205360966e-09 8.57044022064133e-09 8.63591201309985e-09 8.44452768554195e-09 7.34354582888826e-09 1.50593226187333e-08 7.38005571983708e-09 7.20434983568794e-09 8.69426330957092e-09 1.54084622293646e-08 9.18745265609182e-09 6.05202094644941e-09 6.49733649460863e-09 6.23598542245313e-09 4.06659520555087e-09 7.10880664028832e-09 5.7896357825145e-09 5.84092414516109e-09 6.50435534805856e-09 7.36482713428185e-09 9.133333809632e-09 1.19073610061266e-08 7.13769832364326e-09 4.50786180599663e-09 5.65416933573104e-09 5.15361729585464e-09 4.43572966861701e-09 9.06770942679875e-09 1.08535282084819e-08
6.53369734071422e-09 6.37566102834332e-09 1.04683011852901e-08 7.21168444316638e-09 8.50425458538035e-09 6.07580069945312e-09 6.76776876356196e-09 7.3708795198365e-09 7.04743655875081e-09 7.6482631750626e-09 1.40519397457458e-08 9.5040478361661e-09 7.45647772979845e-09 9.24096655019076e-09 9.37813344144151e-09 6.58428493035454e-09 4.69073768925239e-09 7.88064296931727e-09 5.64356325071764e-09 1.20630847884817e-08 1.41683288145389e-08 9.6309826512687e-09 9.74022120454487e-09 7.85691356851973e-09 8.3791904419554e-09 1.00233834081086e-08 4.65942170735235e-09 3.90666091154478e-09 3.44304550351569e-09 7.63732277545333e-09 4.95429086347459e-09 5.03211068293e-09 7.05192623500233e-09 6.93293427051947e-09 6.64417782467143e-09 6.82792333345884e-09 6.04984400704831e-09 5.27820653617567e-09 5.77449979255442e-09 3.9552726212474e-09 3.99461350878026e-09 4.35456620120917e-09 7.14089041331277e-09 6.44203060470983e-09
6.64480180222858e-09 7.59124802222498e-09 7.74862191001062e-09 6.47727304994133e-09 6.15320834659635e-09 9.00203649435805e-09 9.5451797553101e-09 1.33594479329624e-08 9.94791927952595e-09 1.48671615535284e-08 1.2044635887801e-08 9.70354387302239e-09 9.43792797864892e-09 7.24090889956081e-09 9.07691938643582e-09 7.09043544287122e-09 6.44403704059267e-09 7.03902415288062e-09 5.5389729952474e-09 1.17669806177068e-08 6.29134032688814e-09 5.85797647308742e-09 7.40911715803793e-09 5.98158313756151e-09 6.2746567158414e-09 6.26284926874406e-09 8.1792710835623e-09 3.17730991915372e-09 2.85707033600867e-09 2.62289639736421e-09 4.19453733415767e-09 4.31593242256846e-09 4.05923887025497e-09 2.58754724107855e-09 3.70990034233571e-09 2.98354955638958e-09 3.70092009716968e-09 3.13192748434754e-09 8.45183214457267e-09 3.53152178106063e-09 3.08780232583334e-09 4.1014977595561e-09 7.72910059397263e-09 4.25955759662106e-09
8.44781964060532e-09 6.79522194738277e-09 8.54345614254369e-09 8.89551225798381e-09 9.3827922613713e-09 9.43209515994938e-09 1.08310277181633e-08 9.33310700916531e-09 1.49475321205726e-08 7.64030836158338e-09 1.48590476992256e-08 7.29308791622734e-09 7.84303084086862e-09 1.17548139784467e-08 9.16002799255863e-09 7.2019117859829e-09 1.08569170760294e-08 7.43873427037929e-09 8.71265327179666e-09 8.22392110239121e-09 5.47047967279102e-09 5.91265135097851e-09 6.63815020454433e-09 9.20431300861534e-09 8.19433610557979e-09 9.95907028061672e-09 5.29886706592041e-09 4.03473355172814e-09 3.54635781565406e-09 3.09207752143068e-09 2.03846400231288e-09 2.97590874108656e-09 2.40418903762424e-09 2.77819065219974e-09 3.56108967769017e-09 4.18948356659048e-09 4.9261770027914e-09 2.91805887391901e-09 8.14476468774578e-09 4.36365371856051e-09 5.82856295280056e-09 6.23789572684584e-09 5.07442132753581e-09 3.51645521340324e-09
6.72155963480155e-09 8.35680394728716e-09 6.84382298531293e-09 8.97280948701699e-09 1.17387236119436e-08 1.12301220792666e-08 1.28139242080564e-08 8.18077401595377e-09 9.85973415678278e-09 9.81528638274747e-09 1.30770426884012e-08 6.0020004113124e-09 8.15276729432306e-09 7.46879115322671e-09 6.45643322257106e-09 5.90420323427396e-09 8.58747964318512e-09 1.34286456292026e-08 9.4421401221905e-09 6.25806761569902e-09 8.93325044558522e-09 9.53264764957994e-09 8.1204290280896e-09 8.84896117966181e-09 9.20447181009665e-09 9.95085308169253e-09 1.18437959330358e-08 3.31987771008322e-09 2.93082889659481e-09 3.04234158137132e-09 4.2799755697944e-09 3.93136396463056e-09 3.895171025548e-09 8.2763198609831e-09 5.88699539159987e-09 3.27863361139594e-09 2.23039582265788e-09 2.93064820632426e-09 4.57085265765419e-09 3.74627905782545e-09 3.13480480920867e-09 2.58130901637225e-09 3.71052427300148e-09 3.10133790329982e-09
8.26419158541358e-09 8.15504641631719e-09 8.93139869525966e-09 9.1452856501101e-09 1.00993525224742e-08 1.07830779038756e-08 6.99210875780343e-09 7.62678439637859e-09 9.15480325731503e-09 1.20543679296419e-08 9.38208018591737e-09 9.57044843695003e-09 6.0929500340841e-09 7.29067130070894e-09 8.17693730972654e-09 7.249937092032e-09 9.73944522006381e-09 5.49636627060916e-09 5.71420003488256e-09 5.88338071522742e-09 8.73124811052817e-09 9.60719172790516e-09 1.55628402270688e-08 1.05380663072562e-08 1.13634579069761e-08 7.68873578595429e-09 1.34054414484563e-08 6.7155983862445e-09 4.63058845108673e-09 5.35089780096214e-09 2.37787361431338e-09 4.63465277519749e-09 9.24184054813921e-09 9.34564252350352e-09 6.20976650668308e-09 4.41744000988063e-09 4.16350065768175e-09 3.48153192359084e-09 3.69019772350695e-09 2.96274066765743e-09 5.43152095225843e-09 5.46970422446598e-09 3.11938319516626e-09 3.32175360520538e-09
5.77975224186642e-09 4.19068941443788e-09 7.22585498457901e-09 9.04964733404927e-09 1.22902776941702e-08 8.83356645323889e-09 7.45605080296077e-09 6.80207960138151e-09 1.46528849020624e-08 9.22761342052503e-09 9.21422968549949e-09 1.51534846801807e-08 1.13404763134362e-08 7.37039797487596e-09 6.26461414229703e-09 7.57057147667944e-09 5.23452461921051e-09 5.33809433199163e-09 6.24973854552506e-09 5.87453009895939e-09 9.84820257475789e-09 1.06393507542172e-08 7.95627709761816e-09 8.99100487420064e-09 9.21706247159818e-09 8.36755556389198e-09 6.51691785101251e-09 7.02523632706217e-09 5.80596931875233e-09 6.07242088147211e-09 2.55670920165106e-09 3.3825889271035e-09 8.12908071686553e-09 4.51106035478158e-09 4.41116696142854e-09 3.55781257013275e-09 2.31844737278207e-09 3.15262357088004e-09 5.14713256410731e-09 4.01927861247473e-09 3.5087305513771e-09 2.27776087579012e-09 3.51955252625269e-09 4.76282543248899e-09
4.1892282609443e-09 3.87299945572545e-09 5.26425135232461e-09 1.10946030444245e-08 6.40869370289613e-09 6.35781559316238e-09 5.58323898441038e-09 6.64027776473584e-09 6.57429465371456e-09 8.17277871950002e-09 6.91489709432917e-09 9.97281841151697e-09 7.46982544259085e-09 9.27974112332434e-09 6.54899082637705e-09 5.46282542099892e-09 7.42698780045573e-09 1.07606306312554e-08 1.0872694429565e-08 1.13287692243947e-08 9.18371405604658e-09 1.354360439634e-08 7.51356475109508e-09 6.23137439784413e-09 8.57681823746958e-09 8.43437968472002e-09 7.13647919561283e-09 8.35122140105586e-09 6.59578909756533e-09 5.56726170526032e-09 3.58401574519789e-09 2.7871852709453e-09 5.38177828584359e-09 3.57184510295245e-09 5.88222168854892e-09 3.21721371001666e-09 2.28368208161637e-09 4.07103589386212e-09 3.33440849516138e-09 7.67956269762977e-09 3.96444415222875e-09 5.15386688647269e-09 2.717327778185e-09 4.50270119447109e-09
6.21505920374658e-09 3.06523942137383e-09 6.07439640839531e-09 6.16651925702655e-09 5.10231256144736e-09 5.52554606764377e-09 7.37943468901731e-09 7.45312360651529e-09 9.73841331520513e-09 9.17996441727694e-09 8.9501605628834e-09 6.25666519949068e-09 6.7506978813244e-09 1.3901642920253e-08 8.43780514608852e-09 5.22074066773085e-09 7.54752216908952e-09 7.45781044184452e-09 9.4869378967171e-09 4.46642211947607e-09 7.96326725867986e-09 8.93180637571643e-09 6.02283138960822e-09 8.01124900775551e-09 8.37935779517968e-09 1.23011587943804e-08 6.13721961064865e-09 6.29834656318392e-09 6.98761162072628e-09 3.43669899502151e-09 4.58556195720674e-09 3.37285478088733e-09 4.94825487423666e-09 2.84876347468526e-09 8.29918449884838e-09 5.17203629232364e-09 2.49762403145225e-09 2.0118797678984e-09 3.87229726680367e-09 8.13418092473474e-09 5.64248655326974e-09 4.42105228853641e-09 5.04081999650407e-09 3.99526618986504e-09
5.38218850339625e-09 8.37581106729383e-09 4.98094634785021e-09 6.26813419817326e-09 7.87411347381697e-09 8.74583571274031e-09 9.57676064275329e-09 1.46127693542736e-08 7.89925055745472e-09 1.05911163405612e-08 1.12295214689439e-08 9.16988143356782e-09 8.50111452563946e-09 1.30133598566346e-08 9.81100071367622e-09 9.03600232549856e-09 7.42065845577907e-09 7.125168137347e-09 5.53586117404998e-09 4.67281212756494e-09 7.56936867484942e-09 9.50280295885444e-09 9.8135968253942e-09 9.78967123004997e-09 1.37612848606462e-08 1.00520745152626e-08 7.6284971375398e-09 7.09357968690253e-09 8.11128676516189e-09 4.22515502214788e-09 6.51396807428318e-09 4.38235121329714e-09 3.22974447698855e-09 2.44998630985695e-09 2.32650592062184e-09 4.62925740106569e-09 5.15994173143291e-09 4.84938264564343e-09 8.75136777925474e-09 6.38817946382016e-09 3.82449071940932e-09 2.18066923983523e-09 2.42914683911829e-09 4.94829751659124e-09
1.34722573052864e-08 7.05109813925212e-09 9.06184330361538e-09 5.89094620086764e-09 1.07662064709744e-08 7.26988587544616e-09 9.89334617686364e-09 9.75539388795739e-09 1.40016384028303e-08 1.07676384994707e-08 1.10803476352976e-08 8.4952707608327e-09 5.82289629029913e-09 6.3430256559164e-09 9.05465680505311e-09 8.03360501447075e-09 7.30900602435903e-09 4.71121524324115e-09 2.65866968205642e-09 4.24353004735737e-09 8.89881773450156e-09 9.65426463604236e-09 1.39523305166769e-08 6.77121950003174e-09 8.8910553154053e-09 8.32383751604356e-09 7.0020011740678e-09 1.13429625293839e-08 6.98268576672081e-09 6.18796818928189e-09 2.85280962555778e-09 5.06461414022196e-09 3.93842142291105e-09 4.19395765210585e-09 2.43028992494149e-09 3.38439065982678e-09 3.38685440594272e-09 8.31705898078588e-09 1.09168974430037e-08 9.5723683864873e-09 6.976453060493e-09 4.54590639077396e-09 3.30483116929452e-09 4.36592762573453e-09
