Validation points/white/Daboia_russelii-white.asc
NCOLS 267 
NROWS 469 
XLLCORNER 376490.070567719 
YLLCORNER 381033.488324056 
CELLSIZE 919 
NODATA_value -9999 
[rows 140 to 159 of 469, columns 44 to 87 of 267]
5.14286541594005e-09 5.12698780927607e-09 5.17956563827283e-09 4.83110602333449e-09 4.82051840687349e-09 7.98292172609228e-09 5.47271837225066e-09 5.38006357776074e-09 5.05227415500894e-09 5.30504633163342e-09 3.55712688064564e-09 5.04302506189796e-09 4.68582396012753e-09 3.28387896037576e-09 4.01024710210839e-09 3.55110282154639e-09 5.27371935041169e-09 4.03045275166007e-09 5.18640645748677e-09 5.48573239799967e-09 5.8118585497965e-09 5.37425719395925e-09 5.62030501823228e-09 5.57182330252543e-09 4.709405698016e-09 4.91210114084314e-09 4.48897383227016e-09 4.97853726250765e-09 4.24916318053905e-09 3.93474389039663e-09 3.7948925648152e-09 3.66779857601769e-09 6.48243117940003e-09 8.99785504621399e-09 8.42192898701611e-09 5.86444772658167e-09 7.26533841762945e-09 4.74488397110005e-09 3.38391713368968e-09 3.71684040444079e-09 2.64325390373268e-09 3.07393311111011e-09 3.53220782985245e-09 6.53184748901094e-09
5.56524851307313e-09 4.98195900721405e-09 4.8448818100845e-09 4.92943646372598e-09 5.4401726685653e-09 4.58679927630039e-09 4.9301712361434e-09 4.71699770106177e-09 8.92141731976474e-09 6.75041806882983e-09 5.5552438431462e-09 4.66964902911309e-09 7.98306063867923e-09 3.4344073076861e-09 3.0379984186396e-09 4.11777226871505e-09 4.5306673449112e-09 4.80295337343309e-09 5.11498125155654e-09 3.98287394673123e-09 5.11655116481925e-09 5.04641638723883e-09 4.81417803801446e-09 5.08165251360624e-09 5.180853067953e-09 5.36027386169058e-09 4.30349399890513e-09 4.04952535397938e-09 4.04103098916598e-09 4.36581984640861e-09 4.41483645098118e-09 3.63396833782015e-09 3.43275031207257e-09 6.77756577329334e-09 7.44708370035729e-09 7.51352035019885e-09 6.98816885919972e-09 3.60228809129433e-09 4.47991491653818e-09 7.40868348145157e-09 5.60086846006427e-09 2.86061172454744e-09 5.38580213569694e-09 6.71109661237159e-09
4.51309894259253e-09 4.98510364968289e-09 4.9124075246316e-09 4.91983882496202e-09 4.9260860590875e-09 6.74750965137946e-09 3.78387573193383e-09 5.29315639510465e-09 5.30824376577428e-09 3.91819774066579e-09 4.91252469933979e-09 5.71808347679652e-09 6.4038286220576e-09 4.75292535978563e-09 4.32034739694521e-09 4.68806774145499e-09 4.52431766769806e-09 4.8735476660704e-09 4.54069529925338e-09 5.01462749998874e-09 4.39017820966868e-09 5.54771133294606e-09 5.78441000537851e-09 5.63376315360352e-09 4.99037466790758e-09 8.98576181582755e-09 4.73347537416988e-09 3.71667724874126e-09 3.93465022755353e-09 3.26043714419487e-09 3.37264815445708e-09 6.40221004997318e-09 3.8846921070483e-09 4.38315335771441e-09 8.70092203976292e-09 7.9023247145012e-09 3.69202024053e-09 6.83852796190562e-09 6.35506828803709e-09 4.3247921792153e-09 2.13917786172449e-09 6.15054088513854e-09 3.33044519745692e-09 7.91248944024417e-09
5.12539772905969e-09 4.97067982688339e-09 5.47678290045724e-09 5.67010449635045e-09 4.66272848664213e-09 4.97188847409178e-09 4.61941023367378e-09 5.14048824005376e-09 5.88404891284929e-09 3.68069785330439e-09 5.04944127565464e-09 3.66068884111669e-09 5.07752836923567e-09 5.2702639444612e-09 4.47257146184226e-09 5.99102409768595e-09 8.56814547921801e-09 4.20669095061059e-09 5.64507591884786e-09 5.06008269292954e-09 5.05132423926355e-09 5.81294011125661e-09 6.00824953124439e-09 5.69885346456985e-09 4.73819764658669e-09 5.15712968738031e-09 6.6847383124319e-09 8.89137614891122e-09 3.53170091465855e-09 4.30986877440339e-09 4.38540257036179e-09 4.62150342888533e-09 3.68685026188621e-09 4.94357207419747e-09 7.6702813385507e-09 7.19781938598109e-09 5.65065565908736e-09 7.25203525780064e-09 1.08949120196486e-08 3.82655035458994e-09 3.41984558930881e-09 6.34165385862027e-09 6.55030239777312e-09 6.69601775715286e-09
5.5016448620282e-09 5.3115927770354e-09 6.23301494901794e-09 3.81359906886982e-09 4.91139993067486e-09 4.80085126884701e-09 4.78120672699858e-09 4.56697450685796e-09 5.03561867894774e-09 3.60874679844063e-09 3.39188246637582e-09 3.65928388334951e-09 4.71821578555181e-09 4.25660345956692e-09 7.28712036131493e-09 5.13997733733116e-09 5.55042737034759e-09 4.82127621940819e-09 5.19679221206623e-09 4.20561436499168e-09 5.06083362536174e-09 5.56736640903579e-09 6.04915732872514e-09 5.91013671171971e-09 5.32874448610253e-09 5.24384314613304e-09 5.26952262637363e-09 5.35296327105329e-09 4.78388652921456e-09 4.75628878313987e-09 4.67311124986989e-09 4.58493944277372e-09 4.68411704226997e-09 3.89564469499772e-09 5.20645467475037e-09 9.20298913492889e-09 8.09525761190368e-09 8.15308112873818e-09 7.65756715012699e-09 2.71777258832464e-09 4.61873377362973e-09 3.03557928810117e-09 7.66160516168577e-09 4.19044309472472e-09
5.53569496137425e-09 4.98418406646349e-09 5.36595779790454e-09 4.89886861326921e-09 5.1006437443038e-09 3.1068882373233e-09 2.0690710693439e-09 3.92873304361279e-09 4.16573802204445e-09 7.77864959095292e-09 3.56008174466319e-09 4.73393998378079e-09 7.63800517758657e-09 4.18030266482999e-09 7.69688219932525e-09 4.19265150323151e-09 5.18858001781784e-09 6.18628366707507e-09 4.50637752104149e-09 4.77996309003063e-09 5.13562375314571e-09 5.29215454264967e-09 3.82479814754552e-09 4.25382236031689e-09 4.16203709075015e-09 5.29843800062188e-09 5.62634749325473e-09 9.0410234158831e-09 4.40696255352008e-09 7.87954716856632e-09 5.39547650624944e-09 4.24816980667539e-09 4.47040045958888e-09 6.6266856947626e-09 6.40506709248653e-09 6.72478373073372e-09 8.39288240390458e-09 7.7060228567892e-09 7.10408634935041e-09 7.00369991488124e-09 7.51456157718391e-09 7.46143411066333e-09 8.30493161468535e-09 8.05958730702525e-09
5.43112532626633e-09 4.63897534995146e-09 4.6574987088535e-09 4.39161844566265e-09 5.56459575549356e-09 3.72260370313414e-09 4.20593226932938e-09 3.18836609597465e-09 3.80503977917247e-09 8.23447295491672e-09 4.15049785981314e-09 4.3167434461403e-09 3.90120779308529e-09 4.64857844942291e-09 3.99753482394262e-09 3.03689779649493e-09 7.73316770698112e-09 5.2131090231001e-09 6.00387508820131e-09 5.44787902375983e-09 5.04970469543713e-09 5.08739076236346e-09 4.4831917524815e-09 4.7158629741393e-09 4.54813967098498e-09 4.09577793148189e-09 8.98477980418905e-09 3.94759552618364e-09 4.09589818810145e-09 3.96494434082483e-09 5.16677249836041e-09 4.36808347787077e-09 6.94452285122596e-09 4.10253759205649e-09 5.01750702619194e-09 5.10505949874869e-09 8.19015346838659e-09 9.46317185567606e-09 4.46480328378096e-09 1.00639951508443e-08 6.6986023068699e-09 5.96582518579681e-09 5.48073570976059e-09 5.3494794264705e-09
5.77251668857442e-09 5.04651095632307e-09 4.89671908655578e-09 4.27751235486638e-09 5.32244064481879e-09 5.28345893839369e-09 4.37709277034385e-09 7.16672811672602e-09 3.63906752496066e-09 3.94403169885312e-09 3.36709171727156e-09 4.98458261715715e-09 4.37701423487816e-09 4.50367237852933e-09 3.25376057011998e-09 6.75576872451799e-09 4.53633479148368e-09 5.7492110820491e-09 4.65020120820615e-09 5.68479955885925e-09 5.09649491924192e-09 4.21663751735053e-09 5.50077626176334e-09 5.49314986394899e-09 4.3624625341369e-09 7.28158629566895e-09 6.93036325440773e-09 6.24566522834271e-09 3.79862606803765e-09 3.78756205911388e-09 3.82164460528981e-09 4.20361939492157e-09 3.61032088247281e-09 3.61014134504744e-09 4.89598159677141e-09 1.10511273561522e-08 7.49574690726061e-09 1.14873512873395e-08 4.37628150059009e-09 9.72974356085385e-09 8.69014790131885e-09 8.19801282322408e-09 5.95172385714919e-09 9.47698910824793e-09
5.8811849103895e-09 5.51560663962951e-09 3.91121021087348e-09 5.2874467803044e-09 4.58015763591954e-09 4.22754463002698e-09 5.21958036167171e-09 4.75287055664038e-09 3.87383686249834e-09 4.53581148010836e-09 3.55818657868198e-09 4.6766510044315e-09 4.43088009556873e-09 7.5973807001459e-09 3.46578017895273e-09 2.74929594407482e-09 4.43526346309634e-09 3.9757932801121e-09 5.70524307238464e-09 5.91408652564908e-09 5.18200164223077e-09 4.80486926297718e-09 4.96958606898617e-09 5.50121480509995e-09 5.92450856906594e-09 7.77424266692483e-09 7.90131849449962e-09 6.68679932612683e-09 7.80108034944519e-09 4.31753448317528e-09 2.68471726653392e-09 7.6429393779195e-09 2.98384353308405e-09 3.07092420330651e-09 6.80492999653637e-09 4.47520754699013e-09 6.7666086893415e-09 6.14506523199307e-09 4.51082298730872e-09 1.04108867051763e-08 9.13724971686622e-09 7.57043005279488e-09 6.95050885615432e-09 8.36813538996154e-09
4.6262790476049e-09 6.35266865725846e-09 5.13078195296957e-09 4.22209991011667e-09 5.02670731607023e-09 4.6954828523551e-09 4.11685217657421e-09 3.64717242991005e-09 7.26592514743394e-09 3.46564808515658e-09 3.56593148123237e-09 3.07333318689991e-09 6.07941860100856e-09 4.15275422088421e-09 4.60502865820664e-09 2.95545802384814e-09 7.67179286941887e-09 3.83408777697337e-09 5.64190274628842e-09 5.68748611520132e-09 5.54423232550265e-09 3.44265961103492e-09 3.61185008254883e-09 4.91866065167887e-09 7.3806074494768e-09 7.96734763844299e-09 8.60621547924838e-09 1.20180896733181e-08 8.56472309213661e-09 6.95118445485633e-09 6.49323126228652e-09 3.14914208368274e-09 3.68055669028397e-09 5.00341480037836e-09 8.05200188609013e-09 3.54352486655808e-09 6.08123157109688e-09 6.18211632864723e-09 3.16663660676834e-09 4.47151185229409e-09 5.06941019580731e-09 7.42851117467847e-09 7.7635722192709e-09 8.85998686170146e-09
4.72755677507441e-09 6.1387648841227e-09 4.81730227914989e-09 3.92891029371015e-09 3.36309957470458e-09 3.19362872016978e-09 4.24059060100786e-09 4.37066204634504e-09 3.82487983790723e-09 3.75098687867208e-09 4.22584911221132e-09 6.35654644712736e-09 4.74284352265139e-09 5.39580487929184e-09 4.6825813875655e-09 6.98871257707611e-09 3.53982478193248e-09 6.71815977915733e-09 4.97156500809634e-09 4.92206905606965e-09 5.14450467711874e-09 7.64955747839647e-09 4.81944105015723e-09 5.01740400162343e-09 1.03578445303158e-08 7.52128694864166e-09 1.08720135914638e-08 1.4112122177029e-08 7.31795310334093e-09 7.61668503822749e-09 3.49414557210943e-09 2.51857824332543e-09 4.79160417227971e-09 5.81149123835245e-09 3.89661877040101e-09 2.58157628673625e-09 5.70744068935919e-09 3.09471409176336e-09 4.33023398504397e-09 2.3778317453337e-09 5.9477497703742e-09 7.86580259085233e-09 6.26054462713523e-09 8.910784785834e-09
4.58275691770083e-09 4.87779653322308e-09 4.81573872843627e-09 4.35355423205115e-09 5.77054998154792e-09 6.02992406698505e-09 3.91657984278679e-09 5.15259216970323e-09 5.22090398117311e-09 5.69536301349893e-09 3.78616048213138e-09 4.91472697124474e-09 5.76379581497444e-09 4.62770464792825e-09 4.46671036719653e-09 4.49895461441237e-09 4.89019406628885e-09 4.85479860458082e-09 4.70133102234014e-09 3.6683251584588e-09 5.0833533818248e-09 4.95531273341977e-09 4.07800681520745e-09 3.74773305098725e-09 3.77182836912329e-09 3.56600935199852e-09 5.849560327639e-09 7.22083341351854e-09 3.59956686391192e-09 9.43003002346127e-09 7.41354134346536e-09 3.54810098064052e-09 4.22732020028189e-09 2.59259871998202e-09 4.10355207877736e-09 3.98598315246783e-09 3.55274184913713e-09 4.60008676870787e-09 4.32902853954972e-09 4.2928729126606e-09 2.91495688672025e-09 7.6343313689449e-09 6.55472390933765e-09 5.15301587638661e-09
4.51748406086325e-09 4.58874856648897e-09 5.78297594780715e-09 4.63053925301991e-09 5.11583354959246e-09 4.90951356343837e-09 4.6392971600177e-09 3.69072261552523e-09 4.30947899436683e-09 5.18830538689199e-09 3.78448294142711e-09 4.38483624802367e-09 6.06880414073964e-09 5.23027546795331e-09 4.584994468077e-09 3.91488316518437e-09 5.24161118379466e-09 5.14308114161095e-09 4.83744687529145e-09 7.10673135695914e-09 3.78687212322447e-09 4.17187735060046e-09 4.28142476726803e-09 4.38573764290436e-09 4.79265354192876e-09 4.62891612285914e-09 7.58250672238748e-09 7.21606817304197e-09 5.71532962844809e-09 9.91459538367228e-09 8.44181972307155e-09 3.79298796210709e-09 4.40589149067529e-09 5.01496520430742e-09 4.99091424646541e-09 3.40781222136059e-09 3.77339242001279e-09 7.98425571239085e-09 2.98615289264619e-09 3.21510688596191e-09 6.17924494444047e-09 6.18109778798232e-09 3.89066079878387e-09 4.16001350208768e-09
3.94422505908073e-09 6.59279603891571e-09 5.49953684799407e-09 3.46815113416319e-09 4.54020998682904e-09 7.83392385424327e-09 4.63536007968326e-09 3.99533684374786e-09 4.41279637519236e-09 4.25844097320953e-09 4.74730034105586e-09 4.1932218106029e-09 4.42170036305863e-09 5.22081409418478e-09 7.2140568794334e-09 5.33131554436668e-09 5.35599482806369e-09 5.06029434873929e-09 5.60545907470959e-09 4.35653979560107e-09 4.05122605456983e-09 4.43355291753999e-09 4.86663226909225e-09 4.97135030509155e-09 5.09910113602225e-09 4.83303837305466e-09 3.02361523167654e-09 6.79549315620384e-09 9.35299203915582e-09 7.21695925054711e-09 3.46390198618347e-09 4.52480242365846e-09 4.34233854311105e-09 4.68970791358994e-09 5.42578666071786e-09 5.3294770248574e-09 4.74695562484217e-09 2.97674658263646e-09 4.13168098938722e-09 3.29895104220546e-09 3.03562762670248e-09 6.61953546534988e-09 6.79801317887824e-09 8.29030812174532e-09
4.81083555143529e-09 4.16195618826576e-09 4.3138756772549e-09 5.86880204073567e-09 4.06034470584484e-09 4.17555703558671e-09 4.39116503597984e-09 4.44654632267755e-09 4.33307851774279e-09 6.1298519985e-09 3.50359229922429e-09 4.12526383412131e-09 9.26042401167017e-09 4.28310225853349e-09 4.94762858954549e-09 6.27675728878029e-09 6.06622604223463e-09 4.84863608308779e-09 3.80530523077617e-09 4.39338901399382e-09 5.204185836867e-09 4.61550563393699e-09 4.74982063854003e-09 5.64950186586732e-09 4.77562671070606e-09 2.95945067358871e-09 6.22343631110111e-09 7.06179859947002e-09 9.74116927745362e-09 9.00172781013224e-09 1.13803820412898e-08 3.74131780196857e-09 5.43685982058682e-09 5.32484598052114e-09 4.52137560280735e-09 7.76200718869848e-09 4.86172888068666e-09 4.93015433532176e-09 4.08536562366063e-09 4.76930395651923e-09 2.88838353816745e-09 2.28401301608471e-09 3.48243390904894e-09 9.79650419901213e-09
4.3176310606438e-09 3.84129294501538e-09 4.05497810345312e-09 8.2136865473213e-09 4.18366016281836e-09 5.11590709944711e-09 6.05756358646907e-09 5.70548848129771e-09 4.08679294270543e-09 4.70538093348712e-09 4.3809535069522e-09 4.25187307302941e-09 5.31562468634996e-09 5.61807723740024e-09 4.18006654520805e-09 6.14836009342049e-09 5.55568378690836e-09 4.64795761026088e-09 4.8369775885058e-09 4.39227992311857e-09 4.30028088084219e-09 5.17531510452193e-09 6.23515182358312e-09 5.19209271274589e-09 4.77853837906873e-09 3.81907128135903e-09 6.6404375443942e-09 9.16456433305577e-09 9.64211490670506e-09 5.18897917708643e-09 1.15028101411113e-08 9.03155395706967e-09 3.41126305338554e-09 6.35900801479422e-09 8.12946252064408e-09 4.93979398338252e-09 1.17540935492325e-08 4.50666391018875e-09 3.89345578820352e-09 4.04771819509184e-09 5.52827424404743e-09 7.75299279443182e-09 4.05030949132694e-09 7.72387678315316e-09
7.06499248421954e-09 1.0051784484083e-08 4.75467966147174e-09 8.4860698807091e-09 3.64791050914979e-09 4.18042174405626e-09 8.03889445385762e-09 4.77190820627768e-09 3.98331506286466e-09 4.28612993101602e-09 3.77006525968772e-09 3.71549887722643e-09 4.30558317568576e-09 5.22597193973656e-09 6.22708146671487e-09 4.97398881740443e-09 5.06568825522097e-09 3.52127658916223e-09 7.81914702149131e-09 5.23498727451892e-09 5.16662634830158e-09 6.40536159299544e-09 5.91394502768352e-09 4.5745574531563e-09 4.88229601029135e-09 4.43111377345916e-09 4.06460049629441e-09 9.78012210814264e-09 1.10490819400861e-08 8.9239200142242e-09 1.0811151175063e-08 9.21860587805557e-09 4.94492729829026e-09 6.16017286270242e-09 6.06679042063824e-09 5.90460847702126e-09 6.67364892870007e-09 5.08812636037095e-09 5.17712907152437e-09 4.78283901577089e-09 6.24058131487927e-09 3.04396164436558e-09 4.72680171860667e-09 6.82343502299505e-09
3.38555777645751e-09 4.80962460046089e-09 9.32440156241158e-09 6.48954377396287e-09 4.57257572816113e-09 4.70885380052956e-09 6.45819386582319e-09 3.86075582093802e-09 3.10941044591705e-09 3.7705033953216e-09 3.52881848097585e-09 3.44751574231084e-09 4.83029828770566e-09 5.44091341349041e-09 5.3367086314869e-09 4.78849156038299e-09 4.54843170769513e-09 5.5044277589885e-09 4.15046603434093e-09 4.24693206029812e-09 5.59167458697103e-09 6.28487483518842e-09 6.06097087290835e-09 5.26990310648908e-09 5.33638634315958e-09 4.26401973407815e-09 5.4430312710569e-09 9.07711355065921e-09 9.84557316784096e-09 9.21297419937494e-09 8.37572133338793e-09 4.48450949207283e-09 4.29479935862899e-09 7.98232134204054e-09 5.72346449036561e-09 4.27096831489267e-09 5.70056226416642e-09 3.20201557527731e-09 3.28684696625719e-09 5.14041836512759e-09 3.1065096708643e-09 3.97583111624677e-09 7.16445969231895e-09 4.46391227689213e-09
3.3809163904128e-09 5.57893053596969e-09 4.25717023567917e-09 4.33087029036993e-09 3.6316331678617e-09 4.15529508479632e-09 5.07313770878851e-09 4.91917160214391e-09 3.78193658925165e-09 6.54830437377858e-09 7.13506042851477e-09 3.83693874683275e-09 4.4165213974985e-09 5.75835868885958e-09 5.04417890515367e-09 4.26293424575248e-09 5.05478251445433e-09 5.77497005205564e-09 3.41818209612687e-09 4.7060833662855e-09 5.23031674146638e-09 5.55482215967503e-09 5.38870678139281e-09 3.8306818092405e-09 6.52294161664035e-09 4.52358753270762e-09 7.06536068284937e-09 7.99318363673143e-09 7.5328593570317e-09 8.79836880939808e-09 8.71980800902056e-09 7.88139426668895e-09 4.56845301926874e-09 3.87974755670691e-09 8.39847882876377e-09 3.15895958299152e-09 3.46499294506827e-09 4.95925259721114e-09 4.23110311386427e-09 4.89545668823416e-09 5.72516755957246e-09 9.23426435044119e-09 4.01180454304779e-09 8.03752141190828e-09
4.44653285748759e-09 4.30975591212261e-09 5.74454776254084e-09 5.03145103996165e-09 5.94634844235209e-09 4.02496153381026e-09 4.47089109080332e-09 4.58023800117377e-09 4.17667317732767e-09 7.54006393758315e-09 5.50194800105338e-09 3.99730545591441e-09 3.53347107159528e-09 7.71980717443826e-09 7.26226259425323e-09 6.75523657719122e-09 7.52809532304793e-09 7.43641092573574e-09 6.70731346005964e-09 5.2701765256298e-09 7.64120217453193e-09 7.7767220670407e-09 8.11681592746461e-09 7.82813341690575e-09 8.8231656297032e-09 1.04241029049133e-08 8.47018873183183e-09 7.90630446496412e-09 7.81139403136749e-09 4.75503587586887e-09 8.08647170420169e-09 8.21074685392529e-09 7.73600138654243e-09 5.26329001539885e-09 4.50931333242454e-09 2.66846174748011e-09 4.53134077854934e-09 6.62423863285684e-09 2.975963055136e-09 5.66912743273651e-09 7.11581377671983e-09 8.81926446876098e-09 7.47046718099111e-09 9.38299794092647e-09
