Validation points/white/Hypnale_spp-white.asc
NCOLS 267 
NROWS 469 
XLLCORNER 376490.070567719 
YLLCORNER 381033.488324056 
CELLSIZE 919 
NODATA_value -9999 
[rows 40 to 59 of 469, columns 44 to 87 of 267]
-9999 -9999 -9999 -9999 -9999 -9999 -9999 -9999 -9999 -9999 -9999 -9999 -9999 -9999 -9999 -9999 -9999 -9999 -9999 -9999 6.74194739758264e-09 5.89498850506063e-09 5.06265740949876e-09 1.13297770193462e-08 1.23115309082569e-08 1.56967469618444e-08 1.82375124271836e-08 1.40482782344326e-08 4.64390678216824e-09 -9999 9.34106122893344e-09 -9999 -9999 -9999 -9999 -9999 -9999 -9999 -9999 -9999 -9999 -9999 -9999 -9999
-9999 -9999 -9999 -9999 -9999 -9999 -9999 -9999 -9999 -9999 -9999 -9999 -9999 -9999 -9999 -9999 -9999 -9999 -9999 -9999 7.47733425111475e-09 5.20852848844498e-09 4.74153172864106e-09 1.39279817267911e-08 1.52678003687416e-08 1.98002376209123e-08 2.02423795312029e-08 1.56801077132355e-08 8.54318153272793e-09 -9999 -9999 -9999 -9999 -9999 -9999 -9999 -9999 -9999 -9999 -9999 -9999 -9999 -9999 -9999
-9999 -9999 -9999 -9999 -9999 -9999 -9999 -9999 -9999 -9999 -9999 -9999 -9999 -9999 -9999 -9999 -9999 -9999 -9999 -9999 6.46932792178884e-09 5.48086621104908e-09 5.31037770367996e-09 1.27176618515808e-08 1.43996570188021e-08 2.09719060168247e-08 2.05920144653719e-08 1.63253294558558e-08 1.08442073823429e-08 1.64475342998131e-08 -9999 -9999 -9999 -9999 -9999 -9999 -9999 -9999 -9999 -9999 -9999 -9999 -9999 -9999
-9999 -9999 -9999 -9999 -9999 -9999 -9999 -9999 -9999 -9999 -9999 -9999 -9999 -9999 -9999 -9999 -9999 -9999 -9999 -9999 5.96654116315475e-09 5.48543810547589e-09 5.22432534187316e-09 3.84092159747923e-09 8.1517041840289e-09 1.25815324926072e-08 1.1918549547538e-08 6.08411998384817e-09 -9999 -9999 -9999 -9999 -9999 -9999 -9999 -9999 -9999 -9999 -9999 -9999 -9999 -9999 4.76874300613247e-09 1.88224114286031e-09
-9999 -9999 -9999 -9999 -9999 -9999 -9999 -9999 -9999 -9999 -9999 -9999 -9999 -9999 -9999 -9999 -9999 -9999 7.26663423711507e-09 3.47267072587124e-09 6.12791224710637e-09 5.44073024063548e-09 4.97862090961756e-09 7.68136536965084e-09 5.66879511508725e-09 7.5874703882077e-09 1.23647169473742e-08 1.24366153291271e-08 1.86485859406607e-08 -9999 -9999 -9999 -9999 -9999 -9999 -9999 -9999 -9999 6.02482588684489e-09 3.350320966676e-09 6.35600635726996e-09 7.62820320023346e-09 1.10648121458987e-08 9.06333307090142e-09
-9999 -9999 -9999 -9999 -9999 -9999 -9999 -9999 -9999 -9999 -9999 -9999 -9999 -9999 -9999 -9999 -9999 -9999 2.87171805800108e-09 4.2334989476941e-09 7.73679699484807e-09 8.91178522969148e-09 5.18918911908712e-09 5.57311269102219e-09 6.21293275284864e-09 6.8131512384722e-09 1.27962711626347e-08 1.14197049725215e-08 1.25015953801929e-08 1.61868267889318e-08 1.86699452657857e-08 -9999 -9999 8.11020210201485e-09 -9999 1.20293826608697e-08 8.93719489204275e-09 -9999 8.64554947450688e-09 1.1530031961957e-08 1.34701844974662e-08 1.33534524425985e-08 1.47079160190839e-08 7.57657505478533e-09
-9999 -9999 -9999 -9999 -9999 -9999 -9999 -9999 -9999 -9999 -9999 -9999 -9999 -9999 -9999 -9999 -9999 6.97394855582607e-09 3.30873140331073e-09 5.01803817116997e-09 4.04927942462176e-09 4.03237779220202e-09 4.95671271785316e-09 7.88660812059598e-09 4.04965819750705e-09 5.42290912360532e-09 7.63842092652627e-09 1.34659182416491e-08 1.46060394434848e-08 7.49304430600534e-09 1.21225943321088e-08 1.86843792033212e-08 1.27612197149681e-08 1.19347462415057e-08 9.42121361373853e-09 1.46944776012885e-08 1.19322765150722e-08 1.45756471535742e-08 1.49562204762663e-08 1.63076660950716e-08 1.61668394931528e-08 1.32087329263879e-08 1.40610603918094e-08 1.06296821486528e-08
-9999 -9999 -9999 -9999 -9999 -9999 -9999 -9999 -9999 -9999 -9999 -9999 -9999 -9999 -9999 -9999 6.35759446966098e-09 5.61054023214359e-09 3.68810507015035e-09 6.8944242343242e-09 5.35968658377827e-09 5.8545985964433e-09 6.09574694209153e-09 7.64930946581602e-09 5.9931910746933e-09 5.49211786443143e-09 6.01614134276697e-09 1.34385383968597e-08 9.69876809670417e-09 5.5758538058722e-09 9.09596821448953e-09 1.44738125869642e-08 1.32762985294658e-08 1.69184601737974e-08 1.65181160686191e-08 1.81306184914745e-08 1.68183439380738e-08 1.76838991980731e-08 1.7730998992018e-08 1.76245173313106e-08 1.54468761116973e-08 1.23034104064165e-08 1.24264256810035e-08 1.42092061598989e-08
-9999 -9999 -9999 -9999 -9999 -9999 -9999 -9999 -9999 -9999 -9999 -9999 -9999 -9999 1.08327964762378e-08 4.00123955532308e-09 6.37208597954221e-09 6.24598198976473e-09 5.11963963184323e-09 5.75230412686676e-09 5.74605725455251e-09 5.93095216598872e-09 6.51485570627858e-09 3.89078694499437e-09 5.27849554024189e-09 4.42015796159e-09 6.48678899148185e-09 3.24349443309199e-09 5.2091882335475e-09 5.61336414689442e-09 5.39879672189862e-09 1.03407704144058e-08 1.53556340960002e-08 1.74339263616476e-08 1.75823571510522e-08 1.85881739265853e-08 1.53152615219066e-08 1.57465465913053e-08 1.50642075015934e-08 9.78988668650273e-09 8.28950066930496e-09 5.14283766549494e-09 1.2239202412733e-08 1.17176329739807e-08
-9999 -9999 -9999 -9999 -9999 -9999 -9999 -9999 -9999 -9999 -9999 -9999 3.35502999949694e-09 5.65117455496159e-09 3.33209273915553e-09 7.10284264497242e-09 5.76297037108846e-09 5.01978123873213e-09 3.75375971001219e-09 6.85083078002447e-09 5.78577824383854e-09 6.04500583310272e-09 6.88756791460131e-09 6.07468147433235e-09 6.16337638091561e-09 5.6185184200004e-09 5.94657313136777e-09 3.09201803640898e-09 5.89163423066253e-09 5.6419225783933e-09 6.72800250587235e-09 1.24818421299262e-08 1.97454741924969e-08 1.69299576333341e-08 1.45921879625736e-08 2.05698203535963e-08 1.97821234858353e-08 1.23642560759104e-08 1.00284112680833e-08 8.78173662273115e-09 7.25859146442578e-09 7.60717926572157e-09 9.23935979997206e-09 8.16981517386298e-09
-9999 -9999 -9999 -9999 -9999 -9999 -9999 -9999 -9999 -9999 4.96637576799613e-09 7.41376909492417e-09 5.61162018790561e-09 6.32209982391529e-09 7.70146244905904e-09 7.99395067997949e-09 4.91893331669223e-09 4.50900998484389e-09 7.92965556092105e-09 5.8285863223809e-09 4.78256189848139e-09 6.45572955929365e-09 5.51026153421423e-09 3.37685041373807e-09 3.19335858520395e-09 3.77688151496607e-09 3.2802163260967e-09 3.30010932388826e-09 6.70344058776176e-09 5.92512152401214e-09 5.90882941513837e-09 1.2066314707137e-08 1.84789816369582e-08 2.02548007935045e-08 2.10035015975533e-08 2.27059134056504e-08 2.26482382709902e-08 1.9271574629261e-08 1.58115347320879e-08 1.45148005761096e-08 1.42328017044372e-08 9.71058682836688e-09 8.05269650563809e-09 4.35773284182621e-09
-9999 -9999 -9999 -9999 -9999 -9999 -9999 -9999 5.10542268694942e-09 4.92279982808038e-09 7.87206749846717e-09 8.40647288563385e-09 8.7581409696822e-09 7.87303822833461e-09 7.85553494935905e-09 5.35404338350076e-09 5.62384900721795e-09 7.31003143313127e-09 7.70114066640554e-09 8.69304728275828e-09 6.64402870343204e-09 3.88065194495603e-09 7.00944384804077e-09 4.60178970512592e-09 6.9328416236096e-09 4.83209662998064e-09 8.63569738745362e-09 5.21572661810802e-09 6.05692693582481e-09 3.23523349670813e-09 6.28099299743881e-09 1.52161310173684e-08 1.97956972030944e-08 1.98371482428606e-08 2.2938446394311e-08 2.36674884181448e-08 2.35765586116421e-08 1.17671129422498e-08 1.79485799388145e-08 1.91153157734606e-08 1.89283647210038e-08 1.61863137922729e-08 1.10964025247508e-08 1.09845172999542e-08
-9999 -9999 -9999 -9999 -9999 3.0275284791743e-09 5.13762711492093e-09 8.33615292336424e-09 6.50203840584796e-09 8.33834845650073e-09 7.18162776804439e-09 8.1297700647852e-09 7.99241019745069e-09 9.39306309826495e-09 5.11989724215059e-09 1.04336233820345e-08 5.32485550035516e-09 6.33964024069254e-09 5.28746477341338e-09 5.35133360635299e-09 5.32136784423827e-09 4.34362563749837e-09 5.58891530740318e-09 4.45138236506735e-09 5.36593781592412e-09 5.96215946321596e-09 3.98601872424563e-09 7.60636122830844e-09 6.36522039475237e-09 6.12594927381079e-09 5.44656718287793e-09 1.08586630495569e-08 2.84064721906085e-09 3.91701379651137e-09 2.10813243624162e-08 2.1866779992716e-08 1.43454523057596e-08 9.31857936843849e-09 1.56578514919404e-08 1.76470473763348e-08 1.42543116631225e-08 5.1703244732057e-09 4.52368074673155e-09 6.24359149193053e-09
-9999 -9999 -9999 -9999 -9999 5.70162814182822e-09 4.32437584024841e-09 5.02984693577223e-09 7.6626468023743e-09 7.1456705010794e-09 1.03326166725577e-08 9.53207178596284e-09 7.58395504629629e-09 5.35847931086116e-09 8.00874053868899e-09 8.4370487578722e-09 8.13756120540253e-09 4.94781591262563e-09 6.35214258577276e-09 5.57045865209151e-09 5.32373527176787e-09 5.72964797837536e-09 2.75403426956157e-09 5.64454977474977e-09 4.53053567143147e-09 5.2502936858399e-09 7.87581675448806e-09 5.48926136547617e-09 6.8423299426976e-09 6.51732762898023e-09 5.31791329636456e-09 4.44590242768667e-09 5.93416120989233e-09 3.41305770306847e-09 4.89247675487443e-09 4.06080992357658e-09 3.39186086852506e-09 7.76632465370803e-09 1.1925891509002e-08 9.4506479824808e-09 5.02473208338298e-09 5.08372386352723e-09 5.34198409792508e-09 7.02297469768978e-09
-9999 -9999 -9999 -9999 -9999 9.19939104610127e-09 3.27056163747037e-09 6.43852528560172e-09 4.05662954297046e-09 7.76514994478615e-09 7.64340047624516e-09 4.02384761764479e-09 7.41719139035477e-09 6.65238752825676e-09 8.18569501801726e-09 7.92305887627095e-09 6.60034641409815e-09 6.14458034333005e-09 8.55220169698978e-09 5.99578951915658e-09 5.63675061541938e-09 3.66370904876346e-09 7.31135872541446e-09 5.5227579344591e-09 3.65537332511866e-09 6.93263992569624e-09 6.83931523233854e-09 7.47599154145749e-09 4.8995501003528e-09 6.99035661054794e-09 8.19676023861647e-09 5.52625457055802e-09 3.09357327214876e-09 5.19500311303459e-09 4.71163310615932e-09 5.92761110854493e-09 7.1226434929782e-09 8.1887403633603e-09 3.59278273512666e-09 6.99015881029292e-09 7.20671488316946e-09 7.60439327317529e-09 1.05298397106481e-08 1.11833307165376e-08
-9999 -9999 -9999 -9999 -9999 5.34872133299775e-09 5.33374967487767e-09 5.29211166953285e-09 7.56030433247198e-09 6.83563467221324e-09 7.41910686062562e-09 8.54230786026646e-09 8.90598203207268e-09 7.44611681891747e-09 6.76179209437236e-09 7.6843811198153e-09 7.36297204557271e-09 7.22753025732777e-09 6.41176106409652e-09 4.22190453365514e-09 2.99039131402132e-09 2.51732017016486e-09 6.50224512841628e-09 6.27681555906472e-09 3.19894040669383e-09 7.00565985850846e-09 7.65304201539454e-09 5.14628097988191e-09 3.23939829722432e-09 7.75619949267517e-09 6.67002574135809e-09 4.90509362335375e-09 9.42810146783293e-09 9.435288627213e-09 2.89118937133574e-09 5.4961096155282e-09 6.3099579993795e-09 9.38815399196026e-09 1.00152218038637e-08 5.75024018787016e-09 1.35564259156986e-08 1.07805041343121e-08 1.57300621789056e-08 6.84865661898246e-09
-9999 -9999 -9999 -9999 -9999 5.43657722222199e-09 5.60182081102601e-09 3.36793926180074e-09 7.00589131218823e-09 7.63521945981787e-09 8.16220584786444e-09 9.36577593015191e-09 6.9028570738874e-09 7.77504579261655e-09 7.43038889672126e-09 4.96596683452038e-09 8.08680785160909e-09 8.32460145668216e-09 7.61396888002404e-09 5.75544702184676e-09 3.37128017695248e-09 4.62177814380134e-09 7.72484268157596e-09 1.55573300281178e-08 1.24674491453583e-08 3.11012860746477e-09 4.53511012601765e-09 4.47141128004847e-09 5.92546612538834e-09 4.93074478617633e-09 5.63563170119088e-09 1.01578605056276e-08 2.14059926960398e-08 1.93946757533627e-08 2.38744637414059e-09 6.05384591407467e-09 5.94273343583782e-09 6.39433291609434e-09 9.67091538137047e-09 5.3013193735339e-09 5.53746808585873e-09 8.71420740884171e-09 1.89061417896034e-08 1.41473367491702e-08
-9999 -9999 -9999 -9999 -9999 -9999 6.24870604932057e-09 5.67676811748997e-09 6.55704474268151e-09 7.28938794111768e-09 6.22278209786201e-09 8.47212988830162e-09 5.62875919752692e-09 8.19227916056205e-09 7.08956626794821e-09 6.83440533274265e-09 5.53762687149572e-09 7.31678969470659e-09 6.39443527656108e-09 7.36337864407817e-09 3.43941992324138e-09 9.75307543565764e-09 9.90608432722215e-09 1.17584141488239e-08 1.42125519657382e-08 6.62715683522199e-09 6.34300577406749e-09 5.9184276488292e-09 4.88594312227348e-09 6.31650351309012e-09 5.15016850787835e-09 1.56520659310778e-08 1.74467161429613e-08 1.83469528023327e-08 8.13969468025274e-09 7.3387997040876e-09 3.42250067199313e-09 7.48768521154001e-09 5.49359690564292e-09 7.65767575156598e-09 5.8116721488466e-09 4.21075065803467e-09 1.07345723776218e-08 1.62848016115623e-08
-9999 -9999 -9999 -9999 -9999 4.11675712038983e-09 5.70990841788462e-09 5.50295152748181e-09 4.73097440607702e-09 6.50844122448678e-09 5.86423945585618e-09 4.83133103489428e-09 8.08727970022648e-09 8.29274525612932e-09 8.92826757864438e-09 7.42300543437747e-09 8.61914147442521e-09 6.33735808217391e-09 5.01928244769583e-09 6.91822858570689e-09 5.60674394019547e-09 7.55095144479473e-09 6.7868863489471e-09 6.53276481904489e-09 6.91994703476028e-09 5.9543737105092e-09 5.91368631866148e-09 4.45272095385666e-09 5.17181964667687e-09 4.95927376258166e-09 7.48987396528609e-09 2.66764248881549e-09 1.42459904364446e-08 1.67278061516038e-08 1.44142417374155e-08 1.13522542843628e-08 3.59779967784327e-09 1.01261535642476e-08 3.602042083389e-09 2.62520085041165e-09 6.89955833406821e-09 2.48830646940708e-09 5.48136039609882e-09 1.2759724650714e-08
-9999 -9999 -9999 -9999 -9999 -9999 8.09206299417203e-09 4.2918183592581e-09 3.23914077985866e-09 5.80694659197686e-09 5.91070557081016e-09 6.02854647727583e-09 2.59503447210655e-09 6.21126224017276e-09 7.84354681382622e-09 7.77288974771045e-09 7.0838881524917e-09 5.90637670562139e-09 4.2959296382015e-09 7.37037646442224e-09 6.37847027849614e-09 4.12787686828477e-09 6.51034332216373e-09 5.83139161620675e-09 3.8070968730034e-09 5.78311774817525e-09 5.15934797417585e-09 5.74569693818652e-09 7.94463325726334e-09 5.17091114439989e-09 7.07318129596801e-09 5.76225900420257e-09 4.2858976705825e-09 8.49952925989329e-09 9.68459658331427e-09 8.8351951617554e-09 5.90977834485015e-09 3.411698279207e-09 4.68605941548509e-09 6.21625076362908e-09 3.25998967777542e-09 4.62629912853437e-09 2.88530402846955e-09 8.5200970411541e-09
