Validation points/white/Hypnale_spp-white.asc
NCOLS 267 
NROWS 469 
XLLCORNER 376490.070567719 
YLLCORNER 381033.488324056 
CELLSIZE 919 
NODATA_value -9999 
[rows 380 to 399 of 469, columns 88 to 131 of 267]
5.24039520492654e-09 6.73331035336922e-09 6.02800923798376e-09 5.18395506348943e-09 1.03217693967009e-08 8.51134781796653e-09 7.64792703911839e-09 9.12865137809712e-09 5.49214256101164e-09 9.57197004836068e-09 5.18392655687956e-09 9.75306105014957e-09 5.58977879661326e-09 5.06356999767196e-09 1.03940127399154e-08 1.07693867998518e-08 6.46775249275572e-09 8.42600406847995e-09 7.80459735021699e-09 8.76907564424637e-09 9.08637875383811e-09 7.84863113416899e-09 8.00424415781561e-09 7.01103141312679e-09 8.37648906072979e-09 8.70814537638257e-09 7.53333024981918e-09 7.50996842888951e-09 7.34065275089146e-09 7.22869129125168e-09 6.94731970461049e-09 5.1705313805386e-09 7.25022000526191e-09 5.54639747220922e-09 7.35173937920633e-09 8.49870805185503e-09 1.0692822415175e-08 6.07081165897998e-09 8.10772720616266e-09 6.59463155715756e-09 4.82016646350934e-09 6.18961358845605e-09 1.04100357578278e-08 5.14658286749984e-09
4.72196696176917e-09 6.13332750296649e-09 6.20785884873612e-09 6.81488604118509e-09 7.34179290080503e-09 5.07440490796682e-09 8.98476481458163e-09 8.71752685467487e-09 9.3277868844096e-09 7.57490425962252e-09 6.91786397488304e-09 7.2876795368172e-09 4.7263400938727e-09 6.84851550414034e-09 7.18178413864173e-09 6.82622574090108e-09 7.76676145084114e-09 9.01162940227425e-09 8.73972061710666e-09 5.68944038901096e-09 8.33791233301683e-09 8.38489841581742e-09 7.63965428259886e-09 8.09361046335115e-09 8.2334527602779e-09 8.14711270105108e-09 8.46271322816707e-09 7.50964811566736e-09 7.55523974920375e-09 7.62289935252394e-09 7.20209417329355e-09 4.65214029290032e-09 7.4465924143355e-09 5.39594438481115e-09 8.9049379051387e-09 6.79442807056215e-09 1.11896014098186e-08 9.11227095428537e-09 9.54791037465834e-09 4.82024411385323e-09 8.34139416261903e-09 4.87699158177351e-09 1.09914536496076e-08 1.07955544998358e-08
6.47999624919388e-09 7.35173639166452e-09 5.40858662388944e-09 6.24504435305242e-09 6.68803689149242e-09 1.00273971905e-08 1.11232318390596e-08 8.0807877276339e-09 8.08712279044148e-09 1.00024404682417e-08 8.41969547619456e-09 4.92195704915459e-09 5.39960891290667e-09 8.45393628505879e-09 8.22718844389944e-09 8.91330179138938e-09 5.62646002586584e-09 8.30116437043229e-09 7.06520584882502e-09 7.00574256805266e-09 8.22423526724322e-09 1.0618855046401e-08 5.51357428809742e-09 6.27641131788118e-09 7.75719338021694e-09 7.84172648485444e-09 7.36021977715012e-09 7.73717808065399e-09 7.96969184675963e-09 8.85513059631107e-09 8.10640886943065e-09 7.32645508469655e-09 8.08394138788903e-09 5.92773050431535e-09 7.70663679168926e-09 9.97090416128664e-09 5.63523292227992e-09 1.06107267412528e-08 1.00713032677638e-08 4.84216872113155e-09 6.03898758700037e-09 7.71510561851488e-09 6.01986212102443e-09 9.10215552902637e-09
8.5568564664204e-09 7.08331732226705e-09 4.64533971758144e-09 7.33573628022009e-09 5.84365710632558e-09 6.42691847635835e-09 5.74698309153957e-09 7.76529501623619e-09 8.26888834453604e-09 7.44292586914995e-09 6.76102606661105e-09 7.07251006105136e-09 6.17172004825445e-09 1.0144549893248e-08 6.02352372803187e-09 6.29657400871881e-09 7.74879814287385e-09 6.16570977686031e-09 5.42409787358311e-09 6.09594364971196e-09 6.28042670715419e-09 9.21421742269664e-09 1.01709513835022e-08 8.0515617458247e-09 1.03334387759702e-08 5.84718084263853e-09 1.25908760581781e-08 8.54212474577102e-09 8.20077890934763e-09 8.03600409091252e-09 8.01820399270668e-09 8.82267650231404e-09 1.07470088650711e-08 8.64198757660661e-09 6.4948373965138e-09 7.29929472522289e-09 8.19172851414825e-09 5.65828858978661e-09 7.20016216252086e-09 9.43015915363968e-09 3.04237134024691e-09 4.3223477490183e-09 8.43323039937896e-09 8.16024399880952e-09
7.33826435933345e-09 8.82728382602737e-09 8.47986111684518e-09 5.39356940975404e-09 6.92751842016413e-09 6.31440130553551e-09 5.88937664864579e-09 4.25167189547757e-09 8.51147271555937e-09 8.10560380505025e-09 5.54593885737152e-09 7.63509870585787e-09 9.66894389057818e-09 6.85008180497973e-09 7.74763981140606e-09 5.61865637886506e-09 5.52187333932108e-09 8.92549184176433e-09 1.0807646236796e-08 5.21506497968342e-09 5.40684165369646e-09 8.3904548508283e-09 8.31322423238772e-09 6.58850816472827e-09 7.52967350662276e-09 8.64059594092501e-09 8.41061279630452e-09 8.25554659629825e-09 8.89404311725096e-09 6.06508773238142e-09 8.63485125375519e-09 5.66593381745559e-09 9.07092822197641e-09 6.21175769138178e-09 9.17441032508413e-09 8.17291156969925e-09 8.71763951312648e-09 7.50835434141046e-09 5.16532089217255e-09 7.51704837282167e-09 5.43161172624238e-09 8.7585647274823e-09 9.16450658621062e-09 7.4165598358458e-09
8.74187859012236e-09 5.87126509069664e-09 9.17592183446632e-09 8.90039420215462e-09 7.97735646882132e-09 7.40308070856743e-09 9.23086992183468e-09 4.55994637679693e-09 5.33316442092175e-09 5.40249154227985e-09 6.92627528275412e-09 6.41469135531522e-09 6.21816260667059e-09 7.5780976627246e-09 7.011337549679e-09 4.47773267268468e-09 7.5345316600895e-09 4.73839922158944e-09 5.47003381701873e-09 1.07534427375333e-08 1.02235159636285e-08 5.08645085290941e-09 7.55328529261532e-09 8.58661362694774e-09 1.1025006630304e-08 5.99554045006222e-09 6.18497050449055e-09 8.49784510837247e-09 6.32742963302693e-09 9.00510815853766e-09 8.98933917752434e-09 8.46370843561521e-09 7.98042867629217e-09 8.78040832315487e-09 9.1265523055181e-09 1.03116134449625e-08 5.09754894392533e-09 3.58160278447237e-09 4.19233850727416e-09 5.34286085379356e-09 9.78555538633193e-09 6.81337954483435e-09 4.89919848570739e-09 4.70705261777366e-09
8.28046892893214e-09 1.08337185014417e-08 9.11732341295359e-09 5.51805016244588e-09 5.34738082361937e-09 6.86181471129832e-09 3.99532602521464e-09 4.3999370310445e-09 8.22309331303384e-09 4.37420199861486e-09 8.64790363391905e-09 8.30910950021742e-09 7.83122720381429e-09 6.90003666270985e-09 7.87337894059864e-09 7.35530507226831e-09 6.53991680951106e-09 5.87244103870223e-09 5.35155114438264e-09 4.94847308919204e-09 6.78885403375233e-09 5.39692878120303e-09 1.00850053922253e-08 7.8637048636653e-09 8.31330355627553e-09 5.52370694255643e-09 1.06924312116078e-08 5.86082976500718e-09 1.1244106560842e-08 1.16853126914482e-08 9.43959542473596e-09 8.89124227850031e-09 8.21810139854511e-09 6.74832818473423e-09 4.92233218987921e-09 9.26860514354365e-09 7.03853324737669e-09 3.01957071479238e-09 5.69665711139452e-09 5.41602349456284e-09 6.2390177154039e-09 4.8147203434282e-09 8.8789207949698e-09 5.59584990372425e-09
6.99499277129027e-09 6.49386654924602e-09 7.56970363948877e-09 1.05553382618327e-08 8.56961950895297e-09 7.30971653280596e-09 6.16174661101586e-09 4.61563038649847e-09 5.74265673888769e-09 5.81493830454146e-09 7.66009025274672e-09 7.03125713947523e-09 7.19178935216979e-09 4.73188867729294e-09 8.5930403345395e-09 8.27269152795255e-09 6.43764095493914e-09 4.34442046158198e-09 7.07785736011804e-09 7.73506665153065e-09 5.50538409203441e-09 5.24561457529545e-09 9.78399219479873e-09 4.69964178002912e-09 7.36928687166199e-09 4.90512929947774e-09 8.65087462321171e-09 7.5415434848272e-09 7.34677122796054e-09 6.18871343730082e-09 9.37792715203479e-09 7.60807747786014e-09 1.05901701455739e-08 7.72517164827632e-09 1.01784661228811e-08 8.43706972483257e-09 8.09867282900658e-09 5.42642887825233e-09 4.12190781043507e-09 9.0293353041543e-09 4.73002873580059e-09 4.64919944285574e-09 7.441853936111e-09 5.06213657496499e-09
4.1533495824379e-09 9.04252112100136e-09 5.3847191795219e-09 6.77741110994589e-09 8.10343505797204e-09 6.74107579916826e-09 7.81153751314312e-09 4.57016744138428e-09 4.82695851389931e-09 4.80791358718466e-09 6.24606659894857e-09 5.17996160018326e-09 7.34076008605666e-09 5.459573760519e-09 5.95323380732474e-09 8.95176879739474e-09 5.2437814588578e-09 5.8896405886529e-09 5.99089109984762e-09 5.44812945545225e-09 9.46987899945886e-09 7.17027671048149e-09 4.69622185391884e-09 9.16554641760227e-09 5.82380362911189e-09 7.37173938374147e-09 8.21710850843759e-09 7.26564113462822e-09 6.93129027582892e-09 6.65980749310656e-09 8.36546026150567e-09 8.40877817691915e-09 5.88811091802976e-09 8.80261002141461e-09 9.06289296281946e-09 6.56118951553054e-09 4.31202494506157e-09 8.81905831784645e-09 7.76096443785523e-09 8.29258399116568e-09 5.43620580716822e-09 4.99646614191927e-09 9.65281015455787e-09 9.3696822215763e-09
3.80323170360997e-09 1.01561574997596e-08 8.60387058287092e-09 8.83430328827207e-09 6.16624801257662e-09 6.51274404736419e-09 7.78129515075943e-09 7.31494234299168e-09 7.01858443523667e-09 8.14009529230201e-09 5.58512118435568e-09 5.34619460277596e-09 5.77975148168861e-09 1.14470816531513e-08 6.77634590521709e-09 8.09445149864814e-09 7.95938552096822e-09 7.03705911493127e-09 7.30457096766486e-09 8.20416824347871e-09 9.65858750205633e-09 7.58155283563373e-09 8.09523256224155e-09 4.74145303096563e-09 5.54239379637882e-09 7.37753656075452e-09 5.11580547085206e-09 7.98784891483783e-09 7.30159328881619e-09 7.20333986708097e-09 4.72512396888264e-09 7.37719744140169e-09 8.66527736921914e-09 8.89961981487663e-09 5.08322106483048e-09 8.31602435389931e-09 6.00240182646246e-09 8.57204384673738e-09 1.0866082377749e-08 9.07408841038445e-09 8.06123272622146e-09 8.98911044311736e-09 6.05482083386272e-09 9.66584575370851e-09
6.62854066172745e-09 8.14794596769122e-09 8.79402393514115e-09 7.70679666354224e-09 1.07320349905193e-08 8.52146462015861e-09 8.92222834184524e-09 7.23111827013192e-09 9.0745496112297e-09 7.89432937726631e-09 8.31451099817441e-09 8.02914308139689e-09 5.43296700046458e-09 6.34431539270599e-09 1.11047732324609e-08 1.10390269352628e-08 8.11463890957728e-09 6.03844751384338e-09 1.08082324622058e-08 5.32551648390283e-09 8.78284107171407e-09 8.2461284340725e-09 7.9952591115234e-09 6.81758816415264e-09 4.99682991672344e-09 5.56781995223394e-09 4.93043119600477e-09 4.4132009450132e-09 6.03072476428433e-09 8.21007070405652e-09 8.24718072818313e-09 8.41945030692105e-09 8.4806310998245e-09 7.56473390910044e-09 7.05619783371394e-09 9.03062805060098e-09 8.55099078681684e-09 5.64561383625898e-09 5.42969457007127e-09 1.09714876965796e-08 1.00261938732477e-08 5.94846099635638e-09 5.49137672747434e-09 9.55653857187282e-09
8.04917104210214e-09 7.65737462585469e-09 1.19254569743175e-08 8.25174851518775e-09 8.96861332884707e-09 9.36478108196174e-09 5.24410210757905e-09 8.38364209168927e-09 5.44691833514657e-09 6.57606932886653e-09 9.76469941668774e-09 5.27183102478091e-09 6.007470325758e-09 5.92873540928391e-09 8.95774836610443e-09 1.05812776412149e-08 5.64350624085055e-09 7.94189956158946e-09 8.40714038284692e-09 5.98607731700385e-09 7.34382226552978e-09 5.23842524943559e-09 6.25384976291377e-09 5.49614896545534e-09 1.04639204986453e-08 5.23548811971406e-09 7.10015741099381e-09 7.46954186312649e-09 6.84524400615451e-09 6.15744849733781e-09 7.38062900151623e-09 7.55938167364817e-09 5.25542533899544e-09 9.08442042318586e-09 5.02676994652334e-09 5.40739284207544e-09 5.88657312142892e-09 9.03592116690629e-09 8.02568377970266e-09 6.50237181505758e-09 5.5779918438031e-09 7.29401028214763e-09 4.94698126102476e-09 9.26742997092065e-09
8.47382438364028e-09 4.97660366225267e-09 8.03487288799878e-09 5.1182291743927e-09 7.84506090368914e-09 9.14088741101955e-09 5.24592464590249e-09 5.42644581122056e-09 5.01734175907938e-09 5.86448681989936e-09 8.39213210584653e-09 5.69822126267147e-09 9.18653851358632e-09 7.28261909773133e-09 8.41201480210947e-09 8.19207748813258e-09 8.38346284610623e-09 1.0639489376586e-08 9.00429300581856e-09 8.26524684309689e-09 8.47220992244074e-09 8.01171527138871e-09 8.32203761410539e-09 7.7235088839982e-09 6.88521117015187e-09 8.16178431736805e-09 5.37761770528058e-09 8.35351963233168e-09 6.85404510327269e-09 7.52172946099498e-09 5.0962198635712e-09 7.76771437976001e-09 8.00522547920622e-09 6.3291101668638e-09 5.9615629288866e-09 7.87949814663124e-09 8.75392122067159e-09 7.34797398474413e-09 6.19939316315863e-09 7.40802973911743e-09 7.51800251222266e-09 9.92731117794064e-09 6.43000872493939e-09 8.37583333893486e-09
8.19142189272549e-09 5.74792111001668e-09 8.53766937254993e-09 8.05035484734287e-09 8.58516296493877e-09 5.38531615957484e-09 5.32715821046787e-09 7.92738412519572e-09 4.88013313754385e-09 8.55680689946232e-09 8.17089069827798e-09 8.88825547629794e-09 8.41339834114408e-09 7.42658167305228e-09 8.0177757954406e-09 7.6809427664241e-09 8.05485932063165e-09 5.06344052533439e-09 5.28828398391077e-09 6.58701222897913e-09 7.94877688744309e-09 5.12890083015592e-09 7.9972124771242e-09 8.17147275112311e-09 6.87804823941476e-09 5.22209983489174e-09 7.52766269745542e-09 8.15060746654877e-09 8.16328100165038e-09 7.32720464191865e-09 7.62098536951893e-09 7.27626107642566e-09 7.43150625424151e-09 6.94339554144317e-09 8.14929935084913e-09 4.98398340442847e-09 6.48314159413661e-09 5.5989966338513e-09 7.47832623815602e-09 8.83492996955772e-09 8.87456688001341e-09 5.60256207987035e-09 7.14806189927342e-09 6.22032543088908e-09
7.73500815059158e-09 1.13413059692944e-08 1.09879506521153e-08 5.21111164599978e-09 8.55206198928714e-09 7.8575888358325e-09 5.14160564512646e-09 7.52943132006643e-09 7.02841178578944e-09 8.43792523536105e-09 4.90038182690735e-09 6.89317863476998e-09 8.79774995422305e-09 8.96388093446296e-09 4.9911585633958e-09 9.65855255484053e-09 7.98956476766526e-09 7.31405813761241e-09 4.77618609200473e-09 7.74833301014262e-09 5.63802287972821e-09 5.17331942171563e-09 5.228522993307e-09 5.66239496235804e-09 8.19455385586536e-09 5.87100410466028e-09 5.88418139404771e-09 7.33987904401461e-09 7.29074954707901e-09 4.757017892309e-09 8.46240956595356e-09 7.6613667208985e-09 7.92626215955915e-09 7.62727585002171e-09 8.52433955258919e-09 8.77744178501718e-09 9.54798697783764e-09 6.9050657331426e-09 8.31911808040391e-09 5.71985145849329e-09 6.73194514785149e-09 8.73576068114649e-09 6.9276191458687e-09 4.41471460854176e-09
1.04043010669259e-08 7.95446898241123e-09 5.45734599297236e-09 7.18080140856084e-09 7.87696341671652e-09 8.32736056824491e-09 6.81411589005353e-09 6.19800702532579e-09 5.47152756480868e-09 8.80587185390389e-09 1.1637720991405e-08 7.19284912079882e-09 8.21532501237794e-09 7.98575839580382e-09 5.25044304803248e-09 5.39313801461756e-09 6.48945381732624e-09 6.08280381283744e-09 9.36652277011051e-09 6.21936153300221e-09 6.88271492105827e-09 7.7585423335921e-09 7.96263522955613e-09 5.48856561295826e-09 5.62285199218642e-09 8.23546968269673e-09 5.16187053337798e-09 5.81799562154743e-09 6.67337219854219e-09 7.56185053033428e-09 7.45205502767512e-09 8.04797339504279e-09 5.92819343371771e-09 6.80236023436379e-09 5.38540335699179e-09 8.83789923530053e-09 7.54076636944627e-09 5.41377329407692e-09 1.08132066094434e-08 1.01096542566584e-08 7.98681599462214e-09 8.49894089240792e-09 4.99888738390548e-09 6.96261688261222e-09
6.53797293030156e-09 5.81023520664993e-09 5.63875580819019e-09 5.44114764538378e-09 7.2489274654314e-09 5.99996455945988e-09 8.42625127595773e-09 5.79986516878369e-09 5.57586183979134e-09 5.56876356656587e-09 8.72178304068514e-09 8.37364237517174e-09 6.46393317901671e-09 5.14310072334523e-09 5.16944381186354e-09 9.01901286754624e-09 7.99799382541865e-09 7.43393984786597e-09 5.41187071859455e-09 7.8323443708684e-09 7.03053737634654e-09 5.37309578142345e-09 9.7245135065331e-09 5.69624270980943e-09 9.62906522169446e-09 8.97420801422347e-09 7.02601664002803e-09 4.89220549717388e-09 5.24934514954415e-09 7.6105803333575e-09 4.92328554355056e-09 7.97249276890552e-09 8.06847746060443e-09 6.86002029406407e-09 7.58656081520293e-09 8.49598857373351e-09 8.28770167481332e-09 8.47161649378785e-09 7.52265289523574e-09 1.02143422568759e-08 5.19799745740147e-09 1.02867053540697e-08 4.89392644407036e-09 4.57504410945712e-09
1.09499904446618e-08 6.0718562529725e-09 6.77765963327834e-09 7.31936784486707e-09 9.30333147692845e-09 7.07263263036721e-09 7.80666666596086e-09 7.59529823499143e-09 5.51298069858511e-09 4.95167649142167e-09 6.30527748246253e-09 7.3897467054038e-09 5.57266363316144e-09 8.41780000107828e-09 5.8365295423794e-09 6.56331408996307e-09 8.88390286706611e-09 5.22546950506954e-09 9.0209163857041e-09 9.070389354321e-09 7.3010707204877e-09 6.75896048961018e-09 6.91459318417891e-09 6.08800101135829e-09 6.29450514261969e-09 9.06037301105476e-09 5.78617442586216e-09 8.4522375268747e-09 8.55878808122907e-09 8.03712605348564e-09 1.02006933739316e-08 5.03885904067781e-09 8.01658667366972e-09 9.95978206709767e-09 7.62861831992237e-09 7.4200524542241e-09 5.26811112162678e-09 5.35122086955625e-09 5.5218103379987e-09 1.02665018382416e-08 1.03684573288378e-08 4.82178149346658e-09 5.74080859720564e-09 7.37016080077061e-09
8.70666514730106e-09 9.9981730175102e-09 5.38530686593876e-09 8.32591541631362e-09 6.39724323915842e-09 8.40446202988439e-09 8.79594024448524e-09 7.37762323146813e-09 7.48472299578456e-09 7.63853263921355e-09 7.69965050019692e-09 8.96052735235274e-09 7.85587467631643e-09 5.88494329527496e-09 6.76475850081006e-09 8.80301688887525e-09 5.1441132412183e-09 6.02963725798062e-09 5.60030395973319e-09 5.95763396115158e-09 8.86673291566224e-09 5.37157175578004e-09 1.03451319099262e-08 8.87848590905621e-09 8.18944589634257e-09 9.1076441328239e-09 8.69177704200241e-09 8.60526030672489e-09 7.98221006590476e-09 7.34106609281364e-09 8.97838367008262e-09 8.34953543087411e-09 8.77555470207462e-09 8.83046016120169e-09 8.47054627095196e-09 1.01670471671611e-08 7.74457158148849e-09 4.95971688291589e-09 6.15464948966088e-09 6.74731647885797e-09 9.5810480247859e-09 1.01197536489296e-08 6.90846978809944e-09 5.87725809498257e-09
9.1028757268993e-09 9.14022551627879e-09 8.10005197396449e-09 7.66787331217955e-09 6.05208272859896e-09 5.3790979558959e-09 7.81808721594409e-09 7.92393978606851e-09 6.87995317278074e-09 7.0761358138936e-09 8.35365398194156e-09 7.48738490649964e-09 1.10503426034692e-08 1.10450002015067e-08 1.10792774410785e-08 8.21700264206629e-09 5.07580292762122e-09 9.44375511880513e-09 8.75261254767418e-09 9.01383641590484e-09 7.89470263266865e-09 5.12136571262216e-09 7.46218659829549e-09 6.04164511154503e-09 6.45363221647842e-09 8.89019848482856e-09 8.27293098087608e-09 8.62416868839862e-09 6.42892328461607e-09 8.78402062603686e-09 8.35498878362695e-09 1.10732991586307e-08 5.40054334523219e-09 8.90096644687786e-09 5.09402878494338e-09 8.2972306789312e-09 6.19522273249036e-09 4.72260050824992e-09 8.76256031240689e-09 4.50286175786686e-09 6.76953229025979e-09 4.90370957746257e-09 5.1789282249203e-09 8.14505256642102e-09
