Validation points/white/Hypnale_spp-white.asc
NCOLS 267 
NROWS 469 
XLLCORNER 376490.070567719 
YLLCORNER 381033.488324056 
CELLSIZE 919 
NODATA_value -9999 
[rows 320 to 339 of 469, columns 176 to 219 of 267]
6.83175332869906e-09 5.62887404846112e-09 6.56799717463626e-09 4.67233569102988e-09 5.09223319994385e-09 7.03502152814852e-09 5.84745437825953e-09 6.61632619677598e-09 7.00616562395072e-09 4.47202908516738e-09 4.83977443916104e-09 8.83830132397899e-09 4.44101886843336e-09 6.77571173993693e-09 6.02354199731515e-09 8.81308521729082e-09 4.33979246905626e-09 4.41989570273367e-09 6.9316463863283e-09 4.32735819866521e-09 8.97708174270767e-09 5.47581250378644e-09 8.25980073922842e-09 8.81786521441806e-09 4.88378690093742e-09 5.45222716486288e-09 7.18773698713422e-09 8.60771528929906e-09 8.45368643752834e-09 7.71048206631152e-09 6.77770264875178e-09 7.47026865261021e-09 6.54026489335997e-09 4.91676656148071e-09 5.80566439615376e-09 5.49744591415647e-09 5.29890499390669e-09 4.93546735200688e-09 7.35295383455978e-09 5.08483566517187e-09 6.202451592601e-09 8.17841052616667e-09 9.56851287003602e-09 7.3102441761065e-09
5.78135075895338e-09 6.93158670633775e-09 7.62046604809513e-09 8.05042881565201e-09 7.45902598144133e-09 4.36391759912076e-09 5.76849545792996e-09 6.98649021853581e-09 7.84645972474841e-09 7.52017054768864e-09 6.33798886234755e-09 4.12389069572014e-09 5.23225039253985e-09 4.2372434791916e-09 3.76831544566907e-09 8.78191352340565e-09 3.67524953128541e-09 3.55509840920663e-09 6.76300515912263e-09 4.69178563953807e-09 7.0260855711599e-09 4.76219825831976e-09 1.0191813182291e-08 7.31042175432436e-09 5.36672007397966e-09 9.97158743331437e-09 9.9947563144902e-09 8.85407035076295e-09 8.35733510375157e-09 5.02827717208932e-09 7.2501950580527e-09 1.01463307124247e-08 9.92061716935454e-09 4.36530812191699e-09 4.38242104555439e-09 4.24501962078875e-09 5.17232170319705e-09 6.98955836668559e-09 4.81739596826199e-09 5.85871049130684e-09 8.42303984333969e-09 7.45834768224162e-09 7.13591121384053e-09 7.28492208888587e-09
5.48878806995614e-09 7.15097257566572e-09 5.57491430400008e-09 7.66479521080188e-09 9.87726779384681e-09 8.61120633769279e-09 4.66872040892839e-09 7.84038184160839e-09 7.81697887228451e-09 6.39601535535824e-09 9.29046664568736e-09 5.0449531681409e-09 4.43930414371697e-09 6.27758606084579e-09 6.97297911348859e-09 3.72475515469936e-09 3.44775106603513e-09 5.32138000453706e-09 7.22930019315438e-09 7.2890172209371e-09 3.92032310618018e-09 6.81445138420632e-09 4.89481438592346e-09 6.50951695107632e-09 5.49178827005609e-09 4.59765995631773e-09 7.00781424044515e-09 7.58577050540668e-09 6.11607534723948e-09 4.6241787519669e-09 5.91929231195744e-09 1.00771464816123e-08 4.5383841535453e-09 4.663301561835e-09 6.49380934007541e-09 4.43449278740071e-09 4.46409664162896e-09 4.47267936168589e-09 6.7500669373078e-09 6.59766394115622e-09 7.41688349765185e-09 5.14357979613022e-09 9.41348664184687e-09 7.1602651040176e-09
4.03087631998525e-09 7.96776203571686e-09 3.91424812397375e-09 5.61728036719068e-09 6.63136250760575e-09 4.79335059354482e-09 6.63833002467622e-09 6.97626734275212e-09 7.45380683519715e-09 6.70658232920719e-09 6.96258147279988e-09 6.27490660739704e-09 8.03316714983324e-09 7.11657804532814e-09 6.50754282609124e-09 4.96771686803244e-09 4.92467708921817e-09 9.36767209856602e-09 6.72598811284586e-09 8.22022351494927e-09 5.09932126569524e-09 6.38944841010703e-09 4.76774143547376e-09 5.04108879264982e-09 7.55716080105472e-09 8.27511829374939e-09 8.30965924478185e-09 7.00205737455883e-09 6.23722463995088e-09 7.59387958961386e-09 1.00374088570483e-08 4.58722109959026e-09 5.14853688129302e-09 4.59272237340758e-09 4.95027935728258e-09 7.4027595202336e-09 7.27706683625805e-09 9.4091938065724e-09 4.66491225919975e-09 4.63346873041894e-09 7.93744832840932e-09 5.39072459208892e-09 7.78738777267685e-09 7.80579873987812e-09
4.62808742580778e-09 4.71998191929115e-09 4.96823164011006e-09 3.89603449099141e-09 5.24916644539536e-09 7.85831907268561e-09 5.74423995166272e-09 6.34485207344325e-09 7.68442641052989e-09 4.52750482169933e-09 7.83453787607667e-09 6.44427181864149e-09 6.75772325858348e-09 5.10376126128703e-09 3.94776514552731e-09 4.34027857546744e-09 7.23966301754909e-09 7.4946862667524e-09 7.21897636294618e-09 5.16631450884599e-09 4.4947236105082e-09 4.3337687017641e-09 4.46006881181106e-09 4.96689306179596e-09 8.15011381998395e-09 8.39164608010361e-09 4.36299456989994e-09 6.85219510990536e-09 4.72345101216493e-09 9.94692609016025e-09 4.96241346987259e-09 7.28143040214947e-09 8.07077512876566e-09 7.45986401563538e-09 9.75498297411052e-09 6.20587680081296e-09 4.99953182182716e-09 4.82352597167736e-09 8.40746053902955e-09 5.27432638081472e-09 9.1770272771286e-09 4.69351749133049e-09 7.34961300357385e-09 4.99662850573844e-09
8.44712950493312e-09 4.51558914793659e-09 8.95932275965853e-09 4.04992124643649e-09 3.25875041278403e-09 6.22909211644097e-09 7.90155537715499e-09 4.9107542266405e-09 8.06189194444497e-09 5.13083430828894e-09 4.44781523080891e-09 4.97554520414217e-09 7.166189633953e-09 6.01881949600676e-09 6.43598833293623e-09 4.81083513056502e-09 3.82941612804182e-09 2.96923878688689e-09 6.0448346401258e-09 5.22978567417917e-09 3.24643196652916e-09 3.92646456690192e-09 8.82547246467954e-09 9.81171428955828e-09 5.88467895819181e-09 5.9147011607696e-09 6.53057399491457e-09 6.37588035916444e-09 8.48110189129628e-09 7.29285929925615e-09 4.30917466686323e-09 6.20358915179144e-09 3.91882416428596e-09 6.56953371458757e-09 6.80795437128988e-09 8.09383451892312e-09 4.95616892854616e-09 6.39934232163591e-09 4.68605929653261e-09 7.78248946601706e-09 9.82208860442229e-09 7.60227360611621e-09 5.29487620064946e-09 5.06998481644655e-09
7.61234564385716e-09 5.25637293202325e-09 7.56525308521603e-09 3.67705210439143e-09 8.10686222108207e-09 6.92935643847933e-09 9.63620502843722e-09 8.16263283157363e-09 7.86359440851176e-09 4.5308528699884e-09 5.1398857146231e-09 5.55901104366506e-09 4.82058600943388e-09 4.47518680175648e-09 3.97394335904391e-09 4.42409816765446e-09 4.54399154065879e-09 6.22797985186244e-09 3.44448417575131e-09 3.53610230465628e-09 2.69952740200978e-09 3.70144783042529e-09 8.51556611986633e-09 6.72333323901804e-09 9.45913687304298e-09 4.82470812967868e-09 5.57457184037058e-09 7.52135712044144e-09 4.15269433344091e-09 6.41041976688365e-09 9.24133935862034e-09 6.24863272854646e-09 6.6681021401202e-09 6.36208504822897e-09 6.68104995782332e-09 6.60255937424654e-09 7.65221943483048e-09 8.83892980666139e-09 6.85681366504042e-09 7.69692746020288e-09 9.99542228529421e-09 8.16231090403289e-09 5.5489493973239e-09 6.80168434855856e-09
7.28878248565319e-09 3.822852873067e-09 8.45938418235692e-09 7.52794962316654e-09 4.38057689264363e-09 8.27024469715825e-09 6.51814379316191e-09 5.14393610418083e-09 5.98792828891903e-09 6.24366037315264e-09 8.32664852783739e-09 1.15864131576698e-08 7.04999694311725e-09 6.25204212142477e-09 4.84036941438597e-09 9.13465626918757e-09 7.57955320385644e-09 6.79374259271964e-09 3.0220424898798e-09 5.8640258315208e-09 3.0758874581711e-09 5.53527415535307e-09 4.81964352995748e-09 9.8161877700166e-09 5.05272125194795e-09 4.87604030023842e-09 7.63347623969759e-09 9.31225357685529e-09 8.5201925104135e-09 5.79163389981674e-09 9.92912080275604e-09 9.72544587182401e-09 9.47384464341857e-09 7.02566107007468e-09 7.3128269928938e-09 6.83194193038574e-09 4.00320608046344e-09 5.13873717331431e-09 5.66976548993479e-09 5.14132006092986e-09 6.4953154014381e-09 7.29601511503778e-09 9.60192026977964e-09 4.19193723185948e-09
9.41573889170206e-09 5.04557249371733e-09 7.76864884386485e-09 2.98066899170677e-09 3.26803002341161e-09 6.13200047967839e-09 6.35765490318371e-09 4.36786555512515e-09 4.25932113257169e-09 4.62519376494419e-09 9.23272863346616e-09 8.11276941037853e-09 7.27656464733621e-09 7.616021166969e-09 6.14899602865437e-09 6.87194242483242e-09 5.18201146186762e-09 5.86708482750439e-09 3.71993596066907e-09 6.30705348539285e-09 7.82805683685693e-09 4.38562559184326e-09 9.90739355414558e-09 7.58382204811477e-09 4.34726928035882e-09 8.19685220356835e-09 6.58523078611149e-09 6.62772783146779e-09 4.60998958182489e-09 8.24676667735914e-09 5.61140455677452e-09 6.85260312955803e-09 6.87550700735176e-09 5.0917832948321e-09 7.98760481738683e-09 9.17451783018542e-09 3.83233365776882e-09 3.95378972289027e-09 4.08852841650291e-09 5.04608697631788e-09 7.11150716994295e-09 7.94071025114338e-09 7.03598791977309e-09 4.59740033457072e-09
4.61144146309011e-09 7.34075643977565e-09 6.73152088921285e-09 4.13264204873565e-09 4.2190027403383e-09 3.80763362456982e-09 4.02095705372875e-09 4.35889946131193e-09 8.20641481310365e-09 6.56054053659183e-09 4.9236054372197e-09 1.017132842133e-08 5.14472998644163e-09 4.37728420437733e-09 7.69554200659871e-09 4.67573044777318e-09 3.53260125816966e-09 4.46601748377166e-09 3.82467939176212e-09 4.5937339152458e-09 8.97055387934927e-09 4.93695537570047e-09 6.73915581360256e-09 6.99760442164026e-09 4.80647345025894e-09 4.79660094345811e-09 4.6393994897692e-09 4.62714401957319e-09 7.92855275417305e-09 5.18477774409625e-09 4.85767358482397e-09 6.1244495935247e-09 8.51375750605833e-09 7.49419668938624e-09 4.69724992344098e-09 8.69825527892071e-09 4.44008250534821e-09 6.3648599353645e-09 6.61522962988708e-09 8.65708514854226e-09 4.29427607874846e-09 8.51981934787262e-09 5.0374364256512e-09 6.28683754480997e-09
9.60229063199557e-09 1.01460248335582e-08 8.0850632016564e-09 6.41268110995003e-09 5.59454577281709e-09 9.01498305687078e-09 6.65653275176004e-09 8.87855538884069e-09 8.88728000657879e-09 4.69276668846362e-09 7.15387649001622e-09 5.32331568425469e-09 9.26759601583794e-09 9.04122931990812e-09 6.43116380985741e-09 8.77117388925866e-09 7.59782959669096e-09 3.5012335275188e-09 4.33670711573272e-09 6.54097186659419e-09 5.70950478270938e-09 6.76653005389167e-09 5.01095354529521e-09 6.04662640573741e-09 5.95275498234821e-09 5.9286947131564e-09 7.1347165108328e-09 4.795199844773e-09 6.72029649628935e-09 4.2930712494795e-09 4.65009258886407e-09 4.90312343263943e-09 7.39214680105285e-09 8.9857292874653e-09 8.49791012330542e-09 5.16199953766794e-09 9.17369838424452e-09 7.21627067062803e-09 6.26718720907208e-09 8.2743535316507e-09 8.03594030619593e-09 1.0083503886766e-08 1.06979012289829e-08 5.88873525657758e-09
5.7365364650236e-09 8.05119991226337e-09 7.98685032150703e-09 8.14084498799725e-09 7.53636270000939e-09 5.04385127019856e-09 7.68038107340449e-09 4.73581761465035e-09 7.66926509541062e-09 4.87404928665279e-09 5.16047265848006e-09 6.82755028777079e-09 4.79207881708343e-09 4.87994794388794e-09 5.43887973319887e-09 5.01747216215156e-09 6.86274038803033e-09 8.98126476821948e-09 7.64235830994133e-09 7.64102582239977e-09 8.26273798503966e-09 4.66500524967167e-09 4.0100341460263e-09 4.34218143467091e-09 4.68042457224148e-09 7.17053565643896e-09 7.82580606986753e-09 9.03333134722408e-09 9.55883079725524e-09 6.23238426626769e-09 6.36218384662581e-09 8.24776729418258e-09 4.62499473033366e-09 7.03843259375e-09 4.54048605237149e-09 4.48773839449836e-09 7.64591001798971e-09 8.26220009360326e-09 6.44400169038815e-09 9.42926198457597e-09 7.2494035304314e-09 6.53202573184737e-09 7.51126507982764e-09 4.46827728701095e-09
5.28431644623868e-09 5.25250719605517e-09 5.81724608839387e-09 4.65656401217655e-09 9.96028352574358e-09 7.05491753607315e-09 4.77971013102831e-09 6.82461475704956e-09 7.3999860993399e-09 5.07221091737838e-09 4.75248530852168e-09 7.01814888433708e-09 7.60104134148763e-09 8.13029856718732e-09 8.06303822789405e-09 5.98396886596576e-09 7.12970265076138e-09 7.42941533874976e-09 4.0637043942686e-09 8.0080436018793e-09 6.36750651798051e-09 5.46273538030727e-09 6.87315903881403e-09 7.78619978525337e-09 8.38848925007408e-09 8.09537358778482e-09 5.20822999751093e-09 4.04826064322496e-09 9.56829056303864e-09 5.11537052480982e-09 8.71935776906524e-09 9.22569493336517e-09 7.43097726212713e-09 4.78534705874253e-09 5.1994438133974e-09 4.87140363738442e-09 5.83327622990834e-09 7.41288861367769e-09 6.69056533203489e-09 7.51846573406476e-09 4.23612031485366e-09 7.83240231479392e-09 5.14935067832227e-09 7.68884761345487e-09
8.12005999861703e-09 4.30684535255414e-09 3.88805552086796e-09 8.95424151210213e-09 9.81412549739412e-09 4.60165801310356e-09 7.42391212939798e-09 9.85884655005059e-09 1.00332523589483e-08 1.01858519596395e-08 9.32101318805779e-09 4.11089468771032e-09 6.89031447824084e-09 7.30216646537336e-09 7.00886447239026e-09 5.33080062547612e-09 8.1223587106933e-09 9.38726468834718e-09 8.61802821993584e-09 4.38637362833577e-09 9.7602576675389e-09 8.54155533615543e-09 4.50805249133458e-09 7.26200403697434e-09 8.37146114384443e-09 5.39816647021364e-09 5.65833146674596e-09 9.57003077042817e-09 9.50000895639892e-09 7.08276139599437e-09 9.39361436668496e-09 9.9128246903692e-09 9.55275346966314e-09 1.01109101316248e-08 4.99349770521281e-09 7.64923418191861e-09 9.0540364417494e-09 4.19937396379652e-09 6.37010360966324e-09 6.86059585841567e-09 7.30030755152584e-09 1.12911500037135e-08 8.48931183557011e-09 6.47028602953968e-09
7.04186558310376e-09 9.60378876965597e-09 9.66426378946574e-09 5.32346223580356e-09 6.17675269996483e-09 1.08595766398981e-08 4.91378118416471e-09 7.41771001011044e-09 7.68308844236816e-09 4.99875726021424e-09 5.33786294573039e-09 4.66908512272431e-09 5.32066800002702e-09 7.65944972202587e-09 6.79055052677822e-09 6.26574631368585e-09 7.06141054977255e-09 9.99992717967922e-09 4.31670483648304e-09 6.5995523881239e-09 4.87692712389347e-09 5.65059045856208e-09 9.1389669444482e-09 4.37807084189821e-09 6.65921321022592e-09 4.63235325068019e-09 4.72693048580588e-09 9.86272590069047e-09 4.76861012312165e-09 5.11987749554267e-09 5.00950799035373e-09 9.86096247240214e-09 9.20527463385491e-09 7.86596155499493e-09 6.8050792512546e-09 5.92235714546699e-09 7.64457714739283e-09 4.65887014484462e-09 5.92891039189817e-09 4.16568212365948e-09 7.34733670931526e-09 5.41023600919266e-09 1.14236167276064e-08 5.12484525756508e-09
4.99971321303473e-09 1.02176575449186e-08 9.83458214391527e-09 8.97732915662696e-09 9.48357348869213e-09 1.10323322995755e-08 5.38007239607785e-09 1.18435576751042e-08 5.76574899136512e-09 1.11995911473973e-08 9.7524921420004e-09 7.22977190788968e-09 4.83484957703388e-09 6.01480165787883e-09 7.35607312302354e-09 4.40438426496074e-09 4.70778560840137e-09 4.50861172464705e-09 9.30702021298057e-09 6.15488258876607e-09 4.48295164123022e-09 4.55626033521489e-09 8.61774225897882e-09 5.21815138703312e-09 9.43865929221386e-09 7.78019732089811e-09 6.15455243043994e-09 7.39424275109246e-09 6.23376765331185e-09 5.055024182956e-09 9.70789115187023e-09 8.24018761206876e-09 5.39867372158405e-09 7.75399918852704e-09 7.79936278573846e-09 7.3531500532958e-09 8.55344003520747e-09 6.48724504340276e-09 9.47505558956301e-09 4.30839738984425e-09 5.00921473164481e-09 6.76267626234313e-09 7.35869486029296e-09 4.20233907863216e-09
7.62984998859878e-09 5.20916916655895e-09 4.9781322452887e-09 8.18190409204133e-09 5.97932347017134e-09 6.06505213349749e-09 1.08703201605764e-08 1.07753326899455e-08 5.14150756477832e-09 1.01431113956668e-08 9.69491401098127e-09 4.87586616600382e-09 6.97095954276512e-09 7.73010593593976e-09 8.0742139945439e-09 8.94282051196445e-09 5.4984034460164e-09 9.81323900714953e-09 9.96570423132227e-09 4.81712995668909e-09 5.36181192940701e-09 8.60533127046255e-09 6.61814885784422e-09 9.41825880574717e-09 4.42213628643324e-09 9.05544156826363e-09 4.83805447582107e-09 8.87799788032521e-09 4.56292674379165e-09 6.46115892360589e-09 6.48442807308784e-09 8.94602352998432e-09 6.41074088946985e-09 4.34872659531388e-09 4.62245043537061e-09 6.4074094170461e-09 7.10367127823158e-09 8.18469823239836e-09 6.17305592872983e-09 6.45617942988058e-09 7.72429711900358e-09 6.19875639282295e-09 9.12928346989067e-09 9.09102481620669e-09
7.34381335531349e-09 4.88044281375834e-09 8.2835274451187e-09 5.08181976889272e-09 8.10671342166082e-09 1.07347032290933e-08 1.08620322222384e-08 9.83306760562129e-09 1.00631640241191e-08 1.0106722258384e-08 7.02444113620755e-09 9.0019194847892e-09 7.33796751647867e-09 6.93624972923879e-09 5.21928913316679e-09 8.5989143006622e-09 9.62342744977132e-09 5.65566743302695e-09 5.04186068682535e-09 5.90088170999224e-09 5.1469876514764e-09 4.26358222526257e-09 9.84532054285856e-09 7.167506168282e-09 4.49636770622843e-09 9.01448711913333e-09 5.35454854937805e-09 7.79200317362991e-09 7.12617185083113e-09 7.11958636033679e-09 9.255822984907e-09 9.64582675835693e-09 9.53816555251758e-09 6.8993362174365e-09 4.73094971946565e-09 8.62316313756445e-09 4.69754331448698e-09 7.44459493212792e-09 4.90124631227519e-09 9.0125410398796e-09 1.07764933903572e-08 6.41759184626037e-09 1.1298679191496e-08 1.06723090315696e-08
7.95674082065711e-09 6.73964106804734e-09 8.20615982610003e-09 5.04968692843972e-09 5.87391964688014e-09 4.80249355250325e-09 1.06248501893563e-08 5.40197689224601e-09 8.71029811956911e-09 4.84873942186546e-09 9.72638911887491e-09 8.75569885526022e-09 5.61201348495468e-09 4.98183728474903e-09 4.84522728321291e-09 9.03422544931149e-09 9.76466073481921e-09 9.80347552147189e-09 5.26060537686825e-09 4.9290080840915e-09 5.63374723800522e-09 5.26857021218136e-09 9.12547679951359e-09 9.59675322491788e-09 8.41964681064155e-09 6.18961895190364e-09 4.74072907055639e-09 4.94662056987175e-09 6.69105743428296e-09 4.68917232001132e-09 7.57519479903546e-09 5.17902466736878e-09 8.39430751626499e-09 5.40037434246608e-09 6.31008138880375e-09 6.52010221523528e-09 4.81126675688152e-09 7.97626729694612e-09 9.02279683057894e-09 5.69191163199367e-09 9.4503697157778e-09 1.11195212198147e-08 1.10825177879563e-08 1.13838404874127e-08
5.02767785514592e-09 5.34607148266045e-09 7.43003839729837e-09 5.39113865995882e-09 6.23196212401564e-09 4.6931130313831e-09 5.17627415817275e-09 3.55359085869623e-09 6.42038882148004e-09 5.31225632605494e-09 6.06692930714825e-09 8.57965151556969e-09 6.30800602454655e-09 4.87732381498785e-09 8.84878461428122e-09 6.43216044383212e-09 5.04679093842667e-09 7.00763243211412e-09 6.25660968820748e-09 4.54536755016891e-09 4.80752226730912e-09 8.04923591667267e-09 4.13708254042215e-09 8.97679359393199e-09 6.37039024854817e-09 5.05926929575293e-09 4.78381628089036e-09 5.92336747949401e-09 5.03634026261158e-09 5.08061456974905e-09 9.97048968707653e-09 4.66175483769154e-09 5.1941948618109e-09 9.82807344013991e-09 6.84649651053949e-09 4.19789659459621e-09 4.82666064795103e-09 7.28010910085587e-09 5.04470544517297e-09 8.57463744549871e-09 7.40341908276499e-09 5.04199288389031e-09 9.7611611539056e-09 6.95353147633739e-09
