Validation points/white/Hypnale_spp-white.asc
NCOLS 267 
NROWS 469 
XLLCORNER 376490.070567719 
YLLCORNER 381033.488324056 
CELLSIZE 919 
NODATA_value -9999 
[rows 440 to 459 of 469, columns 132 to 175 of 267]
4.35628325356311e-09 3.89923846778953e-09 3.41439384070842e-09 3.56807452956628e-09 2.51417806861668e-09 2.18710523667496e-09 2.34156141166052e-09 1.52825320139971e-09 2.03485634159639e-09 2.20771975200715e-09 1.91526568805388e-09 8.33039613850298e-10 1.49031873016099e-09 1.38968953426252e-09 1.18084947426303e-09 1.15224273237643e-09 6.08134940719898e-10 5.6015594385208e-10 5.16998214542828e-10 1.00178568570985e-09 9.73523424782586e-10 9.01872738154885e-10 6.7128053167361e-10 4.88244791170397e-10 8.91811214849266e-10 1.04263173970752e-09 1.16105592352114e-09 1.10812132542697e-09 1.00637487244406e-09 1.0054319123546e-09 9.93150767746976e-10 1.03508584304178e-09 1.16749974319228e-09 1.07970651971359e-09 1.1095105636157e-09 7.52229848199711e-10 1.19206165768675e-09 1.56287871743212e-09 1.27029015388223e-09 1.34287858143524e-09 1.34758310912411e-09 1.45603343661636e-09 2.08834597244107e-09 2.47780563296219e-09
4.66693532571315e-09 5.20304186806684e-09 4.35490638704525e-09 2.15713319351033e-09 2.16522284076884e-09 3.77888002765984e-09 3.13104145141884e-09 2.63201186538086e-09 2.25972981145785e-09 1.96652447629311e-09 1.61168515806092e-09 1.51123699602679e-09 1.40731061131283e-09 1.32041419232525e-09 1.31539190488987e-09 1.26153033312011e-09 1.20766218452118e-09 9.72469385789957e-10 9.83436286089018e-10 1.0349902941318e-09 1.06669753605721e-09 9.18092346668201e-10 4.47781747405927e-10 8.05096419955146e-10 7.91082813148479e-10 8.44051297592086e-10 4.54020402043312e-10 6.09520429696028e-10 9.63715994152822e-10 1.04740302402193e-09 6.92787893885608e-10 6.77553368417031e-10 1.03233312624729e-09 6.18165082410197e-10 1.20392503552687e-09 6.31520408298187e-10 1.11729187246705e-09 1.07471540824502e-09 1.09017940180486e-09 1.20749726865861e-09 1.27016958760896e-09 1.73307834199825e-09 1.73164720634379e-09 2.13888818935161e-09
5.16854385356521e-09 2.77052588070396e-09 2.32267369300574e-09 2.14462179002266e-09 3.69575849707256e-09 3.9277950531977e-09 2.98405305072245e-09 2.41507784467124e-09 2.46625704613608e-09 1.27368401732611e-09 2.13237184949656e-09 1.3299910580439e-09 6.62127851660715e-10 1.16868016346784e-09 6.05720836338975e-10 6.12637722648097e-10 1.18702510411802e-09 1.26234169771787e-09 1.12398908525275e-09 7.32689703214711e-10 9.69820587187314e-10 8.98427536329939e-10 8.59849550016504e-10 7.75095704229334e-10 3.66355917101509e-10 5.004323424983e-10 8.92033320419473e-10 8.66349185180507e-10 1.04952250302444e-09 1.4603483650535e-09 1.6887361191556e-09 1.47811350939816e-09 1.1709416406752e-09 1.1188778686701e-09 1.14403262252262e-09 1.20464761563172e-09 1.36005461981753e-09 1.31793747750876e-09 1.47117951493789e-09 1.31859206275648e-09 1.21711263118445e-09 1.24905256568355e-09 1.40430907966413e-09 1.59174083460186e-09
2.59396752190622e-09 4.04186572560189e-09 2.25428110221243e-09 2.11856092299614e-09 2.9367178675923e-09 1.62449927856454e-09 1.98175399254614e-09 9.78997493450147e-10 1.63031657186216e-09 1.97482383547409e-09 2.10555836031295e-09 1.46348906039588e-09 1.26861888616228e-09 6.34182286298058e-10 9.56405236318792e-10 6.50037736238856e-10 1.10350290951555e-09 4.88440418895653e-10 7.0671298682611e-10 5.02924135157915e-10 1.02803621756745e-09 9.12287399464191e-10 8.28784579255206e-10 5.20318691330747e-10 7.94625784175355e-10 7.51652985846142e-10 5.65841722084154e-10 1.12486452062574e-09 9.61159718212237e-10 1.01070493656746e-09 1.44213840243045e-09 1.56252111728806e-09 1.39116061826938e-09 1.28941012303737e-09 1.39972880779944e-09 1.30320238634612e-09 1.29896917182369e-09 1.08703454618141e-09 1.33607832203957e-09 1.22958785250022e-09 1.1172580960549e-09 1.42347522424202e-09 1.59044939021337e-09 1.58683138709942e-09
2.97721894254697e-09 2.87900486639817e-09 2.84697121903167e-09 1.55473890295482e-09 2.13279682792203e-09 3.1547651017788e-09 1.82125723509955e-09 2.07537614415121e-09 1.64370241093136e-09 1.62627491140837e-09 1.64485259982919e-09 8.48998816657783e-10 1.18510769081768e-09 5.70602157707863e-10 1.22839069509353e-09 1.31670275791278e-09 1.15394139764563e-09 4.88168268417466e-10 8.97753828129685e-10 8.19865074837307e-10 6.71516740877927e-10 9.36661823554961e-10 7.70811155339461e-10 4.51279745228487e-10 8.52487146171424e-10 9.09070154833089e-10 7.51333080509504e-10 7.50792469201866e-10 5.92571872595849e-10 1.37888037350578e-09 1.35455261066627e-09 1.57697932788567e-09 1.39237028981984e-09 1.25283115529057e-09 1.23119039941185e-09 1.4725152776639e-09 1.56520667274269e-09 1.14168676141601e-09 8.28025640256968e-10 1.16367789271239e-09 1.2017875696152e-09 1.63159097155953e-09 1.88225672475975e-09 1.88947915032972e-09
2.25933018226199e-09 2.14271735895647e-09 2.79453734103501e-09 1.69673026498385e-09 1.45035200290361e-09 1.46593657721543e-09 2.0347318683176e-09 1.54537774500679e-09 1.52651984053429e-09 1.70248956265211e-09 1.59947668473958e-09 1.74479897484151e-09 1.12184081532273e-09 7.3787080908451e-10 1.15775929376542e-09 1.37816968266572e-09 9.20293699472632e-10 9.66004418764337e-10 9.68559379530817e-10 9.65913553166387e-10 8.54851563560483e-10 4.53297183406012e-10 7.63745195231771e-10 7.11787790143729e-10 7.33728369553633e-10 5.13842896490637e-10 6.39193985435116e-10 6.0692802268332e-10 5.17848463450998e-10 9.51737842788239e-10 8.09469395371682e-10 8.92443835033518e-10 8.66201729867898e-10 7.43497062838553e-10 7.96902058620404e-10 9.59245784379075e-10 1.15667141250704e-09 1.26210545086031e-09 1.16447179030604e-09 1.29230195270905e-09 1.55021592387196e-09 1.8631955230703e-09 2.00141783179827e-09 -9999
2.10302239816033e-09 3.60074221787635e-09 3.21387208053876e-09 3.06026303672321e-09 1.21813090230466e-09 2.20414994557622e-09 1.55798803291141e-09 1.5742469195355e-09 1.38829203154141e-09 1.62245232324224e-09 9.03077662671257e-10 1.63573890219941e-09 1.13524422477982e-09 1.0410739015572e-09 1.12641153797317e-09 8.38241894076521e-10 7.24196595098717e-10 1.21692709635174e-09 9.50773974060129e-10 6.89769693735432e-10 4.42937618499147e-10 7.87948117695355e-10 3.68325705654237e-10 3.75516131214868e-10 6.79513162612205e-10 6.57022348949297e-10 4.4828907202432e-10 6.24306853594661e-10 5.12513677150992e-10 6.71131170030888e-10 3.32983431276256e-10 8.39258084803557e-10 7.40680176258619e-10 7.23165888298055e-10 3.64071779115729e-10 7.63866837010467e-10 1.00176467478095e-09 9.07106185155733e-10 1.00326866706974e-09 -9999 -9999 -9999 -9999 -9999
2.93381439793751e-09 2.30071010442539e-09 3.03492246717769e-09 1.38570932734684e-09 2.50748224144833e-09 1.46957824466539e-09 1.77311734692752e-09 1.14191973619384e-09 1.43490921906056e-09 1.58929402016974e-09 1.13880996510358e-09 7.55743828387403e-10 1.17440917525554e-09 1.17053203848882e-09 5.57144102654309e-10 1.05892690473373e-09 7.63620046335738e-10 1.18695101707857e-09 1.10531551889137e-09 8.92373091856977e-10 7.87888288910881e-10 7.77067454331603e-10 7.08995729353395e-10 3.15159628051444e-10 6.15416284885577e-10 3.00050264838554e-10 6.63649703952763e-10 3.2426256608527e-10 7.26790927614379e-10 6.69991069132062e-10 6.27609123091188e-10 -9999 -9999 -9999 -9999 -9999 -9999 -9999 -9999 -9999 -9999 -9999 -9999 -9999
2.28396211227821e-09 1.94373265151162e-09 2.66856619055288e-09 1.7608184800797e-09 3.23263831702023e-09 1.35819555525496e-09 1.07605325167201e-09 1.34314419377825e-09 1.5348406208755e-09 8.16229621096947e-10 5.87561068243819e-10 1.08482617442002e-09 1.27815882695822e-09 6.64685979526722e-10 1.02917220878085e-09 5.36986440111897e-10 5.73335006028428e-10 1.05744651603275e-09 9.6804433129388e-10 3.67128796695007e-10 6.57711254130968e-10 3.64035292486327e-10 6.86710863238509e-10 3.30358073733961e-10 6.54538335335652e-10 8.16822300597341e-10 6.99936395837836e-10 3.50488242888005e-10 7.96663336995569e-10 -9999 -9999 -9999 -9999 -9999 -9999 -9999 -9999 -9999 -9999 -9999 -9999 -9999 -9999 -9999
4.1214851017032e-09 2.7169478063873e-09 2.60095180417256e-09 3.14272721131711e-09 1.92331753884074e-09 1.12014360797145e-09 1.16318166388945e-09 1.83936177768355e-09 7.46262440452371e-10 1.37841459142484e-09 1.02428144211595e-09 9.64887978393812e-10 5.44955441964764e-10 8.96202212723576e-10 9.09888491383023e-10 4.25638088949951e-10 8.13664316268413e-10 4.79023508500503e-10 5.82881196004299e-10 7.99903324233435e-10 8.88171594155372e-10 6.57510867669668e-10 5.08567325728876e-10 6.49994323001814e-10 5.65322293155828e-10 8.05710235089723e-10 -9999 -9999 -9999 -9999 -9999 -9999 -9999 -9999 -9999 -9999 -9999 -9999 -9999 -9999 -9999 -9999 -9999 -9999
1.75931911133811e-09 1.75096319687659e-09 1.46702704907094e-09 1.62966159834852e-09 1.12880092760977e-09 8.83581884572362e-10 1.31794962285252e-09 1.02321146925636e-09 1.67288355096362e-09 8.94039558043844e-10 6.49656254777303e-10 9.48706085455703e-10 4.41399549476262e-10 8.90739730994714e-10 8.51572701974331e-10 8.79322869207792e-10 8.20024422009351e-10 6.9208282488045e-10 5.25930997600402e-10 8.48375264685064e-10 1.07971605162071e-09 1.07863387680057e-09 -9999 -9999 -9999 -9999 -9999 -9999 -9999 -9999 -9999 -9999 -9999 -9999 -9999 -9999 -9999 -9999 -9999 -9999 -9999 -9999 -9999 -9999
2.88076036915697e-09 2.41698685984403e-09 1.33536784612456e-09 1.46689814360534e-09 1.16263641026383e-09 1.29641564668002e-09 9.13259146263682e-10 1.26582557271625e-09 1.68620774771668e-09 1.95956718276791e-09 1.62588255133726e-09 9.66139449432828e-10 6.29496044983818e-10 8.41349208659071e-10 8.38609549312884e-10 5.74685185495757e-10 1.15757837584386e-09 6.44924713501214e-10 1.11024817577952e-09 8.47842033915871e-10 -9999 -9999 -9999 -9999 -9999 -9999 -9999 -9999 -9999 -9999 -9999 -9999 -9999 -9999 -9999 -9999 -9999 -9999 -9999 -9999 -9999 -9999 -9999 -9999
2.41824473476235e-09 2.96261113599777e-09 2.59771983425953e-09 2.9250076021083e-09 2.23726618158038e-09 2.037870024835e-09 2.08338774027253e-09 7.78584851237933e-10 8.647401362015e-10 2.08402370359665e-09 1.38620594825979e-09 1.29211301208652e-09 1.18392703009472e-09 9.40379231504098e-10 8.30049720798328e-10 1.1014068536727e-09 -9999 -9999 -9999 -9999 -9999 -9999 -9999 -9999 -9999 -9999 -9999 -9999 -9999 -9999 -9999 -9999 -9999 -9999 -9999 -9999 -9999 -9999 -9999 -9999 -9999 -9999 -9999 -9999
2.06330586436293e-09 1.60720337579968e-09 1.6190704297204e-09 3.00023103247908e-09 2.35138306513219e-09 1.115188961152e-09 1.90584940547917e-09 2.06973177505856e-09 1.87542287254801e-09 1.19414270499123e-09 1.76912873065074e-09 1.67994478030305e-09 1.53508087781589e-09 1.38714751361105e-09 -9999 -9999 -9999 -9999 -9999 -9999 -9999 -9999 -9999 -9999 -9999 -9999 -9999 -9999 -9999 -9999 -9999 -9999 -9999 -9999 -9999 -9999 -9999 -9999 -9999 -9999 -9999 -9999 -9999 -9999
3.91321419967976e-09 3.3184660576368e-09 3.33852497977439e-09 1.60349345287425e-09 2.68678208609395e-09 1.5582085561327e-09 1.46545836642576e-09 1.08999275508624e-09 2.09849158478101e-09 1.82532537952775e-09 1.80908433100137e-09 -9999 1.15933004173828e-09 -9999 -9999 -9999 -9999 -9999 -9999 -9999 -9999 -9999 -9999 -9999 -9999 -9999 -9999 -9999 -9999 -9999 -9999 -9999 -9999 -9999 -9999 -9999 -9999 -9999 -9999 -9999 -9999 -9999 -9999 -9999
3.91408673918208e-09 1.78090440956795e-09 1.88525840963616e-09 1.52413925593027e-09 2.86522131570332e-09 2.69935374135144e-09 1.93773534956962e-09 -9999 -9999 -9999 -9999 -9999 -9999 -9999 -9999 -9999 -9999 -9999 -9999 -9999 -9999 -9999 -9999 -9999 -9999 -9999 -9999 -9999 -9999 -9999 -9999 -9999 -9999 -9999 -9999 -9999 -9999 -9999 -9999 -9999 -9999 -9999 -9999 -9999
1.86693934700898e-09 2.43503480473552e-09 2.36201487997625e-09 3.04122060627485e-09 2.75243159518146e-09 -9999 -9999 -9999 -9999 -9999 -9999 -9999 -9999 -9999 -9999 -9999 -9999 -9999 -9999 -9999 -9999 -9999 -9999 -9999 -9999 -9999 -9999 -9999 -9999 -9999 -9999 -9999 -9999 -9999 -9999 -9999 -9999 -9999 -9999 -9999 -9999 -9999 -9999 -9999
1.89312073139851e-09 2.52185923120528e-09 1.61316733286347e-09 1.51345973876196e-09 1.32305720043941e-09 2.00866309025664e-09 -9999 -9999 -9999 -9999 -9999 -9999 -9999 -9999 -9999 -9999 -9999 -9999 -9999 -9999 -9999 -9999 -9999 -9999 -9999 -9999 -9999 -9999 -9999 -9999 -9999 -9999 -9999 -9999 -9999 -9999 -9999 -9999 -9999 -9999 -9999 -9999 -9999 -9999
1.79016329237858e-09 2.09948810041856e-09 3.43498768067828e-09 3.13506979305226e-09 -9999 -9999 -9999 -9999 -9999 -9999 -9999 -9999 -9999 -9999 -9999 -9999 -9999 -9999 -9999 -9999 -9999 -9999 -9999 -9999 -9999 -9999 -9999 -9999 -9999 -9999 -9999 -9999 -9999 -9999 -9999 -9999 -9999 -9999 -9999 -9999 -9999 -9999 -9999 -9999
2.43436395804757e-09 3.453744487486e-09 -9999 -9999 -9999 -9999 -9999 -9999 -9999 -9999 -9999 -9999 -9999 -9999 -9999 -9999 -9999 -9999 -9999 -9999 -9999 -9999 -9999 -9999 -9999 -9999 -9999 -9999 -9999 -9999 -9999 -9999 -9999 -9999 -9999 -9999 -9999 -9999 -9999 -9999 -9999 -9999 -9999 -9999
