Validation points/white/Naja_naja-white.asc
NCOLS 267 
NROWS 469 
XLLCORNER 376490.070567719 
YLLCORNER 381033.488324056 
CELLSIZE 919 
NODATA_value -9999 
[rows 60 to 79 of 469, columns 88 to 131 of 267]
5.06425635319837e-09 1.33625055210868e-09 2.11562281072297e-08 4.91062675699949e-09 8.01360230585284e-09 3.39271211483122e-09 2.08925420175888e-09 -9999 2.62008869862556e-09 2.96669430629392e-09 3.59051047142807e-09 4.62182725312955e-09 4.54152028892497e-09 3.72926296730531e-09 4.24027783325126e-09 2.67672877418869e-09 2.15749635074289e-09 2.33282227893572e-09 4.11261501125981e-09 2.21722212801659e-09 2.12174098312845e-09 1.00708840216043e-09 2.1382796035391e-09 1.50463816796122e-09 2.099327168853e-09 2.0421191393406e-09 1.39638484489344e-09 1.03518525055853e-09 1.78427952173376e-09 2.91553121658956e-09 2.47121363478476e-09 1.81100810306209e-09 9.50754570629821e-10 4.5584282192886e-09 2.61433306846302e-09 2.78695678731922e-09 1.60530542747297e-09 3.52283437479152e-09 4.67289239253511e-09 1.92122237014891e-09 2.57990426544855e-09 2.50046339768169e-09 2.11957847191888e-09 3.04445777224233e-09
1.08302531829116e-09 1.53216633006499e-09 1.34963757793084e-08 6.76290141542057e-09 4.18269072786668e-09 1.24118590362146e-09 3.06481360092147e-09 -9999 4.14439152176132e-09 2.03849828130083e-09 3.67127910130993e-09 2.26417315726506e-09 4.2487344896986e-09 3.40142159174608e-09 5.10542144789632e-09 2.21045156164316e-09 1.82344086251002e-09 3.21196666847461e-09 5.03438211771542e-09 4.17174698959281e-09 3.37309103826577e-09 3.65077709175721e-09 3.33492652029004e-09 3.01572075880938e-09 3.30004581138532e-09 1.93690039586902e-09 3.0146878610514e-09 2.92446050873794e-09 3.48394791310694e-09 3.94686410464636e-09 3.57317657142796e-09 4.30866000235046e-09 3.80657655059834e-09 1.81816569356019e-09 3.44722760196676e-09 1.12399810997484e-09 1.26059139344122e-09 3.08851180992135e-09 3.92660518889139e-09 3.22755892559353e-09 2.44838513625447e-09 5.87019829928813e-09 3.67780682512851e-09 -9999
1.57126313952759e-09 1.75391967755427e-09 8.84342316476937e-09 7.68001052534357e-09 1.10422715987804e-09 3.07946693825631e-09 3.04387211308091e-09 -9999 3.40569440062265e-09 2.12096248595814e-09 2.32488191831271e-09 4.36808705081884e-09 1.95118566492372e-09 3.4171926121842e-09 3.940038725053e-09 2.91617882598225e-09 1.55394659273813e-09 3.27824226712066e-09 4.52046280385505e-09 3.01575701070763e-09 3.80525215825653e-09 2.71673555210575e-09 4.38005225985137e-09 4.67394824166543e-09 5.29025931392535e-09 3.41465850351486e-09 4.7004252537731e-09 5.03499371235397e-09 3.87596792530669e-09 4.41573935712651e-09 5.26314574393812e-09 5.44197235493329e-09 5.13257425770029e-09 2.57047536835362e-09 2.28450674828255e-09 8.29723051761701e-10 4.19819496728314e-09 2.10503854012149e-09 -9999 -9999 7.94215376021856e-10 2.15874650130087e-09 4.09185386320635e-09 4.55689828967706e-09
1.96286008764452e-09 3.85494718860161e-09 5.50716786347155e-09 3.99237589591044e-09 2.23509638967641e-09 2.17985492243642e-09 2.77881038225018e-09 6.02009090229221e-09 2.00627241245233e-09 1.8261575293461e-09 1.97726196369303e-09 2.55597293717373e-09 1.27254109588079e-09 3.37335323968716e-09 4.69772408881224e-09 5.03425742924937e-09 2.34679708285415e-09 1.83206258995842e-09 2.71657991547324e-09 4.16957504904031e-09 4.2413669455139e-09 2.34539065741313e-09 4.26887538613079e-09 4.26164242810877e-09 5.65313731544267e-09 4.12838663869907e-09 5.89500130221251e-09 4.67731627240126e-09 3.86860675643859e-09 4.18038913338247e-09 5.0797352693376e-09 4.69424805369129e-09 4.87249940748322e-09 3.18432814600951e-09 3.8808422175012e-09 1.51219164985036e-09 1.65472536238422e-09 1.88322747600772e-09 -9999 -9999 1.52543886429248e-09 2.22791387174876e-09 6.69299320268365e-09 -9999
1.5515230483194e-09 1.6279620324887e-09 2.035566603591e-09 7.78856757050051e-10 3.4034397446307e-09 4.51319775984279e-09 2.5443898988928e-09 3.70451629720888e-09 1.75869385149276e-09 3.41885712210565e-09 1.5512434887627e-09 1.30865174780727e-09 1.78594390264231e-09 3.22466852507871e-09 3.5999579289913e-09 4.81616486944813e-09 4.17646657136814e-09 2.15137070510158e-09 3.04764149856666e-09 4.99739718049392e-09 4.31844906083241e-09 4.10674332464459e-09 5.44999599623331e-09 4.6728310669622e-09 4.57453180607186e-09 4.27027876819034e-09 5.53008122319165e-09 4.28346423387495e-09 3.82039602103376e-09 3.59673604803683e-09 4.47239056681885e-09 4.31372120379674e-09 4.92000254711016e-09 5.52539444956027e-09 3.9826127972102e-09 2.82724727580834e-09 2.72532698424059e-09 -9999 -9999 -9999 1.560098815392e-09 2.12993523127421e-09 5.40043873934269e-09 -9999
1.89589928328176e-09 3.40779017034212e-09 1.604285501741e-09 1.32717485983294e-09 4.20307480595293e-09 3.18255754258484e-09 2.29068151944617e-09 3.01740475379728e-09 1.44958918753936e-09 4.3123071946334e-09 1.17873682176456e-09 1.70722475547792e-09 1.71969637099044e-09 2.97280453847692e-09 2.75858246375906e-09 1.82017403660314e-09 3.98762473267722e-09 2.73614774829456e-09 2.85014843723794e-09 1.62073761214772e-09 3.74981128622908e-09 4.23965708337797e-09 4.90505122227282e-09 4.48752808789287e-09 4.41505450435949e-09 3.93431141210522e-09 4.85280712181405e-09 4.58763537902962e-09 3.65544879537156e-09 3.96099333944893e-09 5.0278403092216e-09 4.15859635793163e-09 4.59659018926328e-09 5.67739565601855e-09 4.51956214597018e-09 3.40278167917202e-09 3.88386080479152e-09 -9999 -9999 -9999 2.07438729541415e-09 3.27821577057684e-09 2.94034945041488e-09 -9999
2.06870742677042e-09 3.72799742144625e-09 3.05187687077467e-09 4.26261133031768e-09 3.07885249048752e-09 2.9432441875623e-09 2.51736465117067e-09 -9999 2.42390797501222e-09 3.15856370507889e-09 3.40210757277915e-09 2.3209968584145e-09 3.30880336278865e-09 1.477626445498e-09 4.52272168588346e-09 3.64451574239506e-09 4.12668371135606e-09 2.27905051833271e-09 4.51150099330561e-09 4.26942293716604e-09 4.29701944290142e-09 3.52192791067297e-09 5.4437755833684e-09 5.96112282180351e-09 2.34620912706379e-09 4.12400052210775e-09 4.18174387474383e-09 4.34350746784469e-09 4.14471150352146e-09 4.27713423843647e-09 4.47564919306087e-09 4.17859273675458e-09 4.47898837359115e-09 5.16485335948481e-09 4.10937791758507e-09 3.49034557063806e-09 3.25746666315342e-09 -9999 -9999 -9999 2.22727651457558e-09 2.16909749006197e-09 1.84801814751313e-09 1.92245041996674e-09
4.96233964919241e-09 1.71821846628989e-09 2.01313639728672e-09 3.56098188179149e-09 4.43253878125086e-09 2.711220562101e-09 2.40485736189611e-09 2.32354092412666e-09 2.39335122944768e-09 2.84150705283253e-09 3.9668903660307e-09 4.05088891881794e-09 3.27824683934139e-09 3.30112426392408e-09 2.88575460444481e-09 3.56465892856425e-09 3.34398510653794e-09 3.27099190322552e-09 3.46826517839912e-09 3.75097157716553e-09 4.35511520004486e-09 3.99072771011769e-09 5.50328047642201e-09 6.26022961487595e-09 6.19668735850649e-09 4.36840822687393e-09 3.70072561318632e-09 4.66407114188252e-09 4.4055733576029e-09 5.2338741383556e-09 5.04203851383663e-09 4.84777595467736e-09 4.09901143581405e-09 5.33294945934531e-09 4.6781197559798e-09 3.61929970007216e-09 5.18186188799168e-09 5.57411588053385e-09 -9999 2.1347499763459e-09 1.01853547563441e-09 1.56279875158928e-09 1.5778069841157e-09 2.65835252157221e-09
4.31284289971815e-09 7.57223316111629e-10 1.82465174917882e-09 2.4600356380491e-09 5.195762521365e-09 2.06934330918106e-09 1.48402691678976e-09 1.94783890593154e-09 1.49820453918371e-09 2.29767250787534e-09 4.01439535945009e-09 4.31887833375807e-09 3.08252577598463e-09 2.9024578338769e-09 3.5541525432841e-09 3.2700433785262e-09 3.42875267746498e-09 2.94743036133034e-09 4.73743585902388e-09 5.56541918263168e-09 4.0148750831705e-09 4.38281105638502e-09 5.51870252679037e-09 6.48923087833679e-09 5.19173182466119e-09 3.33779028401173e-09 3.79134637698759e-09 3.2189783186103e-09 5.04869697021703e-09 5.36433145797042e-09 5.00210269079836e-09 4.41750806315014e-09 5.04095727396138e-09 4.32802840822289e-09 3.36512088117887e-09 2.91767370437965e-09 5.11999265786153e-09 1.87488778869825e-09 1.60951065691069e-09 1.95444000454111e-09 1.74718641369483e-09 2.68514221708143e-09 2.48032474890692e-09 3.31642227048378e-09
3.19038248544113e-09 1.18261545891e-09 3.2919820702977e-09 3.4353252887725e-09 2.84490281708186e-09 1.76037412958493e-09 3.30672372998727e-09 1.81190683423472e-09 2.81523818383778e-09 1.82212304900147e-09 4.75936756547171e-09 5.05085244600671e-09 3.00790430633917e-09 2.43086493595941e-09 3.00041866410014e-09 2.60183949479257e-09 3.34381343702474e-09 3.75680005609268e-09 5.53868637627533e-09 3.47820117776356e-09 4.39074554177056e-09 5.17154839483924e-09 5.92320793710664e-09 6.18965744658315e-09 2.69122262977871e-09 4.80019450152137e-09 4.77765646188306e-09 3.63901481804158e-09 3.96993033669709e-09 4.90245969794527e-09 5.57095144612908e-09 5.26088703528328e-09 4.06723376048086e-09 3.02171775027102e-09 3.56360932290534e-09 3.61510726100877e-09 1.99483975885942e-09 1.28103352623572e-09 2.01202764324387e-09 2.3341709102954e-09 3.18477944921017e-09 3.69387647178466e-09 3.46486657290739e-09 4.21908688140001e-09
1.63175768982024e-09 3.68578675587517e-09 3.78481154013821e-09 4.31100285253048e-09 3.18027204859021e-09 3.03900753001997e-09 1.83808459367194e-09 3.32183567924743e-09 2.56017174327098e-09 4.47678760773391e-09 4.35911816738432e-09 6.50651105887575e-09 5.20832365644725e-09 1.14827073543573e-09 2.80055056250238e-09 1.10787916588954e-09 1.65264406751088e-09 2.71217781021007e-09 4.53642339214328e-09 3.16257179997652e-09 3.45193854416038e-09 5.63366790502068e-09 6.33569535108757e-09 5.49531535446223e-09 4.73883438194291e-09 5.35450970690179e-09 4.23758586816618e-09 3.88417381237211e-09 3.2968652070445e-09 5.01610205370199e-09 5.74297054462892e-09 4.15728270552051e-09 3.27979315222272e-09 4.12714359269601e-09 4.28474487335244e-09 2.07418690833609e-09 1.14340530731737e-09 1.92053229576017e-09 2.55677111308517e-09 1.06177400109004e-09 3.0792628881981e-09 3.65865812041125e-09 3.85971819238574e-09 4.91751970240216e-09
3.14219383657497e-09 4.8200406471445e-09 2.52860464992391e-09 3.87192038259214e-09 2.68492425875799e-09 4.40226838336797e-09 2.72952198516088e-09 2.05379512248866e-09 4.59742894917415e-09 6.77191291837994e-09 6.41942490037592e-09 5.50393477365374e-09 5.72976243061189e-09 2.10070996151842e-09 1.3099732791434e-09 2.22660401925745e-09 3.36714498932495e-09 2.40925232353421e-09 1.81929966552368e-09 3.7493673004123e-09 5.40629665769466e-09 3.58051029189754e-09 5.77438208566293e-09 5.12589048645418e-09 4.43004977904596e-09 4.81669418356212e-09 3.24413668387373e-09 3.5998227876573e-09 3.88819604136462e-09 3.51733803250684e-09 3.47848523809833e-09 3.52245765064225e-09 4.02134898514686e-09 5.24910131168865e-09 2.11723592767265e-09 9.88944413843237e-10 1.87472692595165e-09 1.13577061696115e-09 2.65221386489523e-09 1.22099449779451e-09 3.1109084047248e-09 3.646968261049e-09 3.44186233379266e-09 4.04496469252964e-09
5.38955405029719e-09 3.58476075680107e-09 3.881989092277e-09 1.66284712803134e-09 3.07884008080467e-09 3.78150199464668e-09 4.35186887656152e-09 2.8780532449217e-09 5.27333773344079e-09 4.90232938624762e-09 3.63855676293219e-09 4.61203129099641e-09 2.93016713030399e-09 1.75879783681039e-09 2.01948240849834e-09 1.8224191127248e-09 4.80904578221173e-09 4.96810320310058e-09 3.08615279892818e-09 3.03967950854278e-09 4.69341473776233e-09 5.87698678760554e-09 4.21313733168476e-09 4.17032010213321e-09 3.59280605046233e-09 2.64304340014403e-09 3.66358564982111e-09 4.3426245337711e-09 4.84055513896186e-09 4.15786704126256e-09 4.51114016941986e-09 4.08882062664434e-09 3.84499382660669e-09 2.53309695513113e-09 1.77634981835637e-09 2.37436726700278e-09 3.61193280901666e-09 1.78285511953351e-09 1.17405476730873e-09 1.69980975490822e-09 4.12615878402184e-09 3.72974006028551e-09 3.50704526746534e-09 4.76897443630682e-09
5.89178438063123e-09 3.05811193350876e-09 3.90969501506263e-09 2.18939648732012e-09 3.96763911377863e-09 5.01056301866994e-09 4.15829189351921e-09 2.49826271680919e-09 3.37408323492249e-09 3.40238790437943e-09 6.16394970671667e-09 4.69821326409132e-09 4.08802789516792e-09 3.87655181377646e-09 2.11156237980646e-09 3.00012340618453e-09 2.66207388447795e-09 4.8204419131701e-09 3.80375155223434e-09 5.34451066801381e-09 4.94197424180155e-09 5.41503756284988e-09 4.22621396125846e-09 3.77622182988644e-09 4.06656914276946e-09 4.13609149338274e-09 3.59515061075329e-09 4.94929264254505e-09 1.31800699054403e-09 1.66580674707535e-09 1.77339302331422e-09 1.68512780869955e-09 3.31572060738148e-09 2.59761879854895e-09 2.37062260604445e-09 2.28300973110308e-09 3.98009982295633e-09 1.14493113051552e-09 1.98064628563956e-09 2.8625522554845e-09 4.50932065438167e-09 3.74128236823018e-09 1.98329367267012e-09 1.98606506444011e-09
6.44062600384837e-09 4.48218111047714e-09 3.89371713659243e-09 1.24823778326659e-09 2.06927945744729e-09 3.00103160477916e-09 1.73867639154347e-09 2.09782594226403e-09 5.81153968318626e-09 5.28030888784585e-09 4.87239022705537e-09 3.44290037070785e-09 2.95518783948133e-09 3.1225187177912e-09 4.53368615495387e-09 4.54845599426553e-09 3.69309580483099e-09 3.1753826574715e-09 4.62421578573302e-09 3.36334167788465e-09 3.22871396118768e-09 4.13185122546978e-09 3.86838275741773e-09 4.63275369945e-09 5.34187016610305e-09 5.22660331227274e-09 1.33037980443515e-09 1.63174318487916e-09 2.50972786949897e-09 2.36684351985138e-09 2.5235398602411e-09 2.13410265700028e-09 1.56573321886007e-09 1.53626837535466e-09 1.90858256936321e-09 2.25140944975059e-09 1.76845103594057e-09 3.00847894818853e-09 2.07393700168649e-09 2.08292716829223e-09 4.16504442512117e-09 3.67895100680338e-09 3.19646893004572e-09 3.2061274229075e-09
6.54163697747098e-09 6.20384787854607e-09 3.75300967253517e-09 2.50139272176028e-09 2.1182561244558e-09 4.60481859261665e-09 4.49728736046441e-09 2.50713513256011e-09 4.8231085139552e-09 3.42100185939868e-09 6.11419263862007e-09 1.33604588810969e-09 2.99673047240525e-09 6.8045223260037e-09 5.39189198897188e-09 5.11591225239793e-09 4.36182983395497e-09 2.59518367031261e-09 3.71326379096204e-09 4.33527130251704e-09 5.60810285839482e-09 3.66592296757823e-09 3.79965009393704e-09 5.03015295392988e-09 4.26462085327787e-09 1.06770755045637e-09 2.47737832392449e-09 4.90901998010081e-09 6.51052123032116e-09 2.68667771963824e-09 2.76658426570066e-09 2.84923245014481e-09 2.692455246183e-09 2.56567489697547e-09 2.72456499906426e-09 2.68508505197553e-09 1.67319267730919e-09 2.22943872812599e-09 2.0139045975147e-09 2.51270437104087e-09 4.2904539833663e-09 3.54085373480898e-09 3.69243555575409e-09 3.5729636363489e-09
2.80292259726604e-09 6.22881041571292e-09 1.63030654704041e-09 2.20979610362287e-09 2.14833945758847e-09 1.9181935182606e-09 2.84956011692275e-09 1.6236512133509e-09 4.63345870535756e-09 3.78769341086224e-09 5.43444576769308e-09 2.84485625539821e-09 2.99128507095573e-09 3.71796693882038e-09 4.87669178314835e-09 5.98123583830451e-09 4.81424813959755e-09 2.33438496527984e-09 4.52398457050732e-09 4.51042698336648e-09 2.21758947669645e-09 3.70660204611037e-09 4.33463800576173e-09 5.51120561016444e-09 2.17848584731773e-09 2.84259777988987e-09 5.25086482175982e-09 3.21772364836426e-09 2.46743200622802e-09 2.05052533607588e-09 2.30239797066161e-09 2.75368874426566e-09 2.85229038814357e-09 1.63226375043109e-09 3.29598567234442e-09 2.747768417949e-09 1.35368016267663e-09 1.16999888113082e-09 1.13806359207228e-09 2.21279880060825e-09 4.33019073412502e-09 2.55395750578173e-09 3.49586917054224e-09 4.94712302958248e-09
4.56395010713366e-09 3.78131136497544e-09 4.15119094519601e-09 2.55739037895679e-09 2.07798725987173e-09 4.25033158621983e-09 4.5205103312675e-09 4.84289872222698e-09 3.50343499485907e-09 3.85245536499513e-09 2.20093970410667e-09 2.37071704932372e-09 5.83003093599765e-09 6.17059815468123e-09 3.24328070838242e-09 3.93960470470802e-09 3.75559449863292e-09 3.68726033133654e-09 4.59955492785503e-09 5.50485044741497e-09 4.63285506322009e-09 4.645788505178e-09 5.33963494198904e-09 1.61663537210194e-09 2.01254859915762e-09 2.64368673093916e-09 2.39000515199332e-09 2.22283956441003e-09 2.77087393723897e-09 2.45614153343065e-09 2.57348538740903e-09 2.58007308583195e-09 2.3468019188172e-09 2.29846668595781e-09 3.44727202651199e-09 2.58784831895693e-09 2.09164952005368e-09 2.20939835709973e-09 2.05031454350539e-09 2.17050829912572e-09 4.78698584658519e-09 3.88610853586068e-09 3.44914957272664e-09 3.96495669314513e-09
3.89477666875317e-09 2.85339730494311e-09 4.04497664640469e-09 3.98913992560449e-09 1.14702606804603e-09 2.54556849696315e-09 2.93330676334337e-09 2.13758161238749e-09 3.70035550496265e-09 4.14282034599754e-09 2.86388311431734e-09 3.20847513637857e-09 4.392655317834e-09 4.76949083073411e-09 2.67308995345436e-09 2.63460119906297e-09 4.07298695186402e-09 2.17958943828762e-09 3.66473809969754e-09 6.15340609148393e-09 6.15179401373527e-09 6.42707885049746e-09 6.279964618768e-09 2.38707227472058e-09 3.08818875684421e-09 4.20001593872128e-09 4.90375027913537e-09 4.43591351508121e-09 4.12384463097515e-09 2.25170732924688e-09 2.78403185511369e-09 2.19773834972738e-09 1.87114082575016e-09 1.93882033081311e-09 2.35988629021e-09 2.54398862974151e-09 1.1138885297312e-09 1.75406873938723e-09 2.37719921411037e-09 4.1793998428547e-09 4.1968850823227e-09 3.84390555848067e-09 4.31204737362983e-09 2.66743173946846e-09
3.99425467151759e-09 5.17091962245144e-09 4.25786886149902e-09 4.3093494755171e-09 2.41550582913301e-09 1.68689490362919e-09 2.60840271294462e-09 4.09072504901069e-09 4.82253474096364e-09 4.20163404592409e-09 1.96089968289828e-09 4.00361625949095e-09 3.59824116951103e-09 3.96957737222465e-09 5.12362500844796e-09 2.83224035901615e-09 4.53854210763206e-09 2.75801042965903e-09 4.26350541001195e-09 2.79482700596027e-09 5.81465365284775e-09 2.7267910376584e-09 6.27871599267505e-09 6.19411694953383e-09 4.7835658009497e-09 4.60328491101617e-09 5.85027885094253e-09 4.9033093410418e-09 4.16025184665267e-09 1.56358965968859e-09 3.09201241104322e-09 1.18461870509147e-09 1.93381701633427e-09 2.43125078721939e-09 2.33557836946073e-09 2.40947751810498e-09 1.58923076891917e-09 2.57671359543038e-09 3.3995735993528e-09 3.51885968207226e-09 3.44386334917707e-09 4.28093071773706e-09 3.86075568549396e-09 4.25877054146115e-09
