Validation points/white/Naja_naja-white.asc
NCOLS 267 
NROWS 469 
XLLCORNER 376490.070567719 
YLLCORNER 381033.488324056 
CELLSIZE 919 
NODATA_value -9999 
[rows 160 to 179 of 469, columns 44 to 87 of 267]
5.39495207170361e-09 5.0306694576489e-09 4.06788731491578e-09 5.77371392975479e-09 4.43463449514311e-09 3.07074846489606e-09 2.22812125375576e-09 4.18386976045001e-09 5.06227980313018e-09 4.91796303045771e-09 5.55802623262004e-09 6.44079393615726e-09 1.58209161290977e-09 4.81862559933812e-09 2.06004416598864e-09 4.18162576925467e-09 4.39655398082859e-09 4.4945524495875e-09 3.04411924991782e-09 1.81418724521546e-09 1.81560438525641e-09 1.82830230691379e-09 3.55090963129321e-09 3.26764112986937e-09 4.63349075544514e-09 8.03245577401913e-09 4.312335719206e-09 4.39556591822647e-09 3.07557198168825e-09 2.30534520013161e-09 3.95146043899701e-09 3.28882369187453e-09 2.94098368912662e-09 4.40903521381435e-09 4.70574570081737e-09 3.93964297921843e-09 2.77508172390534e-09 3.31522550829983e-09 2.36580026948454e-09 1.66221019164479e-09 2.24297613237727e-09 1.23898345766014e-09 4.24790969026772e-09 4.08782995852123e-09
7.09227770152442e-09 5.74490383826354e-09 2.5977638790325e-09 4.36354948700722e-09 5.34304744770408e-09 5.60411205530776e-09 5.86254025710112e-09 6.04558004644714e-09 7.0858186092008e-09 4.84183932874417e-09 7.83206348264583e-09 7.60286049661445e-09 2.8562712451305e-09 2.50035373072221e-09 2.2592723940168e-09 2.9609768043466e-09 2.65470614705926e-09 3.84386970827464e-09 1.68251271435774e-09 2.21876400369289e-09 1.63185992857338e-09 2.2665419787073e-09 2.66259021795068e-09 2.44911668476449e-09 3.88929560676999e-09 8.72217675938682e-09 1.24169712168867e-08 8.73060503060286e-09 2.5207678349439e-09 7.43080268381788e-09 9.54546265615654e-09 6.55414321581673e-09 3.15387240837841e-09 2.37190051486226e-09 2.71159497027309e-09 3.39416300171748e-09 2.22539100204794e-09 1.26927777239542e-09 1.26483038958319e-09 1.42479191387337e-09 2.41571478942187e-09 2.21337424696184e-09 1.29675352868823e-09 2.12356396773224e-09
2.89532997488651e-09 5.01820403901918e-09 4.16804437813779e-09 4.65252118297849e-09 4.3612848473642e-09 4.23495902665986e-09 5.89707566018819e-09 7.12877965205334e-09 5.61870263018008e-09 5.3208024990623e-09 4.8757634780684e-09 7.14589354591685e-09 4.22277701552026e-09 4.52367210400069e-09 2.84461090411693e-09 3.55514215275601e-09 4.06191066705068e-09 3.20391433955336e-09 2.31803647308635e-09 2.13022701953772e-09 2.18526597886892e-09 3.04372504306872e-09 3.95934884118325e-09 4.81168369194619e-09 6.29767096237268e-09 5.47391785945486e-09 7.35559019240599e-09 6.12148809659852e-09 5.05943770228342e-09 5.15715767886026e-09 1.6072731906789e-08 1.7939751307841e-08 4.92278018261953e-09 2.62889703216072e-09 3.36269293743261e-09 3.02021275308133e-09 5.24032968858281e-09 4.30959463843392e-09 2.14739002254777e-09 2.36808232435945e-09 3.49454912324249e-09 3.52109624276558e-09 2.68972976427135e-09 2.51046852898735e-09
5.58224087653394e-09 4.2417429623457e-09 4.70519120034007e-09 3.06365275142401e-09 5.77775373584714e-09 4.00888405228833e-09 4.34288914523633e-09 6.11905058213137e-09 8.22549461925547e-09 6.22157135401272e-09 5.04764153921653e-09 7.6724796343902e-09 5.41774768938892e-09 5.05652792345218e-09 2.93540173614559e-09 3.90639464795374e-09 6.66501665498158e-09 5.79508061085656e-09 3.90965373984385e-09 1.90938575983855e-09 5.94785376320688e-09 5.71223976822283e-09 4.18514353342542e-09 4.47593583029717e-09 3.1967722999255e-09 5.24898200484816e-09 3.95620783635049e-09 3.51325432796227e-09 2.98963696087834e-09 1.43533953982718e-09 4.09982696213921e-09 1.22571699950462e-08 4.03938740498952e-09 2.65937014589007e-09 2.74812326250752e-09 3.24072643444695e-09 1.82116850431402e-09 6.40123668464201e-09 4.58799505614813e-09 3.19674073849744e-09 3.19189768992092e-09 2.68432691015936e-09 2.61483450747511e-09 2.54542818177448e-09
6.66483280820417e-09 5.52336402996471e-09 4.72575580157373e-09 6.31765141737231e-09 5.17531514609309e-09 2.08586376300074e-09 6.2242535514004e-09 5.3846043082973e-09 7.25554075081567e-09 5.02189368926864e-09 6.99777882856357e-09 5.7975853205531e-09 3.84014858919488e-09 5.41851084519334e-09 3.46137153149104e-09 2.04436574706766e-09 6.34131863770946e-09 9.64510839047625e-09 9.07800889887739e-09 3.71103378053199e-09 4.02146161434433e-09 -9999 5.3450892293343e-09 3.07281078120905e-09 3.24174482981032e-09 5.87517027894687e-09 2.98954208809905e-09 2.79279085801586e-09 2.92904441116977e-09 1.68688343627572e-09 1.84962478333825e-09 2.26867748039962e-09 2.25581216723915e-09 4.01168054849954e-09 3.7304889144993e-09 1.52870019826224e-09 1.79056127476986e-09 4.56301527944829e-09 4.87396517412427e-09 3.04719555248983e-09 3.56899506936239e-09 6.73026266169218e-09 5.35609379436274e-09 2.30037392330867e-09
5.64170764204644e-09 5.38121914010629e-09 4.7589600717271e-09 6.08831415685484e-09 2.91270210048519e-09 5.3665741400308e-09 7.47756281318692e-09 5.64341717472933e-09 7.91896753281467e-09 7.03397545896921e-09 6.92634385163988e-09 5.5461501666656e-09 6.52372461567696e-09 4.31159732880031e-09 2.96219049774629e-09 4.63674259468425e-09 2.58510343298056e-09 4.25261226374178e-09 4.90980873173765e-09 6.90107997579213e-09 1.98030377605508e-09 3.58008150377504e-09 3.72786446729644e-09 2.18350610885933e-09 3.10053051035916e-09 9.16801020422977e-09 3.42102709167595e-09 3.93135206656217e-09 3.42234707098138e-09 2.32326308589669e-09 1.77822083697821e-09 1.86052085828283e-09 2.31020626234448e-09 2.54465444327049e-09 2.82253890776332e-09 1.88999979744207e-09 3.69939812144839e-09 2.6287734339395e-09 3.47816296081765e-09 2.31389061977869e-09 1.69360427829278e-09 6.94360542957608e-09 1.69480085427011e-08 3.33704343244101e-09
7.39497202982785e-09 6.18172059708606e-09 4.99837932521837e-09 5.88908846885794e-09 5.99870732057003e-09 3.83110895467888e-09 8.55708153250453e-09 4.72294244594066e-09 4.64454267401745e-09 4.34781708196747e-09 6.75264544683005e-09 5.49217438174501e-09 5.49766492377768e-09 3.7941758996339e-09 2.67159720791117e-09 3.56590859111069e-09 4.76972620995209e-09 1.81693375238231e-09 2.92342258537646e-09 7.13577115702609e-09 3.65698409037202e-09 1.43901374282174e-09 3.06943180703831e-09 3.30910363002742e-09 3.59611081664472e-09 5.06215213083214e-09 7.13970181229863e-09 5.66536371791177e-09 3.70698586473907e-09 2.65035017672544e-09 3.39312294475381e-09 2.70376755114412e-09 3.3872112161483e-09 2.29510707752402e-09 2.64320268214602e-09 2.21493683210564e-09 2.26195513080068e-09 1.47165886127592e-09 2.42480225088365e-09 3.95885177653184e-09 3.93416458350789e-09 4.67253295589414e-09 6.5113391704469e-09 3.38345027246106e-09
7.36247791349964e-09 4.9958479762392e-09 5.11787530062558e-09 6.03290853585463e-09 6.51082071057966e-09 4.63400718965136e-09 7.34410164233223e-09 6.09139844897723e-09 4.43655138441433e-09 5.9420856865571e-09 6.25138287929175e-09 4.78036685993867e-09 3.6217846569101e-09 5.77639872754554e-09 6.47266843644497e-09 4.93253040468204e-09 7.20156902961329e-09 6.31252582849321e-09 3.58242630633512e-09 1.75924498685459e-09 1.15381858958364e-09 1.07166432841022e-09 1.96354366369324e-09 3.13852998918346e-09 4.58968906613635e-09 3.42301510600045e-09 6.50259785079188e-09 3.71458853589676e-09 4.11237479908551e-09 3.30870558899158e-09 3.75185156197606e-09 2.20201402068149e-09 3.2688062775336e-09 1.71284768612371e-09 1.87120618652933e-09 4.21223143720002e-09 4.29583266188937e-09 3.08972927598577e-09 1.94104514538813e-09 5.01327456911328e-09 4.81682394239739e-09 5.07518865562326e-09 3.90778984327316e-09 4.80274023853718e-09
7.25586972631813e-09 5.66099110890551e-09 5.21475062602147e-09 7.44909768762233e-09 7.42006635596625e-09 4.4563475384817e-09 6.14217762543437e-09 4.4412815497217e-09 6.7079296729076e-09 7.97037397412873e-09 4.48029028134101e-09 4.46703358574315e-09 5.62623589682894e-09 7.75828686725257e-09 3.98281650868177e-09 5.11737426139117e-09 4.38591780492173e-09 5.64921808770302e-09 4.16975211693349e-09 4.63550360854141e-09 1.76238836048224e-09 2.41147607082333e-09 1.54027219952184e-09 2.84624728680761e-09 3.59737020299268e-09 3.43451411977623e-09 2.74743620546715e-09 3.68907440885184e-09 3.08867098137889e-09 2.69799287658389e-09 2.92174469512869e-09 3.14412341294865e-09 3.0514983805192e-09 3.15643604037965e-09 3.65241788370214e-09 1.68549673924244e-09 2.03657940556158e-09 1.8577605050335e-09 1.58348498252712e-09 4.89505591921123e-09 4.29370318097299e-09 2.10018347697387e-09 3.88109060032932e-09 4.52202413571141e-09
5.12499645161049e-09 5.18284667855032e-09 5.18627501852978e-09 5.16025951305684e-09 5.91095456188124e-09 6.53474627583672e-09 5.67881219921049e-09 5.10628624628523e-09 5.59064382197381e-09 5.96769733734533e-09 4.43642230261983e-09 5.09592112206461e-09 4.69121295122415e-09 5.31482313044323e-09 3.71832228424411e-09 5.6902935446186e-09 6.05484979066566e-09 4.1027088662036e-09 2.39108846544284e-09 2.54189631429343e-09 1.59012738185599e-09 2.05829098692302e-09 2.83984285417676e-09 3.73129557616e-09 2.81103797985905e-09 2.13980435302552e-09 3.59863839031942e-09 1.44828986827437e-09 2.90602602404045e-09 3.28443064616921e-09 5.27847887097872e-09 4.09103762318133e-09 1.37262790321517e-09 1.5377936940735e-09 4.04646649853782e-09 2.64714958542607e-09 1.22187495119999e-09 1.02296518341672e-09 1.548072248404e-09 2.70705697199676e-09 3.54785621975369e-09 3.05499379591647e-09 3.83972781373214e-09 4.60512514962343e-09
5.87429955060353e-09 3.15504528423387e-09 5.13617073867535e-09 4.77577475458365e-09 4.09419144240205e-09 5.55163226365811e-09 5.95938950311645e-09 5.00252574112625e-09 7.54444693952598e-09 5.22632814732189e-09 3.3789090770274e-09 5.20364707183374e-09 9.00339885380782e-09 6.07832318768782e-09 4.26061148273816e-09 6.23041720797649e-09 4.69381862609367e-09 2.05157688346426e-09 3.71814468087155e-09 1.8365031186344e-09 2.07750458656045e-09 2.21555396578058e-09 2.56516071629851e-09 2.54222004056763e-09 3.41735614956622e-09 1.71472328575288e-09 2.24568497119559e-09 3.25217144291157e-09 3.30442834693052e-09 3.03550239588672e-09 3.66590422911744e-09 4.8231222435272e-09 1.75897403194737e-09 1.53120444823436e-09 1.94584039839755e-09 2.0719894442715e-09 1.83330289892045e-09 1.05195689492573e-09 1.48558810708242e-09 1.67652063559703e-09 3.38387073211347e-09 2.88305545339433e-09 3.6567566266953e-09 4.82384727888725e-09
6.64492290121164e-09 6.70705016745591e-09 5.43348406184863e-09 5.08168849428055e-09 5.02797125493071e-09 6.02879483695515e-09 7.40306242854128e-09 7.13176567066202e-09 8.38723354705882e-09 6.77124336655248e-09 5.68590041549937e-09 7.61699254983543e-09 4.32368726068083e-09 5.41943424718242e-09 5.51745667803883e-09 5.98546325032068e-09 4.16798959984163e-09 4.50576664060729e-09 1.63020305845286e-09 3.14519260071553e-09 3.61194290977581e-09 2.42437734088906e-09 3.04222991341986e-09 1.32178047018958e-09 1.62572503014466e-09 2.46047824927926e-09 4.37394827325289e-09 2.72873600510282e-09 2.19379055551288e-09 3.20504396153459e-09 2.60352905895642e-09 2.54226579765744e-09 3.12302323570467e-09 1.4660990444639e-09 2.76501760152572e-09 4.664210596425e-09 3.52972653311249e-09 2.80014106671297e-09 2.84319902244323e-09 1.55841026884649e-09 3.6505108649834e-09 2.30163522897285e-09 3.60166403260998e-09 2.34056621052272e-09
7.97895467213645e-09 6.5081247188098e-09 5.28687556966407e-09 6.18753293298204e-09 4.66499290576271e-09 4.45038950590502e-09 7.34714701663337e-09 6.78998271317442e-09 6.23735244401683e-09 6.90325224461256e-09 3.32947284020081e-09 7.81929604673903e-09 8.5780056667114e-09 4.70025943155534e-09 5.48921629275731e-09 6.21469070976602e-09 5.3654410888306e-09 3.6573586679009e-09 1.41052845200479e-09 2.37466941989876e-09 4.17141960537494e-09 5.36268021996304e-09 1.81855282531021e-09 2.04462366222303e-09 1.09486069244209e-09 2.90748192008528e-09 3.79241263567459e-09 2.81328202621158e-09 3.5698778267182e-09 2.06768395209737e-09 1.88471975457335e-09 3.11289507724212e-09 3.36271286506626e-09 3.52621833944502e-09 3.76018058387374e-09 4.09845091219344e-09 5.89849037700944e-09 3.02182687511907e-09 1.95461437421353e-09 3.66904493855686e-09 1.91980369762824e-09 3.29662985435035e-09 4.67358591592113e-09 4.56499743697503e-09
6.47395574555345e-09 7.33669996121815e-09 7.91825236914824e-09 6.03593861754884e-09 4.34897324079158e-09 4.90660301726058e-09 4.7101460208359e-09 4.0445141837407e-09 4.78209018754017e-09 7.3782966940976e-09 3.55039273002707e-09 6.25001271856319e-09 5.80089843052389e-09 2.78371206426276e-09 2.94339353988838e-09 5.08284273347026e-09 2.61309163780454e-09 3.99185686923193e-09 2.57154597755209e-09 4.33411719984506e-09 1.67635112219698e-09 1.26894537213641e-09 1.80740866304886e-09 2.70971669675375e-09 3.69701990277981e-09 5.74510622483859e-09 4.90042987586058e-09 3.25742257628967e-09 2.59286046383959e-09 2.78681970150492e-09 2.42991157244667e-09 1.39279227247323e-09 3.27993377193697e-09 5.43259224653473e-09 2.61229685570598e-09 2.11097426343898e-09 1.52218054572865e-09 4.64444809313414e-09 5.44012125612529e-09 5.35179373268111e-09 3.12087709089957e-09 1.63754359150396e-09 5.53353751874429e-09 2.4638890214072e-09
5.68978640308278e-09 5.33806463912944e-09 5.39942669147584e-09 4.78177353990646e-09 5.44883047095911e-09 5.46877758210145e-09 4.27257888058203e-09 5.31666069043758e-09 6.61249520564576e-09 4.16438269753555e-09 5.28886107437223e-09 4.47176253162608e-09 3.07922628931122e-09 1.51164511317184e-09 4.90009334677152e-09 5.79288571421874e-09 3.78751900430707e-09 5.1547911898125e-09 3.09362598816928e-09 2.86053905002391e-09 2.3440539369609e-09 2.26099539305893e-09 3.60778034951824e-09 3.58666370922143e-09 2.84394319408843e-09 4.40566388821117e-09 5.80498012548189e-09 5.75997155959595e-09 3.2271355376355e-09 4.01954593707904e-09 2.59974876328616e-09 2.47995940155419e-09 3.44895433611116e-09 1.89433222571412e-09 4.36349128333245e-09 1.57192130100302e-09 2.54389798830569e-09 5.35209548978361e-09 2.19544367605828e-09 2.21732542033853e-09 3.39300385047859e-09 2.91657293375204e-09 3.95714887904919e-09 5.42062038068623e-09
5.55645869400655e-09 5.03397754771028e-09 5.25508878400038e-09 4.75239466018996e-09 5.96372584845493e-09 5.68133638315361e-09 2.66439049641672e-09 4.40940833184545e-09 4.11771768686493e-09 4.68546725661161e-09 3.26615910315465e-09 7.51328418214556e-09 5.05640968436683e-09 4.27971307870725e-09 4.8284308494244e-09 3.11606645144829e-09 2.1528073956397e-09 3.87353089837151e-09 3.57071295923788e-09 6.21247828515843e-09 4.66100061449234e-09 1.34809738580627e-09 2.67849733237497e-09 4.01058387811293e-09 3.42703886677745e-09 2.73697091176378e-09 3.05346269041766e-09 3.67998539802466e-09 1.98148891124158e-09 3.69291198768175e-09 5.3920926563377e-09 2.48848002250758e-09 2.93061902429288e-09 3.0840696768059e-09 2.96969897489755e-09 4.14829876905555e-09 4.70001596986881e-09 3.41614413617087e-09 5.4270577879017e-09 4.95754050068109e-09 3.73776816345722e-09 2.73146916140985e-09 6.07411031999229e-09 4.83065997594691e-09
7.84352044382609e-09 6.28332648713568e-09 5.68933912116494e-09 5.57235297935537e-09 4.0875008136899e-09 7.0259602352471e-09 6.57085947342906e-09 5.48370284040355e-09 4.5282069514671e-09 4.7498949399345e-09 7.07679722436708e-09 8.76031434820022e-09 7.25088157861583e-09 5.70515889394216e-09 4.75173642275065e-09 3.51682711914217e-09 2.46126719881324e-09 3.06652071086751e-09 2.70299069857314e-09 3.09153247815271e-09 1.82841885726592e-09 1.86025094173752e-09 3.03393657373324e-09 2.64706447823887e-09 1.4490005704407e-09 1.44794098290177e-09 3.12104729585068e-09 2.0133767601834e-09 4.40087867636099e-09 2.94470100789004e-09 3.60669329019078e-09 1.68451379983171e-09 2.93222106144998e-09 3.87439181479164e-09 4.80007434391611e-09 4.46809171118664e-09 4.231794624256e-09 3.07763680993478e-09 6.17826837119264e-09 4.18655030533807e-09 5.12476194924591e-09 6.86370145874077e-09 8.60205496268724e-09 6.83323818157996e-09
7.33384414974344e-09 5.41764479040502e-09 2.80141581941241e-09 4.8348737711999e-09 6.82939444119138e-09 3.13811276414399e-09 7.02820797834676e-09 6.05973153662805e-09 4.2052249274924e-09 4.00957424748811e-09 4.47978590694208e-09 3.45140925341751e-09 4.59530306360689e-09 6.21714740105311e-09 5.22970103463015e-09 3.60196164414823e-09 1.56922999439942e-09 5.35282493201247e-09 3.19109318037361e-09 1.67831693382495e-09 2.06173739515916e-09 1.56549676719764e-09 1.5243384369789e-09 3.33642627325702e-09 1.82195504946093e-09 2.17118193787693e-09 2.44043893469308e-09 2.10299224625127e-09 2.08295452765844e-09 3.47099304979703e-09 3.88081729387505e-09 4.18132027980769e-09 4.15501500579685e-09 3.67142204546174e-09 4.86077722916465e-09 5.03811131222265e-09 3.89065268135916e-09 4.71039687778097e-09 4.52640726687846e-09 3.59698722020004e-09 6.57369279259542e-09 4.32250629839543e-09 1.08015084346776e-08 1.64741009844621e-08
5.2232706185884e-09 5.15592415700266e-09 5.17843019505516e-09 7.55557693415543e-09 7.34881186435629e-09 7.83645501066834e-09 6.42051577739074e-09 5.22397893215223e-09 6.02943265416908e-09 6.40321385473671e-09 4.95223011592234e-09 4.98988610811089e-09 6.74494947576451e-09 7.10991205492915e-09 3.65552372038248e-09 3.73279418891305e-09 2.24125135845563e-09 1.50415021094806e-09 2.52635556371359e-09 3.24902916732829e-09 2.86716541250552e-09 1.6944847424702e-09 2.68404192987038e-09 2.42715637610909e-09 1.21710430448814e-09 2.57008205010427e-09 2.19014119590944e-09 3.3077252721544e-09 3.22151835626613e-09 3.71940541611128e-09 3.33280258439887e-09 3.13301648827041e-09 2.07540473301448e-09 2.58718820145371e-09 3.49238403626234e-09 6.84320560681714e-09 5.6739685269041e-09 5.44495742270054e-09 2.79932026336692e-09 5.77488788404094e-09 6.38034963523123e-09 4.59583248559287e-09 6.92392192922474e-09 1.49416551012139e-08
5.1736254201524e-09 6.93069040709392e-09 6.64084590567462e-09 6.12624795851472e-09 8.1586284050469e-09 7.09497900388214e-09 5.16078084024974e-09 6.83673523729592e-09 7.38315395771416e-09 3.84428007633812e-09 2.67091129127978e-09 4.78484694634232e-09 4.75968299220687e-09 5.29441832031401e-09 4.88643617828871e-09 4.14968664083832e-09 2.20439894509552e-09 1.09451102995138e-09 2.44829823516392e-09 1.44900679521884e-09 1.87733471562763e-09 2.54308739996875e-09 1.57007292122952e-09 2.52671146349851e-09 1.22458039119329e-09 3.56637932396662e-09 4.55290244847969e-09 4.51271759021582e-09 5.83520857254852e-09 4.50195311914169e-09 2.6571728288285e-09 3.16060878050612e-09 3.58740735752508e-09 1.80196902216741e-09 3.46290832606345e-09 2.57091123119349e-09 4.96579165766578e-09 4.60966155676528e-09 5.05073419221274e-09 2.78006246801574e-09 6.85362733580792e-09 7.02938776252971e-09 1.4320038658626e-08 1.47481158088902e-08
