Validation points/white/Naja_naja-white.asc
NCOLS 267 
NROWS 469 
XLLCORNER 376490.070567719 
YLLCORNER 381033.488324056 
CELLSIZE 919 
NODATA_value -9999 
[rows 140 to 159 of 469, columns 132 to 175 of 267]
2.65574443762832e-09 1.54194020976031e-09 3.50657091891348e-09 2.87631971017901e-09 1.61809573348425e-09 3.10031728493504e-09 4.54152723978144e-09 6.73159898027513e-09 1.74819201317096e-09 1.69819859974716e-09 1.84985955484549e-09 2.27736031015023e-09 2.46121051210276e-09 2.99200577215294e-09 2.25474102867027e-09 2.81943651282187e-09 1.24090622278584e-09 2.89957973659431e-09 4.84849498837362e-09 1.45971388803266e-09 1.27130815972248e-09 2.09660213351584e-09 3.36877748659626e-09 1.8223185225157e-09 2.05865211437179e-09 4.42813213272818e-09 2.89245425938259e-09 2.95699879466622e-09 5.03410173988099e-09 4.21455356635099e-09 2.52842230248513e-09 2.75835289004144e-09 2.76769421579624e-09 2.07314990681186e-09 1.53591434420411e-09 1.99490097670722e-09 2.10697066888508e-09 1.48979160703942e-09 1.36101537400362e-09 1.14630074601694e-09 4.04317652797404e-09 3.40201864314231e-09 2.95592189487718e-09 4.7792341114062e-09
3.18021098948732e-09 2.69332400976532e-09 3.79231825196001e-09 2.49090171767551e-09 2.19319760854184e-09 2.32450163563251e-09 3.18354172574516e-09 3.03404849901113e-09 1.87577955451765e-09 2.20740365420155e-09 2.18110365315262e-09 2.40687397513995e-09 3.37316394142365e-09 3.8774730887344e-09 4.39210143630111e-09 2.75030073060648e-09 2.01329811388116e-09 3.65487049817351e-09 4.42419406912081e-09 1.59889102950478e-09 2.77969238571098e-09 2.13549526908658e-09 3.28926881566356e-09 3.86108205010017e-09 4.11378954991119e-09 4.05732697414773e-09 3.79149500784752e-09 4.29556573528142e-09 4.4854509967793e-09 1.74161520403782e-09 3.097631381096e-09 3.14668065019304e-09 3.44783517676578e-09 2.19325114686533e-09 1.58739513123141e-09 1.56439588885532e-09 1.55733982104524e-09 1.70770976480644e-09 2.45308712816235e-09 2.3823772449255e-09 3.1891813568014e-09 3.83402530790541e-09 4.74825815147521e-09 2.17000114529116e-09
1.78146552498397e-09 2.62538914033867e-09 2.53731388672069e-09 3.11600918766971e-09 1.56150646040716e-09 1.39041708882428e-09 2.35850374929983e-09 2.25021515002838e-09 1.43723700459286e-09 3.07524764362094e-09 2.2830967319242e-09 3.34671547077759e-09 4.63255269514358e-09 2.30145275205639e-09 2.99853007781776e-09 3.46180528011745e-09 5.07172847820339e-09 5.23312793136468e-09 1.92819582599301e-09 3.16610924374491e-09 3.17205019942376e-09 1.46488572441836e-09 3.44861391165217e-09 4.61368188648756e-09 3.79535962405614e-09 3.98430747726127e-09 4.39749889068908e-09 3.48273194031365e-09 2.20637495463032e-09 2.00994779124408e-09 2.64748224669857e-09 3.49132698328897e-09 3.60837682561954e-09 2.15603317498827e-09 1.7390327280403e-09 1.55240603931791e-09 9.6263972788105e-10 1.73578699569902e-09 1.80227347705673e-09 2.1110760696383e-09 1.38694207299734e-09 2.52880020428247e-09 2.86863853862925e-09 4.15014636985951e-09
2.39099910555442e-09 2.76733775253208e-09 1.70231665852379e-09 2.38923543232139e-09 4.45336960718155e-09 2.48179095352926e-09 2.42324218624831e-09 2.20333758562844e-09 2.96181648403858e-09 1.26871664383401e-09 2.39620565879959e-09 4.4294261057109e-09 3.38185221489724e-09 1.2298042024925e-09 2.35895696706845e-09 2.08492080375433e-09 1.7391403417971e-09 2.69138287782016e-09 2.35631724279496e-09 1.14586135148544e-09 2.72772636371341e-09 3.00265814361785e-09 4.33647995654136e-09 4.25633004202298e-09 4.0364338762931e-09 4.65533491396515e-09 4.59724980269395e-09 2.15136275196662e-09 2.08839816511089e-09 1.15711758684016e-09 2.50071988542127e-09 4.26430589525809e-09 2.40355722579141e-09 2.10874052275681e-09 1.82432881726695e-09 9.69270481376305e-10 1.38041993739476e-09 2.05662965834965e-09 1.98635044178009e-09 2.13483979270491e-09 2.18507847859597e-09 1.96225531017146e-09 3.49974877514767e-09 1.90298410950829e-09
2.79398652440461e-09 2.86650047698376e-09 3.7993437811699e-09 4.52322293872305e-09 3.96378750495521e-09 1.35942671707309e-09 2.49954957445329e-09 2.546499648666e-09 3.74700216310608e-09 2.01191201557495e-09 4.19808326625841e-09 5.00764617601153e-09 2.77740725216784e-09 1.7360699645449e-09 1.14484097910998e-09 1.68720377482518e-09 1.66597931343359e-09 2.03628099604118e-09 2.15117242488143e-09 2.21217525872485e-09 3.27000173052651e-09 3.05399930990625e-09 4.00558015071053e-09 4.00004005519794e-09 4.75973274985204e-09 2.7942060051419e-09 2.87057723292878e-09 1.7423579178367e-09 1.80851534181797e-09 2.43349285572882e-09 3.44224377136278e-09 1.45251781422873e-09 1.48716204594602e-09 3.16229037246427e-09 1.22536095787753e-09 1.31238383682775e-09 1.41182969418604e-09 3.48719233487996e-09 3.63853883618092e-09 3.0550785647208e-09 2.06163795811065e-09 1.13064903640117e-09 2.03386306400994e-09 2.6008701769627e-09
4.21198857678342e-09 4.75947166014007e-09 4.11038423906888e-09 2.41376058571226e-09 2.02153813179859e-09 3.37087540706015e-09 1.17217433681294e-09 2.82316546602122e-09 3.41726192120686e-09 3.69080597332315e-09 3.33689472529385e-09 5.20709674660954e-09 3.09989340483771e-09 1.55125651060032e-09 1.66472264963044e-09 1.7733088150701e-09 3.69051147446896e-09 3.08353083143902e-09 3.69772815148024e-09 1.71926765213895e-09 1.30284277164894e-09 2.88335082569377e-09 4.10369985964693e-09 4.47444224556256e-09 3.74563594688354e-09 1.7029405027336e-09 2.27181034575977e-09 2.17758822847377e-09 2.20176842491969e-09 2.07253257917558e-09 2.55590537247834e-09 2.46565854137629e-09 3.1211843835318e-09 1.25312943830487e-09 2.30362267217913e-09 2.09879701802558e-09 3.42705360433508e-09 4.37530601753904e-09 4.71056110160383e-09 3.55683030549329e-09 3.62930802336057e-09 3.46803179662228e-09 1.5636891558931e-09 1.07401982348843e-09
5.19370099993049e-09 3.44261133866143e-09 3.4295145175086e-09 1.27241982202825e-09 3.15249161716727e-09 4.15062409222163e-09 3.26667932752267e-09 3.33315388748874e-09 4.53334003990957e-09 3.2724899702235e-09 3.18435280541922e-09 2.99301929410633e-09 2.89399242841533e-09 1.69210850587944e-09 1.37153970215468e-09 3.85806643165522e-09 3.47402207723574e-09 1.10953313322745e-09 1.57536083473424e-09 3.22944026466401e-09 1.25140085147862e-09 2.43294060104008e-09 1.90320720134572e-09 2.0598716571814e-09 2.87726713129329e-09 2.59725172741301e-09 2.43612309454362e-09 2.4182155766751e-09 2.33865459032238e-09 2.78005839026185e-09 1.43653887381732e-09 3.88453156869977e-09 2.91777059005503e-09 3.22716967296388e-09 3.88407128228167e-09 3.5960593699518e-09 5.04271124334527e-09 4.06396050319865e-09 3.5359490833994e-09 3.08411945415337e-09 3.73554023758296e-09 4.26529212940773e-09 3.15124613013287e-09 3.01074552567256e-09
4.69403710668767e-09 4.76261946590761e-09 2.50299213086339e-09 2.08091032640614e-09 2.27666854055004e-09 3.92661365683022e-09 4.47101312017894e-09 5.21596018845104e-09 3.83220826729448e-09 2.51287680165338e-09 2.29901591536085e-09 3.10886918100011e-09 2.40748228706035e-09 1.78991411427419e-09 2.20653056438157e-09 3.56346418302547e-09 2.3827667940287e-09 3.02137804258063e-09 2.41873671135522e-09 2.55643856503241e-09 2.18001959255784e-09 1.80201753362125e-09 2.50893608664951e-09 4.20121266487108e-09 3.42732351900042e-09 2.9338770851901e-09 1.58237863183213e-09 2.28105497896284e-09 2.47669439879811e-09 4.07344889536195e-09 2.20909999457809e-09 2.89079146279563e-09 4.01434729846255e-09 3.1006269945805e-09 3.11378427996335e-09 4.82883186494958e-09 4.59845648607836e-09 2.12168173504487e-09 2.81293730508539e-09 3.61065461430524e-09 2.73329457447216e-09 3.26019254315541e-09 3.10414112823185e-09 3.48294505749179e-09
2.99803491001529e-09 3.40028632624034e-09 2.23734462810721e-09 2.27458763713092e-09 3.4332213575787e-09 3.66839781515436e-09 5.19534555846112e-09 5.14666525289161e-09 2.53665123194725e-09 2.75416343109264e-09 2.70681949073819e-09 2.21144868132473e-09 2.32248722812042e-09 2.00324699731871e-09 1.41918008335896e-09 2.40447683648539e-09 2.28482306012409e-09 1.10272138512768e-09 2.32356158636014e-09 2.30051108315189e-09 1.98419988850207e-09 1.95162804710601e-09 3.96757977171587e-09 3.8932191795218e-09 5.69255208256058e-09 3.94927523558812e-09 1.63797554115754e-09 2.46472895316451e-09 4.08294819982009e-09 5.24583731247163e-09 1.75495286298805e-09 3.47989824091663e-09 3.59184164978834e-09 2.95610256098777e-09 2.37871299961813e-09 4.02920313165512e-09 4.0436918299138e-09 3.72295274362249e-09 4.68128020300276e-09 4.31357363441214e-09 3.9366482605175e-09 4.08648493696509e-09 3.57604928274347e-09 2.96221435495958e-09
3.7918926712213e-09 1.81318865603306e-09 1.43894727055121e-09 2.85884455275988e-09 2.48914474595994e-09 4.20182283939304e-09 3.29961538055951e-09 6.14583531218622e-09 1.91133274011202e-09 2.30772050494354e-09 2.72674830781227e-09 3.37578485916638e-09 1.321501059889e-09 2.13052694934324e-09 1.93721441308511e-09 1.21542690116909e-09 2.30716595992501e-09 1.86937042664697e-09 2.44217327485225e-09 2.59077256047953e-09 1.93033545284103e-09 4.37201736470803e-09 2.31520627390483e-09 5.00418041831156e-09 4.7301424615309e-09 4.47752570773683e-09 4.10484137284189e-09 3.44041328864011e-09 4.12451319810984e-09 3.00241758013768e-09 4.92132768935564e-09 4.907713449403e-09 4.7589373917279e-09 3.79500598359898e-09 4.25008213850042e-09 3.88677547439705e-09 4.67470337201803e-09 4.86792384272093e-09 3.71258387834373e-09 4.10708413224484e-09 4.2847113539385e-09 4.83189512650007e-09 4.30156248447384e-09 2.59527768904071e-09
2.34044163864695e-09 2.27919399223392e-09 2.64863635582829e-09 2.12671110082772e-09 1.98497264877927e-09 3.8630703280623e-09 3.29085379452036e-09 2.39322054052012e-09 3.25682980326472e-09 3.38967717988319e-09 2.11202338724641e-09 2.58607128497177e-09 2.44869869544892e-09 2.7991677902533e-09 2.72820873770063e-09 2.34588015183272e-09 2.98846425965461e-09 1.67515112166012e-09 2.30964173875707e-09 2.80571924115492e-09 4.04126329124873e-09 6.25131370497756e-09 3.54890135610092e-09 2.87397103851004e-09 4.87175345140669e-09 4.54049008233017e-09 4.99379981152983e-09 5.1881198790249e-09 2.2747902285024e-09 3.98593199633846e-09 7.03552271750514e-09 5.25326962779315e-09 2.22120640529741e-09 4.88579266443321e-09 4.22506079848403e-09 3.57347059166212e-09 3.36554880273573e-09 3.60776153343512e-09 2.9926562153106e-09 2.04825036735282e-09 3.54241655756587e-09 3.509979015792e-09 3.83903673014624e-09 3.8166783873356e-09
1.40494022516836e-09 2.1481595156478e-09 2.47914599980518e-09 3.41577740636821e-09 3.31457189991473e-09 3.40616302385643e-09 4.36036741360011e-09 2.19761281568532e-09 1.71823433077261e-09 2.05348064874924e-09 2.16831317896217e-09 1.57665260942248e-09 1.20228198217147e-09 2.44522469575761e-09 2.9461971648135e-09 2.2324045340345e-09 2.22864511546284e-09 2.88936518378437e-09 2.17676852143774e-09 3.15937223436778e-09 4.61670165145309e-09 3.85092677687456e-09 3.29760666764453e-09 3.45085109747405e-09 4.28614329619292e-09 4.44536098844625e-09 4.24113169274396e-09 4.76419622081854e-09 3.99531969324321e-09 2.42432093713411e-09 4.00301436104384e-09 4.42609335891543e-09 3.9075911458499e-09 4.89884655779161e-09 4.68779121982802e-09 4.17367872043378e-09 4.35574340265656e-09 3.89477367527228e-09 4.73164990846989e-09 4.67236038384174e-09 2.83547413692853e-09 3.15214680316843e-09 4.09045476657762e-09 2.32952369781146e-09
3.29401018274396e-09 1.61179938941974e-09 2.82166712791217e-09 2.15335461408681e-09 2.03116288825648e-09 2.47212356224156e-09 2.09950745145013e-09 2.21133431268878e-09 1.87422927076679e-09 1.95368975168986e-09 1.73176567283501e-09 1.57942653486901e-09 2.25514225081826e-09 2.44887622077484e-09 1.29767673954789e-09 1.67857680996459e-09 2.43333631606949e-09 1.46471484582863e-09 3.19007826487043e-09 3.49175881998493e-09 4.36980272910624e-09 3.83264782359184e-09 4.50877753630583e-09 5.30161821039987e-09 4.83589651758449e-09 4.41606432994558e-09 3.85316706534962e-09 4.59660496430729e-09 4.55823749186876e-09 3.35432118498228e-09 4.34733568325024e-09 3.53887395345575e-09 3.96446148416089e-09 4.24748534462858e-09 4.28978149048598e-09 4.21887078124665e-09 5.38356360123931e-09 5.68421365031547e-09 4.65257407468199e-09 1.98802372742057e-09 2.10495990978774e-09 3.7172411184774e-09 4.90630715903585e-09 2.04198258588171e-09
2.13049558323952e-09 3.16627610669565e-09 2.80136523814171e-09 2.88649121395575e-09 1.55182366283158e-09 2.85230177519053e-09 5.14749562293962e-09 5.08182567008415e-09 1.09378151220001e-09 2.42628172545958e-09 3.18880788950038e-09 1.26442421511919e-09 3.08058585880325e-09 2.74869739866962e-09 3.25965707356307e-09 2.15941880707113e-09 1.48341928405371e-09 3.25685078900192e-09 3.6890607020745e-09 4.88588378929087e-09 3.13277813595397e-09 4.44851568576674e-09 3.42714113636806e-09 5.05115535192047e-09 4.5907456082224e-09 4.31167365133396e-09 4.91229982208201e-09 5.5949681662719e-09 4.58463447968813e-09 4.43562584290152e-09 4.9802370113049e-09 3.71759806872542e-09 4.61339465254742e-09 4.60728267798683e-09 3.6377781254257e-09 4.3514749688677e-09 4.23313877294084e-09 4.29098812201605e-09 3.4541584445769e-09 2.47810470551375e-09 3.07662860252329e-09 1.5193295941722e-09 2.54357103493302e-09 3.00703485092142e-09
1.9187834512726e-09 2.34672990524849e-09 9.15230272082192e-10 2.14835406160717e-09 2.27522782554171e-09 3.14051313418003e-09 4.07989246573305e-09 2.06815468266752e-09 2.62380139000988e-09 2.8652133319615e-09 1.30982475726841e-09 2.63013147249612e-09 2.84647158284983e-09 3.99339607828294e-09 2.51367343931656e-09 2.45059280990615e-09 2.66923932085119e-09 4.25401794199562e-09 2.40145743539367e-09 4.3607422583527e-09 5.30063484132066e-09 3.37356996754678e-09 4.76324229573714e-09 6.04654308320452e-09 5.41151438832082e-09 4.90139517419218e-09 5.17124183267849e-09 3.78576467751507e-09 4.79282120709965e-09 5.33288733576287e-09 5.15358394013635e-09 5.88348655147505e-09 5.356191201685e-09 4.85584566367531e-09 6.17489835397214e-09 5.54520618727987e-09 4.11885414519161e-09 4.95161104355539e-09 4.79573059654573e-09 4.12175352117471e-09 2.29082968254918e-09 2.58316818820693e-09 1.56988596491189e-09 2.43325714054865e-09
1.70111261835388e-09 1.87529769612389e-09 1.78883859107262e-09 2.03479715256565e-09 1.83652455895668e-09 1.42697476380989e-09 2.08089754845058e-09 2.08650705494657e-09 3.82262491898632e-09 2.50130154824112e-09 3.10636188933414e-09 2.99073492765883e-09 2.50532548430237e-09 1.29497998934853e-09 1.69509156235808e-09 2.52827300753278e-09 3.36733314521578e-09 3.91798864330714e-09 5.89121963019531e-09 4.36669669465533e-09 4.46099262861675e-09 4.59953051529906e-09 5.12623094995767e-09 4.69839327365768e-09 6.39918819290056e-09 6.06732856305477e-09 5.15251606432487e-09 4.38953337942583e-09 4.39663982454112e-09 4.51552768873879e-09 5.00537453674658e-09 5.63574383378364e-09 6.30922031678895e-09 5.38978021115727e-09 6.02265976418961e-09 4.75380321025483e-09 4.36458845920065e-09 5.17939226550208e-09 4.53534506213173e-09 4.2530450351997e-09 4.5056082716878e-09 2.597526607463e-09 2.67423284512745e-09 1.74543656129268e-09
2.61207371014265e-09 2.93926294130063e-09 2.31443460179268e-09 1.40198197287826e-09 2.92953094526169e-09 2.52343133048288e-09 2.77331476030949e-09 2.09578638607594e-09 3.85057749133229e-09 3.01928957960135e-09 2.99609673533072e-09 2.86749285316011e-09 2.12431990482668e-09 3.07374657124308e-09 2.67685667816781e-09 3.50313090021141e-09 2.28686084690439e-09 2.49743792117636e-09 4.31809661454145e-09 4.60551811859805e-09 4.19913260021227e-09 5.01184774159481e-09 6.32727641873383e-09 6.53636919169472e-09 6.10671537312754e-09 5.0618328523519e-09 4.49648058631358e-09 4.31942478919024e-09 5.08545763698085e-09 5.77312848225299e-09 5.5745169633939e-09 6.01463170381007e-09 4.92906686775415e-09 4.17562885397064e-09 4.16931953439895e-09 4.41561322272213e-09 4.94112178000736e-09 4.08899371488856e-09 4.22885717678567e-09 4.25983586397388e-09 4.46092013263363e-09 4.07211200116314e-09 1.84378867905515e-09 1.93576274515328e-09
1.34385388505546e-09 2.80047292634196e-09 3.0890033514492e-09 1.46023879497305e-09 2.10510609315144e-09 2.85309320798639e-09 2.66755035025195e-09 1.95289984602028e-09 1.64697376472076e-09 1.44027821354402e-09 1.79743188948307e-09 3.10555545941541e-09 2.98859641630327e-09 2.85695165384509e-09 2.68974378281078e-09 4.12144106957114e-09 3.04999530563182e-09 4.09124109031799e-09 4.9898587905946e-09 4.53486880452879e-09 4.33844719892832e-09 5.56172098522088e-09 5.15541957316576e-09 6.73077522539514e-09 5.12319759975725e-09 4.15797614582954e-09 3.99175490334725e-09 4.36978414071323e-09 5.10732800418505e-09 5.04373207937459e-09 6.10208688987277e-09 5.62040550955395e-09 5.34738386374162e-09 4.06059513430329e-09 3.74354344582418e-09 4.37319753733717e-09 4.03876718311305e-09 3.345999402636e-09 3.90310687615941e-09 4.86651089156269e-09 2.4670406242829e-09 1.75751209717355e-09 8.98557054381357e-10 1.96178686086953e-09
1.29141224164548e-09 4.03677765610592e-09 2.09927009975414e-09 1.57662557254773e-09 1.59644360454147e-09 2.48849422759129e-09 1.98792421905361e-09 1.57669686775894e-09 3.7039458259354e-09 1.89897114649818e-09 3.05403736542453e-09 4.01049002713707e-09 1.79502536030391e-09 2.66321041960813e-09 2.09300498121301e-09 3.3804053434608e-09 3.65369865636525e-09 3.39182352626341e-09 4.684193127449e-09 4.04657015197142e-09 4.79971365558426e-09 6.19196103056687e-09 5.65672289976317e-09 3.61334878496972e-09 5.34759500567045e-09 4.02906522825753e-09 4.26750866758002e-09 4.38298351211411e-09 4.23808909720715e-09 5.49029463188655e-09 6.51742426567471e-09 5.96563024800246e-09 4.36272564268081e-09 4.12373250657231e-09 2.27377755770562e-09 5.36261366892363e-09 3.75211036084233e-09 2.36039200208945e-09 3.23758644467727e-09 3.62718538975348e-09 4.60833416424205e-09 2.17617303550657e-09 1.999884984365e-09 2.38268585776171e-09
2.79836230202235e-09 4.03033875277774e-09 5.55106797143684e-09 2.65249301853266e-09 4.25382572417192e-09 2.16987419746009e-09 2.76880263707838e-09 3.06765844927912e-09 2.00313668402161e-09 3.01653879432806e-09 2.77381883187419e-09 4.92772899094793e-09 2.62907456530549e-09 3.72553703208643e-09 2.08300216128673e-09 2.82878640852875e-09 2.66137209211081e-09 2.49901380110357e-09 3.96951186202663e-09 4.9863383540084e-09 5.79003801948395e-09 6.17453188023345e-09 6.40798028067536e-09 5.87631076360811e-09 6.18460970450719e-09 5.57533795817905e-09 4.17579923698606e-09 4.38816094515095e-09 5.26057642720405e-09 6.29506919226303e-09 6.54706250356139e-09 5.5230405929905e-09 4.23838462193396e-09 4.25566161358484e-09 5.18545528251294e-09 4.07483154877609e-09 3.6942715166536e-09 2.16597304566562e-09 4.2061532646128e-09 2.08250529447132e-09 2.64920267553348e-09 1.07409433301024e-09 5.92531734073494e-09 1.53524874425174e-09
