Validation points/white/Naja_naja-white.asc
NCOLS 267 
NROWS 469 
XLLCORNER 376490.070567719 
YLLCORNER 381033.488324056 
CELLSIZE 919 
NODATA_value -9999 
[rows 260 to 279 of 469, columns 176 to 219 of 267]
4.60453376329738e-09 5.96325343064678e-09 3.47536587880019e-09 3.56733282034061e-09 3.73782955675495e-09 3.15035819537282e-09 3.81611399614295e-09 3.19207535176833e-09 7.15949959940029e-09 4.54536537224952e-09 2.79877300971142e-09 3.01754078993536e-09 2.83889785283889e-09 4.11228883585216e-09 4.51081953088702e-09 7.76364626345442e-09 5.67947154803496e-09 3.12615852669209e-09 3.22720950167172e-09 3.094392393742e-09 2.68702262858436e-09 2.00786754506907e-09 2.73200081158057e-09 2.63218661324345e-09 2.63571750265359e-09 2.40490784618535e-09 2.71914548362561e-09 4.3745108755176e-09 4.14276384206623e-09 2.34761828092966e-09 2.62941361536011e-09 2.74646323433672e-09 4.15455721069486e-09 2.97656496333446e-09 2.69327444475446e-09 3.29504022982046e-09 2.59515547138038e-09 2.48286644173237e-09 2.95498636502425e-09 3.22975626692061e-09 3.39414380182273e-09 4.48427461593602e-09 1.60121718472449e-09 2.63352005117779e-09
3.94447098620989e-09 4.60360680160656e-09 5.25028893664038e-09 2.81069237312907e-09 3.13551597089169e-09 3.55315841357293e-09 3.24895011992162e-09 2.76353572319166e-09 2.90252592848356e-09 3.23380640718009e-09 4.24866969761886e-09 3.01336267112453e-09 2.9721952665233e-09 3.32049994043338e-09 5.32663872246073e-09 3.52328045273656e-09 3.1447128297351e-09 3.40405678146192e-09 1.71890703922524e-09 3.06924829764173e-09 2.21219957120351e-09 1.27929295471378e-09 2.42811560830828e-09 2.92995155560443e-09 3.33994336977758e-09 2.97591683904845e-09 3.01396041082346e-09 3.78222552042397e-09 4.52650436838057e-09 3.89418869831325e-09 3.19424227001141e-09 3.88031270925112e-09 2.41380748852865e-09 2.59333798220417e-09 2.89794692616406e-09 2.43907620291624e-09 3.05067203454115e-09 3.52025123599482e-09 1.8768195349657e-09 4.45556683544724e-09 2.86512058590269e-09 5.55039364105759e-09 3.11201542061122e-09 3.60332388959472e-09
8.67840284853328e-09 1.08019185607906e-08 5.76326807181442e-09 2.62711816643734e-09 3.88347816141163e-09 4.6224418548773e-09 5.42268861846708e-09 3.7244871374314e-09 2.68443038286e-09 -9999 6.73453690605486e-09 3.68173810477847e-09 2.62841097768292e-09 3.37134983041861e-09 3.85854689324824e-09 2.68754697614169e-09 2.53052937701754e-09 2.41476627216514e-09 2.67310254533848e-09 2.39633232102871e-09 1.66608587585041e-09 3.20449311305251e-09 2.8652360450604e-09 4.35038859113238e-09 3.0901789103705e-09 2.67412549253157e-09 2.69860896937736e-09 3.38069803429771e-09 3.30074634330875e-09 3.26965304490578e-09 2.15418151356074e-09 2.81246056214505e-09 2.17900225446661e-09 2.64155532186079e-09 2.93139225510745e-09 2.4216095628985e-09 2.28516746012934e-09 2.59131697045749e-09 3.16654114784601e-09 2.44560919386765e-09 1.92088978447631e-09 2.85175846233045e-09 3.98936016894231e-09 6.06807671246898e-09
5.7956146944538e-09 7.28025737022053e-09 9.51953914954088e-09 9.27597997170676e-09 8.27781898846677e-09 4.00710790749712e-09 3.81752528359744e-09 3.4422386950868e-09 1.68377027482156e-09 -9999 8.79397632018402e-09 6.38358184806213e-09 3.31708104981985e-09 3.18512059975711e-09 3.35486589967586e-09 3.26339787643197e-09 2.05663384868637e-09 1.47819038447408e-09 2.25452903224255e-09 3.80118214175886e-09 3.58262467118368e-09 3.2345817803962e-09 3.59064910757407e-09 4.15104802866491e-09 6.30442809807422e-09 2.43022534844206e-09 2.75881976406792e-09 2.34397684864488e-09 2.32226537327685e-09 2.12777889418169e-09 2.46084628294487e-09 2.62299577895393e-09 1.06257711737653e-09 2.40992472413257e-09 2.549572670006e-09 6.18998217158413e-09 3.40168941148222e-09 2.74691845963007e-09 1.82803718920933e-09 2.25270145984982e-09 2.4979886402836e-09 2.87428999199704e-09 3.5860765202445e-09 5.89607981414164e-09
4.79408371522945e-09 7.10042611480272e-09 9.70461363824085e-09 1.00651361768866e-08 5.23284350195907e-09 9.37623889937972e-09 4.87260720192799e-09 3.53988594970699e-09 -9999 -9999 -9999 7.22812173115298e-09 3.73624295736484e-09 3.18977052046461e-09 3.23705207907813e-09 2.03267438964468e-09 2.05961304565431e-09 2.44308887639561e-09 3.92858330170349e-09 2.9285814191269e-09 2.03086509997083e-09 3.50633128535643e-09 3.40609689589357e-09 3.73783617747409e-09 3.51849242012125e-09 2.30291995050155e-09 2.11786802432556e-09 2.23983117739039e-09 2.11689596642814e-09 2.62753862771148e-09 3.48199492428937e-09 3.85172745831518e-09 2.93746127201512e-09 3.07285611975963e-09 5.21343898678163e-09 3.1832812988988e-09 6.09752759083602e-09 4.57906184927105e-09 2.49264746751829e-09 2.41457925198122e-09 1.52093538076414e-09 1.06274724650829e-09 2.29199863352075e-09 4.00742102728788e-09
6.56276197695067e-09 1.05341537225741e-08 1.0163592452606e-08 6.17174729517565e-09 9.61688221265936e-09 6.32274955865603e-09 6.97590032369743e-09 3.17557728751345e-09 -9999 -9999 -9999 5.65506099769601e-09 2.42123755796856e-09 2.93722998753448e-09 4.36174917648198e-09 3.4286397475549e-09 2.55602505177889e-09 2.13900291446548e-09 3.4021350860863e-09 5.0993935954363e-09 2.5960090121026e-09 3.93036134417292e-09 5.01288116598343e-09 4.4364925604796e-09 2.09580064924777e-09 2.96055175717054e-09 2.98167222996114e-09 2.44002189878271e-09 3.68928055633819e-09 3.365738105131e-09 3.28399173557161e-09 3.36413336539652e-09 3.43737918863583e-09 4.64978012420988e-09 6.15445307370044e-09 6.63822595996512e-09 3.48265734985768e-09 3.46658581841761e-09 2.88114905974144e-09 2.7454199727303e-09 3.05441308915181e-09 1.88483023706174e-09 1.30126795041601e-09 2.85971733387565e-09
4.90967540460655e-09 9.96617482486042e-09 1.00498350000762e-08 6.36472300372559e-09 7.82524754907185e-09 7.93758797896577e-09 3.1788712948097e-09 2.80233742238024e-09 -9999 -9999 -9999 6.96989472324944e-09 2.13648302604718e-09 1.85246089884497e-09 2.29486347202043e-09 2.10413896044673e-09 1.7854408845235e-09 2.03490319219561e-09 3.24045521697431e-09 5.50139402983411e-09 2.57169495496669e-09 3.944124645826e-09 3.32570304373188e-09 4.27478537949005e-09 5.39230830440477e-09 4.25940556570848e-09 3.21641238850357e-09 2.72240444585105e-09 4.07829963069863e-09 3.26908382627326e-09 2.92863242861697e-09 3.79797796302463e-09 3.48671991510538e-09 3.77321195750308e-09 3.86128729490623e-09 3.96762972244913e-09 7.36698201290409e-09 1.38491460904691e-09 2.61994624505718e-09 1.50173523594459e-09 1.5925114696329e-09 3.93330638738952e-09 1.80526831261254e-09 2.38123626401312e-09
7.99908619692668e-09 5.3214973178867e-09 1.05676248598733e-08 7.93976826061557e-09 9.42498765773157e-09 8.21450552067777e-09 3.14972916509795e-09 2.19487596435072e-09 6.13846410568565e-09 -9999 -9999 8.36957812551328e-09 2.31794738381376e-09 1.43755709687202e-09 1.53344009764796e-09 2.57377625478111e-09 2.84518892866931e-09 4.58613974131436e-09 5.10458682277335e-09 7.15392182002879e-09 5.17097802445077e-09 4.11683197119697e-09 2.74765875307326e-09 3.3155584466323e-09 3.56763134877987e-09 4.15567198835591e-09 2.78147395346187e-09 2.8332488253948e-09 3.31056934854705e-09 4.07863528097695e-09 2.28744528101013e-09 4.16824734821284e-09 4.8050984442887e-09 2.31017731605121e-09 3.19533301082154e-09 3.11129575743573e-09 2.53049958833343e-09 2.88723432850422e-09 2.98269390623616e-09 2.34033857419709e-09 3.61772843634237e-09 2.29464265852931e-09 1.74504615635164e-09 2.63506745866555e-09
7.33939032356373e-09 6.69402089228383e-09 4.41135349776065e-09 3.0828979012766e-09 4.36819963221469e-09 4.37790782629399e-09 3.97374976816367e-09 5.59962394655161e-09 4.09178761645133e-09 -9999 -9999 -9999 4.4056871928733e-09 3.37857065054444e-09 3.07641425130809e-09 2.88037255597053e-09 2.11719726495625e-09 1.82725036330606e-09 1.88076604045043e-09 3.52829611880906e-09 7.10159966737498e-09 4.03776133540747e-09 3.75829880105245e-09 4.6970106210263e-09 4.08616629709017e-09 3.61326963198695e-09 3.49965019017252e-09 5.00999200586796e-09 7.5740574371839e-09 5.5311659884401e-09 5.36811739708527e-09 4.45772817104588e-09 5.01380965386794e-09 4.89302999102766e-09 2.56062863561816e-09 1.50510283875242e-09 4.0899312603407e-09 1.77347976315268e-09 3.3876857338042e-09 3.29243676659092e-09 2.44603762393726e-09 1.72786308292064e-09 3.99833672996958e-09 3.67459308587781e-09
5.50646502115575e-09 5.70059244541128e-09 2.64232342940171e-09 5.76029270356256e-09 5.10735111857685e-09 4.22789411329836e-09 6.68268041565193e-09 5.58498371858478e-09 -9999 -9999 -9999 3.59487473156948e-09 4.25232856522827e-09 3.24266902480515e-09 3.18864399838493e-09 4.11018077092357e-09 1.99603509858025e-09 2.56774148079173e-09 4.93410521747344e-09 6.7625580835198e-09 6.02327488881776e-09 5.43844801034509e-09 5.11435863610559e-09 3.98277596983309e-09 4.11411722111918e-09 5.85816656607515e-09 7.24544284231159e-09 5.03828931417979e-09 3.75926346487325e-09 3.17551418781972e-09 3.74598974576898e-09 4.44362653317198e-09 4.66939290585783e-09 5.13865030190904e-09 6.50795782578865e-09 4.17688150006611e-09 2.77568776314995e-09 1.36081075697749e-09 4.71220389117145e-09 5.95863228463314e-09 3.84777130782059e-09 1.96140896846531e-09 3.15482646452709e-09 3.11870461193393e-09
3.31026098886634e-09 4.43668931635577e-09 5.07672757356979e-09 5.17618416326585e-09 6.29735056673446e-09 6.25379257590754e-09 3.60341973935115e-09 -9999 -9999 -9999 1.7070995249697e-09 2.12795960759937e-09 4.01182321607425e-09 4.0415143567809e-09 3.62698180996447e-09 5.25637523175218e-09 6.63443724159767e-09 7.3790683548227e-09 3.63163849265979e-09 3.53940776989048e-09 2.83992993480064e-09 5.6564682919656e-09 6.20711311437764e-09 4.60493648423997e-09 4.0293121936602e-09 5.47274273382856e-09 4.2690761783493e-09 3.56151826093558e-09 2.97934461433013e-09 4.28431520696265e-09 4.2547181134925e-09 4.48055682889085e-09 3.16999367222232e-09 3.50113275312481e-09 3.77458595754353e-09 4.14039685831681e-09 3.82880158027259e-09 4.30299975606354e-09 5.84840772721955e-09 3.93798126114459e-09 3.95314128463774e-09 2.54251149914936e-09 3.11866521950292e-09 2.93880355675877e-09
3.94513972749759e-09 5.97955460825415e-09 5.4766753952758e-09 8.36438489280926e-09 8.57628999417738e-09 6.06558863843241e-09 4.16415738898013e-09 -9999 -9999 1.1207069213339e-08 4.73728305773816e-09 5.86116457396053e-09 5.03699519411724e-09 6.06491775772702e-09 3.30442945154088e-09 6.7677924319035e-09 9.06885346438588e-09 8.86468996612978e-09 8.68346535863299e-09 5.19295351621384e-09 3.5973477435727e-09 5.48699010263034e-09 5.14666952746856e-09 5.72006234614287e-09 5.89183763566979e-09 4.69519127413934e-09 3.45926936371378e-09 3.29634107456089e-09 1.89446748164394e-09 6.0523871739174e-09 6.6327794377942e-09 4.27765200790503e-09 3.31765791899108e-09 3.58936859160088e-09 4.11372857742333e-09 5.88143490012746e-09 5.20328283586328e-09 3.5046041059964e-09 3.07132226088643e-09 3.61769009829526e-09 3.42014255097718e-09 3.26890626040755e-09 2.61229927169776e-09 6.05877756711357e-09
6.59483981291277e-09 4.84935959093784e-09 4.57825181132413e-09 7.52189689623874e-09 5.25613233422541e-09 5.29821778145331e-09 5.08043885633054e-09 3.1491832563017e-09 4.77191960734796e-09 8.64928754866682e-09 6.21094778383288e-09 8.40188257442738e-09 6.03767592280735e-09 5.43425794888232e-09 4.25657762248014e-09 5.24647821186897e-09 5.61700135062286e-09 6.83906068747836e-09 7.5894477509336e-09 6.38737240396645e-09 4.20001763341853e-09 2.33226107196023e-09 6.91679288996861e-09 3.42656005030527e-09 4.93420521237301e-09 4.99881724392357e-09 2.26908039525946e-09 3.34537281447873e-09 3.65058053523521e-09 1.94370656654728e-09 3.95809931274049e-09 3.92760457736714e-09 4.11055958906044e-09 5.2535302816354e-09 6.960719204957e-09 7.11317678058855e-09 4.14016107664215e-09 4.31744872738078e-09 5.67592182152397e-09 7.44484255338502e-09 3.02624401013485e-09 5.61439568493725e-09 4.24367921332612e-09 2.34609461006859e-09
6.0569840320328e-09 6.8821056523184e-09 8.13397506802596e-09 7.1140066076019e-09 4.15151653185263e-09 4.78147712352943e-09 4.52362815377838e-09 3.33444545059889e-09 4.03276869883027e-09 7.10504024019066e-09 7.89592711350145e-09 6.74063460670254e-09 6.06314149229596e-09 3.57800992975851e-09 4.50316414237636e-09 2.75389101872253e-09 5.21448138266744e-09 4.34147302488982e-09 4.48041690419951e-09 5.29747109128302e-09 4.28397025552725e-09 4.32812712390191e-09 5.54361314030411e-09 5.40532158284104e-09 4.76101432801761e-09 5.59106028071762e-09 4.42244044436517e-09 3.35259894381997e-09 3.65424561659912e-09 3.8665457321236e-09 2.97052061604645e-09 4.09074728393857e-09 6.06779079918333e-09 4.933204291772e-09 4.65616263770973e-09 3.6323296886241e-09 3.27364943110344e-09 3.69266454069118e-09 4.26307891501561e-09 5.73924902912797e-09 6.66858552561721e-09 4.83801189061863e-09 2.93897609197482e-09 2.14868431605305e-09
5.44722323830976e-09 5.86240814470399e-09 7.44649037354993e-09 7.56445375325874e-09 6.99516527174395e-09 6.04641681907819e-09 2.77413988989074e-09 3.28630293498424e-09 4.12001681584586e-09 3.96170433353786e-09 7.02571234023222e-09 4.90288544029878e-09 3.73506425050494e-09 4.24352561767086e-09 5.96083165385856e-09 5.61511533674657e-09 7.26200085615057e-09 4.58952765157765e-09 3.99078512740716e-09 5.00021786537828e-09 4.85524099034543e-09 2.94961421904892e-09 4.71140582069255e-09 9.87342772340041e-09 4.56571347719881e-09 6.1773245078724e-09 5.99436161205433e-09 3.5587271894107e-09 3.60404719920975e-09 4.1199367458388e-09 4.00468042740828e-09 2.96256258306761e-09 2.47987630477535e-09 3.13549919129249e-09 2.74125192577826e-09 2.17804539812673e-09 2.76338727621188e-09 3.44464375021783e-09 4.79955668330225e-09 6.22576939506725e-09 7.34652107317256e-09 3.38249457634097e-09 2.42014937065565e-09 2.38877520922015e-09
4.89522568956427e-09 4.41750222647605e-09 8.40547062381081e-09 9.83761509775316e-09 8.84725096165838e-09 4.34461893190795e-09 7.97075270545799e-09 4.03750772340888e-09 2.42727581979586e-09 3.33145244880613e-09 5.78152052005935e-09 4.07470892872921e-09 3.5348781601242e-09 6.7141169761316e-09 8.55958593278958e-09 5.63375177912794e-09 8.63519161939195e-09 6.52179643626978e-09 4.89865399094785e-09 3.71446896184268e-09 5.2026983330072e-09 6.26931409838988e-09 6.33577256960254e-09 7.96809948318732e-09 5.57549990363852e-09 5.50605694754155e-09 3.69093484433507e-09 4.46486077306271e-09 3.96525806503094e-09 2.10723238994663e-09 3.54456365216289e-09 3.26497886826643e-09 3.05010136699464e-09 9.81721115181838e-10 2.87525536713504e-09 2.6864760551517e-09 2.78271659324576e-09 4.13619239905884e-09 4.98001272585933e-09 4.31727236098139e-09 5.36280163504463e-09 2.54674310788235e-09 2.35500655444887e-09 1.93409692356115e-09
2.47859989481549e-09 2.36326833196719e-09 7.87493380112479e-09 9.29355094205069e-09 9.3275895138661e-09 4.2659136731322e-09 5.15134738976003e-09 4.17168261271914e-09 3.81715372176647e-09 3.37294151925235e-09 2.54568938993318e-09 3.38321706814238e-09 1.53333401044707e-09 3.56228723919509e-09 4.98653916536022e-09 6.81619236230637e-09 8.44439351422987e-09 7.21943742635859e-09 6.08436438644134e-09 4.65370150834717e-09 6.3570835237595e-09 9.78638277152404e-09 9.67319945780238e-09 7.31759451858908e-09 5.29998682364309e-09 4.23555122391522e-09 2.62962783439167e-09 6.94798442094435e-09 2.90604022237756e-09 4.08626964988726e-09 3.11456883241312e-09 2.29333095194094e-09 2.7591903697003e-09 2.60832392315407e-09 2.80535352676684e-09 2.97291787906223e-09 2.68739590174483e-09 2.14824992928711e-09 2.22278539472989e-09 1.94872918206052e-09 2.19945211552711e-09 1.86991400243359e-09 2.1294274322507e-09 2.46318802182266e-09
3.66879409914954e-09 3.20012405717473e-09 6.75647375825581e-09 8.01913464103858e-09 5.66079364169813e-09 6.24152490570945e-09 7.34416857443431e-09 6.5126771677582e-09 3.49661458291557e-09 3.51725634237049e-09 4.20518636005545e-09 2.96769513457349e-09 3.13843360170923e-09 5.97024426391907e-09 8.19080685822607e-09 5.20223897589408e-09 7.44044101967082e-09 2.4740770003892e-09 4.87873268509615e-09 3.81923828384373e-09 9.52388761958843e-09 4.00483272674317e-09 8.43060058757573e-09 6.67869750114597e-09 5.37883231024494e-09 4.42459510512915e-09 4.29243356834371e-09 5.53529700191717e-09 5.92748601164397e-09 1.96023970982555e-09 2.7459410987691e-09 3.39949045996448e-09 3.26688822619571e-09 3.01957492343824e-09 2.93980947025063e-09 2.79233496786714e-09 1.89167970867352e-09 2.42234804513248e-09 1.53359138902264e-09 3.2035692420808e-09 4.3523779350355e-09 4.21201533533718e-09 2.66406438915374e-09 3.29275799780162e-09
4.15674709152529e-09 3.60045333896869e-09 6.8474716870698e-09 9.51314563116135e-09 8.42811565031181e-09 4.50711341720038e-09 3.38007938054478e-09 6.03902539894121e-09 5.93830507507936e-09 3.97022886511059e-09 5.0763532636412e-09 4.59496139255015e-09 6.50963413497998e-09 9.23971634345244e-09 4.91784076729304e-09 3.68038207226031e-09 7.37979195256367e-09 7.77058416119904e-09 8.9241740529594e-09 8.2110577534679e-09 9.20961051188699e-09 1.02210030972196e-08 7.48294925331146e-09 3.0971581403249e-09 6.51280803656756e-09 4.97246152551728e-09 3.24427320095961e-09 4.91721731637201e-09 3.4248193112027e-09 3.47532517848126e-09 3.46120983237649e-09 4.64922309305257e-09 3.94483215469048e-09 3.31078557209373e-09 3.49247807847423e-09 3.71400165903442e-09 3.40938970918841e-09 2.93228718315016e-09 4.42701068521573e-09 6.05472079289825e-09 3.44645219083204e-09 5.26701925287736e-09 3.81901937118895e-09 3.12192464388991e-09
3.47524442951944e-09 4.94972675348693e-09 7.32255537237354e-09 5.95729018046541e-09 5.40786753925963e-09 5.18888350713572e-09 7.05834617181782e-09 7.35724922853966e-09 7.41130381143911e-09 5.46613742741866e-09 5.45212680457673e-09 4.05097529721085e-09 5.96853988340579e-09 9.57550187307336e-09 1.12265578426097e-08 1.01092688045439e-08 9.88234227799753e-09 1.17587643147624e-08 6.53645207809222e-09 7.39498592522984e-09 4.74109266448081e-09 5.33650236966865e-09 9.20802867587243e-09 4.88163056346792e-09 5.26495810524779e-09 7.49902873224135e-09 8.51581823163784e-09 4.77851116766393e-09 3.34326637526216e-09 3.3483160631379e-09 2.8999720817714e-09 4.3861962475369e-09 3.05556825664517e-09 2.5739669076384e-09 2.597113257501e-09 4.51878269479044e-09 3.94342798687492e-09 4.44356012003805e-09 4.82350968399445e-09 1.96621405328091e-09 3.70097897278706e-09 3.37531853066761e-09 2.87808030700392e-09 2.92528128944965e-09
