Validation points/white/Trimeresurus_trigonocephalus-white.asc
NCOLS 267 
NROWS 469 
XLLCORNER 376490.070567719 
YLLCORNER 381033.488324056 
CELLSIZE 919 
NODATA_value -9999 
[rows 380 to 399 of 469, columns 88 to 131 of 267]
3.75522912868702e-09 4.51368263499638e-09 4.16699429058922e-09 3.55536861908999e-09 2.99555024457192e-09 4.65254328901873e-09 4.34622331043736e-09 5.13769803711346e-09 2.73288882053293e-09 5.44890959630073e-09 2.74713426589448e-09 3.21398209502583e-09 2.62156782491797e-09 2.75637697514546e-09 3.49888830719056e-09 3.32197397797558e-09 3.52486815179904e-09 4.80050299895926e-09 4.08902740006402e-09 4.77937230088033e-09 5.20635683627838e-09 3.94766550366417e-09 3.73546381799112e-09 2.99985126057046e-09 2.98983795986552e-09 2.80484762289262e-09 2.65883326128626e-09 2.73997361456531e-09 2.56093750492332e-09 2.46329315448261e-09 2.43588479552317e-09 1.71203829211703e-09 2.89342438583878e-09 1.76584002331445e-09 3.28650510960345e-09 4.01534564682273e-09 2.80755543542423e-09 3.21827614623148e-09 3.76545902104134e-09 2.90555397580504e-09 2.31570517518785e-09 3.70886907876467e-09 2.95583275429703e-09 2.5567257745729e-09
2.67047568237371e-09 4.75459932602797e-09 4.74662941819797e-09 4.60119206714263e-09 4.35347855323738e-09 2.39483972352231e-09 4.94792343356057e-09 5.58759756173034e-09 6.08629019770095e-09 4.413382440783e-09 2.59020047731649e-09 5.45728578262222e-09 2.60394708725855e-09 4.01185064979521e-09 4.4548359605544e-09 3.97066162852133e-09 4.02204189097245e-09 4.92520087119454e-09 4.99933640127216e-09 3.18862825599972e-09 4.90892381018354e-09 4.34341507716863e-09 3.56373279217342e-09 3.59537903364538e-09 3.31548214836148e-09 2.82076468248307e-09 2.56422632440816e-09 2.20180737711763e-09 2.1956360039866e-09 2.20780449265293e-09 2.13131546682709e-09 1.43046885925866e-09 1.9034712082188e-09 2.19227445137893e-09 4.06459837279912e-09 3.26283847267055e-09 2.74930876636916e-09 2.68845053695019e-09 2.80150530811817e-09 2.06785454058101e-09 4.44991066471671e-09 2.50984167543566e-09 2.68295428501899e-09 2.93321923173726e-09
3.51383676581618e-09 5.60207149362663e-09 4.87480440269197e-09 4.46036542588461e-09 4.14036212661842e-09 3.00488771656729e-09 3.1808639118257e-09 5.05188018786895e-09 5.29593697451505e-09 6.36025236081468e-09 5.05368422207271e-09 2.86766250771995e-09 2.82154304638014e-09 4.41643093137306e-09 4.42592692607118e-09 4.76933286974782e-09 2.59521954383993e-09 4.24158663886553e-09 3.73854506091109e-09 3.83854542864875e-09 4.38323596679988e-09 2.88234779339094e-09 2.24566093285537e-09 2.89851535828964e-09 3.68951352677327e-09 4.58215522772653e-09 3.15621631820486e-09 2.60401485230558e-09 2.46729425988073e-09 2.60902833519774e-09 2.49785034026073e-09 2.25446699102462e-09 3.05002471553684e-09 2.69498800139712e-09 3.9764954943607e-09 2.9120636605245e-09 3.2469339243073e-09 2.96187721080141e-09 2.89322769879177e-09 2.17742543880882e-09 2.23824162891326e-09 4.28217929832749e-09 2.69729554357428e-09 4.45142460326329e-09
4.48786276979287e-09 5.25198835711643e-09 3.83305370763721e-09 5.667745374338e-09 4.1240365358439e-09 2.70808037824632e-09 2.52186022967768e-09 5.18375896663334e-09 5.70842633877408e-09 4.62865236866543e-09 4.23986107894017e-09 4.44397873199e-09 3.628897183203e-09 2.9085248028644e-09 2.96859519689365e-09 2.96108406458281e-09 3.81942650123627e-09 2.91523694256211e-09 2.45807410452459e-09 3.00832349161706e-09 3.10694000912552e-09 4.35867078210302e-09 2.37589346178009e-09 3.83136845474036e-09 2.84672043402899e-09 2.79291792069087e-09 5.99739272596568e-09 4.18865191227018e-09 3.58182982251108e-09 3.24841555847125e-09 3.82595876272116e-09 4.16008687291993e-09 2.48593670297009e-09 4.24236347262222e-09 2.27582996878343e-09 3.57155258309303e-09 4.10179580385982e-09 2.23092045434687e-09 3.3387823696198e-09 2.71636012920161e-09 2.38032479064806e-09 2.37619129435362e-09 5.14466996936077e-09 4.22322313647999e-09
4.15167896517912e-09 5.29680268905964e-09 5.31867666673417e-09 3.44534625576184e-09 5.35336001356586e-09 5.47427887828962e-09 5.20937931831598e-09 2.81927476500629e-09 4.98122691870488e-09 5.29403097176305e-09 3.54573794456979e-09 4.95062547739689e-09 6.07184577734596e-09 3.880962338308e-09 4.0150650130893e-09 2.89872354759614e-09 2.87789755355397e-09 4.44191800713258e-09 2.5726426995897e-09 2.43888679298077e-09 2.73761033500377e-09 4.22159575260579e-09 4.73509537033357e-09 3.95427438530776e-09 2.40598427997808e-09 3.77288453187464e-09 3.73606825218439e-09 3.88977330524968e-09 4.54790199685259e-09 3.07554147875811e-09 4.41601660484309e-09 2.55323754694244e-09 4.1208509290042e-09 2.68093375475946e-09 4.14342961995789e-09 3.84438573583258e-09 4.40828223977685e-09 4.45451741575163e-09 2.54309387235559e-09 2.41517132318014e-09 3.61284965920739e-09 2.91058874389911e-09 3.00222823146044e-09 4.86945565829586e-09
5.1509394419159e-09 3.00008159501835e-09 4.92850056974879e-09 2.95283109290266e-09 5.3521016137484e-09 5.4946579456802e-09 3.45705223835904e-09 3.20885036919894e-09 3.00635018326881e-09 3.27672785185197e-09 4.81646296166652e-09 4.4371017741614e-09 4.24617003147443e-09 4.88213318015309e-09 4.12982265569563e-09 2.35947588345762e-09 2.79461129685443e-09 2.42701215919105e-09 2.15795173005457e-09 2.62740622829332e-09 2.60631892361725e-09 2.58735510692075e-09 4.41601795817055e-09 4.69285272800945e-09 2.5856469470716e-09 2.4091913158889e-09 2.55326089515664e-09 3.81422047214219e-09 2.09520195872137e-09 4.1833866888208e-09 4.07314830039134e-09 3.40393814690703e-09 3.26471448712564e-09 4.42322832609483e-09 2.76812207890814e-09 2.74824562225538e-09 2.16545777205212e-09 2.13655004475336e-09 2.5577867123397e-09 2.79675968357342e-09 2.9458587323917e-09 4.50737820094671e-09 3.64116444444275e-09 2.29154249665228e-09
5.83815447899682e-09 3.61102982414602e-09 5.17407023197696e-09 2.76473153397768e-09 2.71418228632756e-09 4.61661063860722e-09 2.83053616151884e-09 3.56598972004872e-09 3.15649202167066e-09 2.40549141075831e-09 3.00951738999391e-09 2.99776057650967e-09 5.36888741286118e-09 4.30304193697264e-09 4.31562888067279e-09 4.27571270031825e-09 4.17656455415228e-09 3.87813045593645e-09 3.45961046975055e-09 2.31936708118119e-09 3.41347157464647e-09 2.34105327933957e-09 2.67125142175865e-09 3.95294839391454e-09 3.51730815078998e-09 2.0980771485497e-09 2.2654249677004e-09 2.39603099449058e-09 2.42024929898583e-09 2.4397821617637e-09 3.87749386345903e-09 4.25931439862391e-09 4.59401560989538e-09 3.8163269981932e-09 2.41540195413309e-09 4.6087481970802e-09 3.07689474810077e-09 1.95212789795726e-09 2.43117356038184e-09 4.1775384186064e-09 3.65172010775375e-09 2.7174276250226e-09 2.95369789514997e-09 3.47126681670085e-09
5.20678258308658e-09 4.64124861481115e-09 3.09559343872083e-09 3.31311096184881e-09 4.58547449591877e-09 4.39424299465287e-09 2.70112242303564e-09 3.73761309028656e-09 4.32115445304135e-09 4.22284722578334e-09 5.26967012058028e-09 4.55410085832662e-09 4.41326610438601e-09 2.91955821001321e-09 5.36196443388178e-09 5.09319350068463e-09 4.02134022817598e-09 2.89657078243581e-09 4.40563605006106e-09 2.4132674498369e-09 2.37351646912286e-09 2.30261158972592e-09 2.77805305950582e-09 2.18649208232623e-09 3.46330345578334e-09 1.77649495286549e-09 3.32869446339232e-09 2.89929501589818e-09 2.89169191229136e-09 2.40043333362684e-09 3.90209652213473e-09 3.27368312743242e-09 4.80996016467734e-09 3.60432134636685e-09 4.79493234509314e-09 4.00526055096123e-09 4.6871241613379e-09 3.67220887433194e-09 2.65038709123084e-09 2.99284245511554e-09 2.81580836231186e-09 2.83963865924347e-09 4.85664856601748e-09 3.42772847143797e-09
3.01703515070476e-09 6.10201013905845e-09 2.8058397755177e-09 3.56910001527043e-09 3.98542817055379e-09 3.32630086399988e-09 4.27494842875345e-09 2.31550624875046e-09 2.37803868675484e-09 2.56785825973132e-09 3.83915788384377e-09 2.43415175338587e-09 3.94396189075153e-09 3.01879438037904e-09 3.29057670238919e-09 5.17796173465547e-09 2.47227320251192e-09 2.47114234791804e-09 3.52915248505322e-09 2.37028489842517e-09 2.55209943952713e-09 3.81524536597293e-09 2.31005820619896e-09 2.70732582702693e-09 3.15667531109882e-09 3.51559762073711e-09 3.33545723390944e-09 1.8673261756298e-09 3.34644034091335e-09 3.33110729691417e-09 4.31721859660225e-09 4.4741457977373e-09 3.03631821177021e-09 4.46942380018435e-09 4.75227675497786e-09 3.92698347634742e-09 2.35802815645126e-09 2.86222140752254e-09 3.99601720418812e-09 4.31923569982375e-09 2.77717991624917e-09 2.33024903884708e-09 2.87487394837596e-09 3.00576998385373e-09
2.7686923363857e-09 3.25860365852326e-09 4.77732299538704e-09 5.36505268010167e-09 3.60645271124971e-09 2.32989372211223e-09 3.75648438684665e-09 3.44061164901873e-09 3.49783855083076e-09 4.89143034848366e-09 3.43372805254588e-09 3.03964999886486e-09 2.94717956660653e-09 2.71320712560713e-09 3.21547336493996e-09 4.0699241360089e-09 4.2391903717691e-09 2.64001697435421e-09 4.61718570543053e-09 5.03687921776483e-09 3.01017885020712e-09 4.27188720680559e-09 4.24675141513813e-09 2.30828167765175e-09 2.82142508809785e-09 3.5160316146764e-09 2.14877933212585e-09 3.21333500412168e-09 3.37308091724757e-09 3.89595389075219e-09 2.20006521176215e-09 3.78777922147374e-09 4.13399491594356e-09 4.47552948332967e-09 2.88297929558757e-09 5.02475170185428e-09 2.2770362413508e-09 4.6486044112909e-09 3.04095181111318e-09 4.65387587000526e-09 4.29390868263876e-09 2.77975441052982e-09 3.60649236092048e-09 3.01436875486934e-09
4.68722758810907e-09 5.0388466209844e-09 5.07539224272377e-09 4.41464585414286e-09 3.45007026300993e-09 5.06376350988176e-09 4.6048311033227e-09 3.70385006548808e-09 4.5192837030656e-09 2.47669775459075e-09 4.98623157171738e-09 5.22491293340328e-09 3.16312191380085e-09 3.3223702599362e-09 2.69588432817963e-09 2.57749024824002e-09 3.67658237962393e-09 2.72136443416271e-09 2.72373486617861e-09 2.36813596760044e-09 4.04837324366613e-09 3.50455744282001e-09 1.94800535437551e-09 2.84487236685624e-09 1.99580701870391e-09 2.21360547866317e-09 1.61703877629133e-09 1.82777104722797e-09 2.79484202694019e-09 3.33293447607574e-09 3.42122974660381e-09 3.56747419776337e-09 3.91912521469023e-09 4.09158453159748e-09 3.79364515516041e-09 4.12624915209001e-09 3.82277595773097e-09 2.68981711180604e-09 2.32967330943752e-09 2.78820947416117e-09 2.4639911282151e-09 2.01795706497345e-09 3.135075942248e-09 2.85920972997609e-09
5.6343961643285e-09 5.23322072943909e-09 7.43004509200545e-09 5.16052975400805e-09 5.20478884524869e-09 3.01199464749665e-09 3.10231331240821e-09 4.99491353038038e-09 2.68440927115521e-09 3.3670449360654e-09 5.34122151027175e-09 2.49589478849839e-09 2.84002493891867e-09 2.86519997379177e-09 4.63534787396927e-09 2.78276471513505e-09 2.57695179796138e-09 3.69751889925727e-09 3.82507851542353e-09 2.0359211365182e-09 2.18566961486703e-09 2.13711489765917e-09 2.63824966609878e-09 2.05155813594889e-09 2.08638080585021e-09 1.89010941509784e-09 3.07714766972659e-09 3.77445006851657e-09 3.47358755820418e-09 2.80280050203557e-09 3.22503852220047e-09 3.26374074756128e-09 2.04193457544839e-09 4.76914315366563e-09 2.84867634285239e-09 2.4442462273737e-09 2.41981020354428e-09 4.62870709563509e-09 4.21534023932066e-09 3.27422546817318e-09 2.5362132037718e-09 5.020133040212e-09 3.40342246313959e-09 3.11975011264376e-09
5.60321512587478e-09 3.27026229795388e-09 5.67254797517476e-09 3.19421310813852e-09 4.63053741834913e-09 4.9921068750523e-09 3.08866120181237e-09 3.67434655249852e-09 3.08729030659428e-09 3.3829886243984e-09 4.49748550509341e-09 2.62474742389247e-09 4.63063358586006e-09 2.52255924334011e-09 4.77523498377906e-09 4.57018100288756e-09 4.38040424304244e-09 2.72656663201884e-09 4.41487130500318e-09 4.27566070217446e-09 4.58026027302113e-09 4.22661303855279e-09 3.85353030982918e-09 1.93871442825957e-09 2.83482377629964e-09 3.45182936323749e-09 1.67141966501357e-09 3.53636230097188e-09 3.40138004842912e-09 4.10668453232775e-09 2.59214485826424e-09 3.76203836289033e-09 3.83770906610278e-09 3.46779946049268e-09 2.42102019605091e-09 4.68654972069926e-09 4.2203469866923e-09 3.39971573455989e-09 3.20749436678977e-09 3.79801014966603e-09 4.56525159475405e-09 3.09195825210078e-09 4.14723172679264e-09 3.35515285707101e-09
5.04612810192602e-09 2.65497161328164e-09 5.41226226726268e-09 5.40215718615406e-09 5.68585878961192e-09 3.26920066967034e-09 2.97866474872007e-09 4.65791721489436e-09 2.74014862477395e-09 5.59565150924927e-09 4.85463226560429e-09 4.95946250622456e-09 4.41350243096238e-09 4.00735231590324e-09 4.85128851697694e-09 4.68331826613888e-09 4.84131051947039e-09 2.28179950857068e-09 2.61950631223874e-09 2.27050396490345e-09 4.32854052949128e-09 2.46947135294726e-09 3.613134001837e-09 3.45158476225144e-09 2.92410470080825e-09 2.34439788635961e-09 3.75456339968011e-09 3.69090886759816e-09 3.38550115942275e-09 3.16039291987186e-09 3.80928230907046e-09 4.13807320837976e-09 4.33605355571307e-09 3.77690856223508e-09 3.77398356075261e-09 2.189858800883e-09 3.05629841228056e-09 2.02253167508002e-09 3.372733434604e-09 4.11654914910469e-09 4.24967962858204e-09 2.66783841857429e-09 2.61155669738324e-09 4.29059860347135e-09
4.83147454445674e-09 3.2747468609596e-09 3.23087795991947e-09 2.76530469366931e-09 5.51389233293037e-09 5.32466663023052e-09 2.71609776553708e-09 4.15188333267475e-09 4.02990098721483e-09 5.15578930788749e-09 2.5886650411708e-09 4.0159874962314e-09 4.84732948926336e-09 4.56333382714946e-09 2.51251725081978e-09 3.00201129214783e-09 4.48392909285114e-09 4.21458702170407e-09 2.43645871327559e-09 4.44242101596536e-09 2.23636321825306e-09 2.42176380575583e-09 2.11076825293713e-09 2.39156785588178e-09 3.80101505332197e-09 2.73977444217051e-09 2.85048297493044e-09 3.90138816321293e-09 3.72328363635483e-09 1.99439262113907e-09 2.1865062336726e-09 4.238193665487e-09 4.3888198527015e-09 3.39497689651936e-09 3.59748131489359e-09 3.70164962586507e-09 3.94257774230692e-09 2.71531691431901e-09 3.7563341593691e-09 2.18220201682861e-09 3.61754314881899e-09 5.1194714420617e-09 4.46897212488231e-09 3.26481484547727e-09
3.5651337059374e-09 2.87115693202732e-09 2.57700169677687e-09 4.00406780826138e-09 4.80858378436911e-09 5.47327774610708e-09 4.35820015547156e-09 3.39268180894794e-09 2.70324075419942e-09 5.12131456501754e-09 7.00575153805493e-09 4.43468383562387e-09 4.88599859624404e-09 4.66092446504166e-09 2.35761499983937e-09 2.45967967421187e-09 2.9166302516068e-09 2.65629316049797e-09 4.75782572951452e-09 3.33912468686663e-09 2.30022127130582e-09 4.19165998624488e-09 4.09196132099417e-09 2.04445174190718e-09 2.45994591685847e-09 3.38668440741937e-09 2.14319907859206e-09 2.84005225795064e-09 3.60289814258541e-09 4.21806558507318e-09 4.03601063638439e-09 4.42652952321243e-09 3.45938792767044e-09 3.88515504613392e-09 2.50420943504907e-09 3.8552854401662e-09 3.16628151705384e-09 1.91981216876218e-09 2.28199298168319e-09 2.44646706235102e-09 3.88434096508686e-09 4.57572132798774e-09 2.54673957474552e-09 4.91417461503175e-09
4.07740566993414e-09 3.28781815516103e-09 2.77550473738942e-09 2.67028682565851e-09 4.62852498700966e-09 3.7062267499767e-09 4.61465588910443e-09 2.92991275737895e-09 2.53016238181223e-09 2.48063436893718e-09 4.94900854493533e-09 4.7684910371248e-09 3.73664271674197e-09 2.93084212069469e-09 2.71426976265025e-09 4.60869716229197e-09 3.8651623498021e-09 3.39070306256167e-09 2.40992577287772e-09 3.91428879015206e-09 3.4367542357176e-09 2.78161334412705e-09 2.76089330579567e-09 2.79732446078682e-09 2.27293758739071e-09 3.65500248299506e-09 3.25815131502804e-09 2.20653264995256e-09 1.89422107215445e-09 3.92842018647802e-09 2.48922829252382e-09 4.59693876574504e-09 4.54429737147815e-09 3.90907286283368e-09 4.22116178886124e-09 4.23384345681292e-09 4.00998177975425e-09 3.72496126969204e-09 3.23001368272782e-09 2.21031933722295e-09 1.86238326341256e-09 2.47686498132711e-09 2.26110199257921e-09 2.43131889578009e-09
2.99981349350115e-09 2.97285920281352e-09 3.36481727498324e-09 3.88073365514903e-09 5.60375480366756e-09 3.97495269016688e-09 4.206558059652e-09 3.95867093180257e-09 2.59265680605566e-09 2.11870895895523e-09 2.85840555835453e-09 3.40880111107153e-09 2.30961566732509e-09 4.7239213103401e-09 3.19165876599887e-09 3.69956732492318e-09 2.71653037718028e-09 2.29749725324344e-09 4.02974300973626e-09 3.94360104592681e-09 3.25684970601582e-09 3.30900793067772e-09 3.81337282678688e-09 2.22941709421982e-09 2.66374499617728e-09 3.78756574321187e-09 2.46970652037103e-09 3.75645324375384e-09 3.90438397321753e-09 3.86810058330817e-09 2.54846475154471e-09 2.26295350393853e-09 3.8892675943163e-09 2.54406931572671e-09 4.16357200925831e-09 4.34565756945517e-09 2.75099225044902e-09 2.19419472015108e-09 1.79427613918139e-09 2.14532743449005e-09 2.05676053329752e-09 1.81146386727713e-09 1.89749210260022e-09 3.94385305754168e-09
4.94828783448816e-09 2.90392996303303e-09 2.7445707502364e-09 4.6440543408355e-09 3.12122559397549e-09 4.90103533170439e-09 5.50255086848227e-09 4.39708295718666e-09 3.67528961198152e-09 3.60793933168064e-09 3.6139647509584e-09 4.08171311618365e-09 3.56718273165328e-09 2.57644991690795e-09 3.10945674791714e-09 4.45223721014076e-09 2.38789734159615e-09 2.18942036035036e-09 2.11464209987295e-09 2.36489506572658e-09 3.6796469161792e-09 2.25150869553366e-09 2.95385625148821e-09 2.67636339380491e-09 3.85971495237183e-09 4.08119260852606e-09 4.08971978712274e-09 3.83824502040321e-09 3.4425380563686e-09 3.11338735002132e-09 3.92131087057216e-09 3.80069739652412e-09 3.98982653992765e-09 2.27853862160143e-09 3.92072779652429e-09 2.53559369262105e-09 4.20327723488463e-09 2.07804034003704e-09 3.23499221469467e-09 3.50477785932379e-09 2.07698467767938e-09 1.95231854415894e-09 1.75212990334458e-09 2.80548323358484e-09
4.86614806269502e-09 5.05413005233004e-09 4.9023720297769e-09 4.12774900695043e-09 3.05820051770835e-09 2.20991887942098e-09 4.44255408263743e-09 4.85933265841407e-09 3.95285950742715e-09 3.88730599666609e-09 4.15140317840012e-09 3.54722183658429e-09 5.01410950760038e-09 4.93175355032869e-09 4.797203921725e-09 3.53600324495247e-09 1.69143455992124e-09 4.34594910994439e-09 3.91055789006493e-09 4.07009358001301e-09 3.24148483503732e-09 1.61273912224425e-09 3.25906999134978e-09 2.03741835643944e-09 3.08699990367418e-09 2.76219862117195e-09 4.54081950025219e-09 4.30155728718681e-09 2.92844752802439e-09 3.96578526470867e-09 3.5264798378969e-09 2.33741016465742e-09 1.95188936144347e-09 3.93648746666473e-09 2.1019188420558e-09 4.36244760436654e-09 3.30446215064353e-09 2.46762228938033e-09 2.62964753139456e-09 2.4266480425239e-09 3.16583817648739e-09 1.98737293915814e-09 1.73297505251851e-09 2.15426124179682e-09
