Validation points/white/Trimeresurus_trigonocephalus-white.asc
NCOLS 267 
NROWS 469 
XLLCORNER 376490.070567719 
YLLCORNER 381033.488324056 
CELLSIZE 919 
NODATA_value -9999 
[rows 400 to 419 of 469, columns 88 to 131 of 267]
2.99029243967628e-09 2.97549843655566e-09 2.75570014163916e-09 3.92135183350838e-09 4.39840271196204e-09 2.52657367664283e-09 3.18176420584241e-09 2.3018298515137e-09 2.36152340315701e-09 3.70341011200905e-09 3.77984476629844e-09 3.59051251539227e-09 3.58489458812374e-09 4.95897760474224e-09 3.94853791301733e-09 4.07087509255291e-09 3.7569354885903e-09 2.31918798516453e-09 4.63551849093309e-09 4.549646255332e-09 3.93619831238952e-09 3.3203485079985e-09 2.26703375298509e-09 2.66891450269372e-09 2.12464616894857e-09 4.2994655315343e-09 4.84013081709592e-09 6.48680714873333e-09 5.08916548123958e-09 4.23887933356878e-09 4.0010959667222e-09 2.43401271212025e-09 3.77822983441848e-09 2.40848863156611e-09 2.44381500220291e-09 2.59550459334365e-09 2.46835900536097e-09 2.28372643741659e-09 3.82046333840167e-09 2.20685249461924e-09 2.15172426562468e-09 1.9518933642999e-09 2.40401140756272e-09 1.88952468793304e-09
4.04969467713398e-09 3.04202265211883e-09 2.73763707137161e-09 4.9735400508139e-09 3.12182165285552e-09 2.82023694421144e-09 2.27965243357907e-09 4.40397934695806e-09 4.17221168781608e-09 2.77960926553248e-09 2.30926283697025e-09 3.69321632712153e-09 3.69785015193491e-09 3.56512378930104e-09 3.95066314793743e-09 3.82007822366947e-09 3.76818027642233e-09 3.51168591033325e-09 3.7832469887793e-09 5.07426305178384e-09 3.70007148119224e-09 3.9330630873875e-09 3.18025741722059e-09 4.98151972229326e-09 4.62272247005505e-09 4.08644054238342e-09 2.25004294884726e-09 3.5054196494159e-09 2.51717920410468e-09 4.31175536240328e-09 3.82312536361215e-09 2.76142518356058e-09 3.25861478979113e-09 4.61583663810038e-09 3.97270512132831e-09 3.51086051626486e-09 3.91800035262436e-09 1.98043986009714e-09 2.00258179123781e-09 4.05095049528107e-09 2.26886683141219e-09 3.30178999792449e-09 2.20756294037091e-09 1.89480524864212e-09
2.84234384095051e-09 4.29367014112657e-09 3.39174952350463e-09 4.92612508922851e-09 4.79501071535604e-09 4.48457469192299e-09 2.47866753648625e-09 5.26469446223852e-09 4.6567282717264e-09 2.63831589215743e-09 3.31608911778764e-09 6.0201553455102e-09 2.25968621406603e-09 3.76392650310436e-09 4.40823624653908e-09 4.43067797505567e-09 3.41599856709099e-09 3.16950468611526e-09 3.51658324264265e-09 3.66186134840356e-09 2.05341268632491e-09 4.11136608523657e-09 4.33618593258649e-09 4.2747385227307e-09 4.52396897244489e-09 4.24692805133725e-09 3.55068412859993e-09 2.74338973991267e-09 4.71351455236715e-09 2.85262705201216e-09 2.77287231219776e-09 2.59756070772354e-09 4.29006388908631e-09 4.0136080432317e-09 4.37142868667834e-09 4.31456000960437e-09 2.41866314581228e-09 3.41166115703916e-09 2.40689903742095e-09 2.35570664869965e-09 2.01344607757693e-09 4.05834539913611e-09 2.60779943477107e-09 2.58135915648695e-09
3.18686507380421e-09 5.58152194169893e-09 4.569340651895e-09 2.77869708311476e-09 2.83187643950993e-09 3.06293559595662e-09 6.29507156139372e-09 3.74282513724004e-09 4.74306520446379e-09 2.39092564986268e-09 1.9411397385122e-09 3.96642148032005e-09 4.15168618489742e-09 4.18542976022955e-09 2.26189451057748e-09 4.02054508002394e-09 3.72432052360991e-09 4.7745198077825e-09 4.59939733452521e-09 3.88117501442704e-09 3.96818783785941e-09 3.72187738211773e-09 3.47498393762806e-09 3.92960311877786e-09 3.37806710404009e-09 2.17462256642404e-09 2.49991793627311e-09 2.61846914928228e-09 2.65131903782031e-09 2.54464243782181e-09 3.69322944619805e-09 4.53049560116974e-09 5.18313358680706e-09 4.39895889140036e-09 3.94797110328498e-09 4.81114761242428e-09 3.97241829325634e-09 4.09745629003265e-09 2.86380823532266e-09 3.21140143366264e-09 3.36582674581427e-09 1.83309600829649e-09 2.4142052372286e-09 1.93275260353275e-09
2.03184160469382e-09 2.60779180781952e-09 3.88110924875658e-09 3.72925740843456e-09 2.23536710615926e-09 3.0916088953316e-09 3.05556896580582e-09 4.58450191535358e-09 4.41815435490127e-09 3.65788634736891e-09 3.74637318361709e-09 3.73870743220992e-09 2.37932991888734e-09 2.52272425531349e-09 1.98736365766272e-09 4.02545691115136e-09 2.14244307826453e-09 2.62695968100992e-09 4.42692042242442e-09 3.5743107046709e-09 3.0799248728953e-09 4.08509402640031e-09 3.96070872951506e-09 3.25756001238571e-09 2.17581416860637e-09 3.51366247126344e-09 3.77943027225843e-09 3.11415791451131e-09 3.20592349854154e-09 5.29228041972977e-09 3.58079288885118e-09 4.30522592066027e-09 3.1576952807249e-09 3.11689565698133e-09 2.58558618816941e-09 2.92322684469567e-09 6.3763369164171e-09 4.84505929641594e-09 4.26139746942463e-09 3.34455444551558e-09 3.89842580078833e-09 2.81877228111006e-09 2.42517397784574e-09 3.56714657800882e-09
3.57119192707025e-09 1.95352529005758e-09 4.64367198933084e-09 2.36616892780784e-09 2.48800689149391e-09 2.84709383194864e-09 3.18618525483816e-09 3.53048734867131e-09 4.36131587894838e-09 3.7239098090822e-09 3.72989546033738e-09 3.76205331160376e-09 2.22461200461353e-09 2.10421802388002e-09 2.0202271693972e-09 4.02647394904314e-09 3.85816691633858e-09 1.96791511459278e-09 2.13699963767276e-09 3.89806032450573e-09 2.67220098755769e-09 2.01235024412462e-09 2.050954978461e-09 1.63384895377347e-09 1.73114252853705e-09 2.83152513528449e-09 2.85251510422928e-09 3.11965228079519e-09 2.57370145399412e-09 4.28109850610585e-09 4.67268577375312e-09 4.31493774355833e-09 3.69921540260667e-09 2.23582662701589e-09 4.63133846636918e-09 5.02459517050195e-09 3.19974116258901e-09 5.04808372039394e-09 3.08343800198798e-09 4.84398492458054e-09 4.06672837896599e-09 2.98302305945649e-09 1.95509038151216e-09 3.72146682927404e-09
3.734336664985e-09 3.64546343289989e-09 3.64920276928762e-09 4.08093462960396e-09 3.87824419432747e-09 3.93840378022175e-09 3.55649570609772e-09 2.75474201472001e-09 3.67653126618375e-09 4.68018173075897e-09 4.96466023840957e-09 4.67536683971355e-09 3.45464272365331e-09 2.88819344722281e-09 4.09490945551056e-09 2.36286052639494e-09 6.25751907409218e-09 3.6679991280933e-09 4.13382711055081e-09 3.62172128135785e-09 3.39666856042293e-09 4.39805209579358e-09 3.10671983257721e-09 2.88249786796028e-09 2.90690179449427e-09 1.60497735523211e-09 3.7706484090793e-09 2.08067137866171e-09 2.57365862136654e-09 2.84885654269357e-09 4.18360761649018e-09 4.51990006659453e-09 2.47868555062623e-09 4.92308865967894e-09 4.73824634223607e-09 2.95970944360406e-09 4.87813030997837e-09 5.18401265353268e-09 4.29048386334887e-09 5.50459496552918e-09 3.19800297628679e-09 4.39410015763303e-09 2.37552865429419e-09 1.85517045339761e-09
4.07441209169054e-09 3.70841871837305e-09 3.64783914960906e-09 2.75146216224523e-09 3.57316809000844e-09 3.67982986838141e-09 4.13712375347579e-09 4.20548528767677e-09 4.35736041387143e-09 2.84314517827447e-09 2.62807255097158e-09 3.39293619224725e-09 2.98097697853668e-09 3.03767309885965e-09 2.6601213065839e-09 2.67202614664192e-09 2.42260819511842e-09 5.05579259390479e-09 3.51799859082315e-09 2.14943795359005e-09 3.32435805328533e-09 3.52436012443504e-09 2.03443616588889e-09 2.62285246393647e-09 2.65374160508556e-09 2.76628625121274e-09 2.60608496263574e-09 3.51329370299211e-09 3.64530304135631e-09 2.17527741081564e-09 4.21136188911211e-09 4.11996909987546e-09 4.47743343481396e-09 3.94580276474606e-09 4.48514815997927e-09 4.57525409388165e-09 4.5763787602102e-09 4.69380890945422e-09 5.19237459582728e-09 5.07292961839014e-09 4.87675718052775e-09 5.59398459420439e-09 2.77861451396288e-09 1.86866994567348e-09
3.53787035359772e-09 3.37665577879506e-09 3.99725573955039e-09 5.09920331459796e-09 3.59588013875863e-09 3.70279189455333e-09 3.60465466011752e-09 2.13425159544421e-09 4.25477326080954e-09 3.92540671983239e-09 2.6640044821457e-09 2.58210575401021e-09 1.9414619368308e-09 2.52031205420689e-09 2.51069099862438e-09 2.02100249050434e-09 2.50525453025288e-09 3.48081292859336e-09 2.45877036675843e-09 4.69985230743914e-09 5.11278394007822e-09 4.30860881182948e-09 5.25504520028763e-09 3.03326149518362e-09 3.26867140145965e-09 3.4123078200281e-09 3.05715964086804e-09 3.04381587066442e-09 2.61310049357959e-09 3.51218485207574e-09 4.63851739509617e-09 4.56860934954904e-09 4.49900178992477e-09 4.52613927745738e-09 4.79578790644053e-09 4.50670835975618e-09 2.62682415108077e-09 4.07324263915309e-09 4.86494583533513e-09 4.59511838532664e-09 4.18963545295779e-09 4.48844356606427e-09 2.38476766183797e-09 1.60147806019794e-09
3.85949576057242e-09 3.48615612545602e-09 5.23878809205306e-09 4.33226342386268e-09 3.91448824153857e-09 5.43718609295239e-09 3.96724679677189e-09 3.35718596103304e-09 3.77140855099989e-09 2.4136223365652e-09 3.47980557045926e-09 3.34220410988798e-09 2.2824495810154e-09 3.76520761064386e-09 3.98559904590698e-09 2.92028095726487e-09 2.14314326736812e-09 2.60847182594054e-09 4.57026530250645e-09 1.95270752609354e-09 2.72233853800244e-09 2.04806339814767e-09 3.38591924146657e-09 3.31960102317438e-09 3.3483885028802e-09 3.27413118375756e-09 2.47122787557619e-09 3.21186661682179e-09 3.84642492325286e-09 2.38760623487932e-09 4.59720586904563e-09 4.55890048523122e-09 4.31357962867405e-09 2.27736887172151e-09 4.90396704988087e-09 4.88603875634877e-09 2.28670741249921e-09 3.98561705396779e-09 3.84357606960094e-09 2.53943465271086e-09 3.006673547806e-09 2.00887737749558e-09 2.0825326971844e-09 2.27103344179131e-09
4.47285851097686e-09 4.05720468288222e-09 3.69795678339946e-09 4.02436895557816e-09 3.65284178464744e-09 4.38690496766423e-09 4.42746063327594e-09 3.86654456417821e-09 4.9352510694183e-09 3.82377198402238e-09 3.8350158318944e-09 3.47324156995257e-09 4.20793360838103e-09 3.96399364800859e-09 4.10944484823695e-09 5.00473642636084e-09 3.78017838893291e-09 3.5633554660112e-09 2.07092771735862e-09 1.86300490569608e-09 3.62600201109772e-09 5.02184493145036e-09 3.28044106556848e-09 3.26727840207645e-09 3.07768114834875e-09 3.45641457788153e-09 3.16028404529468e-09 3.21798748131349e-09 3.38151197384464e-09 3.92729793756208e-09 4.40390044607626e-09 4.35969315761728e-09 4.81693337502257e-09 2.31772486405963e-09 4.04775349828542e-09 1.96758703155459e-09 2.54448147553342e-09 3.45026828498971e-09 2.30925741958135e-09 3.33266367656241e-09 1.59672554049526e-09 3.31432078245934e-09 2.37343590592475e-09 1.96528206041713e-09
4.98621094908409e-09 4.88732322136584e-09 4.28037820529362e-09 3.50951754206555e-09 3.85326601291224e-09 5.01549145458902e-09 4.42196254232464e-09 5.44573950109606e-09 4.45138916916825e-09 4.23458401643354e-09 5.09103565464159e-09 4.45981047881327e-09 4.48421996306482e-09 4.42138694482918e-09 3.51003327417504e-09 3.89009709138139e-09 3.87964425857056e-09 3.69657422069968e-09 3.41095656085218e-09 3.96925329651049e-09 3.18460066803262e-09 4.15656010015188e-09 4.1731785913861e-09 3.02353753845029e-09 3.63190937773372e-09 3.6636550716691e-09 3.56034607333572e-09 3.21741760172214e-09 1.56302094966942e-09 3.48231617127721e-09 4.24881504514191e-09 4.29802214186764e-09 2.41771709925053e-09 4.03613733011658e-09 4.5503196292437e-09 2.48219963797399e-09 3.6494593621093e-09 3.30235346576087e-09 3.25146998680794e-09 1.74608593260787e-09 1.82325306977196e-09 1.81435791687144e-09 1.7007950593797e-09 1.91030407466121e-09
5.09291486870015e-09 4.8169632833561e-09 4.52352034532822e-09 4.58061677167015e-09 4.12486709455511e-09 5.0371645692585e-09 5.08965711486589e-09 4.1829123890671e-09 5.40446604630583e-09 4.36825267974631e-09 5.54148365409405e-09 5.65241190835583e-09 3.92958516406446e-09 4.2085807873579e-09 4.33830683647042e-09 5.28107598294848e-09 5.08170040579811e-09 3.59834726770044e-09 4.79775616100414e-09 4.37996474211231e-09 3.77501284316024e-09 3.30528694797203e-09 3.58544238608361e-09 3.17828636524921e-09 4.51829953224661e-09 3.05250575465573e-09 3.00717012113607e-09 3.5441441302778e-09 3.5969602061571e-09 3.71909714786761e-09 3.30658838402739e-09 3.38013786874703e-09 2.89112017642738e-09 3.42203145073526e-09 4.55559604870064e-09 4.21797516025579e-09 4.10125935742163e-09 2.46079231843194e-09 2.29797404384474e-09 3.54130536430841e-09 3.0279776746134e-09 1.80687562907783e-09 1.79572853496438e-09 2.12289916982966e-09
4.4346152930195e-09 4.86138595668342e-09 4.65129682236155e-09 6.05988699453962e-09 4.1664657910498e-09 4.76545942007164e-09 4.9947764529994e-09 3.38474654965782e-09 4.02076638771965e-09 3.69728046103216e-09 4.15400245025675e-09 3.92786911220943e-09 3.39457682185659e-09 3.9615396822215e-09 3.66642685211696e-09 3.66605010416867e-09 4.13163561021592e-09 4.0440334457511e-09 2.93971922179799e-09 2.48211129115476e-09 4.32453750731809e-09 2.48993008800596e-09 4.13283371872125e-09 2.5559608026546e-09 3.84182683895141e-09 4.17135996842328e-09 3.98892552576286e-09 4.14739217781793e-09 4.06102567021437e-09 3.40826733661995e-09 4.17337156397247e-09 3.33992522512903e-09 2.41109060176587e-09 4.29002425045785e-09 4.83035708132452e-09 4.89416463698204e-09 5.09758980332078e-09 4.47779333249228e-09 4.03514342669513e-09 2.62383992169934e-09 1.76685553221891e-09 3.32022547128127e-09 2.02095154407321e-09 1.71028522698469e-09
2.53408989685436e-09 4.55521364422449e-09 4.60754119451507e-09 3.09393487379196e-09 3.53690405118597e-09 4.72247087259352e-09 4.52852626957546e-09 4.31517792535033e-09 4.11104030032402e-09 4.26718808100605e-09 4.4071640850072e-09 3.77262195382398e-09 4.81675947667022e-09 3.802110720477e-09 3.79812910567237e-09 3.75142478090252e-09 3.77905120278065e-09 4.18956627065795e-09 2.96780368427937e-09 2.35841765501569e-09 2.4091453318974e-09 5.04007135107876e-09 2.52791274842505e-09 3.95414113777286e-09 4.50122645153831e-09 2.38191717614554e-09 4.12052328134677e-09 3.55334355202564e-09 3.43800509318635e-09 3.97903179912161e-09 3.96506254671143e-09 3.90757283251712e-09 2.9662912222571e-09 4.23996458152081e-09 2.52465226496248e-09 3.17719828239695e-09 4.78252942358178e-09 4.3233538822227e-09 3.79588049363761e-09 3.72883008380227e-09 3.57532070705794e-09 2.54596251768192e-09 3.08697056778279e-09 1.77309473609731e-09
4.72306386536716e-09 4.55593751728599e-09 4.57674831833846e-09 5.20441777170806e-09 5.23360849170422e-09 5.10356182541535e-09 4.92488424202558e-09 3.19970292959642e-09 3.87721026295966e-09 4.98227468099076e-09 4.16453654108428e-09 3.71166135487955e-09 4.01603793700438e-09 4.71709625950106e-09 5.68411759370455e-09 5.89798118285411e-09 4.5455063377879e-09 4.26278455833338e-09 4.18338805676051e-09 3.73215132742603e-09 2.26429110628304e-09 2.74094337814844e-09 2.40593811657435e-09 4.75442800303802e-09 2.81428464552267e-09 2.23472492362626e-09 2.67861885610556e-09 1.85956336881718e-09 4.46080443829474e-09 4.61987727791005e-09 4.82185689696048e-09 2.45606162312563e-09 1.63985027871038e-09 2.14053005220248e-09 4.87109823370178e-09 2.91897877227031e-09 3.53967215278905e-09 4.34430087500329e-09 4.27805664776989e-09 3.78441163983388e-09 3.12637413567466e-09 2.54957422111745e-09 1.57338189035014e-09 1.3510750612716e-09
4.77766140946654e-09 4.72761720737749e-09 4.55822374071479e-09 2.86157312533312e-09 5.07538069791314e-09 4.25271407239817e-09 4.32928273280737e-09 4.21548997822746e-09 4.80525191215617e-09 4.30742870781906e-09 3.48364605546572e-09 4.36534827462943e-09 4.71894594064608e-09 4.21228051811441e-09 3.73783888440033e-09 2.64575383558499e-09 3.39555412510061e-09 4.02224330977434e-09 2.57449005776267e-09 2.32581084096965e-09 4.18210068073602e-09 3.89862763780643e-09 3.759910348327e-09 4.16366513793534e-09 2.64124376384002e-09 3.26046394179831e-09 2.6567852466179e-09 2.68216106921553e-09 2.75196352691805e-09 4.14837553617383e-09 2.81569193583082e-09 3.22160794525504e-09 3.05644445044185e-09 3.82954752467203e-09 2.87918343474066e-09 4.09846225213102e-09 4.07340672090165e-09 3.50807120018412e-09 2.17885728706098e-09 4.07676419877292e-09 1.7872162221733e-09 2.51600940532593e-09 1.26273878109893e-09 1.47159648829558e-09
2.73083100120139e-09 4.27122541055506e-09 4.51110553141883e-09 4.889389601972e-09 4.66733531199228e-09 4.5143974686518e-09 4.57850582298046e-09 6.18024414884235e-09 4.40461367582349e-09 4.29506837763536e-09 2.35513303040669e-09 2.48023496705647e-09 3.47012439967343e-09 4.08609424862915e-09 2.53280205393827e-09 3.42658205178215e-09 4.43761726419527e-09 2.56152013087172e-09 3.8910117903881e-09 2.91866648548215e-09 4.53866442783877e-09 4.45639936246323e-09 3.70342238443892e-09 3.17300745226981e-09 2.27932799732467e-09 4.40028919192334e-09 3.92497185759398e-09 3.63453445368747e-09 5.39490072826185e-09 5.0568562011817e-09 7.0793361045922e-09 2.55590984148181e-09 5.84724716866124e-09 7.01476442722162e-09 5.57655355352561e-09 4.47304738682497e-09 2.2602581969644e-09 3.16440545408368e-09 2.65571991385977e-09 3.66223863681116e-09 3.30933759865193e-09 1.70206565293632e-09 1.79171261276747e-09 2.28668811779028e-09
4.6704189901893e-09 4.9158206283051e-09 3.98785457002702e-09 4.56783049501447e-09 4.30648081456455e-09 4.79869973218865e-09 2.65588053379473e-09 4.08018297114603e-09 3.01964870058855e-09 4.26126749291783e-09 3.72006997525412e-09 4.26474589448932e-09 2.55849280347524e-09 3.7357825980451e-09 2.29803471620474e-09 2.67824323116015e-09 4.67693252492599e-09 3.05355833184377e-09 2.98519506831226e-09 2.90954842102304e-09 2.76898644638402e-09 2.16511859166606e-09 2.86944423920965e-09 2.97537718113537e-09 4.81455945849169e-09 5.17636891294363e-09 5.66079338496731e-09 5.72588863689505e-09 4.9303709381499e-09 5.03237340531794e-09 2.55809126952201e-09 4.89469651501464e-09 5.56918922124589e-09 7.52147630659627e-09 4.37651717569687e-09 2.68967955179856e-09 4.78893894484837e-09 2.41851066964382e-09 1.68170775141688e-09 1.55520445143628e-09 1.70850899471597e-09 2.91359904886953e-09 2.36535861578603e-09 1.2242056753142e-09
2.63398933826343e-09 6.9161293882392e-09 5.07015639609723e-09 4.94882182854789e-09 4.68785534222767e-09 4.30746538485947e-09 4.49379039670792e-09 4.86421767842949e-09 5.75031846104468e-09 4.27165377846059e-09 5.37557420924313e-09 3.65019357490195e-09 2.81325349668635e-09 4.43534128535649e-09 4.17977253332531e-09 2.86064206551355e-09 2.43761425892148e-09 2.38748102727959e-09 6.16966846006861e-09 5.34631923957274e-09 2.62195956427815e-09 4.1685518152157e-09 3.01540350351663e-09 5.7724188321089e-09 4.76345835580176e-09 5.00670385565257e-09 2.86100812345856e-09 4.7951501983694e-09 2.278485358434e-09 4.48790643211563e-09 4.43642256119668e-09 2.81991615798363e-09 4.39690177343849e-09 4.44301945220193e-09 4.33132023414062e-09 5.35848182586457e-09 2.44580853764619e-09 4.96941644444097e-09 2.58983529945862e-09 3.38193937676732e-09 2.63134286686493e-09 1.71682116581002e-09 1.51109560920001e-09 1.30468734312995e-09
