Validation points/white/Trimeresurus_trigonocephalus-white.asc
NCOLS 267 
NROWS 469 
XLLCORNER 376490.070567719 
YLLCORNER 381033.488324056 
CELLSIZE 919 
NODATA_value -9999 
[rows 360 to 379 of 469, columns 220 to 263 of 267]
2.24903923152969e-09 2.05596549319689e-09 2.34678609317599e-09 2.34211112254122e-09 2.21982505625579e-09 2.15874480684434e-09 1.79186518750967e-09 2.44564512392031e-09 2.52593220439339e-09 1.7202505179284e-09 2.36104796119786e-09 2.621329054317e-09 3.01449920439541e-09 4.6007125187556e-09 4.33236368600751e-09 4.06401376551993e-09 4.06483781908209e-09 4.32828175116072e-09 4.16761249372662e-09 4.25598261144676e-09 4.22550186847525e-09 2.47195235826539e-09 4.12741023520911e-09 4.4567596268346e-09 4.23519139572308e-09 3.89911073342084e-09 5.28468843953589e-09 4.33882208091944e-09 4.49322133794461e-09 4.09663302260019e-09 3.86802403253584e-09 3.08403574537935e-09 2.27719591509118e-09 1.19859532506135e-09 8.53557326348102e-10 6.93754906219991e-10 3.7408005107574e-10 2.52175652290894e-10 1.19435542561033e-10 1.22893081567891e-10 2.68190412225115e-10 -9999 -9999 -9999
2.01408039272868e-09 2.33207992099695e-09 2.42412325913254e-09 2.34257483104355e-09 1.90210381547071e-09 1.57623019079769e-09 1.73233419337959e-09 1.62578180162254e-09 1.28352308875483e-09 1.00628634583737e-09 2.52734166845259e-09 3.1098701106265e-09 2.50761809784234e-09 2.88014384362933e-09 3.08237090935191e-09 2.90188948802926e-09 3.77814487767586e-09 3.75871651441659e-09 3.8713907545917e-09 4.20774060288196e-09 4.61057240665988e-09 3.99573869219122e-09 3.21784809670306e-09 3.73947638495629e-09 4.09279930007835e-09 4.23173534155494e-09 4.82716751450543e-09 5.92988436001244e-09 5.75121542642931e-09 3.81846943673173e-09 4.11619035415315e-09 2.40803161373839e-09 2.07376311812773e-09 1.46942219532384e-09 2.7722701695094e-10 2.718532610068e-10 8.44003486235612e-10 7.08086462001174e-10 6.81675050356231e-10 8.02568538924644e-10 2.91530583445941e-10 -9999 -9999 -9999
2.54035695901547e-09 2.43395968318731e-09 2.26175899950485e-09 2.1138374187093e-09 1.88105870952582e-09 1.35653534528681e-09 1.43084237899497e-09 1.20972130007775e-09 1.10881523735785e-09 1.62078816279431e-09 2.46319334552385e-09 3.16072232953858e-09 3.03770392421962e-09 2.54748501811083e-09 2.84932724921438e-09 3.69223269535069e-09 4.21135849047246e-09 3.89516441723992e-09 3.3950766078218e-09 4.41358966755314e-09 4.20337715411105e-09 2.65725075958335e-09 3.79657291212118e-09 3.36895138431346e-09 3.62946075650506e-09 4.31652269725206e-09 4.55608572097346e-09 4.69741496723332e-09 4.83393783470393e-09 4.21085191095423e-09 1.97528734596713e-09 2.99532847561869e-09 4.25064064385389e-09 2.12418670240063e-09 7.58548375398757e-10 7.24690202237167e-10 2.62206923971498e-09 2.41483342762975e-09 2.19507824804579e-09 3.28131721267329e-09 1.49442739282247e-09 -9999 -9999 -9999
2.90420460418354e-09 2.67509217401534e-09 2.53529082113482e-09 2.34924152419333e-09 2.17190438815899e-09 1.54734772314106e-09 1.11982218243993e-09 1.27904967869461e-09 2.23024218232234e-09 2.29168319532242e-09 2.22953647555995e-09 1.98196906052366e-09 3.05990650781507e-09 2.9036569077038e-09 2.93979883411771e-09 4.34847931417971e-09 4.24289627818186e-09 4.31160169928434e-09 4.12491871969807e-09 4.71432603683389e-09 3.92297011189457e-09 4.19813226396675e-09 4.79120795791571e-09 4.74094213666913e-09 4.27855967427031e-09 4.05422241438023e-09 4.10506294426228e-09 3.98574539177754e-09 4.65900673280325e-09 4.71279271433633e-09 4.39750648532633e-09 4.33727605411971e-09 3.98619667340653e-09 4.02472016129914e-09 3.32153740412856e-09 3.40373339331956e-09 1.41006718867386e-09 3.20053659544923e-09 3.2088005208139e-09 1.6997812411635e-09 3.26694468310686e-10 -9999 -9999 -9999
3.09165262793237e-09 2.90652978506713e-09 2.82131319411233e-09 2.61015311367282e-09 2.46142782740545e-09 2.28668845169049e-09 2.16141043018356e-09 2.0423697322541e-09 2.33628214867759e-09 2.8800970492708e-09 2.47121064593966e-09 2.21158493736451e-09 2.4109399043574e-09 2.63553085590117e-09 2.44668409289562e-09 2.30336082966754e-09 3.60139136267373e-09 3.73091375533045e-09 3.91809067344507e-09 3.23970156174916e-09 1.97939548171078e-09 3.86924705746631e-09 4.12701853258804e-09 3.80529093039704e-09 4.71596019774753e-09 5.63107626290642e-09 3.71128667726876e-09 3.54407569733781e-09 4.41180807331718e-09 3.96632028208455e-09 4.07459811868791e-09 4.81131468990897e-09 3.01222688842491e-09 4.19097351240311e-09 4.78970230959221e-09 4.15610776472942e-09 4.11632895960808e-09 4.11790383678484e-09 3.17522117449756e-09 1.15520258719097e-09 -9999 -9999 -9999 -9999
3.21575718787491e-09 2.94321855994395e-09 2.82307617078064e-09 2.60740055827909e-09 1.96819066866467e-09 2.03734827725134e-09 1.9658532851995e-09 1.61442866081344e-09 2.50897458307837e-09 2.49305634365292e-09 2.624633627336e-09 2.78462262405315e-09 2.99331466042099e-09 2.67112817410331e-09 2.35033140013175e-09 3.80317772774537e-09 3.73595078414755e-09 5.1989386917408e-09 5.50000905641271e-09 2.3968407943906e-09 4.12243682274085e-09 3.70973630569636e-09 4.10302850840163e-09 4.30255225304145e-09 3.71359808711128e-09 5.569162225787e-09 2.07119645896065e-09 3.73818176254176e-09 3.90658500606704e-09 3.81982918338864e-09 3.79658991497589e-09 3.83949059644739e-09 3.7857156412891e-09 3.73936766240581e-09 5.4140549865546e-09 3.55033334277886e-09 3.96505558872022e-09 3.12918120995804e-09 2.31377712521408e-09 4.6767142947231e-09 -9999 -9999 -9999 -9999
2.6041675579277e-09 2.62375039201775e-09 2.40074847621686e-09 3.5884576607538e-09 2.13443344247112e-09 2.05144804883983e-09 3.60737584970676e-09 2.54942485948575e-09 2.58980906804444e-09 2.933704033531e-09 2.89530637291934e-09 2.91617124945897e-09 2.42614641263976e-09 4.33459296816142e-09 2.06812829930353e-09 2.59300575139048e-09 3.03964033375738e-09 3.05900000000005e-09 4.26757044590093e-09 3.84356156253113e-09 3.81857562773345e-09 3.68535685953855e-09 4.59435121519005e-09 2.16096271749514e-09 4.49371158468542e-09 4.3222629516985e-09 4.26781009827342e-09 3.53057198007405e-09 4.55934803520541e-09 3.80211457968959e-09 3.41298406854749e-09 4.11301814218441e-09 3.78162183976113e-09 3.95989547845812e-09 3.74364219804162e-09 6.09244751016105e-10 3.17152269683724e-10 3.38798228195705e-10 1.49636154104379e-09 3.59714753823878e-09 2.80320500441348e-09 -9999 -9999 -9999
2.32644976712493e-09 2.46013100517907e-09 2.04725906062713e-09 2.90681302915374e-09 2.83845642301436e-09 2.33029633516612e-09 1.87712067882913e-09 2.59806486800716e-09 2.83668927462262e-09 2.83336740929367e-09 2.40824343484694e-09 2.62737081314206e-09 3.05474061409515e-09 2.98374237395274e-09 2.34387286624463e-09 5.24498356691199e-09 3.71021181644567e-09 4.00811737191572e-09 3.54189299364141e-09 3.77358273960593e-09 4.14867525790692e-09 3.67475327728589e-09 4.47425207123996e-09 3.63326054040805e-09 3.60646365261844e-09 4.51335013360752e-09 3.85831532290887e-09 4.05836446089707e-09 4.92469043889344e-09 2.25089759087987e-09 3.44523030178244e-09 3.45976328531202e-09 3.82288047868378e-09 2.26350330276276e-09 1.52267245916714e-09 1.24900663988736e-10 1.34406357916458e-10 3.06628124420875e-10 1.16179392471131e-09 8.3577089367752e-10 1.81906139389924e-09 -9999 -9999 -9999
2.43814439849689e-09 2.37349578218072e-09 2.1540553470891e-09 1.75389013589563e-09 2.14407936367848e-09 2.02969171278658e-09 2.20808391998598e-09 2.70208023857928e-09 3.01724288119566e-09 2.66940164222797e-09 2.9640790452628e-09 2.3516002959309e-09 2.3849698529674e-09 3.02375109506105e-09 2.97138852894103e-09 2.31949523242022e-09 3.78517830113391e-09 4.16793155505139e-09 3.50385060610736e-09 3.96497237004917e-09 3.44162951861636e-09 3.86418885761712e-09 3.36897450909328e-09 3.84895899180933e-09 3.85165807096108e-09 3.37494870901881e-09 3.5299079467381e-09 3.54205548903461e-09 3.35365317631751e-09 3.43795567581594e-09 3.84380366965674e-09 2.58863601212778e-09 2.82887940163249e-09 2.99018477002763e-09 7.29097386748019e-10 1.15436541217938e-10 1.07105603297482e-10 3.300741996675e-10 1.32573498962532e-09 -9999 -9999 -9999 -9999 -9999
1.752900059898e-09 2.31514299526493e-09 2.3810786417067e-09 2.27255874486587e-09 2.5229528209035e-09 2.62741178117169e-09 2.41471473064333e-09 2.56788078092221e-09 1.8919262750735e-09 2.02089215077212e-09 4.46011869758171e-09 2.14943082628274e-09 2.6087143836419e-09 2.34009928381965e-09 2.31706093118254e-09 2.35156012296065e-09 3.60392157770818e-09 4.08763901860986e-09 3.76786859027035e-09 3.59565322555845e-09 3.42074524588138e-09 4.00069921909965e-09 3.72660683827843e-09 3.9416282736206e-09 3.85631389194258e-09 3.70302388394396e-09 3.91832254186345e-09 3.88215941071629e-09 3.57978104815216e-09 4.03036227690515e-09 2.24652578946372e-09 7.43286781648878e-10 2.22349100329254e-09 2.21039800151241e-09 2.66404698954356e-09 1.84938344589917e-09 1.19521711972299e-09 1.08654909771047e-09 4.58331027694325e-10 1.9749950430039e-10 -9999 -9999 -9999 -9999
2.17733007785057e-09 2.06741475591702e-09 2.38106626309418e-09 2.41538193560363e-09 2.17979596660366e-09 4.00475547700084e-09 2.81456366507472e-09 2.39251898701737e-09 2.30292316049745e-09 2.57664297672583e-09 3.20847204655532e-09 3.02726086444742e-09 3.94195607763681e-09 3.2336778180483e-09 2.28517109672814e-09 3.49245892706442e-09 1.73379768243723e-09 3.41368665661711e-09 3.40834636213691e-09 3.90689710481196e-09 3.57351316676404e-09 3.99917601164615e-09 4.6184369534352e-09 3.52631059148096e-09 3.30291853680805e-09 3.8354037957372e-09 4.50238812721838e-09 3.72896792297249e-09 4.19476097509006e-09 4.55517905483003e-09 2.3279084606753e-09 3.4506207619316e-09 2.4673879784215e-09 4.59332141764513e-09 2.40370395831067e-09 2.52620900229104e-09 2.84872791557317e-09 2.73844965914789e-10 6.47200557207711e-11 -9999 -9999 -9999 -9999 -9999
2.15068351664277e-09 1.93694627824573e-09 3.40864696615282e-09 2.91929647792541e-09 4.02612809545624e-09 2.91905653056925e-09 2.79270851179841e-09 3.11580464497537e-09 2.5847843955359e-09 4.63720794234731e-09 2.30797661185241e-09 2.71285240880727e-09 2.697833669265e-09 3.64142711406928e-09 3.40811852147855e-09 2.20330991874784e-09 3.55148377041661e-09 2.07247610946512e-09 4.25258479843832e-09 3.49094581562796e-09 5.04322622660878e-09 4.49760801321041e-09 4.57536373707957e-09 3.64632513329779e-09 4.08113853410815e-09 3.63472932703542e-09 3.98433675204166e-09 3.30633806005601e-09 4.25507758232238e-09 2.52668202314874e-09 1.97043124792932e-09 3.6731104332687e-09 4.05311666555114e-09 4.06022548612992e-09 2.82178870355415e-09 4.06478663881844e-09 1.95967420639357e-09 7.31196024460241e-10 -9999 -9999 -9999 -9999 -9999 -9999
2.2277673424119e-09 2.13307278979919e-09 1.99382552928196e-09 2.51929915134493e-09 2.89621469393291e-09 2.98418113454498e-09 2.7411896000314e-09 2.91379605401119e-09 3.99623908255705e-09 3.19315012858014e-09 2.61514267964624e-09 2.67318408209399e-09 2.59651931455132e-09 3.91517134706569e-09 3.8567392234556e-09 2.26236057047768e-09 3.67730923190899e-09 4.5279292462636e-09 3.69621611964813e-09 3.51462531990764e-09 3.54378060221218e-09 3.69441297566408e-09 4.57998808597775e-09 3.69369133471784e-09 3.23230130421474e-09 3.81066716822974e-09 3.85279394382108e-09 3.72213740119816e-09 3.95484249164831e-09 2.86216757790132e-09 3.4654467032357e-09 2.17404259643057e-09 2.14146114475853e-09 2.66051913584283e-09 2.00872629508861e-09 4.15813358473404e-09 2.30361893977965e-09 2.09337847415923e-09 -9999 -9999 -9999 -9999 -9999 -9999
2.30020194599486e-09 2.36076151214711e-09 2.07687632215391e-09 2.11454042574499e-09 2.64895751902021e-09 4.48194967282212e-09 3.37287266320012e-09 2.10775024122981e-09 2.37153033790272e-09 2.78459071119405e-09 2.65034621900189e-09 4.21101801273361e-09 2.58236424401447e-09 1.86542295316133e-09 3.92150230654993e-09 2.10237633829657e-09 3.6775493302748e-09 3.88552120979309e-09 4.39031128674402e-09 4.02137537578031e-09 5.13787321579764e-09 2.02321410549474e-09 3.76816543561079e-09 4.0355831657548e-09 4.13127422640951e-09 3.8746627011734e-09 4.05262940308042e-09 3.74985450426861e-09 2.56209497162497e-09 2.46771108952276e-09 3.10991715980585e-09 3.04748912715942e-09 3.68607756467583e-09 3.60683313434803e-09 1.83562885137494e-09 3.56241207778097e-09 4.26041202056447e-09 3.78603119468623e-09 -9999 -9999 -9999 -9999 -9999 -9999
2.61230512165425e-09 2.3954843942282e-09 2.406344157274e-09 1.89103975671942e-09 2.48570105846279e-09 1.89672612209255e-09 3.42723255762112e-09 2.44847199016648e-09 2.0228210599236e-09 2.26012748547934e-09 2.62030993481499e-09 2.04839033798807e-09 1.89621651167297e-09 3.74046589263255e-09 3.11131557580488e-09 2.56738170474901e-09 2.77181087013952e-09 3.42448509728395e-09 3.51582669639458e-09 4.09587468686372e-09 2.02041115153678e-09 3.65406546145833e-09 4.43899128366458e-09 4.26585699584642e-09 4.68231997937598e-09 4.05963967312696e-09 2.2005568863515e-09 3.78979460921862e-09 2.04278438374421e-09 4.01040739000755e-09 2.70305456456875e-09 4.02022822682048e-09 4.08680417155782e-09 3.13015777022875e-09 3.6350934354419e-09 1.00947420051288e-09 1.54516996548113e-09 3.16203445518817e-09 -9999 -9999 -9999 -9999 -9999 -9999
3.68499149582033e-09 1.72485416267379e-09 1.62444630638191e-09 2.34985176485421e-09 2.12505405712019e-09 2.10315548555106e-09 1.94949324503984e-09 1.54135466794178e-09 2.2514676479357e-09 2.22593387458827e-09 2.46148432504602e-09 2.49264791748959e-09 2.31720353573544e-09 2.19803853512683e-09 3.89135856934922e-09 3.79911545067468e-09 3.01223331090469e-09 4.10897250319811e-09 2.91561688754142e-09 4.10360516825991e-09 4.25049649284562e-09 2.37732655072286e-09 4.63109158453531e-09 4.0850949541785e-09 5.7891273896539e-09 3.70340616791971e-09 3.57241703910843e-09 3.53926352112965e-09 3.50447162987446e-09 3.65907372026035e-09 3.02378688159587e-09 9.08218921075366e-10 1.88370147520685e-09 3.86206349727824e-09 3.87635815888871e-09 2.34990832017761e-09 1.55802990375663e-09 -9999 -9999 -9999 -9999 -9999 -9999 -9999
2.81651672474363e-09 3.6122873861406e-09 2.25976248408173e-09 1.61570891538309e-09 2.33302254991078e-09 1.55749515237175e-09 1.77741148195404e-09 2.06729110180531e-09 2.45725761339026e-09 2.22368268279045e-09 2.45880977092089e-09 4.38437875165957e-09 3.98823856617639e-09 4.22221077194571e-09 3.86434378755213e-09 3.62924896600404e-09 3.010680816399e-09 4.02877110940798e-09 4.44934124094965e-09 3.83513546224171e-09 4.45419894973583e-09 3.18847234458394e-09 4.00634389480518e-09 3.87321834851741e-09 3.90685179640221e-09 5.66934873597907e-09 3.88555701021966e-09 3.69058624353211e-09 3.55600601515552e-09 3.40683861078784e-09 2.18725644269905e-09 2.29343867156859e-09 6.14099591505749e-10 1.46463628151323e-09 4.2630999084719e-09 3.70696096018661e-09 -9999 -9999 -9999 -9999 -9999 -9999 -9999 -9999
1.89822213283484e-09 2.1321182517631e-09 2.21988354522573e-09 2.06402204934914e-09 2.06660008448315e-09 1.96308871560806e-09 1.93601695346743e-09 2.21152867212808e-09 2.51609309683712e-09 1.75403622507775e-09 2.31595517128257e-09 3.59765666141121e-09 4.18244333220264e-09 3.80422767019691e-09 3.96352779535134e-09 5.64273748238232e-09 4.36064623138535e-09 3.84222661473083e-09 2.5714318271446e-09 4.03057923667422e-09 3.73043188973816e-09 3.22293896636491e-09 2.17130446041902e-09 4.09910182589452e-09 3.92678339003874e-09 4.00796460795011e-09 4.15835651116342e-09 4.05357973133031e-09 2.00465476269793e-09 3.028587976237e-09 2.62401613521761e-09 3.16369092992493e-09 2.09155727279821e-10 1.79033608958701e-10 3.20517821644839e-09 3.50849539834229e-09 -9999 -9999 -9999 -9999 -9999 -9999 -9999 -9999
1.68051526750316e-09 3.61433565992945e-09 2.24430320593744e-09 2.33804891627739e-09 2.2166434686084e-09 1.96693672044229e-09 2.33422598441473e-09 2.93989507569814e-09 1.77763526548276e-09 2.32761082132924e-09 3.82299199582179e-09 3.73660091272185e-09 3.99975362999432e-09 2.84076543284644e-09 3.8558474127108e-09 3.93506022457731e-09 4.0649922405732e-09 2.37412484703747e-09 4.01135461188636e-09 4.08009527052999e-09 3.60606874214867e-09 3.84403049938399e-09 1.92963177754201e-09 3.55038036885888e-09 2.45636499297416e-09 4.03933123488772e-09 3.77494937102713e-09 2.70177355291265e-09 4.02490508540842e-09 3.64790758697315e-09 4.18710392257273e-09 2.19018711580795e-09 1.50608583770867e-09 7.04049009865323e-10 2.30923355867406e-09 -9999 -9999 -9999 -9999 -9999 -9999 -9999 -9999 -9999
4.51619588155128e-09 1.97291324893116e-09 2.4953731114358e-09 2.03270924718234e-09 2.79646006450121e-09 2.45744008423255e-09 2.16000478166422e-09 2.19826809501617e-09 2.20798091125502e-09 3.30664459568934e-09 2.86077767859892e-09 2.30499635132742e-09 3.90791001912244e-09 4.03499415124557e-09 4.24538205139015e-09 3.90820694182539e-09 3.47918802965898e-09 3.62376474205789e-09 3.12901496651088e-09 3.78205063200303e-09 3.95855647175501e-09 2.79839503261721e-09 3.44593773008679e-09 3.91354030928433e-09 3.58940224972112e-09 3.88819787168086e-09 3.23268193434825e-09 4.0207254393088e-09 3.9856768265066e-09 3.87060989331921e-09 2.05545563288581e-09 3.89172597636174e-09 1.84911146465712e-09 2.05052721441914e-09 1.50960899172175e-09 -9999 -9999 -9999 -9999 -9999 -9999 -9999 -9999 -9999
