Validation points/white/Trimeresurus_trigonocephalus-white.asc
NCOLS 267 
NROWS 469 
XLLCORNER 376490.070567719 
YLLCORNER 381033.488324056 
CELLSIZE 919 
NODATA_value -9999 
[rows 240 to 259 of 469, columns 44 to 87 of 267]
1.35847626594134e-10 1.01436402615118e-10 1.48713184368939e-10 4.59520620342793e-11 1.37607892257899e-11 2.62265374843706e-11 2.94984206800912e-11 1.43040516363818e-11 4.51076123034073e-11 1.2974943522554e-10 5.64543680126047e-11 3.617449595899e-11 3.51035396137635e-11 1.78213710565028e-11 1.89329798012551e-11 5.74242655223803e-11 5.81391338676574e-11 5.60948445417623e-11 1.05331178487142e-10 7.89144319656166e-11 1.45499613724339e-10 1.03780873932152e-10 5.01062024239148e-11 5.07172619630896e-11 9.634417304987e-11 8.26533190967101e-11 1.34133451299712e-11 3.2252178193176e-11 1.03006878346437e-10 1.1496742878983e-10 1.43941646299107e-10 1.88964258836075e-10 2.02817019354676e-10 2.77372764945745e-10 3.60078043473163e-10 3.99809723514373e-10 3.48859350419777e-10 3.06068184045797e-10 6.00855877697027e-10 8.06962219029183e-10 6.5826059491307e-10 1.23676939221141e-09 9.07370488502056e-10 7.76064863801895e-10
1.3290819503798e-10 1.09398496596105e-10 1.01552375805433e-10 3.3727415687896e-11 1.17832952564552e-10 9.74084136132028e-11 9.68902987407579e-11 6.71055385830177e-11 1.30552434916434e-10 1.23151080495177e-10 5.44156792795723e-11 4.16711969611543e-11 6.28497292699112e-11 3.62602499957663e-11 2.02718401566478e-11 7.66524669648004e-11 5.59191813941933e-11 4.69900328835181e-11 5.20245889641723e-11 7.53806813922631e-11 1.11569267683917e-10 1.01604482163381e-10 6.64712171190688e-11 4.40607321239245e-11 8.13848965577153e-11 1.4203618407944e-10 1.22748084248333e-10 6.25154306064724e-11 9.20756582390732e-11 1.21752713018461e-10 1.77011298013786e-10 1.48021574092874e-10 2.50729701652249e-10 2.91202426817441e-10 3.10638260369224e-10 3.24032013879642e-10 2.04243318904427e-10 3.62990128744721e-10 3.7938641462717e-10 6.61678119359334e-10 4.93519669034092e-10 9.13152393189209e-10 1.20179075248802e-09 1.06140030765396e-09
9.75849293627487e-11 8.58103473636144e-11 7.94528662360795e-11 9.02860776396137e-11 7.85343187301687e-11 1.63213864925126e-10 1.22563116421595e-10 8.96588633483655e-11 5.47433834704853e-11 4.09659531357918e-11 5.11150275529451e-11 4.5051398898971e-11 4.88031770123583e-11 1.30284059388062e-11 2.15255435786993e-11 3.39551132412517e-11 8.26930434901974e-11 7.16425590671226e-11 5.13922213895302e-11 5.68961501996464e-11 7.13219153563232e-11 6.79917197982057e-11 6.88465845985604e-11 6.64800653402619e-11 7.16345494407046e-11 8.16700877779853e-11 4.19641816065197e-11 5.15156449118446e-11 5.10236898341412e-11 1.05733691902764e-10 1.59387442648889e-10 1.76028443048208e-10 2.19863829739624e-10 1.69139026605921e-10 2.22227760291451e-10 2.7658323097805e-10 2.00565513079138e-10 2.98705381700225e-10 3.30423317447224e-10 3.11486928349901e-10 5.97135900655248e-10 6.76525931216148e-10 1.06919313581018e-09 1.87224186045483e-09
7.32975570540514e-11 1.04314415207837e-10 4.65154862029631e-11 5.85279441067934e-11 6.88764162681578e-11 7.13326484312779e-11 8.69113192993114e-11 6.23641575541533e-11 2.98966263831713e-11 4.02063937024571e-11 8.54104633699582e-11 8.22186087254051e-11 2.03305714789152e-11 1.25045593694791e-11 5.18810034540045e-11 3.30255507317286e-11 4.46932549461269e-11 7.81895075089072e-11 7.14649090330673e-11 7.34802246483152e-11 5.10378268898003e-11 4.77745194314884e-11 5.18606491029946e-11 7.28434344662641e-11 1.12997186271576e-10 8.61506130710252e-11 6.20058033452928e-11 7.62820761785593e-11 1.48530681626732e-10 1.04802073649886e-10 2.21704180052734e-10 1.80029308205363e-10 2.02644644143105e-10 8.8488089805822e-11 1.51213859396273e-10 1.43089563085097e-10 2.32416027495914e-10 2.66235623426749e-10 3.76924337748803e-10 1.16710789516135e-10 5.04427623262984e-10 5.99643791301409e-10 4.13404349279054e-10 9.07995235739826e-10
6.15765344973638e-11 8.44454174835443e-11 4.27577951701937e-11 1.30271414043107e-10 9.07941909385852e-11 1.17157179319053e-10 5.09112723346279e-11 7.22930030571387e-11 4.25652616365835e-11 2.62732505164743e-11 7.06830305943023e-11 3.27301591350104e-11 4.49983522346488e-11 3.87250426057454e-11 3.56927194065967e-11 1.93475117369712e-11 2.46632857156645e-11 4.5645674498383e-11 4.79229041025752e-11 8.76302874842143e-11 5.90122001226571e-11 5.5955309482583e-11 5.5671577976831e-11 3.41793420982392e-11 8.89601056155911e-11 9.53147102512017e-11 5.93152261776222e-11 8.0038033357394e-11 6.99249647680904e-11 1.00964882176533e-10 1.01389128373711e-10 1.56808920138773e-10 1.90763676294577e-10 1.87029186534858e-10 1.74525359826147e-10 2.17561444255544e-10 4.62690045678946e-10 1.30071584381877e-10 3.51585822170448e-10 8.44117938877655e-11 1.15906413822881e-10 3.06109740306607e-10 2.79737826266089e-10 5.99509420375793e-10
5.45183014318408e-11 7.93036516375761e-11 4.11866291813205e-11 6.70568898937554e-11 7.14607326305795e-11 7.05368913219582e-11 3.74970694920252e-11 7.51410415151216e-11 6.43704170652464e-11 4.30312680548351e-11 9.34092145288862e-11 2.62286537979738e-11 2.79045423792346e-11 4.61726190617822e-11 8.1094114424748e-11 3.13317191802997e-11 3.69940141057526e-11 9.25555426106979e-11 4.77756338041764e-11 6.61642497829804e-11 5.98226523671642e-11 2.1295378591757e-11 1.12885934226483e-11 7.65185066796186e-12 4.26815505199346e-11 6.10025264425647e-11 6.94837386426852e-11 1.04368467086711e-10 5.96121065993771e-11 1.03440346795765e-10 1.02410933106909e-10 1.33505328270133e-10 1.92064274440108e-10 1.18054222494521e-10 2.75404055777395e-10 1.28725561801371e-10 8.03449600501287e-11 6.84401416370807e-11 3.84163388626958e-10 2.01186180606511e-10 2.01637884540096e-10 1.45833986418617e-10 3.86448549500307e-10 1.16490125339615e-09
5.88760536456637e-11 6.54042248533396e-11 2.63228871196763e-11 3.02119805492981e-11 6.18317885781948e-11 6.57490158542922e-11 3.31498366437088e-11 5.89405271737274e-11 5.19298720147395e-11 2.41722216079421e-11 3.54401594058447e-11 1.878125589343e-11 1.45482125031138e-11 1.21824852520483e-11 6.93197162319853e-11 4.34391390956224e-11 7.40804501805132e-11 3.18866651851958e-11 5.64462717282061e-11 5.18667490942936e-11 3.87326371192957e-11 2.56310365109135e-11 2.16716312107658e-11 7.08580474960543e-12 1.80432887588585e-11 4.67971885001274e-11 5.42576159166631e-11 6.35400577150616e-11 6.01974267171562e-11 8.84081133507485e-11 8.28000267360639e-11 1.40324793815708e-10 1.6724610318913e-10 1.65042670186887e-10 2.72806667834597e-10 1.29476393437513e-10 9.56098018158135e-11 5.03734371612446e-11 2.934133482593e-10 1.92940662722665e-10 2.38709568463978e-10 7.75660975923473e-10 1.01723064979166e-09 8.62653614040523e-10
1.70601098838197e-11 3.43844452984369e-11 2.26900810585409e-11 1.97743028590141e-11 4.69911116044494e-11 4.99699917785471e-11 2.36554762787246e-11 4.28677418525123e-11 5.06098037686589e-11 3.09635671843903e-11 4.35063028528002e-11 1.8761268697249e-11 2.22376126525554e-11 9.09602804660266e-12 5.5919452555257e-11 6.03484974342943e-11 4.90751260370104e-11 1.88980483898432e-11 2.44899935381545e-11 2.62245726388217e-11 1.98385121795383e-11 4.62108187432881e-11 2.32558504989172e-11 1.40738689533897e-11 3.16766968082238e-11 4.33774827138464e-11 5.13611402481562e-11 6.51057143437082e-11 6.34129064973996e-11 9.5237161068348e-11 6.23579068978361e-11 8.18453826681392e-11 8.7541917628468e-11 7.83583519276109e-11 9.24035980436238e-11 1.39456215146253e-10 2.34873625392121e-10 5.03153497830833e-11 2.7918208720796e-10 5.02229854849056e-10 3.22935217846638e-10 4.89477428245062e-10 8.33067593654543e-10 5.99644537545243e-10
3.08408666762176e-11 2.37281896359354e-11 1.42856086800697e-11 3.60390817709178e-11 4.40646018089278e-11 4.26846515499299e-11 3.11056692420299e-11 8.38083057036654e-11 5.74029769023622e-11 2.8361629666642e-11 3.83014079709895e-11 1.87130124264596e-11 6.44608909461616e-12 4.24320508073897e-12 3.12052906872081e-11 4.43210860653057e-11 4.44180070185927e-11 4.38615754437325e-11 5.73335280077195e-11 4.79170901385152e-11 2.68578054899321e-11 3.22749287253117e-11 2.61566977637112e-11 1.21146769672511e-11 3.60414064478186e-11 2.10930560988141e-11 3.1188359592641e-11 5.13187790143191e-11 5.36673522051646e-11 1.05381872438144e-10 7.67178911822098e-11 4.14666233484484e-11 2.24346016776102e-11 3.13516323152365e-11 9.64174123667435e-11 8.7784046720384e-11 1.99419714590595e-10 1.62464905375599e-10 5.20505053599735e-10 3.63099344910182e-10 3.0179683649164e-10 5.43510990830931e-10 6.57343624104866e-10 4.13800573794297e-10
3.12740294192467e-11 2.47461662576311e-11 7.35744730050243e-12 2.9664742981332e-11 3.76836066740596e-11 3.30150094090765e-11 4.40529114373605e-11 4.7917859606786e-11 4.54764555420459e-11 2.50090357011027e-11 4.07630210672274e-11 3.96569266448684e-11 1.69764244641976e-11 1.40163097969073e-11 2.08362654727574e-11 3.48516421946251e-11 2.1971373609436e-11 3.05754377389979e-11 3.02703074883317e-11 2.21906542177319e-11 2.17140453044258e-11 3.8520060883774e-11 2.87505658133555e-11 2.87455340520825e-11 4.10533819890843e-11 1.83754833152469e-11 3.41506515882582e-11 1.12207939924703e-10 9.55231649847582e-11 7.92696613699386e-11 7.71694365325632e-11 2.19822497378582e-11 1.58677647285202e-11 7.59522949878344e-11 2.01963313059643e-10 1.85604276201137e-10 1.88284404493165e-10 2.25811284629344e-10 3.77824022466903e-10 5.12985197717653e-10 3.57508787094131e-10 4.50942488530648e-10 4.81617140272104e-10 4.26393312070706e-10
3.29035390472129e-11 6.89646021912864e-12 3.19815379003338e-12 2.13694841307225e-11 5.10332198894933e-11 2.84642271377468e-11 2.95684048409368e-11 2.72918186806255e-11 3.79773698017088e-11 2.09735369987653e-11 4.0831081884597e-11 2.23134805894707e-11 3.91429045857687e-11 4.47927071674124e-11 2.19296757980238e-11 1.54323895565921e-11 1.86250298419016e-11 2.4460782140571e-11 2.46317069696041e-11 2.26479188781993e-11 3.51958478074859e-11 2.82362090307353e-11 2.59546025438077e-11 3.9217134329066e-11 4.48283201424768e-11 3.15331405492738e-11 6.56028293540509e-11 1.04704733047605e-10 6.95453408517496e-11 4.63442185883296e-11 3.77987323429012e-11 1.80965706265036e-11 2.59639636633998e-11 3.67821717391325e-11 7.81138074303882e-11 2.02759941468184e-10 9.51395124029801e-11 2.56731611618697e-10 7.13275968306174e-10 5.79565245612348e-10 4.12340547852947e-10 2.27155187572659e-10 2.04145344903352e-10 2.21577049975059e-10
4.8781201431636e-12 5.29865293876431e-12 3.60643539269912e-12 1.3158529839226e-11 2.60553638144251e-11 2.48389817211928e-11 2.88937323441146e-11 3.24508592807639e-11 2.12627106369516e-11 9.76439484607343e-12 1.66312365118067e-11 3.60460520006686e-11 4.12426939217394e-11 2.77351563153699e-11 8.51551623622087e-12 1.81693284111784e-11 1.72971754714304e-11 8.58947249717006e-12 2.21202118176342e-11 2.72835914570109e-11 2.9445598403222e-11 2.42878190337521e-11 2.38507556345305e-11 3.45923161496592e-11 5.70082610522405e-11 6.36870842054176e-11 7.97198514470212e-11 9.07961668695745e-11 5.00957789183078e-11 1.04118551106537e-10 5.40911995480984e-11 4.95102451120544e-11 9.08248677816514e-11 1.02641350246716e-10 5.57166569972091e-11 1.19405528892849e-10 8.37385221921253e-11 2.2127020626818e-10 3.34421683908878e-10 4.19028642059567e-10 4.21876641262414e-10 7.7406140380255e-10 2.84487922696685e-10 3.15410208041786e-10
5.89023933537792e-12 2.26523370334324e-12 6.39485042098441e-12 1.27540413710855e-11 1.59836124849538e-11 2.46321150304006e-11 4.23549882198148e-11 2.19606471491139e-11 1.11421533681456e-11 4.88632052739746e-12 8.2149108572324e-12 2.67425245400843e-11 3.16853292279938e-11 2.28518792275786e-11 4.90343270419304e-12 1.20561905605774e-11 2.63763282911719e-11 2.43251065100343e-11 4.50395708308974e-11 4.90705211472116e-11 3.97029908225044e-11 5.99140444801513e-11 5.23740610156387e-11 8.07913201677748e-11 5.69493995180587e-11 1.01722327797578e-10 1.36078447327309e-10 1.11569762205567e-10 8.95090752841683e-11 1.35775274812926e-10 5.97570712930915e-11 5.67623006884972e-11 1.12540458366124e-10 2.29207910009049e-10 1.62043154510251e-10 1.20211384207981e-10 1.424683229841e-10 1.31906124917486e-10 2.23561270447012e-10 2.89783238836902e-10 2.98034138341594e-10 5.56676551733465e-10 7.44187323101957e-10 7.14675787649063e-10
5.83327907188372e-12 1.16059241488015e-11 1.23634876531546e-11 1.77874518545862e-11 1.75119960934105e-11 1.5297170948727e-11 9.70340555251915e-12 3.85384805834224e-12 9.10974461379066e-12 1.51398828443158e-11 8.77721923960273e-12 1.01033819285127e-11 6.04811586068486e-12 1.67637676820553e-11 2.25611135517966e-11 1.57686910126497e-11 1.92121175310521e-11 4.71052963134363e-11 4.75574874435241e-11 2.77497789709678e-11 1.97762234535609e-11 5.86299649455873e-11 9.22998690533343e-11 7.05812561713535e-11 6.93053996634317e-11 9.52360093541099e-11 1.49255840483493e-10 1.48458926600159e-10 1.11568451379746e-10 1.37933852499522e-10 4.58137287328177e-11 4.54351101681342e-11 9.89077423829255e-11 3.08171284893176e-10 1.34980160604439e-10 6.49962723398529e-11 7.59907478078711e-11 1.63497862723099e-10 2.38670958638837e-10 3.30037408523986e-10 3.42303903649861e-10 3.44372689440153e-10 5.60218167376397e-10 8.04071641592323e-10
4.83267856639338e-12 6.32141497223043e-12 9.49037896294279e-12 8.14957374038661e-12 1.94822736431783e-11 1.33901572665134e-11 4.74353256519947e-12 5.91754168207028e-12 9.29874217188759e-12 1.5608759777565e-11 6.08812285360687e-12 1.01795108611321e-11 4.21005646541616e-12 1.02716046279763e-11 2.27649515896145e-11 2.64669681787256e-11 2.47266017678921e-11 3.26224084622628e-11 4.49273156706213e-11 5.062433818426e-11 4.92649967182193e-11 6.53779854050669e-11 7.14031597475766e-11 5.89836398496582e-11 4.9509086029543e-11 1.05229122031046e-10 1.03560660447183e-10 1.77986771603252e-10 1.91677485047465e-10 1.39665632911487e-10 5.52432157780866e-11 4.57272154753915e-11 5.5448588803671e-11 2.65657759355174e-10 2.04513651867059e-10 8.23767489668422e-11 6.86535401005404e-11 3.24848262724014e-10 2.1130291398361e-10 2.61631737632902e-10 3.08185953257061e-10 4.72000790735072e-10 6.05623252897536e-10 8.69082939145101e-10
1.14688339672421e-11 1.17815972383954e-11 7.56895951865034e-12 6.49994148010702e-12 7.64828906653406e-12 2.50318015564189e-12 7.36739853084888e-12 9.3628037518726e-12 4.08401827267643e-12 5.01758076062617e-12 4.52604652132021e-12 1.38279904025733e-11 1.97408088562296e-11 3.12276698833366e-11 3.82525476220868e-11 2.61939491321275e-11 4.9241641668609e-11 3.36726083967719e-11 3.47273167844967e-11 3.30466396091355e-11 7.67096378092316e-11 9.63466614487403e-11 9.43532446860211e-11 8.85296184158648e-11 5.2037605666822e-11 8.35840059207884e-11 1.42544600913808e-10 1.84184949640887e-10 1.90739581535511e-10 1.49540691162134e-10 1.82940861036793e-10 1.22448653042821e-10 8.11071274723294e-11 1.4812624360786e-10 1.36329600464084e-10 8.35902720841134e-11 3.2674087688045e-10 3.13678636883877e-10 1.88237025570357e-10 3.67164214822313e-10 3.78741891759468e-10 5.65247496136104e-10 8.70337812178095e-10 7.96068491900106e-10
9.12873371766288e-12 1.22334703592308e-11 7.30871325396636e-12 5.74305013735199e-12 8.92232157041431e-12 2.89737316439483e-12 1.7059310816051e-12 6.92201154883958e-12 6.54876442841879e-12 5.77316519664059e-12 4.35859806066666e-12 1.33682736431856e-11 2.05885738628417e-11 2.30310536550439e-11 1.46787314327627e-11 1.49788419987676e-11 1.50615033191593e-11 1.76524711051642e-11 2.63543647980374e-11 5.54512547773786e-11 5.54288651464002e-11 1.02176096527875e-10 1.21566207806848e-10 8.07274707509902e-11 8.61881960877835e-11 1.41473498802178e-10 1.55747738005468e-10 1.91258852058919e-10 3.32184933993295e-10 3.7300630399935e-10 1.9305317798652e-10 1.08882033361797e-10 6.98823932531151e-11 1.43297562702567e-10 1.4617221323119e-10 2.16739088316113e-10 4.25869970206965e-10 2.46266363737616e-10 4.02130570420379e-10 6.4234774508127e-10 5.85443271036566e-10 9.06634330779824e-10 1.11597366236395e-09 8.47756327198572e-10
1.93479141085967e-11 1.75982332671804e-11 7.41904083863406e-12 5.58848241197997e-12 8.95735685638576e-12 7.86294534118401e-12 6.60107973755121e-12 9.69955514167254e-12 8.30300622080272e-12 5.84730061586999e-12 7.85590252773318e-12 1.49051119977623e-11 2.22935553809341e-11 1.7095457010067e-11 1.49759988529243e-11 1.0293114152942e-11 2.33010214971635e-11 6.72315400043391e-11 4.65931035385372e-11 6.29335093387288e-11 6.45037235225504e-11 6.85647233491554e-11 1.07149653882846e-10 1.27725822292694e-10 7.97273531371278e-11 1.41888476641539e-10 1.59398246677861e-10 2.60704439728702e-10 2.44798258024001e-10 4.56620244673804e-10 2.13712953747122e-10 2.02966354036125e-10 2.99711155634421e-10 1.12675807762672e-10 2.22292090619601e-10 4.72254596762106e-10 6.5576739220324e-10 3.23467904771066e-10 2.30443851353524e-10 6.2120274860633e-10 6.6923735928969e-10 7.55961918637505e-10 9.74744317228289e-10 1.18696936347124e-09
2.49546691475646e-11 3.18034259936645e-11 1.43238327646556e-11 1.51551840224835e-11 1.61334804334391e-11 1.6303122870858e-11 1.58619857898237e-11 1.46020176174896e-11 1.46896285949378e-11 1.3620543781715e-11 3.57339037299124e-11 2.72405870468969e-11 3.10399721125324e-11 3.29564080889943e-11 3.12081599183276e-11 1.78258728986176e-11 2.41434874228214e-11 4.51109424812578e-11 7.83430672097856e-11 6.76183148050171e-11 8.35472281827546e-11 1.2337599035014e-10 1.76565893917741e-10 1.61224631661812e-10 1.5224752796191e-10 1.47170652444106e-10 2.7888451798215e-10 2.32881405392824e-10 2.5697155906094e-10 3.33993631322166e-10 2.99889101511847e-10 2.14707520203117e-10 2.68186558297488e-10 1.5886628229966e-10 4.82439216660512e-10 5.05330464531531e-10 7.52028844422227e-10 5.35772057417852e-10 2.80326377740077e-10 3.74133133328376e-10 6.20627440918247e-10 9.97031231252095e-10 1.0211304358836e-09 1.06744745676787e-09
2.42289292262442e-11 1.59916357358777e-11 1.61816585320102e-11 2.11368470107561e-11 1.60486261668642e-11 1.31319583324697e-11 1.41185055902273e-11 2.28387917650956e-11 3.18824557356611e-11 2.6156373813317e-11 3.3878853548782e-11 3.9232904501111e-11 4.78394859686736e-11 5.03657718282853e-11 5.64022928690144e-11 3.37697671256079e-11 2.58830656163002e-11 4.4685006388494e-11 7.18100576665012e-11 5.63769189414337e-11 2.66622140101638e-11 8.07834651818058e-11 1.42995750028816e-10 1.51764343936681e-10 1.69781754130793e-10 2.25867408397836e-10 2.5394286495534e-10 3.29916248851491e-10 4.42775960677002e-10 3.83575879803627e-10 3.72942166693638e-10 2.48598876114361e-10 4.20200745379658e-10 4.03388635261791e-10 5.56606008579113e-10 5.74078234521535e-10 7.57778760718878e-10 1.34311260326736e-09 5.89103495043768e-10 6.40007214323377e-10 9.25078911541717e-10 8.8830707120911e-10 1.36576887283376e-09 1.49235417962539e-09
