Niches/Distances-1/ascii/Bungarus caeruleus.asc
NCOLS 278 
NROWS 480 
XLLCORNER 370976.070567719 
YLLCORNER 375501.488324056 
CELLSIZE 919 
NODATA_value -9999 
[rows 273 to 293 of 480, columns 48 to 95 of 278]
0.986826865793298 0.985927440463228 0.986382551486239 0.985857355599186 0.984749534020828 0.984648664338815 0.984528094467208 0.984063565218037 0.983155886398438 0.982626376187313 0.982096154919743 0.981438192143788 0.980938070811603 0.98022839285681 0.979758022475251 0.979639546512192 0.979730771127954 0.979307801601162 0.978550674806198 0.978119665543041 0.977662168336746 0.9766223464385 0.976051900315252 0.975981946320495 0.974973572311261 0.974423982389618 0.973936642624198 0.972744344922837 0.96617025293401 0.960282688123587 0.96040936959077 0.960496650678766 0.961308895253959 0.961704979867451 0.963361924600338 0.96455113378659 0.963874491601458 0.963849744219801 0.964296405449358 0.964991334435813 0.965382651045047 0.965669115183717 0.965996201148227 0.96610049524318 0.9666148115304 0.966980233470585 0.967545658575626 0.968330773948187
0.986876085731116 0.986167533252167 0.985631893996229 0.98507935515338 0.984590567101213 0.98368858545779 0.983460846729286 0.983446547078824 0.982377807431061 0.981850382403866 0.981455632657073 0.981000512909442 0.980858790199186 0.980645111194123 0.980584566700906 0.979953192201207 0.979240639484469 0.978269824959824 0.977487632334611 0.977368920806841 0.976630975086643 0.975435379479319 0.975509512566554 0.97526729097059 0.974257664978536 0.973272105847862 0.97211170535339 0.971573631928764 0.9703234202068 0.968999380759264 0.9678165187333 0.966392407906385 0.965529739395959 0.960736568975327 0.957163597587464 0.958966622977774 0.958884122980964 0.95867710958478 0.959054353383646 0.958643249338628 0.959440723133935 0.960118809243503 0.959838543946598 0.959917484298876 0.960961690318145 0.961642616291182 0.961922423545592 0.963129670881526
0.986195469482052 0.986131914995296 0.985831692132539 0.984753063129194 0.98373819800346 0.983267064217743 0.982307997392517 0.98207578293449 0.981832597268132 0.981051168047078 0.980383660537989 0.979703633200704 0.979994703938181 0.979934813791385 0.978749072641167 0.978577921791185 0.978217756433918 0.9772661971433 0.976446165845693 0.975653835213258 0.97531274623533 0.974666343579486 0.974279594308272 0.973768026276022 0.972670983964379 0.971822362090466 0.971026524161213 0.970307236038644 0.969700390805128 0.968815801689586 0.967542408655066 0.966624164321916 0.965923071392172 0.964301173453615 0.957740190204763 0.953120491382754 0.953576893649371 0.952993033424484 0.957014035807079 0.957244492254387 0.953444462658298 0.953532328295764 0.953471133818435 0.954243576681968 0.955205701486137 0.955688914506794 0.956338492923936 0.957476850668626
0.986032598295456 0.985003376809237 0.984355783242906 0.983932442919808 0.983094116096258 0.982854141089674 0.982764251340611 0.981887518744435 0.980778165995451 0.979907161111616 0.979638748209558 0.978908602298704 0.97845142790331 0.978713703035935 0.978122152059443 0.977603250984963 0.976855075649044 0.975949246448663 0.975622361150389 0.975289752502082 0.97481091051552 0.974221584316861 0.973224469428384 0.972573608492256 0.972324716925103 0.971353972197409 0.970700157977766 0.969617821011367 0.968554241975714 0.967448614639023 0.966108500081068 0.965602206080974 0.96505429564848 0.964297517838274 0.962591335718332 0.960457765052097 0.959476760172516 0.959000696977091 0.958096599613571 0.958349975634866 0.952888948720387 0.945752899662552 0.945701337164546 0.946457360295212 0.947023849803765 0.947640043466488 0.948393963963987 0.949722732154994
0.985234792964629 0.984218928870025 0.984138500970216 0.983705864565624 0.983419348079241 0.983068142905638 0.981958209969493 0.981036113717076 0.980158281818912 0.9795293414879 0.978661730480838 0.978072277775203 0.978137590272678 0.977981258187987 0.977368837922961 0.976533996584682 0.97580857505499 0.975542975842544 0.974842441288413 0.973917631679502 0.973167807390601 0.972548830574433 0.971957807437386 0.971631401993154 0.971058813975954 0.970249972002152 0.969314208634147 0.968169294338314 0.967347025175946 0.966204453440302 0.965529124310323 0.964733487047305 0.963843187668659 0.963045164222357 0.96200743187035 0.960388517751475 0.95904341271148 0.958939375992787 0.957805022848196 0.956768119334989 0.956947719978425 0.955447098605611 0.953177096710514 0.952334071679659 0.952195001253564 0.951423221461071 0.950351593964435 0.946589669141619
0.984036383667692 0.984384796963231 0.982525990721651 0.981837216953867 0.982428240090913 0.981817909372126 0.981004264495592 0.980607617144177 0.979869466395434 0.978719683762227 0.977560762090667 0.977113786774828 0.977291769001449 0.976959195251617 0.976095095903683 0.97541896847107 0.974786721509476 0.974307412755801 0.973382633683056 0.973053898765563 0.973063522020268 0.97197950556472 0.97142164906662 0.971262398596889 0.970372269348312 0.969604193156564 0.969189040888352 0.96778821170711 0.966454287266302 0.965362427378317 0.964398810664307 0.96337514676036 0.96287365130069 0.962760519166739 0.961447616695296 0.95985609787993 0.958596873626588 0.958012638243087 0.957227518508216 0.956299515688768 0.955931048856568 0.954733359340695 0.95335120520632 0.952818916204059 0.952395266156988 0.951863631501148 0.950560932471569 0.948125673206594
0.983597605131358 0.983320668276584 0.98260076070607 0.981862007958619 0.981336659390734 0.980829636884958 0.980058166816437 0.979491358859293 0.979165079922035 0.97815139261986 0.97740405920967 0.977268901775175 0.976539876977856 0.975506995513986 0.975066397894601 0.974490267682106 0.973974712498995 0.973199037164139 0.972631897671474 0.972449806149327 0.971786390486527 0.971016373067062 0.970372766651592 0.969410423731949 0.968515927811587 0.967269297545703 0.966157903235884 0.966432977384512 0.966206529899613 0.964706279323103 0.963117796675133 0.962481309548728 0.961622017465837 0.961066285412451 0.960526663367961 0.959371187920887 0.958160027593352 0.956935950467459 0.956069656877859 0.95519694196871 0.955083295082241 0.956178378716929 0.954952277479439 0.95277253612971 0.952366012509642 0.951438498268856 0.950451560648387 0.949095205212253
0.98370914938466 0.982291211225653 0.981621832285799 0.981150153211398 0.980288876277695 0.979628758520858 0.979234484265799 0.979075338491495 0.978172654516246 0.977574503365516 0.97651162666169 0.975383158272582 0.975252018525114 0.974456555754476 0.973830516359266 0.973500023431055 0.973051730697754 0.972565040916445 0.971650046503855 0.970996472211233 0.970788067238326 0.970131212488978 0.968848021707375 0.967587179037218 0.967340699827206 0.966804912252745 0.966180116115736 0.965702552285851 0.963962845817585 0.962636777896143 0.961776875089925 0.961225413737517 0.961166177937142 0.961221701412153 0.960456081200639 0.958854912956712 0.957247035480811 0.956718454441605 0.957402412219727 0.956608890676806 0.954945289059658 0.954363322077084 0.955487048635792 0.954497218804141 0.951557955751546 0.951292544118408 0.950427541772412 0.949454197108271
0.981509406845984 0.981144089601226 0.980885278142325 0.980397541406742 0.979506173262273 0.978811536550553 0.978555931389117 0.97821915673526 0.97733587631256 0.976325207728542 0.975762748993945 0.974797544399286 0.974103391903918 0.973979864386486 0.973572830376209 0.972909759335858 0.971762262552815 0.970690669954656 0.970258988895839 0.970332096840348 0.969353137883911 0.967934117872154 0.967624311015478 0.967111997028308 0.966186253885168 0.965892107719511 0.964802162885386 0.963599199337356 0.963069763285493 0.962299396881269 0.961433670391901 0.960591866807699 0.960172788460959 0.959693907213612 0.959300531594305 0.958427101266401 0.957047922227089 0.956798877979104 0.956949709191546 0.956442507831082 0.955666496598397 0.955114223856426 0.955066631060043 0.953147005499749 0.95104061202155 0.950917062692571 0.950358887745879 0.94942989904449
0.980783527273797 0.98058512071421 0.979836600755842 0.979501597199633 0.978696742376692 0.97817304276179 0.977693402472594 0.976481264987737 0.975931570370666 0.975128373225327 0.974045290304007 0.974054267936909 0.973662785559914 0.97295652765575 0.97283456184511 0.972306896890894 0.971305040172017 0.970491452005506 0.969794215357338 0.969085278995156 0.968096722957872 0.967011149157841 0.966657911148023 0.966138901015806 0.965373101949604 0.964726904322306 0.963617870021914 0.962880247112617 0.962353646561913 0.961323971395508 0.960512149964334 0.959898399194918 0.959474923640226 0.959384881210332 0.959413511047423 0.957859822179833 0.955949475251795 0.955999018000514 0.956185899338466 0.95627019224447 0.955907457486922 0.954484445961995 0.953663406970899 0.952677036450662 0.950850520023824 0.950423380129172 0.950775889633309 0.949783150141237
0.980822731349058 0.979853635574346 0.978777248798072 0.978588400058547 0.97806156394313 0.977219433185717 0.975545379475066 0.974879821918313 0.975174081504016 0.974504628404901 0.973553487895993 0.972794219207076 0.972430454944492 0.971973882547806 0.971241839032329 0.970466883478537 0.969988373027496 0.969108233467619 0.968077123101396 0.967300501145384 0.966461838424005 0.965782024839884 0.965544335683466 0.965091732988403 0.964143318922917 0.963497431019591 0.962647317235837 0.961735502946855 0.961436968297865 0.960718526463334 0.959824732874797 0.959216509151487 0.958488513859204 0.95814031431683 0.958083988176876 0.957207102899868 0.956232680745286 0.955868995004272 0.955912574475937 0.956205028065518 0.955360301733967 0.95527269783507 0.955368956555967 0.955693403323244 0.954154847307227 0.951511697821863 0.95138526936863 0.950078818752901
0.97971066524358 0.979328784309741 0.978533701060027 0.9777249855932 0.97712009467433 0.976635546786974 0.975765401278107 0.974931118315441 0.973796472896115 0.972621048607808 0.972180123815212 0.971616160083845 0.971239121313525 0.970642636565015 0.970362174964185 0.970205821067946 0.968795028371861 0.967764345511967 0.967597853608506 0.966883342214814 0.966022527685915 0.965378594097235 0.964223646489608 0.963345967272275 0.962441481663212 0.961659598761972 0.961421224722966 0.960675413758783 0.960069842319635 0.959774378736516 0.959597033407079 0.959356657068023 0.958389864592714 0.957358911269633 0.957373424673259 0.957387035078825 0.955909926554086 0.954408358560115 0.953839757693775 0.953789887771846 0.953849904425616 0.9539882332591 0.954233316530081 0.953644919503339 0.952032025371541 0.950957771764601 0.951723967800965 0.952159012200387
0.978978377438772 0.978209851929148 0.977760917936354 0.977463007097619 0.97620376539504 0.975754892474579 0.975810856542846 0.974739346828567 0.972764032025502 0.972221674812971 0.971770921737125 0.970719321603294 0.970731322316662 0.970006367554084 0.969352295958182 0.968198896970419 0.967000116877177 0.967095289383014 0.966649046935167 0.9653022973045 0.964118074237979 0.963320408501055 0.962883732597889 0.961979687582083 0.961097301432826 0.961246182692932 0.960621639569872 0.959828501910184 0.959191316814263 0.958862232912013 0.958836312069107 0.958582940410122 0.958611605145689 0.957370436491268 0.956609230936945 0.956649961820522 0.95547482544464 0.954619145353995 0.954416184543315 0.953958674250091 0.953254074023528 0.95341705863017 0.953049778346148 0.952454009016392 0.951561550294555 0.950792352989271 0.951279928319403 0.950495811915712
0.977515162869714 0.977017493155455 0.976698124116407 0.975679904374686 0.974458278866719 0.974013327662476 0.974028805136497 0.973705396598875 0.972186414265476 0.97090907770319 0.970183869926663 0.969252817852891 0.968909246720871 0.968884542962309 0.968316666239342 0.967372457440191 0.966748385446555 0.966074666008772 0.964425041231186 0.963450304990322 0.962752893849775 0.962060460104341 0.962038334470678 0.961141299686201 0.96039455082548 0.959968689087505 0.960950522805887 0.960768069212053 0.958582421295294 0.958164311381258 0.958035688686358 0.957777941630969 0.957886759440847 0.957445210837996 0.956646031379684 0.955846476762757 0.95452327924095 0.953379438073249 0.953783632220057 0.954004766412014 0.953032259311292 0.952578753618168 0.951895895142033 0.953532319571145 0.953156846869927 0.949942034176972 0.949978197722528 0.950548656932704
0.978347888487897 0.977555941738696 0.976012351617543 0.974752333423877 0.974028792049569 0.973612693160201 0.97296227281733 0.972047954562708 0.971150439924188 0.970267634993221 0.969422206329844 0.968258346523957 0.967734441880509 0.967459284848001 0.96654646286553 0.965803640083338 0.965307745829035 0.964449666468178 0.96305521498339 0.962498326917994 0.962717633302281 0.961804100263365 0.960646749023216 0.959544886359602 0.958839213004908 0.958526557560145 0.958008193049731 0.958153562650709 0.95837816051639 0.957073315230549 0.956378826837351 0.956511161857615 0.955864200826158 0.955964311466323 0.956200578509852 0.95574322525977 0.954581123464602 0.953569512621737 0.953494707738843 0.953535512781681 0.95300214192667 0.952112091199663 0.950825654859811 0.950250894412491 0.950512205474722 0.949784633326459 0.949774512768474 0.950298905990584
0.976780781156359 0.976252732318908 0.975414785016283 0.974816476822412 0.974655764979007 0.974413826933158 0.973747505972247 0.972378469302466 0.970388545124967 0.968751261320888 0.967768075286569 0.967603956479463 0.967298525019192 0.966164542670906 0.965124930163515 0.964792587616086 0.96413987706074 0.962881787007862 0.961686784674627 0.961603913881511 0.961159425082073 0.959789869297465 0.959007288426709 0.958384494589749 0.957373760571089 0.957335005813704 0.957791634920414 0.957184759150732 0.956439990778514 0.956453954531147 0.955935083992834 0.955477604235776 0.955022432140432 0.954074990869959 0.954606232917946 0.954962363138947 0.954130453272637 0.953521684260642 0.953054236626432 0.952349173995065 0.951769414341086 0.951906382134013 0.951110234480787 0.949178560221721 0.950418023213136 0.951029339813864 0.949252754381288 0.950320246408541
0.975098434695393 0.974215503257451 0.974538597708791 0.975067139487212 0.973983541813374 0.972739184310727 0.972228161567161 0.971679422295866 0.97081276227227 0.969357325701008 0.96805661152224 0.966657405120123 0.965714413405316 0.965281681029916 0.96445306034495 0.963875289904092 0.962735252670254 0.96181454799456 0.961233422937715 0.960442824142142 0.959489423956925 0.958790267892588 0.958151926784655 0.957351141996456 0.956703304140795 0.956256594925834 0.955480836707098 0.95608712792731 0.956491466030331 0.955436428396632 0.955216371695116 0.954248497367057 0.95348898438881 0.954080286713663 0.954616484345215 0.954591636630439 0.953496862719724 0.952201745384014 0.951842500474047 0.951486370253045 0.950978135025235 0.951644312029933 0.951823768717157 0.950354403291738 0.949654557982503 0.949440185370234 0.948881853380401 0.949478032767248
0.97532365200902 0.974964834605381 0.974641517676258 0.974113486288045 0.972334383802902 0.971681873913792 0.972212090819052 0.971423686265145 0.970363998409546 0.968791525437352 0.967564407781754 0.9662346057234 0.964926187706098 0.964048931632784 0.962955885196622 0.96208186159463 0.960738815564707 0.95969734035117 0.959349293489627 0.958392857137015 0.957509550540458 0.95782438713996 0.957273881133327 0.956325161706177 0.955169459419011 0.954277663768214 0.95398115759313 0.95421100767942 0.955359551416737 0.955366871372038 0.95391297469602 0.952825293900513 0.952809135906214 0.952443434778222 0.952974162073691 0.953385161423282 0.952021075974756 0.951369626126849 0.950867594103113 0.95122509408929 0.952469730779744 0.952573265832847 0.952342988240228 0.951096161670417 0.949543903640335 0.94973708415317 0.949569990251002 0.95060288043949
0.975162530108524 0.974720191927658 0.973928249540766 0.972836040668023 0.972199322339216 0.971618581165605 0.970976361964548 0.970185780618213 0.969113428978205 0.968204729378188 0.967400494003193 0.966371569154018 0.964709023215764 0.96374277602914 0.963108129797334 0.961574983045066 0.959861899751533 0.958695082299821 0.957835035537391 0.956653290262652 0.956169479605598 0.955758912124645 0.955809008886668 0.955071778585224 0.953213870979397 0.95222941987533 0.951981440030857 0.951623634683017 0.952130578667223 0.953150381927283 0.953321637472692 0.952848955067111 0.95164300333709 0.951027254629934 0.952210897509295 0.952572314849381 0.950954124873879 0.950395461348526 0.950681742270198 0.950455643770057 0.950366364744321 0.95044187632135 0.952063617216766 0.951638117550477 0.950601231486509 0.953103050869469 0.952577601968466 0.951234743517851
0.973244457530403 0.973378838473812 0.973214837449061 0.972272526254532 0.972117625007349 0.972102400547278 0.970870916219894 0.969486633278495 0.968209933613393 0.96804803958412 0.967028053107061 0.964971734579337 0.964216845649134 0.963416078310173 0.962152439399642 0.960821664546275 0.958715166372649 0.956750356010803 0.955649963445482 0.955114468145756 0.95492871228365 0.954111136966277 0.953826278157494 0.954100807017438 0.952508712377221 0.950487985932512 0.950686322695147 0.950622545730608 0.949675078286279 0.950262288764843 0.951267827272917 0.951534512700422 0.950788845692452 0.950680180563405 0.95193804377619 0.951909723663072 0.950982453711616 0.950718560162175 0.950139995780992 0.949339538166004 0.949705893640417 0.951079994951499 0.951636826306872 0.952351145758948 0.952448878940448 0.951473126281476 0.951544990967784 0.949604260554245
0.973395044453515 0.973669913573597 0.972777406866356 0.971208070394675 0.969811062596534 0.96953013422859 0.970227968513156 0.969875079488095 0.96759224367852 0.965888177278673 0.965606092898717 0.965567080765074 0.964254047424346 0.962534102218006 0.960961952056714 0.959602368511568 0.958893493221718 0.957543703061346 0.955185748282594 0.953234190616936 0.95264458086816 0.952736459830344 0.952395056766133 0.951438559341188 0.95010480066814 0.948806306904896 0.949151618598397 0.949901787509746 0.949386834325343 0.949336763737177 0.949844745951038 0.950513932949275 0.950321031624246 0.949780593827884 0.951078581563229 0.951378350745801 0.95019362601369 0.950290931688862 0.950289640445257 0.949148887792665 0.949209628589809 0.949865083037815 0.950312935177859 0.952858133366248 0.954744683896095 0.952413971740021 0.9499459602555 0.927055229858865
