Niches/Distances-1/ascii/Bungarus ceylonicus.asc
NCOLS 278 
NROWS 480 
XLLCORNER 370976.070567719 
YLLCORNER 375501.488324056 
CELLSIZE 919 
NODATA_value -9999 
[rows 399 to 419 of 480, columns 96 to 143 of 278]
0.935002384180529 0.938450361013183 0.93983338823382 0.940504552308689 0.933776765788331 0.929389778752891 0.935764272115263 0.940125577472776 0.938998233121439 0.936146886525605 0.929877144319075 0.922869763257292 0.9270247633761 0.932890861290859 0.933681340350555 0.931744583408714 0.935164444805464 0.948116069538143 0.953658997581151 0.944119396438282 0.934317308966314 0.924014685978745 0.922808172586667 0.92755505711424 0.929993074167807 0.943100133066201 0.94759463136028 0.942618553206481 0.945637021537589 0.953007231663613 0.954511426843901 0.94407412300864 0.934851574154971 0.935042209311064 0.934042720222547 0.930709677610362 0.938827776031483 0.956798290933286 0.969436981405888 0.976770306270389 0.983222753177331 0.978411076757703 0.960792477728122 0.954348591841428 0.947575443391138 0.932745151094516 0.931248384407327 0.929326346169978
0.93175065674112 0.933495517397735 0.934041702469211 0.936416076751677 0.938486131724179 0.930234525084209 0.920839710415905 0.929483589060372 0.938637572314304 0.939674933995706 0.938714987943049 0.932982951373952 0.924280568506476 0.921091593304 0.922000054312905 0.924019061211836 0.936695698949443 0.944564005301823 0.942892057821695 0.941314307837817 0.938151534252472 0.932771889244655 0.926718143058594 0.925197420449134 0.932387377609345 0.939990243935445 0.950761907397883 0.95920496782163 0.957685287856213 0.960542696721917 0.965960996997059 0.96914811092781 0.954932964788072 0.938967374176543 0.935350549852959 0.929711261587862 0.930476938441265 0.933989404329044 0.950938996478327 0.971839551327646 0.980702974301086 0.985719080859523 0.960093684968945 0.931719670577057 0.937217463472126 0.934720693288484 0.925936785060043 0.921096112350062
0.931670348259144 0.935888543116335 0.938555134294098 0.937706167605197 0.935912051005887 0.932392665501677 0.92347234513862 0.918164529178737 0.926675585481603 0.936891074402323 0.941733096741728 0.940738773857645 0.936875608976632 0.933744988652925 0.92767220384196 0.923717031846877 0.923816616798286 0.927930027312026 0.936774541645365 0.940729464733382 0.939967355547923 0.936883806316001 0.92900781150092 0.927790766574322 0.933868562714213 0.937437961944852 0.943220034365451 0.947793950607337 0.953909923559859 0.962359823396648 0.966410683564742 0.965716727899545 0.952365073558817 0.944250636837198 0.942957304660554 0.934726628339187 0.931236381555485 0.930046887875442 0.930361633625831 0.941632610193614 0.957906956192148 0.958803948116586 0.939520810740537 0.923717463285791 0.929613595986495 0.930799781968196 0.922187857459715 0.918387057626866
0.934656596953396 0.934284591515327 0.936153972080079 0.937725211761368 0.935227020041816 0.932307887755052 0.927298865368272 0.919456179849869 0.919473830126471 0.925625120226002 0.932733103992529 0.937264844314926 0.938611586416631 0.939428659813495 0.939321430649531 0.932976341508537 0.926507905088248 0.927565018928141 0.930507797386161 0.936703326568194 0.942725688338887 0.938996181020963 0.929442984021031 0.929233160895796 0.935956361994874 0.93818025812787 0.940365916604284 0.943828009233205 0.946285745257655 0.949454581112871 0.952094777079119 0.952096165427419 0.949683702832611 0.950867134242784 0.950223228257259 0.942955545717289 0.935224724565543 0.929212739453861 0.927573653237692 0.930043358926375 0.939918818670085 0.94394041013287 0.932068090687821 0.922217250618557 0.921218004905838 0.920361299972824 0.915474800706387 0.909135115614356
0.933253911605826 0.935411830772569 0.935766296559398 0.935897254863639 0.938967606489804 0.939115496005791 0.937688959830045 0.936272363343129 0.935184827528522 0.935027922045485 0.932783770408598 0.931804564480313 0.931849052469881 0.935791878674499 0.939318853078582 0.934816185101476 0.929162747852504 0.926436457697816 0.926522684636691 0.934795780253346 0.942791521492168 0.941837471771337 0.938737389578975 0.940351369369102 0.938377110429341 0.933590489271524 0.934375901689613 0.936271826810121 0.939365985014316 0.945249594923974 0.947365089264162 0.94696969762444 0.946678017262152 0.946536433391833 0.947033910116159 0.943022988469595 0.942583142027914 0.938404163861764 0.930040366510317 0.928140862659329 0.925642366720031 0.924455339985573 0.92274294787288 0.920197474873355 0.917078923776707 0.912326839857093 0.907724387802925 0.903942869970777
0.935820989738666 0.93291815809908 0.931505273093079 0.933146909223855 0.936311369845981 0.939768346051882 0.943936975215362 0.947567528146444 0.946688266701996 0.944145863556283 0.942184049969814 0.940121108208127 0.937821284357514 0.936803293177103 0.938496674321234 0.938317892672743 0.936700168214092 0.933567418352154 0.935601343081232 0.937186831309223 0.936795239650706 0.939301230458321 0.944746061461047 0.952897164959099 0.955194527395394 0.951603910220209 0.944716646177132 0.938521155713977 0.936100744686866 0.934640661369914 0.938221858795474 0.947171483817083 0.94880912637227 0.949802763379105 0.949916624533557 0.945819763574061 0.946993105951165 0.941391972373628 0.932647408055394 0.930142202687854 0.927214585435778 0.923444074827208 0.921254793370169 0.917422459777712 0.913455019429917 0.909860187428417 0.903823084828158 0.898384089313309
0.931515998221982 0.933685533051798 0.933340376389231 0.93498579037614 0.935996778971099 0.935632484120803 0.938609396034451 0.944413377808112 0.947139795181967 0.944631995649674 0.944457174389164 0.953231082084826 0.951603456656222 0.948054489930054 0.94529870152243 0.94132258261494 0.943926438149574 0.945344837829901 0.945254573065291 0.942588501826732 0.940651435133875 0.940663648173906 0.942832076750096 0.945558693249603 0.950219577620294 0.952122350450746 0.950399227677881 0.947716474134643 0.942066455209374 0.938210812853019 0.936339214249746 0.939138782644617 0.942281560695674 0.943433391971021 0.944667827204619 0.945164441051116 0.94787669284729 0.94335099820096 0.936153037295765 0.941333379650329 0.940347160074055 0.928542034474247 0.921795347610689 0.916975981345544 0.912006037368101 0.908311808478309 0.902045401626461 0.89599954856002
0.932748149041842 0.931060277040769 0.932883443860297 0.933225657888219 0.934876697174816 0.934620665835625 0.934667228050741 0.936411972550725 0.941551516271563 0.945605808591533 0.94538529905627 0.952007194979552 0.951373289526805 0.945145833865127 0.942855446357944 0.944902928225208 0.952937919342679 0.955981864694792 0.954284722288333 0.953070426401996 0.951834857258432 0.95163395606869 0.951100299319528 0.948537209231009 0.950764501562636 0.956537270390241 0.953041287681488 0.947506861197596 0.945209930200215 0.942672411164261 0.945486543388118 0.947849257757367 0.945237088726733 0.943079811187092 0.941901606825302 0.940265313899539 0.944241333244203 0.94716643376928 0.945862653027139 0.944162916455927 0.937205361057458 0.930402343759266 0.923738299572836 0.917367567472792 0.912810593505188 0.908244658883213 0.900747334684298 0.895191164785388
0.931040884414706 0.933052036912893 0.932402146095251 0.930881329454234 0.941851565442532 0.943353398771328 0.93726944633001 0.936319982030459 0.936529130340982 0.93770030446098 0.938374046106797 0.939416109366109 0.940323148839104 0.945319134026902 0.946030875484771 0.94008501668358 0.937401593856898 0.942606644386198 0.948699629388372 0.953457366264016 0.953949190032312 0.952290241032289 0.95289550557866 0.952085512205001 0.954765135050478 0.957900011685011 0.959987125088425 0.959736461844953 0.954514634979416 0.955404367114434 0.955787993746843 0.953898009208307 0.954943656729367 0.950299764414371 0.945513768289853 0.941573049498393 0.936819450011311 0.937687328105947 0.939562986660027 0.938834950086248 0.939008919531466 0.942054645951917 0.934120003100857 0.918972221544853 0.915054142233848 0.908137230593596 0.899761364015091 0.895167280769603
0.932825487232833 0.930637876218769 0.931048733284182 0.930508914702323 0.938724988475828 0.941661190256041 0.937268671952471 0.936331625349872 0.936288912897374 0.936627144412242 0.936567462029122 0.936560536881423 0.936871211618469 0.937732048408776 0.94294220429856 0.947768230210533 0.946371236537869 0.937873217433985 0.935572829394023 0.942098514439455 0.949061291355039 0.950367572230374 0.948633547328026 0.953684535446106 0.957740193989303 0.957460140352624 0.954091858031184 0.949278382566597 0.947306109352094 0.956790060406309 0.965746577388007 0.968935502809071 0.975392766067737 0.973314320161483 0.96454616775031 0.950297330656394 0.94119365981737 0.93892068474226 0.936229573452877 0.935731521476666 0.934405200816897 0.942389099610653 0.946124807480151 0.929347093956733 0.913069451322394 0.907172223430601 0.902791282071227 0.899014764505468
0.932831483127486 0.933300047913296 0.930838451063692 0.931578307957464 0.931122171931141 0.933101425606024 0.93690817708338 0.942376527038194 0.941450244283375 0.936988529815502 0.936244397251465 0.936143977078569 0.936401175515336 0.937211080388704 0.937822191485488 0.941228805495067 0.947427542812615 0.955725883137014 0.955059442765128 0.947847825158921 0.943411725993757 0.945034882157712 0.959108961600701 0.964662316084133 0.964904187376913 0.962345873538424 0.955141100876528 0.963306577374815 0.963227657241139 0.967237384133787 0.967032561274941 0.966678629255486 0.965583026086312 0.942750706264638 0.955544960887757 0.974618797843408 0.969894442170928 0.95844785890256 0.936822420302296 0.928014677839484 0.940792084219879 0.962999379039789 0.973417954001162 0.950127576037491 0.917567854691772 0.904019168283359 0.897983702938466 0.890637504047393
0.932896187902068 0.934152084456009 0.930991445940162 0.929298059264763 0.932345627597501 0.934626219228827 0.935346340557912 0.937179380691052 0.939361559999813 0.942446237610434 0.939369585869869 0.936181943703012 0.936574337395407 0.937014194899624 0.937330234966756 0.941648789152894 0.949289660822313 0.955819732163372 0.956780164967624 0.954306764391831 0.951568410541352 0.949323390495369 0.94451323379166 0.940353576345086 0.939986073359275 0.941932880615308 0.948094558436386 0.949022235070774 0.943695474517547 0.945839620826647 0.950055381925861 0.948998461680352 0.952375311936125 0.969376289566334 0.982145482013556 0.983735226552373 0.986389449814598 0.984240384825314 0.954587686437606 0.923232763790846 0.936246864197051 0.966585369309183 0.983731931299385 0.965233189970907 0.926091649505141 0.902273577499351 0.89403226454937 0.887193515259061
0.930443192174405 0.933301607730909 0.934339439570102 0.932904529054408 0.931440872538243 0.931261548825476 0.933534783870189 0.941510186636098 0.950321895018158 0.9461021845935 0.93772937680627 0.935545388772831 0.935691618908378 0.935982646581027 0.940560882743322 0.949386214638787 0.952605014439019 0.951153858588828 0.948701476831928 0.942480044721243 0.933038955463766 0.929400172005707 0.930480395483846 0.929764500043612 0.931440009660415 0.937601449636964 0.945142946543164 0.95152878453647 0.962585015150382 0.963730369310749 0.957232451231329 0.956989163933909 0.956316539604254 0.956597832244994 0.956215361647623 0.9711920389553 0.987653128862798 0.988418858263247 0.985448122010466 0.974317999185608 0.943442938939813 0.925626281792309 0.921410000753891 0.925505661428203 0.93031632700858 0.902166613836257 0.895127035262691 0.887627852557684
0.93354347349242 0.933800954023862 0.930709826954601 0.932297892753541 0.934709354188818 0.932474356800686 0.931120224924759 0.933452285006033 0.935412516649817 0.935397681788693 0.936610058324989 0.936224512342538 0.935299628998556 0.936022145366742 0.936810832295564 0.93684320127666 0.942895321269892 0.943715575145931 0.935278256178503 0.929365214391127 0.927084954635889 0.92867044286388 0.929704801066687 0.928405467464122 0.927953750921035 0.930710977458373 0.939288702136007 0.950232968820436 0.957225797115769 0.965000826928042 0.972682627215988 0.974778623836018 0.963000789513162 0.951413181032557 0.953721755349351 0.955224822150941 0.971181941625329 0.985459852447352 0.961781769923842 0.961347786626379 0.966619179185627 0.928555187829859 0.912554152852155 0.910443127776616 0.906069753192044 0.900043646752826 0.891644228034624 0.887793325975055
0.927775456024139 0.928144275451765 0.928223156866564 0.930492602992608 0.933073559077186 0.932902382922373 0.932805358948109 0.932421555315119 0.933760299203108 0.935192532585027 0.935805341781127 0.936309273495359 0.93572858437329 0.935485180919238 0.935736588118273 0.93613773227685 0.939746497542769 0.950509559883266 0.956113248906679 0.95125713289608 0.947501412898488 0.944772130327742 0.939593757104633 0.938244852277089 0.939203244043402 0.943677791053336 0.95221390400083 0.95633198843614 0.963380898259041 0.962823227509293 0.962672826797576 0.972771896352335 0.96364149289444 0.962361645949497 0.970075082325511 0.958262785436572 0.952390312735293 0.968212510751826 0.972886186180067 0.973561305111648 0.971405197435218 0.937333288226764 0.912168888964378 0.901722154316956 0.899546098122015 0.900159980384132 0.896131745868322 0.886531212275736
0.928027034692486 0.928266400320803 0.940615697610489 0.936499825682431 0.927824208621435 0.932014210604969 0.931371565748577 0.928976587492327 0.938185546020202 0.93919047234529 0.941508870194283 0.944532123072323 0.938397493152399 0.935281519626699 0.935669565742345 0.936471046494351 0.937413806896929 0.941894941647206 0.94997011742764 0.956200571036644 0.956897737602991 0.955690366864352 0.953488269459057 0.94882790502757 0.942867178177647 0.946441854238082 0.96552260804453 0.967800414682352 0.950662997261186 0.953543006888469 0.96558440613771 0.964486355382388 0.967562783106594 0.962648843218966 0.961704340466927 0.966997100314961 0.964691316522938 0.969542625861533 0.96549541356477 0.970472520534441 0.976702033827863 0.952527665185492 0.919056744853144 0.903483210526655 0.898760226608671 0.895623256389151 0.892262623811534 0.881334574805262
0.929871408394024 0.931363622847543 0.930385080671433 0.943760809856696 0.944872130124261 0.934941479387152 0.933656731738646 0.930586319268531 0.931574187162708 0.938882491335823 0.949150870242401 0.956181261379603 0.95602002491362 0.95565751666293 0.948760041898886 0.946647645068851 0.945021684551954 0.948291100986842 0.961428844595187 0.960627460640372 0.953587450627892 0.949431952694952 0.943948474721804 0.940359732646515 0.939330164521908 0.94109594443459 0.946563431511575 0.955755962173104 0.962411109314747 0.964010765886053 0.966946132444779 0.965489226841367 0.96237814019106 0.9644048687403 0.968348231477927 0.971775219913662 0.966151164760995 0.954289379616099 0.940761894558427 0.939119030486126 0.965809584063274 0.979733926546721 0.948919397733705 0.911679067515145 0.897205774326156 0.891368273067628 0.88411770980252 0.878799528246162
0.934606793415155 0.930063968431427 0.930909018982492 0.933734694962935 0.941809046584418 0.940610116560946 0.941914411711023 0.946954243261285 0.947070681986685 0.951283196231507 0.958293876694729 0.962597059486735 0.953833138495681 0.948278738602572 0.947170941752806 0.945772653763399 0.951294585112586 0.95413259582096 0.94760317716954 0.941427488646289 0.941086519153696 0.942240706749267 0.943106012804223 0.943643215096257 0.942240596123905 0.940826195550436 0.941688310063681 0.946142009724034 0.955060670706653 0.955788347748004 0.956089635923033 0.965504097655734 0.967627778272753 0.96488293071349 0.964902956669754 0.96468433053129 0.964974633607814 0.954137507587059 0.934454501009737 0.934955434776644 0.950781902932172 0.96598977065387 0.956605122456389 0.919442064053602 0.89809211579381 0.891093944293463 0.880866198082567 0.872329714540109
0.930433645205613 0.93087016182388 0.933152700461587 0.933326570343979 0.933407974017045 0.933448440774682 0.934796792475413 0.9345841539347 0.945552675229878 0.951780523611593 0.954636748785918 0.958112785741794 0.957075484904342 0.955767976087482 0.951331677796665 0.947578928090059 0.949656251148883 0.950930483856675 0.946591923073712 0.942747558973072 0.942390045457503 0.943770401075633 0.944888746053723 0.944253939004271 0.94262311097142 0.941895030147496 0.942910405038081 0.94556896481452 0.947544042381965 0.9503320061763 0.95667095560967 0.965136179824812 0.953488700897971 0.951724027238915 0.966376887516469 0.964527137422309 0.966414906687959 0.967823294772971 0.949985057382859 0.927179578039785 0.922212416290212 0.918725786955867 0.928733217225885 0.928005119808156 0.90530523237368 0.895474852465228 0.885782687884804 0.880549367044093
0.9306669762204 0.933570488205966 0.933886904399331 0.933231764408234 0.932893300580104 0.933000933526642 0.932598970740382 0.933063707888647 0.93291963494767 0.933326221874087 0.933200767181635 0.942989114983568 0.953866906887613 0.95787233321929 0.965456431952625 0.96339089879182 0.959469105234266 0.959131543002841 0.955188852314293 0.949420370219488 0.944403250056167 0.946390629163932 0.949357523950998 0.947046604376516 0.945330196563161 0.941780831585688 0.939056599062745 0.940177444174029 0.938913278374234 0.937342149318308 0.947203437953068 0.959195077914214 0.960936099870746 0.954980754944714 0.962377089250115 0.97308269277728 0.967902355953984 0.965092986151987 0.965890791376321 0.970454167786786 0.9664557634 0.950720229292525 0.955697081823862 0.949889106474611 0.916959343291009 0.903261550487622 0.891045678447763 0.883661501869711
0.926708972216034 0.923357908732282 0.92886579066042 0.933382242557705 0.933706872684243 0.930337616859612 0.935139045222212 0.936319334872087 0.932605840575399 0.93255082658258 0.938578282651221 0.942224007850783 0.949033070825041 0.956580729563937 0.95745674968526 0.958195480965969 0.94834880870724 0.951444388447346 0.960919381612824 0.960506707525831 0.95665288495669 0.955982628009794 0.962886646264036 0.973474314857771 0.970093025759324 0.958550090565769 0.957004767641303 0.95181942502035 0.944547997811855 0.943517953998189 0.9453710449783 0.949343325185709 0.955296109134597 0.958097386691321 0.948306765538186 0.951487869746114 0.966025416911332 0.96714420992214 0.967026902787644 0.961952074903924 0.964544530494944 0.934399581048477 0.92187812856952 0.928348467746045 0.904240385820942 0.911920988589337 0.896865534960957 0.888872664450294
