Niches/Distances-1/ascii/Bungarus ceylonicus.asc
NCOLS 278 
NROWS 480 
XLLCORNER 370976.070567719 
YLLCORNER 375501.488324056 
CELLSIZE 919 
NODATA_value -9999 
[rows 441 to 461 of 480, columns 48 to 95 of 278]
-9999 -9999 -9999 -9999 -9999 -9999 0.916035964451958 0.916523058986004 0.919401862796835 0.918768056906914 0.918047116950146 0.918683655286522 0.919453779279501 0.922140697867641 0.918662066747011 0.919363414952064 0.920588098559949 0.919344398452234 0.917692933257991 0.917523029294848 0.914679625600048 0.913556673075607 0.913475446403121 0.91347943997871 0.911501082369264 0.922638583905808 0.918413203931316 0.914185434448992 0.914208245398759 0.911577657245253 0.912611633790559 0.911385882647925 0.910066536917267 0.910052797247233 0.910877830138936 0.913050545447926 0.909331807509051 0.907038654367803 0.907897682433431 0.914879193754171 0.918332900980608 0.91185325267982 0.917934472674683 0.926882255784004 0.928627243659786 0.930050853794691 0.930922493151656 0.918615443687945
-9999 -9999 -9999 -9999 -9999 -9999 -9999 0.91931814705369 0.919875599318347 0.91829719664483 0.917545779400666 0.918033753406344 0.918648194326542 0.918915022701123 0.915035346984743 0.915920963856272 0.917087043678322 0.917274437511291 0.915303585832697 0.913630980131662 0.91128040136469 0.914750176925044 0.917150924293953 0.91432707916326 0.9113755778954 0.912556343234334 0.911328340865571 0.912015230335733 0.920122564909074 0.911981063692495 0.908347949784269 0.909593724117533 0.910015804125981 0.913457331499995 0.917038224705808 0.915932015329995 0.915046934991475 0.916419203895599 0.919831548298961 0.922124419345535 0.925886411801185 0.927814003431736 0.915016983174552 0.913641235102775 0.920842099923737 0.924846395111081 0.931295964375779 0.929368582933418
-9999 -9999 -9999 -9999 -9999 -9999 -9999 -9999 0.919575682897813 0.917036460231275 0.916659083931852 0.917481517127534 0.915597119169809 0.917547643438026 0.915983622061646 0.915217397612699 0.918102639819633 0.917362711019374 0.916693919858533 0.913665423338306 0.912548145894966 0.910439886453492 0.909522912822935 0.908899505717099 0.911667003819354 0.910692908782821 0.909563047704485 0.909483131942546 0.909720113594298 0.909725434674239 0.908573293647877 0.913682608988385 0.918991475889213 0.917861802873993 0.911850973797351 0.914615462889743 0.919124049323748 0.918740621816991 0.919209258509287 0.924182670591847 0.928608393098 0.925046118140712 0.924351307894588 0.914103909088027 0.91858307470685 0.922221222069074 0.923553051871901 0.927181093607253
-9999 -9999 -9999 -9999 -9999 -9999 -9999 -9999 -9999 0.91905930029902 0.914249691190856 0.915455020891555 0.916303699954513 0.91473971729701 0.913953281594317 0.914964430596051 0.915627264581116 0.915800465180065 0.912830677539767 0.911786219241355 0.911292570154576 0.910901260590734 0.910994429271112 0.910904424476104 0.910683981316059 0.914051489259961 0.91302051619325 0.909628681732113 0.913645499710503 0.917851946154186 0.90909352047802 0.916182067368339 0.917692794976288 0.910502301283068 0.915954201246464 0.915266880337388 0.914587568704564 0.917800046265324 0.915222735286444 0.91964492884353 0.923539832141071 0.922068448443329 0.92306842981471 0.924469660438761 0.91489448771055 0.92044296914676 0.920844400931279 0.918353167547035
-9999 -9999 -9999 -9999 -9999 -9999 -9999 -9999 -9999 -9999 0.914914129243679 0.915166482289564 0.915415405949209 0.915839676339837 0.914212764444821 0.916480960504268 0.915644511075145 0.917016818698146 0.915333709118932 0.914488155222468 0.911565682049752 0.910180016414218 0.910270696023938 0.910136330458529 0.910265551944577 0.910042066587061 0.913025870460799 0.911577391744383 0.910171011509703 0.909990692168671 0.909983944021553 0.905674931272939 0.905575844135662 0.909366488560225 0.915870546347269 0.916093152233152 0.914688912599238 0.915441463753369 0.913564245381676 0.914906733938189 0.920235126215515 0.918866590917379 0.918297572771063 0.920301081056695 0.916909689097008 0.907861496877326 0.910493495504206 0.920656487159106
-9999 -9999 -9999 -9999 -9999 -9999 -9999 -9999 -9999 -9999 0.913642352418937 0.914564851786355 0.914681782794619 0.914701606859596 0.912474568966303 0.912774026291582 0.915713148581368 0.915048583309378 0.913831709852092 0.913360091806274 0.909887235329572 0.908665134823904 0.908563857304447 0.906852228506756 0.908247468767423 0.909158988567604 0.907044384761585 0.911046699754938 0.910795148742932 0.909680941153403 0.912416938683659 0.913086930129684 0.910349837408339 0.909497291988958 0.914757655199555 0.917312442854611 0.916952755550667 0.912777643740939 0.912521363494681 0.911780964536632 0.91788843039877 0.91986763429224 0.918356718621175 0.921552303689066 0.917856520512929 0.911674332749626 0.907819293301496 0.906437095771079
-9999 -9999 -9999 -9999 -9999 -9999 -9999 -9999 -9999 -9999 0.90924669235507 0.912124760507239 0.913336899199006 0.913770948871686 0.912142106564094 0.909072822472678 0.911552534225408 0.915073899923608 0.913543613751552 0.910256724040642 0.908962396235735 0.908879670589586 0.908669980214785 0.9059023659559 0.907031021217783 0.913514226123978 0.913396022924045 0.907156138502879 0.912119660678023 0.912710494145843 0.911311824498936 0.911452302115628 0.91249625706864 0.909474337226219 0.91359892643285 0.919886894167868 0.92846367852992 0.928657317164608 0.913077665255567 0.908210984522839 0.914437676869515 0.915090886448034 0.922663054236014 0.923028333652037 0.923382202061908 0.920540358184721 0.918877332640087 0.917924444485563
-9999 -9999 -9999 -9999 -9999 -9999 -9999 -9999 -9999 -9999 -9999 0.912640634229364 0.912907495791554 0.912822646138443 0.913206599115672 0.911075318536242 0.910935764641327 0.911291170743739 0.910960146471244 0.908538612596703 0.907439405806342 0.909275344323982 0.908084318482667 0.906959701046518 0.914331105926458 0.91602155549848 0.920792246604084 0.914239187312678 0.907697771340685 0.906677197058057 0.911464880219355 0.91435417131456 0.912552958098239 0.908669449213045 0.907571160613194 0.911163564387985 0.912735943510508 0.914383298972531 0.918146801464381 0.917390262265929 0.911175921240987 0.913747026137025 0.926516622366821 0.925341946954097 0.916849481243415 0.92398719557614 0.92344200060166 0.919108384772404
-9999 -9999 -9999 -9999 -9999 -9999 -9999 -9999 -9999 -9999 -9999 0.91417665632647 0.912072672555261 0.91425872928298 0.913076188406976 0.912455773717198 0.912557737113903 0.910172228388691 0.90869847730819 0.909030806959964 0.909074249539855 0.908449680867712 0.906361638211252 0.907890259471601 0.90975929709773 0.912215611586271 0.911001022542723 0.912417253965942 0.910921195281074 0.906887927311266 0.906000081338681 0.905708893259256 0.910726594205731 0.909150824415844 0.908949132254759 0.9098311372082 0.912925146068156 0.909947548277259 0.90983456659444 0.910874588815812 0.907855523107746 0.909614488498092 0.909552239606559 0.91924228571129 0.914795179322548 0.918086062609048 0.940502605302307 0.939482727959464
-9999 -9999 -9999 -9999 -9999 -9999 -9999 -9999 -9999 -9999 -9999 -9999 0.913321726930525 0.913243260360836 0.911189771536384 0.910261768557176 0.91079926400642 0.913082261739382 0.908908289370889 0.90678499041137 0.906826474922344 0.906600677494749 0.909165526526533 0.910799706507871 0.910758752998638 0.911906325197525 0.908793703620312 0.912935893322132 0.910414774496182 0.908411990806676 0.906168320390116 0.904895575593452 0.90711345923799 0.90857771866238 0.909211458177083 0.912304897316422 0.907958659133294 0.905591143623309 0.903142949036383 0.903843428832339 0.903152529192783 0.905015537736651 0.906806628732294 0.909191567736888 0.913751910246784 0.910488517362889 0.915228150397943 0.929015350619381
-9999 -9999 -9999 -9999 -9999 -9999 -9999 -9999 -9999 -9999 -9999 -9999 -9999 -9999 0.911298931112925 0.911376142084749 0.911939739588297 0.910271603151911 0.909193149679573 0.908777165128604 0.906668225341151 0.903264681185383 0.902411505201436 0.907272826135345 0.906548993325345 0.90603199675579 0.906180035616015 0.911562407539019 0.910708905210252 0.910601775609114 0.908719828003171 0.910012817241191 0.908479959029454 0.907417324983968 0.907894949986975 0.907783340058652 0.907224206288485 0.902764311607826 0.903144962417982 0.904377317894763 0.903312205841154 0.901652438213448 0.911735685575721 0.921907306008904 0.919916834922254 0.909901871065043 0.912892290335465 0.915208011050683
-9999 -9999 -9999 -9999 -9999 -9999 -9999 -9999 -9999 -9999 -9999 -9999 -9999 -9999 0.909166931468638 0.907555684124967 0.906728637851664 0.913665959871315 0.912163645322191 0.908330017412992 0.907051774535806 0.906690383601278 0.90702242562711 0.904947193387639 0.901662737434706 0.903539352898172 0.906661930758019 0.910772315668092 0.91034782402674 0.908939021096618 0.908346013840423 0.909353412642366 0.912690758581156 0.911870598736675 0.910784207894571 0.910584495927477 0.90504526277158 0.899910896317711 0.901661586930935 0.900481181124429 0.898724063177638 0.898478065558834 0.911429623916296 0.919397725408273 0.907082882387768 0.902333835134357 0.898460520376327 0.895257473627728
-9999 -9999 -9999 -9999 -9999 -9999 -9999 -9999 -9999 -9999 -9999 -9999 -9999 -9999 0.904395537891982 0.907233366068507 0.908408395482391 0.908565494559814 0.908308401217141 0.905824784389111 0.905112788492909 0.905128298168745 0.905332921901938 0.903416956996996 0.902859969358863 0.900580887763736 0.904435938274402 0.904695221999254 0.908136998280335 0.91065008570496 0.91212573401043 0.908870555059708 0.90800903792342 0.911141273377422 0.912305677225228 0.910549361312317 0.909627818854285 0.912085991848917 0.913269185414561 0.91406548336833 0.91123506155983 0.901548317622173 0.896904198525184 0.897635487484623 0.897504208366831 0.897935105216678 0.898272059008608 0.900775776465021
-9999 -9999 -9999 -9999 -9999 -9999 -9999 -9999 -9999 -9999 -9999 -9999 -9999 -9999 -9999 -9999 0.9060588787189 0.908476053954155 0.907387555698893 0.90639766889185 0.906324822090581 0.904429245439965 0.904421988416179 0.90431678369635 0.906365388411045 0.905140168270151 0.904201932444904 0.905021976132754 0.903317626483921 0.902310825058937 0.907881542193029 0.910817008314581 0.910901581404285 0.912631253198616 0.906359237640884 0.905801309687169 0.912907274540828 0.915821898844068 0.908282470632148 0.903875388499593 0.901346481648117 0.899838635830864 0.897184545319074 0.895691346299828 0.899370812234982 0.901070493493513 0.901529411747705 0.901986161744791
-9999 -9999 -9999 -9999 -9999 -9999 -9999 -9999 -9999 -9999 -9999 -9999 -9999 -9999 -9999 -9999 -9999 0.904451049698933 0.904866868311858 0.904584154135208 0.904881260671532 0.905047939905355 0.908662767441144 0.910648116573506 0.905871744855533 0.903417543311418 0.903056738691312 0.902971900100737 0.903595141268529 0.901408973915447 0.905271270387363 0.912711799525122 0.912704846721083 0.910240816113501 0.909432963340609 0.907463112821546 0.908106310804751 0.910406422281307 0.914101818268674 0.913022789544451 0.908584499997107 0.904377494895343 0.900518815872784 0.896043212390637 0.899383202275593 0.906497784844999 0.908690633969982 0.922155361259453
-9999 -9999 -9999 -9999 -9999 -9999 -9999 -9999 -9999 -9999 -9999 -9999 -9999 -9999 -9999 -9999 -9999 -9999 0.903141267530871 0.903379698374874 0.903975980141802 0.903644225741913 0.906874674392827 0.911061357615482 0.909631347803352 0.904028140000265 0.902099630179205 0.902382930670277 0.902163726514293 0.902006284498247 0.90265096486131 0.905745233690869 0.906537200661692 0.904552891407739 0.904096307348697 0.90434115446373 0.904267013345719 0.90981897948085 0.913545107193947 0.916683919325755 0.915406832483608 0.914495041651289 0.9053582329849 0.89583614383693 0.895081822676998 0.905981120151532 0.903062004458571 0.908531410885598
-9999 -9999 -9999 -9999 -9999 -9999 -9999 -9999 -9999 -9999 -9999 -9999 -9999 -9999 -9999 -9999 -9999 -9999 -9999 -9999 0.905411720347715 0.903434668117548 0.90551113936108 0.906668501904557 0.906154215656385 0.90440004034424 0.903755293605959 0.906234640294993 0.902903821252596 0.900701071157661 0.901236907226466 0.903834556678259 0.905740299799697 0.903780483001022 0.910920575779043 0.909327238681576 0.910329438091476 0.920024633806836 0.922151151964406 0.917031410183472 0.916503854423057 0.917872644159528 0.904813347761434 0.89686824528234 0.896906565907943 0.893337393459297 0.893584486269191 0.902482172683062
-9999 -9999 -9999 -9999 -9999 -9999 -9999 -9999 -9999 -9999 -9999 -9999 -9999 -9999 -9999 -9999 -9999 -9999 -9999 -9999 -9999 0.907427391891964 0.905634785328853 0.90530342918027 0.903083167090436 0.902109586461839 0.902339775716328 0.904852387451894 0.906145055876363 0.906086181058389 0.906018666399597 0.904253373238511 0.903547273674134 0.905744592063766 0.90040587844011 0.907815941353009 0.91419292378604 0.918788041378667 0.920178176278851 0.911874249373641 0.910070530492857 0.912016651871642 0.906946072001846 0.900435371161778 0.893202142890988 0.895058204162084 0.892442522776188 0.897839889967092
-9999 -9999 -9999 -9999 -9999 -9999 -9999 -9999 -9999 -9999 -9999 -9999 -9999 -9999 -9999 -9999 -9999 -9999 -9999 -9999 -9999 -9999 0.900458978614156 0.904939869988635 0.902511521591758 0.900988177161205 0.901091014498274 0.900866942826337 0.901215877345036 0.903164886045785 0.90425556362069 0.904832629762135 0.909869413583658 0.905783952567777 0.903112338998552 0.898346609440462 0.895599294935612 0.900804682872268 0.900846001445197 0.902917881736181 0.907055325609946 0.901323770261176 0.900447960328041 0.896070935106503 0.892326299770244 0.892956222709937 0.887785460511775 0.886614491048698
-9999 -9999 -9999 -9999 -9999 -9999 -9999 -9999 -9999 -9999 -9999 -9999 -9999 -9999 -9999 -9999 -9999 -9999 -9999 -9999 -9999 -9999 -9999 -9999 0.899775335998386 0.899500310284437 0.899659444868531 0.89974524589976 0.899494867516597 0.899398026074181 0.90218266557637 0.90338958828229 0.90377747399116 0.902002766611717 0.900783575553085 0.898496374056344 0.89529372555905 0.900282033346684 0.900504711139053 0.901344921830504 0.900789604635346 0.902784733049761 0.896253655017903 0.89598940421427 0.893506097137256 0.891005200627589 0.89363444468294 0.892034116062556
-9999 -9999 -9999 -9999 -9999 -9999 -9999 -9999 -9999 -9999 -9999 -9999 -9999 -9999 -9999 -9999 -9999 -9999 -9999 -9999 -9999 -9999 -9999 -9999 -9999 0.89804337425905 -9999 0.898392375152967 0.898254524888637 0.898369342952475 0.902596857996465 0.902340406280895 0.908480700219384 0.903263254118206 0.896755982664378 0.895242948517619 0.895296856256812 0.896109875234137 0.894285397504062 0.898179543017869 0.896126159287511 0.896511898864346 0.898229766932488 0.900086259642498 0.896934742187796 0.892119209091465 0.889797514606667 0.886716144694387
