Niches/Distances-1/ascii/Bungarus ceylonicus.asc
NCOLS 278 
NROWS 480 
XLLCORNER 370976.070567719 
YLLCORNER 375501.488324056 
CELLSIZE 919 
NODATA_value -9999 
[rows 399 to 419 of 480, columns 192 to 239 of 278]
0.689507463617688 0.690760959601261 0.69523969378117 0.696970759455069 0.702198183963953 0.703520798674076 0.703558809548664 0.706374202901654 0.709802173137483 0.714981409238421 0.716482927284933 0.717233896496379 0.719371687378398 0.720730166831074 0.729237854591649 0.731570655862852 0.731131384673056 0.732064730857277 0.732434219568347 0.733233642688609 0.730098077411194 0.733021264117498 0.73615926315289 0.737482010613448 0.737253126738238 0.739953204213258 0.740784354687513 0.739151900461832 0.748861798287881 0.751937802870075 0.747010858971073 0.751497182050855 0.754281511802029 0.758066824084115 0.761592565015405 0.756847821088599 0.755858786096848 0.755363870349666 0.745937726578676 0.747591841250353 0.747620183468251 0.748069344565462 0.743676610542435 0.745271009643384 0.748193444097222 0.748997933859091 0.743630170015218 0.742546616713664
0.686321740800872 0.68971238603936 0.690236064380817 0.693810015845126 0.698323198762947 0.698761584949842 0.701041175421636 0.704722875989114 0.710475748845256 0.712944353811582 0.714784363342565 0.715708328496038 0.721060693289438 0.723095292833227 0.723590053704901 0.726481955558663 0.72916444360103 0.728385220671978 0.722300715103847 0.727153208133821 0.733774866212573 0.730281273011653 0.734500236715114 0.73918745545337 0.73809593712571 0.737891811206648 0.740593459561818 0.743350796724518 0.744723082222447 0.741032863502048 0.743200390481533 0.746680376762854 0.752110135059926 0.753680838208206 0.753451135705313 0.757218681554165 0.750391105425478 0.752083983224209 0.749332133079493 0.742791386390944 0.745311985277689 0.746130989087131 0.741532226388806 0.743262716810819 0.745126931171139 0.745749132460523 0.748606961702605 0.743528372556557
0.685274052241872 0.685988338083081 0.6902522599339 0.691220652232992 0.696212621720127 0.69829107315765 0.698728596466716 0.702214069766022 0.706522463012605 0.706576735815495 0.709371973227421 0.712926698003711 0.718854823559278 0.718511221183055 0.714655573295431 0.723573659026164 0.726259244578685 0.728597577118017 0.730607241705078 0.729010807097457 0.727808508531694 0.735813138518401 0.73416619237022 0.730792539187425 0.733034074534487 0.735763401355378 0.736650550388178 0.733157643064506 0.735737758396328 0.738507684725292 0.74190912699917 0.746282302458089 0.746478219975247 0.748093084768275 0.746777815582229 0.748237672117188 0.747736649849991 0.745840044383504 0.74187514288778 0.743933681760035 0.74593951870955 0.745833274111313 0.745313113656388 0.740723621363448 0.740879315498766 0.746171278844188 0.746882422925099 0.74135819056837
0.684194879704677 0.686317714037673 0.687363676841017 0.688853225223297 0.693873448428039 0.695980352708821 0.69662587382464 0.699489190084707 0.70179318451149 0.704275905274082 0.707300601813104 0.710102653747366 0.713443760948484 0.718838827131846 0.72089929088541 0.719254203243321 0.717003419615947 0.721326415410393 0.722213852069136 0.727317619547711 0.727615135397876 0.728512284963456 0.725326694897075 0.727973273946744 0.729442157511291 0.729742084994361 0.733416218787038 0.736465761782498 0.730804287600933 0.737123606563711 0.742234962942159 0.744246176284296 0.744272217494651 0.74518288547954 0.741223493126874 0.743508747617233 0.746066029874215 0.746737039073576 0.742656312823214 0.745145494106982 0.747989827054828 0.749741690296895 0.73661437589461 0.73843880937454 0.738814670106495 0.739550815519353 0.736614331644465 0.736620371789262
0.681257466576744 0.684195831082796 0.685530039330919 0.685459836475815 0.687845339669759 0.690418020977214 0.693518739265412 0.695636661832308 0.696985339877859 0.701769975310417 0.703322358898652 0.703862785920005 0.707792641300858 0.71415802466462 0.718488122607345 0.717551944413842 0.715931681103119 0.712645864458226 0.717039063107775 0.723154101275983 0.71750380025604 0.720366253638279 0.72324322106809 0.725067897923818 0.724835606787439 0.727618586909189 0.730415550076772 0.73316224507959 0.734722438818424 0.733705349234718 0.737375146513181 0.740323334551432 0.73361226905463 0.736219841601448 0.740318688286203 0.748943329180114 0.749761735612598 0.74401636315604 0.749096213431221 0.74941519060173 0.741898573339578 0.743339512937534 0.741483551229264 0.736965456545344 0.736099016580421 0.732245691825411 0.731705884306089 0.734123269729532
0.677779781302964 0.678070305630214 0.680136367027125 0.682028370478529 0.682942423599513 0.688029730024133 0.69116416692285 0.695547165913968 0.6992212554565 0.695654361890324 0.70022020248074 0.705558761228888 0.708026481192313 0.711025556897357 0.711663798864318 0.709284180939664 0.715812360587023 0.71769973989827 0.71737109407107 0.719908375262495 0.722200046023884 0.722398839800469 0.726377812842315 0.723002124152849 0.724529771910007 0.724765780058569 0.727475990816803 0.728638420001887 0.725757580684385 0.730723708086818 0.740181048210061 0.737810258189343 0.742192858929156 0.741654843540707 0.740436393672004 0.738396174359795 0.738772566093491 0.741387727540183 0.74703955519013 0.750081509285717 0.740058475308305 0.730709857791421 0.734811182484298 0.745073786746948 0.738841220193518 0.730182860689087 0.729109794671908 0.729813703854105
0.670512646358539 0.679586802350822 0.680231128712725 0.677346284757097 0.681087833645739 0.684418763313499 0.685501099736064 0.692428393566595 0.696569831015949 0.694614660482503 0.69871563117422 0.700394902053351 0.706307451557864 0.708766011741266 0.711754489536574 0.714525743369889 0.716080627091318 0.716356039994036 0.71770281528335 0.718352186161787 0.720993233943327 0.715234829819055 0.718125028042233 0.720970024742254 0.722929576040059 0.720788864648467 0.717332861945757 0.721983308813487 0.729450034037108 0.726879078485309 0.73243160880979 0.737290429610505 0.736580236907713 0.738666188744819 0.745975361327031 0.743633931277546 0.738506534221521 0.738576847701987 0.740034801480709 0.738384381696142 0.734098533898456 0.736165480298268 0.73752988927038 0.732860038714051 0.73287583601583 0.725213657901574 0.725481858030651 0.729154996195065
0.674473963592514 0.675918797203233 0.675852267110168 0.678455680143352 0.680409855048535 0.680518356404169 0.68423258082825 0.687810315679961 0.688422383686131 0.690564643832799 0.691853163806169 0.697873904915301 0.70366390364313 0.706851440715893 0.707857976640007 0.708339196967299 0.712166082260648 0.716768252220141 0.716411330550262 0.716268225581208 0.715574560307587 0.71258196724879 0.715088538839558 0.715775146215046 0.720742468371395 0.720511217113424 0.723351921549377 0.726298848458494 0.727785255080476 0.724900455374993 0.728818518092193 0.729874592053678 0.734981523417623 0.735702513155805 0.738019472875084 0.730707180657647 0.730293286926031 0.732834727631089 0.733325483864636 0.728977331862736 0.731577647385768 0.730692246233696 0.728167841834477 0.727896145943942 0.729952538684163 0.731726726124402 0.728847878063426 0.724148225034414
0.672899676182486 0.675322327373189 0.676691957862415 0.676394685388047 0.677441643819654 0.680399965141119 0.689358539754562 0.691034602498178 0.689151515451 0.688962390331106 0.691515468824309 0.695546502161793 0.701164389950495 0.703311252112247 0.703608524586614 0.705875171890985 0.706437900985437 0.705939400976508 0.715022827374177 0.716936469146504 0.716502906225418 0.718865797595247 0.720957147950048 0.719391135317142 0.716178088035765 0.718897170948079 0.721203400007186 0.722260425346789 0.720623900107765 0.728309906925123 0.724202763338174 0.726912708595538 0.729734451844342 0.732235713417705 0.732650691277875 0.728139455366435 0.728132176217577 0.730249258031717 0.730661094131589 0.724491606159911 0.726933152162546 0.729061871764832 0.730135446658679 0.725270076836498 0.727365874330876 0.727886145411164 0.719954107787392 0.722292418201652
0.670209731990679 0.672324048170755 0.67452135549785 0.674770417439198 0.676610095094094 0.679248532117076 0.683514688600221 0.687127867818107 0.686452721230185 0.692462178552332 0.689161361108271 0.693412007915579 0.699412039956833 0.700808795784967 0.700747642084524 0.702892999741345 0.704026223830704 0.709249090574649 0.712603406444061 0.712222855196732 0.706472438223639 0.70922942138518 0.710811518945807 0.711062107517159 0.713966111785589 0.716655923226961 0.71897657783335 0.721839252466315 0.72299431400225 0.719571631658753 0.72181383075799 0.721762611215108 0.726982645949771 0.725964914738962 0.724108731779967 0.726245814659666 0.726405159431948 0.727255492344077 0.722851563034356 0.724760470041164 0.72435985135306 0.726969193905679 0.72771722048248 0.722725958997665 0.725332181915059 0.727230579512421 0.725515709391606 0.720631798758654
0.668467471030085 0.671580822734691 0.673112298129395 0.676333907813837 0.678084045300248 0.67741060234291 0.678824947603697 0.678883778171526 0.682061004960494 0.685011626756722 0.687590901335788 0.690724386856387 0.693619651721172 0.696139808106467 0.698122568605344 0.698023404030313 0.701918036295715 0.707344210331039 0.709773830919586 0.71183420617286 0.711240413476591 0.711242758734278 0.712556346414813 0.708243063527203 0.710411674635241 0.710646598655249 0.713288243813747 0.716509875623262 0.722563339714649 0.723536488904332 0.719807971683403 0.721994858101342 0.72413826875178 0.72418982017075 0.726278073015398 0.728945471758308 0.730112834834564 0.724612674556736 0.719881095048079 0.719785979361319 0.721676080056486 0.72286459470207 0.718312316781108 0.720262619798599 0.722004017881365 0.722246021924579 0.727410566977364 0.726191320606051
0.665752923757637 0.669036262394408 0.671817892886734 0.673684872881118 0.675331686278865 0.675791113409725 0.679471066096474 0.685147695952715 0.687758675760701 0.690924640887758 0.693851079979722 0.694279111632678 0.691496861638321 0.694376594702197 0.696874780890481 0.69888338347406 0.698801764081537 0.70264800881334 0.705264807515399 0.69897595477748 0.70290218164644 0.708830417827369 0.711610676565199 0.713892324668738 0.716036753072512 0.714501892541713 0.71110646828756 0.714294691237571 0.718559276840567 0.715164073837139 0.71713466554613 0.716826131409851 0.719601854507814 0.721168442392606 0.719359120337207 0.719573689290498 0.722148052103464 0.724015319723791 0.726188267346043 0.724803923683592 0.720034355425419 0.722445590078702 0.72438259592761 0.722405654322805 0.717940593437713 0.722341137611339 0.721851753132288 0.719238870568065
0.661314722710583 0.666560975656182 0.669837698896269 0.671604651437794 0.673249473579014 0.679221384653095 0.678049751437843 0.683339059774564 0.680038684831953 0.687350401797505 0.687299115879406 0.691190363008713 0.694262495703216 0.690542894886512 0.691035664501659 0.695929819043187 0.702388680838343 0.699505960889677 0.702548202611206 0.705382136774968 0.706794822655316 0.706755528526522 0.708294659196318 0.704521913955423 0.706673378132259 0.706948237908164 0.709638381225624 0.710847073937345 0.711226187054961 0.720419287437107 0.72036722714147 0.72271502921184 0.723156734159613 0.717625421779678 0.723477304335343 0.725641047927427 0.72588725573442 0.718750990593945 0.722144755467659 0.727135950577256 0.728109166142157 0.723290391722701 0.722939001320952 0.722714874336333 0.716138993032623 0.72074848639112 0.71929380712313 0.715437362732895
0.657821527760968 0.666635338024919 0.665337591896307 0.674441306985476 0.674127617707299 0.670419632553668 0.677701148795231 0.677704533931327 0.679269683686405 0.678043622792756 0.682420825014874 0.686563103216983 0.683225314776743 0.686183503347772 0.688737975720544 0.69185623919125 0.694743716030508 0.6972583190226 0.700261355115626 0.702455233056481 0.70261920196892 0.705062053350833 0.70805816429616 0.710057806225369 0.709484811097268 0.710225492149992 0.708317448021012 0.713128699915811 0.713382540872824 0.717221993207363 0.714446911736503 0.719441845983356 0.717833419586431 0.717918733866064 0.720664256240039 0.721251345039335 0.716582689236922 0.716676831420491 0.721192116220202 0.718520934089891 0.72798869512229 0.728433763081085 0.722257084460839 0.715121903448917 0.716763495329549 0.716279708493845 0.717363084794818 0.712426273113473
0.664268773893052 0.66704146585608 0.667718869201399 0.699762124979303 0.758049101901027 0.676444643801796 0.67650097423643 0.678516855968868 0.679483478262157 0.683949733901165 0.683318903833499 0.686504007148285 0.689663135627933 0.692392949200419 0.694534634095202 0.696914451145507 0.697086318708836 0.701081199677823 0.69852495729925 0.699954015733262 0.699755133456387 0.702787640146008 0.705796605758469 0.706816239725515 0.702091341988758 0.701789290498727 0.70658275383522 0.714334560618251 0.710476965724245 0.71337530597411 0.714606743260381 0.711476200374428 0.715053359974253 0.713074316487559 0.717828330819751 0.717448332699234 0.718644834495998 0.714441867219968 0.719972228221785 0.723094916706994 0.723612665529015 0.719870320137762 0.72271414420894 0.72292782815933 0.715640670024274 0.717233630995509 0.716743051762541 0.716902949661637
0.65979211946996 0.662158727851972 0.661994692564315 0.671015305881102 0.671495663330565 0.668452448105845 0.673148693873689 0.680525679803172 0.680318699749756 0.682943397102704 0.685918135227977 0.688303439296268 0.689959943475777 0.690245091410404 0.690775938275357 0.68972336007533 0.697356819845456 0.696703311578457 0.695439726561815 0.695092362923264 0.697559574010021 0.700513249066256 0.703370768557324 0.705760564015335 0.70787881845832 0.70804050848829 0.708638593448628 0.705464773920827 0.708119517122256 0.710460504670291 0.712608074834363 0.712638496809077 0.713180118584346 0.70972345212946 0.713025707703235 0.715893825104038 0.719157273300614 0.712570882587458 0.715227174543964 0.716432548494807 0.713697447029989 0.724867179265924 0.72049493306005 0.722136281564884 0.722149755734048 0.722978029948876 0.717822202174663 0.71759663706033
0.657734775351621 0.66345574385319 0.666181331536825 0.667174481792065 0.666415127178135 0.674419580164262 0.677458635875349 0.679887968837953 0.682526405860935 0.684355220105224 0.683740386464989 0.686924516276584 0.689867615548155 0.691110646372426 0.690417976727069 0.693530487678919 0.696596602353697 0.698695386732865 0.698452475561677 0.701563105882363 0.702510457237489 0.698978609786182 0.701825752618238 0.702271041827759 0.699457529105932 0.704281635667865 0.702533710688706 0.709369871345531 0.70606263763044 0.708166798402229 0.707929108748156 0.709568045620085 0.705227902894437 0.708112768975138 0.710990156781327 0.713090843916731 0.712592742159107 0.714194044282681 0.712956146475234 0.715680627905244 0.716578529723289 0.712377509453641 0.714981320738131 0.716827348288839 0.719552117344791 0.722262040477083 0.723670920844958 0.71853752789428
0.655304712261624 0.658558779427452 0.66429317784804 0.668038532249156 0.671851567247108 0.671609496828676 0.678437316333161 0.679230942684424 0.684254020023521 0.685933932529756 0.686321254049276 0.687777747573213 0.68657659951122 0.686487147843025 0.689455182071325 0.689915870331319 0.688509025470116 0.695587367170736 0.694325817660766 0.700085438664026 0.694526270817789 0.697391357083658 0.699051799526076 0.699243314153802 0.702058065879689 0.704485872212289 0.705788131855694 0.70236494063553 0.704714977338225 0.707363370643841 0.709049810046469 0.707643805938021 0.70385203313476 0.706137309750192 0.708691162620933 0.710997856306563 0.71176165806007 0.705016564201734 0.707251285026459 0.710818709594376 0.71577746934766 0.718615297524185 0.71959127872315 0.714728099283149 0.717263411343119 0.7201301791145 0.724551874857454 0.718119275523378
0.649222706826687 0.652856307486509 0.659603945728184 0.666972302879385 0.672516425676309 0.677360356303219 0.681538012496287 0.680440852275134 0.683437427846984 0.686249834315184 0.689399028637272 0.688781893989495 0.686093033926241 0.689064320540202 0.691771057662051 0.700001518263961 0.712485656808114 0.700062406463533 0.699653291747582 0.695045988771264 0.702737748107478 0.703123476621777 0.704220105841189 0.699707984926849 0.699993199236694 0.70281795149536 0.705304057394048 0.708134451546206 0.708913962101201 0.705500859914106 0.708260298958695 0.709765534017391 0.709745577201979 0.710588940716264 0.706635743383903 0.709397129434875 0.711680481168997 0.713752250834619 0.711485161028798 0.707552606389097 0.710903691997922 0.715065130512833 0.710654253930341 0.712010100499388 0.712560085552069 0.717865434566366 0.719465674686459 0.718676672475353
0.656066567008749 0.657297783044295 0.660320975078385 0.66710215493 0.668398330178463 0.675288453887162 0.674934939478451 0.682375667741862 0.680059039898671 0.680085280234679 0.683288946485308 0.685177122299165 0.684367211894529 0.686967726543214 0.705447781865132 0.755277759567422 0.7454200220068 0.701872657771979 0.700537055644287 0.698925907863442 0.699959657626754 0.704902907704203 0.704727433754053 0.69878229401772 0.700487185730829 0.701508965829909 0.707096210393172 0.709665174688444 0.712357950889534 0.711543969471554 0.712129509515773 0.708195693746939 0.708510445028597 0.711788274522311 0.70469490989745 0.707241793370348 0.709514790570532 0.710178365745526 0.703002673725822 0.705313062298563 0.707682303564205 0.711102795525522 0.712568493079626 0.707493045693876 0.70933332072573 0.712097450285693 0.713868739341432 -9999
0.658441494418028 0.660735510437104 0.66064141250368 0.660283450955393 0.668754034969353 0.67307484038162 0.68118664421961 0.685567563453911 0.67692289936937 0.681563876706061 0.681535512363092 0.686130624424451 0.693159737838716 0.695832911225553 0.715912144664084 0.715173233617162 0.696633617600022 0.696943965992248 0.698411566302589 0.699120741252045 0.704314867526789 0.702411735163908 0.697741154480186 0.697530877790964 0.700281599556981 0.702727282948176 0.705757289504603 0.709361485943046 0.71524286122038 0.718803736766831 0.710044796682728 0.708080532744477 0.712418241712149 0.711853477111024 0.709915984510522 0.705860325967324 0.707491364188364 0.708297889456905 0.712302195706786 0.704338386478876 0.706558748131537 0.709504347536303 0.713988458108833 0.712788593301047 0.706889208214683 -9999 -9999 -9999
