Niches/Distances-1/ascii/Bungarus caeruleus.asc
NCOLS 278 
NROWS 480 
XLLCORNER 370976.070567719 
YLLCORNER 375501.488324056 
CELLSIZE 919 
NODATA_value -9999 
[rows 105 to 125 of 480, columns 144 to 191 of 278]
0.969995343998039 0.969550061258276 0.969357447845673 0.968175235803821 0.966720074058055 0.966469804001108 0.966304991586795 0.965951400229909 0.967281289534452 0.967252659697361 0.965515348136998 0.965182054606103 0.961716592335276 0.958380886959813 0.958190829860562 0.957955422192 0.957680273884111 0.957913020543893 0.958282957474386 -9999 -9999 -9999 -9999 -9999 -9999 -9999 -9999 -9999 -9999 -9999 -9999 -9999 -9999 -9999 -9999 -9999 -9999 -9999 -9999 -9999 -9999 -9999 -9999 -9999 -9999 -9999 -9999 -9999
0.969592554514882 0.968368887446079 0.96718890018206 0.966705329452027 0.966289501025846 0.966361740870769 0.966232712481088 0.965733542132368 0.965557806495128 0.965395249394814 0.965285301746781 0.965412175155581 0.961701852091557 0.958026759038861 0.957744020312483 0.957706713841845 0.957340253672004 0.957522484788054 0.957756339474444 -9999 -9999 -9999 -9999 -9999 -9999 -9999 -9999 -9999 -9999 -9999 -9999 -9999 -9999 -9999 -9999 -9999 -9999 -9999 -9999 -9999 -9999 -9999 -9999 -9999 -9999 -9999 -9999 -9999
0.969546444903721 0.96921577748313 0.967809853124421 0.966118118973463 0.965800647539037 0.965971274911882 0.9659422350177 0.965239619641948 0.964897012580323 0.964868208250853 0.964699360700275 0.964761554146474 0.961238186579662 0.957615641906914 0.957322520883984 0.957104038976188 0.957079278507602 0.957231383514412 0.957668678865523 0.957827205191881 -9999 -9999 -9999 -9999 -9999 -9999 -9999 -9999 -9999 -9999 -9999 -9999 -9999 -9999 -9999 -9999 -9999 -9999 -9999 -9999 -9999 -9999 -9999 -9999 -9999 -9999 -9999 -9999
0.96956351898301 0.969330135426044 0.969163124407755 0.968597014420127 0.967992210747446 0.966661662734172 0.965576219803426 0.965295295797791 0.964728793202309 0.964389798132929 0.964049324240637 0.963745624617228 0.963333648110315 0.960405177411364 0.957498221622749 0.957190508674621 0.957083025731442 0.957280887002345 0.957480449573944 0.958919845933263 -9999 -9999 -9999 -9999 -9999 -9999 -9999 -9999 -9999 -9999 -9999 -9999 -9999 -9999 -9999 -9999 -9999 -9999 -9999 -9999 -9999 -9999 -9999 -9999 -9999 -9999 -9999 -9999
0.969496775648027 0.969104324838328 0.969169236003331 0.968905255207701 0.968408148231363 0.967923281895416 0.966570883073976 0.965408842351141 0.964655288287639 0.9637182205891 0.963339641923535 0.963609777937836 0.96409591806815 0.960803600222735 0.957186076568194 0.95711484441676 0.957081686502433 0.957184043731978 0.956840808497788 0.957994600093404 0.957992091765455 -9999 -9999 -9999 -9999 -9999 -9999 -9999 -9999 -9999 -9999 -9999 -9999 -9999 -9999 -9999 -9999 -9999 -9999 -9999 -9999 -9999 -9999 -9999 -9999 -9999 -9999 -9999
0.969516248997528 0.969111016621064 0.967944203531663 0.966519551778372 0.9658266861643 0.965601359792936 0.965811496602704 0.965491900723564 0.964183949473376 0.963361283340845 0.963172700702198 0.963387618603152 0.963770607563597 0.960381756171787 0.95704566255078 0.956476097614047 0.956381021079017 0.956902299612161 0.956977841725357 0.958259645292546 0.95760460526394 0.956546474752823 -9999 -9999 -9999 -9999 -9999 -9999 -9999 -9999 -9999 -9999 -9999 -9999 -9999 -9999 -9999 -9999 -9999 -9999 -9999 -9999 -9999 -9999 -9999 -9999 -9999 -9999
0.969473533263139 0.969224890347626 0.967570641521995 0.965633060695898 0.965168714663726 0.964954791369332 0.965224233776427 0.966374273785893 0.965239449511879 0.963190555634883 0.963413740112294 0.963566137393838 0.963462170472096 0.959712015160247 0.956566820564219 0.95711160322082 0.956819699282233 0.956342309944727 0.956135676069468 0.95618719494438 0.956270048288258 0.956217905603091 0.956466426373939 -9999 -9999 -9999 -9999 -9999 -9999 -9999 -9999 -9999 -9999 -9999 -9999 -9999 -9999 -9999 -9999 -9999 -9999 -9999 -9999 -9999 -9999 -9999 -9999 -9999
0.969251029306006 0.969071581343401 0.967137342046363 0.965355286277705 0.965119363856624 0.964728378782909 0.965891331228425 0.967252158031771 0.965448997409868 0.963770027376436 0.963982249370134 0.963690454489285 0.963273574746521 0.95957637787171 0.954200799875247 0.953809544338345 0.955361732571475 0.955947791400337 0.95608313205183 0.955596725820637 0.955878644432833 0.956221705174645 0.956747062467148 -9999 -9999 -9999 -9999 -9999 -9999 -9999 -9999 -9999 -9999 -9999 -9999 -9999 -9999 -9999 -9999 -9999 -9999 -9999 -9999 -9999 -9999 -9999 -9999 -9999
0.969207384399699 0.968918708570125 0.968250703757756 0.968156839944761 0.968087191311667 0.967334592593939 0.966972643052097 0.965674624780585 0.964084026412519 0.96382952055307 0.963301615671832 0.963198939993696 0.963102013839449 0.958973925483837 0.954862239411854 0.95355458479871 0.952375469996586 0.953846719939699 0.955393621053744 0.955274207194148 0.955796872941706 0.956420822790676 0.956408206991672 0.956420766080653 -9999 -9999 -9999 -9999 -9999 -9999 -9999 -9999 -9999 -9999 -9999 -9999 -9999 -9999 -9999 -9999 -9999 -9999 -9999 -9999 -9999 -9999 -9999 -9999
0.970341200980224 0.968829992282311 0.968441310508 0.968335350010828 0.96812895170028 0.967747210360345 0.967118082450027 0.966381768233573 0.96474901686904 0.962678987602633 0.962322826845465 0.962814995687475 0.962346365867397 0.96121614819219 0.957754302275918 0.954255756250025 0.955322986538709 0.956107399579445 0.956454744109162 0.956357233405445 0.953817876349444 0.95708496259685 0.961221993686888 0.9614363401253 0.961532673005459 -9999 -9999 -9999 -9999 -9999 -9999 -9999 -9999 -9999 -9999 -9999 -9999 -9999 -9999 -9999 -9999 -9999 -9999 -9999 -9999 -9999 -9999 -9999
0.971374492501185 0.969991378658725 0.968226257375452 0.968040885396579 0.968786866490831 0.968344366904515 0.966692761638426 0.966598356899056 0.965045571029528 0.962557143936659 0.9634405814025 0.964024821148311 0.961877701148844 0.958480923440716 0.955190101867451 0.955715699086976 0.95771599683641 0.958236189154494 0.958074508878385 0.956776608389229 0.955242798565921 0.958895094189296 0.962213079863668 0.961982989850356 0.961696281422356 0.961313781040572 -9999 -9999 -9999 -9999 -9999 -9999 -9999 -9999 -9999 -9999 -9999 -9999 -9999 -9999 -9999 -9999 -9999 -9999 -9999 -9999 -9999 -9999
0.971274329513306 0.969810713611776 0.967837366210286 0.968409736112013 0.968670781073366 0.96736255935999 0.966633866098191 0.965101277721536 0.963449711716233 0.96255646777869 0.963640889929019 0.963390842349854 0.96102791890061 0.959285839335989 0.956245863644523 0.956180293770789 0.957863983823073 0.958137339221768 0.958728353634195 0.956831403358557 0.957700667680911 0.961506634380196 0.962187028151477 0.961659546414259 0.961328320618056 0.961313781040572 -9999 -9999 -9999 -9999 -9999 -9999 -9999 -9999 -9999 -9999 -9999 -9999 -9999 -9999 -9999 -9999 -9999 -9999 -9999 -9999 -9999 -9999
0.970789642032047 0.969598762081266 0.968864393454839 0.969813954807717 0.968466917264624 0.966750357210438 0.966617071206708 0.967416233215783 0.965398590923873 0.963382737178848 0.96469906406323 0.964904550651097 0.96450875831234 0.961231848143994 0.957009045325039 0.958086666634895 0.960515604913439 0.958690584758752 0.956423575407956 0.955515647936717 0.958608446833628 0.962292290679133 0.962524596745658 0.96197779870208 0.961822334716974 0.962511531628778 -9999 -9999 -9999 -9999 -9999 -9999 -9999 -9999 -9999 -9999 -9999 -9999 -9999 -9999 -9999 -9999 -9999 -9999 -9999 -9999 -9999 -9999
0.971762511204456 0.970036694329562 0.968614005615536 0.967567823470073 0.967136853467702 0.96631569233194 0.965766320525771 0.965726462104089 0.965687860027536 0.964718240775687 0.964394003399264 0.964286450659134 0.963852130403084 0.961612847891318 0.960014746350953 0.960671500767183 0.95966070567619 0.957866644831854 0.956167625624071 0.957810754922847 0.961274864877737 0.962524906469631 0.962918879725337 0.962214375469582 0.962061140624619 0.962578972933277 0.962827253777103 -9999 -9999 -9999 -9999 -9999 -9999 -9999 -9999 -9999 -9999 -9999 -9999 -9999 -9999 -9999 -9999 -9999 -9999 -9999 -9999 -9999
0.970125519675112 0.970352948679643 0.969761384616222 0.96782376016703 0.966116866990643 0.965624432047754 0.965191808730091 0.966478358489991 0.968396836762892 0.96798527031307 0.965807444017201 0.96408359890619 0.963546999942167 0.961368798487683 0.959913135076328 0.95905273496683 0.957150187848135 0.955370788725947 0.955660755799126 0.958995283351031 0.96133569292107 0.963853443458237 0.96417184406458 0.962097526647958 0.963300359326703 0.963900390632817 0.963031680323767 0.963230667070515 -9999 -9999 -9999 -9999 -9999 -9999 -9999 -9999 -9999 -9999 -9999 -9999 -9999 -9999 -9999 -9999 -9999 -9999 -9999 -9999
0.96987836866944 0.969830714800724 0.969693140646779 0.968876734428346 0.967124586653455 0.966974758772193 0.966932064849351 0.965427491224151 0.965744696557698 0.966848980303071 0.966041865803822 0.964022474225812 0.962311977781798 0.960428742607153 0.958363123635626 0.956997917073566 0.9566580539046 0.955948480645234 0.958963752578138 0.960277361743717 0.96013347969027 0.963829088684432 0.964287667743477 0.962060368495842 0.961960140073321 0.962626639888921 0.962601046219225 0.962715700799183 0.963005724582385 -9999 -9999 -9999 -9999 -9999 -9999 -9999 -9999 -9999 -9999 -9999 -9999 -9999 -9999 -9999 -9999 -9999 -9999 -9999
0.971811556649894 0.972222102319299 0.971383705698798 0.968851594438836 0.968447478813599 0.968341047187003 0.966738308511665 0.965566888823457 0.966136894353447 0.965112549929222 0.96377640507289 0.963334716876136 0.963061418187465 0.961367001216179 0.958252072323296 0.956538714204265 0.956446843966701 0.956428421933784 0.959822163474516 0.961478846468834 0.961029886302184 0.962519348887359 0.964449614120464 0.963265731314083 0.961507847102231 0.962098242066712 0.963980971213458 0.963975330747305 0.962917928741871 0.963441113604256 -9999 -9999 -9999 -9999 -9999 -9999 -9999 -9999 -9999 -9999 -9999 -9999 -9999 -9999 -9999 -9999 -9999 -9999
0.970169875637864 0.970128773957981 0.968688858483834 0.967977697343819 0.968141737629355 0.968365916713326 0.967101195950045 0.966258786004826 0.966429125465244 0.965478709099709 0.96398194837078 0.963392151042697 0.961618108836546 0.960034385468214 0.958151032511213 0.956007402359327 0.956177658935865 0.958913049455099 0.959067680239095 0.959497219403958 0.963687348524938 0.965068316111135 0.9633550016152 0.961724837100186 0.961615190451507 0.961738883736698 0.963925238347592 0.965356612419785 0.963879442822714 0.963056061271429 0.963351494318381 0.963476679513414 0.963569570531395 -9999 -9999 -9999 -9999 -9999 -9999 -9999 -9999 -9999 -9999 -9999 -9999 -9999 -9999 -9999
0.971172766224086 0.969752886837363 0.968364856672123 0.968138055840157 0.966249127851646 0.966304345964993 0.965716865023241 0.962952866478464 0.963457912858048 0.963698681804957 0.963604438471037 0.963089917155272 0.959178936579971 0.956078756655426 0.956124687411898 0.956332978964758 0.9562084263046 0.956423815334977 0.960024914894341 0.963509532066077 0.964760463569105 0.965419835371021 0.96497354057546 0.962798938026294 0.961219036041063 0.963188514074048 0.964045795132271 0.963539880653102 0.964705773295204 0.964137316385078 0.963150500909274 0.963272680473078 0.963627920782946 0.963862634844302 -9999 -9999 -9999 -9999 -9999 -9999 -9999 -9999 -9999 -9999 -9999 -9999 -9999 -9999
0.974393716686474 0.969178427389397 0.967081600455879 0.967669282063866 0.965670149051063 0.964016449876426 0.963959848910975 0.96242617868157 0.962554731579518 0.963415467586846 0.963283298334343 0.962537064226141 0.958539932400998 0.955301986380892 0.955569347966366 0.956228052334932 0.956411810259299 0.95589274341706 0.959114112661157 0.963176905968533 0.964645634496768 0.965334478061504 0.965088264952369 0.962887335865516 0.961228868686622 0.963507887475405 0.963890287524071 0.962649969519998 0.96504014431654 0.966559414562364 0.964435680903998 0.963086313887645 0.963856697741106 0.963987074084415 0.963695174508138 -9999 -9999 -9999 -9999 -9999 -9999 -9999 -9999 -9999 -9999 -9999 -9999 -9999
0.971862399366837 0.970290715972658 0.96953412574176 0.96861879543134 0.966947367830993 0.965235401288685 0.963436860352517 0.962817818101706 0.963040221725721 0.963591107253278 0.962967776852253 0.961686474950654 0.957832902368057 0.954747275107924 0.954771852359512 0.955139856786907 0.955788239931253 0.955704989617213 0.95578418298344 0.959788268329887 0.964008610806298 0.96468607746792 0.964782667724338 0.964179316700712 0.962673888062855 0.963479467029169 0.963719490021157 0.962462137198581 0.964506965403145 0.965022049456833 0.963195711884684 0.964213927264095 0.964988176123752 0.964214948044512 0.963911950752929 -9999 -9999 -9999 -9999 -9999 -9999 -9999 -9999 -9999 -9999 -9999 -9999 -9999
