Niches/Distances-1/ascii/Bungarus caeruleus.asc
NCOLS 278 
NROWS 480 
XLLCORNER 370976.070567719 
YLLCORNER 375501.488324056 
CELLSIZE 919 
NODATA_value -9999 
[rows 63 to 83 of 480, columns 48 to 95 of 278]
-9999 -9999 -9999 -9999 -9999 -9999 -9999 0.92057453055361 0.921546514177195 0.921772124098675 0.92201633490776 0.924537784683362 0.926424797618013 0.926936880402782 0.929181489294418 0.926468167698824 0.925603182802066 0.925564183755351 0.927193497620017 0.92887519409687 0.93012428034299 0.931610946687791 0.93200738464835 0.931657954934704 0.9319720063185 0.932416673972626 0.93473914136379 0.935952413049112 0.934913537772022 0.936937972179786 0.939815526002533 0.938168632030678 0.940378237751079 0.941390607635793 0.940420150820525 0.941456138248742 0.94257561155571 0.942559008605844 0.94270015549125 0.944390114182251 0.944738121783008 0.945150962027198 0.945428588126869 0.946919991939761 0.947116112649183 0.947426813779301 0.948635662082814 0.950892572687173
-9999 -9999 -9999 -9999 -9999 -9999 -9999 0.920690934419668 0.922412406434324 0.921652064617276 0.921297958507872 0.922775429104297 0.92179089075404 0.922691349951457 0.926975303624646 0.92778079534477 0.926299712756098 0.925491935185809 0.926095329832529 0.92686072320395 0.92969054463641 0.93210478629433 0.932280142410646 0.931384891810744 0.932143724268713 0.933168709952431 0.934550584899 0.935323272051864 0.934521505744033 0.937431864134039 0.938191551604665 0.937810547495032 0.939282451784566 0.941349375086626 0.940709712198923 0.941289210114333 0.942199501957308 0.941777954543405 0.943046932920734 0.944809794527699 0.944167575326642 0.945172721226864 0.946335180731409 0.947652572019303 0.946946331564377 0.946318970389396 0.948865355125963 0.949577545771014
-9999 -9999 -9999 -9999 -9999 -9999 -9999 0.922606110424296 0.922462206559302 0.921365373638514 0.92137697738172 0.924123871311042 0.923978990288725 0.924561629066958 0.921487640448507 0.924716002474695 0.927515026002255 0.925282736272578 0.925201187259234 0.925421955017195 0.92876297804791 0.930489815703221 0.930627359321 0.931687575016046 0.932784826718544 0.932586498680527 0.93444918737754 0.935285782364228 0.935518686067151 0.938166398528227 0.93862599400538 0.938454651213782 0.939503341687192 0.941410962171808 0.94109467728556 0.940774605914687 0.942052527026443 0.941084303713626 0.941588167907342 0.944168325643872 0.944549670013645 0.944370230775659 0.944677241391961 0.946169055261944 0.947835623249535 0.948430746957488 0.948221600391971 0.949378755328193
-9999 -9999 -9999 -9999 -9999 -9999 -9999 -9999 0.922454738285479 0.921326348417941 0.921397262120783 0.924076897962604 0.922490448150849 0.923823709520617 0.923166004120921 0.923591372917926 0.924018312146341 0.925262189794946 0.926359179758875 0.927371680512873 0.927745940492057 0.930063609342797 0.931154998101359 0.930170695315814 0.930421955617013 0.931222160218052 0.931703384025587 0.932433276922492 0.93516371622047 0.938652002094476 0.939346856921669 0.938395210384862 0.938981836313956 0.940034862922986 0.940015284878058 0.94036299584177 0.940266990134823 0.9409698018145 0.941375243581819 0.944479410657225 0.945366625883072 0.945346271347057 0.946478351728411 0.94667882602269 0.947826165762591 0.948252441919966 0.948685052150701 0.950117896321187
-9999 -9999 -9999 -9999 -9999 -9999 -9999 -9999 -9999 -9999 -9999 -9999 0.92215477716129 0.923184543936194 0.923652846583061 0.926162142964463 0.924590271990977 0.924459969806929 0.925668931530488 0.928244543740544 0.929773515762644 0.930416834265688 0.929853119185962 0.929802821757703 0.92987586426757 0.930361075225966 0.931110903877176 0.933174869533411 0.935584766331093 0.936123703492996 0.93667603294499 0.937680698991169 0.938477623135482 0.939953619271305 0.940411478549287 0.941179838291151 0.940918134621067 0.940478038667271 0.941249530547339 0.943682634831434 0.943853619913655 0.944429436039868 0.946536902646198 0.94659124829765 0.947621372781931 0.948252363398396 0.949674005158147 0.949985892836443
-9999 -9999 -9999 -9999 -9999 -9999 -9999 -9999 -9999 -9999 -9999 -9999 -9999 0.923201696537054 0.924037183497135 0.925499211518015 0.923370840724676 0.924480935066271 0.925611863797923 0.928638669677082 0.929827695646335 0.930906765242937 0.92992781064881 0.929947292722929 0.930669054274971 0.930832047606232 0.93184047396318 0.93466554920293 0.937576003563745 0.936887744548479 0.937120377788215 0.937413734375857 0.938703992098811 0.939096992559503 0.938612130585865 0.938974368040133 0.939585039019059 0.940720670320326 0.940743685865122 0.942217474672349 0.94453631262203 0.945080807366204 0.945333559577244 0.945482314330375 0.946594816666801 0.947746021412898 0.949323964721174 0.94878629262902
-9999 -9999 -9999 -9999 -9999 -9999 -9999 -9999 -9999 -9999 -9999 -9999 -9999 -9999 0.923871311041619 0.924119369407662 0.923293558049999 0.924976004844083 0.925422434871238 0.927389784097199 0.928140406688733 0.929420107622755 0.92979435887732 0.929894604749078 0.930806275081848 0.931393965414455 0.934300022567317 0.936294618778266 0.93676219728176 0.936934447433729 0.936392509002907 0.937063789909692 0.937946320015163 0.938092422484133 0.93836233602065 0.939232442268733 0.940509272803119 0.940958224245151 0.939659023787772 0.940907630179849 0.944419577220452 0.9442426855712 0.944987994869793 0.946700332208406 0.94571645692919 0.94901639572926 0.950051231507775 0.949382585435913
-9999 -9999 -9999 -9999 -9999 -9999 -9999 -9999 -9999 -9999 -9999 -9999 -9999 -9999 0.923472761723273 0.92345006026476 0.924975507540803 0.923637648296847 0.924948880003761 0.927531437010503 0.925649623948748 0.928181298977761 0.929944300178629 0.930830712739533 0.932011746957826 0.934004955954361 0.935473954945784 0.935044825838011 0.935825208104792 0.936133946195646 0.935243214948361 0.935999648136118 0.93698771995705 0.938209393450422 0.939137300299061 0.938537735760061 0.941939272747827 0.941189478995093 0.940290127824283 0.940859147472332 0.944281440328585 0.944111685417636 0.945613733265649 0.944903880818477 0.946803998130794 0.949408008975539 0.948865267879773 0.94956026230087
0.906554032999279 -9999 -9999 -9999 -9999 -9999 -9999 -9999 -9999 -9999 -9999 -9999 -9999 -9999 0.919919425090362 0.92330628726905 0.924950799419931 0.924215654302417 0.925114700111563 0.926278328715047 0.925904461343716 0.926729461311817 0.929315796078565 0.930884020161329 0.932014687154413 0.934447215613657 0.935898555976321 0.935213847880968 0.936862443153518 0.935618103100109 0.935147217966032 0.934631968144584 0.935153822502579 0.937793447241886 0.939461367545414 0.939415214311158 0.941331315125395 0.941303980894219 0.940197838805009 0.941229751836175 0.944257046293995 0.945024489950869 0.944425536135196 0.944213737285517 0.947053871217579 0.947343624537594 0.949655613661397 0.951004989402369
0.908923901245209 -9999 -9999 -9999 -9999 -9999 -9999 -9999 -9999 -9999 -9999 -9999 -9999 0.92016718681936 0.920773146504052 0.921706837775057 0.922315310150007 0.921716112045003 0.923517335801499 0.926201107112703 0.926792339640604 0.927576272827297 0.92977654320542 0.931939358794382 0.934410258127776 0.935120189096519 0.935489188130474 0.934377235445043 0.933736612849255 0.934718533813826 0.93481373685583 0.935638920040929 0.937921803835907 0.938431722915176 0.939920552965477 0.94063305769681 0.941575595731432 0.941664752612503 0.94175959794513 0.940963380494952 0.942702275573655 0.944547645902048 0.944028016321886 0.945543404112277 0.946624707211331 0.947841468744233 0.947511032526045 0.949389032929318
-9999 -9999 -9999 -9999 -9999 -9999 -9999 -9999 -9999 -9999 -9999 -9999 -9999 0.920831994058883 0.920799791490332 0.92118117075858 0.923789997592987 0.921153819078166 0.922306847269623 0.925376822563357 0.926073622980576 0.927502541072534 0.930443906758296 0.932250077373738 0.931699475396296 0.932319420645168 0.93263667396412 0.932471176667219 0.934385262094478 0.934608769382791 0.935196581860062 0.936047869105065 0.937084903487556 0.937633429005687 0.938116729272533 0.938954467184303 0.940062511240445 0.941311449168042 0.941967409643947 0.941509881901486 0.942259030032418 0.944864271048435 0.945138180460433 0.945687700585124 0.946708280336272 0.946698622183092 0.947061226071356 0.948823982982892
-9999 -9999 -9999 -9999 -9999 -9999 -9999 -9999 -9999 -9999 -9999 -9999 -9999 -9999 0.920688770714168 0.920565134138999 0.924089705703226 0.923863258218327 0.924782265955635 0.925480331442603 0.926676066643831 0.927763424628437 0.930516556660309 0.93144462055209 0.931198734616166 0.931839985384518 0.931694755377443 0.932341694597353 0.934325184368375 0.934673200693751 0.935166028244492 0.935243049180601 0.93482347353058 0.936180884645607 0.938267080630933 0.93884044513922 0.939807944308663 0.941889943752273 0.941860149178552 0.942344409153482 0.94207227956375 0.943689963511353 0.945212086707575 0.945391604467131 0.947055101388851 0.9464254979868 0.948053520607861 0.948887445861149
-9999 -9999 -9999 -9999 -9999 -9999 -9999 -9999 -9999 -9999 -9999 -9999 -9999 -9999 0.920185630663825 0.924387599092723 0.921937429453958 0.924110932701136 0.925211281643361 0.926325476555864 0.926862712417071 0.928401307693874 0.930070519241007 0.930700349483152 0.931878146867814 0.931726303599574 0.933305433456028 0.933385891892003 0.932459398431634 0.935565851357205 0.935636765060047 0.936154867831893 0.935640778384765 0.93605707357806 0.938913923880033 0.939419096766592 0.939195615652136 0.940981771991703 0.941226366684022 0.942221453098592 0.942494996076593 0.94528231116552 0.94540352229662 0.945884423293254 0.946455423429805 0.946367165184487 0.947407017618899 0.947721705899878
-9999 -9999 -9999 -9999 -9999 -9999 -9999 -9999 -9999 -9999 -9999 -9999 -9999 0.921255696453668 0.922443753990218 0.922592691960348 0.921677400910713 0.922245172938252 0.926391129313478 0.927253915606259 0.926165964347564 0.928447251537275 0.929354323995857 0.930223863143708 0.931824664953639 0.931889602292498 0.932518202363371 0.933265527048942 0.931658775048885 0.934184683104772 0.934811259064047 0.935079087416636 0.935376343908949 0.935891471585732 0.938301246238749 0.93927034201346 0.940787082119789 0.942050162654707 0.942059166461465 0.942691300003013 0.94356253172694 0.943988493798034 0.944173106735058 0.94527382211128 0.94550950024303 0.947089232098192 0.947358543636002 0.94664294166494
-9999 -9999 -9999 -9999 -9999 -9999 -9999 -9999 -9999 -9999 -9999 -9999 -9999 0.920698315447301 0.920308769935713 0.923872340546656 0.921771844910868 0.922234415483084 0.925430269579056 0.92567598974722 0.92646220005946 0.928408261215179 0.929013522930354 0.929660645367262 0.930422601238815 0.931675683360414 0.932973077821671 0.931941862760021 0.932770047214039 0.933731290831694 0.933960460397706 0.933843585402225 0.934905964802771 0.936761481863006 0.937088157770425 0.937439157915483 0.939857055188744 0.940961871135873 0.94146222803277 0.942458274155424 0.943494994451633 0.943924481268783 0.943984323430175 0.944352223162142 0.944720498052725 0.945607102555246 0.94708866499796 0.947148009856071
-9999 -9999 -9999 -9999 -9999 -9999 -9999 -9999 -9999 -9999 -9999 -9999 -9999 0.920428890489444 0.921266541155025 0.922307335848285 0.92548118645526 0.924645873987558 0.927325937335708 0.926767640244351 0.927442175434005 0.9297805390809 0.930252000039828 0.93036911060002 0.932083541847182 0.931235648478952 0.931069767298817 0.932182138765959 0.931744511879327 0.93302827848578 0.933260405697617 0.933575966440491 0.934723035717205 0.937455821937681 0.936796528657336 0.937304118263344 0.939367673862489 0.939943446365607 0.94108993109285 0.941264920775171 0.942214237838718 0.943950602777925 0.942539456734773 0.942979884224088 0.944089402740833 0.945377069251957 0.946196659956308 0.946901085690492
-9999 -9999 -9999 -9999 -9999 -9999 -9999 -9999 -9999 -9999 -9999 -9999 -9999 0.921777306522332 0.92167459158341 0.921009644749984 0.923549102139103 0.923704923833586 0.926658722101354 0.926369186896813 0.92733673841397 0.930206562224326 0.930215819045034 0.93092922241212 0.93109147415077 0.931547169723251 0.931656969052762 0.931847174470535 0.932302372739736 0.933136184572978 0.933903026231145 0.934328185637295 0.934487706570213 0.935955798201265 0.937099037370258 0.937870258787139 0.938781955293766 0.939793060108731 0.941149502791055 0.93964713213214 0.940057110701313 0.941858884108803 0.940805438718064 0.943649376583989 0.9441940719944 0.944896037386039 0.945265629694084 0.94557209938401
-9999 -9999 -9999 -9999 -9999 -9999 -9999 -9999 -9999 -9999 -9999 -9999 -9999 0.922545692438053 0.922305870112301 0.920428506606211 0.924058750755184 0.924512169202119 0.925356869359813 0.926211847118633 0.927152003332281 0.929862367282051 0.931071712888844 0.930785039359319 0.931665213817672 0.929639383470876 0.930694242249886 0.933312971526802 0.934345608701342 0.934057635203593 0.93505074985428 0.936921665866964 0.936357802468716 0.936327711257951 0.937184224549706 0.937733831920587 0.938134117438104 0.940606316739722 0.940078171931463 0.939567066304018 0.939445244449591 0.941044667769728 0.943331119933858 0.944468696825152 0.944302283443261 0.943967668132595 0.944759191737777 0.945610985010679
-9999 -9999 -9999 -9999 -9999 -9999 -9999 -9999 -9999 -9999 -9999 -9999 -9999 0.921804152174847 0.921774505919648 0.920508834172902 0.925132219146418 0.926342681504437 0.926043776059142 0.926123388207079 0.927236457643736 0.930394534139647 0.930922425933956 0.929924512742846 0.929658568907951 0.92978953416304 0.930209676913292 0.931093864696363 0.933741367766583 0.934484286519584 0.93736542616072 0.937484857469554 0.935699625939596 0.936386140031072 0.936172796923839 0.937242199642642 0.939013620100798 0.938759585370773 0.939246419108294 0.939534759040038 0.939724083271297 0.941970157898917 0.943478967326618 0.943431409428711 0.943271399917131 0.942821392796206 0.943678359768147 0.944927629231264
-9999 -9999 -9999 -9999 -9999 -9999 -9999 -9999 -9999 -9999 -9999 -9999 0.921235106352941 0.920776549105444 0.920055712363011 0.921097632532115 0.922388588224585 0.924701118274762 0.924671262628709 0.925765111729815 0.927243925917559 0.930335215455392 0.930001210868053 0.932079310406991 0.930570265414578 0.929126166485644 0.930689269217083 0.933077720901381 0.934481546989233 0.936578552777439 0.93723938159072 0.935864922570261 0.935523650375335 0.93625062924951 0.935605347707201 0.937317545451911 0.939615409417631 0.938630714024233 0.94000902060165 0.939921416702753 0.941987685658392 0.942600764632148 0.944081550583776 0.943906665596883 0.943362380243563 0.945564744530234 0.946385111725671 0.945560713756278
-9999 -9999 -9999 -9999 -9999 -9999 -9999 -9999 -9999 -9999 -9999 -9999 0.920941671243729 0.920971334948166 0.92062623264552 0.919335372923858 0.920376071646309 0.924680187913897 0.92412546791631 0.924757016908388 0.927722340397792 0.930407874082024 0.930231261620579 0.930168662479598 0.930195830943015 0.930416249716218 0.931091570121578 0.93309521376238 0.935368535374987 0.936419241235376 0.936746833227785 0.934827181493635 0.933703380775666 0.934853163408874 0.935773793925307 0.937758618563029 0.938977665946097 0.939127171016458 0.940352709516026 0.941395615567072 0.942380363308183 0.942929770012828 0.943381452260592 0.944377498383246 0.944386807551668 0.946051648064707 0.946761500511879 0.947748603900108
