Niches/Distances-1/ascii/Bungarus caeruleus.asc
NCOLS 278 
NROWS 480 
XLLCORNER 370976.070567719 
YLLCORNER 375501.488324056 
CELLSIZE 919 
NODATA_value -9999 
[rows 420 to 440 of 480, columns 96 to 143 of 278]
0.3283243718228 0.221179420381903 0.165678140802023 0.183067981500187 0.210905658088792 0.232104946609204 0.240340777509032 0.186460252942626 0.17603726476696 0.117626220071163 0.01198155410525 0.0239330257243536 0.116628961226474 0.155131891209804 0.0795223890571728 0.174981725467672 0.215544154102334 0.168041605177643 0.130190369331551 0.0381952650206066 0.112222609874007 0.31383375690086 0.312459175735735 0.353546268055694 0.47172266259797 0.414303467483111 0.455133741919599 0.603026816784932 0.672289542533221 0.691147562108626 0.703434163790914 0.7108788113457 0.6934895988201 0.663039771317268 0.702527815475705 0.760891188853549 0.77020524306194 0.793655273881112 0.833926125750398 0.855513816857314 0.870558479981182 0.903612379401092 0.902887276319992 0.906820884194545 0.94153382225589 0.9481038093115 0.946113191526794 0.940863038652385
0.309182767232979 0.261511728467087 0.115134538695425 0.0429195414876843 0.0329387170005057 0.0489260577528987 0.144251733001053 0.15860743041552 0.200473666106368 0.227508817345293 0.138916314425626 0.178456706297776 0.217305619770266 0.213129737952035 0.237156849967167 0.213837339447517 0.170953254811254 0.12264720337956 0.0382140404005913 0.036958253647117 0.0806014499291555 0.0921127819713689 0.0635863490642175 0.0379047003110294 0.066871621779829 0.119147165443826 0.231491501201451 0.37611322784302 0.545700626108102 0.664432464791337 0.653051618150169 0.615743472384602 0.585323971657246 0.645091799295507 0.743022314227207 0.770080638054068 0.792998065784696 0.808075219389541 0.840186702919494 0.881858937983325 0.90977870451165 0.930163270665086 0.939930612451128 0.930682917694486 0.929542103969561 0.945814827007874 0.945438464395523 0.94457077486689
0.34357039915208 0.295300083759614 0.219635651406061 0.106589786487744 0.0316548718724818 0.138507583476963 0.102406645786545 0.0582198010483698 0.134977951633744 0.203661851262282 0.231169388269743 0.251200834195716 0.220530727513584 0.183083336829543 0.0995927118851961 0.0522959941708203 0.0888210879362087 0.0761998447693985 0.0230741742347192 0.126843814892421 0.254665275686126 0.253574488926272 0.236471932480959 0.22006190138958 0.185724523275642 0.175891598528938 0.251929584167539 0.484151370873747 0.666889073198888 0.690322806429857 0.697967806134256 0.704808954346894 0.619106045224128 0.594655719392873 0.710242961116478 0.778236219908776 0.808621310738984 0.822141835279652 0.8714187972068 0.918155132645889 0.927889320879914 0.93860817833348 0.943724643871688 0.944888822126166 0.947201090437775 0.950649356484648 0.947167814741092 0.942545467997231
0.305345051645327 0.328138851525405 0.265457210548034 0.177299054058273 0.164284923850817 0.132094360374683 0.0485739321319962 0.0620581448085862 0.154191307489827 0.238914895584469 0.279980699834185 0.271255452709626 0.147742278551367 0.0674819961217106 0.0601813745765847 0.0801749207578304 0.179446706259496 0.246436075496702 0.259136049624935 0.178597486749185 0.137906841114405 0.197112175119592 0.122377298567661 0.0655586713229813 0.360561420068711 0.564559099363693 0.477511237881763 0.453648776875493 0.440174963944694 0.407455548966166 0.450091365845531 0.538665163182165 0.562045676237526 0.585168917729232 0.698497879083303 0.800369670829615 0.86434107222666 0.882762555492802 0.874138138789472 0.906506204638184 0.941706534812664 0.9457168757109 0.946805463866778 0.946917383278694 0.947157188155209 0.945328708689106 0.94504679880153 0.945186855109566
0.229369534278423 0.28309161976466 0.301652583513988 0.286498967348648 0.257167845386316 0.191418139806762 0.0935016017146232 0.0371192054175434 0.147472652927275 0.22125186961768 0.211207599701483 0.227647573685105 0.246021690994958 0.235478861453367 0.227137637156599 0.236530073341655 0.147490241759082 0.0903725345767282 0.173060354983588 0.212082644083892 0.112116727898405 0.291595889740403 0.55092122869812 0.450733951480584 0.23957405799553 0.218256742829936 0.333637664764565 0.391821659976756 0.42361570697076 0.460897120503859 0.517622917802889 0.574934381322929 0.590922769029596 0.582732236351367 0.599335744592626 0.636998179684596 0.714839264872768 0.842251732979242 0.894591681780342 0.911298445886898 0.940230355459843 0.944737545958157 0.948464127349599 0.949103397629449 0.947805479691056 0.948666364016906 0.947633997305554 0.947092425308728
0.134494049368191 0.194333069897099 0.316213623560109 0.33938460616672 0.311128706244032 0.284661981379068 0.185002473811175 0.18890859041141 0.293622723418379 0.308116897984852 0.229855670046428 0.199024890781676 0.184114516992717 0.207365835890637 0.24513464153687 0.216295867271238 0.170954301765528 0.150598230217589 0.274628739381225 0.310937043814895 0.155164276995353 0.0805688547527509 0.125429309870972 0.265224367917443 0.420468073843735 0.457449395383361 0.439735243149514 0.452939639847075 0.470689353627771 0.502009095437069 0.547667050524454 0.581164073340935 0.605910408043994 0.630221733246106 0.649692430462797 0.671538352841454 0.72344735781404 0.81325677058513 0.890463296787686 0.914988977152829 0.928799996606123 0.94145265712578 0.945928090011109 0.949093329419178 0.950777582209385 0.949698215975739 0.94485889668316 0.943100973210523
0.226395416373115 0.243575656825576 0.277766182153314 0.304521866397969 0.335201395668569 0.318725615848768 0.27371628383275 0.354458932995025 0.420913029410287 0.400938188812074 0.192910747617069 0.0824063990979442 0.185988076564944 0.248148613501551 0.186889434398112 0.231248886997634 0.379212421885624 0.452670258512314 0.4791962409892 0.421268854269625 0.323717424031389 0.195024129515049 0.291519880860093 0.464485207294056 0.47310136178324 0.465310381754536 0.462568199119448 0.458439151055751 0.478861425012298 0.521108682262018 0.55274048624199 0.552599356805823 0.559254635736308 0.592008355916555 0.612523704108082 0.649520834657249 0.712975267482912 0.799996396732373 0.878024782040206 0.918980830583506 0.933901508147447 0.944635345771754 0.948998571332741 0.949175497880468 0.947371613115192 0.947156411664122 0.945419052118354 0.944518985528791
0.277397305264024 0.275277920828205 0.278587692273834 0.280337850835604 0.279129665603132 0.187504205947946 0.2019392624964 0.235163728216821 0.231682256270217 0.329362601478088 0.199183748643554 0.0811295336650819 0.188273926730366 0.258773663852145 0.220515092996422 0.232088474528622 0.386562040890784 0.491050555251654 0.493376224577974 0.438895516024622 0.391317167610476 0.416537318919579 0.433840960382498 0.431184139419236 0.474769229739055 0.482840688817827 0.471255302209949 0.483692386119921 0.492496538698282 0.522943085744388 0.553693424022403 0.589164199935156 0.619396470339802 0.630944864563323 0.643074492901426 0.691980553827687 0.784909122569543 0.862105510764877 0.902160096779581 0.9180589698958 0.910484683228007 0.911231562958012 0.935301783315385 0.946588953722865 0.946251092853949 0.948343928274297 0.950551946114049 0.947216742404175
0.293134074960116 0.297759449146754 0.293038034354692 0.272124285163342 0.262885472068792 0.275890528672539 0.294465661203045 0.258912838973667 0.17710927614683 0.17690414290603 0.179234034947923 0.143171974159554 0.195474040665165 0.257070897420522 0.293634798291009 0.315260336794939 0.415580681900731 0.501651804841747 0.462541920567165 0.435285757280948 0.430817286641543 0.425198143457797 0.437473123947641 0.488992766625637 0.501135761079974 0.421524450706443 0.413982261911774 0.482259559398673 0.516818891818749 0.496000101380072 0.4881154538423 0.528690620420632 0.555255305307189 0.617619370154708 0.660609127375718 0.682750849235324 0.785333191398324 0.856544543340303 0.883951354621963 0.897651667385375 0.877255480039495 0.878785795652913 0.913785616634638 0.946225878705178 0.952230632597364 0.950503472131151 0.947287123905261 0.947727813133145
0.314381732767997 0.312512291215915 0.299604112781012 0.29968738054429 0.246126456219333 0.262306785542944 0.318713052397477 0.336899415907482 0.333523686342576 0.194219859241578 0.169607499787147 0.236400181214698 0.247856373665135 0.228075568592414 0.177710297697195 0.308855977905513 0.478852735291822 0.522881210746781 0.536712488765281 0.520758022377099 0.492364378170397 0.481118832919937 0.501215120213962 0.531968075877662 0.504490795848726 0.443922920652568 0.432938206610297 0.481691063227761 0.51579741343185 0.558812716337151 0.634791095379072 0.678902943292736 0.678386027069068 0.726122954157286 0.802357016882214 0.832574839317875 0.857503832643312 0.870084488882758 0.880839448809547 0.895816173325636 0.905117524488833 0.918911391341267 0.936982493910298 0.943738873725198 0.94973292250993 0.94999083097077 0.948556206978018 0.945216187278483
0.310558674540184 0.341264656855447 0.327488692921103 0.302856929914122 0.313307627479579 0.319490590438478 0.331166224504796 0.342826154257 0.351095557490555 0.356273165158378 0.28974410681708 0.173732220439843 0.242595149249275 0.307112868835856 0.280843250562255 0.329949314653372 0.451915439379063 0.529736527740597 0.54966973445717 0.565502579657162 0.547681358899535 0.527376483415606 0.539890518464734 0.555523744383104 0.513036560112205 0.459635854689683 0.469476282608686 0.500475202729881 0.488914035664214 0.524849031102165 0.595304761245949 0.619570055358471 0.721227291275515 0.825618892569067 0.853706267752078 0.859734141884486 0.843028450906062 0.854765000261902 0.891255003609866 0.917783516226248 0.929344316857919 0.932484926666688 0.938737677852584 0.94697660599214 0.950023094611655 0.949583748975089 0.948735750911431 0.945752733894792
0.335709447679382 0.344061071721941 0.37142510619688 0.336366516181894 0.31477448021474 0.324153585182037 0.32964213826931 0.346947105874309 0.365233139431222 0.375731647908536 0.384933887400439 0.396886056989058 0.392687700552407 0.381247352009987 0.422776398627578 0.479549588056756 0.514872952807696 0.542317358472421 0.559977348271815 0.562977116556841 0.548815210378536 0.537108272379419 0.551470984387523 0.559435689028799 0.51998146149342 0.507690288110801 0.512145567126351 0.502779409493578 0.541827558364456 0.539056898573109 0.52552414211667 0.623961470163292 0.737128293198759 0.808131039501596 0.85404757484548 0.873062672460497 0.886242840891229 0.896147717570431 0.908675790531452 0.924254217118184 0.929632473572666 0.933715455648296 0.942502804610555 0.948373626877209 0.949866653469226 0.948993633198414 0.949271180776515 0.948738019312358
0.402042236992736 0.353584028206519 0.328104581222162 0.326748915030925 0.327248382016689 0.32958685908363 0.335265190082346 0.356673590269799 0.368826565688218 0.374521438564467 0.404411075733629 0.436226759782634 0.441207540046901 0.449151549892022 0.474485435333784 0.503673927225489 0.516572997158206 0.532410134870722 0.557770752544952 0.564294010541455 0.538839515967301 0.552929356793063 0.58176160504372 0.574240041248253 0.537245493186296 0.516845170371033 0.548886333472233 0.578578340572895 0.535186727402956 0.528662596944558 0.648294362623453 0.759018623887882 0.808351144188517 0.831684806040106 0.855099484703284 0.876110408700522 0.885143870438798 0.89981953452871 0.914905377854031 0.924381552931789 0.93117905187581 0.936046263775178 0.94017202265753 0.94518674168952 0.949328545146124 0.949610725496889 0.948022984441529 0.946899986388504
0.413509457361528 0.36222991619709 0.329867373032174 0.345858762007761 0.359512930261536 0.365829065804119 0.350651997863035 0.356928000158439 0.373437561702823 0.392190118084337 0.416983879816018 0.4349186951124 0.458413570472984 0.470580819368008 0.468424861329543 0.46279695862837 0.479729733988876 0.508116014617183 0.517225493960388 0.529571108965267 0.526467936496421 0.564835390596665 0.60000303834855 0.601391823193329 0.604301239324488 0.602600392309035 0.608805411104645 0.554997231078589 0.521568679071643 0.590191541265992 0.7092342904702 0.792245096270663 0.811118052393714 0.833432626403997 0.856843396437884 0.87157763761944 0.885234196418808 0.900679764508139 0.916590328613754 0.924111534699844 0.927867500607915 0.934670059830928 0.940249837533963 0.944119284560743 0.946243484986223 0.947539631826969 0.94843855549145 0.947917974927823
0.373729661945335 0.402336431143797 0.370406768672803 0.356342194343526 0.372714953862743 0.383631755471091 0.364062504958719 0.356160163893712 0.370536870190615 0.389188988758754 0.411979717572961 0.431065903383199 0.452425585298424 0.470374325086653 0.44739374856405 0.380623437059492 0.403667249620258 0.489324127653433 0.491880126920086 0.47729598408298 0.525467397195007 0.596147001061099 0.621214680929397 0.619992850392884 0.619211648011923 0.606407432136451 0.528063285419507 0.593117883157918 0.616621308645075 0.636025803453158 0.767804001086259 0.790466216263303 0.8071691328129 0.829760696025671 0.852219086654759 0.868789493691713 0.887806580519852 0.906219531108659 0.918472377240222 0.921456362689564 0.928419481075151 0.936544771052857 0.941308779434642 0.944277793437863 0.945786663937897 0.947545346452383 0.948988974251894 0.949582213442153
0.378716793732199 0.408739184703335 0.382531057544108 0.346670779742861 0.369879103718586 0.391846507691531 0.393179071091783 0.379653957401546 0.401632738277605 0.410812014572426 0.425872451807359 0.455876032500034 0.469702110645639 0.483976389916046 0.482068385548197 0.466954518746801 0.465019747248007 0.43192636020272 0.429792806985724 0.501560335936654 0.584827401244975 0.613545391885836 0.608191197930424 0.622916714493028 0.639376894694144 0.603850420814001 0.570525168295446 0.611736359595378 0.609785081117526 0.664547036487414 0.769792219600753 0.792448222849103 0.810815116174463 0.83316645572901 0.857261061396354 0.877514793163986 0.890329609451484 0.901431495126281 0.913774833005613 0.924614133823811 0.933924567315337 0.939495986833416 0.942971098532804 0.946619071107488 0.949255301970022 0.950841830303348 0.950813806827274 0.949837731357401
0.394236006330104 0.411179146537926 0.426197356617131 0.42141417152289 0.373797364988403 0.380306349508301 0.408563784963924 0.412095510715692 0.420347813696101 0.418209374692491 0.433081429955013 0.457930959451036 0.477357649689732 0.494439371744988 0.51034505006399 0.516714580274559 0.462767957994973 0.481594464246724 0.564058445829752 0.601728035109263 0.619392317421181 0.637797319882123 0.618592898035847 0.617881178520219 0.625750924408822 0.536564938009565 0.556835857276532 0.60335866639139 0.669993467114386 0.780754214735273 0.790115521479908 0.796633440009613 0.81151135821607 0.830517103039571 0.856687051266264 0.879044201417033 0.890876337698111 0.902323918949642 0.916976794334852 0.920899697101951 0.922904544740168 0.934419671991625 0.939857892752163 0.945702514988105 0.949948219931809 0.951741181474157 0.952188082630735 0.949326442512957
0.402813074526382 0.429372210555286 0.411901196002393 0.426121138345966 0.407742763422066 0.410735586910406 0.428312483438901 0.423518689208014 0.47656821126848 0.521256686697919 0.538256397335026 0.5100517632733 0.496622236508301 0.515978362028914 0.530856070844517 0.535809002125088 0.551345210280711 0.580472629839752 0.601758012899982 0.613243903953331 0.637611590193873 0.638843925171604 0.620874106703987 0.635216054118986 0.62595298658375 0.538742602899983 0.492857842618322 0.615156235732181 0.754726059015787 0.783092098528125 0.784125041064328 0.803180830302137 0.817805420472704 0.825635207606507 0.847434069390537 0.87492569269303 0.887054570713904 0.899142451750322 0.917918747820004 0.928085502661669 0.933593694866202 0.939824660678575 0.944361759170657 0.947531151497348 0.951553218283455 0.953384777540048 0.95305408830791 0.950663438019636
0.431071417342377 0.434565592334175 0.419434450787255 0.416574590491742 0.440122546434031 0.411159812782328 0.411366481556063 0.423491398599932 0.505167651787022 0.518033568167722 0.524270519068696 0.556258531791241 0.530186578484616 0.524053694838501 0.542207532969054 0.558865971411234 0.581084888699327 0.594952600726571 0.615255207809572 0.642413934551333 0.652870774248532 0.609311787988619 0.596638929976088 0.620487012810325 0.57313351527581 0.510456864780479 0.600673926647483 0.74562359426622 0.792745488066035 0.799415598848739 0.795733303623098 0.802861561596208 0.809708450608116 0.810009432512722 0.837950024706485 0.875467020400526 0.897182038596427 0.910047291906087 0.920924457570537 0.930217284781018 0.937219297517893 0.941170738513584 0.944960931101804 0.947231164199303 0.947906196692237 0.9491425973424 0.949748199317715 0.9495966439619
0.453052257228508 0.454029623941986 0.455726562328149 0.45645956991402 0.43851707695296 0.465775508640105 0.45564929710271 0.432924037829119 0.514663108272663 0.553769607395092 0.513459180654239 0.551364509137833 0.56041553353406 0.54351134002524 0.560519286702637 0.583078219840527 0.606415284293508 0.643105796834226 0.670596198690066 0.662132480743212 0.608901207420738 0.569284108698762 0.594586550613821 0.551117916507774 0.569122284466441 0.575115469513897 0.624884185863655 0.762580955602933 0.802064044177806 0.810986310647539 0.821407990130362 0.827429355697033 0.817509708237946 0.816818491576855 0.8437535714364 0.87548288175778 0.894559740950359 0.910739442101406 0.922081141377335 0.931048828213332 0.937179565603185 0.940272416847811 0.943013098848439 0.947112195295273 0.948579492986001 0.949999171706488 0.952421998389457 0.950774589665085
0.474061488649669 0.47149980093146 0.474013573042384 0.47420083826357 0.474419302722128 0.499837816967724 0.514292556256534 0.548369138060759 0.592882039258408 0.611081070915132 0.562355853890508 0.530452086088563 0.584186595432189 0.593823949120465 0.576031903488614 0.593193298764139 0.611916889410733 0.620864195536858 0.613177422356917 0.58554938091249 0.581014533372098 0.623065905477107 0.642742957381251 0.555620831942802 0.523307181542493 0.59658413936907 0.716067795916636 0.79578730901441 0.796259049161145 0.804840741405468 0.816757523939618 0.83411874788762 0.837811442859052 0.847752378388382 0.870885618293406 0.878557071042467 0.89213400024466 0.909251536860713 0.922867761746666 0.931915427164596 0.93814680303406 0.941792716598671 0.945507868739286 0.948792731397806 0.948845489168609 0.950414664234839 0.951511043475441 0.950031801781369
