Niches/Distances-1/ascii/Bungarus ceylonicus.asc
NCOLS 278 
NROWS 480 
XLLCORNER 370976.070567719 
YLLCORNER 375501.488324056 
CELLSIZE 919 
NODATA_value -9999 
[rows 231 to 251 of 480, columns 0 to 47 of 278]
-9999 -9999 -9999 -9999 -9999 -9999 -9999 -9999 -9999 -9999 -9999 -9999 -9999 -9999 -9999 -9999 -9999 0.402710613711118 0.400263049688758 0.405664045391555 0.411783220948325 0.411164515420399 0.411167126178956 0.411628035689675 0.411338993742285 -9999 0.420777107177508 0.419227555598556 0.420113443502223 0.425379122261493 0.427043193215805 0.429305481880889 0.431398823492216 0.440973138873868 0.452222145244639 0.454644752185197 0.453923076569767 0.447058994071423 0.434985032246702 0.430804986545802 0.430344254035663 0.429845422150646 0.432110233073997 0.433374636718322 0.43318166183581 0.437092091402992 0.435430498456803 0.434660811434006
-9999 -9999 -9999 -9999 -9999 -9999 -9999 -9999 -9999 -9999 -9999 -9999 -9999 -9999 -9999 -9999 -9999 0.409754528798898 0.410068218077074 0.410238271384457 0.410409165444595 0.410363764795785 0.410318187146396 0.410284689786602 0.410251502177823 0.413183207037047 0.420375802612156 0.42140886649822 0.424297604466612 0.428522431314291 0.436351299724905 0.438749436335257 0.438123739284415 0.439836042896818 0.444242693590459 0.447075145374362 0.456582731537295 0.455043091990832 0.437558886183001 0.435521565255292 0.429459693636347 0.428837757847834 0.428909089081635 0.431001457189772 0.439227337901671 0.446667026286674 0.446581446506169 0.446528788833574
-9999 -9999 -9999 -9999 -9999 -9999 -9999 -9999 -9999 -9999 -9999 -9999 -9999 -9999 -9999 -9999 -9999 0.411715341225836 0.409682755063646 0.416665958952433 0.425293099979539 0.424891352912736 0.424268487871177 0.424271054379589 0.424325039556536 0.426230096800725 0.424327694565238 0.427471357619195 0.42842986001087 0.428518271800657 0.436613968585853 0.436003272334179 0.436005706092156 0.437680972333162 0.440392842471835 0.44313484695928 0.45561263560762 0.458732580583837 0.442296881962689 0.437672918806765 0.432870450565756 0.433855503044454 0.438697486664982 0.437232187362183 0.443606996006839 0.444293227256093 0.445342663695822 0.446386745868001
-9999 -9999 -9999 -9999 -9999 -9999 -9999 -9999 -9999 -9999 -9999 -9999 -9999 -9999 -9999 -9999 -9999 -9999 0.418171791388087 0.418682836313135 0.421508429324556 0.42397736616697 0.423336889567685 0.423307994222975 0.427514191759592 0.432657961369282 0.427908372051594 0.431395062229888 0.434437171200983 0.433127455408138 0.43599362580256 0.43552568051878 0.441192044341372 0.449473547485584 0.451584677655217 0.454372392542486 0.461502683913381 0.459184861316274 0.443254233850593 0.44000636170507 0.436546133113509 0.438648369003989 0.441045487861005 0.440855743239081 0.442544594274614 0.44375280023474 0.444242295339154 0.447358656053622
-9999 -9999 -9999 -9999 -9999 -9999 -9999 -9999 -9999 -9999 -9999 -9999 -9999 -9999 -9999 -9999 -9999 -9999 0.424718157845056 0.422316702473826 0.426500111185749 0.432028104804806 0.431559009017255 0.430942073495131 0.430944595753398 0.430715866753695 0.432325377279174 0.429916841884738 0.432077709217394 0.43444602122999 0.440628562994454 0.449988928924845 0.454164505361096 0.454833833054946 0.457833727387674 0.469079459247712 0.462720978906576 0.453061039494276 0.445958448714175 0.44095840357557 0.440932428740432 0.438170688688301 0.44155870104316 0.445649936702968 0.448986087887842 0.449306680188644 0.455628963911139 0.458974628877197
-9999 -9999 -9999 -9999 -9999 -9999 -9999 -9999 -9999 -9999 -9999 -9999 -9999 -9999 -9999 -9999 -9999 -9999 0.430636658994076 0.430931276459742 0.431028626778826 0.431131375615605 0.430644756770618 0.430008129933952 0.429978703587502 0.433640491589713 0.438426675777347 0.438440481822599 0.440637103272447 0.44348141409522 0.44348114859435 0.443499202653525 0.445231153330325 0.447453395614149 0.45414547779873 0.462884704443218 0.462350516692315 0.461145275491907 0.455928360392469 0.450015877263174 0.449536382691538 0.449317167473019 0.449975653881334 0.452155327525631 0.45583791309601 0.457010276438656 0.462079042052505 0.470949647377612
-9999 -9999 -9999 -9999 -9999 -9999 -9999 -9999 -9999 -9999 -9999 -9999 -9999 -9999 -9999 -9999 -9999 -9999 0.432059920659089 0.430055300588563 0.43415706778289 0.439470669449237 0.439475846716206 0.439005113673288 0.438403665701928 0.438414462737317 0.438453358614806 0.440688566191126 0.443513937951823 0.443024133096394 0.44239631203859 0.446483078433749 0.453443803248857 0.455643035457262 0.457838683403918 0.460689144996851 0.460223058219163 0.459615680728367 0.459531162951344 0.45894989304612 0.454299512553608 0.449123219087316 0.449139326140109 0.45621908384537 0.469628028295752 0.47472865401403 0.474293984839318 0.474583557788449
-9999 -9999 -9999 -9999 -9999 -9999 -9999 -9999 -9999 -9999 -9999 -9999 -9999 -9999 -9999 -9999 -9999 -9999 0.437336617704473 0.437324316164153 0.437322369157771 0.437336617704473 0.437412683703794 0.437016069653816 0.436856149629647 0.437432065267321 0.441482325292824 0.44842968656413 0.450688125466596 0.450694585987771 0.450200975619869 0.44958505785108 0.451807034634035 0.458117238066934 0.460786893567241 0.458536242690302 0.462481364371194 0.467486940777928 0.468396900760496 0.469085787018453 0.467918910693792 0.463277822731738 0.46430199233865 0.475567017261926 0.480761453287684 0.481474367374396 0.475501925298574 0.475236866929795
-9999 -9999 -9999 -9999 -9999 -9999 -9999 -9999 -9999 -9999 -9999 -9999 -9999 -9999 -9999 -9999 -9999 -9999 -9999 0.436866990915182 0.436839246074243 0.437437154034001 0.441367097915144 0.446579499499788 0.446195319740565 0.445591747762242 0.445625466372762 0.447423482516104 0.4536150955603 0.458645717549127 0.458646514051738 0.458159275704721 0.459768033977734 0.462587387718705 0.46259884850627 0.464754494321812 0.467542032208501 0.474044281270867 0.482168342399032 0.482153518600444 0.477840191462689 0.47020810344706 0.469662100907432 0.473092018149642 0.473816348773775 0.474762107123679 0.475730919799148 0.482008510875154
-9999 -9999 -9999 -9999 -9999 -9999 -9999 -9999 -9999 -9999 -9999 -9999 -9999 -9999 -9999 -9999 -9999 -9999 -9999 0.437020538918465 0.441462324227266 0.442172848806147 0.436460641833295 0.440449261406759 0.44556572867696 0.445093756629981 0.448532568151344 0.455821540542346 0.458160249207912 0.457565483008451 0.455313902878467 0.458617707207318 0.468536200217077 0.471329933124071 0.471311348063155 0.473044095242566 0.475222352882222 0.475296781626177 0.482679608574805 0.491291439051728 0.490610871821038 0.485816191605556 0.480938586618272 0.484266640026604 0.48690589567727 0.487363265176386 0.48584371519577 0.48848828086384
-9999 -9999 -9999 -9999 -9999 -9999 -9999 -9999 -9999 -9999 -9999 -9999 -9999 -9999 -9999 -9999 -9999 -9999 -9999 0.439783650725093 0.44061816421037 0.447878418257243 0.447491494989028 0.44349880440222 0.443404595843433 0.44345813851893 0.449343186558301 0.456563571224494 0.456539189394578 0.456519763580906 0.462654736439454 0.470296692237427 0.47030023224903 0.469834278221776 0.469247167297408 0.471482020872568 0.473783382415721 0.473201271757742 0.477977543912888 0.48609191425929 0.487223346217775 0.484582851563048 0.482191352474452 0.483883655021298 0.491533752845958 0.492320962926189 0.492844309391557 0.501123511528227
-9999 -9999 -9999 -9999 -9999 -9999 -9999 -9999 -9999 -9999 -9999 -9999 -9999 -9999 -9999 -9999 -9999 -9999 -9999 -9999 0.448594164353237 0.448683638146505 0.450363417902305 0.447981476845037 0.442468926526598 0.446538302614757 0.458160957210232 0.465832383604801 0.465240891916073 0.465254786461615 0.464775159139545 0.464168710901795 0.470229387766823 0.477657261363101 0.477160553485046 0.477053600884488 0.47765084509207 0.483465712401411 0.493350752301521 0.496733985640716 0.496733852890281 0.490433959741175 0.483172201189372 0.488558682844596 0.492495795249236 0.490343423944427 0.491391488629659 0.494811847840541
-9999 -9999 -9999 -9999 -9999 -9999 -9999 -9999 -9999 -9999 -9999 -9999 -9999 -9999 -9999 -9999 -9999 -9999 -9999 -9999 0.456487903476478 0.456476840940219 0.454300618807234 0.45163432631795 0.451566269594881 0.457654602800559 0.465188897995653 0.465224873363569 0.464772459880698 0.467986746166136 0.47261062082177 0.471647516415011 0.472752000035168 0.476042573570652 0.480752028006791 0.485294349645119 0.486949437819988 0.492428269527907 0.498948705399884 0.501866382963131 0.499011806106708 0.494128094599409 0.490707735388527 0.493476732464445 0.496803414118281 0.497192417143313 0.496812573898304 0.496647211106296
-9999 -9999 -9999 -9999 -9999 -9999 -9999 -9999 -9999 -9999 -9999 -9999 -9999 -9999 -9999 -9999 -9999 -9999 -9999 -9999 0.456487903476478 0.456008143403973 0.459821709403665 0.465164073664287 0.46292775983434 0.459201764871678 0.460361516922988 0.463160913848547 0.466941026738591 0.471054431721063 0.470478825834404 0.470957258402559 0.4775230506732 0.484264604519933 0.48369554765474 0.483726434255977 0.48600531672545 0.493258534999261 0.500962485250433 0.503699533721633 0.50142653652145 0.494695691209816 0.489844149557959 0.493040868535818 0.500837522840845 0.502145158876872 0.502300919387407 0.506743058697369
-9999 -9999 -9999 -9999 -9999 -9999 -9999 -9999 -9999 -9999 -9999 -9999 -9999 -9999 -9999 -9999 -9999 -9999 -9999 -9999 -9999 0.456558084206509 0.457719562013475 0.460834108471997 0.463034137183012 0.463126752736577 0.467006207202232 0.471077795797643 0.470498074647496 0.471006774314856 0.475269833287848 0.481517555515954 0.483704530434183 0.48726958761934 0.491516583789683 0.491500166985874 0.491506362006179 0.497238614294733 0.50298529213057 0.50550374488528 0.504008930735741 0.497051259180641 0.497973653453964 0.498596916746829 0.49878882962586 0.501957582512054 0.506190064634825 0.509960309742525
-9999 -9999 -9999 -9999 -9999 -9999 -9999 -9999 -9999 -9999 -9999 -9999 -9999 -9999 -9999 -9999 -9999 -9999 -9999 -9999 -9999 0.463087768358799 0.460729501129126 0.458062013885926 0.459993753967574 0.465946106477549 0.472845721842359 0.47379971071924 0.474805295265236 0.480944958639158 0.483724929751045 0.483724575749885 0.487294190699981 0.491547337640484 0.491560701184286 0.494974732624427 0.499025302400945 0.501362860562739 0.504625600756995 0.504752775673835 0.504165620499322 0.504030746057245 0.504508514873224 0.508229553819641 0.511982408620341 0.51296834610194 0.510845445393726 0.512934981492581
-9999 -9999 -9999 -9999 -9999 -9999 -9999 -9999 -9999 -9999 -9999 -9999 -9999 -9999 -9999 -9999 -9999 -9999 -9999 -9999 -9999 0.465158940647462 0.46045068096524 0.463277291729998 0.470466657044519 0.470466657044519 0.477042582598373 0.481962667724894 0.478683466476684 0.481012528610631 0.487335166334287 0.493890913822004 0.500558127425073 0.501896738562627 0.498007460564774 0.497536063769681 0.496999619261381 0.497509248181787 0.501393216162236 0.50573375713919 0.508570810938176 0.511266618274201 0.511731510297974 0.515536890020834 0.516153869793103 0.512815019349382 0.516418485660432 0.520168818202865
-9999 -9999 -9999 -9999 -9999 -9999 -9999 -9999 -9999 -9999 -9999 -9999 -9999 -9999 -9999 -9999 -9999 -9999 -9999 -9999 -9999 0.470466657044519 0.470466657044519 0.470466657044519 0.470466657044519 0.470516172956817 0.476684200673708 0.483786127701633 0.487354680648249 0.490575427454863 0.492278350036517 0.49904791422506 0.503114325553501 0.500291387550782 0.496985282214389 0.500775926638951 0.505195763875814 0.505184037587379 0.510677162092146 0.517588724996116 0.515036642131176 0.514997480752817 0.521484330764709 0.521102009511578 0.518845561865639 0.52261062970637 0.525306481292539 0.526323039874505
-9999 -9999 -9999 -9999 -9999 -9999 -9999 -9999 -9999 -9999 -9999 -9999 -9999 -9999 -9999 -9999 -9999 -9999 -9999 -9999 -9999 0.470466657044519 0.470466657044519 0.470466657044519 0.470516261457107 0.473796126457492 0.484031848757031 0.490566842926725 0.489444437997828 0.489967430462036 0.496362505673119 0.500270058980873 0.502690541914469 0.50693532557756 0.504669718151598 0.507579696189608 0.513013658250459 0.516128425959706 0.516651197173189 0.5195910440591 0.522216493664514 0.520858412463142 0.524416832126544 0.527977641297778 0.527995828107388 0.528588160548871 0.526021873387374 0.52705117601111
-9999 -9999 -9999 -9999 -9999 -9999 -9999 -9999 -9999 -9999 -9999 -9999 -9999 -9999 -9999 -9999 -9999 -9999 -9999 -9999 -9999 0.472729919212794 0.470640471614229 0.470600911984565 0.473328756425597 0.476469543220127 0.48249442171782 0.489900878243899 0.490520999776466 0.495894162138034 0.499681399301428 0.49935461198032 0.503065738894249 0.506583536924506 0.512501949573236 0.516191305415806 0.51974746832181 0.523826667942168 0.52613820701868 0.528833970104559 0.529330323981454 0.529836412890257 0.533095037821024 0.531601772426561 0.525980145500603 0.52700497885969 0.530175723002411 0.527994721853762
-9999 -9999 -9999 -9999 -9999 -9999 -9999 -9999 -9999 -9999 -9999 -9999 -9999 -9999 -9999 -9999 -9999 -9999 -9999 -9999 -9999 -9999 0.478109940346843 0.47703833458445 0.476460206439524 0.476460294939814 0.480675209755004 0.487306669240882 0.492969670052451 0.496997982006015 0.497024266592167 0.502775546443088 0.509313062871049 0.512051837097906 0.517540448087879 0.524275143162131 0.526070194545756 0.528609710369505 0.535177715147398 0.535669157258193 0.53330956252417 0.532286189419869 0.538787509229189 0.537974147313239 0.532386902749976 0.532664837910962 0.532430267892113 0.530582558835893
