Niches/Distances-1/ascii/Daboia russelii.asc
NCOLS 278 
NROWS 480 
XLLCORNER 370976.070567719 
YLLCORNER 375501.488324056 
CELLSIZE 919 
NODATA_value -9999 
[rows 231 to 251 of 480, columns 0 to 47 of 278]
-9999 -9999 -9999 -9999 -9999 -9999 -9999 -9999 -9999 -9999 -9999 -9999 -9999 -9999 -9999 -9999 -9999 0.952190729950034 0.953033887942149 0.952179000125849 0.950984031477078 0.950984031477078 0.951340408402523 0.951471710753597 0.95134648791155 -9999 0.949581523257048 0.95202040192966 0.954697217718667 0.953819082638591 0.954953680966282 0.956496650623038 0.957878756647928 0.96056105018961 0.962725912912781 0.963942717352707 0.963651692936963 0.963328111732703 0.9612527381435 0.959341710408583 0.959748418058323 0.959783169487652 0.961343864408719 0.961855631638035 0.961372761987653 0.963421870681963 0.961825964164945 0.960852171948294
-9999 -9999 -9999 -9999 -9999 -9999 -9999 -9999 -9999 -9999 -9999 -9999 -9999 -9999 -9999 -9999 -9999 0.950073414828031 0.950460109654388 0.950997464802701 0.9510124246426 0.951009216750282 0.951006035406038 0.95100287618519 0.951363806105387 0.952115059088768 0.950601991413092 0.951389230311259 0.953508094070933 0.952386995439052 0.952592689919144 0.954159667884475 0.954173477307818 0.955845851128332 0.959165298454503 0.960874888250582 0.962790243321619 0.964076440003227 0.960841136798721 0.958786740612936 0.960033725788723 0.960122281315409 0.959812230779711 0.96114309017174 0.961911395868215 0.96092417475062 0.961177863724465 0.960912644036992
-9999 -9999 -9999 -9999 -9999 -9999 -9999 -9999 -9999 -9999 -9999 -9999 -9999 -9999 -9999 -9999 -9999 0.949420792365553 0.950404261355306 0.951488958152569 0.952278745665875 0.952322691578288 0.952322691578288 0.952327474656351 0.952647409925066 0.952581221151023 0.954079979414623 0.952108156589436 0.952062830177156 0.953959614870183 0.954147827443313 0.954150154824498 0.954150154824498 0.955560928345011 0.95770548621598 0.95889772926245 0.961977381107021 0.963127664921975 0.959579032494589 0.957462960707401 0.958474504285783 0.960357784858321 0.96185711390552 0.962132129832428 0.960945059235778 0.960607920814882 0.960619115252901 0.960611575599784
-9999 -9999 -9999 -9999 -9999 -9999 -9999 -9999 -9999 -9999 -9999 -9999 -9999 -9999 -9999 -9999 -9999 -9999 0.948305268829285 0.948840239075586 0.9502971796974 0.952262100023255 0.952275294416209 0.952621503429176 0.952065100037514 0.950581629040062 0.954836444669936 0.95545876250554 0.952682670192487 0.952212853345329 0.954150154824498 0.954150154824498 0.9545134077012 0.95500225951767 0.956598705845533 0.958469734481757 0.95863597852336 0.959821973922999 0.96081485420511 0.959504958942463 0.957457730736753 0.959072552756748 0.961171695721856 0.960948311374886 0.960609642015036 0.960600248421393 0.960600248421393 0.961636481708924
-9999 -9999 -9999 -9999 -9999 -9999 -9999 -9999 -9999 -9999 -9999 -9999 -9999 -9999 -9999 -9999 -9999 -9999 0.951404008739316 0.951896785246111 0.950480582644393 0.949215726189887 0.949557771579859 0.950321028717528 0.950420260994783 0.950007018094072 0.950038636850628 0.95072993543276 0.952209070244734 0.954146203586098 0.954516832402792 0.954731362966965 0.953308293263348 0.953244706200591 0.956789254649207 0.958944391927806 0.958695543552852 0.958484136812094 0.957905862231843 0.956440722679733 0.956085350156435 0.95904795154118 0.961151691747831 0.96010441003669 0.960832429030333 0.961246747128054 0.959733617506871 0.961279472054374
-9999 -9999 -9999 -9999 -9999 -9999 -9999 -9999 -9999 -9999 -9999 -9999 -9999 -9999 -9999 -9999 -9999 -9999 0.949215726189887 0.949215726189887 0.949199753098484 0.949176240353965 0.949516905244071 0.949969576459876 0.949970895014235 0.948935652854813 0.947891879914166 0.948296755746776 0.949780740006998 0.951417605778064 0.951048463653535 0.951341218118791 0.953137624542686 0.954721358767613 0.954949358054841 0.955677908009971 0.955886120132448 0.956153136239618 0.957247160260338 0.958422027592144 0.958127405912325 0.958193183191215 0.958248027088151 0.959520073646128 0.960994062556356 0.960720471376104 0.960009651109963 0.960432805291766
-9999 -9999 -9999 -9999 -9999 -9999 -9999 -9999 -9999 -9999 -9999 -9999 -9999 -9999 -9999 -9999 -9999 -9999 0.948516281773606 0.949155408964955 0.948465990871422 0.947249513857746 0.947157268148725 0.947575630403107 0.947252434145925 0.94716331226032 0.947883508421387 0.949763501457384 0.951691639426222 0.951411212116824 0.951047087578347 0.949950975109112 0.950262109691179 0.952221999156944 0.953538973906086 0.955411679495673 0.9553494906315 0.955648174166695 0.955668213538153 0.95569460674874 0.956779294696645 0.958392386667128 0.958454141912754 0.958228394787166 0.957556728506018 0.958801824343847 0.961595526879555 0.961418960061707
-9999 -9999 -9999 -9999 -9999 -9999 -9999 -9999 -9999 -9999 -9999 -9999 -9999 -9999 -9999 -9999 -9999 -9999 0.946833894904381 0.946833894904381 0.946833894904381 0.946833894904381 0.946813665271724 0.946798771802012 0.946809373333037 0.947137144708365 0.946750286168884 0.947229080689852 0.949146232180587 0.949144391514098 0.949150692257078 0.94888206999141 0.950257932794147 0.951299559765451 0.95238380524545 0.955638656682039 0.954493173643864 0.953044082402701 0.953239131104977 0.953295926285378 0.95308301515374 0.954260608087847 0.95589847383638 0.95755074633993 0.959005934788837 0.958632536123052 0.958758564256688 0.958766320719079
-9999 -9999 -9999 -9999 -9999 -9999 -9999 -9999 -9999 -9999 -9999 -9999 -9999 -9999 -9999 -9999 -9999 -9999 -9999 0.946833894904381 0.946807975134454 0.946804435391207 0.9457566182939 0.944682279670313 0.945054138547785 0.94474327829582 0.944650483926596 0.946845576057097 0.94796859499969 0.946239580862542 0.945915313833028 0.945920765037629 0.947410359790897 0.949286742288783 0.949534780947469 0.951051423763825 0.952752022612057 0.953155876343804 0.953347933963037 0.95350335966434 0.954720111008118 0.954709182050843 0.954399640353237 0.956117729957788 0.956162848410153 0.955963675906993 0.955727716622138 0.956158746732665
-9999 -9999 -9999 -9999 -9999 -9999 -9999 -9999 -9999 -9999 -9999 -9999 -9999 -9999 -9999 -9999 -9999 -9999 -9999 0.946600050616116 0.945710893660505 0.945452855227145 0.946817089973315 0.945699557632756 0.94434827834687 0.94434827834687 0.943217073748017 0.943622480542114 0.945914853666406 0.945915243038163 0.944374021129635 0.942777242950842 0.944920088471015 0.947074668240053 0.947081145970195 0.948309189094932 0.949846145612847 0.950057087762303 0.950564368367053 0.950884179744755 0.950914320658505 0.952012543699651 0.953196640911974 0.954479470412818 0.956148892972401 0.956237709555151 0.955009936335837 0.955827285175001
-9999 -9999 -9999 -9999 -9999 -9999 -9999 -9999 -9999 -9999 -9999 -9999 -9999 -9999 -9999 -9999 -9999 -9999 -9999 0.946346613848978 0.944986715288285 0.945527039396247 0.945925605636519 0.943904730819284 0.94434827834687 0.944333685755333 0.945020661426025 0.945892225857698 0.945615603772291 0.94555425117246 0.946200413603512 0.946561122289756 0.946780993441553 0.947062721606594 0.947062721606594 0.948288729378963 0.949811987090512 0.949814703843454 0.948774532591561 0.948838566546902 0.952897289250241 0.951961071408159 0.949912728183326 0.954506350338101 0.954887129368556 0.95479264919661 0.955171622958009 0.955044280694693
-9999 -9999 -9999 -9999 -9999 -9999 -9999 -9999 -9999 -9999 -9999 -9999 -9999 -9999 -9999 -9999 -9999 -9999 -9999 -9999 0.947107764839414 0.94708615470689 0.944702226123511 0.942900408317127 0.944308721716083 0.943173012793948 0.942408153922461 0.942927761683069 0.942598654054665 0.94259364531797 0.942860612753671 0.942929204128442 0.943123394442981 0.943764264957879 0.943976534511053 0.94424624524777 0.94427130662996 0.944400958575745 0.945762441171541 0.947271699198548 0.947353608857287 0.947239283999762 0.947071995733901 0.950024415932132 0.952068768096453 0.950276622638492 0.950298082331928 0.951609353669763
-9999 -9999 -9999 -9999 -9999 -9999 -9999 -9999 -9999 -9999 -9999 -9999 -9999 -9999 -9999 -9999 -9999 -9999 -9999 -9999 0.94479043652523 0.944905964895459 0.943692505512901 0.94177392927551 0.941747089172338 0.942096550324414 0.942843206066253 0.942923531689889 0.942590379904825 0.941334939167355 0.939810734574487 0.939811460221853 0.941356469655656 0.943236046771822 0.942352659597704 0.941089643809685 0.942489904292754 0.945854306358163 0.948746604017341 0.95035045283327 0.949036597482864 0.945856412505395 0.944163406406429 0.945621090374324 0.947370281047981 0.947473668098873 0.950234490844493 0.953426591482668
-9999 -9999 -9999 -9999 -9999 -9999 -9999 -9999 -9999 -9999 -9999 -9999 -9999 -9999 -9999 -9999 -9999 -9999 -9999 -9999 0.945282053766112 0.944969874959787 0.943649462235016 0.942550991411842 0.941012353515884 0.939109192860333 0.940674060253753 0.942573061710988 0.941325797780419 0.939535271754994 0.939472857232188 0.939533537280803 0.939723674589324 0.940363881402363 0.940579221682804 0.940831941651934 0.942479134623924 0.943132261499816 0.94278613655575 0.944342207687201 0.942929584650841 0.942682289338237 0.944301235159115 0.945519154618164 0.946055284130379 0.945806873798651 0.946019205297332 0.947170214759652
-9999 -9999 -9999 -9999 -9999 -9999 -9999 -9999 -9999 -9999 -9999 -9999 -9999 -9999 -9999 -9999 -9999 -9999 -9999 -9999 -9999 0.944947034766484 0.941734275301783 0.939970881408347 0.94191629774891 0.942226582792598 0.941329974677451 0.939829265130386 0.939801840969579 0.93980343385404 0.938239407149642 0.938169063601963 0.940351793179174 0.939199854534251 0.937823000603405 0.93783077918919 0.938026819019576 0.938150373757618 0.940842897157284 0.942970424438555 0.94143468913206 0.941298532908058 0.941155075963609 0.941190207915337 0.941211322483806 0.942605733541159 0.944290279653765 0.945859908001852
-9999 -9999 -9999 -9999 -9999 -9999 -9999 -9999 -9999 -9999 -9999 -9999 -9999 -9999 -9999 -9999 -9999 -9999 -9999 -9999 -9999 0.942217043184547 0.940645813102641 0.938372457248944 0.939989491608469 0.940948531945138 0.941358646597753 0.94163672882725 0.938477260197135 0.938246805213029 0.939817760964833 0.940062613854597 0.939191217560728 0.937811806165385 0.937807469979908 0.936391015171483 0.934712114949357 0.936339697743758 0.938170187470444 0.938045367274191 0.938028465000186 0.938032544554278 0.938034995826477 0.939449866599798 0.941133996792572 0.941172854324068 0.942598432820712 0.944264404130628
-9999 -9999 -9999 -9999 -9999 -9999 -9999 -9999 -9999 -9999 -9999 -9999 -9999 -9999 -9999 -9999 -9999 -9999 -9999 -9999 -9999 0.940482560144082 0.93989723705009 0.938459667673196 0.938844818286561 0.939480529625677 0.939816061888075 0.938504020656083 0.936935250695734 0.938245132684344 0.938694989804267 0.938687158122333 0.93919732361783 0.936463925033017 0.934696292297042 0.934692849896734 0.934681089099795 0.934699274530728 0.933265926297656 0.931549212768292 0.933045807363832 0.934809298600207 0.934672018507725 0.936104826929951 0.93943607929985 0.941135262250783 0.942528425548641 0.944182742253916
-9999 -9999 -9999 -9999 -9999 -9999 -9999 -9999 -9999 -9999 -9999 -9999 -9999 -9999 -9999 -9999 -9999 -9999 -9999 -9999 -9999 0.938531834188648 0.938833668095333 0.939191500740188 0.939198553678608 0.939457671733658 0.939774531850427 0.940035313584803 0.938734714572859 0.936875765310465 0.938809881020712 0.939285401279177 0.937198935019573 0.935644554115523 0.93422042691361 0.933203095855019 0.931478771877673 0.931485364649471 0.931460745735187 0.931424242132951 0.932952508581195 0.933120991510402 0.932773521463902 0.936130525465925 0.937960670067645 0.939375204565357 0.941024671822384 0.941156412216685
-9999 -9999 -9999 -9999 -9999 -9999 -9999 -9999 -9999 -9999 -9999 -9999 -9999 -9999 -9999 -9999 -9999 -9999 -9999 -9999 -9999 0.938531834188648 0.93853878093477 0.938849039430384 0.93917498783794 0.937849168155359 0.936590833677785 0.937103238060886 0.937365683474588 0.937138016038289 0.937018319620386 0.935633625158247 0.934103040178176 0.932692673728137 0.931043480801212 0.932830316644303 0.933025321099789 0.931424127091296 0.931294935312132 0.932724788048747 0.93447498754923 0.932884032248079 0.934191799240099 0.936333618234731 0.936069712676939 0.93920305800189 0.94098096484264 0.940983398416122
-9999 -9999 -9999 -9999 -9999 -9999 -9999 -9999 -9999 -9999 -9999 -9999 -9999 -9999 -9999 -9999 -9999 -9999 -9999 -9999 -9999 0.937749586328459 0.938772483633306 0.939127440236773 0.937832044647401 0.936345202044507 0.936569896096478 0.937080574854746 0.937122140289826 0.937002948285336 0.93561640430735 0.935389931534397 0.934159357493239 0.932243427213924 0.93269303655182 0.931281510835868 0.929743536641768 0.927899746329831 0.929501019982548 0.93121383979434 0.931244697506097 0.931222175889687 0.932649435764373 0.934467925761452 0.934643824452761 0.934727415489543 0.936164206122922 0.937884300107087
-9999 -9999 -9999 -9999 -9999 -9999 -9999 -9999 -9999 -9999 -9999 -9999 -9999 -9999 -9999 -9999 -9999 -9999 -9999 -9999 -9999 -9999 0.935716110025264 0.935716110025264 0.936005961901058 0.936339786237339 0.934981356670094 0.935043647301885 0.93544483295216 0.933834559502238 0.933595467544609 0.933655979455419 0.934050590032612 0.932691912683339 0.932649984424577 0.932878625290269 0.929587301224197 0.927714608908647 0.927615796975902 0.92755651512587 0.929161434714131 0.932493456978187 0.932633586563984 0.931032684584309 0.931271457965046 0.934215542067929 0.93763217304495 0.93629708808442
