Niches/Distances-1/ascii/Daboia russelii.asc
NCOLS 278 
NROWS 480 
XLLCORNER 370976.070567719 
YLLCORNER 375501.488324056 
CELLSIZE 919 
NODATA_value -9999 
[rows 441 to 461 of 480, columns 48 to 95 of 278]
-9999 -9999 -9999 -9999 -9999 -9999 0.849490327303134 0.849708835653781 0.853530749533885 0.852651070240818 0.850087517386362 0.851287862020189 0.851952094840518 0.852885843711685 0.849182068762455 0.848666929927696 0.849067292587666 0.848877119881712 0.846316221834692 0.846123323526438 0.842693347717375 0.84120660245742 0.841246937831722 0.841174957152791 0.838423514726775 0.851136396406643 0.846314186482324 0.842691737134198 0.842050459548826 0.840519113523957 0.841914851985028 0.840371612422848 0.839126012171606 0.83915829463002 0.839208930657171 0.841097525269259 0.83734658324126 0.835407706576346 0.835796246493871 0.842671826078432 0.846341088531003 0.839677362579783 0.846517084565252 0.856815560472382 0.858929282754989 0.860701437512962 0.861940613130211 0.847841426405027
-9999 -9999 -9999 -9999 -9999 -9999 -9999 0.856021826145356 0.855980446546796 0.852031668268714 0.849804090144562 0.851268464227194 0.85175606385949 0.851818044763748 0.846153181260728 0.844970446849555 0.845440471656629 0.845382738444268 0.844348301576435 0.842814831705617 0.840451876100978 0.8432735293343 0.844825565158449 0.842202562316157 0.839276840631368 0.841845526113532 0.839989744921345 0.840230394366003 0.848677814638181 0.841605000559888 0.837455465743543 0.839509578749868 0.83961987714945 0.841702024922292 0.845226511876054 0.844163403087919 0.843622052454415 0.84506017934087 0.848387166320157 0.851542351860943 0.856158902702602 0.858252625435863 0.843544868352911 0.841316971651867 0.849716640787641 0.854600159065 0.862622172993735 0.8598872788674
-9999 -9999 -9999 -9999 -9999 -9999 -9999 -9999 0.854757659940782 0.851003744528456 0.850300663025989 0.850631735211896 0.84694185375491 0.848291239278159 0.847328429114932 0.845690766901635 0.848021935611916 0.846402910146814 0.845278634595369 0.84316854054959 0.841514436228909 0.839293742905373 0.838513459602686 0.83765192149376 0.839947993649745 0.839377422435736 0.838507034968692 0.838434664918004 0.83930222059045 0.839775678948473 0.83776227298949 0.842696639678595 0.847910097424022 0.847318146160799 0.841745510668084 0.843984787643668 0.848686133034812 0.847731835954095 0.848652735557275 0.853954421403137 0.858192732980121 0.854952115736065 0.854295440267568 0.843177266016694 0.847898557861036 0.851643429229366 0.853042105677331 0.857433033284416
-9999 -9999 -9999 -9999 -9999 -9999 -9999 -9999 -9999 0.854757659940782 0.847998272428308 0.848453607300906 0.848464244229364 0.846166384503039 0.846246064123533 0.845808693447914 0.845396012481444 0.84540962279423 0.843330147527539 0.84162615052579 0.842008018027293 0.841516914049182 0.841974443562594 0.841501392275044 0.841144887033906 0.843757447633619 0.842402062245566 0.839372909263095 0.842871626886018 0.847649430731301 0.838253306172736 0.845837542355379 0.847687606862221 0.840542882899862 0.8459544246774 0.8447200985084 0.844892590196834 0.847574211187299 0.844250763951259 0.849127485921584 0.853160934858138 0.852251663311525 0.853608146019984 0.855139775224313 0.84487234286546 0.850604992451663 0.850265831952437 0.847353915266312
-9999 -9999 -9999 -9999 -9999 -9999 -9999 -9999 -9999 -9999 0.849231855251226 0.849430841917865 0.848502084084676 0.848163029777747 0.846073041473612 0.84879287399243 0.846740017594958 0.847108628758 0.846896757425942 0.845634184105829 0.842292985057405 0.841919612939695 0.841433199121387 0.841071295771798 0.84112281673476 0.841955240455478 0.844052025066648 0.843165921139587 0.842323002080141 0.84150070202511 0.840900945628028 0.836426851753352 0.836019887472226 0.839420147136729 0.846239462502377 0.846261869077132 0.845355553216129 0.846189499026443 0.843049304298309 0.844553128819431 0.851213067245376 0.849257005126997 0.847570813033782 0.850433474192622 0.847269704774462 0.837949277625238 0.84089059187903 0.85140610714336
-9999 -9999 -9999 -9999 -9999 -9999 -9999 -9999 -9999 -9999 0.847242979712946 0.848999683491645 0.849430965808879 0.849445213275449 0.845465656929832 0.8429456252186 0.846316257232124 0.844249418848825 0.844581924630747 0.843374889882183 0.83978265224267 0.839515383928794 0.838995926607273 0.83842551468171 0.840242128614867 0.841239097300429 0.839410111964623 0.842042335838074 0.841249397953278 0.840013832874142 0.843321793733475 0.844611003621522 0.841988195465109 0.840723091228575 0.846247090649075 0.848496969155684 0.848331928626785 0.844309647580176 0.84369058188368 0.842358664993356 0.84876358261706 0.849962511353588 0.848231966277486 0.852336900328916 0.848949808509293 0.842217535430092 0.838048655916901 0.836661483634489
-9999 -9999 -9999 -9999 -9999 -9999 -9999 -9999 -9999 -9999 0.842675755193437 0.846668426287784 0.848999170228874 0.849377197108955 0.844631888106681 0.839942666336158 0.841636557370936 0.84634669902405 0.84413189937302 0.840799779766024 0.840037372166736 0.840124272863453 0.840072628009477 0.837201790043735 0.838009718741183 0.844925456712884 0.845221326152197 0.840283455117278 0.846061360320896 0.845585211758005 0.842952102948742 0.843478976032365 0.843522674162751 0.841576222447288 0.846136190493141 0.851872592207187 0.860366931776106 0.860906264755959 0.844564402901674 0.839519684716839 0.845582309168542 0.845960105965311 0.853990632976556 0.854169566997699 0.854743040801171 0.851861636701837 0.850152772553123 0.849559281501588
-9999 -9999 -9999 -9999 -9999 -9999 -9999 -9999 -9999 -9999 -9999 0.847350198535902 0.84676553914377 0.847861248967211 0.848111809692961 0.845209379518738 0.84323779562622 0.842752089756562 0.842733576899379 0.840873211739687 0.840123334831493 0.842901042152402 0.841225557782509 0.840091441744836 0.847191600339714 0.849480964682245 0.854755801575577 0.847230112746243 0.839920666831877 0.838602236363324 0.843723997059934 0.848500792078391 0.845780711777545 0.841004960983346 0.839611948124576 0.844146695499793 0.844476988942185 0.846411830299797 0.850226186828069 0.849296048495014 0.842971660030183 0.845180583707422 0.858241138969026 0.857427989150289 0.848535764741673 0.856473532781125 0.856281147735642 0.851487963705951
-9999 -9999 -9999 -9999 -9999 -9999 -9999 -9999 -9999 -9999 -9999 0.850642301345488 0.847858895037951 0.850654194882799 0.848124127999461 0.84672307992352 0.84761440497187 0.844396265097434 0.843693626062873 0.843089887454638 0.842744355417567 0.843669449616495 0.841334227900197 0.842059645182553 0.843764633312411 0.845903063002883 0.844837069324002 0.845687793517308 0.843763624485585 0.839900614186382 0.839489225226197 0.839022386188046 0.844546350211113 0.843290290018576 0.844029423806014 0.844108448574007 0.846362716362243 0.842470627072264 0.842629030582574 0.84390790442034 0.841327643977757 0.842323780823656 0.84202594682684 0.852022040167082 0.847029002233655 0.850962258737599 0.874357306793872 0.873345878257146
-9999 -9999 -9999 -9999 -9999 -9999 -9999 -9999 -9999 -9999 -9999 -9999 0.850642301345488 0.851641216889836 0.848149684945705 0.846806706357734 0.847866806364109 0.850859747773161 0.844347115762447 0.843303369369874 0.844015211736877 0.84391392198386 0.84472103654036 0.847062753685517 0.847767463469877 0.847798400825857 0.844285311845351 0.848055262294587 0.845058055494922 0.842618269763103 0.840837814307215 0.840009673675827 0.842507440402034 0.842926103534592 0.843040738119651 0.845690678408054 0.842125785285126 0.839522817389613 0.837020785272792 0.839618266566272 0.8378638813194 0.838099433533782 0.839269088593656 0.842733187527622 0.847507823302698 0.844117705002599 0.849136087497674 0.862353701167154
-9999 -9999 -9999 -9999 -9999 -9999 -9999 -9999 -9999 -9999 -9999 -9999 -9999 -9999 0.847773073962924 0.848704168026656 0.850964807352737 0.849292968918388 0.846208312761802 0.844269506891753 0.843070047193737 0.839988134338168 0.838852991774953 0.84420966753216 0.841775846267712 0.842693064537915 0.843114134695881 0.848919596800678 0.846359601388186 0.846610091319071 0.845107841983693 0.845513142585493 0.843003924789881 0.842201288008588 0.842603526732478 0.843110984324391 0.843281210577147 0.839035554032925 0.838557069239491 0.83947143801638 0.838676040010028 0.837326088127859 0.846699965400116 0.855819335132902 0.853756691345351 0.844310249336528 0.847032099508997 0.849288986707235
-9999 -9999 -9999 -9999 -9999 -9999 -9999 -9999 -9999 -9999 -9999 -9999 -9999 -9999 0.847217953728189 0.84493887233979 0.843994964405503 0.852194124785042 0.849910335538125 0.845963822695721 0.845229910029572 0.845231556010182 0.845233184292075 0.842384859093385 0.838473814478318 0.840006257823593 0.84306843661056 0.849097875969321 0.847256820109042 0.84536222563215 0.844454086803376 0.845549885120398 0.847931495171951 0.847993334486478 0.846824051099645 0.846385972475377 0.841151099283305 0.835943747594979 0.83714163210725 0.835981144982386 0.834564964504063 0.834414224537883 0.847124256724436 0.853965005235446 0.842054247074101 0.837508685783264 0.83419019418777 0.831314843049388
-9999 -9999 -9999 -9999 -9999 -9999 -9999 -9999 -9999 -9999 -9999 -9999 -9999 -9999 0.845081311608056 0.848082500618874 0.849162901052772 0.849231749058929 0.849188210216989 0.84538850822576 0.843919727162785 0.843822932883692 0.843820348871121 0.84202580523711 0.84135532476995 0.838563069104295 0.842825468634075 0.842590942945235 0.845657918084302 0.848514490884757 0.849948033803707 0.846071607877597 0.844773938003189 0.848470686562074 0.849948529367762 0.848317840448662 0.846019803735175 0.848746060887986 0.850459402811908 0.850399457260017 0.848815050483874 0.839284521874214 0.834363092946678 0.835137553371723 0.834851984585259 0.834909505413025 0.835210383589034 0.838198351658824
-9999 -9999 -9999 -9999 -9999 -9999 -9999 -9999 -9999 -9999 -9999 -9999 -9999 -9999 -9999 -9999 0.849162901052772 0.850895198301782 0.849816390752345 0.848014732234407 0.847573503238649 0.844884041716892 0.84503911786855 0.844510315624857 0.846639382694441 0.843950841505928 0.843309617016705 0.844748044781336 0.842587208516109 0.841302653390432 0.846599047320139 0.849230067680886 0.849222722713649 0.851603323938375 0.845185734033847 0.84383243709431 0.850874897874259 0.853921537188371 0.845794322090331 0.841974425863877 0.839793643145453 0.838379144045172 0.835827006862688 0.834356349735792 0.837626824714138 0.839248151012349 0.839054544755446 0.839192293863909
-9999 -9999 -9999 -9999 -9999 -9999 -9999 -9999 -9999 -9999 -9999 -9999 -9999 -9999 -9999 -9999 -9999 0.849162901052772 0.849030939424518 0.846942455511262 0.846154667952891 0.844899952862788 0.850496640910868 0.853135271719596 0.847696367726758 0.845278705390234 0.843178664215276 0.842280489763743 0.844259701802958 0.841555214071117 0.845241573483571 0.85287595012931 0.852719086407312 0.849844974179066 0.849052425666028 0.84726294386486 0.847927530659514 0.851144856393004 0.853415141519433 0.851821549109563 0.847647448475082 0.843637981299028 0.838975767769481 0.835330451679977 0.839198134440267 0.844697054779861 0.846170915374396 0.85900512175406
-9999 -9999 -9999 -9999 -9999 -9999 -9999 -9999 -9999 -9999 -9999 -9999 -9999 -9999 -9999 -9999 -9999 -9999 0.844401769398183 0.847848028026183 0.849187254486312 0.845803206845881 0.847334800652777 0.853309214702762 0.850536445323682 0.845290882107004 0.843901285100467 0.84391486001582 0.841712060094398 0.841730431361851 0.844247259605445 0.847901956014553 0.848250638423114 0.846106385855 0.845463285301857 0.846286134017091 0.845725739564917 0.851626774737388 0.853722320438421 0.855776645829341 0.855173208099282 0.85402972944072 0.84563620175948 0.835939729986394 0.835586304321882 0.845368349387968 0.842826742941644 0.847342534991772
-9999 -9999 -9999 -9999 -9999 -9999 -9999 -9999 -9999 -9999 -9999 -9999 -9999 -9999 -9999 -9999 -9999 -9999 -9999 -9999 0.850091959764137 0.847343968587787 0.847893336739746 0.848510791853064 0.849529335273717 0.84828916852836 0.847581095987915 0.848216727682807 0.845333571410565 0.841808748181194 0.841909471575292 0.845047365470316 0.848244904039054 0.846635825252477 0.853384292657034 0.85111106954371 0.851774399729511 0.860896548160746 0.861922949811407 0.856993892737174 0.856461869327126 0.857218896516679 0.845992423821158 0.838813116567274 0.839030704584677 0.836299084720845 0.836019533497901 0.843835976837557
-9999 -9999 -9999 -9999 -9999 -9999 -9999 -9999 -9999 -9999 -9999 -9999 -9999 -9999 -9999 -9999 -9999 -9999 -9999 -9999 -9999 0.852150320462359 0.850577010781295 0.849005612561584 0.846796317211304 0.846005520871172 0.846027290292142 0.84769781902149 0.848423714169184 0.848504597302382 0.848508880391711 0.847036966655962 0.84651126168761 0.848974392026144 0.844322018982824 0.851235226038104 0.857221763708709 0.860755312405184 0.862183404119533 0.854255281880429 0.85159286399708 0.853284135621856 0.848707389193011 0.842839963882672 0.836036223387312 0.837965259565999 0.836755640804864 0.840625801385427
-9999 -9999 -9999 -9999 -9999 -9999 -9999 -9999 -9999 -9999 -9999 -9999 -9999 -9999 -9999 -9999 -9999 -9999 -9999 -9999 -9999 -9999 0.846042635079119 0.850391368946698 0.847785586955303 0.844870926968161 0.845515018649414 0.846027378785724 0.846042635079119 0.848753635938535 0.848962056020928 0.848495181585344 0.854659343572092 0.849951626643103 0.847267864107974 0.843514656644297 0.839401439593668 0.844589269597985 0.845237644368567 0.847086735446017 0.851070061618191 0.845244192893574 0.844454263790538 0.8396629912222 0.836717181494483 0.838058053935223 0.833479502237322 0.83206647213049
-9999 -9999 -9999 -9999 -9999 -9999 -9999 -9999 -9999 -9999 -9999 -9999 -9999 -9999 -9999 -9999 -9999 -9999 -9999 -9999 -9999 -9999 -9999 -9999 0.844401769398183 0.844401769398183 0.844401769398183 0.84554682324249 0.846042635079119 0.846042635079119 0.847797108819572 0.848556684624263 0.848714220897478 0.846102509836145 0.845712695611051 0.845500204823925 0.842590482778613 0.846367176438734 0.846499828316922 0.846873058844902 0.845968512855523 0.847414462574555 0.84228675510929 0.841936267431673 0.838780143858927 0.837559020932239 0.840156661514165 0.838648854781889
-9999 -9999 -9999 -9999 -9999 -9999 -9999 -9999 -9999 -9999 -9999 -9999 -9999 -9999 -9999 -9999 -9999 -9999 -9999 -9999 -9999 -9999 -9999 -9999 -9999 0.844401769398183 -9999 0.846042635079119 0.846137022332804 0.846159411208843 0.850153374309475 0.850682796008236 0.856584432937059 0.85154259964297 0.843066967617112 0.840696330769626 0.840633040160367 0.841774554261427 0.841596912246568 0.845360526555392 0.843513081458552 0.843771677401473 0.84418389820132 0.846042617380403 0.843465896681067 0.838776055455476 0.836384056257493 0.834118832963908
