Niches/Distances-1/ascii/Daboia russelii.asc
NCOLS 278 
NROWS 480 
XLLCORNER 370976.070567719 
YLLCORNER 375501.488324056 
CELLSIZE 919 
NODATA_value -9999 
[rows 189 to 209 of 480, columns 0 to 47 of 278]
-9999 -9999 -9999 -9999 -9999 -9999 -9999 -9999 -9999 -9999 -9999 -9999 -9999 -9999 -9999 -9999 -9999 0.955691354609631 0.957145078489769 -9999 -9999 -9999 -9999 0.958883875592317 -9999 -9999 -9999 -9999 0.956078244121866 0.959464712061743 0.958919795136917 0.958964125996409 0.958964125996409 0.959132600076257 0.9606983922276 0.963129713548379 0.963047582655687 0.963093643564691 0.96285296314728 0.962126214036527 0.962080184100276 0.961629070371501 0.960734347169633 0.962076321355458 0.965220144320421 0.966712805376277 0.967147450449595 0.969124547492221
-9999 -9999 -9999 -9999 -9999 -9999 -9999 -9999 -9999 -9999 -9999 -9999 -9999 -9999 -9999 -9999 0.955758870787392 0.955380976647683 -9999 -9999 -9999 -9999 -9999 -9999 -9999 -9999 -9999 -9999 0.966487314882075 0.95953666176792 0.959146329855377 0.960232416001865 0.960954275842258 0.960235362838118 0.960987248550605 0.960830092799789 0.963207114459158 0.962850848150689 0.962142390663166 0.962117444322632 0.962117444322632 0.962436375189201 0.963044764135127 0.963099019549748 0.96369538664267 0.965319500488689 0.968612399740506 0.969998364085535
-9999 -9999 -9999 -9999 -9999 -9999 -9999 -9999 -9999 -9999 -9999 -9999 -9999 -9999 -9999 -9999 0.955710230290497 0.957441655877732 -9999 -9999 -9999 -9999 -9999 -9999 -9999 -9999 -9999 0.972269109378586 0.968093995492602 0.959334648620805 0.959518206431565 0.95829147301183 0.957079885268515 0.959043292354131 0.958581006310732 0.959558940026982 0.960487622640627 0.96214054114732 0.962117444322632 0.962117444322632 0.962836525464576 0.963844653190724 0.963598716254591 0.964875647658249 0.965704938706193 0.966495748320361 0.966849262478455 0.965506735207748
-9999 -9999 -9999 -9999 -9999 -9999 -9999 -9999 -9999 -9999 -9999 -9999 -9999 -9999 -9999 0.955357220545816 0.95627791218908 0.958653575471977 -9999 -9999 -9999 -9999 -9999 -9999 -9999 -9999 0.961627198732259 0.969417527616109 0.964070683495771 0.95640801545213 0.955782679985408 0.957023581227489 0.959472167645957 0.960242663558566 0.96092144914832 0.960382629431237 0.9620669100631 0.962117444322632 0.962117444322632 0.962117444322632 0.962146129516971 0.9625325765613 0.963621454680274 0.964958968789608 0.966507097622148 0.966701911816434 0.965738814049068 0.968159812593603
-9999 -9999 -9999 -9999 -9999 -9999 -9999 -9999 -9999 -9999 -9999 -9999 -9999 -9999 -9999 0.956742707025507 0.956953131487513 0.958644119932828 0.95745901389368 0.956231776060533 0.956932839909349 0.957354387932652 -9999 -9999 -9999 0.964266302981646 0.967706212195196 0.967435961647634 0.964663510845447 0.960133449205354 0.95946425189512 0.959478862185373 0.959524374434173 0.959175369024041 0.959718219623746 0.963261768094894 0.965585184767463 0.964847042108133 0.962992269742771 0.962117444322632 0.961718568354826 0.961435729595341 0.963509846575692 0.965769875296062 0.966545353397291 0.967851315120256 0.967798533123761 0.967930592094955
-9999 -9999 -9999 -9999 -9999 -9999 -9999 -9999 -9999 -9999 -9999 -9999 -9999 -9999 -9999 0.958171024398488 0.95815766186773 0.958147370064239 0.95745342109935 0.956241815657318 0.957109712030051 -9999 -9999 -9999 -9999 0.967745525468635 0.966228205676383 0.964434179729822 0.963954832123971 0.958815996590873 0.961588540311321 0.964846878395008 0.963322461417545 0.963948951725502 0.964808591647111 0.963516417224094 0.964794764525052 0.965381322104501 0.962727961539185 0.962623211687144 0.961839875355906 0.963040458922402 0.963512142984123 0.965807007202725 0.965840842723489 0.965033701618914 0.964285660952529 0.967671876685699
-9999 -9999 -9999 -9999 -9999 -9999 -9999 -9999 -9999 -9999 -9999 -9999 -9999 -9999 -9999 0.956692739124894 0.957428439361383 0.95673295945754 0.957473071099051 0.956985223684727 0.958964125996409 -9999 -9999 -9999 -9999 0.962060781882603 0.963446794899102 0.9650423253184 0.963761314360649 0.964304014521266 0.964313009893793 0.966758007897543 0.969351573350056 0.971510077809419 0.969953236783813 0.965781109556193 0.964775809199963 0.966581454353733 0.964509226711341 0.961826796004608 0.961413668145553 0.962301833973055 0.962320585762907 0.963172088699727 0.964541805623252 0.964500948136821 0.964463254295918 0.965809352282626
-9999 -9999 -9999 -9999 -9999 -9999 -9999 -9999 -9999 -9999 -9999 -9999 -9999 -9999 0.955694655420209 0.955990011596752 0.956286827917384 0.958022629512209 0.959216133592211 0.95672670296135 -9999 -9999 -9999 0.95638629027795 0.961330369137589 0.961744673961274 0.963690351357901 0.964148686162901 0.964158796554551 0.965578410583823 0.965217887734101 0.966367897218953 0.969773594814019 0.973747841544765 0.970067039529209 0.967022625828664 0.967418661152514 0.967408953406658 0.965001892601159 0.963059750523099 0.962677250292491 0.963070400725594 0.962269157718205 0.962302895896029 0.96312345705219 0.964481935290905 0.963270037820055 0.962389261206581
-9999 -9999 -9999 -9999 -9999 -9999 -9999 -9999 -9999 -9999 -9999 -9999 -9999 -9999 0.957697583739181 0.955991608905892 0.958899021268735 0.959843707946537 0.956753711202326 0.95672670296135 -9999 -9999 -9999 0.956383821307035 0.956593816575173 0.960454185340979 0.965089908317 0.967167958837034 0.967830377538949 0.964838431682684 0.964401145075968 0.966383449965845 0.972326714275255 0.971415416225632 0.967124535036749 0.96705428440733 0.966599967210916 0.9669023719012 0.96778537412824 0.964430162121236 0.962728536747463 0.963542854681471 0.963037494387433 0.961761173589485 0.961459344107478 0.963082369482449 0.964419972085364 0.964368044051928
-9999 -9999 -9999 -9999 -9999 -9999 -9999 -9999 -9999 -9999 -9999 -9999 0.958789935231216 0.959554745431234 0.958292619003707 0.95730606601265 0.959004682604663 0.960171474897186 0.958574922377026 0.95672670296135 -9999 -9999 -9999 -9999 0.955357539122708 0.959269415577439 0.965989888037589 0.966801179491121 0.967109216797847 0.964392322265924 0.965208870238178 0.969406125218174 0.970467707492034 0.968376409482897 0.969443137658502 0.970663455293601 0.96900616077932 0.969010293429561 0.967869996115242 0.964441909644138 0.962681002420333 0.963086882655089 0.962223176453424 0.963378756609212 0.963858896232615 0.961030221033626 0.962241950366671 0.96383268443387
-9999 -9999 -9999 -9999 -9999 -9999 -9999 -9999 -9999 -9999 -9999 0.959043712698642 0.95884718615356 0.960352134543163 0.961372408013328 0.959837000133083 0.957729702484469 0.959524374434173 -9999 -9999 -9999 -9999 -9999 -9999 -9999 0.956438705026083 0.961604977994025 0.966028055319152 0.968237257751172 0.968653274925652 0.96948518095892 0.970282512550021 0.970050836354495 0.968250018525578 0.969937524748474 0.969116445904864 0.969074761003449 0.969074761003449 0.969036806106482 0.968919636180322 0.966457072200707 0.963437463250966 0.964336022649578 0.962948527365595 0.964213675848919 0.964074926762989 0.963718187013861 0.964285147689758
-9999 -9999 -9999 -9999 -9999 -9999 -9999 -9999 -9999 -9999 -9999 0.959395213627764 0.960452552634406 0.960190509866498 0.959881238074315 0.960512144211972 0.960335829600831 -9999 -9999 -9999 -9999 -9999 -9999 -9999 -9999 0.955128907106374 0.960377231322785 0.968298557254855 0.968312618884904 0.967877929564795 0.967087531445779 0.967105004503383 0.968686645855115 0.971510285769335 0.971923139298288 0.971328250048171 0.969462955796007 0.970238690528622 0.968731861650418 0.965803405513971 0.964499085346938 0.963459245945974 0.965519907477306 0.965769362033291 0.966208254798506 0.965292722331024 0.96527022283801 0.965292890468829
-9999 -9999 -9999 -9999 -9999 -9999 -9999 -9999 -9999 -9999 -9999 0.957585188041725 0.958367767752844 0.960501255076808 0.96052005111345 0.960145909101584 0.958815200148643 -9999 -9999 -9999 -9999 -9999 -9999 -9999 -9999 0.957040439254704 0.960537674610142 0.9668946596856 0.967536437259705 0.96689987638221 0.967375170982043 0.966191414470008 0.969411722437184 0.973284816579963 0.972272188955211 0.969503915050056 0.967742521111554 0.973064963126882 0.973259193263532 0.967488389669804 0.966762910441941 0.966194286086717 0.965351906838117 0.965365862275869 0.965384136200382 0.965343322960743 0.966143300509921 0.967507150309013
-9999 -9999 -9999 -9999 -9999 -9999 -9999 -9999 -9999 -9999 -9999 0.958272884935104 0.958715848405053 0.959877747002537 0.960486029756166 0.958848960449862 0.956287451797131 -9999 -9999 -9999 -9999 -9999 -9999 -9999 -9999 0.957500026243878 0.958829938754588 0.962522820143975 0.964819994045046 0.965618524724172 0.966259713815962 0.965134885179634 0.967720698594435 0.971284653685403 0.970892525353162 0.968987864731411 0.968050660185898 0.971766762290987 0.972723528342619 0.969642580067084 0.969614027613117 0.968043067436633 0.965343322960743 0.9665275396394 0.968910698328623 0.968592170107848 0.966685390064828 0.967065023103406
-9999 -9999 -9999 -9999 -9999 -9999 -9999 -9999 -9999 -9999 -9999 -9999 0.959043610931024 0.960153908921322 0.959231018212565 0.958684534951353 0.958174360606498 0.957229788970352 -9999 -9999 -9999 -9999 -9999 -9999 -9999 0.957525388504244 0.96059772635433 0.966849470438371 0.966991219456703 0.965610387739382 0.967044280207978 0.967345056616368 0.970249632759934 0.971662450482172 0.967324950874724 0.967973334494664 0.969125189070684 0.971846136608625 0.972890869704628 0.973885382693313 0.973525598764992 0.969654389535492 0.969183116968924 0.969191045993798 0.969476986453303 0.968105986372851 0.967664221990927 0.967091615424551
-9999 -9999 -9999 -9999 -9999 -9999 -9999 -9999 -9999 -9999 -9999 -9999 0.959524374434173 0.959524374434173 0.959226345751479 0.958657973602962 0.958188139057088 -9999 -9999 -9999 -9999 -9999 -9999 -9999 -9999 0.960940147842023 0.962066078223436 0.960796093565901 0.959998177917164 0.961742125346136 0.965249621532311 0.966707278952132 0.969529542791165 0.97107233103608 0.96858562600752 0.967949458926462 0.967427793690091 0.968880260961376 0.974168181630686 0.974750969383577 0.970823292399927 0.969315569736554 0.969136011835663 0.967181909850107 0.967194121964309 0.967488610903756 0.968060000683392 0.968836890257241
-9999 -9999 -9999 -9999 -9999 -9999 -9999 -9999 -9999 -9999 -9999 -9999 0.958755909449253 0.959458433442158 0.959076065951921 0.957555609062216 0.956082903308915 -9999 -9999 -9999 -9999 -9999 -9999 -9999 -9999 -9999 0.959726201744768 0.96166969777462 0.962438158334861 0.963295050530775 0.965102164677993 0.96685821802887 0.96807157564381 0.965403432225758 0.965139960286514 0.967393661715831 0.967622908762554 0.971939519460164 0.97532801390305 0.973836520962465 0.972824503943423 0.972770098089714 0.972755974514158 0.973771177302122 0.972403973596303 0.968612828934375 0.970788771053909 0.970266123538787
-9999 -9999 -9999 -9999 -9999 -9999 -9999 -9999 -9999 -9999 -9999 -9999 0.956846992286247 0.957303774028897 0.957007909014263 0.956130725240185 0.956621404449105 -9999 -9999 -9999 -9999 -9999 -9999 -9999 -9999 -9999 0.957899256186008 0.959361183421121 0.965624298930344 0.966666771015348 0.965842683389977 0.965643059569554 0.965267585729291 0.966168122959442 0.968918729121115 0.969220855056618 0.970816540339683 0.973208552811703 0.972375235305815 0.970992284167225 0.974006729516504 0.974155690761703 0.971919741144771 0.971197345918212 0.968262735053194 0.970370178716216 0.972453295493773 0.970203965647367
-9999 -9999 -9999 -9999 -9999 -9999 -9999 -9999 -9999 -9999 -9999 -9999 0.956554299766498 0.956619674399594 0.957500026243878 0.957991342606583 0.958863336232125 -9999 -9999 -9999 -9999 -9999 -9999 -9999 -9999 -9999 -9999 0.958943037976014 0.963973698955478 0.964952482210108 0.965628750157477 0.965626316583995 0.965220816871638 0.966194047154048 0.968051837150528 0.966470417032749 0.967721928655214 0.969805133926352 0.970137652982311 0.971224318761755 0.973014986376911 0.973004358297811 0.970371267187265 0.970332316737509 0.971463419568743 0.970937519914512 0.96935672810116 0.969571935641229
-9999 -9999 -9999 -9999 -9999 -9999 -9999 -9999 -9999 -9999 -9999 -9999 0.957500026243878 0.957500446588388 0.957501083742173 0.957507424307264 -9999 -9999 -9999 -9999 -9999 -9999 -9999 -9999 -9999 -9999 -9999 0.962607309390606 0.962145443691717 0.963444418846447 0.965626316583995 0.966285907915991 0.967385307921767 0.96702583814566 0.966810528837973 0.967396506784466 0.968620930521731 0.969086667814797 0.968618744730276 0.972930815707173 0.974108572354404 0.972026322813943 0.969882601207316 0.97155808115253 0.970641013321414 0.967887712530194 0.969918852602846 0.972999761056269
-9999 -9999 -9999 -9999 -9999 -9999 -9999 -9999 -9999 -9999 -9999 0.957952122251405 0.957529848580735 0.957514393176782 0.957537414781926 0.957537414781926 -9999 -9999 -9999 -9999 -9999 -9999 -9999 -9999 -9999 -9999 -9999 0.959659853682279 0.959883335372189 0.962144855209402 0.962170036057926 0.963479723360658 0.964673784950222 0.963811361905484 0.967157264387748 0.970609898978272 0.969427284033434 0.968307154406266 0.969420726659069 0.969123901489078 0.969785727283999 0.97188029513096 0.971562855381234 0.968210435346717 0.96731514578593 0.965819374180695 0.967319880192523 0.969509565365214
