Niches/Distances-1/ascii/Daboia russelii.asc
NCOLS 278 
NROWS 480 
XLLCORNER 370976.070567719 
YLLCORNER 375501.488324056 
CELLSIZE 919 
NODATA_value -9999 
[rows 336 to 356 of 480, columns 48 to 95 of 278]
0.891099106538938 0.892193612849675 0.89000248523161 0.89081496249913 0.889682872964466 0.887993096881213 0.889242298821209 0.886372221900265 0.882110353331972 0.884602739648444 0.882702224950971 0.87966587744035 0.877702629643179 0.875569881240619 0.873111175581143 0.87181865603316 0.875342806711313 0.875052848643223 0.86976898540461 0.878954043922705 0.883763510771334 0.880478894518715 0.881282761360787 0.883840641776689 0.886189703889084 0.888088590304663 0.884469512561979 0.874522931380407 0.860451036075658 0.853326824925416 0.851539767848373 0.849111114609066 0.846574676187883 0.846896580438779 0.849687844976325 0.856258050910955 0.874645229509596 0.887326775612368 0.887161549246949 0.887937390171861 0.893185298468441 0.898776145940163 0.902672951938019 0.885995203847011 0.889028498329081 0.906082352989457 0.905191505806445 0.903866818841704
0.892919154023045 0.889778481429572 0.888304806671558 0.890629373760682 0.889674324484525 0.889880337541509 0.887286449087425 0.882314251392366 0.88067484585552 0.879928172414964 0.879563012501588 0.879646355756342 0.87769848814358 0.875485794639782 0.873075247187185 0.871809523495582 0.869129619280592 0.870708433262405 0.871343905668851 0.876361597913994 0.884804469616099 0.890034926978471 0.887935859232906 0.877028140416792 0.881323433010696 0.890842191974059 0.888666329498748 0.879941278314337 0.863081436981337 0.853605491212549 0.850603665047946 0.846344008819182 0.844772575202039 0.848297327636544 0.850888561283193 0.859196586466298 0.872677557033366 0.884798708683965 0.8725371885149 0.860291906917982 0.870106783102686 0.872191904259856 0.878723084525186 0.892900260643463 0.902794763352512 0.906460742693221 0.906198589308336 0.899805520975152
0.891513521979599 0.8914292583916 0.891417117072262 0.889399702354052 0.885825455459593 0.884088653887301 0.881568268201744 0.880232041674017 0.880366144846935 0.87976917599766 0.879467988094118 0.879601418715819 0.874960567536769 0.873602191065673 0.87300163822636 0.870786661588168 0.870104765449035 0.868361229515215 0.870601409125328 0.870317380127176 0.88010329236276 0.885443782643969 0.885455693879995 0.888431547178522 0.886708055040839 0.885077304176232 0.877085209927294 0.866312921687815 0.854784774374055 0.848551658188853 0.851665623419525 0.856692359708665 0.855885245152164 0.864745116307501 0.866536261787995 0.863874003193092 0.865559575831239 0.867825967240097 0.865203389166994 0.870059704517499 0.871720180376024 0.866568526547693 0.879004087042862 0.89834673968685 0.870734521170137 0.8290353368918 0.815047864463497 0.81677248046966
0.892263540477523 0.890603409743964 0.886696683615658 0.886120563854109 0.887240432425212 0.884854441941391 0.883307653786607 0.883299822104672 0.881319017180996 0.877704443761594 0.878084444048534 0.87937069825097 0.874875047339918 0.871762604198841 0.869875549375066 0.865785464546557 0.865743447794213 0.868843926603114 0.870152551982872 0.867332562428875 0.875772974009424 0.885563567555452 0.886007778784896 0.889590768845176 0.88304381902368 0.875740355275402 0.878080806962348 0.875531652013549 0.858746667400868 0.848376777173727 0.857409635581552 0.87103288612844 0.874549178576585 0.876350748600941 0.871806833290715 0.865447259778007 0.859092677303278 0.86382055307006 0.87555243030641 0.879246293974548 0.884643092721462 0.893588510621724 0.901909358524742 0.89367617236324 0.848584400813889 0.82094357232238 0.812649741509696 0.783121185643195
0.891665084936084 0.890723238902238 0.888382105814717 0.88731237770671 0.885000668734931 0.883312397042558 0.883311830683638 0.883311830683638 0.880802657134817 0.87897588413854 0.879031652793399 0.874632220953163 0.871656305709129 0.871691614648019 0.868880846125182 0.864974881041674 0.863710077683316 0.867505496585215 0.865512302560174 0.865745182268404 0.868324186102134 0.872878437462643 0.877235480877494 0.885625787392379 0.889888319662531 0.875852228860728 0.865842065041079 0.864302984677215 0.854838666964993 0.850216788809748 0.850108755845844 0.869626546136344 0.876679192527487 0.867392100910293 0.856462081711721 0.85353204154017 0.852311980536456 0.858957618399683 0.869994520145603 0.870471305862278 0.87967142598789 0.89841125150753 0.903129985887375 0.896411473560048 0.86518177903447 0.86996763579564 0.86443174283783 0.837800006652505
0.893666066396269 0.889703314981719 0.887243520851195 0.887478860680982 0.886933934906799 0.886298090827312 0.884208447648143 0.880485035973249 0.879048493121897 0.878983822012772 0.876308227435185 0.874678910166593 0.872808492136079 0.873424088884192 0.870010112714606 0.86684152924563 0.870518402146182 0.870301433583847 0.864673737384922 0.865651945431274 0.868003149088333 0.863595000630351 0.869629431027091 0.870602329458572 0.872275778476098 0.871746799245243 0.860717295562709 0.856755473330761 0.857565968342063 0.85228610501332 0.848425218560064 0.866852909520169 0.863235964472792 0.849052815037785 0.848734910696758 0.850020970213315 0.851042345428566 0.859992780914881 0.867239431784043 0.878277280411281 0.897127014958745 0.90719004484379 0.908727753557146 0.908037777954052 0.901883120177922 0.905563196546113 0.903814262503842 0.903637647014525
0.891134495122051 0.88958016731415 0.887549655545925 0.884236871786418 0.883176904520415 0.88506212752706 0.884204810561957 0.882546201917994 0.880019763271485 0.878747066285686 0.878171008469643 0.874004128911387 0.8713973734906 0.870573622140837 0.870033121045713 0.868091837355391 0.866927031743765 0.867783047853225 0.864633331215756 0.871861681612329 0.877178544107363 0.870154728924969 0.86737165889304 0.881216851341524 0.869644917403797 0.856493266849728 0.854405543981271 0.853518855996575 0.870835279961667 0.863438579376259 0.848479783702219 0.853982049099181 0.856125452128916 0.855782026239077 0.850977692018157 0.859960923225657 0.879581312974176 0.877012370860626 0.874352882114813 0.867323022820824 0.874553036896724 0.880050125419187 0.88748677200714 0.903435147152713 0.906181510047169 0.909517939291567 0.908845998680317 0.905364404565353
0.891122999805856 0.889563734056125 0.889561327030717 0.887239202364433 0.88602670756191 0.883479747253925 0.879807060099763 0.880697579856525 0.879928437895708 0.874174850728198 0.871337286348979 0.87131395944098 0.871293411231431 0.870453660242191 0.870029174231992 0.868141004389094 0.86396908069671 0.869070894940122 0.866938801390062 0.865842932278174 0.870084907489419 0.868207197587815 0.860993059260379 0.869883018233317 0.863362174018269 0.851993580631375 0.853700250139275 0.86373756378963 0.863629583921876 0.871149148995393 0.862448973356651 0.867110868309306 0.887259175365706 0.884173767013679 0.873074928610292 0.856960017394298 0.854748934473678 0.858800630786671 0.857529880659658 0.851312746415216 0.852860322162873 0.865675732505895 0.867355535362549 0.873778912747287 0.885460605273751 0.884810018163639 0.882300579134074 0.887353934292432
0.890567392856424 0.887316059039687 0.886275507265395 0.885713696915922 0.885080162518904 0.882983236318005 0.881783873962929 0.881782298777184 0.879812546701796 0.875805327262703 0.872371970998839 0.871292561693051 0.870455589402261 0.865920098680962 0.867228918746599 0.867932318825957 0.86574806715915 0.86709754117598 0.864671082577487 0.862146148321857 0.870524596696864 0.868698071482615 0.863126727996184 0.855074502358835 0.848979860929461 0.850587010555968 0.861298078935987 0.875144191717715 0.88728562609712 0.878448214612686 0.858548512573893 0.860747153296999 0.863824375992767 0.872100189512323 0.879695991806025 0.874546470673 0.86868332845199 0.855541394493135 0.865121373315958 0.878738287722433 0.869262253460063 0.885824588222498 0.886704833874485 0.871681756463076 0.877091935439464 0.871171077704809 0.871425974616037 0.879033015594549
0.888461909326225 0.886073113595881 0.886277294835735 0.885414119595557 0.885177487759485 0.882943900921171 0.879665134094268 0.880532273846882 0.877064263496629 0.874228053069202 0.874149099096075 0.874199929809104 0.871524945837227 0.867813985209205 0.868641382494512 0.867982547782635 0.865710245002555 0.865195796417729 0.863307803561993 0.857140792081931 0.862951050538828 0.862252287523123 0.858977865731057 0.855381079521471 0.851888167077474 0.851933174912862 0.852174178331845 0.857443988789766 0.861460995618937 0.862724825547902 0.855054467412056 0.855395008411149 0.851083813520706 0.865817393030646 0.882498893249496 0.881365945327095 0.879519694893601 0.864916864649853 0.856286280363351 0.858291208637257 0.853323055098858 0.854499276382456 0.854027216223015 0.849945679874448 0.849994953100448 0.848210426939827 0.864067804135874 0.863435075030444
0.886380088979632 0.887211848998491 0.886533306766085 0.885368386112804 0.882685986378825 0.879266346620044 0.88018797187059 0.881653257437108 0.877045502857419 0.874045809388122 0.876159124600256 0.87078053783235 0.866399769288384 0.866517058680879 0.86662312708728 0.866617658183963 0.865801428788601 0.86523068058743 0.864138581302101 0.8576308695345 0.869642244897645 0.873770275773764 0.865477843159662 0.856632042483733 0.851982023369673 0.850078137066757 0.852380740049032 0.853371638074925 0.853882334531909 0.853494024697696 0.849072973875578 0.851414266251545 0.848344760196056 0.853102688383006 0.872197373163173 0.884853831335681 0.879528508854286 0.871191643613075 0.8744068278019 0.876991698760062 0.873414867853033 0.874997256975526 0.877881652157904 0.872946630616299 0.887617981439954 0.903068535944605 0.891047488233036 0.871491424468677
0.888714346115896 0.886526537007125 0.885362386248 0.885068737997574 0.880438346759819 0.877731328111556 0.880024214498618 0.878704146898814 0.87699170760942 0.874975806131448 0.874097471940815 0.871354825776769 0.869415559740097 0.867391711538535 0.866388849180467 0.863757209364652 0.861857499958767 0.865695944439836 0.861655362920639 0.857029998118295 0.864231605754636 0.867536487037344 0.862744524219073 0.855422954684085 0.851982306549132 0.857005025229686 0.857462377755935 0.865484214697507 0.871497884500103 0.877448803504284 0.866770274214064 0.862185120895008 0.868990985236317 0.871521441491412 0.882592979625006 0.894392297819572 0.893316959218519 0.889825232588509 0.867917646590198 0.877074201325795 0.901237117035316 0.900399613783039 0.905534002513682 0.911576990239722 0.90535369684203 0.898448542702638 0.892268779297528 0.887584787497653
0.887597689861789 0.886097228096752 0.884351603714416 0.884986465515152 0.880316818524786 0.87755884527248 0.878008914776998 0.875623508350813 0.876043463489656 0.875299515651401 0.8740453492215 0.871239005377722 0.867402631646453 0.866073723537889 0.868233303194263 0.86493507662886 0.861805589624048 0.861859659202148 0.858929565934449 0.856974388751882 0.862508529536785 0.869456762351494 0.864977288067082 0.855438511855657 0.852000500829423 0.852106551537107 0.857182614148396 0.856023419029817 0.865723359751285 0.879666824321669 0.871580625998505 0.863382686830386 0.861924365708706 0.86645141414236 0.877460714740311 0.885116613024992 0.889033657504864 0.898165920752427 0.894740130689754 0.898430206832618 0.907599743576574 0.911855081318577 0.913950883650996 0.878773278084431 0.865902187580132 0.900275359945706 0.915092928713542 0.911792587151548
0.887583999904781 0.886072264057501 0.884351603714416 0.884685366105191 0.882774055190814 0.881219630039974 0.88238118793717 0.87914054414504 0.874828074947028 0.875906882496464 0.872298574422609 0.869143495074121 0.869306270167342 0.867379676411495 0.865508355746453 0.866996198326814 0.870017068310087 0.867527425294631 0.862137157374009 0.860162228424123 0.863842924247382 0.872468623688203 0.862235084370942 0.853931926334802 0.853320966650342 0.852000500829423 0.855651055738932 0.854630476965912 0.852333909245872 0.854451790726795 0.858650758057587 0.857525792256208 0.852262176348969 0.863178602933471 0.872032668909883 0.87751427105564 0.876057631312002 0.880910327275037 0.883800731171577 0.889355163534645 0.903444978789582 0.912885748359852 0.915326250889679 0.894852721073088 0.899253639605488 0.916279282512185 0.905877631938758 0.9059395951443
0.885831897792303 0.884290313060092 0.884309914388323 0.884326798963612 0.879889792748807 0.877243524944023 0.876867285634283 0.874572806362759 0.873304817235479 0.872578550414743 0.870290495777214 0.867261997647243 0.868129694909419 0.869575414545139 0.864638233760153 0.863649158702032 0.870603940041749 0.875805026384527 0.872288397660774 0.863888463044256 0.858371100642345 0.867317784000818 0.865976292105011 0.857248311783063 0.853337975116645 0.852000925598612 0.85206977360477 0.857233427162709 0.880999139433108 0.875669755096337 0.853042778228548 0.85333296637995 0.862266906662734 0.874869295257141 0.881932658220965 0.885918400267905 0.884094936931565 0.881495889301698 0.88469985250443 0.892017607966068 0.898736633556166 0.904191298255813 0.911414887697719 0.914669168350709 0.913990670365094 0.909043781834252 0.900471063500483 0.905142745843216
0.883309653741541 0.878521221817159 0.879684770819932 0.880954680257924 0.878290483653593 0.877357929445771 0.877045131184378 0.876636051906662 0.874572186907691 0.875360062959643 0.872012828648983 0.869124840627208 0.869127106062887 0.866470139384138 0.864727364495116 0.864942350801232 0.865164505087424 0.86422650852436 0.863539727539546 0.86343387151774 0.865123550258054 0.871064496035637 0.86493573148136 0.8600707437599 0.857666231569539 0.853319462259462 0.852000483130706 0.853919342547558 0.880010462596103 0.890324787703622 0.872188276023028 0.853842618612676 0.848782148570391 0.857559136637596 0.877878015071718 0.88885011296814 0.889887806399761 0.895736453372173 0.885124595146014 0.877633091387089 0.880829506087346 0.890952552319147 0.904508574292413 0.910962835936982 0.913485841032542 0.908045246812304 0.902718543831042 0.907377890168559
0.884985739867786 0.881993984272722 0.883088791461635 0.881659027218601 0.879766220312049 0.879894261674657 0.87556832375359 0.875207800903867 0.874566381728766 0.872571506325682 0.870057934645875 0.871016674104368 0.8704033073945 0.866441998425323 0.864728284828361 0.866866059666333 0.86624975496957 0.862043088697216 0.862096945890721 0.861521330542585 0.86029337591143 0.857482341907849 0.853524873560095 0.855828768548656 0.856548239062357 0.853345815647937 0.85380093813594 0.855122182700374 0.862308587139469 0.87831174866115 0.877407238069204 0.85705197992386 0.848570719706238 0.86802695386167 0.883245274661234 0.873013726449549 0.862818734936249 0.877971305004997 0.873725851996012 0.860595050529669 0.879702336795796 0.90230103111504 0.907271635925637 0.906525635036299 0.897359133622177 0.884740046289001 0.893427992114824 0.908660569230315
0.883974408673999 0.883761678954203 0.881440403826299 0.879761503604172 0.879893836905467 0.877374752075553 0.87422214169798 0.873021566980841 0.873136095373603 0.870492986789667 0.868775379475133 0.871028921616003 0.867711845917808 0.864738620878642 0.866706187162575 0.868157021727287 0.8700507666658 0.873266623405842 0.873050699067765 0.870338176118753 0.872294981583214 0.865919886296367 0.859063934588111 0.864541032410586 0.86083145228243 0.853341975026514 0.852042588376631 0.852075702674709 0.85403358776086 0.877739655357545 0.876601247381185 0.855834697618595 0.856026197728266 0.877418928071278 0.880897575349989 0.86799192810224 0.87688601087606 0.887803915303369 0.872589505920093 0.860333888272894 0.876575911668893 0.898178654978759 0.90580780165385 0.897005796451246 0.876859630939511 0.873688613897052 0.880160618504647 0.889072063719095
0.883945533218461 0.883749227907331 0.881086517995164 0.879540632474908 0.877758141666653 0.876121771459641 0.873622810070087 0.872665575002475 0.87495886846001 0.871591723093585 0.86877304324459 0.869000949613558 0.866261383026137 0.86661804755572 0.867984954808043 0.868098208893235 0.870048235749378 0.870180409762227 0.872666406842138 0.881530401798358 0.887511328975917 0.876982229946876 0.870707176653553 0.874637565965466 0.877821175644527 0.864808743192369 0.855158854440415 0.856861736423041 0.856370313868038 0.867763614662798 0.881732574233919 0.872764935595422 0.860323835402072 0.853945182673262 0.858264235793713 0.863346174378792 0.877872165646002 0.898177814289738 0.905981160579379 0.880723172200202 0.862383700491174 0.862908662113443 0.882900954986224 0.893936343491906 0.873279171795653 0.88416050182586 0.910414963326545 0.914866243555994
0.881999435477322 0.882766046521717 0.88108381009158 0.877384459821409 0.878634219270966 0.877358159529082 0.874214124179525 0.873019903301515 0.873129741534475 0.870478049073164 0.86877304324459 0.868773556507361 0.864002566667828 0.865182840957444 0.86790757602066 0.867994600608391 0.865194822988336 0.863393713130601 0.878375216257572 0.882766312002461 0.878186087775876 0.874047189887989 0.877353079997523 0.880951432543495 0.884894865809274 0.868547278420286 0.855242923342535 0.857058475352718 0.859995966683804 0.859719353447755 0.854165337004519 0.855223932620014 0.861183214267617 0.880204856445879 0.886746178075611 0.891062010029708 0.89726447203839 0.89909959882873 0.904359913925391 0.881067208695751 0.860540308400352 0.875077786134399 0.883718998500001 0.871787364702855 0.873302410210071 0.881815598911781 0.881832651624874 0.902790524509973
0.885100029327879 0.883907312840749 0.881417882209889 0.879774317474727 0.877153102202774 0.875755381485486 0.873604633488513 0.872665486508894 0.870292672719311 0.868772706968981 0.870624877623056 0.86910517735347 0.865412428704455 0.86434043516077 0.86663859576527 0.867045276866936 0.864460113879956 0.865143054243346 0.871577758806475 0.877852732455575 0.879558517027664 0.880481664367806 0.880169158135231 0.884415301394149 0.889991273094875 0.870083810169012 0.855252179771126 0.855292639036441 0.867662059429037 0.865808632166109 0.853414840641257 0.848272744119693 0.855227436965829 0.870019245252184 0.892513711831516 0.901915473431202 0.901193259616484 0.90220765268818 0.898973345036462 0.876333810929504 0.863331803021208 0.870069421112712 0.885496887642034 0.88488199884257 0.893309835485234 0.893555794544762 0.895806053573771 0.912360884080521
