Niches/Distances-1/ascii/Echis carinatus.asc
NCOLS 278 
NROWS 480 
XLLCORNER 370976.070567719 
YLLCORNER 375501.488324056 
CELLSIZE 919 
NODATA_value -9999 
[rows 105 to 125 of 480, columns 48 to 95 of 278]
0.997426064277092 0.997526409236753 0.997702230158137 0.997687707711861 0.997670712646562 0.997887954056019 0.997960451510907 0.997999386500748 0.998139128965427 0.998152837180438 0.998187777531611 0.998362187611242 0.998416667050595 0.998453831717187 0.998588851110205 0.998656837242803 0.998756877741715 0.998775399088161 0.998788211913939 0.99888131695798 0.998904982033833 0.998927800396293 0.999001054315399 0.999007159250592 0.999015366148703 0.999077457769681 0.999079499219251 0.999092476160263 0.99906944718483 0.998987964775995 0.998956881369575 0.998972750072152 0.999001832087135 0.998969321171748 0.998992087543866 0.99904840227072 0.99908975807864 0.999095289983664 0.99903921939361 0.998987576884478 0.998980971459376 0.998921045155669 0.998772357984574 0.998750381789902 0.99871206879017 0.998588259424121 0.998349336431932 0.998361479822863
0.997426222805021 0.997526857357519 0.99768907688558 0.997629869071361 0.997687956773064 0.997960573863407 0.997965879529946 0.998003494590107 0.998154568676654 0.998185678220295 0.998327654470401 0.998418780188123 0.998478451085721 0.99858796547508 0.998607946433821 0.998660541341632 0.998765963645945 0.998789815186251 0.99888043728896 0.998899747392352 0.998921947647407 0.999001196176115 0.999009856498198 0.999020856953894 0.999069903071003 0.99907339693566 0.999075109681261 0.999106362316719 0.999059881435307 0.999059670348835 0.999061735757524 0.999001970728049 0.998982314969375 0.998897178842151 0.998889256896573 0.998969925926443 0.998956020356471 0.998997159017114 0.998987514950627 0.998980968239573 0.998982992548429 0.998930322448756 0.998779435489562 0.998716757675105 0.998634205250095 0.998450074586315 0.998442379636822 0.998387195818293
0.997450287988702 0.997609317639354 0.997575452134059 0.997672665740959 0.997896392969321 0.997965879529946 0.997965879529946 0.998003862784008 0.998154568676654 0.998199523182217 0.998380844473499 0.99842386387768 0.998480377853497 0.998583358505713 0.998637528844013 0.998754271595583 0.998765472626044 0.998791792618568 0.99889251808314 0.998900604806853 0.998924406534918 0.999010737966519 0.99902623231969 0.999078285258958 0.99907817720617 0.999093911245237 0.999121371331993 0.999075622860981 0.999099524497627 0.999065262956608 0.998987079140871 0.999016302921869 0.998939405890784 0.998841472942096 0.998874770341626 0.998921758436652 0.998834592886769 0.998980184975233 0.998980965114471 0.998982995294731 0.998941702651762 0.998809494241144 0.99872534810853 0.998714201246514 0.998634844854418 0.998460472654818 0.998466984421544 0.998326549699298
0.997616920540372 0.99763087118758 0.997662126948141 0.997837704111526 0.997917882879095 0.997965879529946 0.998000008680256 0.998139638641244 0.99819578499136 0.998366166719096 0.998419776243537 0.998473574031732 0.998569649722502 0.99863020076262 0.998734235900198 0.998750694205458 0.998788614199868 0.998878253410474 0.998915196762986 0.998995997710064 0.998994743786339 0.99900978556784 0.999023677501 0.999079218244121 0.999094583426386 0.999145597884605 0.99913913432022 0.99911063073331 0.999121773049722 0.999060293854145 0.999026810368962 0.998944657767679 0.998866333417026 0.998901566202039 0.998907337224759 0.998913117528086 0.998898100558005 0.998919766894024 0.998938442601596 0.998941864967695 0.998831537862271 0.998776818358222 0.998736649047572 0.998712383005028 0.998545412184681 0.998524979127771 0.99843643379776 0.998263266751346
0.997632195473463 0.997632195473463 0.997672134852325 0.997842435327395 0.997860020374176 0.997956775253901 0.998139968765714 0.998187548168024 0.998327868303176 0.998385224162681 0.998446861602087 0.998569829652649 0.998630187504609 0.998729357804509 0.99873604694448 0.998799243715361 0.998878441484828 0.998914985676513 0.998998968072693 0.999005076227688 0.999024250341769 0.999068509843464 0.999066533736948 0.99908025606227 0.999149534945625 0.999167967179299 0.999169666950989 0.999157948858106 0.9991052383215 0.999099554801652 0.999103219694649 0.998973686182418 0.998855917071408 0.998912691567137 0.998912691567137 0.998847649375847 0.99874979237662 0.998866757105173 0.998786692451197 0.998831410680067 0.998803052647176 0.998797246111928 0.998705439500649 0.998504604027308 0.998502864197486 0.998562174855989 0.998438848460334 0.998181254400877
0.997563142449793 0.997612744645757 0.997826329306424 0.997841288320057 0.997878319459541 0.99804306861607 0.998148277750509 0.998327234570258 0.998373554650938 0.998409035360754 0.998537163239735 0.998608187729618 0.998734526155936 0.998745776525136 0.998774010027425 0.998880239839299 0.998892397435241 0.998927091945014 0.999011031915559 0.999024226287949 0.999070766735709 0.99907328717827 0.999073288314671 0.999125236420954 0.999157287093965 0.999173541415257 0.999165635663392 0.999113698637018 0.999114099597146 0.999138194232551 0.99908441434267 0.998901791209423 0.998837307275089 0.998864253235125 0.998870196990786 0.998729739729922 0.998674264140454 0.998735405351455 0.998743123502467 0.998803037589864 0.998801236678491 0.998768164949245 0.998649396089518 0.998551735687652 0.998556455539512 0.998509871624416 0.998316471717056 0.998132393138319
0.99749677720372 0.997599121282016 0.997789637950818 0.997877075100523 0.998025390573813 0.998041211547552 0.998105060233766 0.998342162522266 0.99840813798282 0.998527004762427 0.998553525329716 0.998633729287505 0.998746391223339 0.998768990733921 0.998856182989225 0.998892391563836 0.998923104030053 0.998998486049299 0.999011196883094 0.999027021644835 0.999076434156544 0.999086426435216 0.999118177761282 0.999131730478765 0.999153420773903 0.999154349592262 0.999149568185352 0.999141891891775 0.999142213587938 0.999131267774186 0.999080996238075 0.998996581820142 0.998918005283183 0.998945589900541 0.998860814391213 0.998728330119269 0.998707256984536 0.998714201246514 0.998740012415522 0.998776870159164 0.998684333599689 0.998596456662824 0.998578210798903 0.998554446382669 0.99843324240515 0.998219088028817 0.998152149657875 0.998062782331192
0.997465182038082 0.997756082682977 0.997808775889469 0.997978176335002 0.998040060752211 0.998075146752103 0.998216287936927 0.998257986085627 0.998374971364096 0.99854682946604 0.99860146516052 0.998712210650887 0.998751649161039 0.998856046810514 0.998891395792522 0.998923077892831 0.998997555999839 0.999007720159151 0.999031469044572 0.999094388154827 0.999084296346374 0.999075237431665 0.999124537439682 0.999125447507427 0.999149040990021 0.999192834946135 0.999147361578848 0.999157543541774 0.999174075713094 0.999115944828155 0.999045667332483 0.999030982002074 0.998976588076891 0.998960089334699 0.998860240224643 0.998731074527513 0.998689487367304 0.99860345821835 0.998544707047904 0.998564106169369 0.998581468292167 0.9985670797518 0.998537863830908 0.998424177903137 0.99830045736576 0.998263358799821 0.998202453770814 0.998003732287302
0.99760138934887 0.99769219535913 0.997960419312881 0.997975897472339 0.998027900315266 0.998214534470293 0.998228513148725 0.998290396429532 0.998530044445513 0.998572081431091 0.998607178416193 0.99875235922222 0.998867804109229 0.998893175680478 0.9989190040849 0.998997711686766 0.999007784365803 0.999031639220611 0.999095400214554 0.999113226083632 0.999163870453948 0.999151214830299 0.999124537439682 0.999137556522229 0.999178706168081 0.999178146301223 0.999157515889352 0.999175885715674 0.999141083342513 0.999099500159707 0.999034698033113 0.998973591955841 0.998855734584359 0.998712726103408 0.998749304103021 0.998666727718891 0.998498955167689 0.998389084137838 0.998406987945079 0.998475982254702 0.998452120107988 0.998397645403639 0.998360377513962 0.99816852860447 0.998105660253457 0.998153474322559 0.99806397858257 0.99795070933514
0.997588522828148 0.997829550056057 0.997923142331996 0.998010666226972 0.998155339535284 0.998185284457373 0.998262711619492 0.998421538233178 0.998575580788352 0.99870628460414 0.998709364440059 0.998752568509391 0.998867984418176 0.998893499365342 0.998922228811937 0.999007782187701 0.999032898542241 0.999102048917592 0.999103492904372 0.999109208811647 0.999152621126449 0.999151836157507 0.999155991407505 0.999159743992774 0.999125192101318 0.999169540999886 0.999210692539739 0.999171537182818 0.999102406789184 0.999072958095501 0.999071315143858 0.998942614140008 0.998783532404313 0.998666803857753 0.998716576513857 0.998681147510283 0.998528675839994 0.998325933012393 0.998289373858096 0.998353790934175 0.998280833994512 0.998197597172042 0.998188336830269 0.998097228347962 0.997897989802027 0.997814526078171 0.997918020951808 0.997821822719138
0.99773310976999 0.997769491645742 0.997849838979449 0.997963409183726 0.998168208707608 0.998204525808508 0.998354060829396 0.998464978673903 0.998685395850458 0.998715383387581 0.998724396088652 0.998826493662646 0.998851067385742 0.998918752466794 0.998996587786247 0.999029159688484 0.999103638931892 0.999108325638725 0.999107840111428 0.999144764145124 0.999144048023138 0.999140641850752 0.99917168643014 0.999148057056216 0.99915110601991 0.999188445597546 0.999183606044788 0.999125506979075 0.999058360267963 0.999069296611707 0.999094980503811 0.999005328319295 0.998842905943668 0.998683220968479 0.998564977978281 0.998402584202078 0.99841021740712 0.998416580115923 0.998261164409626 0.9981184294225 0.99814637143795 0.998056638947768 0.998067553510494 0.998045123986551 0.997857419910049 0.997656186412283 0.997577249352129 0.997511416509892
0.997746308119783 0.997762835745499 0.997880725030908 0.998076783737642 0.998106890218063 0.998338054432906 0.998372059147315 0.998500210133115 0.998690959764108 0.998726344069245 0.998843467325727 0.998854657939178 0.998886965722899 0.998996475187855 0.999005933168689 0.999032681584364 0.999112230501718 0.999119877817072 0.99913694570673 0.999139789739455 0.99919752439927 0.999169195344603 0.999150121044404 0.999156972973808 0.999186887497172 0.999191311411289 0.999184775306644 0.999135800403993 0.99905243706222 0.999038902053651 0.998962806848121 0.998852062210055 0.998802361999511 0.998710275644204 0.998627818487472 0.998423219159553 0.99835972711383 0.998284556086356 0.998040185188112 0.997912385728999 0.997903408161658 0.998001701538841 0.997966395645368 0.997725306673009 0.997628626227544 0.997403111251121 0.997331204156516 0.997403445731795
0.99768264504572 0.997786841078731 0.997976862466128 0.998137293109726 0.998273655918042 0.998317546941735 0.998429711986263 0.998584622372946 0.998718687094483 0.998823791774736 0.998851151952911 0.998864410721354 0.998890071696039 0.998998818067771 0.999023471907132 0.999099738614502 0.999119708966834 0.999173369250516 0.999153672392009 0.999138642637417 0.999204833730048 0.999182891343304 0.999184210610082 0.999195881921127 0.99920755171697 0.999155898980229 0.999144568305363 0.999081263197593 0.999100631257432 0.998999386647036 0.998837231609727 0.998787152504173 0.998716672823836 0.99869337120688 0.998641734095652 0.998462359269761 0.99837440145903 0.998114282506108 0.997863317073272 0.997669759774383 0.997615908954144 0.997718251327839 0.997711971386903 0.997600670954083 0.997395345844771 0.997125527141716 0.996781293307206 0.996763451433815
0.997857037132336 0.997881561611392 0.997995554935614 0.998178881595737 0.998290725038801 0.998347172913963 0.998553516806709 0.998586145339592 0.998699647075712 0.998844285534396 0.998850540663911 0.998892434841772 0.998976478982402 0.99901362508778 0.999101824857208 0.999110384891909 0.999120249230776 0.999170514990182 0.999177308679038 0.999203903112387 0.999193793405619 0.999152634005659 0.999176615190371 0.999155102741978 0.999187540359505 0.999180933798003 0.999187289499 0.999095111379318 0.998987864772713 0.998765813546322 0.998703631960271 0.99866274008803 0.998704353764261 0.998627884209325 0.998491246960185 0.998492550222651 0.99843741242836 0.998089693252199 0.997800359514786 0.997544630857454 0.997507663545823 0.997498521957947 0.997498873863434 0.997301357911908 0.997267398464137 0.997045349321148 0.996563093343565 0.996401110376297
0.997809407538985 0.997913408679236 0.998084455580316 0.998169761410078 0.998243615917075 0.998340606221193 0.998520427084448 0.998572278975452 0.998748970569348 0.998835549546952 0.998871835870326 0.998964662022638 0.999008473024766 0.999093667487237 0.999104869180598 0.999124148222364 0.999179311206876 0.999174129597438 0.999201681069769 0.99922363112722 0.99917710336927 0.999171724783672 0.999138860636996 0.999156226453097 0.999204935437931 0.999144384587213 0.999088289659239 0.999106662421264 0.999029886890378 0.998862289344919 0.998572475004612 0.998477984782539 0.998538393014941 0.998419977386502 0.99839183839489 0.998216373166997 0.998207130818238 0.998101735314047 0.997858351380011 0.99762315540407 0.997389453795352 0.997055878075758 0.997193826731571 0.997250775191342 0.997121712811997 0.996716044953847 0.996330317522803 0.996045620301181
0.997803954329726 0.99791594436851 0.998092794490335 0.998204765778504 0.998392600919914 0.99841372718139 0.998514806256052 0.998682935068945 0.99879837436865 0.998932814575994 0.998958324030555 0.998991821436649 0.999090915787087 0.999106261934637 0.999122366819207 0.999188532816317 0.999201615916116 0.999205871264096 0.999246531215847 0.999225952889019 0.999237125320055 0.999174810017495 0.999146857111535 0.999193059006518 0.999194411228924 0.999104084495756 0.999060925693061 0.999065433227348 0.998971812446686 0.998711292060135 0.998541872295786 0.998334587652471 0.998302448150788 0.998344940264937 0.998207739360936 0.997945483784867 0.997979229968064 0.997988839563723 0.997785321521288 0.997513498585794 0.997093111873407 0.997026045657361 0.997155766391645 0.996952600065298 0.996776940134046 0.996499451861119 0.996124567588944 0.995814296800808
0.997827571203239 0.998003786834546 0.998077787747863 0.99815385463807 0.998407609556388 0.998455256953353 0.998632818840961 0.998716291561324 0.998875537696353 0.998931925626367 0.998955003182939 0.999076498552597 0.999099034045926 0.999123375090932 0.999187555795618 0.999192886652377 0.999210022915491 0.999259223109627 0.999251873152516 0.999218104998901 0.999219687153095 0.999187604376758 0.999212805014366 0.999230810340091 0.999238652832305 0.999135634773558 0.999059181033535 0.999039438340189 0.998934125603866 0.998734099437387 0.998514470070777 0.998316167540407 0.998221717849967 0.998158551572511 0.998005725913332 0.997835326192581 0.997875924873382 0.997818532649048 0.997472564098519 0.997302087291905 0.996959215433908 0.996882809517425 0.996688631175428 0.996542089623988 0.996354689913535 0.99631950391036 0.995946538640554 0.995603017897627
0.997956231864856 0.998177359576092 0.998197821800626 0.998259032521483 0.998309675281898 0.998447630945516 0.998597766554296 0.998683423816045 0.998854075628402 0.998930607117189 0.998954159215849 0.999086225860452 0.999120428876822 0.999196571905891 0.999198510416477 0.999225015926452 0.999275171833769 0.999253183896288 0.999241651983757 0.99922902372843 0.999194397876213 0.999208645502865 0.999181716115342 0.999224078774486 0.99920366304769 0.999092716414359 0.998968652589202 0.998888633012463 0.998844161477294 0.998766327862443 0.998398198073291 0.998186493587962 0.998107221857734 0.997938724282739 0.99785861957063 0.997698863002183 0.997741069500899 0.9977479180211 0.997423153007311 0.997087973826005 0.996771017212402 0.996429847682998 0.996546161727318 0.996417945398464 0.996236094733749 0.995918436203172 0.99569201854561 0.995107390647909
0.997884308671238 0.998132854517096 0.998209166869903 0.998306506427907 0.998452443035252 0.998525073070248 0.998615268265008 0.998747386710553 0.998822511334989 0.998913607411586 0.998964697440467 0.999092611107873 0.99918676372417 0.999198259461271 0.999206892320331 0.999229131023618 0.999283079384936 0.999272727908871 0.999300939914242 0.999242602961935 0.999234207137169 0.999249794580516 0.999221377644177 0.999212758611329 0.999134815712588 0.99908320407568 0.998928028055279 0.998813093791088 0.998803504555946 0.998669953392929 0.998307620669018 0.998134432030986 0.997990749285484 0.997796004068824 0.997662329416906 0.997626155881324 0.997699393512017 0.99742503450845 0.997197337074041 0.996913387414831 0.996686847025969 0.996369812379502 0.996192205035857 0.995895371052309 0.995801212659308 0.995735021093177 0.995413219623612 0.995081789807773
0.998027732127928 0.99811386847737 0.998182695167855 0.998388782991591 0.998467237649551 0.998541593688158 0.998646822141413 0.998754448968828 0.998836083655388 0.998991487524176 0.9990516794616 0.999091965253345 0.999191045493472 0.99922326473262 0.999283763214195 0.999271743501566 0.999283027583994 0.999308769716645 0.999296429160153 0.999282587418034 0.999264017490447 0.999254908195298 0.999196943982496 0.999144544819744 0.999164975603852 0.999120980978274 0.999044744953729 0.998829991883507 0.998693106993664 0.998621808441757 0.99840186580729 0.998241586305016 0.998055184733379 0.997739895977539 0.997516915743389 0.997449768464077 0.997460720149233 0.997295192747467 0.996996921595544 0.996811638621222 0.996410166355303 0.996155545120677 0.995854541303319 0.995690776080594 0.995565971606131 0.995315254287497 0.995134803289926 0.994707812762339
0.997973716150755 0.998149057510947 0.998308181104076 0.998381342974707 0.99845149963308 0.998663019074458 0.998650764316236 0.998711775314631 0.998794327644941 0.99896670650261 0.999068328871616 0.999167649839339 0.999204625484577 0.999285794814957 0.999280501648828 0.999283009590979 0.999300873055987 0.999312895136119 0.999294884980691 0.999287518924567 0.999267190890043 0.999260065088015 0.999206623277411 0.999120568559437 0.999131774324901 0.9991096410228 0.999016709753402 0.998833270968388 0.998624886762474 0.998473524219492 0.998351865492201 0.998093199427867 0.997853651983368 0.99773352550333 0.997526629887933 0.997445928186536 0.99716299901536 0.996769385340668 0.99650844041367 0.996332639189902 0.995951439180161 0.99585220713581 0.995686558139145 0.995494091595748 0.995118667911931 0.99494484440458 0.994659925584777 0.994382235790086
