Niches/Distances-1/ascii/Echis carinatus.asc
NCOLS 278 
NROWS 480 
XLLCORNER 370976.070567719 
YLLCORNER 375501.488324056 
CELLSIZE 919 
NODATA_value -9999 
[rows 294 to 314 of 480, columns 96 to 143 of 278]
0.794187638404981 0.815182024341935 0.835323970183373 0.834755430313628 0.834975134493299 0.83051023645476 0.826833424884708 0.824350943417765 0.821046992568634 0.818329909463437 0.817219824549223 0.82117150574566 0.79385940945176 0.756066678308524 0.782157231485061 0.814636103396287 0.816550166209584 0.709444178613212 0.566048491016364 0.541555129648392 0.591687393007546 0.617380066460302 0.594270580809646 0.639541593729329 0.705088496279988 0.756002433775986 0.779441627216273 0.779256118098166 0.782140067285425 0.782404003219668 0.764220788324056 0.733598425822261 0.675807971752331 0.558823235725239 0.370915202529937 0.428061077871138 0.670875276544033 0.490204111142154 0.237570414467793 0.234959225746794 0.253596297960765 0.409384198290213 0.594992762085037 0.687862040054802 0.765938444691935 0.723242667798248 0.681763682350839 0.742339924810953
0.812489281429442 0.823358583579025 0.836136724128033 0.835024990674871 0.837103289180878 0.832719218037238 0.826434526945694 0.824337064174415 0.821561445814948 0.818135794002292 0.816116333790802 0.815220352872479 0.809076248212705 0.754549804287243 0.677780448603799 0.732550415672411 0.809898602472417 0.765581075388483 0.625408863272554 0.532095037380843 0.579360297563398 0.590408514675295 0.59433261920918 0.655973114776427 0.684577083768404 0.698767343385826 0.753806725356362 0.776249570948248 0.777025281253015 0.778995527728258 0.770428046571477 0.712352758911813 0.60641039738064 0.455855202104834 0.352134949859675 0.452806811157497 0.617187429835566 0.526800948494602 0.325915325780785 0.329084350989976 0.355346837081517 0.360970682243829 0.334812684429737 0.310483498146425 0.544291122465053 0.722562984887212 0.701848729355346 0.748990324873569
0.756126049953878 0.837006898138851 0.836385059550319 0.833413313542461 0.83173643427033 0.830159400699051 0.827795323117737 0.824347040259373 0.82586722348016 0.829441183190101 0.821889747497829 0.814097249349219 0.813938941123756 0.813303041467725 0.740280972394366 0.657758118808981 0.699540071774554 0.687677330962949 0.643524051693335 0.633093915470896 0.583618231234284 0.613434458190431 0.642938287015903 0.634343629209697 0.649537727830446 0.663743406135677 0.680368145644786 0.710885583491175 0.752253583478222 0.7731831915318 0.769974140766678 0.731399105162883 0.620500071879004 0.435720771661542 0.288370966424665 0.415608790439809 0.62950817355612 0.471713904353888 0.250565895482539 0.360756760072086 0.479099504300942 0.374573310455893 0.300329370981703 0.327963441478109 0.330896725617714 0.343891576308744 0.545392104050223 0.776245910222055
0.824592163455032 0.837271706829008 0.833197221602544 0.829866954738292 0.827376703319395 0.827557036510069 0.82835571726562 0.825468895256812 0.822887610547469 0.824639668044281 0.820279815877247 0.814157966493273 0.81235871956907 0.810219497851641 0.785620787571915 0.711061274105253 0.678381098618203 0.657626672071086 0.601816743601606 0.582634441373753 0.571906380222875 0.61782434770683 0.639634348288383 0.608873120623425 0.635646484086356 0.658615431791681 0.654678866242806 0.61900443491829 0.600093802211805 0.690680774980729 0.768899220642821 0.755278846393845 0.651506689415039 0.404017816122451 0.240119686005356 0.435715001775224 0.667833625211808 0.479944089593233 0.236872355196128 0.25714739631441 0.413262337679308 0.534134619464789 0.493439659746546 0.439720660500603 0.324601585698425 0.391544582549193 0.672758295914344 0.75573044909276
0.813917801036068 0.831517227076665 0.825816361204966 0.825298913921004 0.824991170488535 0.828087647862396 0.831442788270189 0.829407145709466 0.824998370724823 0.826029301526306 0.815732284823931 0.784892739437326 0.793875240274306 0.820041214107721 0.788925986946867 0.740678294524092 0.719879648344012 0.705821344572102 0.664506776641552 0.613625688708417 0.583134191107242 0.605289439382334 0.657344068857576 0.661749037656706 0.6332631573885 0.638431739125703 0.671978706694405 0.668198364454087 0.607583575274451 0.590497390319176 0.690689138891569 0.713391799070328 0.56750211447712 0.361890663949779 0.390371065250304 0.436861463640786 0.372228263802142 0.424421540251568 0.326296429196447 0.347885792234365 0.489663875231556 0.549337397158235 0.494158422727942 0.358980071463932 0.244484677734993 0.475404207275773 0.76302746431457 0.757021230845946
0.833172796558569 0.835547516913387 0.833762549245662 0.831111565279319 0.83137447087672 0.832530920948851 0.832595747318665 0.830611609478462 0.829720440839275 0.829500251795207 0.825897442653673 0.822085608470802 0.82117000266603 0.820178758015403 0.817750302563841 0.783928901746711 0.730916398412932 0.716197757819407 0.702550643298963 0.678299786858907 0.677524852337175 0.680280385189017 0.691305328809881 0.692341774943874 0.651483561383325 0.649573947200865 0.693182723753192 0.67631339439926 0.63554980212569 0.619759393026886 0.680080281652574 0.729863951753854 0.566579999367825 0.331144054946376 0.243795394508905 0.252550687889678 0.288162668679922 0.31865520873955 0.367764456708495 0.477905186319443 0.525928144094433 0.538032589807701 0.485287974052997 0.35049329598595 0.232961972324665 0.261003183454826 0.476734384261175 0.663278590881956
0.824830680373288 0.829905489336205 0.834741587435107 0.83420809113962 0.833962967943962 0.834428134724369 0.832453560834387 0.83018595914637 0.829287335717087 0.82912130602611 0.828413016115679 0.825220474983257 0.823486333225897 0.822293615296907 0.819125438600411 0.791781813999128 0.735272565610552 0.719934656209797 0.729252925641364 0.724864321015616 0.723883391855025 0.710089193719897 0.711320167449773 0.736086580202643 0.725872596528172 0.709683968300509 0.709951831636364 0.689578653964228 0.66699541588633 0.647040554972288 0.669744645501017 0.723550071825639 0.645565379289107 0.482814050442652 0.440690292320756 0.423264459855722 0.38705648374928 0.346591786132943 0.403848356015869 0.52412061811066 0.560331600376361 0.550985208809796 0.481727275384301 0.363231556438345 0.34571398762949 0.390007610898676 0.300148177156725 0.482226006902557
0.828325025349321 0.828134970627496 0.835011390228549 0.834408897729438 0.833050598609037 0.829842990315494 0.828635180982162 0.830241003376984 0.829727435008194 0.82821657330543 0.826300728615476 0.82523823314178 0.824686166539906 0.82196617424833 0.820381394968317 0.796344775861862 0.74163738054362 0.719400747779573 0.710918530026918 0.712708673622076 0.739053247255948 0.736664999184467 0.739747863990397 0.751933451760422 0.751277624177694 0.749029041295631 0.681449272032918 0.622037601123577 0.651000248552877 0.654973542579789 0.635141400844505 0.673277149305056 0.694370908200075 0.567351951973519 0.488810562380127 0.491688571978528 0.452009500143866 0.422083815050205 0.465066704396289 0.53972093612281 0.548144339824167 0.517259689927077 0.490343218737514 0.474389095175226 0.428724226906253 0.323992402070642 0.432812845929876 0.683547571195282
0.824194586771498 0.823685188236519 0.827425383704805 0.830910419284425 0.833205658243043 0.829346998281078 0.827840342776953 0.828287496845031 0.827829057558124 0.824649292602551 0.822356865857433 0.822387133517385 0.821966550018237 0.823766366658105 0.822065413868687 0.813413614793351 0.755500332450174 0.718019223654579 0.718441346598186 0.708480656084455 0.723469560092598 0.736835380533403 0.744896663260222 0.745727939024829 0.755422196552675 0.757083099542941 0.723589661003615 0.672794854689841 0.672431351851773 0.692831706173334 0.664743245007733 0.653965436769772 0.684861747655599 0.624355180209265 0.521130022999388 0.499833081679009 0.466117066138462 0.446634002525449 0.469543360396443 0.511808456489924 0.510510959364847 0.47989303337228 0.443078831310874 0.349611957972403 0.265882858741365 0.243682857482474 0.376565133396781 0.601084186228129
0.822880349703131 0.829736623188508 0.831694457135201 0.828697570908384 0.827140537993462 0.82804824050857 0.82834180165744 0.827012800468199 0.822650681560112 0.819515657466727 0.821269678664344 0.823647041530123 0.819451873555365 0.817756569436166 0.820965547471629 0.819570386535484 0.776386399680945 0.732555409775695 0.722189881734093 0.719866920653603 0.725569071415953 0.734714341230843 0.750316938105657 0.753793949179514 0.761856225878346 0.76160242360999 0.746915129499699 0.728415176937063 0.712825404725537 0.703242520549571 0.701964781648652 0.689490505616941 0.687163908053478 0.663378666893397 0.559713252811484 0.484756611160855 0.466651871567819 0.452256974931848 0.479354009622673 0.554720943525634 0.541060713423264 0.465198635998581 0.455627121892713 0.390155736971812 0.282568351759358 0.256410450918145 0.267699015311396 0.391762771527625
0.817320349060231 0.818020856897097 0.824184331889512 0.830238094190605 0.825244378798006 0.821690904608818 0.822037206882419 0.818107380948656 0.814330614583262 0.81728557216139 0.820895993673949 0.82362787726485 0.801820543437478 0.714191267730523 0.713676584173622 0.800166767953841 0.756352990734667 0.70363933357168 0.726475622378119 0.724965972836346 0.711005151051356 0.723253722706489 0.736949614585222 0.732688602025418 0.747554714125144 0.766081406959248 0.7615564584652 0.75641381697321 0.746027270060019 0.726887151034662 0.720145451006182 0.70829761977477 0.681845042596574 0.641449171481323 0.597784490064078 0.518031012209055 0.403046002412514 0.390238600297176 0.438136899435822 0.492850161613262 0.496050896953984 0.444235475328763 0.441237413305785 0.416662400773438 0.317497013155592 0.23234052162765 0.305308443469528 0.335947315604025
0.818567020274943 0.820237050837474 0.82322842173178 0.829725944050175 0.827322943979431 0.823884261436118 0.820728666970711 0.817380629826327 0.813888733415497 0.812448807373943 0.815174945321746 0.818358964962398 0.819310838624029 0.804271435988988 0.79552118519794 0.767029050179019 0.704655003266282 0.685259748595479 0.690974530075358 0.684946380736011 0.678709109382446 0.681863128038564 0.702082288535148 0.719618912514785 0.739175117922012 0.762569194730203 0.770903068220743 0.770106145098629 0.752626444199143 0.740974328481384 0.731754316819771 0.710899668801894 0.695961578582506 0.668583952865417 0.621545972868729 0.562006322001928 0.47869192728923 0.410717381434874 0.412592158110444 0.452308661476516 0.512672242412318 0.487449548019106 0.423522504687548 0.42114783281917 0.415780480922615 0.416034113488433 0.409719675966163 0.411405016122013
0.81901287733076 0.826566676736965 0.824822340705668 0.820322059687793 0.818699739781879 0.821568500591917 0.824956914818921 0.823066828550032 0.820882441714067 0.81806923424226 0.814875771867485 0.81124949528916 0.809274921399178 0.80835886709484 0.80998438710577 0.804760845989222 0.702083937074096 0.640997059674791 0.67304414771931 0.651127646673062 0.624887367370881 0.641464396223373 0.686918081804444 0.706004889989403 0.733990753848702 0.765870078812026 0.774471791395202 0.769337707759811 0.761025992572191 0.755344327330595 0.739877492486805 0.714652640447028 0.692901720592191 0.676893825568329 0.656360618402123 0.635376293401397 0.606449719883197 0.504810748060084 0.408605554555848 0.48877536122494 0.601341794681998 0.589419003414885 0.478893873310379 0.408226875462169 0.419989249343695 0.409003919144025 0.384557880541153 0.370807756579669
0.819540555253488 0.822998765710371 0.819188931593135 0.818504593983892 0.821998841987045 0.811137382519076 0.803371721614813 0.814587689686295 0.820646143050424 0.816862030989424 0.810375321147071 0.807655583409303 0.807637570696972 0.809705202186256 0.812854917670855 0.804476982128281 0.713051981858029 0.618290084202903 0.628574615647068 0.644027607612336 0.614408550763032 0.532776902181664 0.58319843563978 0.716278899876164 0.743939298509301 0.768377748984368 0.766151518350984 0.762770486184417 0.766887300072697 0.753895334324826 0.732435793729075 0.707213172065522 0.696752368170004 0.700159389068224 0.685155623966328 0.662673504358324 0.634934194044654 0.566264061727055 0.515644073271445 0.56124198176726 0.617256813930707 0.619150960938918 0.574089530654629 0.487013121575801 0.395512761256721 0.36340062865341 0.358067120291731 0.364345192984263
0.819637031146785 0.821430023320272 0.815475803679784 0.817235619006939 0.817011817723117 0.799421313187417 0.654243821663032 0.59139870474586 0.733244232380606 0.742930150240832 0.658069062346467 0.636585957341046 0.711994638068546 0.777076846581584 0.730558398785764 0.659437907267492 0.549687566225399 0.515992254394583 0.606780785293139 0.689983030870922 0.678459816352978 0.620493017102035 0.637833561919721 0.717717541027067 0.763925918041315 0.757711556530486 0.730914943819742 0.697921327743565 0.733845439989066 0.761891402790313 0.745982032211824 0.721129895433649 0.709522581186128 0.711282299540405 0.699811717052702 0.673230456863671 0.64266601141404 0.598492901190608 0.571536380201893 0.576844675614953 0.600991455912296 0.620385692367866 0.606123939495178 0.567228553984605 0.492248057005668 0.428115673602186 0.410443481537282 0.407056849186935
0.810556866498737 0.808482362056632 0.814333317702273 0.822784588984819 0.814893020918391 0.805843802740451 0.785736524703364 0.652378790761832 0.612839772008104 0.699493767224686 0.705215409535776 0.697111458742064 0.675168920477723 0.655489317081583 0.683376414063311 0.619853893097767 0.597005458438195 0.693473690877541 0.716373060541967 0.706562896180134 0.696826770611649 0.668495004491876 0.627659773503721 0.700094659671289 0.772516769662009 0.730954581484157 0.686224749960646 0.693555148096156 0.683548831842712 0.700107193415939 0.735578951422711 0.724847932599014 0.735849917890704 0.717677345768596 0.705137928205213 0.697861519720254 0.679375967630195 0.654501769521979 0.620954656493958 0.581480027732087 0.592244017334747 0.622499070812961 0.614491123169759 0.589900328301306 0.521202413253788 0.424188126531085 0.391005655772465 0.412627698670708
0.80254118526841 0.798347132481765 0.804148825904719 0.810855009616155 0.811461805286785 0.806008996040344 0.799637502100214 0.783438558382515 0.758386099878919 0.737470577136059 0.725542258414825 0.72514081493773 0.727337565815806 0.737900676098989 0.732616672392195 0.71759596127964 0.714406402063258 0.725640855589857 0.735214575828729 0.704345465835547 0.655201065197854 0.692114761433425 0.680620275130974 0.680071505606997 0.769242068257598 0.736996185810508 0.723399278998323 0.741252325483127 0.721289027928585 0.640281472555193 0.650528936116244 0.749738810042471 0.742853081045005 0.717298496972378 0.703886105306287 0.705317182572605 0.697322738402846 0.677623643457966 0.640287145468632 0.596675338513827 0.580472091624609 0.581043504315904 0.579927685880201 0.573496929389206 0.569820105697545 0.479458885791639 0.379055542396608 0.397573386455475
0.812240861155887 0.807773235755118 0.800841638585742 0.796342884890716 0.801097416676514 0.804009815282238 0.798667155105076 0.796138878195882 0.789514006243742 0.747054334067939 0.716638378339741 0.731251221521946 0.746700795193219 0.747272935181108 0.747715786077666 0.749231763099814 0.740111148639486 0.739576658371987 0.738911618365725 0.739704880761646 0.717939124056275 0.732117189334124 0.769981825867363 0.763878061925379 0.765406790881155 0.759217545346065 0.707644095297926 0.59840775900258 0.506251377155013 0.519778511980539 0.57078246455175 0.659547413891445 0.752433759087967 0.727552094068045 0.706567162986823 0.702072373058239 0.699165829190103 0.6875004524311 0.656728872911277 0.601019093182897 0.587595185987389 0.600457668698171 0.582750226991641 0.574040171459063 0.567941401620364 0.529457956901071 0.493725584281172 0.488670291110214
0.808592499004301 0.811868473177753 0.814392640861186 0.810624529325271 0.810452450950947 0.810990868620059 0.802702984517528 0.799734159817659 0.794278865641186 0.773099455450522 0.740224170530314 0.722563906129565 0.729088556610945 0.739396119113944 0.750197103870058 0.749064290937257 0.744570688926444 0.745155750550501 0.745903047801631 0.744626496818483 0.726708648207085 0.723363883897377 0.754310547950782 0.768233623042504 0.763012578977597 0.683747795947823 0.532289322544527 0.414416363429456 0.332214150669488 0.39012388138096 0.57022433714492 0.670567799786983 0.676889146626903 0.691662892059092 0.731227899544474 0.720730876278536 0.70721756008831 0.693209173106022 0.671128763650532 0.623921129601504 0.587264169063888 0.596490168800798 0.595228091019886 0.563104200454959 0.553026778837767 0.550103725336929 0.460930326229609 0.392848867775821
0.810366945114621 0.812611564230244 0.814452909505673 0.811975337290745 0.805669712178882 0.804543541888313 0.80561283758517 0.80584668768361 0.80427256329871 0.801763026398442 0.78605149261534 0.707837144057399 0.646774291688941 0.659645017094464 0.709792287006691 0.752434437898122 0.752306894318619 0.748652350145977 0.741364329158722 0.743707775759964 0.742759890107995 0.740383157565932 0.755092779681682 0.722759694372878 0.668840518860833 0.585833382716208 0.409076212425546 0.295519370708943 0.284378883902389 0.33415254155388 0.466160606961269 0.585556282713599 0.661091076670634 0.699646523752809 0.685852640779539 0.659245003967338 0.669563427432819 0.683342522041995 0.675120967388907 0.649619863859216 0.624750150746667 0.614163379080934 0.593702416709808 0.566162628095304 0.552120130902721 0.53818871614338 0.464387118458132 0.413617452363317
0.794286162850354 0.803588565094545 0.808717206127085 0.805882240365485 0.802588095898773 0.801165879529302 0.802284243503087 0.804549384504291 0.801596839126536 0.796876017537905 0.79349745817976 0.771370525985425 0.752553472107467 0.724900297953838 0.680642651622874 0.706646317099555 0.740958546145278 0.735929678083931 0.739948476634455 0.7394134287729 0.744993708869185 0.757135707329963 0.762023237419726 0.721393419233155 0.615132380577372 0.492358557601634 0.383359101807206 0.338686266093505 0.406745323812174 0.521098118922097 0.622102379006951 0.674996332995783 0.661648404051209 0.668358539407476 0.675950715830666 0.623232985806748 0.595320069795905 0.540425395604509 0.562589032033661 0.655334693825534 0.640981519770883 0.621480685877738 0.552493670433797 0.51595235005475 0.55594061991507 0.552023303482737 0.521981396393231 0.483593906338009
