Niches/Distances-1/ascii/Echis carinatus.asc
NCOLS 278 
NROWS 480 
XLLCORNER 370976.070567719 
YLLCORNER 375501.488324056 
CELLSIZE 919 
NODATA_value -9999 
[rows 378 to 398 of 480, columns 192 to 239 of 278]
0.992697906652262 0.993168706950877 0.993613966259804 0.993827717971408 0.99412655088419 0.994438133078998 0.99384569583411 0.993159528619371 0.994179814374548 0.994629754897704 0.995542197341088 0.995671688711785 0.995971814091224 0.995923381820016 0.995420025907578 0.994544721046564 0.995182064310576 0.99625276270498 0.996606289079289 0.996752795402301 0.996660920417566 0.996661952648411 0.996853165741582 0.997396644182832 0.997471992110051 0.997385270324731 0.997077443177394 0.996732365943994 0.996568738983381 0.997518879254795 0.997653582538953 0.997653703755052 0.997600598792624 0.997436444920781 0.997507834952963 0.997739714721591 0.997806073528059 0.998035549429921 0.997973672967519 0.99772157852036 0.998122373301925 0.998181139056183 0.997939225435549 0.998145575199699 0.998394270103479 0.998521598335006 0.998522002514937 0.99849108180325
0.993150592720063 0.993287544941661 0.993604300033499 0.993966555482148 0.994244558544695 0.994809134647998 0.994461302399946 0.993099808477732 0.992439504232944 0.995081793216975 0.995585312771147 0.995902475452119 0.996400402019718 0.996323064633272 0.995877828431163 0.994820012277694 0.994309007629401 0.995974894495343 0.996857646191646 0.997366405690504 0.997303979967653 0.997138150093839 0.997138882883038 0.997228012323127 0.997553941200868 0.997726353108864 0.997358962832617 0.996823410977249 0.997168869473161 0.997675618489374 0.997741887520168 0.997740621190732 0.99768320756418 0.99748495238385 0.997439143872988 0.997735825578811 0.997820103912733 0.998116440910273 0.998259904519796 0.998265949225739 0.998292477747834 0.998382008526851 0.998379235708584 0.99838320496763 0.998422779372393 0.99856599089031 0.998577294102153 0.998616191780163
0.993511459865576 0.993597479355122 0.994022466786671 0.994282164703049 0.994605635545579 0.994842835375159 0.994960393020896 0.991778196167334 0.98789327170709 0.994691201989955 0.995737159042126 0.995760821561076 0.995923209465875 0.99682036769556 0.99690224689772 0.996749253240604 0.996627377271335 0.997257092065308 0.997291867448947 0.997369113165718 0.997362602724794 0.997463240118294 0.997724683357099 0.997569354774873 0.997667510647544 0.997787495266866 0.997287239266762 0.996955505842475 0.996809951823442 0.997790767722742 0.997962676583927 0.997819516961652 0.997334086258673 0.997658718124153 0.99739524735669 0.997512847996262 0.997899537958893 0.997977105845327 0.998287779487592 0.998547070383037 0.998509614987206 0.998346942224574 0.998250999682114 0.998390954274967 0.998414279093442 0.998424214646767 0.998492336958076 0.998610915281248
0.994142455951597 0.994336216855652 0.994434354924708 0.994525602616129 0.995048616370644 0.995369191284806 0.995281725535678 0.994563736822115 0.993866420756659 0.995071169383487 0.995363903611282 0.99476962766969 0.994079073189763 0.995746386996472 0.996976722069025 0.997200998179035 0.997364093304013 0.997368513714228 0.997423923297741 0.997568578613038 0.997647314719628 0.997880897385049 0.997867462285062 0.997661664622363 0.99773548238573 0.997890471752279 0.997663684575015 0.997383568374939 0.997344950440958 0.997830241934823 0.998045263195665 0.997599360683811 0.996967218348053 0.997872613590474 0.997753184671207 0.997744644618223 0.998014120128197 0.998383272583485 0.998420517176943 0.998526268753426 0.998456149028082 0.99843742454997 0.998437729105419 0.998443625889841 0.998461999220067 0.998464163685037 0.998465358800014 0.998477203696301
0.994095073714848 0.994355615219516 0.994475505517561 0.994786148287601 0.99510582733903 0.995583729007052 0.995687752496522 0.995590002697783 0.994938929437743 0.994367818650296 0.995489705466961 0.995605727835043 0.995561293422305 0.996030518669232 0.996390063422863 0.997090891345991 0.997245952495198 0.997273670071466 0.997152526133796 0.996835326898594 0.997406689398847 0.997650095303302 0.997889500508284 0.997942239549614 0.997982143700047 0.998023473844246 0.997768338767 0.997557774849403 0.997569973355779 0.998094341700201 0.998046134246977 0.996803399714484 0.994586816367389 0.998328486694682 0.998132416434538 0.998076589413083 0.998248381224973 0.998394340181536 0.998437860170326 0.998443583653607 0.998463555521139 0.99846455934196 0.998477088919807 0.998501578738634 0.99848423404065 0.998543908347451 0.998576977046294 0.998657659618275
0.994342820481453 0.994876899750616 0.99519829552505 0.995112341567957 0.995153434204363 0.995692797359047 0.995823090271199 0.995608947258875 0.994232816871493 0.994197324797668 0.995344806772465 0.995552620410412 0.995795425726975 0.996505005452461 0.996909042954078 0.997177462747588 0.997008896609737 0.997037421409464 0.997175694128942 0.997344577701453 0.997430747195921 0.997703930024527 0.997801910891455 0.997838548078616 0.998093564401965 0.998043517873238 0.997898760092457 0.997899425265801 0.997964741613815 0.998172366609209 0.998099981658013 0.997317634771819 0.996451969999889 0.998209301154613 0.998209643779494 0.998222617121903 0.998274542500167 0.998350626057587 0.998479071181828 0.998494737036839 0.99854032470712 0.998575214109652 0.998691012796151 0.998691736115343 0.998661140035522 0.99857980933621 0.998690833150104 0.998568959548338
0.994663016595305 0.994910622448194 0.995110878641161 0.99553167085928 0.995579816378653 0.995868162962459 0.996303359819958 0.996269851523355 0.995792213121548 0.995563091966176 0.995987646050171 0.995903137973861 0.995964296420276 0.996711791783968 0.99692726514298 0.996906148919711 0.996743398503016 0.997098512240024 0.997371251114666 0.997465194917292 0.997530897452223 0.997608014755689 0.997840916906353 0.997948477633115 0.998093637889225 0.998093936005069 0.998111051907666 0.99816162023382 0.998162131614239 0.99816270833771 0.998128947381301 0.998025829792773 0.998102236466857 0.998316419253213 0.99832685804275 0.998320216726319 0.998188797072645 0.998186188274912 0.998226034468898 0.998375634454039 0.998451787710716 0.998595850961129 0.998695050144553 0.99872060382405 0.998691100488423 0.998608729792861 0.998692989092067 0.998581500490193
0.995052138455924 0.995419431569892 0.995581737653824 0.995697813432749 0.995827049492037 0.996253100594856 0.996532812046801 0.996532587797017 0.996194237678319 0.995580495188808 0.996075345897891 0.996262449007701 0.996361198081657 0.996641165223811 0.996744755744526 0.99693397899967 0.996784058170667 0.996656646034871 0.996402844524115 0.997235445711006 0.997364014134748 0.997531072836766 0.99762716576295 0.997948357742817 0.998110502457817 0.998160267727314 0.998176100443862 0.998234495542017 0.998279371067716 0.998317683309847 0.99827350648132 0.998150587864198 0.998218347474211 0.998326913726395 0.998319368403025 0.998226320273731 0.998324487321011 0.998200563557268 0.998271967226261 0.998404523280864 0.99840794233246 0.998458801577252 0.998631909909618 0.998737743496367 0.998715598546157 0.998725839128432 0.998744225337868 0.998741930376191
0.994993290691399 0.995588120060243 0.995747463925753 0.995977646100793 0.996180245552476 0.996163850317468 0.996457377374311 0.996275036920796 0.996270420860221 0.996300457830784 0.996431804565398 0.996554055168173 0.996638128381727 0.996565580167598 0.996482759267868 0.996813509137152 0.996835757973346 0.996520701422097 0.996599868792839 0.996789318949369 0.99738617414227 0.99763544349672 0.99776327647966 0.997984624652676 0.99803353042427 0.998033993128849 0.998105482974912 0.998356388178499 0.998483348026725 0.998443340463808 0.998319021800742 0.998318745276515 0.998327627954379 0.998322507899992 0.998188306905044 0.998233094738471 0.998407742704696 0.998411897386494 0.99843089497963 0.998454349916011 0.998453737964111 0.998482657473761 0.998632815810558 0.998746569164785 0.998753823664217 0.998756364088495 0.998753872340057 0.99875755693067
0.995269456951244 0.99578634550475 0.995993713673533 0.996040264064801 0.996138273720552 0.996294702717678 0.9966940995367 0.996698248536493 0.99644099047291 0.996254204418959 0.996332988064987 0.996556805258422 0.996672368520529 0.996677680816073 0.996623198725118 0.996967194483634 0.996993891193066 0.997127782518761 0.997325678028197 0.997390677888553 0.997489802164216 0.997834746438707 0.997981081543978 0.997884233479377 0.998032388909537 0.998103202975848 0.998270425509 0.998180661199592 0.998316364516568 0.998367154440904 0.998526343187686 0.998489813769213 0.998365809510404 0.99837480412376 0.998313890950546 0.998141787764802 0.998607508919463 0.998624039007381 0.998624861382853 0.998628063950072 0.998597655187004 0.998516402331157 0.998668167538869 0.99877160729706 0.998779805293365 0.998848147308854 0.998779370525309 0.998869049509947
0.995786583770145 0.996037220025512 0.996216965696906 0.996358877550959 0.996386604597234 0.996691810067628 0.996780095161826 0.996704321463059 0.996521935174706 0.99644202914336 0.996397622004244 0.996751110877323 0.996812958361501 0.996966029672681 0.996992815400186 0.997063994629996 0.997064193500158 0.997064579497674 0.997174437269514 0.997493601720723 0.997606026622263 0.997781733903554 0.997832439734221 0.997833017594093 0.997833424615026 0.997909873335945 0.998135245883452 0.99818200366789 0.998328294264124 0.998363497313313 0.998403967959609 0.998537422528547 0.99856623578471 0.998537918188752 0.998449084402305 0.998506025096671 0.998624792630597 0.998627679846558 0.998658885794878 0.998772493500385 0.998775370583438 0.998748311551509 0.998672163882137 0.998796360950304 0.99886748743217 0.998869913648154 0.998869868855017 0.998848732176532
0.99594033427028 0.996135750910489 0.996298598678864 0.996656659671682 0.996657328633029 0.996698298538134 0.996849573957045 0.996962294322826 0.996829267987639 0.996673853796543 0.996596821344347 0.996792469052745 0.996669018410589 0.996885384980731 0.997064074556861 0.997176613856094 0.99740897905732 0.997151307533199 0.996998020495243 0.997302557572489 0.997492636537534 0.997567960032132 0.997675921529622 0.997833073845939 0.997897192995575 0.998042968423388 0.998001406263999 0.998336743973234 0.998402835725483 0.998439689207622 0.998563935709229 0.998574599127349 0.998602312347413 0.998607247168449 0.998624112873441 0.998625038093198 0.998659909313315 0.998775370583438 0.998747283298069 0.998671818984455 0.998776118240549 0.998779067579761 0.998799190304517 0.998849263728067 0.998798591894728 0.998866389479472 0.998868116145984 0.998863375460107
0.996264239217965 0.996425892250163 0.996775365839958 0.99678148232856 0.996781594832252 0.996919358822914 0.997200676009372 0.997109709955981 0.997037279738148 0.996677414519455 0.996434183810144 0.996966605070352 0.99689498340178 0.996838491017581 0.997242712616149 0.997472270528279 0.997473166201611 0.997410543881399 0.997241129420254 0.997177442671172 0.997102975265273 0.997456297087416 0.997692980043972 0.997844368913576 0.997705072675661 0.997856911560033 0.998195392364839 0.998271561341729 0.998360367665154 0.998270468881636 0.998445760618987 0.998600627822435 0.998602400607885 0.998607610437946 0.998628563777081 0.998672431504556 0.998775370583438 0.998775411683272 0.998775419259278 0.998776358115846 0.998799555183916 0.998843696026414 0.998755478642771 0.998755248332182 0.998755230907368 0.998773960972785 0.998852364303302 0.998852235889997
0.996181079291958 0.99643057194919 0.996783394891325 0.996850838013679 0.997004296837575 0.997006351829256 0.997009934901386 0.997038973354333 0.997069223589472 0.997034647833596 0.997229978864935 0.997162998068359 0.996815271316193 0.996884083422866 0.997177532636246 0.997494105335735 0.99752887674197 0.997493871805344 0.997569301364029 0.997522242054545 0.997222879200129 0.997369955617607 0.997954193161589 0.997965752631842 0.997937918006279 0.997812707457884 0.998054792485658 0.998227984532892 0.99823696986564 0.998224942955805 0.998178074751077 0.998497338637367 0.998607245085047 0.998627702195777 0.998669702248324 0.998772574279551 0.998772422759427 0.998774464398397 0.998776591078036 0.998754980804463 0.998752834995409 0.998752782815666 0.998750984934696 0.998744651961717 0.998744651961717 0.998764870617651 0.998850060534519 0.998846229064085
0.99617934514414 0.996465117022241 0.996929445138763 0.99700520747352 0.997007489745387 0.997038201738102 0.997110213949793 0.997232583306465 0.997460745718254 0.997300813386463 0.99723497391522 0.996994943879127 0.99690970547582 0.997154214446776 0.997242324156431 0.997570261054614 0.997775706433025 0.997677906443245 0.997849768901392 0.997842126983943 0.997688801497755 0.99775640428444 0.99796588426495 0.998037288691544 0.998123659897177 0.998047674827837 0.998047911388631 0.998048151169227 0.99805832858655 0.998132923837553 0.998279418607155 0.998372620718774 0.998605159410541 0.99862592069792 0.998642962545056 0.998651335736504 0.998652603959941 0.998676516676496 0.998749491987975 0.998749463767352 0.998749722677363 0.998747951217715 0.998743864246472 0.998741301851777 0.998744556125238 0.998753882378265 0.998791813831385 0.998776174776496
0.996348574182533 0.996525587188492 0.996600271078768 0.996836847024237 0.997067031093279 0.997206455176298 0.997208889347089 0.997210256816207 0.997239171401453 0.997328186065048 0.997297529377177 0.996994036273585 0.996975289825054 0.997412350380077 0.997492679341969 0.997626314598654 0.997794127681489 0.997743413517216 0.997911537973906 0.997954032739658 0.997901233090279 0.997813687414285 0.998056764898871 0.998229083432591 0.998229713188106 0.998228818651174 0.998230628180254 0.998231005086562 0.998240089475592 0.998310789712409 0.998453744024916 0.998479536727409 0.998497622926999 0.998539599872728 0.998648877133093 0.998651900148965 0.998653978436865 0.998650992922223 0.99863161899098 0.99863586231205 0.998646701304114 0.998648878458894 0.998718098722902 0.998648890959304 0.998741651863263 0.998730233685526 0.998735641628148 0.998776174776496
0.996561454274624 0.996644403587659 0.996679424433899 0.996894673543127 0.99723529134988 0.997273476693907 0.997262337123798 0.997362827542777 0.997327343044959 0.997347528366466 0.997218957669922 0.997154556314056 0.997222093189487 0.997399229494947 0.997459899288962 0.997693234976581 0.99787290166811 0.997865048380088 0.997953760192835 0.99791440454525 0.997851399068525 0.998009663542552 0.998045275885475 0.998092393340807 0.998184570229389 0.998102047824303 0.998277128759282 0.99830223053001 0.998302370307324 0.998302386785138 0.998345005607991 0.99848924689455 0.998494793099285 0.99850617093479 0.998540330957325 0.998623564181193 0.99853787841472 0.998633124911611 0.998652899613583 0.998621232286486 0.998523641205077 0.998625158362296 0.998622408272047 0.99864507000058 0.998725326232812 0.998706337352083 0.998646822899013 0.998773629427814
0.996815986869978 0.996680361585865 0.996863711542206 0.997137984558104 0.997303743028059 0.997548083054077 0.997542973416699 0.99738932879125 0.997389050183622 0.997347828376311 0.997265809775638 0.997300009193405 0.99728468066007 0.997459990011636 0.997678526349952 0.997849862275669 0.997909424836378 0.997877973804258 0.997755808242152 0.997960153395063 0.997961743030563 0.997851664986343 0.997947779504144 0.9981959562091 0.998141782840398 0.998302747971233 0.998304292150696 0.998306900948429 0.998314725258228 0.998314227135821 0.998279183182762 0.99821188949713 0.998357885386724 0.998392225907607 0.998513156201902 0.998475021048916 0.99838162745374 0.998513381398686 0.998513921189128 0.998512726452951 0.998522200438098 0.998601358149433 0.998524759423591 0.998615116366084 0.99857889226066 0.998626590416867 0.998683645414226 0.998712958781498
0.99679248761396 0.996863470246409 0.99693965191311 0.997140495057157 0.997262588457803 0.997391294386057 0.997391092296092 0.997413338101884 0.997471644939567 0.997493285611864 0.997505857804746 0.997287402908496 0.99699913038015 0.997108606510679 0.997477644757674 0.997757107527215 0.997945735876473 0.997946136079 0.998008643243918 0.9981974236815 0.998145819147098 0.99799128225752 0.998277120046875 0.998300867795895 0.998298369418452 0.998345356566478 0.998474870665193 0.998438111504332 0.998321462221737 0.99828692131549 0.998135419563394 0.99824143232269 0.998491269688204 0.998463536770524 0.998322919466529 0.998045283840282 0.997728892775541 0.998364371773828 0.998396414681432 0.99849697517847 0.998525274213212 0.998624663649092 0.998615157844718 0.998612278962364 0.998600028749746 0.998609745735292 0.998648594548062 0.998644292702344
0.996935191160662 0.996866128288183 0.996897873648144 0.997069695195857 0.997326910455005 0.997413682241966 0.99753454946601 0.997709245729274 0.997701229746519 0.997549277032654 0.997609334306568 0.997722833675186 0.997558599876478 0.997477015759759 0.997687882149403 0.997756775319343 0.99800907450807 0.998197254168361 0.998230104867626 0.998230131194248 0.998230201461705 0.998239809542163 0.998277482937572 0.998156368735726 0.997635107122044 0.997676610188585 0.998479632374487 0.998494432860191 0.99842036679322 0.998173214932502 0.998175072758622 0.998209496047373 0.998341386360431 0.998319635646643 0.9980604684295 0.997536313917852 0.997546574292443 0.998256028824427 0.998492332223073 0.998517585135124 0.998622845028804 0.998643754616504 0.998600398080048 0.998601314587397 0.998598244789687 0.998603832094256 0.99864046056901 0.998712174475457
0.997136575989152 0.997231505430184 0.997253430770914 0.997224979269047 0.997388905481904 0.997477247964349 0.997727468675777 0.997805997389196 0.997703127914871 0.99754962685474 0.997626213269571 0.997747892452079 0.997602759469591 0.997798161147188 0.997835012545925 0.997657009545356 0.998010972108222 0.998093806644763 0.998230192749298 0.998235961499216 0.998247195769403 0.998244296621232 0.998326152905973 0.99844857624169 0.998219613803647 0.997729766857256 0.998494432860191 0.998494432860191 0.998458561039055 0.998372981336669 0.998459523949442 0.998337911056989 0.9983417155379 0.998323364556893 0.998170660303213 0.998108502960382 0.998264608272643 0.997948489565325 0.998411198689323 0.998612557948792 0.998612389193254 0.998645824002596 0.998611648449248 0.998634226273512 0.998556959722724 0.998588750917523 0.99862521234134 0.998627165814538
