Niches/Distances-1/ascii/Echis carinatus.asc
NCOLS 278 
NROWS 480 
XLLCORNER 370976.070567719 
YLLCORNER 375501.488324056 
CELLSIZE 919 
NODATA_value -9999 
[rows 273 to 293 of 480, columns 192 to 239 of 278]
0.948312459915184 0.94752325219778 0.947813073829992 0.946726092704272 0.946634319995622 0.949613041989984 0.949300025657203 0.9487292129856 0.9505639186492 0.952858236365465 0.954222256885744 0.955422662945821 0.95632261369139 0.956850106759568 0.957910047603974 0.958437407334443 0.95968346034705 0.960842307467541 0.961808763425897 0.962457372589921 0.963117239699153 0.964374438532075 0.965649831901476 0.966011498315642 0.966643606938173 0.967358351605882 0.968501852768224 0.969816171657458 0.971196577563937 0.971455946681646 0.970781854863182 0.971152833704164 0.972615939294274 0.974281066665594 0.976005209609978 0.976794532482676 0.976921598773789 0.977112273212921 0.978278500878647 0.980368714927199 0.980795828943688 0.980624518776392 0.980683190398773 0.981235535797675 0.982560015626418 0.983941141253486 0.984502388459667 0.984908468452554
0.947928792779026 0.947466607914657 0.947780024260565 0.947582145039541 0.947648438124155 0.949457791440622 0.950124583019516 0.949510744693527 0.949415126404131 0.951867922048398 0.954058636364737 0.954406241711405 0.955540600149469 0.956816496565682 0.957516310440381 0.958619561797006 0.959686821063398 0.96047564695009 0.961310298583058 0.96148439217503 0.962718866019768 0.963933245265672 0.964435689026965 0.963979571028357 0.964839623494897 0.967065575331253 0.967859886246431 0.968133770992011 0.969844821082487 0.970980112884515 0.970643356378719 0.971709339845668 0.973334765914121 0.974368339226565 0.97549761113407 0.976233371642966 0.976313516697307 0.977437147510599 0.978713515154397 0.979306440672884 0.980324114978726 0.98048423538487 0.980470372808734 0.981211104692895 0.982274274431142 0.982965039524042 0.983651662056753 0.984889143575951
0.947126857371213 0.946881194763913 0.945868161519467 0.945534980888595 0.94690449855897 0.948863235565602 0.949604117454686 0.950439769120472 0.949843010142849 0.950386306759951 0.952354216794884 0.953673520696194 0.953857702498016 0.954065733567341 0.955100637226473 0.956529650788703 0.958433776912274 0.959181501450154 0.959583360092389 0.960851238063644 0.962209628096119 0.962758688538734 0.963068474462473 0.962254753819422 0.963778097749994 0.966663622746542 0.966670135081467 0.967342914735658 0.969244695327711 0.96922534923829 0.970177335024813 0.972003925270576 0.972478101437551 0.973482667737473 0.974098639466808 0.975291986204312 0.976926292867228 0.977335072948724 0.977990985382721 0.978705704292009 0.979727209026583 0.979683657597368 0.979840665780167 0.980997174945146 0.982103755198894 0.98225002363531 0.982837650495065 0.9843472545808
0.945952255188237 0.943957995803756 0.942740755857912 0.941857884460711 0.94381835485756 0.948705224319582 0.949957377532378 0.951274272263718 0.950963477215954 0.949005046279973 0.948922176893803 0.950258554082676 0.951991198821212 0.954151021214688 0.955786408216088 0.95705016180957 0.957913068915245 0.957694470832478 0.958514491682281 0.960784151013581 0.9618250306264 0.961784611118145 0.960998558049721 0.962021858297763 0.96448535429318 0.965498002676512 0.965672162937338 0.966533827577997 0.968657491209103 0.968766940255409 0.968971613638788 0.970531792111483 0.970796643227275 0.971415878700079 0.9726066783843 0.974353641774546 0.975908950390458 0.976819309053338 0.977006234884604 0.978099338938531 0.978938121010077 0.979926979218753 0.98047163951697 0.979814570984427 0.981154398286521 0.982079125602752 0.983423295471598 0.984431345219169
0.946656102528635 0.944867225641713 0.944867346857812 0.944157723570291 0.944505225883274 0.946126442722686 0.947784527438647 0.94976954409557 0.951238792311503 0.950806856924671 0.94890241260884 0.948557346739449 0.950245105156478 0.951848391104426 0.953375510916486 0.956188606263401 0.956421295717691 0.957024142773892 0.958847151083926 0.960166209522636 0.960520190836118 0.960138023749186 0.960529972975317 0.96159680495496 0.963301603325123 0.963934693798057 0.964118896812696 0.964769760596164 0.966358512733826 0.967714072370386 0.969524625726235 0.96958898844447 0.969113515265234 0.969748611864608 0.971711048992665 0.974014518524415 0.975876441747873 0.976995743631224 0.977084204109966 0.977346420290803 0.977913513143365 0.978837663167924 0.979682993939225 0.979341514551167 0.979682010573621 0.981398430537288 0.982554647268428 0.982629476996823
0.948099289283256 0.947165652583739 0.944649539710092 0.941537510310713 0.941984040115879 0.945604783179279 0.945965298040504 0.946820035181097 0.950066656876145 0.951477972887902 0.949865632097349 0.94651623127185 0.948300501947005 0.951181578312714 0.953640171116921 0.954244590952009 0.954342227489455 0.957080299162216 0.958195553943058 0.95885877267743 0.958790203760555 0.958827265582864 0.959705924720621 0.960442167063511 0.961432248039587 0.961407410860875 0.962625656900342 0.963371181366023 0.964313569867897 0.9661196655017 0.967667701151665 0.968987392944493 0.969056640671523 0.970060003901661 0.972388889418995 0.974031019065909 0.975087826474153 0.976066979818892 0.976467415687164 0.975953739739086 0.9763580181577 0.97808984923317 0.97898495891078 0.979512770171218 0.980404881265575 0.982005162569466 0.982645191148874 0.983063051831395
0.947569684024551 0.947485511565316 0.945924823985004 0.942691123926124 0.942265625114156 0.945669615609898 0.947154434033765 0.94722670913287 0.949672356057691 0.951513049796587 0.950450684630198 0.94756426566492 0.948557661901307 0.951047437547015 0.953864820913437 0.953850820453988 0.953032081464433 0.954830861706654 0.957396200438156 0.958818919854439 0.959408796788033 0.959114447734518 0.958487027144621 0.959582569157342 0.960275588869685 0.96014968170752 0.961101406879429 0.961984017662017 0.963664266741705 0.965747741175145 0.967209210347916 0.968542069239512 0.969520277098679 0.96985410623568 0.970678151459974 0.972316568863852 0.974531977929987 0.975886307223141 0.976537455864442 0.976925312532027 0.976422099048505 0.974555351424301 0.974456760310075 0.978211066847501 0.979453159124069 0.980557649915308 0.981220945924943 0.982771325591225
0.948206856449623 0.946582918308786 0.944428477910111 0.945320604156481 0.946183820363208 0.946099666086388 0.946206863543653 0.947764514660681 0.9495865259683 0.949460758204648 0.951142189141302 0.951567503098719 0.950259211680014 0.951034258326638 0.952428919246374 0.951822590257726 0.952262095589948 0.954243609101606 0.955911200190141 0.956982714141612 0.957048067801458 0.956618062781005 0.957224846330025 0.95838972698185 0.959763850863992 0.960132296288502 0.959983806567069 0.961074099922698 0.963648269247022 0.965108005029576 0.966454503762727 0.967324111088281 0.968395740195046 0.969297463726065 0.970080877313931 0.971735283121284 0.974201045857754 0.975549141613011 0.97601613269571 0.976602464058405 0.975688327998836 0.976179589574983 0.978024371326823 0.979289618908727 0.979630664949231 0.980013860857804 0.981294272573709 0.983016638187038
0.948037220579697 0.946726280589226 0.946415094619542 0.947510676027495 0.94656631776401 0.946131170150552 0.947406321087755 0.949345015012395 0.949180949022224 0.949318529294735 0.950178478727592 0.951121561191633 0.952419712883645 0.951398152086625 0.95007572384036 0.950036671043623 0.951331740816315 0.954110628980056 0.956087572644777 0.957453072001465 0.958060861644108 0.958220539611491 0.957834196629944 0.958762845286982 0.959984145972147 0.959325754668922 0.959900982636937 0.960566283257812 0.961706178241204 0.96365756046102 0.965287426069105 0.966316747726871 0.967793787107576 0.969365408380029 0.970904110390361 0.972339345368878 0.97400128172639 0.974053941030254 0.974984271560667 0.975836573772869 0.975865405022047 0.976139245826791 0.977484441486875 0.97960417771637 0.980247370035965 0.980387703429128 0.981725362478249 0.983276190644097
0.94802004425845 0.946805343789883 0.946437440807416 0.948419814953378 0.94810696226233 0.946419452338305 0.947432267393773 0.948270046402099 0.949204034628303 0.950643042457906 0.951173402286828 0.952177017040372 0.951802701726261 0.950045710734215 0.949525660334525 0.950691056154771 0.951679564351961 0.952777030670256 0.955706705600508 0.957227434293742 0.957987501660915 0.959093077336242 0.958733526143005 0.958980913049315 0.960127974934568 0.959439779622971 0.958263974370211 0.958240206923575 0.956612911096792 0.957831551088581 0.965784209038568 0.967593350226861 0.968019879375672 0.969561820886253 0.971405360173077 0.973093973163604 0.973570279703522 0.973305519499804 0.974139286255248 0.975704405799184 0.976171621131667 0.975949257773821 0.976811773957576 0.979030551316065 0.980717683954982 0.980846686673279 0.980797465361026 0.98239722543569
0.949105055622559 0.94721632697398 0.94670906790315 0.949159311948529 0.949701411556652 0.949060417794055 0.949252654405664 0.949647697672725 0.951008102922848 0.9514086372792 0.951165992952769 0.950753052128671 0.949922536995085 0.948007874162098 0.947578557043007 0.949256303010247 0.950582916242336 0.952433501214921 0.954052481617304 0.954721385386725 0.956795801947158 0.959048584967056 0.959342015808621 0.958302781704348 0.958182608063671 0.957366220666439 0.95467963250138 0.957289224200273 0.9620856119051 0.9632077850948 0.965219490506348 0.967275476158908 0.969518452796387 0.970987504036159 0.972073097237544 0.972185131217164 0.968166256906577 0.965320139263857 0.970845775142655 0.974321680119608 0.975146164752261 0.975639365785995 0.976330518770411 0.977958882814068 0.98006784293235 0.98087554671128 0.981111993864644 0.981838823777436
0.948679556810591 0.946520637477053 0.946176977714413 0.947920368260136 0.949375076604979 0.949867317001127 0.950463524445498 0.951347177686539 0.951348244388212 0.950263511821131 0.950452511962892 0.949963162570709 0.949245399622131 0.948860526385786 0.947694275992041 0.949160451379861 0.950929579133832 0.952443983377094 0.954270682717346 0.954986378931434 0.956293852141469 0.958159967926756 0.959039327087485 0.957825353915513 0.956711120380306 0.955971944607817 0.956011033769384 0.960116813962241 0.962304743338703 0.963182890338441 0.965248606613359 0.967697150602948 0.968799623146137 0.96952320143707 0.970589160660799 0.968441187141012 0.962060732300754 0.965372704625244 0.971974097018983 0.974032910037055 0.975855421361082 0.975796795194739 0.976267621251775 0.978099457124228 0.979991698009279 0.981314836884926 0.981387534725177 0.981554250802316
0.947316287830127 0.946344274113626 0.946321091534667 0.947990261462894 0.950885835274059 0.951658687909289 0.951612328812177 0.951399118785016 0.950695565393659 0.950459484918995 0.950811651021392 0.94998696032137 0.948845034968317 0.948516624190947 0.948871872212665 0.950272769700702 0.951222552384622 0.952918601982831 0.954717309495392 0.95524579350518 0.955872165575819 0.957931848319403 0.958307030328622 0.956679061752489 0.956197197454426 0.956753946028129 0.953465953278448 0.948106671343693 0.95135331728196 0.963801250024928 0.966048460134669 0.966837573909597 0.967277748960766 0.969164704823896 0.971345555180169 0.967177536581214 0.96319418767888 0.969832772202233 0.972417166104519 0.974296364137305 0.976053856660961 0.976388981295021 0.97673150162633 0.977924036215971 0.979697585327157 0.981276273498189 0.981318770347343 0.980660842695698
0.946821744328095 0.945980716728313 0.948776323622526 0.950419916953837 0.952270607990509 0.952752617747891 0.951872849482827 0.950598580392745 0.950750403556905 0.951957652265778 0.950823205946042 0.949090782426887 0.948192104450359 0.948451422051226 0.949106752647947 0.950767788975922 0.953191692762961 0.954245184910894 0.95525442712184 0.956299973554475 0.956744415412335 0.957381699962298 0.958817265254686 0.956194694341979 0.946451810975968 0.947315451439043 0.958692624800756 0.956969231880987 0.957121918709852 0.953446516276953 0.942409690447971 0.955531663492561 0.966180052331884 0.968926966719077 0.969460084214254 0.96963737488084 0.970412336676194 0.971081085895089 0.972948071405887 0.974097845501358 0.975150886119322 0.976368279100491 0.976631281670772 0.977617861016784 0.979690062353005 0.98159824012469 0.980615457872982 0.978375241932161
0.94820786860405 0.944780095509659 0.947201871954159 0.95112294002476 0.951754954704814 0.952784976385553 0.951792280172139 0.949824421654048 0.950023264543059 0.950234662389538 0.948975942294572 0.947931483776426 0.948740249711425 0.950313401337129 0.95122005533298 0.951351056601711 0.951716914062505 0.952062170847252 0.954322114708206 0.955984632902994 0.956831848584636 0.956915833158918 0.958158322418211 0.953571314311811 0.945891586530623 0.953350019170839 0.959051882044953 0.954229032865685 0.949429287474912 0.94623368866639 0.937334481471927 0.952129515481526 0.967623436062665 0.969418670733986 0.970080186382166 0.970176059225369 0.970403703059534 0.97080267675861 0.971675259939397 0.973827257833675 0.976047195836313 0.976975083862329 0.976629011899316 0.977611148675295 0.97909603831362 0.980440332428967 0.981867753514695 0.982015481089904
0.948851659428135 0.949261654701024 0.950050019966539 0.950373691194434 0.951018806304401 0.952574169467558 0.951756933557633 0.948918734356588 0.947821061970925 0.949982235923907 0.949550852070326 0.947559447324979 0.947684463548816 0.950151744516929 0.95072430270036 0.950885935277341 0.951895874480857 0.953283901849569 0.955649000676518 0.95640860136171 0.95639390390969 0.957564136252292 0.958556380935738 0.957048910253347 0.952465514386701 0.954690987419466 0.952286050921538 0.942280607424008 0.947050412438297 0.951609149919977 0.947364998519562 0.958252273986243 0.964530661840632 0.967711345008156 0.96890075373764 0.96862415375144 0.967127647065215 0.963544393110874 0.965975160759526 0.973470794620564 0.975114259159769 0.976692826114702 0.977298442958768 0.977353658407123 0.976978996111928 0.978229772006798 0.982030469460562 0.980765377944385
0.950006367018841 0.951334868191673 0.947938538553396 0.945932418173615 0.949769407727458 0.952140552207351 0.951659572786812 0.947670941892958 0.945991729210919 0.948208747420769 0.949461537018085 0.948242463678742 0.948585274928689 0.950561054918858 0.950077645115531 0.951324498154392 0.953156691614338 0.954678829444723 0.956259214641143 0.956293924871129 0.956290818708589 0.956597895452512 0.958179038249552 0.960166503471677 0.956215295018026 0.947140603276854 0.938407268192439 0.932803266105554 0.940905004705457 0.949256690901765 0.955563016036601 0.964811940768259 0.966726233892144 0.96867180683041 0.96886981635874 0.968612929140661 0.968451569299903 0.968447511590984 0.970349098237279 0.972988103022625 0.974531471852773 0.976318551711025 0.976926695910758 0.976007830908121 0.976316775895173 0.977041626955147 0.980876422497596 0.982605147410526
0.9476352861774 0.94771662824072 0.948589796289186 0.949003409862634 0.951035415940384 0.95316994962518 0.952830241507371 0.950283676119221 0.948459798083675 0.948324975477419 0.948632888612427 0.9460012446747 0.946301599985927 0.950567797564372 0.950340153730207 0.951447868869683 0.952832559765267 0.955112598225054 0.955838828118156 0.955837655352397 0.956743418409919 0.956454757421856 0.957210970117077 0.959332006389235 0.960436388085985 0.950665200760827 0.932289425000541 0.928205266729366 0.937316729374209 0.94954410639441 0.957984380346363 0.965595257383245 0.966967820608111 0.968214049384062 0.968569333770609 0.963708810627732 0.959730007329115 0.968570758059774 0.972016680234607 0.971347997684566 0.971564177506156 0.975992206152943 0.977955894837224 0.974161741537612 0.96692374946487 0.971655583536106 0.98108128528113 0.982607945987215
0.92296119766643 0.950494176966566 0.951767955131446 0.95252487997125 0.952649938620721 0.953761453884905 0.95494061682361 0.953406708909999 0.951259905125569 0.949945104402341 0.947899840313749 0.946779439909499 0.948883599870255 0.948331296896989 0.94799706774686 0.952440952974615 0.955302231720934 0.956199391465821 0.954459879835269 0.954722446027593 0.956513771479717 0.955602750673895 0.955320895969798 0.957476454586987 0.96020739875312 0.948471525741266 0.928013684684693 0.932053077850459 0.948539988594054 0.955350721190988 0.962986296008069 0.964791567372397 0.967242541744774 0.96782694274109 0.96398752280446 0.953308545082522 0.945781110177877 0.955800305641853 0.97224038454555 0.973610274955429 0.975358576268369 0.976496790893587 0.977356337282913 0.978232558461876 0.978693685715781 0.980079959996659 0.981207763674163 0.982026798127959
0.889667062637292 0.935967648738148 0.951794674190096 0.952962557970778 0.954533524676295 0.954570522860152 0.954062591039971 0.953964778739182 0.951875043494221 0.949868110966577 0.949673840954905 0.950634099740193 0.94783709886084 0.947131881778522 0.951351283881897 0.953415433438734 0.956480343109979 0.955466276498288 0.953025096386721 0.954830513210369 0.955548445861485 0.955167260624957 0.954598475292611 0.957478539503892 0.960193358898439 0.956430271769832 0.9457312479355 0.944509116920056 0.960148111959036 0.961682641105155 0.962762788673287 0.964761736090402 0.966657374056631 0.966613442311905 0.966879396494199 0.967276173151478 0.968423628989053 0.970282156646534 0.972827103799761 0.973457666917028 0.975090176551275 0.976632990817769 0.977573948969674 0.97873444159871 0.979551948729658 0.979767630050039 0.980299594477073 0.98114878446593
0.895348436960251 0.91716386196224 0.951197972790121 0.952384996592855 0.953871027177713 0.953924486507831 0.954454522083688 0.954723109685735 0.952493688038542 0.951919090394242 0.952425628229283 0.953476638477586 0.953162640294402 0.952145509945806 0.952480384571662 0.954972257255885 0.957455259952055 0.955895151178617 0.953664550704859 0.950704156584684 0.948636209933543 0.952947351411142 0.955452873028127 0.958930238659074 0.960476365155478 0.959665732492552 0.95819249929736 0.957260323251838 0.959761896254394 0.961424644759769 0.963941245528215 0.965147224498449 0.9644126216033 0.965559450147563 0.967376815848182 0.968683110231654 0.970263440880829 0.970729901643095 0.971288519975126 0.971492684250889 0.96963846279533 0.974190357628214 0.976105762909809 0.97779071214374 0.978671939547597 0.979082845456431 0.979841344590322 0.980854438442818
