Niches/Distances-1/ascii/Hypnale spp.asc
NCOLS 278 
NROWS 480 
XLLCORNER 370976.070567719 
YLLCORNER 375501.488324056 
CELLSIZE 919 
NODATA_value -9999 
[rows 273 to 293 of 480, columns 192 to 239 of 278]
0.931867074049597 0.932168904420206 0.932462228258959 0.933487456382157 0.935694486392224 0.93735487182167 0.938383775715215 0.938783841816886 0.938743057014956 0.939620143249115 0.936267924132808 0.932289906212773 0.93545838072773 0.941318533596824 0.939576086704164 0.936472001848505 0.934012762171718 0.938413243360413 0.939514349572095 0.936411063987885 0.935608542753399 0.937949815234166 0.939409416648943 0.940605047688528 0.939779896532178 0.938153875383458 0.93867242689011 0.940023419611388 0.940163041793767 0.941134240045301 0.943940934439338 0.944416571217395 0.941572886365013 0.940392388783752 0.940021320425932 0.938343733093917 0.939886344557803 0.941583685312784 0.94014197089039 0.937781889180952 0.938360025935003 0.939867082994191 0.940853871430591 0.940972668639271 0.938087606118774 0.936081320598964 0.93656383901637 0.936673352379751
0.927123578052639 0.92736172581177 0.929668976556718 0.933054488403018 0.937788476583008 0.941071145908408 0.935367659026613 0.934908249215621 0.93784941883523 0.937833095252935 0.939140101694883 0.939378868669808 0.937014553456649 0.938059996120956 0.93842755558928 0.936456846432175 0.936714839837901 0.938516099056117 0.940816165141222 0.940589558510493 0.939222277339732 0.939015279209123 0.940864819692809 0.941497864638797 0.942219857078948 0.939847013375927 0.939263786755888 0.940837539065094 0.941068361633139 0.941072107669108 0.941536018871506 0.94204996358832 0.939869700388608 0.940356171247247 0.940603378880007 0.940701443338615 0.943066821319306 0.941041278627486 0.937885891084614 0.937255397659022 0.938129352681404 0.940864292700644 0.942347845909297 0.941157124680044 0.939281673748271 0.939000053527171 0.937757994477894 0.935723062542343
0.928008718483712 0.9325818642635 0.934133215014114 0.933647872797027 0.932844745521552 0.934681879731365 0.933626687712015 0.933958872831298 0.933103590897944 0.931992173206244 0.932017372214909 0.937327090551399 0.938392449127923 0.937768898824098 0.942867319652237 0.941433202700215 0.937115006946402 0.934695621052054 0.936367459777875 0.937047802270626 0.937983793053971 0.937830108964003 0.9401445663268 0.943458332581506 0.942482303568464 0.94106862073762 0.940733124350903 0.940161614523321 0.940230127896306 0.942334969734078 0.944116717067404 0.942596551078123 0.942399477966612 0.941298248790092 0.9406251436564 0.941691841671342 0.941240218169579 0.940915336283376 0.940903500917682 0.939783396638471 0.938200711812077 0.940562791700138 0.942112280411771 0.941104706526083 0.939457078698619 0.940083834871445 0.940255274205755 0.938321779478665
0.929454692759435 0.931392653745119 0.927879289208114 0.930029202050753 0.932856712635287 0.93876456707847 0.936258425099043 0.932807878028045 0.933028209060415 0.938617812935464 0.93729438190439 0.935939954950841 0.937410315788975 0.936427422702991 0.940114532165026 0.940243987790232 0.938561868325603 0.937962190766829 0.940478828673532 0.939840649945541 0.938105703908023 0.939206243603127 0.943236842166374 0.943133332122066 0.940362438062403 0.942823627610199 0.942540189266132 0.942746348600879 0.940900057902207 0.942761947568948 0.943702808638213 0.942546131102786 0.945452470931924 0.946140792964366 0.946229226641168 0.943492907659098 0.941551222595451 0.942138076678223 0.942863169588941 0.940995671847251 0.940847973509951 0.940469944463959 0.940501098484083 0.943472139776216 0.941902853725604 0.940966388649311 0.938948807930776 0.938548236794948
0.933347100802349 0.929121963081582 0.932440621580215 0.936900442086632 0.935250315437988 0.932442615367237 0.936524490268088 0.935783117691088 0.930899345163146 0.934857091451253 0.939069164157942 0.940559669271564 0.939828898020273 0.938119519885935 0.93872061154035 0.940410890600327 0.940027578457886 0.937220603001361 0.935946133933969 0.937324560989009 0.937629535746199 0.94234740674916 0.94406179130906 0.942774419716841 0.940796512725088 0.940747159908884 0.942788341093186 0.943642296762926 0.941703865875895 0.942645679922658 0.940793060926411 0.94256767190751 0.945775622527188 0.947267563694458 0.947608281695204 0.943910079048107 0.941641013277077 0.941925321158216 0.943296827049496 0.94391143605293 0.944164748011595 0.941940125246437 0.940148329929175 0.943277833373568 0.944754904578597 0.942615316390781 0.941045626312843 0.942948401788344
0.930601735121454 0.928512979719504 0.928303913144649 0.930157234797115 0.937421378232828 0.936536865800751 0.935167011151586 0.93518893841723 0.931632900689706 0.933550339722185 0.940595017270997 0.943650935042822 0.943765125461663 0.940095850292795 0.935700801514995 0.936291665129818 0.937122077424609 0.938849614830615 0.936437321372481 0.938425522277846 0.940597884986692 0.941512352531719 0.945187986739372 0.945445027167601 0.94578293454347 0.94748040265489 0.945859717301836 0.944671240180884 0.942789930852882 0.944085093145933 0.945080792141515 0.944480288961683 0.945934721461646 0.94587607162534 0.944419443324692 0.942304039685624 0.941912023389266 0.942244107501717 0.944147822779912 0.946292215379629 0.946819800410301 0.945010987637727 0.943326382526721 0.943311837542981 0.943540701456815 0.941707510905033 0.941699663113383 0.941545798967759
0.925280379041332 0.928477069595096 0.9329576755508 0.930889912003401 0.930656546698163 0.932847630803652 0.933449873057627 0.936104262324525 0.935227746998543 0.934613120428704 0.935297314355857 0.937461390112917 0.93681691382856 0.934000232933007 0.936406812917758 0.937632833838829 0.937917914641809 0.941882792890542 0.938849070272045 0.937975536843394 0.940650452455099 0.943606026527205 0.946862109097906 0.94587789853151 0.946129396758809 0.948190660736179 0.947704712478103 0.947912975389907 0.94720256360257 0.947883143241795 0.946233337180051 0.945033323322298 0.945239170853348 0.947626388267656 0.947242377860597 0.946240473532279 0.943688316353689 0.94150581782888 0.942084547449115 0.943724055205644 0.945846647896156 0.95020038048826 0.951058978080649 0.94646920130647 0.945519275971976 0.945071477555007 0.945519772222931 0.943051059861986
0.924880023093971 0.927545957880873 0.930218949971178 0.930718393620266 0.934600613148 0.933968086410973 0.930832127312565 0.933810261040912 0.935933732051698 0.933267784089992 0.933606622485352 0.935705992387815 0.939129974662122 0.938433396419103 0.936217736912343 0.938330935967523 0.939651881352222 0.941821060150074 0.940109609179889 0.94132659657694 0.942696042807177 0.942593358383927 0.942580060614976 0.944355062448597 0.947830242011684 0.950138419384521 0.950611438768162 0.94821401966387 0.945338219030664 0.944819579691984 0.947475031726414 0.947685077628374 0.946778620364247 0.946287099164032 0.944421573251356 0.94537796741467 0.943877387967503 0.942725932046106 0.943846471093853 0.943686410398695 0.945768912160293 0.94775708671605 0.946013743936711 0.944273958354482 0.945241037283931 0.945545186420063 0.943399015221792 0.941206025161307
0.9234829141667 0.924388910312683 0.928107024480396 0.928755422464776 0.932963446115001 0.936238127117507 0.934678867092825 0.933025323778314 0.933340416785063 0.933237903634266 0.932020925020418 0.93219480608509 0.9353839562593 0.938549409352514 0.940026023831 0.937758117442733 0.938897461327549 0.940368371115855 0.940308838567674 0.940671325736415 0.941216687969435 0.941142153710971 0.94073548264084 0.94301410014485 0.944503498574927 0.948367857459886 0.953684479393731 0.9534280713561 0.950465822049911 0.946244860742048 0.946193114503097 0.946391926688751 0.946614844374329 0.946030511070744 0.945718074982826 0.944735006232786 0.943364593850248 0.945141220576376 0.944946786817288 0.94466661582464 0.94590352791711 0.946551499916158 0.945817913648388 0.943744761606107 0.942713091003698 0.944019592411489 0.943588802666629 0.941530415188157
0.92587334184161 0.928585133730025 0.930320940521412 0.931287848178407 0.932215828680852 0.931106027098456 0.932098630015071 0.936397889183773 0.938249423454481 0.933348093304259 0.929319167941135 0.930341102363305 0.936446157274438 0.940556243822495 0.942249298374538 0.940831364473567 0.938557410850211 0.938707638749901 0.940444196505122 0.94075518775619 0.941122659392487 0.941785685801033 0.941940542448567 0.943943174156037 0.946607743154912 0.948410324245141 0.951123354565143 0.951062232257265 0.953509109576194 0.951775911396021 0.944290308286386 0.947140303869937 0.947543944735123 0.944824028384172 0.94328187803843 0.943172303192629 0.943259305207385 0.945611152664253 0.947554449445602 0.945647515123602 0.946399928186448 0.947884570512241 0.947027198176634 0.944562627095783 0.942413399342957 0.943453488645194 0.944674959867244 0.942342123652711
0.925992933930137 0.929020899159238 0.932660236781562 0.932244633194242 0.927702123225616 0.930088646766907 0.931130519059301 0.932152716977553 0.936811266229198 0.933055476513326 0.930219556012167 0.929370273006286 0.930445003260135 0.937141229198187 0.941321594542979 0.939689038691419 0.937874187466961 0.938708899139494 0.941798302871771 0.94336790072608 0.941737962268937 0.941049064936716 0.94104331193892 0.941083661972315 0.94277166179118 0.947840518358891 0.955423197816827 0.953422577462785 0.950679460281793 0.948113908719023 0.94494391031839 0.942536298307317 0.941930380282996 0.942984821338512 0.943080817352875 0.944881848207819 0.952613310728594 0.957737966983321 0.950312151134747 0.947666567028597 0.948219640913624 0.947647182500146 0.94710744151688 0.945974667467714 0.943157942656147 0.942755193286039 0.943757238145602 0.943314191441316
0.927001535450546 0.930421323745544 0.930004358761799 0.92932389330421 0.928910863195293 0.926537571548932 0.927366249161182 0.930337461725768 0.931532078305437 0.933096669734183 0.933881418157922 0.934449849472943 0.934949921121027 0.93732366510233 0.936903907060113 0.937208877425702 0.937777826949684 0.936465317831219 0.937054455546703 0.941546088813449 0.941699693854593 0.938708675167824 0.938140603964116 0.943246481731382 0.947191145439006 0.947697220406164 0.949203381578673 0.946928040209285 0.948326514924582 0.946505383710164 0.945506887264509 0.944052766568243 0.943711174638824 0.944347469369827 0.944462507367733 0.949194980445251 0.960246809797591 0.957362963750674 0.947932768337284 0.943506394266907 0.945443573547547 0.947703496004523 0.948012502251771 0.945004202613609 0.942195439775327 0.941602042206513 0.943501998273935 0.944201198302972
0.930159505255024 0.93065198821594 0.93050839163432 0.931490748944937 0.930601317919324 0.928289583349377 0.927849698598078 0.927177686973127 0.931632940214118 0.934942297301048 0.934916694265057 0.93288216196523 0.935128685646424 0.934847298180196 0.939558599347506 0.943261263861596 0.940129766630181 0.937326405461585 0.939040724147465 0.942646760256595 0.941742959911297 0.939717557750721 0.940649705882866 0.946087667762584 0.949012052681755 0.948507712397138 0.956494871516122 0.961981891974752 0.955914341339324 0.943399384116307 0.942057315129015 0.942246764420547 0.946946651815894 0.94652933550404 0.94308605653331 0.94993320863567 0.958109030949539 0.95115913294151 0.94806039705632 0.947513120085102 0.945386210450443 0.945333335569939 0.945474639735644 0.944087152806976 0.94236861818378 0.941337000280588 0.942619980271436 0.945363905507081
0.92523484691832 0.92222706548912 0.927046742595056 0.928481838874184 0.929410644997687 0.924506824809487 0.925709605376104 0.927545228875046 0.930011806917724 0.933023448564529 0.934222641192826 0.935982865287834 0.936311155056701 0.936313763667915 0.935612947529574 0.935646688202905 0.934655055830193 0.931792891119243 0.934497515914221 0.93678983960611 0.942407251101038 0.943357958140577 0.939650910808319 0.945970684285271 0.959081265618997 0.958166850773186 0.947666553853793 0.94896651177554 0.951154556892882 0.955023215155582 0.966061380040258 0.957447524035067 0.948385867417108 0.94379878708617 0.945052826423986 0.94822904772376 0.949060131933562 0.947717601828126 0.945478934721784 0.948436129294795 0.946158003650138 0.94464710393975 0.946046834653039 0.945989634045186 0.942336945954694 0.940693968833082 0.943852944314274 0.949230288920272
0.925997676859618 0.921440951277355 0.92073897136465 0.925867694242247 0.929473203359213 0.929061653219958 0.926577043262052 0.929078824381318 0.927882495077115 0.928183521784672 0.929619276804006 0.930505343862969 0.935378242785917 0.940364616296683 0.933413857534785 0.936557629292032 0.93816438887714 0.934793382490168 0.934199497453602 0.931408639174109 0.937677579865195 0.942662438273488 0.94127914532413 0.947404788062489 0.958570496029974 0.953453428462414 0.948449396322536 0.95492295928789 0.962604484909478 0.961676741553507 0.966758638981489 0.958882651055405 0.945332711962545 0.943745077801406 0.943600348186633 0.945394646716676 0.948121001155236 0.948835549831064 0.947450017165006 0.943041472996194 0.94284144433696 0.943289541382822 0.944870254380201 0.944178050172147 0.943221348596738 0.942131919653101 0.940517725086872 0.942043736297577
0.924851038524925 0.929410298061179 0.928428454567922 0.925034941223925 0.923928749537856 0.927231343558675 0.928291770366859 0.930485059056237 0.933903240025133 0.934176740175299 0.929111559377935 0.935929740086052 0.94425104297853 0.940545150637432 0.934403070135142 0.935156857769217 0.933633380512504 0.93473575150538 0.934901464191503 0.933645650646733 0.939032432804077 0.940400864574397 0.938030515300954 0.944476736156174 0.952128166133568 0.952603605289564 0.957584094054494 0.964698332373218 0.959653684508063 0.954344163793634 0.960476477374476 0.955795754927511 0.950682213815852 0.945110255395111 0.9444454196468 0.947551094262155 0.953292138118872 0.957858595489772 0.953712515376882 0.9443428977128 0.943167863283644 0.943536340596654 0.942919368911683 0.945503312500993 0.949268135740885 0.948319646460038 0.941042525842275 0.944487930348068
0.924997744360315 0.927532545930287 0.92749740872772 0.925747118435013 0.925172767241344 0.92718907000388 0.929175294688628 0.931523435633939 0.9314163025185 0.935613931248281 0.935433656012013 0.934401353019006 0.940228770891483 0.937115006946402 0.933009123160858 0.935860708504106 0.934590705695308 0.934477204757881 0.938278034737411 0.939247669578857 0.937067511777578 0.937279841312251 0.939286271754906 0.94411298859784 0.949530753502854 0.956584490925294 0.960486349694357 0.963399562379641 0.964352381779438 0.961753822940766 0.95535365241752 0.949131354924592 0.947048124157166 0.944075875174656 0.944506831800368 0.944289056679995 0.944525803518289 0.948384159084174 0.947945894833782 0.947160189040944 0.946170229868354 0.944019921781591 0.943968061361005 0.947118574226355 0.947841278105928 0.947620393731785 0.942759773726269 0.940592557974229
0.924739535766122 0.921535669335719 0.92179390427952 0.928780740046678 0.922578340899561 0.923286047460454 0.924729663446241 0.921869448606299 0.92323307596472 0.931615993024429 0.94223264542214 0.941747478869108 0.939715682536935 0.943124254682032 0.941397916183201 0.934180543302086 0.937176827518898 0.938224619689939 0.940738056119243 0.944710198076643 0.941924152992252 0.943546744300301 0.942570741636868 0.941338581257081 0.942266074291774 0.951737208213141 0.964729374407507 0.962315403357649 0.962496785277462 0.96029050623123 0.953464126403354 0.947658763152961 0.944683352217464 0.943882649105945 0.945561694449616 0.952616283842722 0.960176118190327 0.951003459456121 0.947126738213303 0.948180208724916 0.95042327182423 0.945261739292792 0.941863425928498 0.949300374486547 0.962419892729062 0.955095527263753 0.941888212126634 0.941550361841583
0.930376533803164 0.923082760233003 0.92458212320659 0.924736242065094 0.920695766790365 0.923048171980607 0.926445699248256 0.927635406017592 0.929736128533278 0.933587400446152 0.937225029735543 0.936375083597855 0.940139335929568 0.943798918834211 0.943471551301632 0.937877033224649 0.937272748876038 0.935105783445276 0.935962536565089 0.937624639110671 0.936772352249452 0.943291096009708 0.9438812218355 0.944601330278663 0.942387414237647 0.949856966044273 0.963162925331381 0.964741828988994 0.960719732566002 0.954310243064647 0.944506937198801 0.944918324848805 0.945793544652382 0.946555443574188 0.953186779210387 0.964298345320372 0.968172363532546 0.960107705824174 0.947521846197026 0.945477634807779 0.943208301149065 0.944309020899826 0.94318483243134 0.942475931354875 0.942961207697941 0.940944940068216 0.940282475784645 0.940563915950089
0.944339314166081 0.925848406329027 0.921848931044695 0.922106533597899 0.921695989135358 0.925121569952564 0.9278122821544 0.925969087534694 0.926212180236969 0.931174417506602 0.929498235487026 0.932976629702316 0.934751499787895 0.936883560770963 0.940767791652124 0.94134126891712 0.932283731621246 0.936077627262211 0.944153527470093 0.941994229775325 0.936413681382302 0.940171833779711 0.943827811179629 0.94369555810435 0.942416275841855 0.947401920346794 0.959130534994775 0.961184921724398 0.950051417369766 0.948195509064092 0.947582713792024 0.946739442888419 0.946795334799064 0.948328851256511 0.948429080774595 0.946422790863184 0.943630228642359 0.945329506093544 0.944329261790544 0.943497242169651 0.94433626639473 0.943466584400482 0.94177798732383 0.940844692983727 0.938939260589396 0.940714670841944 0.942882962536319 0.941154722474094
0.947571945585463 0.934953987743897 0.919272633233371 0.917397516063302 0.921820350502974 0.920619098213635 0.923097234951121 0.928494939021073 0.927562808455333 0.924116947222997 0.928603938567094 0.928989499209437 0.930889960311017 0.935962215978189 0.936835103841438 0.932600546135731 0.926952068452706 0.93532359369846 0.941563194100788 0.94607935446119 0.94871298902001 0.942802328343551 0.940516991689443 0.940877577294791 0.937274079531253 0.939392530941672 0.942008581528604 0.945808493663448 0.947853293527278 0.948272392829289 0.945925266343895 0.948195623245728 0.94893777313617 0.950151155028496 0.946152066205085 0.943416814382147 0.944560198540225 0.94532635292376 0.947213735836457 0.947468729778447 0.950430820986986 0.945289287808191 0.942818700233461 0.942961923528965 0.942418476034142 0.944455054820207 0.943813296937099 0.941550054429487
