Niches/Distances-1/ascii/Hypnale spp.asc
NCOLS 278 
NROWS 480 
XLLCORNER 370976.070567719 
YLLCORNER 375501.488324056 
CELLSIZE 919 
NODATA_value -9999 
[rows 252 to 272 of 480, columns 48 to 95 of 278]
0.900744748112775 0.903172214553645 0.90283870756235 0.902723603690423 0.903541293516044 0.903411767625215 0.902227396651545 0.901812249790768 0.901347776463394 0.903299790573465 0.903877242237701 0.902162541482502 0.903827406345346 0.905556002127282 0.905057880350207 0.9047377940927 0.905439492942917 0.9049566188058 0.904905728929117 0.906178256908703 0.905818356393169 0.905691052652635 0.907734113442323 0.908070431058496 0.908113187689441 0.90897591777872 0.910090822401908 0.911148214613546 0.91014273113011 0.909860614658055 0.910705374314525 0.910363031421271 0.911541833844404 0.912963799235433 0.912676035164015 0.913656187890744 0.913110777350108 0.914245435396262 0.915476778938194 0.916061072717366 0.919028346015523 0.920184777621273 0.919968271673696 0.920733850757452 0.922084171563719 0.921437868373193 0.920963847704439 0.921224858140307
0.904489229455117 0.905240377736768 0.906613736883827 0.905508432301235 0.903477650428979 0.903426883517134 0.903138188426225 0.902622623208505 0.902120197662086 0.903914641114974 0.904024580463689 0.901372483612706 0.902754696228128 0.904721993110968 0.906254442409282 0.906092972010084 0.90544667760276 0.906526967623944 0.906519036391868 0.906628668328487 0.906670388541509 0.907231406833416 0.907986437290679 0.908561262777296 0.909451097830235 0.909618681338542 0.909085549715339 0.91045510573561 0.911452051945981 0.911473518093481 0.912350652635255 0.911069341452927 0.911205235165743 0.913048952386011 0.914436417356672 0.914436048462157 0.91424433749592 0.914694538118838 0.915539631537012 0.917651912747505 0.919046237399507 0.918862097554033 0.919072832937408 0.920706859975427 0.922004191719556 0.921774010325311 0.922085023534385 0.923069822575365
0.906159706784513 0.907528981742296 0.908337071527321 0.908087760317505 0.906696852331369 0.904630797116904 0.903563690683034 0.903289241946972 0.9027888892364 0.902658080997972 0.902497269338979 0.902901314231491 0.904451435333721 0.906124451008709 0.906998528995929 0.906050399826396 0.906199336595282 0.907221718960792 0.907245108629693 0.908004557037935 0.909167646311363 0.909232246767526 0.908347207343284 0.908954917140965 0.910231353645771 0.90985380767593 0.910015936815335 0.911186570859917 0.911480421690835 0.911819506015872 0.912220380172194 0.912289574243391 0.912290593094909 0.912496919310509 0.913423151955608 0.914373468142624 0.916113332773678 0.917160791183015 0.917336112692937 0.918681444640047 0.919466531217091 0.919396924335365 0.919869662656518 0.920321655052796 0.921502697192627 0.922321458568982 0.923380976315683 0.923219435650862
0.904388011826725 0.90666404706913 0.908178754297906 0.908059917564814 0.905739307568496 0.90420377536602 0.904606054834781 0.905221388452441 0.904931920439692 0.9039810421277 0.903010673888825 0.904801384480548 0.906459082249955 0.906018103989915 0.906753749918728 0.907993727348955 0.908142295223326 0.907908363401511 0.908283696004261 0.90845327329959 0.908591722924403 0.907927220937796 0.908078977114763 0.910056260499121 0.911600400240284 0.911809598563179 0.911620601606589 0.911275571053297 0.910318957309915 0.910462597807548 0.91114611542809 0.9134183211941 0.914939422594472 0.91443185887445 0.914322341119466 0.916284622793541 0.918603686946177 0.918649122453958 0.918484648199422 0.919760004370291 0.9203575520024 0.919642089873487 0.920553900499685 0.920932983530006 0.921369412091026 0.922662448849013 0.923003658709113 0.923284334735919
0.905303203985978 0.90527017914367 0.906403080549276 0.906702640461976 0.905197313693727 0.905557837816655 0.905479105187281 0.905402392694537 0.90546917138498 0.904278388673309 0.90392029749754 0.903889073211794 0.906502673285161 0.908850722006843 0.90827683632292 0.908372810379276 0.908602262767693 0.908046259684551 0.90736030911685 0.907613950445617 0.907758776675621 0.908716953829091 0.908952870654726 0.909108658321751 0.911083614157382 0.911340593103191 0.910953376827132 0.911022351318261 0.911062868232507 0.911794069860733 0.913871789168438 0.915447627488295 0.915771306075723 0.91559732839582 0.916665831358926 0.918417799243357 0.918719976550474 0.919114149123104 0.918723147286663 0.918972440930074 0.919443167897799 0.919900913291872 0.92181581837036 0.922864278064809 0.923237344601252 0.923346651559369 0.923621196910662 0.923915188272823
0.904973675785524 0.905902648789879 0.907331254282181 0.904891210294985 0.90305205155694 0.904073063742822 0.906119611463998 0.907117023184114 0.906954718380655 0.906589170265759 0.904943364952864 0.903782524179337 0.906846878217396 0.909390748444198 0.909318348504001 0.909283663636375 0.908535413811628 0.907761244755591 0.908034130081565 0.908384729185396 0.908914795470842 0.909037918406872 0.90861570985109 0.910403978712452 0.91247186961629 0.912999213108887 0.912711501736685 0.913192276688346 0.913532212984049 0.912172880611768 0.912506835546404 0.913388554920009 0.914254648975938 0.915652908502768 0.916830024550974 0.916089416112613 0.916488340397927 0.918074525330613 0.919433286794715 0.919895871733499 0.920369365410087 0.921266868199019 0.922219933528494 0.923602356940781 0.923902900572188 0.924376850975319 0.925356195647396 0.925471510316189
0.904578985003932 0.904341750697885 0.904180701892418 0.903908413824231 0.905827736853697 0.907896365546566 0.907820311794028 0.907715774114999 0.907557351487151 0.90664242282398 0.906401306342322 0.906327852417795 0.906741128456389 0.908827859330107 0.909654402624091 0.909292438055913 0.908658756327726 0.908691456191533 0.910148703707974 0.911371123515921 0.91031679664204 0.911243248867208 0.913141061833161 0.913536762683069 0.913322487668988 0.913254979972717 0.913367958309581 0.914351870247083 0.916036857427408 0.914661873387843 0.914591555066695 0.915071934774233 0.914335340259524 0.915947567388338 0.916609504679745 0.916951030735143 0.919173945167368 0.921019875754727 0.921395788048858 0.92053289986193 0.920604579579503 0.921946169882246 0.923238196571918 0.923666000027846 0.923989406335989 0.925368263767963 0.926296542899301 0.927040778800395
0.905067480390803 0.90491676063176 0.904726270530703 0.905847121382148 0.906561977470071 0.907324429733651 0.90862877925677 0.908389489681282 0.907553873338866 0.906699443376178 0.906775347814269 0.906663353196113 0.909231631943334 0.91139646305583 0.910620212380744 0.911538584059389 0.911876087407932 0.911843027432813 0.912679820724396 0.911583905385535 0.911091791319135 0.912392372848277 0.913608266736587 0.915490893545 0.915035141937949 0.91403692216318 0.914379774482193 0.91460675879064 0.916235594955839 0.917332414964582 0.917438164725589 0.917463346167849 0.916228963637769 0.916250078457159 0.918580920884671 0.91934026389448 0.919321213127734 0.920669610412601 0.921278391761016 0.920700386755007 0.921634348618519 0.922513986373075 0.922766845996798 0.923315708336111 0.92463895931153 0.925772194478839 0.925926409952574 0.926304236984903
0.905697824501949 0.905617686560136 0.908488432460164 0.910910488448146 0.908998069016034 0.90864227025618 0.909808820111489 0.910688615963694 0.910679762495331 0.911664122376173 0.912167417459663 0.909259123367915 0.911347768979831 0.914525303368416 0.914551090851665 0.915426196473606 0.914103902867287 0.912621667139045 0.912766265005778 0.912873701141711 0.912322932847403 0.914233824002238 0.917113704433118 0.917403233928287 0.917518355366619 0.916691302646876 0.91615678327764 0.917149135872977 0.917437286405315 0.91765070944873 0.920136917949535 0.920438612180501 0.917995415023521 0.917350525928635 0.917674775424241 0.918488424976601 0.919957652781582 0.920999366976326 0.921433713918296 0.921787958051264 0.921506351004968 0.922499116410833 0.924303528798834 0.924327252229438 0.924321543147656 0.925578964018528 0.92770402478901 0.927881572840827
0.907982379451013 0.909938855428076 0.911159158484161 0.912445967951405 0.911587524065065 0.910431355955397 0.911915119960915 0.912294018543978 0.911384412501669 0.91219140438635 0.910749518691503 0.910155923500628 0.912144554782927 0.912887209707528 0.913580599647951 0.914508984177722 0.913917558437924 0.913290508027807 0.913503228415002 0.914575701385746 0.915239772995419 0.915715664486356 0.917441555041848 0.918430438272102 0.91874841656095 0.918843143402517 0.918797391699437 0.918998746622284 0.919214567480047 0.919362116502901 0.920997504937345 0.920472128882162 0.918154874069292 0.918425247399282 0.919246766701297 0.920868462122667 0.921766456770953 0.921876483951695 0.922418662273722 0.923005705195352 0.923050833291038 0.923732488872599 0.924651896969168 0.925214232741486 0.926158910112343 0.92722453657655 0.927866153928414 0.927959049472209
0.910770220700365 0.910717398519078 0.91057114941023 0.912024690415115 0.913485512695072 0.912304734051323 0.910420587748836 0.911871318128843 0.912781389680899 0.911228150541695 0.911172236673043 0.91110798754499 0.911851230944174 0.913297560939608 0.915220792494295 0.916422949453516 0.915924713494805 0.914951200869349 0.914666651450134 0.915667857513834 0.915754899053002 0.915504428460424 0.917644965234137 0.919287722775681 0.919545773272225 0.920576578729164 0.920959737165556 0.920285011530958 0.921103588460056 0.921853902337447 0.922678926137356 0.922384047671718 0.920679974591836 0.920102549277208 0.920460737068207 0.922062020326405 0.923191417234117 0.924185596735624 0.924025689746514 0.923681493597482 0.923895751045157 0.923746094053645 0.924721442368475 0.925836320642055 0.926426086356535 0.926889470566768 0.927507408404041 0.928555332323123
0.911432403921448 0.912205677090805 0.912250497774395 0.912038365861783 0.913413806627891 0.913278993249013 0.91243220467271 0.912249918083014 0.912234169800498 0.913001224462314 0.912806369109495 0.912874254483484 0.914419659005842 0.915754661906528 0.916705645616953 0.916803446579479 0.916113833416234 0.915512043497201 0.916992250305609 0.916625595507167 0.91516852365478 0.916895819522711 0.919110196681871 0.920396066346421 0.920720491506082 0.92092748524509 0.921148909786202 0.921994828825433 0.922941008123959 0.922415113859814 0.922488901546045 0.922588019988982 0.921608183457552 0.922372471410505 0.923401625625328 0.923221807115603 0.923358262953394 0.92449882331179 0.925512466390572 0.92526477129006 0.925285710445396 0.92623422607585 0.925761865432415 0.924756452214602 0.925620043057749 0.927104386754648 0.927613123032237 0.928609731089302
0.912025928846701 0.912802232221004 0.91290759552109 0.912899058248026 0.912842582254398 0.912456569277114 0.912046059947385 0.912775768431144 0.914650016064142 0.914892827703929 0.91491942324183 0.916054555580932 0.918793491957419 0.919053817303473 0.918453634710542 0.918013912448494 0.917874927048313 0.919375818299177 0.919077435335645 0.91851158628223 0.917723583681876 0.917945324418286 0.919241180584354 0.919490570842994 0.92054769955855 0.921778577590736 0.922025745699083 0.924509038176578 0.926547364819989 0.925107402646542 0.925002698086661 0.924399880532907 0.922750922050228 0.92341480042944 0.925136290600359 0.925466705904289 0.924628445817848 0.924865117998919 0.92609450288664 0.927736939841283 0.927417709946044 0.926947044460738 0.927509656903943 0.927492714105855 0.927760434908617 0.92796145606976 0.928389378098925 0.929431491929394
0.913538940917348 0.912594210847276 0.912384538231432 0.912384002456065 0.91251935161031 0.9132933713519 0.914623350260619 0.91521135933455 0.914614944735595 0.914891843985222 0.915805059923858 0.917095856965147 0.918505315075473 0.918579454089813 0.919401210538303 0.92027386564668 0.919743325068285 0.9185384014002 0.91873214128627 0.920710733367836 0.921755047390592 0.921847991242002 0.922057778039481 0.921247492453772 0.92127645067321 0.922400595225683 0.922270357895432 0.923517045692554 0.926348785389207 0.927518242484623 0.927314612712265 0.92658315637116 0.924951263651407 0.924430050834324 0.926139525583892 0.92736826051461 0.926674343582022 0.925896020071088 0.926972875860001 0.928215918627984 0.92826168789747 0.928174839588762 0.929117940374727 0.929437749961347 0.928816992715994 0.9308748488107 0.931576833115006 0.930426927428893
0.913893632993656 0.913727542629816 0.913956178180378 0.914032574477823 0.915351468984682 0.915963157573204 0.915372979048196 0.915530417957336 0.916412110981334 0.916254382226503 0.916142001147426 0.917159517618617 0.918546438030708 0.918995760333352 0.919986496819385 0.921269195747746 0.920886169059394 0.920111429095179 0.920246066810003 0.921673073759406 0.923759690451489 0.923890718269986 0.922678118082704 0.922752265880248 0.924199790391255 0.92446409452815 0.923779136462358 0.924971060990387 0.925662773339086 0.9261706269048 0.928382527200787 0.928806123502601 0.927956076358081 0.927144842186476 0.927304613035944 0.928508118216787 0.92778591497977 0.926875180295908 0.927837511904274 0.929063317636878 0.930004020608494 0.930209688083887 0.92955572594057 0.930414951531955 0.931278625815528 0.933505571737811 0.933873825079152 0.932087470955988
0.914288130544788 0.914514350714597 0.913839818310459 0.91460576628873 0.913829067670304 0.913032079853545 0.915977974836229 0.91751675682372 0.91695211106908 0.917880882059772 0.91811863457478 0.918680522403759 0.921386741350035 0.922881062765248 0.920982599842292 0.919816497930324 0.921469180490966 0.921801150421782 0.920656848419018 0.920091693238619 0.92223571694382 0.924369885895545 0.925160532239925 0.925215207676991 0.924112827900911 0.924380320340402 0.925791016882314 0.926024975053738 0.925645663660146 0.927733795454702 0.929136284093652 0.928851853247675 0.929196980416197 0.928336700840483 0.927391342771414 0.928552073754906 0.929644844707186 0.928710786228444 0.928016403786111 0.929072908894271 0.930241970745563 0.931234810808653 0.932027213793581 0.932537680362109 0.933188102874722 0.934822204569964 0.940868245141878 0.943924896311132
0.915363449273221 0.915540685521341 0.915657862229114 0.915848492861415 0.915164667828777 0.914421283898349 0.914625300131627 0.916068810718981 0.917511583517305 0.918621227002052 0.919706216036703 0.919826712795112 0.920469739851017 0.921944984149876 0.922855670526123 0.922252905671585 0.921830547801357 0.922047694922734 0.923229922794936 0.925345225427172 0.926520400387572 0.926771397972315 0.926919886797862 0.926174412465181 0.926290043329272 0.926858834755606 0.926912895368479 0.927239836915726 0.926923075100457 0.928104262163133 0.929373413001266 0.929849036604519 0.930289364907556 0.929439998461249 0.928519690086398 0.929435418021019 0.930596026039673 0.930591726661931 0.930552307648027 0.930725147903175 0.930995165513454 0.932198047086902 0.933793673962535 0.93431428513023 0.934389697708968 0.935384320762214 0.938284029273282 0.940803104518746
0.917665702375809 0.918039524267688 0.915977237047199 0.91529539701838 0.916149484436162 0.917617544075178 0.916830929220857 0.916858394295829 0.919219240143906 0.920195967421566 0.919497588621985 0.919601871588134 0.921186168132231 0.922280739641073 0.923148572771144 0.923036490320961 0.921902060638078 0.922166979599166 0.923952718898138 0.926016578311917 0.927330492742822 0.926913562891888 0.927203948749324 0.927453672769669 0.926771037861002 0.928351742075178 0.92891370456138 0.927662005947095 0.928551397448295 0.929560205373968 0.931105890958814 0.932032584722057 0.930925330268456 0.930364874101525 0.929825783075261 0.928721642267033 0.92981940207847 0.931719727040407 0.931747143807764 0.93184677167646 0.931950646223682 0.932254198102028 0.933600276621371 0.934914274492701 0.935206276459442 0.935531478932546 0.936611294660782 0.939279701919255
0.917600978954808 0.918669490701116 0.91716615771989 0.915852375037027 0.918177034089808 0.920482299830937 0.920518249479758 0.920379141114739 0.920456863675798 0.919170484585488 0.918417052671124 0.920188712496101 0.922306448075497 0.923559319247348 0.92411166851815 0.92385994192758 0.923262244981024 0.924298539939677 0.92384866429526 0.92404285212467 0.925912435877012 0.926462642046345 0.927188095068376 0.927609636100749 0.927913548090407 0.929612175584589 0.931355896041646 0.930149641718345 0.930541671189507 0.932512837073155 0.932211199933007 0.932388444964329 0.932655950578624 0.931287997492853 0.93035047404063 0.931350959881705 0.936556592874108 0.938620403980273 0.934423890717241 0.932929051093066 0.933021318637864 0.933188932887381 0.933413018738923 0.934036648091573 0.93535729923898 0.936402570630834 0.937413152763461 0.94153939601296
0.916421096197738 0.91759252951377 0.917084315836745 0.917459850453158 0.918516048149223 0.919974165202736 0.921408620308064 0.920512557964381 0.919573484276874 0.920639826572105 0.920857325021591 0.920122065553699 0.921222741388446 0.9233579643245 0.924873830936039 0.925257270434919 0.925417985478682 0.924325504372093 0.922983922852553 0.923180701726773 0.924676876397764 0.925803111352489 0.92574300789613 0.927305052196081 0.930219604319782 0.930612362796772 0.929482500379315 0.929651919576994 0.929984153003892 0.931106035881659 0.932895051315253 0.933112009597771 0.931778403226321 0.931169310074208 0.930982557225918 0.93177628647446 0.93764985129414 0.938916630667532 0.935283647692391 0.935027090340314 0.933661824914582 0.934147092474445 0.935392695546028 0.935795089196425 0.936664648225835 0.937519548089869 0.937105929506369 0.938292469931117
0.920233006187526 0.92008416603387 0.919312104946491 0.920297905272583 0.92220659184353 0.921004584198754 0.920964444962226 0.922393603796301 0.922257508069822 0.922458028588409 0.922564375607203 0.922591260990794 0.922730184908556 0.922980207557794 0.922770491025936 0.923038650988835 0.924250495820681 0.925494750670643 0.926385481610261 0.925284515929823 0.925805807795731 0.92735682478464 0.928365215508183 0.929677641186223 0.92962621114257 0.929696226443224 0.93056779243446 0.931538099190916 0.932115506939139 0.932757493185518 0.933821951483761 0.934787743674008 0.934054706356409 0.933154845277541 0.932394865485533 0.93221652694547 0.936142882066979 0.938406879930027 0.936282192445661 0.934884112974487 0.934181750992463 0.934957004774038 0.935769376370399 0.936334882878907 0.937455610765513 0.938676326632128 0.939009556952537 0.939156701948064
