Niches/Distances-1/ascii/Hypnale spp.asc
NCOLS 278 
NROWS 480 
XLLCORNER 370976.070567719 
YLLCORNER 375501.488324056 
CELLSIZE 919 
NODATA_value -9999 
[rows 357 to 377 of 480, columns 96 to 143 of 278]
0.891162071908193 0.898916858223847 0.907528972959094 0.922536313274444 0.936684673928085 0.957039654057761 0.953836828436883 0.937197836939856 0.931913673331742 0.925884944452431 0.944260120418563 0.965314610185173 0.962039211155843 0.921514607215545 0.880997815934085 0.913267829798328 0.910373799627832 0.860883728314398 0.839749225766614 0.834772944155797 0.84502833464155 0.849547591080918 0.847840944522633 0.847587742354002 0.804677826954392 0.732991188217678 0.731565867643201 0.736915646167395 0.730901734551109 0.747365285964977 0.76703728864108 0.776887826179668 0.772703262463965 0.794522582546297 0.806744338895399 0.806873697905375 0.809369392265141 0.809289816448304 0.791133056776345 0.780950830369429 0.765981407140314 0.673267341880437 0.55738587544866 0.489788941838041 0.433845667023207 0.389583103268602 0.377727606473818 0.365861569835745
0.893858163821707 0.893029468643052 0.900857322422312 0.902520940070367 0.915209277715501 0.937339567090893 0.955458651214692 0.967758327746916 0.95762201553233 0.927737638105901 0.864265155971422 0.882710926929588 0.950212215853955 0.944680668949026 0.897803806856437 0.865875573760472 0.895157682583318 0.912906796249641 0.870654848133798 0.841162232290847 0.839450526607783 0.844759357840796 0.849795400363065 0.852718169172931 0.838301297228281 0.809027936475365 0.807802539161689 0.763325507162544 0.573494199010853 0.535111884093215 0.672275542626873 0.696862432326629 0.727327427761882 0.766766783563049 0.782199081576638 0.785695867818468 0.775242837704628 0.773414332991508 0.760065656597867 0.745887845865433 0.669820321265339 0.604510990375135 0.626660716978195 0.602455193941472 0.506748638808368 0.427485855316558 0.409895489256584 0.392104936439727
0.914903604693693 0.90362266110624 0.920917630491614 0.933005666970579 0.934190661551644 0.95276878220032 0.967750864220386 0.947168563824758 0.919941895715864 0.91113153531154 0.857089446212511 0.869413061363806 0.939054917803095 0.955644086582571 0.923271862588026 0.869544150664722 0.836666374303582 0.870921391987392 0.915223813916038 0.874557110930187 0.827831315533149 0.828850606211294 0.839519773378196 0.848872004692451 0.850256413108558 0.83848224877116 0.824176765403677 0.778712132521878 0.704182353491351 0.630531193363863 0.641562685210255 0.668393823741695 0.710532240178903 0.790071589158636 0.797474195393966 0.798495260279065 0.780541620953705 0.746359275489377 0.694043445840356 0.631200262615896 0.539458304669037 0.446775735974191 0.428086345321585 0.42760924174867 0.409931394989391 0.417329908252244 0.422760667905714 0.404805588135104
0.923505320116894 0.901768790503603 0.904359176572125 0.930455982263562 0.944315072526515 0.956965291071751 0.965836633252709 0.932517606352244 0.901378473756976 0.873834991133596 0.8375000759078 0.79175474943279 0.823586007187287 0.897646868589853 0.929562370433444 0.911328410800989 0.837465206592917 0.819631756613871 0.871179855294465 0.902750111396297 0.891671234171114 0.862573177361715 0.852824217562831 0.867657993008808 0.868353842245999 0.855162191950969 0.838310343927104 0.816679862703714 0.762952730471791 0.698839250201241 0.712794459443395 0.752040936112359 0.775095648793086 0.794283978060623 0.793051659583187 0.783735140771278 0.763704678024892 0.747154014806234 0.73276375596589 0.660396331184687 0.588385978727734 0.509454216580843 0.40296547202796 0.355874998053097 0.340278067687322 0.356140742635242 0.3634277794889 0.402135143173594
0.940831377648371 0.94978570352883 0.940223531711047 0.942891460284972 0.957738889219609 0.964869951763184 0.958927673752657 0.879581199513525 0.79054554834497 0.820548968909755 0.840370426563706 0.802945252381614 0.810418352602147 0.873745095053538 0.929962629765575 0.930230723854453 0.882304045062591 0.823689842210096 0.81777303768332 0.864238613132737 0.907751864295063 0.917461062535136 0.90370141130202 0.870690499153725 0.843173884347532 0.843505854278347 0.837479400248547 0.810143807250855 0.759851592380652 0.690410572655249 0.694135669469141 0.74723807005647 0.766410413895017 0.777660765587321 0.784469802981384 0.785997535699826 0.774943998014553 0.76867955432327 0.762046198550441 0.723201570973304 0.682622401385975 0.651208503859346 0.623209726355458 0.53287012969111 0.413946126696885 0.365261923018181 0.32928079519881 0.363216350232508
0.954038921148761 0.972274402471091 0.972253221777679 0.970836893007009 0.965591202022704 0.967286388697212 0.963413264175917 0.897953700994422 0.763787960353287 0.713578834581018 0.745690838627942 0.771992402733289 0.787602894364097 0.806569043735086 0.857855315141957 0.886167916479797 0.889083377664982 0.861037320180737 0.790618185431641 0.776468252584709 0.858910300756044 0.917990408597958 0.914514939189181 0.905636693410868 0.868590461727853 0.830980005883931 0.822852117899022 0.818255903037234 0.801482005937699 0.683056748327945 0.513480577248767 0.586895996214675 0.744492247649033 0.748290192346463 0.713906781804978 0.690276189653305 0.68654006113677 0.695820498551816 0.729003087180896 0.735968975009516 0.733146633339796 0.744259492776385 0.737441742445202 0.667522635428177 0.554914668658137 0.412384543515077 0.289107479843758 0.264995550615448
0.93084934678154 0.957347351607801 0.962199724185943 0.965769039920211 0.931817642184568 0.924062912959732 0.952106168602302 0.922422834295024 0.768304933159942 0.648626980042391 0.662160771217011 0.657411834025954 0.664344380816967 0.680543030836153 0.599928688106489 0.700564482016527 0.878083619530095 0.887403967818398 0.850298519782501 0.81957463066324 0.826536232288923 0.855635553879517 0.894748420468378 0.911899995285794 0.88643419683731 0.85214919329934 0.829240843909097 0.809689276508985 0.782991379163133 0.695681723948502 0.507929768780227 0.461288327262317 0.612854822182645 0.659888837730286 0.631534902640345 0.608675458122965 0.614986751417671 0.670715786351235 0.672786514229559 0.637198452299274 0.621371050693563 0.654206597415923 0.696425063962916 0.708046084377314 0.656524238689714 0.544515707940373 0.415502791285157 0.284837859592707
0.906259835295765 0.94016484674193 0.970427406920399 0.967164747926645 0.912174127826558 0.850481754958093 0.889914013931444 0.917431682721966 0.858572885239528 0.717388267707633 0.563776077036795 0.485712235852003 0.528706891591664 0.646916258078034 0.724728776699581 0.78589073195449 0.860731199215589 0.894121976099249 0.887764412892502 0.883311258836966 0.865462385553906 0.811827617482012 0.799952744941981 0.850592511144662 0.891712365909552 0.905317740186515 0.875703538468015 0.835110429937935 0.815410233181032 0.765138272376351 0.684209877449464 0.533615753338237 0.362548475496049 0.428124464421483 0.512804165239242 0.510800822092351 0.590814499152933 0.645979371408009 0.690488743159648 0.66748781881251 0.629794598849154 0.615965551531178 0.569052884712613 0.589252178182095 0.609077061285115 0.515733574150381 0.409349595639797 0.272791661900001
0.896442103019417 0.911452262742846 0.933877351535053 0.957298964943898 0.957028380817043 0.918536732591679 0.884154920593093 0.85527490679175 0.838691605191705 0.742401599466892 0.58472700186408 0.49881884717809 0.604342844741853 0.736749186909039 0.794210989645841 0.847117226183143 0.880224639379958 0.89797105660304 0.895845609371637 0.88638620541753 0.872413570301137 0.846425478701632 0.803904307855358 0.804147760668945 0.850378042900122 0.886312927157059 0.886469970822076 0.856779205925278 0.827766565762539 0.796411058967736 0.749232225973294 0.664143175208566 0.470565427060322 0.343868711233648 0.452173681582219 0.558368891499483 0.596664322975603 0.630222024627364 0.665800179104957 0.644849992066702 0.604846157391749 0.619471243940588 0.549901005736453 0.460861779804382 0.411310849679152 0.374065151461879 0.29672567857358 0.209093135259767
0.922254082620753 0.919394526521017 0.942453318999417 0.956515569133382 0.946499771243612 0.928167066454336 0.897439628921168 0.863605607711161 0.844531381030439 0.768358159368555 0.658935227842241 0.680850723994592 0.787592740981728 0.844715195897412 0.861919065903951 0.838598503242646 0.854459535731653 0.896147382651427 0.893836732807018 0.877527405650087 0.857702504980662 0.852939558581232 0.829310740636513 0.797689910853296 0.795851498687484 0.835329992440065 0.866309059948573 0.860933318277076 0.838265110432986 0.810079145312272 0.790094636282629 0.738301881489672 0.655171274139421 0.539275895114502 0.489283240156999 0.586281031491529 0.655140638328259 0.634482264417887 0.5970196210929 0.619958009036519 0.64375349703646 0.548503598180289 0.448433688456477 0.354419515960406 0.281524624721767 0.257986133234041 0.242401639883348 0.194496225225323
0.946775432061652 0.936226959275221 0.941574269719445 0.960112396054438 0.913483852669754 0.861583732006485 0.854915243422691 0.836803497664782 0.776849777345392 0.662807285204403 0.501132096850511 0.49100316691783 0.591371529870796 0.650095531540761 0.708960802243619 0.75493677562262 0.830183088332794 0.891570051675533 0.895722714798878 0.892990734718962 0.873589483050567 0.850433693272692 0.835500948698225 0.824978425884294 0.796641811270159 0.774249352076137 0.797226825271956 0.823314360292899 0.831989705304682 0.829384941133273 0.828382584470013 0.81394869067845 0.766064917831979 0.687787275926055 0.633130740312844 0.632564504798508 0.646527935118429 0.638710533350431 0.589002243364885 0.572625294330047 0.558035059529686 0.454217111266422 0.341228691286434 0.273731113265226 0.186036736204114 0.142570352211616 0.191220231134007 0.196912519432306
0.973405889781055 0.96860268557186 0.958687593688923 0.953906457276616 0.958606660867262 0.951656758467631 0.940219104976866 0.893550426747255 0.754997572951996 0.601004243981396 0.475933369247785 0.497804914253618 0.561283755426882 0.569823909382068 0.623029635566447 0.711132519387064 0.827682036219355 0.884732556704587 0.86027423552656 0.844972561304142 0.837399297439545 0.823914463837006 0.820747732787794 0.817790955416913 0.807057547905159 0.774380011000119 0.730690024232229 0.722816427533091 0.756430183584748 0.782795759671675 0.799822173850026 0.820784815469768 0.824756140589313 0.785692899095942 0.703974999641031 0.609185762202244 0.555340548592665 0.578906022079213 0.573660131277045 0.497300547619393 0.447489318497717 0.404687050030905 0.269900863948114 0.166337347501864 0.166294134144376 0.166193654305014 0.168654145588192 0.17275379329979
0.975402190995148 0.965854882552205 0.943711218554838 0.932929029135059 0.939649487929475 0.951786099911201 0.964385389055341 0.938716948944807 0.838947090993048 0.6284808425159 0.523912316879162 0.558841111611674 0.574885704254775 0.676131228099124 0.753021879327335 0.767455790685304 0.802913123425986 0.816836098314079 0.730344405204353 0.566665399410622 0.623320324444378 0.767723766200946 0.786329751560319 0.797954513619085 0.805620334874171 0.798537103456925 0.753484420350105 0.675581645537186 0.652740751143997 0.698641909202046 0.755018968833875 0.793074074316583 0.811613518131987 0.81013764144253 0.781702936020179 0.698675777231817 0.566928052305402 0.490783797646159 0.479616271555707 0.407041510490589 0.30320156908766 0.257636350968066 0.153374464505438 0.0668976501411563 0.113287997459093 0.165136999882407 0.18581652374498 0.192744292473703
0.952734549667635 0.942176024505667 0.926392745318928 0.920917973036521 0.92383876562577 0.929450468038917 0.949641140794908 0.956943030044403 0.950971572038568 0.784473544625752 0.606958763580744 0.611826168610378 0.650497767093508 0.663054830990468 0.67887464390901 0.721227352926703 0.73191851323327 0.723197759063314 0.649222410922639 0.492678650672788 0.423273747477058 0.579794320071672 0.751230158667296 0.793225971024794 0.808731889843762 0.793143971043999 0.753977263422333 0.666985419615699 0.582846518157136 0.59977445506635 0.671785334515467 0.730502046127157 0.774085176450494 0.786164539516752 0.778048034562597 0.734850469273204 0.666003352150772 0.605856190574205 0.538500549109298 0.417769700779914 0.284235612947132 0.247789326710574 0.252544693206038 0.216998860914533 0.171075217857466 0.1959577501615 0.214323216297001 0.209794878025998
0.931159815432045 0.923152384681134 0.921061033842773 0.919622626296212 0.919460303926347 0.926806697664133 0.946278689247407 0.9664254723393 0.960820818446353 0.786234207880897 0.663332731525207 0.632073348101206 0.574006013801003 0.624937839061243 0.671965249640423 0.607291752363078 0.518122535030433 0.487842092251183 0.505529108674123 0.480913901928729 0.457741775393754 0.61482738898713 0.778411044331901 0.789235498523272 0.758875269130318 0.774564335292851 0.789906043353365 0.729303033554516 0.608649003116308 0.540146134842125 0.57605977253163 0.620891874284801 0.683692863003291 0.712192160098603 0.719386955757071 0.724816345230914 0.692358792421735 0.676714959753321 0.668489771448443 0.553170605656174 0.370731750357444 0.276846901738538 0.237884473846233 0.203403727851967 0.191132961231568 0.19992761726939 0.27624493615545 0.439698933861352
0.917241236536923 0.921414452354684 0.924096245214136 0.921487045525342 0.925700690425321 0.92972873307657 0.928281085600724 0.942276965463173 0.960986412559239 0.925804929475457 0.88179264308297 0.822500930320608 0.750140145640677 0.687613052316476 0.656440376669939 0.677755980075048 0.583834487934305 0.487277578244584 0.482012329263574 0.465221972442102 0.430709501519535 0.554253539421383 0.689279542071828 0.710811914920596 0.732346588968483 0.729418743467432 0.755993201681956 0.72274036499735 0.597579005709097 0.441096025222217 0.374271943187223 0.466550273759097 0.588783120022891 0.642719678940981 0.659911955119901 0.667122824039386 0.661126988254342 0.636968508051503 0.590318318463663 0.525600588977312 0.451089904629546 0.352858213841086 0.227216466062092 0.21585648243317 0.264924512071675 0.279537231871055 0.486684079668939 0.66198394777942
0.921714908154063 0.928493432701803 0.932472337725314 0.930312846800086 0.928233897843996 0.929459119493617 0.931878852324473 0.932562681748713 0.947909809045318 0.966447054864236 0.96349647623869 0.945295462399718 0.919637926635388 0.869750037720185 0.864697219280679 0.905100882910829 0.875567108979832 0.730066891130534 0.594218482074597 0.582345735069629 0.580333503321564 0.516197678583239 0.471850444754207 0.489488240108985 0.608036322025876 0.711408382218768 0.69653327302069 0.65544404528376 0.607626111325039 0.50917508639772 0.40032741951816 0.374976707375197 0.444570660226734 0.589976687009832 0.672658982125753 0.644743996376019 0.60787752172031 0.558949531466315 0.521178949053213 0.511502248663283 0.474133269412331 0.426118907907501 0.502228697279186 0.491534199355577 0.396824467468005 0.56297631372797 0.754666674571915 0.743466685764131
0.921485420632835 0.928506818302781 0.931175541756553 0.930351549982966 0.932467274208934 0.933530854186903 0.935326948881907 0.937658371000799 0.941542812678826 0.95077761696403 0.960315371478191 0.969685849896141 0.961793637198793 0.943546818957525 0.945327226852433 0.951503513537799 0.923505776843436 0.847043359448087 0.822923174009201 0.841952105713385 0.828931464375732 0.780901029609885 0.76823284063184 0.77760562464051 0.763997018144938 0.737248828180189 0.663608172763179 0.612566100742128 0.539637200942474 0.432736418782584 0.409038810793994 0.435240966610713 0.558054804169449 0.708053304169968 0.718139477471703 0.660985613823016 0.638138184726987 0.658335159430946 0.698941908274883 0.692135031548694 0.66953588602776 0.738161420511431 0.787382330576854 0.707765970475484 0.548608926347565 0.657713449208095 0.825155091224235 0.655715938107824
0.921606409250598 0.926471925891642 0.933063368220989 0.931569775811603 0.931761991811998 0.932055069721075 0.935100614530462 0.938321840961084 0.94075835849238 0.9480004209564 0.953137470310196 0.964477061538154 0.973055251152812 0.972980973803028 0.972760673511867 0.971515175838718 0.946984419587682 0.890652101590619 0.878128853024213 0.909155534274782 0.915401480541092 0.910162071742547 0.903358541416602 0.869854803762485 0.840173032865294 0.808940982768225 0.725993171433429 0.632725413072731 0.559716515862509 0.582114420642231 0.735762604877903 0.734520537045424 0.632418563101756 0.726171259652215 0.836701963841091 0.81906297397074 0.797605943435088 0.821735193139204 0.841527771622541 0.863423119107802 0.876385650776118 0.888294505527557 0.874496866942584 0.796428607806813 0.780712225883754 0.856816587236146 0.837511265708093 0.708124483244984
0.933703286023123 0.93579174279618 0.934020601180164 0.937317376329167 0.93650841261547 0.936275446945956 0.934537659542351 0.93252941536833 0.935472789571827 0.944001534146652 0.949861726540158 0.956916671652975 0.966978853636423 0.973946313658334 0.97522540708197 0.970868778228762 0.961388740335615 0.94065791817743 0.923203107676966 0.928846508668806 0.940528212230945 0.952844423142329 0.958285314220162 0.955447184743514 0.949030888260034 0.916431530642595 0.854668698921738 0.823916940700179 0.811767821437749 0.812519364963523 0.854522142400794 0.859689651901698 0.851969611936089 0.877637801725344 0.898910745114739 0.899976340837737 0.881500671857439 0.860089542339313 0.866128547565831 0.895917657983725 0.918490436330029 0.930981437367569 0.928424207889396 0.907690891301632 0.90485364453686 0.90560312400999 0.865343417072773 0.857728037751031
0.938418377142415 0.938360526577559 0.92912894133616 0.930314296028538 0.932813578326624 0.934940202507194 0.938582412236815 0.946731709278405 0.952836926678789 0.956016129875895 0.961563956447104 0.96551564232532 0.966462961244401 0.971463488886385 0.973525646554634 0.972564054931098 0.971195162042634 0.962152865799317 0.952013497030177 0.933802154144782 0.909720215162233 0.9263250531754 0.96219615820563 0.968659864221707 0.96630606689383 0.963521367835259 0.953434860771819 0.937378968538391 0.916397355200728 0.90742124697747 0.923376821860786 0.944355861720046 0.945806789722116 0.935093912946771 0.933783656719808 0.924696252143012 0.89841213147831 0.867507888073956 0.85029066759925 0.850441194127833 0.870729891818021 0.917201826306223 0.940151649979811 0.941163066516699 0.936954353385059 0.929422168559684 0.922047238196191 0.922548767855931
