Niches/Distances-1/ascii/Hypnale spp.asc
NCOLS 278 
NROWS 480 
XLLCORNER 370976.070567719 
YLLCORNER 375501.488324056 
CELLSIZE 919 
NODATA_value -9999 
[rows 273 to 293 of 480, columns 96 to 143 of 278]
0.941707045395287 0.941594510610163 0.941701538327169 0.942714114246818 0.943650460749874 0.944261613563029 0.943945558795581 0.945220598771151 0.945966648403611 0.945293978038455 0.944660647638377 0.943912516386868 0.944978718150855 0.947162217960777 0.947788701854318 0.951395506493688 0.956706133891662 0.953672547412807 0.954715306808677 0.953463142684646 0.952881958159245 0.961474833288887 0.961495377200099 0.961748061159768 0.962064937156672 0.962421258517089 0.960578942217658 0.960128939216801 0.961089325345761 0.959370298863211 0.957484303696547 0.957634153918519 0.962496504214975 0.969958645194287 0.972982124402587 0.965760860562658 0.91754469619164 0.8944011941144 0.937383329398552 0.961314816509742 0.974260350484952 0.971572679467066 0.96338703314093 0.956092829193835 0.952450206653685 0.953476400929185 0.96592945194348 0.969966565447359
0.942488754830878 0.942780199064244 0.942468197744861 0.942477051213225 0.943170300622404 0.944485883861829 0.94508398044411 0.94518176384023 0.945629939934917 0.946128658969779 0.945430561232686 0.945191385838833 0.946320102048333 0.947506339452586 0.948088661402742 0.948245735808969 0.948604485724943 0.949568692547096 0.950234705244574 0.956399428843532 0.967178300408475 0.967879195595641 0.962498774672883 0.960338699664672 0.961048342921769 0.9613816435078 0.960027010148987 0.960831832582591 0.960239739319384 0.957022979147357 0.955356998817764 0.955789492503956 0.960094561761271 0.964413903723041 0.958757758304023 0.937657844008635 0.906273668840083 0.916567916214764 0.960322521005223 0.971429952422518 0.971330625378515 0.965306411065414 0.961686609481787 0.960638940275584 0.961726476439031 0.961788283836722 0.967499941292867 0.970354982826394
0.946267543363128 0.944206424308603 0.942777550928618 0.947279658164633 0.94859258887683 0.944640845907797 0.94463329674504 0.945137777560901 0.946834564974109 0.946803801806507 0.945584697657595 0.945960552860909 0.946497184590404 0.946599324455085 0.947070266611277 0.948835624488287 0.949498343484738 0.948219886843301 0.949962786070902 0.960047150032873 0.968425892875479 0.966675077786407 0.963305380096644 0.961339427043823 0.961812468385471 0.962632744864299 0.961240984907497 0.961156591503956 0.960705776056846 0.957244175325197 0.956519934385144 0.957348361676116 0.964145302404204 0.97153719313219 0.968219645708704 0.958316696603557 0.93938377848014 0.945453059406508 0.970998321685995 0.968761138940917 0.965524959107628 0.964909063364992 0.967739729315111 0.968256153090899 0.970522763956762 0.970504033776916 0.971389633130333 0.972208748030598
0.945916869602074 0.948345486642504 0.945976305535026 0.949950467629057 0.951113565685687 0.945514304679224 0.94623800984391 0.947821226054069 0.948856431895582 0.948272827597825 0.946961750141406 0.946175657887648 0.946657469257233 0.947604157981517 0.947363981302552 0.947886551124459 0.949991902387989 0.951110469606721 0.952403150644998 0.958876212967795 0.963750824615278 0.961392490763186 0.960477342519946 0.961679214025079 0.962959602971119 0.961176577681794 0.95854639053005 0.958192291319927 0.957904048563959 0.956943912756278 0.959658150766657 0.962632924919955 0.965463257108369 0.972060922336858 0.975257103464863 0.972739877083576 0.950455637926332 0.94920721544667 0.975965376542332 0.973064963179243 0.969043589174676 0.970751915520486 0.973641062230258 0.971489307110843 0.971902473359403 0.971970341166986 0.972008523945104 0.97336989621622
0.943679445318921 0.944633753471583 0.943841368053061 0.947271994820241 0.950037566259042 0.946927776713202 0.946058292341016 0.947700224261502 0.948879663466833 0.947423215221841 0.947139873493003 0.947530352728881 0.948065227817828 0.949736232139389 0.950704053249469 0.949216191879872 0.949248452583541 0.949715108536795 0.952776673907983 0.958837659099362 0.961379768294015 0.960685530774527 0.960475058887233 0.962978622996655 0.964902627473183 0.963116378748452 0.961191324679197 0.960478146182997 0.960548850965065 0.958817203020177 0.961683930604951 0.967291774996293 0.96946365902059 0.972686892413039 0.970630751238668 0.953153587487227 0.938873623715309 0.956687794564338 0.971840125794742 0.97047431581044 0.974767395996013 0.973706411454455 0.972950715669584 0.972029575086274 0.972573843810553 0.971466150196816 0.971761698381663 0.973056432493581
0.945296709614508 0.945009968786209 0.944425042616439 0.946629029246756 0.948397373412699 0.948003363329319 0.946951350829361 0.948636794736228 0.949538535420483 0.948100145440327 0.947861646353086 0.947717224150408 0.948186484323275 0.950190877062894 0.952337180009207 0.951777044429175 0.949721739854865 0.951254716145344 0.954757597929877 0.96053377459756 0.964310777943853 0.961974663398896 0.961321518093433 0.962928642181455 0.965520501632237 0.963796637800777 0.961079545249508 0.960868405838806 0.959695382763078 0.957650473109212 0.960714212323079 0.968756512388873 0.972486141335379 0.972974004331653 0.969975484789743 0.942097015205406 0.918510971458038 0.937800039669417 0.935207435842204 0.937408141946297 0.972036638977079 0.973297401856593 0.972608155392063 0.975140311022209 0.97373494368856 0.972934049542382 0.974148325125587 0.974993240683905
0.944963114791185 0.946207769276871 0.945806359345181 0.945716010930181 0.94767814328981 0.948141435276414 0.948672274483702 0.94947201583452 0.948626830192718 0.948273806924931 0.948729387259528 0.948974829468537 0.949476425002297 0.950509276945474 0.952294256497409 0.952900244787353 0.951933244906729 0.95387465769109 0.958810365296843 0.963007682222926 0.964400232667974 0.962289220630277 0.961069571922795 0.965498537037981 0.968895853508765 0.964330581870234 0.961352325177049 0.960317049069915 0.96067416970178 0.960957423598591 0.959567573988386 0.96373147961124 0.968650343229935 0.971559372914913 0.975229214600358 0.95115359074058 0.915564303553513 0.907042497708853 0.875565826632231 0.890021546682607 0.954858925348304 0.959034459931588 0.968113610493608 0.973453518893721 0.973803685424816 0.974875293250091 0.972569230433313 0.969969821819776
0.947141647699957 0.946432588525842 0.947284278129275 0.947798855236687 0.947969152754641 0.948722189424882 0.94899422278019 0.949610368844104 0.949379480402038 0.949555750497856 0.951160564603557 0.951053251432462 0.950321448154849 0.950701607127505 0.951251365353498 0.951918954635869 0.953614683673146 0.955141841091808 0.960820203622161 0.965585745458001 0.964290207683032 0.962708240883463 0.961077959881413 0.96419408431223 0.969148241035341 0.966024686015005 0.960272158120703 0.959730181812339 0.95935155111696 0.960118961498487 0.960465898006774 0.963696843051229 0.967786741407784 0.97035182965661 0.975805129204115 0.974952493210587 0.963742520097086 0.949966185170362 0.916170520206727 0.904492725169808 0.948322676664984 0.968183057081884 0.972176818892832 0.974511058224004 0.974733435742614 0.975570516684087 0.970532807549097 0.960443663329034
0.948600072165566 0.94739412086276 0.948198793981917 0.94772414970577 0.947053754190123 0.948889614835539 0.949725933834174 0.950295603580782 0.950776826475783 0.951995324583705 0.95386959417471 0.953263496094732 0.951629091378995 0.950832836959665 0.951086201617546 0.952397814849332 0.95457492487926 0.955953690087606 0.957966852855162 0.964719719471893 0.968435651013724 0.964967682460088 0.962241681545438 0.96700610791453 0.970470936473186 0.964478422934579 0.960718371169577 0.960108979388571 0.959215025013546 0.960292399011421 0.96169257766805 0.962259647586646 0.963312156337559 0.967831944160693 0.97327236972878 0.973809772184316 0.975465946068048 0.966888228550537 0.912558419296104 0.884925268955937 0.927163910519627 0.95756139825861 0.975543348042207 0.974286697897376 0.973343671768635 0.973815970929651 0.968744475009516 0.955914367688932
0.950915855791977 0.950429613296609 0.949169623338937 0.947864540418389 0.949127393700156 0.950477442227138 0.950358012627861 0.951222156812781 0.951683832690081 0.951486895718213 0.952342129343951 0.953096909479936 0.953593885049054 0.952877702697517 0.952549944312415 0.954011579038627 0.955583478092054 0.956897032411646 0.957069547688292 0.964333063125009 0.970871617399048 0.966790192637337 0.962540205040215 0.965405569032763 0.967964807668563 0.963556531387434 0.960800116437492 0.960805496149171 0.959860287394548 0.961482795262172 0.962812690730464 0.961460626458452 0.961987359518458 0.965404282293562 0.9702877210598 0.973245418471168 0.968089597217313 0.952587624252176 0.916042425977946 0.874899822717956 0.898474386819341 0.955910393289692 0.975021687281784 0.961342303542721 0.951412005740038 0.964064130240268 0.963589793376216 0.957831046974374
0.951840828047483 0.95174934659933 0.950296227188176 0.949793933389799 0.951361445233456 0.951741678863336 0.951433195216651 0.951973067947959 0.954999944059919 0.955514745139001 0.954533973196478 0.954870145889806 0.953109473851458 0.952296377640871 0.952947305187641 0.954416388069777 0.956322553861537 0.958122047656002 0.957891629115283 0.963980301157503 0.96972368354195 0.965026330100594 0.961805305683635 0.966864358001286 0.971408661939072 0.966146719833894 0.961201926004906 0.960469723091568 0.960220319658123 0.963058721414056 0.965875391330606 0.964048577384014 0.966821752880588 0.96863078303743 0.967435134431439 0.97331898438153 0.97495480978031 0.96933870698259 0.948863309143329 0.903235286732532 0.902656254091802 0.95604872873287 0.971698419797513 0.970110076392753 0.968927442297424 0.961375253727806 0.958593376273115 0.963105013284105
0.953796083159365 0.952324914266578 0.950775047877228 0.950706341273783 0.951495577914123 0.951766842739191 0.952388785716914 0.952888396246854 0.956240589013554 0.956732184870993 0.956612562041256 0.958499303780153 0.955680387559502 0.953878302720228 0.954855890751756 0.954314239421894 0.953469563205851 0.956300446540237 0.95849839911027 0.965092619127484 0.971704161816305 0.968400676300408 0.964098151976087 0.96722566822086 0.970299962648621 0.964762917458776 0.960426430685255 0.960038243865293 0.960286689929639 0.962409928185552 0.964261693015332 0.963184896513038 0.963118939052051 0.96795044493628 0.972805766474742 0.975047525268449 0.973521994938094 0.963262052557521 0.946125927393726 0.908040269540282 0.901262886808898 0.948709084886391 0.964574032488021 0.964456475906729 0.969140153901417 0.961772553120612 0.965735430994921 0.975526824642049
0.954928751810098 0.954829773898405 0.953669297627792 0.952521820497237 0.952868120223326 0.95260157197813 0.952252689990435 0.953462497119245 0.957263463238417 0.961504915758276 0.965081372236374 0.964569390565372 0.958375100510186 0.955123883833804 0.955959162022914 0.958197477801146 0.95704365480661 0.956417342185523 0.95907608352938 0.966637347343231 0.968819270568261 0.967373160152896 0.971579025331047 0.965145823378091 0.965351626993127 0.967098371067727 0.960633604479919 0.960982736788892 0.961480950789596 0.96332058382059 0.964645778079614 0.963587140848988 0.965463533779256 0.972590167392848 0.977385684103844 0.977427606330529 0.964451726389846 0.922050066387474 0.886725087728904 0.864046401523943 0.887963826727544 0.952710413426502 0.960620934709965 0.964808346379156 0.97280322812915 0.969157349216584 0.969290080976412 0.964616628825516
0.956351828276274 0.955627104260071 0.954925427367861 0.954052794217491 0.953599001264651 0.954758981284309 0.955243682327595 0.954889183481748 0.955348176090611 0.961448558337886 0.969093840073361 0.966651110621927 0.959254184922969 0.955883806534994 0.956315448250519 0.958527739399028 0.959225138871503 0.959614414808606 0.960377288665917 0.966077253483412 0.947245983365322 0.922112875070278 0.947469406085058 0.948952880244886 0.944975802127545 0.965666812223504 0.960953326234512 0.960704664981699 0.96106699405279 0.962955299201776 0.963871255499667 0.963764565935967 0.966581756257279 0.972350131245127 0.976743790081093 0.975758345474712 0.961337947074161 0.903284569283114 0.802315865639567 0.7863812738276 0.882472340010319 0.922051146721411 0.931899817829417 0.970355720615424 0.975916162061571 0.973535334427258 0.973374665495309 0.960952048278513
0.957243556109404 0.956113917663617 0.955344359789019 0.954604076329159 0.954495814572168 0.95430685713999 0.954560801489252 0.956208165820634 0.957518580145245 0.963238996650324 0.969627830254632 0.966042265595292 0.958505329057234 0.956028861128269 0.956325526975665 0.958119930904141 0.959526556431583 0.962908550605184 0.968442418471437 0.971148314635012 0.965330501194733 0.960993860715164 0.968307442603307 0.963560347689026 0.962865763233029 0.967919910131949 0.961449463007768 0.96178769975374 0.962175737259256 0.963374126224501 0.966196775306318 0.968611747641288 0.968629267934957 0.969415507307361 0.9664837840223 0.957218348317536 0.953201104614058 0.917972069270634 0.812458954095068 0.797273569476946 0.877380401185804 0.885327082914953 0.910266749952819 0.95341605593475 0.970215004924303 0.975381647083936 0.972177075801513 0.954974420072752
0.958858936408003 0.958138661083988 0.957709052679897 0.956090624609946 0.955920941916184 0.956981355549565 0.956580468218438 0.957016286346868 0.958161528152325 0.963323794081192 0.966783859948161 0.962332574519008 0.958475259762648 0.957071137447988 0.956973503366314 0.958592928329775 0.960404845964518 0.96147032750588 0.96702956126165 0.973254704512266 0.971517336506592 0.969402837537406 0.971844427368285 0.973926536081561 0.968151191622338 0.961544576310255 0.960948095837279 0.961383711952046 0.96208918318784 0.964903305975595 0.96931326863165 0.970764637989657 0.971220086576213 0.97280966841256 0.954080874116655 0.930819317011367 0.911960775048765 0.859094379119099 0.780409995877421 0.776152759942236 0.81080987264755 0.79573368080591 0.872077077020909 0.961582778850579 0.973894716733829 0.97576513049883 0.967524371771292 0.923742624688562
0.960201936414785 0.960487302671855 0.959375827889337 0.95741850433321 0.956564676019909 0.956369517646596 0.956682682740342 0.957720229305385 0.958048650822293 0.960255988244456 0.965026431107425 0.964043742230905 0.960526484539284 0.959038684652107 0.958529157886271 0.960621382653304 0.961439085653729 0.963949316214032 0.968116304741049 0.971798521959157 0.974306113167036 0.973484618018828 0.968394053765541 0.966922917809764 0.965816113495304 0.96070313231282 0.960871857637484 0.961688014794226 0.962277407222589 0.965505001475199 0.971203565371857 0.971938747986725 0.972351969130301 0.975860485339393 0.961614156842373 0.917087284559271 0.889200615855175 0.870693371261022 0.808790473806047 0.747496243517852 0.706914140340807 0.749593777730943 0.885758303036747 0.954457857961521 0.95031603770196 0.962453084452222 0.969653097333119 0.939870179073158
0.963155086322934 0.961398801494355 0.959020916232961 0.958188374011504 0.958621047753352 0.958832033458006 0.95857416740872 0.958274910516514 0.958612528046693 0.95943773629386 0.964118992320392 0.965296734171793 0.960877180258345 0.959027169873312 0.959390355306671 0.964041605716838 0.969725567538938 0.971108333496132 0.972735773132095 0.974167931429906 0.974037432799374 0.974663339197335 0.971191872733207 0.964468368363241 0.961208631980199 0.960863478462068 0.96118233067959 0.962129581528849 0.96224745210964 0.963669834702799 0.970357257675904 0.975136057756282 0.97511926427264 0.973071572539306 0.963563303236748 0.928394156161216 0.907006389962383 0.907929838332213 0.872021409081934 0.776596803540033 0.628178173349429 0.628976707009871 0.795794056541554 0.877741777279398 0.892324291644549 0.93494784828518 0.942398454723493 0.918378151866182
0.966892907801797 0.964424199832455 0.959531883444046 0.959480615889644 0.960675987824748 0.960189881469023 0.959945559118364 0.959696871515942 0.959356272088433 0.961236237586415 0.963991192328903 0.964115775472388 0.962193303664739 0.960081988606547 0.959858460488378 0.961744688409915 0.968444871180802 0.974081410295501 0.974388923398283 0.973909364920201 0.97340616206034 0.968566634916208 0.962374777808181 0.961513606737389 0.961139213937332 0.961210977095331 0.961382526219675 0.961812749447958 0.962050796200259 0.9631556177067 0.968381755085902 0.973878709346833 0.973677424689607 0.962679765740175 0.939944397136323 0.906926901977573 0.90191064801108 0.925201093070185 0.907628012353206 0.840265555122973 0.724979097977713 0.648791612394577 0.665549190303417 0.758453095707348 0.866674195252941 0.902468153021891 0.895182503914266 0.848737428460047
0.968662657280179 0.965900045780701 0.961477077397187 0.961459041090358 0.962128681250568 0.960806286637417 0.96061896727255 0.960321339664454 0.95994529123068 0.960292166256548 0.962463742868749 0.965413594684268 0.964567882050301 0.961980855556828 0.961302357536653 0.961610371281991 0.963936347815184 0.969228117676872 0.974025448119234 0.974231245146868 0.9744123657664 0.972465645731782 0.965268133867867 0.961163868387427 0.961410983796558 0.961392604944821 0.961567127183294 0.962642182415644 0.963103445482416 0.963907222714894 0.965779990378229 0.970158869279782 0.973737583040984 0.965421457846523 0.947583442797852 0.910842840220631 0.897263683803852 0.926209677024188 0.929912179049028 0.8979039705005 0.818261454021367 0.76906478559551 0.734029766809043 0.695767448007258 0.726929232482396 0.76767681119909 0.813710946946644 0.825297607471918
0.973175818176844 0.969028132933652 0.962492622039363 0.962651092974826 0.963120432196518 0.962046918416248 0.961650312896458 0.961397330307896 0.960510819697195 0.960262421940464 0.961225122443346 0.963237143394546 0.963970099467519 0.963111666560182 0.961777774734642 0.961489180650565 0.962789863186539 0.967603264694117 0.973267670715313 0.975131595889289 0.974987085854584 0.974326896420523 0.973568119927291 0.97290085123182 0.967806450914736 0.961763712827053 0.961812925112013 0.962481770392376 0.962888700566988 0.964228136789259 0.967410150611241 0.970025094514628 0.973379202019525 0.972889000495521 0.957987568038828 0.914978112602548 0.862354299949398 0.88229385654741 0.9352554799612 0.932873216273238 0.893006131673368 0.849702597042899 0.826244840754772 0.795730079692786 0.745148897452389 0.695953651905377 0.727000025096492 0.816010424557166
