Niches/Distances-1/ascii/Naja naja.asc
NCOLS 278 
NROWS 480 
XLLCORNER 370976.070567719 
YLLCORNER 375501.488324056 
CELLSIZE 919 
NODATA_value -9999 
[rows 84 to 104 of 480, columns 48 to 95 of 278]
-9999 -9999 -9999 -9999 -9999 -9999 -9999 -9999 -9999 -9999 -9999 -9999 0.828930904816542 0.838793132184649 0.839773076132666 0.839799591148948 0.843023800659861 0.840078822267617 0.845124580459181 0.847803276448004 0.848416374440943 0.849775351370156 0.85746487078142 0.859773879920563 0.858201506517143 0.864574044832436 0.862036858332682 0.857903253756359 0.854108209706255 0.854243440406531 0.856990853106805 0.863682518582346 0.866847666306214 0.86789363017443 0.86832145243248 0.870928323194745 0.87200257249182 0.873271978896311 0.874053657221806 0.875026066623271 0.873734632992521 0.87748077454171 0.880224070003431 0.87627015201066 0.878256956353736 0.881030698794556 0.878512605988592 0.871402608489866
-9999 -9999 -9999 -9999 -9999 -9999 -9999 -9999 -9999 -9999 -9999 0.827702444349461 0.830368212209227 0.841206163355835 0.842286115028306 0.840544873085633 0.842531255411756 0.841486279680793 0.84238239665187 0.843236867754982 0.851502038874544 0.853081246893962 0.853896357196507 0.859144333559605 0.863263898352462 0.864061798597855 0.862114880003263 0.860666044342628 0.851526042375309 0.853390348578334 0.863963746561713 0.866632705281358 0.866872843219966 0.865448072818675 0.871105117418214 0.871824748958713 0.870021851368707 0.87485246325968 0.879778698016048 0.878106296301982 0.875092436508746 0.877499888821693 0.880624574383681 0.875335353583378 0.876799711233357 0.880321895591452 0.883888515246631 0.884333094665592
-9999 -9999 -9999 -9999 -9999 -9999 -9999 -9999 -9999 -9999 -9999 0.829147183357735 0.831837613476434 0.843041525371832 0.846550194894376 0.844649821681626 0.844027912798184 0.841213903764314 0.84390036074781 0.841713221869839 0.845391006965951 0.84778396659919 0.848197831418546 0.855488905068836 0.857816935850094 0.859933793465964 0.856076085045083 0.853125177829323 0.854283377620496 0.852703778463416 0.86421057501297 0.86612292938991 0.864893089647913 0.870581239984721 0.875203272570595 0.872522950272543 0.86915439037796 0.876818485841159 0.879101391687875 0.881151477987511 0.877552589475172 0.879729424963664 0.879513197887953 0.876376881127052 0.875765059478066 0.878344519724663 0.88808160362695 0.885805676499581
-9999 -9999 -9999 -9999 -9999 -9999 -9999 -9999 -9999 -9999 -9999 0.833816811221282 0.836646877485509 0.839522048098085 0.843011037220346 0.844470083632592 0.841361280318322 0.842612756148914 0.846245519241449 0.844104205228573 0.843787692514805 0.846063434366439 0.853745131024452 0.858152099654507 0.858321441676195 0.862094211465726 0.861595778566491 0.858282307323748 0.857536757766557 0.859339552425599 0.864723768212418 0.865001023056582 0.864592675336888 0.867842926381649 0.877318853842514 0.87786508788135 0.875495637680249 0.873165754141642 0.878041161588073 0.88469319864254 0.884426504515265 0.883684228162724 0.882730675713832 0.881634821207449 0.882643235860061 0.884093368450839 0.887250580197397 0.885063966267341
-9999 -9999 -9999 -9999 -9999 -9999 -9999 -9999 -9999 -9999 0.834378176111801 0.835758274474792 0.839627984646056 0.84146318197251 0.8448800988339 0.844363673602188 0.841283052785813 0.84362320883461 0.844928455800706 0.846933221596969 0.84875343217509 0.850440882396068 0.856141713827619 0.860282441226638 0.858062240923086 0.858197368692398 0.860657171693546 0.859412798099458 0.861122872546285 0.861907844662621 0.866215134947306 0.862415664865757 0.863103799531325 0.864572789074677 0.870613827927868 0.877052386163359 0.873712152870021 0.876826514456337 0.877949244237375 0.880767885164617 0.884789428800622 0.88442594868806 0.881970715821705 0.883847075240594 0.889421157483289 0.887507835555289 0.886009706256079 0.885938488322207
-9999 -9999 -9999 -9999 -9999 -9999 -9999 -9999 -9999 -9999 0.829151362354866 0.841156900596547 0.839671380340405 0.844553334196135 0.843052703674503 0.840461293143005 0.843339181133026 0.842365207180911 0.845518723705867 0.848631953051582 0.848984882740351 0.857218906950259 0.861214913414139 0.861197785701758 0.863214964972258 0.866372331115262 0.865668324495072 0.862029632579021 0.866681268110092 0.868912564371545 0.872188218778178 0.870614177893145 0.865765800117816 0.866108683744516 0.875313305770926 0.878430220045145 0.878914942539999 0.881697073854372 0.878790673987371 0.878413030574186 0.88188815489562 0.879776207086724 0.881223684058635 0.882837425416417 0.883565487002853 0.883139795415754 0.883265103571117 0.885253791550831
-9999 -9999 -9999 -9999 -9999 -9999 -9999 -9999 -9999 0.829329000612238 0.83711661323203 0.84030343821688 0.839267952720782 0.842589143785813 0.840603996631255 0.843298173437037 0.846674123774824 0.845510880366424 0.847763442165003 0.853612103046802 0.860147251698748 0.859429596432755 0.860540036256711 0.857554297202793 0.858650264933236 0.8667307573175 0.868361430818831 0.867433919903787 0.865830070211629 0.868979366567069 0.866061026708264 0.869677876673791 0.863420641624177 0.865879003591833 0.872583041369226 0.87221800699911 0.877453878680862 0.884871639761431 0.882225840508646 0.877356557454564 0.876786361087349 0.87812112865387 0.882295977667398 0.885067342402955 0.88296247624437 0.884536352439861 0.884402902445259 0.888314258484487
-9999 -9999 -9999 -9999 -9999 -9999 -9999 -9999 0.832015745802433 0.834363827535444 0.835383996904125 0.840833347404854 0.841933123580958 0.840096423462432 0.840821757378327 0.843527524210636 0.844445277270309 0.846690736832385 0.842748645607359 0.858036137630659 0.861219730583246 0.860394100736198 0.858778763948477 0.86025989934556 0.86428948188984 0.868687742560355 0.874874140520662 0.873096810982071 0.864959747740088 0.861697803737836 0.864517288698981 0.870849272214526 0.865335836895718 0.871942913705186 0.872407132352045 0.873145703189889 0.875680697260113 0.877650487114868 0.877590900379908 0.878101211512369 0.879241161643655 0.886757870259751 0.887646648253106 0.889119971190035 0.885819870679493 0.886777509487649 0.886616566632609 0.884530650064465
-9999 -9999 -9999 -9999 -9999 -9999 -9999 -9999 0.836547507933031 0.837836635910191 0.840267103586649 0.839717513998392 0.836693361108774 0.839245266736355 0.844296521441387 0.847346489416734 0.842147281744297 0.842262049768963 0.845114266776606 0.854400018988704 0.861132383367342 0.860717365721192 0.859307787930162 0.859818346096936 0.863400158362376 0.874475303622026 0.875755672174165 0.865282765690769 0.863300191810307 0.860913593310632 0.864225788209424 0.874027327481259 0.874576464173275 0.87430240018899 0.875781157880808 0.875306491741121 0.877688499519809 0.87780928900586 0.876280877417091 0.877754941456959 0.88080740036163 0.888726713149638 0.890546470831519 0.888866668381153 0.889635634732615 0.890094325986716 0.890103538307979 0.889941442626144
-9999 -9999 -9999 -9999 -9999 -9999 -9999 -9999 -9999 0.838196132594453 0.840650912564567 0.83873462622481 0.83843328553511 0.843356947017383 0.845812735710942 0.848438936908214 0.843261612358686 0.847073598845436 0.849895718839255 0.859767354097456 0.862529012443124 0.860651798697235 0.865524056456172 0.875823411041459 0.876753598161562 0.874999510434603 0.868403056100602 0.866304211403401 0.864060069357663 0.868722389122779 0.872841603950359 0.877502585612945 0.881108473430824 0.879753243188694 0.876406895796104 0.875416998423885 0.876905256643665 0.876970875133105 0.874775717933051 0.879287367353317 0.88248243710837 0.880461181771702 0.885995913506926 0.885868248232491 0.891851429590916 0.889445932966282 0.887093857511874 0.890119369090215
-9999 -9999 -9999 -9999 -9999 -9999 -9999 -9999 -9999 0.834784032902171 0.834182483763374 0.838659280759288 0.839885456158972 0.845132814936287 0.846198932687221 0.841420033312474 0.842438473440963 0.842794696920575 0.847051880412068 0.861905374319489 0.85911370130477 0.861807528145276 0.86676276884725 0.876384590656243 0.870770118303343 0.874365558628394 0.875414136943091 0.873602325531617 0.874125811827448 0.872667259483829 0.878185666368189 0.880560674841337 0.880957041396842 0.878219036586662 0.879878252844262 0.880790653493816 0.874938822338331 0.876639838860341 0.880393370852733 0.88196825577167 0.88632162824886 0.88278485857319 0.882318076945332 0.881980247228956 0.884987931164362 0.889037091177962 0.891728581485588 0.890947253125371
-9999 -9999 -9999 -9999 -9999 -9999 -9999 -9999 0.834384557831559 0.833544167684298 0.833323071973998 0.840469836413003 0.842588608544801 0.847808320065232 0.846464350470545 0.847140524558116 0.851464160279856 0.846910741474469 0.850201279698472 0.860554755384539 0.85770918771716 0.863652648016643 0.867604147131764 0.875885149033562 0.874776335518834 0.87389765505303 0.872757529939105 0.868335059905898 0.874363005940491 0.878532337854358 0.88096461711578 0.878158842559016 0.883607853387564 0.886568847837779 0.881962141672418 0.87741879980839 0.874031712340318 0.877613524605758 0.885572990762754 0.886858320587349 0.890390602472996 0.891427930433346 0.890762615562459 0.887844594789642 0.887693800927636 0.890914181406694 0.89125539755178 0.892523054129886
-9999 -9999 -9999 -9999 -9999 -9999 -9999 -9999 0.836724755052741 0.837268189369361 0.843714302737597 0.839273284544708 0.845135079417492 0.845590425415269 0.846407861957596 0.849511601068446 0.848451679761535 0.848812143996857 0.858242925936987 0.859611866583499 0.860331230503492 0.86848626549176 0.87529479878363 0.877583252609296 0.874511452976522 0.871152239213454 0.868505513581995 0.872294443532848 0.879687285027074 0.881652031264601 0.879574503570009 0.880991893821194 0.884430137978288 0.884206458700796 0.882472720425385 0.880358446376707 0.881625979437656 0.885218259782117 0.887278947971028 0.887973979011172 0.886167694992457 0.885070492090448 0.888539697881461 0.891518417043647 0.892977216421579 0.894587303730145 0.892767226962276 0.893373191839421
-9999 -9999 -9999 -9999 -9999 -9999 -9999 0.840608690283205 0.842919387490155 0.843301343710723 0.840025606959319 0.842873109728818 0.84944634283738 0.846262893988143 0.846721245570064 0.849759026519293 0.84954832683634 0.852448818466017 0.861267881688124 0.861177075991836 0.863217023591535 0.870031588637885 0.871977992577659 0.870985223431548 0.868016962055288 0.869649035417726 0.872160200969825 0.874662740907155 0.875389433511772 0.875839653547551 0.876790231291588 0.879238248697379 0.881228542400128 0.882540047568824 0.881495071837861 0.883132816696407 0.890325303069544 0.888873976479585 0.889180957786102 0.891445377231715 0.891792069304077 0.885753469914728 0.891916142287874 0.897680976192732 0.896108520444542 0.897500877885324 0.896168477730971 0.893594627221902
-9999 -9999 -9999 -9999 -9999 -9999 -9999 0.843914565220818 0.844121024148062 0.842968238525587 0.842555588291605 0.851099352357861 0.851201006977736 0.848521755161709 0.849002936831406 0.84789562610875 0.849707952175042 0.853257402945455 0.858637583838492 0.860574106405738 0.864616864113388 0.871473363234401 0.867469163465801 0.868804775066226 0.868499955309949 0.872215166104508 0.875885735740056 0.873024038790645 0.871713645276358 0.875938045255873 0.878478659356722 0.882071330838846 0.881222150387274 0.880969259302248 0.883165713432446 0.883410750884932 0.889507043079506 0.892986418449745 0.89204363257967 0.890060297010075 0.892597504096022 0.898494223444832 0.897385132016501 0.894872762172126 0.894810283077083 0.897977890850987 0.89868794981185 0.898585060020409
-9999 -9999 -9999 -9999 -9999 -9999 -9999 0.844368346667945 0.844000059679373 0.842503114086246 0.842953869363037 0.844420450321835 0.848611366858816 0.848338496873711 0.847880639360417 0.849351461074924 0.851175788891599 0.85531272843115 0.861253347836032 0.86615300581754 0.867764884124876 0.872703573527867 0.870510546998764 0.867580493596276 0.869694880869015 0.871566762790977 0.873877192377421 0.875100197503419 0.875826046074133 0.880664964493887 0.88006728555933 0.880529311776659 0.880807266551377 0.883727870891386 0.884969547694223 0.886573129765874 0.888515282656841 0.889130480441442 0.889908967907057 0.89189657511165 0.894639108884239 0.89746332866972 0.894018877775507 0.895660482545196 0.897780109003994 0.90393936406914 0.902820864750716 0.900304717339968
-9999 -9999 -9999 -9999 -9999 -9999 0.844754111334176 0.843890499961475 0.841652574945952 0.841735949026652 0.845879702596008 0.848913160444757 0.848192376077463 0.844643172341363 0.846321708740873 0.854781192933948 0.861323773201482 0.862810734491118 0.865018912458095 0.865639565583779 0.869837419667722 0.871018861270527 0.87106139234478 0.873631207960067 0.874344828332279 0.874779526378712 0.87535845129166 0.874022633829308 0.874312734457758 0.879414631196993 0.883036977675988 0.882415583447365 0.883586145247293 0.88486865476348 0.888460564556471 0.8909929853526 0.888776294994913 0.89117757145003 0.893304258972946 0.900463467765478 0.899403350889736 0.896111278994372 0.896729152984032 0.903043102994714 0.898789141242388 0.902618533355121 0.904675876287707 0.906422614743849
-9999 -9999 -9999 -9999 -9999 0.844107601950379 0.842945861334051 0.840055045214973 0.841783626649096 0.84408654227518 0.849041700632384 0.848287690149966 0.848309984996731 0.849591681358303 0.852951018638528 0.861293120360454 0.867072549875983 0.865512775222537 0.866752022854626 0.871393468220279 0.871559907588787 0.870869199649123 0.870873028680977 0.876645850028628 0.879404029307719 0.882406371126102 0.878657471027082 0.87992592017361 0.886539069909944 0.884017745071716 0.885979794517991 0.882218419186155 0.88460900111413 0.887703023541994 0.890403232102257 0.888956393302321 0.886427667727794 0.885964869528236 0.892275134610413 0.902833185587086 0.901741221871136 0.902196114972672 0.904466401483223 0.906276401309733 0.904963259538711 0.903968822910987 0.90790187679739 0.912286355011848
-9999 -9999 -9999 -9999 -9999 0.843488348685804 0.843636054618895 0.841668735107273 0.844922897528659 0.845269321980515 0.851243352776255 0.850278663197077 0.85280222163722 0.852399493948151 0.858108436339651 0.866559130228415 0.871259019795328 0.868464649989356 0.871124118474136 0.872812968556222 0.871248500250825 0.872685540023004 0.876830096453879 0.881672524819499 0.883555296837434 0.882431558332951 0.880024188364775 0.884540840229884 0.89026587073103 0.889977406704905 0.894786897162101 0.891439716028705 0.891451378106906 0.88974093310861 0.887930120127486 0.88641609828746 0.885980257707328 0.889086333351056 0.89592783543064 0.900668094521566 0.901273997640133 0.904484321764025 0.904075829940982 0.904892257759864 0.906438723439688 0.909724248925752 0.908567109323507 0.915898017256798
-9999 -9999 -9999 -9999 0.839100278180708 0.837832642188795 0.842771166902244 0.842964656528046 0.844206662709966 0.849036698187542 0.853317638145486 0.849118857682868 0.849861257552566 0.855694190583092 0.860984903882371 0.867264701399255 0.870272014783192 0.871039797428569 0.873915276834037 0.871364647550407 0.872539604502491 0.873777596376822 0.877875802994685 0.878262771953192 0.880419422679678 0.880785187859637 0.886789892082597 0.889305463079947 0.888060502779365 0.893975183581363 0.900718283659528 0.898081809952067 0.896326898777397 0.894897867034203 0.890822644900563 0.889107320974581 0.889800108119714 0.89375347028528 0.89785359141907 0.900994190108066 0.905454991632202 0.904425537890584 0.904173182046569 0.906057148063685 0.909718464205585 0.915140465949225 0.915497574635126 0.914184669605322
-9999 -9999 0.838563966686785 0.838522629611712 0.837945063387487 0.837429543948256 0.842711446357032 0.84407626976499 0.847616889058707 0.850242781463087 0.853016359214365 0.850845833393955 0.857855658478685 0.860845967667398 0.86219242819141 0.86558091552059 0.870218902405857 0.872280609611309 0.87175757621172 0.871142646047625 0.871143901805384 0.874743706403301 0.879567113126806 0.880341256905748 0.883995614914493 0.880400051072286 0.885634111169074 0.888653590992935 0.892529806401113 0.899212866848078 0.90141232656242 0.898579429696687 0.896599892279658 0.899193433482108 0.896272499763014 0.896825033176837 0.895868608954054 0.897278166158892 0.896575703503159 0.893940259105336 0.897941587100045 0.903486951603832 0.905646093259643 0.909074342820149 0.912934573049644 0.917460447529112 0.917047220881732 0.917231004117645
