Niches/Distances-1/ascii/Naja naja.asc
NCOLS 278 
NROWS 480 
XLLCORNER 370976.070567719 
YLLCORNER 375501.488324056 
CELLSIZE 919 
NODATA_value -9999 
[rows 357 to 377 of 480, columns 48 to 95 of 278]
0.940900493904452 0.939062610079841 0.939935886670044 0.939590615044984 0.940317060615288 0.939729118949909 0.940483129432326 0.939829806018724 0.93891487326746 0.939177872173134 0.940521316819906 0.939724826728717 0.939602493278209 0.939511687581921 0.939995679266931 0.939510781789439 0.939745454093868 0.94019435661331 0.944702825466794 0.944422101849149 0.944989374976992 0.947054530369732 0.94526502409812 0.943561784267291 0.944655919826578 0.939207742738837 0.934285738445082 0.933528660619943 0.934016110785337 0.937865214177643 0.937911656628522 0.933458873426468 0.932517127159127 0.934929026089711 0.93705871919677 0.939290200733959 0.940553894469957 0.93958928723555 0.934486361186677 0.935581659865855 0.934309391980569 0.932287817557913 0.931135762745281 0.931948958531899 0.935059058776313 0.933193074798578 0.931044473273463 0.933730992015537
0.939164985216463 0.93820520544426 0.940018746095925 0.940923910698722 0.939605642965702 0.940307745363062 0.93973124962086 0.93892659710424 0.940429039210835 0.941220310702158 0.944007866478324 0.942238792003032 0.939198725986406 0.93874454310852 0.938737183544606 0.942962736350915 0.942633089646164 0.939084853461124 0.941186744914854 0.94249634586072 0.942484055903639 0.944583651996875 0.943893695453248 0.943118275330354 0.939047335124809 0.935986003571056 0.935758258520493 0.933967568542797 0.933433027461451 0.933735243064343 0.934870973026112 0.933205632376165 0.931868898828234 0.933144532556037 0.936063716448745 0.937458966249611 0.937580146873324 0.939598262815596 0.93955921080792 0.935883340227735 0.933120951072224 0.934557218862175 0.933928413604157 0.934750646729399 0.936346467806378 0.938788576974845 0.937499809256058 0.936919618292255
0.940876891834446 0.939255276257932 0.938665111283734 0.940300478437016 0.939709798807999 0.940429265658956 0.941303828886207 0.939799112005311 0.938922881296446 0.939044195730412 0.94268346405986 0.943680648944319 0.942439682365133 0.939653547036267 0.938340858161487 0.938616260248302 0.938602971860872 0.941380460988776 0.944675456123513 0.943559005131268 0.944403008155359 0.944804130121393 0.943508363097065 0.942384892213088 0.941711517847732 0.938858662668114 0.937169328810499 0.937637788213068 0.936013475845301 0.934249362642465 0.938150034447648 0.938023542586201 0.933537893527398 0.932006888078341 0.935046017423196 0.938018818054962 0.935351835609822 0.934717955855287 0.936430902076005 0.936646912996692 0.937422827188212 0.936246017478779 0.933605447118957 0.933210058407609 0.93724009384813 0.937762169989756 0.934631143880396 0.935867488859306
0.940545052700165 0.939167517318173 0.938708548150469 0.940152453417936 0.940832075692796 0.939434509945244 0.938817160903499 0.938926154501096 0.939081189118812 0.940526648643832 0.941737796122798 0.943428900392991 0.942116088001054 0.940664895221348 0.939288059769911 0.939552602640042 0.940790512169603 0.942043614309424 0.944772108298546 0.942937580023356 0.942286150539489 0.947381047973184 0.945134487049795 0.94321907562323 0.942176086459869 0.937450309755553 0.93537537592125 0.935640814290766 0.936662970227049 0.936734774867415 0.936700715011484 0.938008597010254 0.936302650095077 0.93687000556769 0.936568500188449 0.932979122497167 0.932534244578411 0.934404448725663 0.934962015463617 0.933700534743341 0.934129437776511 0.936624278477746 0.938945114384633 0.938272481122217 0.939753595933107 0.939382848894499 0.937166405571126 0.936108367900853
0.9408471447859 0.940738707015508 0.940807300209803 0.94081610080721 0.940829348022254 0.940808288347055 0.939594794042115 0.940301373936401 0.939863402685318 0.940412086481093 0.942267149483566 0.94042982148616 0.93883682071759 0.939670880610576 0.940454483745093 0.939968289337457 0.939062795355576 0.937985838974152 0.939847942454551 0.94150573826485 0.943646146485244 0.94683122164371 0.945024083297994 0.941507601315295 0.939908918757522 0.940032487379596 0.940705357383228 0.940988448413042 0.937983831820357 0.933419080315853 0.931851421150577 0.932230330614616 0.935459141139612 0.93708629440198 0.938157661632068 0.934276917261482 0.933534836477772 0.935108177432251 0.937411659178636 0.934078548707995 0.931423331272021 0.931983533042648 0.936904374216512 0.936800599218782 0.936624401994903 0.940016378683757 0.937855446029176 0.936424674752693
0.940604711486799 0.94216817106875 0.941586106761406 0.940929232229552 0.941017166151949 0.940879084263975 0.93942111862685 0.940349298593159 0.939944419646946 0.940462162394995 0.939849064402057 0.938837829441036 0.938818488712933 0.941023959595562 0.943840274283021 0.943605149082352 0.94183217352353 0.941113972723428 0.943283386889429 0.943448673431142 0.942842286537045 0.944577404087371 0.945795931716443 0.944763657666416 0.941751578578854 0.941502043043248 0.943990677007365 0.941538274742516 0.938906155014824 0.935669892288047 0.932310956438582 0.933338547129754 0.936589652501515 0.942192761276009 0.940789534325446 0.935444113218893 0.932941933539937 0.935273463973964 0.936332191281695 0.935576204524772 0.935701059783894 0.938062399025046 0.941030382487705 0.939311960339712 0.938018118124408 0.940748897180927 0.939432513084546 0.937938274575767
0.94158367759066 0.940860227311402 0.940819754856426 0.940776760592835 0.940789699014988 0.939549782331633 0.93900803608282 0.939017320455757 0.938931887755781 0.93894677157315 0.938981078463394 0.939053263948325 0.940114430719899 0.939211098288258 0.94094924200892 0.94430947478853 0.945649203627507 0.944740642302904 0.94481304394286 0.943173086068592 0.944197063882934 0.945719814268693 0.943890597231236 0.943317004142215 0.943425380154028 0.942761146058261 0.943498625827887 0.941382828400944 0.935942659342188 0.933200259379853 0.932716020660529 0.933056166323592 0.933235029459434 0.93662765461336 0.939588813753117 0.937909464198992 0.935116638357478 0.931758639179783 0.934928593779663 0.937139581761953 0.936106031367974 0.93737949325244 0.938359025476602 0.939792647940783 0.936301960457619 0.932589827298878 0.93737033239666 0.939053253655229
0.942933823043177 0.942924559256432 0.941567630653399 0.940948171526896 0.940864437187823 0.940921635924422 0.942378078183282 0.944355731963674 0.941126684697461 0.940396543905555 0.939801808796563 0.938938423871984 0.938821103159414 0.937314914365735 0.937559241594571 0.938102953824794 0.939683911670596 0.942120349342956 0.941849867356212 0.94548623303248 0.94593872784256 0.944618319145492 0.944674128314079 0.941132140038544 0.944771346609414 0.943626044068009 0.942548130428621 0.939242543697707 0.935425287145609 0.93400418108663 0.93285627439184 0.932988324525333 0.932527018824751 0.930905084162249 0.933353204499003 0.933226764103038 0.931816589312418 0.932387238575874 0.934525814625112 0.934496057283469 0.937032965869621 0.940707333657734 0.938566894558051 0.939328316069864 0.936045219754546 0.935831514487448 0.938072578897369 0.935345556821029
0.941490669171746 0.940814598015138 0.940820372442209 0.94074951476671 0.942190898225563 0.94155126463015 0.940953307781991 0.942403008062721 0.941991273914317 0.939805051121924 0.938906340290559 0.938875810966688 0.938804294533021 0.937399420687037 0.937621947137735 0.938224165327796 0.939136370408519 0.940046280128749 0.939939015771345 0.943790661558457 0.944692028008689 0.945619065441299 0.947328604647114 0.945300916125207 0.94236186655648 0.940764841187224 0.94071906778761 0.936178535938894 0.936393723411871 0.935430732193596 0.932668085710675 0.934017798853144 0.934443511026436 0.932984299924648 0.930802503163699 0.931005884455124 0.930409152485435 0.931885203092905 0.935225580489592 0.937378916839043 0.938983476754851 0.941516865102039 0.93910287667289 0.937807284631201 0.937312536660471 0.935857164883634 0.938580471152179 0.939171068436425
0.941477771921978 0.942199554719621 0.939942916854874 0.939995195491401 0.942187625020914 0.941647865339702 0.942371212687995 0.941647855046606 0.939418802680164 0.940252327332137 0.940976848093418 0.939670705627937 0.940185247223011 0.939151367449949 0.939824618298148 0.940403440280132 0.940305810260942 0.939032636583175 0.941239147068538 0.94839508265642 0.947718826224078 0.945397300679734 0.946961007295999 0.947393657016252 0.944050757810951 0.944038519319352 0.941882105334083 0.940952124075907 0.939729890932138 0.935673206665083 0.934070725954744 0.934307415706064 0.933930009034096 0.932690658471043 0.931710096937242 0.931103030698784 0.92948651020498 0.929451132832712 0.933167300885236 0.93535602490005 0.938832147651833 0.941435724623255 0.937483402060424 0.935912346173342 0.936162756622139 0.935219528148919 0.938675816103972 0.940475553713389
0.940630979468767 0.940807300209803 0.942225410977734 0.942789812331686 0.942643804759498 0.942749720721276 0.941497164115563 0.939415652992671 0.938666789058445 0.940066598701008 0.939610326324556 0.938823141192498 0.943738290284062 0.942570466447771 0.940478363728701 0.940336360171006 0.939329335086405 0.939096855211506 0.942213893002882 0.946850130061765 0.949465482335449 0.947063722104802 0.947706999456334 0.946339674825954 0.942611340333507 0.944310462925782 0.945375592539463 0.94101326506842 0.938356894805651 0.937598396533211 0.939318033266577 0.935588154809672 0.931356045300967 0.932841030316097 0.933123514053224 0.930560111036983 0.933606373497632 0.93236044564599 0.928793136353353 0.933757414393951 0.937776014204391 0.939380810861415 0.935435137638847 0.933525830018437 0.935527765213195 0.936025981957406 0.936080391264885 0.935865666981246
0.940751398403348 0.940601191247836 0.940514554255583 0.940458559811261 0.940665811306926 0.940735907293292 0.940764841187224 0.940859228881053 0.940929541022443 0.940988180792536 0.939557141895547 0.938778376516329 0.940127719107329 0.939950883711474 0.93869776098546 0.938075759464151 0.938487648009 0.938908645944149 0.941149617716202 0.946732654952749 0.94889987668922 0.946036141706725 0.945892017771175 0.94398192787544 0.941074879543367 0.944760188892935 0.944307724962145 0.944972936902069 0.941442837152855 0.940875142008061 0.943471369708666 0.937651447151967 0.932210835490067 0.929348695937512 0.930285275070469 0.930717224860168 0.93402085590277 0.931578695268821 0.927980341997494 0.931953518373597 0.937492027675192 0.934744007682232 0.931845307051325 0.931905974561405 0.934186883547423 0.939414191372984 0.937047108584051 0.921180290217043
0.939836424479699 0.942106577179996 0.94134613351234 0.940471107095751 0.940594346338741 0.940876346300338 0.942127770665448 0.940202344056103 0.938833372530302 0.940334857378934 0.940908996002064 0.939378536087115 0.938445250745 0.939516154785751 0.938905506549752 0.938434597390244 0.938136674008544 0.939683870498211 0.940677195471526 0.944197280037958 0.94750113752868 0.947708378731249 0.946189982325261 0.943878471963698 0.938657082668556 0.94264214757098 0.943212292472714 0.941719072980477 0.942182221145313 0.941359813037432 0.942465332761318 0.938035287009174 0.933579930533025 0.929935073052241 0.930234375708857 0.931300596390754 0.930946884426659 0.932343235588838 0.930978618042807 0.929035219687177 0.931885707454627 0.932123467687971 0.932176960909872 0.931071492651468 0.931109319780674 0.935741552825064 0.939211386494956 0.92625796730049
0.940810264621561 0.940639852117849 0.940521718250665 0.940495573785853 0.9406499496454 0.940622333267806 0.940906237452233 0.939465152493175 0.940144054251288 0.940952185834485 0.940851653162116 0.93959181933726 0.93858285915054 0.938439373386966 0.938137754783664 0.938154728099599 0.937979344030334 0.940165927081101 0.943564161972556 0.946101544041141 0.947420532290908 0.947830465147444 0.945574877178528 0.942805076993622 0.937666053055734 0.93946459666597 0.939090205871243 0.939945654818512 0.93934824350446 0.936291327689056 0.940788010947181 0.939087961976231 0.933854118034467 0.93018013109092 0.928510570271455 0.929406296104869 0.92892249998869 0.927739174749248 0.927347450380212 0.928013918077894 0.929627124194664 0.931388880278428 0.928918701836125 0.928028019619939 0.931139787345967 0.937364794710806 0.941688862742594 0.939129782826834
0.944240161077489 0.943410836008839 0.941394305203411 0.939190079785444 0.939919870612073 0.940647067578413 0.940898291181826 0.941089094309471 0.941142638996854 0.942499691117044 0.943120488346077 0.940220851043399 0.938484055718363 0.937159344507008 0.937659403715471 0.937121229171102 0.938836439873024 0.938481585375231 0.937825122567232 0.94228102457749 0.946148140888465 0.946305409108096 0.943738022663556 0.94371635569567 0.942723236584283 0.937358958525157 0.935705526987724 0.939937193893285 0.941105594142973 0.938836131080133 0.940245616233296 0.937402982098386 0.931943811983708 0.929790990289076 0.929584840154724 0.929059665791086 0.928220984297825 0.928326066518796 0.926946801896612 0.926535191265365 0.926088038572308 0.926295115085335 0.928542571508109 0.928094698298306 0.927624036173111 0.933152231792131 0.938692285058185 0.940702434143856
0.942082573679232 0.941558243349498 0.940521996164267 0.940459259741815 0.940504477314224 0.940627304833359 0.939162031097801 0.941215915550003 0.941505583868404 0.939500941589298 0.940197393076743 0.939584027463299 0.938717400213358 0.937226970150242 0.937789034971315 0.937973127000119 0.938192606694287 0.940195612371069 0.940098229386192 0.941411854932743 0.943057185803323 0.944350657467157 0.945107179465092 0.944619286696552 0.93960320350186 0.935483340209208 0.935314718704266 0.939322912194263 0.941671580633768 0.939475527934329 0.943483690545036 0.943148969343767 0.934702197124725 0.93137854600966 0.930705490730292 0.928796090472015 0.928688105597864 0.928665460785822 0.928775864537623 0.929165314132358 0.928358448600016 0.926432497042755 0.925592240705747 0.925992189258793 0.927121990397045 0.927753420394641 0.93531180575799 0.941936607279429
0.939738063650666 0.941888342950491 0.94121105720851 0.940702598833398 0.940726705265126 0.939119222109946 0.939815405976885 0.940839908739143 0.941059707519299 0.939492614474324 0.940042780475979 0.939413542907912 0.937289459538381 0.937755376546143 0.938751758569084 0.94138525757169 0.939380893206186 0.939458112015249 0.9401909701846 0.938748125106061 0.940786199362218 0.941756879523491 0.942680684923837 0.942031509628077 0.93775732194136 0.933726133674044 0.938720066125322 0.945699444230951 0.944939134373548 0.94381011551062 0.942021566496972 0.945073129902258 0.936425559958982 0.929351217746126 0.928643649714587 0.927334429613288 0.9272379318347 0.927502011515494 0.927126478187068 0.926697657498669 0.927383970286178 0.927904111325684 0.927034272629672 0.928344058851273 0.930195550149301 0.93065217249103 0.929602472228827 0.935678806109515
0.940739859842303 0.942047433048182 0.941262512397327 0.939053727137663 0.938331347340429 0.938347126657184 0.939887982599479 0.940532412777807 0.940575458506879 0.940840186652745 0.93947040197233 0.938635765665947 0.938793414730145 0.940222075921869 0.94195154256228 0.939949154471282 0.942186986848938 0.943302285014388 0.939441015182158 0.936506998937562 0.941896855341199 0.94395281899887 0.945928372987599 0.944672810797742 0.937757908647853 0.934619584733158 0.943074087067583 0.94738820167517 0.944214366577954 0.941496248029985 0.93674810442723 0.937438863832376 0.935693288496125 0.932485156801762 0.931671950722048 0.929934856897217 0.929862465550357 0.928590362354614 0.928167851334297 0.92923243541387 0.92982731462621 0.927514682317141 0.928030572307842 0.927870010297368 0.926435904057658 0.928046032538608 0.930250021215358 0.937948608844536
0.941310457640278 0.942120616963462 0.942739211469869 0.939811896031019 0.938326375774877 0.938215426488967 0.939671240868949 0.939064853974852 0.939881950844999 0.939340297234053 0.940162592117873 0.937980568908804 0.937790424539326 0.938326725740154 0.938231998374144 0.938321990915817 0.942269733050758 0.943601999394859 0.939791978889518 0.936378736663537 0.937133405904123 0.939071143056742 0.944279604222827 0.944830387810265 0.943074612015499 0.937626692255167 0.932896077795552 0.9372370470916 0.939613918615194 0.939664303321987 0.935774943629729 0.93443829242657 0.934490879855989 0.931086932296042 0.929390166822838 0.927796980778533 0.928805745396422 0.931024710528408 0.930680746126588 0.929578695176183 0.928678152173662 0.928281754738868 0.926487112212161 0.925444668582908 0.925240103585399 0.926645203879503 0.929964490721703 0.940325048058081
0.941679382800826 0.942519597965448 0.941152417438418 0.940478240211545 0.939268441128206 0.938402246188313 0.939760811393671 0.940376348850452 0.939019337902648 0.939757527895925 0.939292012318922 0.93864725276151 0.938780795393979 0.938685707769596 0.938578731618891 0.937086767884413 0.936334033745947 0.938381124754536 0.937380934285934 0.93597110946059 0.937276871081505 0.937005493595376 0.936611823831123 0.938185452992301 0.938690844024691 0.937389487849028 0.933908836134837 0.932453124685819 0.933466335921345 0.933167547919549 0.93263071147771 0.931972087119471 0.93394075502672 0.932380599528707 0.931046593651318 0.931168947688019 0.930620407995593 0.929437895910764 0.928081162876562 0.927746812226764 0.930354516729835 0.930870777272005 0.927674935534723 0.927525181275452 0.928926534882472 0.928826156606549 0.932249166980996 0.941840902069263
0.939736704961943 0.941896989151452 0.941352638749254 0.940554440004066 0.939148948572299 0.938365705696155 0.940890602238828 0.93961697566482 0.938327765342888 0.936914533502642 0.936121656288283 0.937736488714281 0.937153920045214 0.937797331206999 0.938523632673954 0.93841349654266 0.936948706582632 0.936281662471552 0.943634103562476 0.938968479713421 0.937464051039224 0.937339700141825 0.936402750457398 0.936263567208112 0.935736787121438 0.935463206912683 0.933374315639684 0.932124311721874 0.932682979821141 0.932917363918871 0.93233287044078 0.931701841873943 0.931923761031954 0.931114548673637 0.930104703280628 0.929742303943186 0.928332232083529 0.928386394356695 0.928591144629939 0.928601849450177 0.931135186331884 0.930399507854124 0.929047736092379 0.928633387497494 0.926362349590907 0.925440582223644 0.927310992232824 0.938038786661944
