Niches/Distances-1/ascii/Naja naja.asc
NCOLS 278 
NROWS 480 
XLLCORNER 370976.070567719 
YLLCORNER 375501.488324056 
CELLSIZE 919 
NODATA_value -9999 
[rows 168 to 188 of 480, columns 144 to 191 of 278]
0.909645455272942 0.909167886480075 0.907867271407352 0.905296014758571 0.902908901604077 0.902949199076415 0.900824117276535 0.898256092660018 0.902105309276384 0.904589908346719 0.905445027914903 0.907677600520308 0.905921752673867 0.902148365298553 0.899721479619636 0.899180608284015 0.895033581510009 0.892278685728665 0.891575976038619 0.888553717078734 0.885484923030104 0.890677296086543 0.89333301788424 0.889520105018816 0.88547429026154 0.874455787911284 0.869535173185541 0.864861901565874 0.856873697083777 0.849592895943676 0.841290340298052 0.837262157614881 0.827881297192206 0.821476562071429 0.821856068535059 0.813972730118909 0.807416851170848 0.80421687160882 0.796039788808101 0.793882808702531 0.801806372539345 0.799851631191501 0.794014992646277 0.790871007528571 0.785838918569004 0.786245845841397 0.787007576146101 0.786229726852462
0.913282778207174 0.911464564489751 0.909965333829227 0.908855758625366 0.904981365095249 0.905045398447845 0.903810988571055 0.900899936224489 0.903547722044875 0.905604540029546 0.906453463153708 0.908701619507036 0.907689211133027 0.90459226546579 0.901216448938257 0.899322704479578 0.897388044962777 0.893303888421477 0.893037492793996 0.891615367718475 0.894603000702128 0.900329276667937 0.897819047787609 0.890096950726294 0.885192588799739 0.882210287640012 0.868867768816088 0.860961456208811 0.858600055209081 0.846195288931101 0.836333082149187 0.834668585533143 0.833953482955052 0.825873793432306 0.819443346156764 0.818256222764757 0.817119412027867 0.811838333066802 0.803335638455113 0.799779826551136 0.802622944461576 0.806281954949886 0.805843386699213 0.797174335063786 0.791144309823725 0.787636793127975 0.785108108725833 0.787430416545502
0.915067292327041 0.915062125192657 0.915918871070069 0.913001457589939 0.908718376667947 0.908040915943327 0.906218317366845 0.903398317750881 0.904266077241423 0.906290235231271 0.906557670461486 0.905960917905603 0.905720172674309 0.90452243709993 0.903209470311548 0.902691861373751 0.897035526997863 0.894308762248933 0.898450786578097 0.898098947957544 0.900969898400603 0.904067019050478 0.897746296182376 0.888227158302897 0.881577807746585 0.872344550326039 0.861060352278856 0.855437727793621 0.852596730261036 0.845602200717531 0.835969097674902 0.836481282150905 0.835170065188907 0.824413861813771 0.819856449286987 0.816422837023265 0.815064415921256 0.814392070865539 0.809062737868632 0.809209393905893 0.806804267832729 0.805712684961345 0.808490215261635 0.802097605408396 0.796501454767057 0.792179301251196 0.786349414977199 0.789716101528241
0.915439871536805 0.916381844252266 0.916740260161408 0.912666942250598 0.908868264737471 0.907020056937189 0.904772559342029 0.905919869037229 0.90873905549858 0.906250925896185 0.905972950535275 0.907303734673496 0.90790876287887 0.907470235800582 0.903042794201823 0.899185301935965 0.895349476637993 0.895815856835093 0.897487249825713 0.896823633315729 0.901751978156855 0.908253344866473 0.897905674486766 0.880040410284675 0.884903671877373 0.879228532014394 0.860110855309939 0.858177029533945 0.856748903583233 0.846284303628619 0.838982236951392 0.839457798590464 0.833722197079333 0.824435909626223 0.822874879215017 0.823288785206758 0.817976065267413 0.812905336024024 0.814407901647776 0.813096581754814 0.808312679935226 0.807797469288887 0.802355282783241 0.796117398754827 0.79683565102041 0.799147398123191 0.79617079933886 0.793844991866421
0.919406594141475 0.918363069737102 0.920827422286852 0.918818086355795 0.91386116787911 0.907993485355196 0.904342637292317 0.909508412987703 0.907857235638378 0.904007020591664 0.905529410719048 0.906677821775561 0.907720749180344 0.908838661792275 0.906495767779841 0.900988899456525 0.899743846518075 0.899174720632884 0.897747335785111 0.890685170305275 0.894412424022603 0.898828316767221 0.884779568014287 0.879288087870064 0.883015053380693 0.877617755068371 0.864943875785465 0.868337015594211 0.863450491603687 0.842585150064416 0.838358742931107 0.840142227741335 0.836663078819216 0.829285481400733 0.824030238111588 0.823469182013961 0.822670725941363 0.820122978724721 0.820663757422474 0.816945191078494 0.811991906064832 0.810559868737494 0.805317244784515 0.799641446163367 0.79866366376559 0.799716565180768 0.799272706278554 0.797287723813538
0.920189178259451 0.91702289829498 0.919257941243516 0.919953435472998 0.915172693633999 0.910403346252696 0.907378411087752 0.908132678897579 0.907234132755756 0.902578431451614 0.904732529490197 0.907885325498407 0.909291444809053 0.907705000742879 0.903853972541549 0.903370001442732 0.903035331706945 0.899769630724514 0.896081048170296 0.88893736136711 0.891028599466084 0.894343501449224 0.885570232212923 0.882305612005612 0.880313259683587 0.868503393204141 0.872240301845875 0.872006133903169 0.854869898838574 0.849600821627891 0.842901230468135 0.837157765031368 0.835171732670521 0.83098730078426 0.828252733868272 0.826633197497227 0.826558469617489 0.824230315319075 0.822032903930913 0.819494935155834 0.814785555354057 0.811759858499981 0.811098979953634 0.80727058627125 0.801524568146579 0.801211555085582 0.799147377536998 0.795928870401481
0.921185611747873 0.919029053659255 0.919508248761351 0.919638579947748 0.917306771600118 0.913040149339242 0.911379667030787 0.910843684915947 0.911394705244602 0.910560182162279 0.908654333022254 0.910547861325909 0.911204725564667 0.906434194477279 0.905943728434644 0.908387813877617 0.907252258898486 0.902739508116907 0.894920604484112 0.891060919788725 0.893486107106739 0.889278958356762 0.87942559334464 0.878768358554413 0.877918262017263 0.87260860942064 0.880359568324212 0.869508246445404 0.849625051576776 0.849832560399851 0.842429497860917 0.838787985636458 0.838833378191505 0.83494608741162 0.830050855461556 0.826336550459478 0.825181994424425 0.82290534678031 0.819500102290219 0.81642689250324 0.818330271300133 0.815815482578108 0.809237596989982 0.808411184867608 0.805550712796667 0.79948573220129 0.79734334770639 0.796832089609062
0.921956029425924 0.919943533514278 0.918817334959759 0.919193599098028 0.91643789016207 0.913558252345664 0.911230767098515 0.909903040009919 0.912786023082649 0.916727383497833 0.915017875171307 0.913109257188355 0.911395878657589 0.907409609462888 0.909448671856298 0.909799038564069 0.906263823145953 0.897790978513774 0.887161781654904 0.884477661204287 0.885924057401078 0.882382254401278 0.878647620533844 0.876573468974865 0.872382655368847 0.870236050704431 0.868859102028933 0.858580663015496 0.847916438749636 0.843341774993315 0.837453259242322 0.836322253811792 0.839649764838001 0.840004588456505 0.835563446746461 0.830360039490699 0.825732716253284 0.827933586121831 0.824678414976999 0.817608498795587 0.818631262024556 0.815112690543291 0.808882279302851 0.807740713155433 0.807804221560114 0.80334722848164 0.797606562767088 0.796113528550587
0.922594047005205 0.921258013387829 0.919616202756212 0.918926472660705 0.917595750281062 0.913491583960393 0.911350403757771 0.91166566071378 0.914574232424117 0.918279088363716 0.917466829248869 0.91504860006401 0.91131008569924 0.909413881190525 0.910184875281974 0.914349245923384 0.913199404126475 0.905026201823092 0.895298299362779 0.887359409105451 0.880759547756547 0.876557844054557 0.878614970832118 0.873799664775466 0.865116964494237 0.884247795775869 0.882549537803689 0.854370354284929 0.849552011764845 0.844149700714584 0.838576503678179 0.839402586421468 0.83801320368554 0.836893726522959 0.83689551752173 0.834516618258149 0.829537085848711 0.82656666292221 0.822683633484227 0.821330688309494 0.816627093227883 0.809494080365645 0.810440180612756 0.809925196414538 0.807766837034052 0.806074013816763 0.802200989268464 0.794512478580645
0.922371551433797 0.921079911941119 0.922941552232181 0.92454727526788 0.920995539430071 0.914414802654246 0.911720255296993 0.913091728045215 0.917327800396028 0.920416686568797 0.918390511132058 0.918080390431144 0.916197484602956 0.912366002991658 0.911535957406261 0.915082536402783 0.914136086190395 0.90501212086724 0.895242284332264 0.888131988333743 0.879705328825033 0.877893702689294 0.875768425320583 0.86860805340816 0.867191435139203 0.867780859010462 0.863807229738118 0.853176540380273 0.848798310075319 0.845803163131306 0.842113767422474 0.840293371568618 0.836477514877629 0.834849846960442 0.831796338159939 0.83002207596407 0.831051303257568 0.827506752001033 0.825881636771749 0.82762755178018 0.821536509064762 0.816566755096888 0.820701450741427 0.813936519005835 0.800392018751592 0.797694054086341 0.804483977459951 0.803349657652386
0.928462408873481 0.926331809973939 0.92430045710972 0.924638142722747 0.924142561011209 0.922901090070301 0.917126138051698 0.913489834134008 0.915859829869218 0.919889288896341 0.914736317812855 0.916522365604083 0.923025296864351 0.919322005475402 0.91777075350576 0.917409640805367 0.909352935766843 0.905713729195973 0.900071125810659 0.888628712578978 0.879908020479 0.873728292445149 0.876780236695001 0.874831959411686 0.866352753645942 0.860169958269368 0.856168558222985 0.852634073614712 0.848789499184815 0.848538491736427 0.847403595515465 0.842766473250293 0.839463171586776 0.836139221971915 0.83706249213125 0.838135609187723 0.83828566194679 0.835502429271104 0.826666403026158 0.820701924223861 0.819109294006761 0.820394572365874 0.820158098769578 0.817398622560344 0.808528237959672 0.80083843034171 0.804717404299718 0.8087976288782
0.928192081283182 0.929129123605477 0.930544486116674 0.929825111903585 0.929251652624816 0.926729977821311 0.91989307675581 0.914936611175366 0.920892886379846 0.9205771662345 0.917635430167617 0.916499453171535 0.916071980878762 0.921389332711479 0.922681826531157 0.914144907373995 0.905850349464261 0.903509061174862 0.891085160030707 0.885088093285262 0.881411450722848 0.875367179837393 0.873361034766215 0.869323814744419 0.864342450163825 0.863301612257608 0.862073007687178 0.858461818924662 0.85124510260264 0.846563123023433 0.846241175554775 0.842470279108785 0.841362721351815 0.841693623814326 0.840687823608195 0.843886259205766 0.83972776592239 0.832171212730197 0.82958449585065 0.827486371670196 0.829951897632933 0.825410068854073 0.820447375950317 0.819575283066198 0.8197317793036 0.817709824036378 0.80636059420625 0.800429650311968
0.929674194524422 0.927906252289731 0.931697940790414 0.934444828542773 0.929838153256701 0.925060458174232 0.922039156472311 0.918195395197028 0.915552117752858 0.912401822967069 0.909529102111433 0.910206109939811 0.917127939343565 0.921268615277103 0.922996630590925 0.916376008066617 0.910561067368568 0.902478104641172 0.886170649111118 0.881545600648004 0.879993648747808 0.877119919168726 0.872667403587178 0.874823560245038 0.868532996149337 0.860736737328585 0.861443378981449 0.85876464182024 0.850375582992616 0.843757533742404 0.846935424319595 0.845756370715151 0.84200363129118 0.840783878783639 0.840010311418094 0.838596039975113 0.841128471064338 0.836185005664626 0.825311090439257 0.825583857493398 0.825228128082412 0.820536184785907 0.81947926906314 0.818967125759523 0.82179548336975 0.820380347306673 0.814834612251417 0.814169760569866
0.931374367012528 0.92905760717181 0.932613913144413 0.934309484618437 0.930764181965866 0.929009404601449 0.926194983843724 0.923145077626956 0.92031244838173 0.913629027676392 0.90947808952576 0.9094475293226 0.913412584445656 0.916237473282403 0.910117805465944 0.904644554395414 0.899727429029345 0.891849731230013 0.885280553601426 0.880553593191026 0.879636344493076 0.877987472797341 0.871105199762985 0.869161595545428 0.867651351271775 0.865196468370697 0.865067639976371 0.861032190367153 0.850878627199031 0.841483953441011 0.84436309718879 0.847231247909633 0.846517030537831 0.844743221238203 0.841044026501615 0.839493989117346 0.834677890492272 0.830499284498564 0.830450659911253 0.829179586025147 0.829004479869485 0.822877040765258 0.819617608278523 0.822174845730031 0.822830557141993 0.822101476539015 0.818557851661155 0.816777331262685
0.931806841750143 0.934965957719532 0.936417212257816 0.936747126583074 0.933983728704117 0.929998879956717 0.926544434465916 0.921407139768221 0.91721414402577 0.914283596554656 0.910766074969222 0.906441471696422 0.906973954158491 0.907447416005902 0.904120296117355 0.900267754830858 0.896682679653864 0.887753562645233 0.8833980389109 0.885718164594135 0.883630271751486 0.878403128615466 0.871962841139783 0.867177992355328 0.864170246661343 0.863074114241358 0.864416889836865 0.861097716218725 0.856193529274809 0.84832635101998 0.844714112361633 0.848141754629453 0.850708461729632 0.852615319593103 0.846733041458518 0.841768804590305 0.838761779413067 0.835836357903951 0.837942510699584 0.834149978164997 0.82624068055977 0.822220135354115 0.819181366267632 0.820689984232057 0.822921033459197 0.821843243336966 0.820645250435178 0.818068167893845
0.935676593093792 0.934692459855547 0.936830860922147 0.936000887388425 0.933768191265864 0.931981515595757 0.930028071178058 0.92664905349755 0.923018760748148 0.917927290915548 0.914500842646909 0.910044642136856 0.906754196550721 0.904304120525653 0.900005352924774 0.894722318275396 0.892508355588251 0.890451002362569 0.889013128849583 0.888308412005742 0.884758456873607 0.87837338156692 0.872827070098266 0.869416967266682 0.8645035782946 0.862382644612562 0.863747282744786 0.861104983144772 0.858214249370465 0.856540509553869 0.856872791291295 0.856395768032536 0.851831664993104 0.853025170104869 0.853005942600826 0.846508404923062 0.841084148991314 0.837603085553268 0.835319397431227 0.832492707302614 0.829697884600401 0.828333884640153 0.823154563229928 0.819851529186916 0.819066165932917 0.818235904192497 0.819654004667333 0.819842368331136
0.936799034668132 0.938104291927324 0.936452486699119 0.936472105340825 0.934833187069292 0.933266464575786 0.932042625708981 0.923190603992257 0.917451780741957 0.917913879010962 0.913505634036956 0.909095001064589 0.911003279375361 0.90664063281833 0.898079030816043 0.896104351740507 0.893312565501727 0.888891711484653 0.88597934162175 0.884861974543927 0.881305431830107 0.877330855592896 0.873278648822768 0.869390061112738 0.864958739016642 0.864184718754857 0.865369063010842 0.861647120531248 0.861996591739633 0.865307613225437 0.861673882581843 0.856681792594818 0.851453187839112 0.849994141426866 0.849433949949335 0.844912625018469 0.842381223238882 0.842053408705286 0.838693350908315 0.831702259259002 0.828390105532595 0.826539468561567 0.82280447443576 0.81712293226683 0.816717981268942 0.818359174314776 0.820171829760153 0.821816687148299
0.933960733926799 0.937021561118829 0.934047504729305 0.931829332165739 0.933211458268717 0.932080926320621 0.928047278003271 0.92564493106613 0.923582246016522 0.922657864202778 0.919035404499723 0.912341062819122 0.914754567472742 0.912308392531204 0.904049850165712 0.899491243639748 0.895192815711049 0.89357741716475 0.888176022200068 0.880764066425859 0.878095107706214 0.879822474554964 0.87890739770035 0.874732445755858 0.868024764222346 0.862687279093104 0.863017028728819 0.862841140297832 0.860300536490079 0.85971006272299 0.86272775154808 0.860964811758232 0.855960761193211 0.854175958866646 0.853630342413592 0.852301586015359 0.848685230118458 0.845274880252561 0.840022169065127 0.830365556590361 0.824688234590948 0.823803419439699 0.821466351319818 0.820417711246542 0.816802014107811 0.817482902433525 0.822756776227122 0.822701440540969
0.932394176122836 0.93204979999716 0.932946699243562 0.934474729987764 0.932794454054966 0.93140486545711 0.927111748766145 0.922374999621085 0.923386368392359 0.924791900996511 0.920265408931261 0.920809440247472 0.921320204276173 0.910462387453547 0.90513994053812 0.903314820153024 0.898891217879215 0.894856385855781 0.889289971969891 0.885267193162321 0.885422402762675 0.8842038854267 0.879137108732323 0.874507541599896 0.869825150296834 0.865469976527777 0.863690753059452 0.864656904258316 0.864711087117675 0.862646291983308 0.860536968913989 0.856010270986812 0.846765794091208 0.843523180523963 0.846036322350567 0.850286835915604 0.849219791785997 0.843824974109903 0.840031515196643 0.833670546321685 0.827717678132107 0.823468873221069 0.82221883842397 0.822210336326358 0.821572287867788 0.820744270022379 0.822757146778592 0.824994145415441
0.931041405930741 0.933216831265029 0.935067931425395 0.931665918967568 0.933704816671436 0.936548274254057 0.929774840420852 0.921231158699367 0.92645248623593 0.931873643945667 0.930655775074764 0.93568792579291 0.923893221044435 0.905868084469328 0.905529266615699 0.902791529426025 0.89521682950491 0.891036401633142 0.891260523513778 0.887476318094166 0.883339924088723 0.881931807917379 0.879775404225206 0.875160700323956 0.869351091449833 0.866695657858835 0.86326902431446 0.864073965037779 0.868141796728217 0.864228937896917 0.85703778962631 0.85617343715067 0.850115949929459 0.84161154666377 0.842461921114522 0.845518497257747 0.844516917221133 0.842657798738685 0.841360230422491 0.840964522625155 0.835889490867479 0.827940688358335 0.826313720371702 0.823973914288182 0.821429913758623 0.824544892930723 0.825992081695935 0.821794454060112
0.937740564780449 0.935793234462001 0.933172900329668 0.934548871161009 0.934480123570269 0.930946884426659 0.92681554433154 0.923404031345752 0.92786499755943 0.932801762153397 0.936416635844418 0.942059311281407 0.933884287099964 0.916100369238585 0.90862739598902 0.903221780854821 0.896915190408053 0.89515701632183 0.894615342124691 0.890054749031125 0.884982794909267 0.881804080884366 0.880212582907868 0.876989382120401 0.875434640791085 0.875512065462075 0.869410709064082 0.866602670026114 0.862510237835321 0.860434449674018 0.862153396769927 0.860855272626528 0.858173221088284 0.851890809124918 0.847278287360102 0.84671980453657 0.846013986331416 0.844044402338589 0.84253500209884 0.840195957704452 0.836624562052552 0.833218597045714 0.830938182128322 0.831898383917478 0.831691739714499 0.830557481665512 0.832252775225933 0.827594881492262
