Niches/Distances-1/ascii/Naja naja.asc
NCOLS 278 
NROWS 480 
XLLCORNER 370976.070567719 
YLLCORNER 375501.488324056 
CELLSIZE 919 
NODATA_value -9999 
[rows 210 to 230 of 480, columns 96 to 143 of 278]
0.963924462444714 0.963834850747606 0.96403559185981 0.963904910708135 0.963486120642161 0.964046667231517 0.965370467503843 0.965435977915771 0.96571794185153 0.965456697918789 0.965979309301427 0.966185222694563 0.965740571223927 0.966730273027315 0.967075086609587 0.96872453471872 0.969176875132353 0.967927885084537 0.967472904491681 0.967255627520139 0.967641217203731 0.965425154724924 0.963104020318243 0.964213842556417 0.965191105152826 0.96443211281176 0.964893289848638 0.965827743457192 0.966463738443034 0.980224681928011 0.991122312447445 0.979244053489084 0.970105497701806 0.967147194896296 0.965608351254343 0.967245843932028 0.96511907406434 0.964557441553316 0.961197749161266 0.956964579463633 0.958849163066532 0.960075678138396 0.961208423102215 0.959155413563206 0.953406904509211 0.951652260955047 0.950044499886264 0.949221638882143
0.962323602897056 0.962952228025887 0.963123072839647 0.962575783758432 0.963367034663561 0.963500788304506 0.96363124300806 0.964430229175122 0.965400796112335 0.965437748328348 0.96675438975214 0.966744029750631 0.966250130960352 0.967962480181479 0.968043960332445 0.967820378839368 0.968706274765737 0.969094046585762 0.967920571839557 0.967611418689703 0.967295333139435 0.965549793829022 0.964947616811346 0.965073738121323 0.965003477445415 0.966380565077713 0.965314843610991 0.964822962267603 0.972968254840145 0.987965980760628 0.991392331244852 0.980609947379067 0.969943566709514 0.969046564532148 0.968423580020134 0.966575809676448 0.964402170194383 0.963382850006153 0.962838386379895 0.958756731061015 0.958083809591901 0.961172263454622 0.960838818597305 0.958121050014613 0.953061591711764 0.948830635029854 0.949847068004548 0.951371979940546
0.962284772190952 0.961983390328867 0.96197851654773 0.961936901559055 0.962186797353033 0.963089234285289 0.963522450125844 0.964437398316752 0.964716917642121 0.964220347793331 0.965726994629798 0.965764296811089 0.966117833792545 0.966911704290704 0.966991378003255 0.967960025277992 0.969499692367655 0.969441026864822 0.968148121321289 0.967833903968015 0.968207785254471 0.968464073061304 0.966488189693491 0.964035216161792 0.965339500723376 0.966550262211226 0.964582577294682 0.96500178423106 0.97417046791145 0.988155996466401 0.993702050607645 0.982341168992412 0.968115837024485 0.967128518072909 0.968269512953478 0.968065097205866 0.965899563537202 0.963653048932747 0.962139305006324 0.959062755109569 0.95997174874422 0.961706794242872 0.959222689241163 0.955097741158898 0.952802082165764 0.950876789366672 0.951971758666765 0.952522356978468
0.963955676259495 0.963958681843638 0.964110155050006 0.963805664672813 0.963580981818424 0.964043296242452 0.963728739216997 0.963420527885462 0.964437218187566 0.965500165664813 0.965211614147369 0.965349181380524 0.965815319689858 0.966499553271897 0.967243831631685 0.968536922450952 0.969754261227392 0.969152619450727 0.968110005985384 0.968873172177034 0.968691843844608 0.968191733170663 0.967588284955583 0.964637053507287 0.965488277138491 0.967521755527114 0.966101318519399 0.966509079532599 0.971320515385011 0.972611511559165 0.975809576605266 0.975032895578066 0.967286676645378 0.968416966705709 0.969117092828563 0.969427367925922 0.967042930976487 0.964465874167895 0.964264289021788 0.962245982657234 0.960545918246639 0.961877778013433 0.961023003263977 0.957419462272073 0.953521518137432 0.951599107405326 0.952186307967766 0.954451705257535
0.961850974790452 0.962217017884013 0.962784924037283 0.963212746295333 0.96385382092424 0.96360756888638 0.963756998913116 0.965024037905439 0.96598800696787 0.966271720730015 0.967187585006501 0.96684860246333 0.96586932242003 0.966466255105099 0.967501256825667 0.967618299624635 0.967210976068031 0.966958203353613 0.967296166880242 0.968750133649423 0.968072461916328 0.967889867533048 0.96676263966889 0.964607229260519 0.965515440619845 0.967159659836015 0.965536104010833 0.9645260424628 0.966245864471901 0.968145033392374 0.967250336868599 0.966315883260044 0.965894730928451 0.966492847319604 0.966686172255864 0.967238633618011 0.967542979891855 0.966774646565821 0.964930612616122 0.962173894956718 0.961776828470659 0.962570935710035 0.961790497702656 0.95667147325104 0.958584249644931 0.958947307740541 0.953803281357811 0.955973302816498
0.961633672086169 0.962419771296559 0.962624953879852 0.962472538855165 0.962471669088521 0.96210084485169 0.961696634956742 0.962886980087918 0.964014377788165 0.964664973531225 0.966440573829624 0.966654629061999 0.966366854673332 0.966932594129813 0.967392386745228 0.966834933231334 0.967250866963062 0.966622668997731 0.967146237638332 0.969182031973641 0.968714704811674 0.967914998127866 0.966826328202758 0.965372304821547 0.965543736341801 0.967472734655591 0.966858025793069 0.96459877348184 0.963741410018644 0.965335131303961 0.966215113846458 0.964192582165838 0.964462122334264 0.965729794352014 0.966755588897868 0.968584208935734 0.967685492957821 0.965016662901881 0.964089913675969 0.963824171660109 0.96172486892012 0.961931163157821 0.961748151904137 0.958057253403233 0.958335197884855 0.957684180124843 0.959160930662867 0.960121533882781
0.962750020147449 0.9632370277097 0.963461587046933 0.96333898082937 0.963087942501693 0.961959572103838 0.961833193466451 0.962667731988418 0.963880634440317 0.964207754189907 0.965390065559356 0.965676980474475 0.964345084681844 0.965277217197164 0.967243085382197 0.967331379562968 0.96684348164788 0.967478725237686 0.967804192945306 0.967037712376621 0.967065014814776 0.968307762099636 0.968452205121175 0.967707828976972 0.966254865784688 0.96710740178568 0.968074484509767 0.967550432093636 0.966093830291781 0.966267474827757 0.967304370478059 0.965897787978076 0.964950550343815 0.966693562699066 0.967166015823032 0.966732439724104 0.965212432448531 0.964979149712114 0.964319156372056 0.964784733707638 0.964467896761334 0.963666429958045 0.963836919659979 0.960688179131745 0.958164826553529 0.957433450590057 0.958003863112296 0.957258632641094
0.964726459342467 0.964621845457382 0.964418248010932 0.96338985960479 0.963596617031829 0.964722661189902 0.964217213545482 0.962960210322132 0.961963164394475 0.962980765635608 0.964394512130674 0.964965861324684 0.965553679472907 0.965233239942869 0.965369407314915 0.966608917420963 0.967376041308172 0.969161250212044 0.969776669298217 0.96808887425851 0.967393724847758 0.968478570887559 0.968448952502718 0.967566746651402 0.966142727646147 0.966564924727024 0.967509599380286 0.966713387202699 0.965917360300848 0.96672385528172 0.967980029910812 0.966909764042036 0.965048499448993 0.965449075880918 0.966795731973761 0.967473944094416 0.965960272219667 0.965301966947416 0.966895708818926 0.966025612795505 0.964364600392586 0.964388223048784 0.963976988115555 0.961178254036717 0.959089702435899 0.959218644054285 0.959519140710081 0.961578706951485
0.963152094224898 0.963865606519598 0.964835782319148 0.96439694130142 0.964497154887802 0.964924313241135 0.964527051186246 0.963250038183528 0.961913289195953 0.961931760157412 0.962641412540968 0.962725640948667 0.963667423241846 0.96521238098305 0.965861021037797 0.967400657248171 0.968377703689557 0.970484911527569 0.969299934246156 0.967480644900161 0.967002597478312 0.968170802159168 0.968552573104002 0.967674988852963 0.967291169581949 0.967636652215485 0.970101277532289 0.968477212198836 0.967278498780301 0.968466172852966 0.968481000058305 0.96654518771471 0.964897659268052 0.965422087382202 0.96488016615075 0.964792113857744 0.965183822787136 0.964810008405806 0.965082492399796 0.966322594358886 0.965044788787747 0.965124266931465 0.964378789425949 0.961406637259256 0.960545866781157 0.961942712011963 0.961111595944543 0.963865786648785
0.964060212946357 0.964309707309577 0.96405050140992 0.964984208768986 0.965580806928423 0.96506774239268 0.963527601820583 0.963521081144025 0.962212859473074 0.961929608900267 0.9619568341402 0.961740617357585 0.96271701018735 0.964541199047224 0.964551605367667 0.966211104685417 0.968534508719851 0.968999967684824 0.96881260245137 0.967498853387662 0.967023229990011 0.967719254313956 0.966501719968686 0.966982947957317 0.969167271673428 0.969299193143217 0.968888972079981 0.968408022004952 0.968286100278299 0.968114555533985 0.967055524579912 0.966947652929821 0.966133798385035 0.966522743618047 0.967399756602238 0.967603251117723 0.96688135509602 0.96799875819968 0.967977816895089 0.965537436966815 0.964850501446975 0.965363967413477 0.963772366506015 0.96452738056533 0.964869013580819 0.960660264254355 0.956041515166226 0.956491426409114
0.964464144927703 0.9641522846935 0.964275621720906 0.964826719247783 0.967198974317649 0.967141883658562 0.965107478891265 0.964291370158371 0.964570853457902 0.962292126608318 0.96208158132181 0.962864052215725 0.964707339915937 0.965406292625803 0.965378738006786 0.966576540486291 0.966983004569347 0.96709417001028 0.967698982060631 0.968679492128949 0.968642334051008 0.968349546924402 0.967445483682918 0.966732377965525 0.966003688500209 0.965170714528892 0.967210672421688 0.967882713831062 0.967047933421329 0.967430172702049 0.968507509928039 0.970257315726903 0.969247043170394 0.966756602767862 0.966983647887871 0.967537653214477 0.968344215100476 0.969407450784422 0.969987219731273 0.968113315215871 0.964787543722951 0.963954224932905 0.964408629112363 0.965308981692601 0.965781506868241 0.96300742475524 0.957890896379497 0.955526222175116
0.965341899014833 0.965291771635449 0.965334204925287 0.965301827990615 0.96532787981756 0.966123716297128 0.96615185247609 0.965671478814458 0.967010837101966 0.964882456364695 0.96233264023568 0.962215268057628 0.962561033751315 0.962492219255449 0.963448077357931 0.965956489506747 0.966971013112062 0.966424547478557 0.965343566496447 0.966285019410541 0.967339135411092 0.965609956977379 0.965606251462681 0.966058113247333 0.966334385100792 0.967362660282875 0.968441814240376 0.967283418880373 0.966650794883596 0.967852040403841 0.969468298423688 0.969480423691227 0.968646332918952 0.967027532504299 0.966209179876393 0.967381584140574 0.96978235108742 0.97126400628587 0.971161821571531 0.968135280683552 0.964308940473896 0.965451309482833 0.967555944046749 0.967804048841957 0.966506094534648 0.962607100504176 0.957948743581167 0.955286454787978
0.965394059280752 0.965438875422402 0.965492713463032 0.965490757774719 0.965410353252326 0.965428747015562 0.966288529356408 0.967251772755544 0.967212823678832 0.966923284024135 0.964885075957725 0.962408695924851 0.962233090554015 0.962352686040885 0.964015597520086 0.966294494205761 0.965612133967264 0.964532305811949 0.963839945830316 0.963701941140565 0.96491738598727 0.965484839244299 0.965285688415487 0.966376087580787 0.967146253077977 0.965775629510206 0.965450172095682 0.966293737663177 0.967077675323327 0.967745522295925 0.969223502858967 0.969362078815567 0.968617100525225 0.968759418022361 0.969577523615953 0.969484813696834 0.968837933761568 0.97005540634826 0.970175079033353 0.966475112314537 0.964495734440501 0.964416698899927 0.965924539735575 0.967812875172105 0.967440409186401 0.963087700613928 0.956253316210493 0.952122161391109
0.966270727446214 0.966528229838419 0.965439276853161 0.964644531441809 0.964330144252445 0.965397013399414 0.966293377404804 0.967452894712313 0.967394296114607 0.966381650999382 0.964827558135138 0.963676964942192 0.96250527604821 0.96250442172121 0.96248037704806 0.964407476285568 0.965683753331895 0.964465915340281 0.964254613511189 0.963787600288662 0.964349448954711 0.965734462271224 0.96623792849459 0.966163900545406 0.96569745344318 0.965928548896616 0.966690685778627 0.967996004796398 0.969627455426505 0.968712301373669 0.968617388731924 0.969355367716725 0.968749752804857 0.969651916970059 0.97028375869151 0.96950949654196 0.968836436116044 0.969892564416938 0.97003249906226 0.966547488221751 0.965950035735315 0.966785068325908 0.968098446838146 0.967689985894392 0.96722890664193 0.964424367256732 0.957508219642181 0.952227737680706
0.967195520983812 0.967724128095094 0.965476959879018 0.964524663187885 0.964255750898339 0.965497715907874 0.965532496280551 0.965631896712319 0.966467454250828 0.967294262657412 0.966043177964482 0.964766849452673 0.965527514421902 0.965581913436284 0.964573030447787 0.965006498469203 0.964948965206972 0.964716418426946 0.964377260901137 0.965160292768805 0.965642282446569 0.964208346042949 0.96469446839891 0.965659477064076 0.965487942612859 0.966034526616972 0.966118158025081 0.966308266368721 0.96761299353345 0.968222993304377 0.970179891055912 0.970293701822616 0.969953597331939 0.970173426991384 0.97001838722712 0.97256332442845 0.972332090018213 0.970571888192002 0.971030805894224 0.969422010369255 0.967542233642367 0.967275925506206 0.968318348549266 0.967995680563862 0.968237748458041 0.966664711149906 0.960306830203862 0.953159623161713
0.965673769028403 0.966471113446592 0.966460949013914 0.965390199369609 0.964545599345927 0.964442164020378 0.965491596662074 0.965487196363371 0.966449786150887 0.967576998575399 0.967393138141264 0.966360447220833 0.964118713759648 0.962838674586594 0.964780400314061 0.966357678377906 0.965096177071437 0.965864392026863 0.966070645092179 0.965084463527754 0.96590827664329 0.965522300968584 0.964703819676974 0.966696485938439 0.967538162722748 0.967150936436831 0.967590559729884 0.966917725752088 0.967757755640976 0.969599175144194 0.969787847600888 0.970285832750431 0.970227270178562 0.969906352019542 0.971330885679617 0.973417939634911 0.972825072722913 0.972362480385283 0.970872400287443 0.96901326636535 0.967556767494459 0.966737272332855 0.968793045568243 0.968593539627605 0.968357982116888 0.967148764593494 0.963883629731364 0.957450712112691
0.965490325464671 0.96556365862985 0.966339794122941 0.966457696395457 0.965389216378904 0.965377405050805 0.965497736494067 0.965502183111704 0.965584985925555 0.965712913673947 0.966581774525802 0.967483454915474 0.966152073777662 0.964727030609317 0.963949387177605 0.964951553920712 0.967143479088502 0.96622017290333 0.96522800075681 0.964967312651274 0.965864381733766 0.966840573848152 0.966440218717799 0.967110170628607 0.968195454125005 0.968134369744522 0.967283099794385 0.966674505031114 0.967558234260694 0.968965099820828 0.971914730692636 0.972798537120439 0.970826318094938 0.970634372433593 0.972255710096505 0.973218727047521 0.973864304906095 0.975046302336104 0.972196946809256 0.969397322377581 0.9682173784203 0.967837094827893 0.968482070540329 0.968167544394163 0.967659034553569 0.966158753997215 0.96367748474356 0.958480258492176
0.964303413081139 0.965391887437415 0.966240800268481 0.967269399683099 0.966498307807235 0.965511477777738 0.966302811027638 0.96652233704074 0.965529902420263 0.966365701846537 0.967551291567184 0.967598469974454 0.9673405352722 0.966270778911696 0.965914694388885 0.966245560825558 0.965394599668312 0.965176473516319 0.965105209263513 0.965024151129499 0.96501686361726 0.965984548487486 0.965542789376934 0.965056641288231 0.966358959868406 0.967055493700622 0.968759793720378 0.968914833484643 0.968721307833004 0.97049355772853 0.97409076331961 0.974832983060121 0.973133541381858 0.973837908260421 0.973742990472128 0.97313316568384 0.972701874652309 0.972599700231066 0.97022992065088 0.968750957097134 0.968844413265741 0.96869161224994 0.968660696934954 0.968581239377428 0.968438546182275 0.968806467765926 0.968767878947587 0.96805450046314
0.963372515737385 0.963486851452004 0.964421320500203 0.966431778378765 0.966631907051734 0.96624157225071 0.967239385014047 0.966563174900639 0.965542712178711 0.965665333835918 0.966647691515037 0.967680593443943 0.967608371933174 0.966613070685354 0.966316485406183 0.966534606411628 0.965218114237735 0.965002834126891 0.965087366180934 0.96520557724634 0.965089584343204 0.964945079563088 0.965532933737147 0.965626585474585 0.966398464772323 0.968175511250764 0.967610363647324 0.967822247036362 0.971248190943278 0.976376324785193 0.978938245595554 0.976818994834775 0.974540149614582 0.975381301450975 0.975625731610775 0.974461530944411 0.974340309148312 0.972960061535424 0.970381646038109 0.970540097963824 0.971174965855612 0.969776067152078 0.970107458536667 0.970738517982793 0.969850861936943 0.968966262940719 0.968754384698229 0.97154167285389
0.963174610373235 0.963258015333224 0.963334266591227 0.964330159692089 0.965440450266149 0.96531385032719 0.96694648980993 0.967573293060702 0.965513191578285 0.966297118945339 0.967476172549783 0.966870017250355 0.966627233985976 0.967520345372909 0.967418345934305 0.966431109327501 0.966008613746829 0.965538924319242 0.964137833186179 0.965194882719199 0.966066764594843 0.965957611454252 0.965645900469947 0.966422066842328 0.965930067128332 0.966012751571574 0.966705734285539 0.967742084401733 0.970087026740348 0.975963828947657 0.981078550884985 0.978763597482681 0.975674623818592 0.975340690039197 0.976452097414214 0.975578203238228 0.974274145124764 0.973800678130805 0.972430455993794 0.971725414917417 0.971951518219107 0.970627764265716 0.972010394730416 0.973878668922097 0.972385341352348 0.970693032789878 0.969428793519771 0.97058285033965
0.964190178727833 0.963119171756118 0.963065874103049 0.964065199951554 0.965311426302992 0.965313953258154 0.966294849317586 0.967362289731405 0.967252740306604 0.96744445437328 0.969026477554558 0.96927696005503 0.966669358482922 0.96651454002023 0.967356793217936 0.967210862843971 0.967198804481559 0.966289059450871 0.964906048141604 0.965129624488133 0.965597409692888 0.965555599135382 0.96524817522572 0.965084267958922 0.965017789995935 0.965288632241052 0.966299455478218 0.967944987064177 0.970721678477111 0.976001650930315 0.978966587636444 0.976473800407937 0.974068015576604 0.973632746263322 0.975354421029772 0.975448700646089 0.973478921084431 0.972323469549992 0.971785454548617 0.972348955256636 0.973239323533383 0.972087608392931 0.972692296926125 0.973393822910087 0.971498663150655 0.96964394496691 0.967619699485743 0.965012875042412
