Niches/Final-dists/ascii/Bungarus ceylonicus.asc
NCOLS 278 
NROWS 480 
XLLCORNER 370976.070567794 
YLLCORNER 375501.4883978 
CELLSIZE 919 
NODATA_value -9999 
[rows 210 to 230 of 480, columns 48 to 95 of 278]
0.0750645532796037 0.0747937480305395 0.0806707748614299 0.0908145917086776 0.0877309351665082 0.0940114695337535 0.0972601038226225 0.098218209193362 0.0956156627363653 0.097239915587056 0.0993365345737568 0.101236350410556 0.106735201440165 0.112662570272484 0.112612035389824 0.115533414522535 0.122860136689584 0.122454700340914 0.127775843462543 0.11945931910904 0.129652063495352 0.137106537331416 0.128637058161312 0.138504926259988 0.147598440507826 0.151821253603396 0.154443088183545 0.159999610701381 0.163346485830841 0.16428298850365 0.169940452199318 0.178952827742427 0.178192361340259 0.186238466207161 0.198587044118253 0.203537855275349 0.207059416506829 0.211036241738457 0.215398379376933 0.225548432717333 0.236605477902119 0.238275765073401 0.244484033272567 0.250877274572768 0.259878141535729 0.270665731640071 0.272629198283274 0.278784424143771
0.0762812480880773 0.0740754583243321 0.0790920419813796 0.0951693355666113 0.0958543211135083 0.096702227007302 0.0940985232629161 0.0944903293378917 0.0823656865366033 0.0868229146222219 0.100603185621196 0.112489041457854 0.112173873525538 0.101004121407797 0.104150014294006 0.108957193227359 0.111390518550562 0.115780238205146 0.118628322469877 0.124043077282541 0.129811962036288 0.142745741603833 0.148450461201226 0.142153660516789 0.151892748246548 0.159252581691676 0.160571246377884 0.164614551340645 0.161162877408722 0.158635940394484 0.16845880287247 0.172747967111685 0.178398551376762 0.193154158469825 0.198705408900666 0.203322985583428 0.210379352557619 0.207825026408505 0.215551527074766 0.22427200902083 0.230902301354578 0.239747320282465 0.24477907726306 0.248674249440008 0.255597528364446 0.260329355030015 0.265449323027161 0.28107662469924
0.0761968304024123 0.0780905383335465 0.0817499453518246 0.0863369182125171 0.0935097211568074 0.0998671508416882 0.106451087386126 0.106180539312037 0.105004478149672 0.100070833422181 0.0991513685914907 0.0947250657966603 0.0919903956960675 0.101662360757256 0.114550234591697 0.111041789283961 0.113489580699529 0.114223750960466 0.11266752089076 0.125283367895005 0.128368953249489 0.123250656889683 0.129424785110869 0.136032060284322 0.133389651706143 0.15183070478374 0.165906084066951 0.162927869264683 0.166832106859513 0.172962579628631 0.185408626855387 0.17995799613366 0.177957624881491 0.193723286690318 0.208836302705402 0.208159160995254 0.208265502847569 0.205697803599735 0.208987135828456 0.224700205354821 0.235649429931182 0.233423580519358 0.238623787108819 0.250198718400255 0.269169873395834 0.28552433731077 0.344648349798295 0.367835116990132
0.0798806690433505 0.0774214976351224 0.0821541601193618 0.0817500739393123 0.0859716654537484 0.0959241441193212 0.113548859531352 0.110499471554651 0.101144860413068 0.103443040286715 0.107976520752531 0.110042150154699 0.118710104112045 0.12730643483875 0.117290048191798 0.115827365519383 0.117914018975788 0.113111790660711 0.111935472323371 0.135040136404321 0.149874053277385 0.137928725727673 0.124348922621999 0.142576649057528 0.164900465619512 0.167496132645918 0.17162964173129 0.169072872419909 0.168201049253406 0.170049622976363 0.186858450779033 0.19445520667022 0.195969131456477 0.204236599683428 0.20343697839126 0.212701771172695 0.216201793999988 0.215323477165357 0.218292883724718 0.226230010695807 0.228480420317779 0.22555473350423 0.233631892249407 0.246454700815081 0.254838090662179 0.273168172737905 0.298899493429793 0.300167751820828
0.0718319924266952 0.0756221729199489 0.0810156465034005 0.0989649810280916 0.111225412216375 0.106994048052875 0.0921561449676932 0.104603606656814 0.109105711775635 0.0987789149334116 0.0990661793808995 0.119498409705297 0.125135556577911 0.119426722180912 0.110770662566178 0.107884709286324 0.10672857918455 0.12031603324574 0.119502010154952 0.118405544647463 0.136291356953238 0.145162607728613 0.155363838889112 0.163859292731728 0.161705645194239 0.159963091854879 0.158340767816503 0.158539564072464 0.166455924164291 0.163728262081777 0.175582421102721 0.201427670308698 0.203039450173083 0.198712288331258 0.202058841991999 0.212582120515404 0.219928452274325 0.220846566936395 0.221736263763686 0.2339222427966 0.230711991872805 0.23443710709729 0.252899441404099 0.247351019897987 0.258212033457797 0.271146713137756 0.275802544598104 0.283869866400473
0.0906265325079385 0.0989537296229191 0.0957902202508975 0.0855426975948319 0.0928768135424227 0.107026709274747 0.101057935271393 0.101011258013364 0.0868133348543894 0.100840172360999 0.0997860121369591 0.0980250064931156 0.110215293206867 0.113933657588249 0.115327803129727 0.140098125232403 0.14249319577802 0.145208642049204 0.140921020859842 0.13986666775457 0.139855223468166 0.146312115574771 0.138734712100481 0.147659712445708 0.160258843076554 0.168838778898579 0.168737130489564 0.167603824666854 0.181913104590163 0.188894376471547 0.185479478561101 0.198678919878203 0.204715523781311 0.202855762946925 0.210333961174467 0.214294841557622 0.216902145751663 0.224629289355362 0.22595798386561 0.230931233539307 0.239107276062514 0.248186902861683 0.253640362508139 0.256435983077895 0.274386539183719 0.285714839673775 0.283866073069587 0.28355707733668
0.0704644644951673 0.0712721867990594 0.0750068174976332 0.0875613925639957 0.0943557625320296 0.104816354655189 0.1044721902444 0.102457610074843 0.0989788041830177 0.0995346878922791 0.114493463215885 0.114898899564555 0.116842885203374 0.120535146324755 0.12046043699441 0.130693429264368 0.147868024175758 0.158830300382119 0.146827365637925 0.148848825238074 0.158299362645469 0.165970184929562 0.16903558204848 0.165542760120498 0.162908516847787 0.172685602180157 0.177422572345234 0.177807370402131 0.198931787172735 0.199960872836677 0.195428742539482 0.20624153579141 0.206161232905351 0.212085451344222 0.217757252544767 0.22315593392147 0.232178146407387 0.236731750815025 0.229814065446302 0.233779446391526 0.240556907104929 0.246333764282913 0.251350283646217 0.262174585478292 0.272613124847314 0.285137288972839 0.297355479171418 0.298855966565212
0.0725539468763016 0.0769333795318709 0.0888074053196616 0.0954582716514391 0.088366221649415 0.0900422952576426 0.100616944482378 0.101028874499177 0.113303450311105 0.106830677649771 0.0931282020808465 0.106298454038244 0.124191531537073 0.135294932511169 0.13563311760378 0.127213080322691 0.138763387110235 0.148707829057827 0.146806470171176 0.147543983706792 0.148605602005118 0.136185786625849 0.150363650136744 0.163969942264881 0.174918523903804 0.184245295854303 0.173481751610158 0.177727517572279 0.182347215948587 0.190289164950464 0.1980895391284 0.200329404576382 0.212048225266537 0.222367949796937 0.224509702991816 0.22544864882689 0.232730622548225 0.237877465330297 0.233702743955122 0.241566640351974 0.255532655976909 0.253202136350109 0.245260573110696 0.25187942115804 0.271819611460811 0.285836547730869 0.293841054545504 0.300512880637774
0.0686401295136391 0.0859435047939455 0.0878054516156215 0.0940465739178914 0.103095854069966 0.10466661452578 0.101932073012675 0.101619219655138 0.0994512989065155 0.100538120352428 0.0999545903333139 0.111645121776178 0.131800567533334 0.135005803545109 0.130272755298407 0.137334394359593 0.147451850771866 0.156182619716945 0.155049699656698 0.157450942401724 0.155149033490935 0.156225503644088 0.151226922235316 0.170948706690255 0.18536516428455 0.191726901650268 0.202362308462935 0.190742564432041 0.186917729610856 0.192255139049677 0.197918774944755 0.203372620353674 0.207252812088307 0.205781835522937 0.213009352443237 0.220352276633734 0.227449855897729 0.235694306964384 0.232488942365121 0.241800540992073 0.244915058531286 0.243889894785719 0.249791803295477 0.250975386825872 0.260082595641148 0.270401034296672 0.290069969294172 0.306029605328172
0.0722261130764492 0.0867359251868031 0.0833276495319734 0.084550902302319 0.0843789165375406 0.0827157659718252 0.0945986000025223 0.102330437049522 0.106241361193712 0.111841732044848 0.107229941799033 0.112073575285144 0.129499815909933 0.128906834710475 0.130141403179737 0.15177547645778 0.156536235308078 0.149956092094527 0.152189592461869 0.156567353480098 0.160584490889115 0.159045877305223 0.15564223079995 0.163102812541679 0.177499660544101 0.189545350627951 0.194412387036821 0.197907202070863 0.20158917619323 0.201058367044067 0.190566142398937 0.197600263737759 0.20879528329683 0.219498391421763 0.228525040176005 0.228106102141128 0.234828591703546 0.248184716874392 0.254574807781145 0.255155958931736 0.263221094746815 0.270958911111992 0.266546817234551 0.260367545513858 0.271557614454653 0.290049716764862 0.312792278480492 0.323242004960941
0.0843940898610874 0.0886714883451787 0.0893065176531101 0.0882607156157696 0.0962096083419815 0.0996891857587324 0.105998266548244 0.102627924202281 0.10506150670046 0.120634415865248 0.119683961450026 0.112749431120415 0.121815363352145 0.140612732358118 0.140785103885359 0.13788751343787 0.154448424564284 0.163909763320645 0.16028153876813 0.150187678159848 0.15611929037926 0.16685647418843 0.172711062502719 0.168495836068923 0.171640571667743 0.186744393677457 0.18753874288263 0.200052298540421 0.201781864543525 0.204423373009291 0.201755375521062 0.198094875509139 0.210880908053334 0.223669190878564 0.22314371811014 0.230867775614135 0.242108250850102 0.245600301253159 0.2545569984141 0.263842043724845 0.271208885188052 0.277640767028302 0.269357032484159 0.273165215225688 0.298978767615951 0.300064110305755 0.315248620963991 0.325337016604046
0.0724486980176316 0.0785375727344827 0.0921803837091218 0.0990828314605547 0.102268200705483 0.101237121935482 0.100110438368388 0.104886306248489 0.106195262579377 0.109812621489182 0.107705008272284 0.112127582029972 0.125421470856778 0.134218590945503 0.137962222768215 0.141954799967084 0.147796658120093 0.156819256368473 0.15764780984537 0.155431025851427 0.162506873830003 0.174127646560799 0.176399594586958 0.175290077449469 0.183166382538883 0.189361406226818 0.194489539529432 0.198334819761159 0.203093971267861 0.211368897569098 0.211482697495699 0.216553159310086 0.214166318363681 0.213422954097375 0.220369635944572 0.236566451599606 0.251567725087892 0.249223253718678 0.249629847354738 0.256269397987599 0.25918859113302 0.274032152067659 0.276962082268302 0.271278322431401 0.288601435891068 0.306411510166596 0.323141128076853 0.318545025504535
0.093311182075822 0.0944824212073991 0.0933839625938516 0.0919488619375453 0.0962476702383362 0.103401635115681 0.108594062162137 0.117897302602389 0.120694273340765 0.119561610455494 0.120058215332932 0.124347186690915 0.129857031950722 0.132049512909492 0.131508030998851 0.142914062625213 0.151924380768519 0.154076678137387 0.151934153417583 0.159546339807292 0.16839438054114 0.165448569785769 0.170041329083407 0.178429669548782 0.184263555277554 0.189768514212828 0.196646980397808 0.1933277515782 0.194037875978939 0.204656566418207 0.219695580334128 0.217298966738658 0.21527049912043 0.216952680634323 0.224749197187629 0.231049791202953 0.234768155584334 0.244600983592616 0.252534060057843 0.262445326433613 0.262918399800805 0.274921270251256 0.282862512021951 0.28197834445663 0.28808393554688 0.301135051196937 0.319774579061777 0.318460029175175
0.107534887026077 0.111414692998247 0.1132518224348 0.0983688494351848 0.0981042163855294 0.10893211866726 0.12105695434978 0.123463469181801 0.123887229247467 0.120026582810962 0.122807672994609 0.122821817618254 0.128561577306041 0.132326361770477 0.141663870776197 0.149816381789158 0.148652022088172 0.153833069141968 0.156215023763842 0.154275217218373 0.168297939925376 0.168561029925179 0.167826859664243 0.179610809916911 0.191965367146179 0.198653330968154 0.201119381806973 0.191958359128101 0.192317182512485 0.193767970842289 0.203673836543576 0.213496956196538 0.218985584520876 0.224883828287234 0.22541502319886 0.232619072902658 0.240800130337885 0.249505117491683 0.26240578578115 0.262976392757751 0.258300565943068 0.277519187558696 0.291555862008114 0.289942153331413 0.293359622991612 0.304135833103294 0.371746748365504 0.450021038218952
0.0977090027421302 0.11730850049628 0.111431795134109 0.095246166590503 0.0984510168398154 0.109222469214453 0.118771504637414 0.122852228559092 0.126140789262887 0.129147421899933 0.122601997308057 0.125270059090029 0.133414147622547 0.128982508446977 0.139929482742304 0.142701636095557 0.148790960868615 0.155321855074383 0.157201932731823 0.15708324648069 0.158081535441331 0.16446654714232 0.165161755394488 0.163094711529954 0.174749945707449 0.190979036821893 0.195622845352142 0.203906515602542 0.204338248092443 0.204606674472985 0.210331646599688 0.216886265196934 0.229998845666105 0.237703743634435 0.236197405509951 0.232252984325219 0.235226762859162 0.316094212283006 0.414188077375777 0.355358851703769 0.267565230137015 0.331344495441193 0.369643571416931 0.294296511426884 0.290830950046291 0.29020781508097 0.30964432819448 0.328275240697644
0.108609621248147 0.118915908386084 0.114937668692092 0.110934804494207 0.108576767145043 0.110047036479232 0.11613269650889 0.122250117648008 0.127260529105646 0.127356776840178 0.124811901871408 0.123630697209536 0.129079013356485 0.133055645706881 0.137442407849249 0.141690424092404 0.143687259188661 0.147249196891275 0.15505239999394 0.151612941873346 0.159147590007981 0.163414380024339 0.160408004562268 0.173530100505527 0.184484597168884 0.183358556539228 0.191034650910317 0.199857809965298 0.203062338745891 0.204922292461508 0.210304321758555 0.219544618623586 0.22373438473482 0.226018677159797 0.220646806274276 0.294832142606835 0.338885508656468 0.259943721154449 0.340562932433317 0.365397998336042 0.327507380514934 0.424215844015389 0.387162716501573 0.367885394697817 0.378479396339449 0.304788543190782 0.318633493696062 0.321943142747837
0.108660156130807 0.114464466737412 0.113204888001795 0.113808284787756 0.12755357999008 0.124688007827024 0.114002516187904 0.119139586320912 0.123042795215841 0.138237335698116 0.140400884472157 0.135915302845504 0.143532246972257 0.141354039224621 0.131403810840082 0.144725988914179 0.161596088654732 0.157237808640887 0.15906188644744 0.165501483536951 0.170986318530403 0.172184946796857 0.17771247283622 0.181498667117355 0.186294530351792 0.192124558455933 0.194995081237265 0.195719093086674 0.200112734659633 0.206979563676977 0.21730134560718 0.280187506515644 0.299682269761074 0.218680767881319 0.217922487466442 0.23135595801113 0.320954112086309 0.344472506408886 0.266687299064847 0.2780219003418 0.287282642617372 0.357672076313475 0.384812330107926 0.32526295021114 0.377448896213143 0.382645759527924 0.374318240944225 0.391686938668275
0.0952028326071532 0.0990076077802591 0.0876920374514835 0.0982130656938546 0.121872263315446 0.130655238780525 0.126182258727665 0.119603980032686 0.125656143021803 0.130785176436831 0.131012904877521 0.136456013231219 0.139073797305506 0.153560335080589 0.153003229790194 0.153183509447928 0.160229975185568 0.166165380735868 0.166601035144144 0.16913530164518 0.179005484318634 0.181758671017454 0.182030633553907 0.173635349364197 0.172082848331635 0.181460155164793 0.188181487439822 0.194302959084802 0.198996595266529 0.205535847658996 0.214371865462745 0.222340432074573 0.228032228629453 0.22699825664098 0.234445336696502 0.243756099504783 0.254093054758534 0.335073275409077 0.344789281684797 0.329376656823408 0.422304969654649 0.363272061402149 0.304256962516693 0.370032612860921 0.397832649054683 0.386368753058863 0.410089929849518 0.337222100915778
0.0991422388798651 0.0956948083350353 0.0959391888553803 0.10521176117982 0.116600626376576 0.112046764793962 0.111239942602483 0.123471955955989 0.141826019598168 0.152585127573987 0.138458313295703 0.135292553642646 0.141961872278907 0.156764092336256 0.157183866189803 0.148488523097581 0.158730387904188 0.15851088906271 0.170276708479614 0.178006166658092 0.181653615040015 0.177530392953658 0.171863863840108 0.177418007489421 0.189095423008542 0.1940977977482 0.192707895593815 0.199959715549288 0.204047704664019 0.210230705421856 0.209330785889294 0.207867203104465 0.228707055764823 0.239096217538573 0.243737582906557 0.253272409412129 0.256473016274348 0.271023912087017 0.281652632350324 0.284300055840523 0.356945557008056 0.374306860951565 0.293296486535159 0.369491709593975 0.458761708400583 0.460605781561471 0.409253532535872 0.327664707306117
0.0925543804170531 0.0925799050333585 0.0982340254543473 0.114888805446771 0.125422949612886 0.11979011042111 0.123374872402787 0.13187714138225 0.128325233503676 0.125077885089684 0.134745478176291 0.14712446702822 0.146902332143245 0.144347620231667 0.145217385998367 0.16001381961877 0.16796920601311 0.166804203374686 0.166243819103355 0.163808693555324 0.179485437116418 0.185393710706816 0.176825090583707 0.177710222555185 0.175738204844051 0.182635701977208 0.192015516266376 0.20320873560062 0.219709853545261 0.232028213396746 0.223516557530682 0.210728917642891 0.22521789858024 0.243048804028773 0.250184830951585 0.25231565421001 0.258283656688438 0.26619558051194 0.269997719641548 0.28103245489722 0.294399895766983 0.301446168623391 0.297985043511123 0.372782842047524 0.411981516087105 0.400861398739611 0.472280368155862 0.468773401604235
0.0955075206592224 0.0942182382139507 0.0916362657549835 0.106961322537259 0.119535250020518 0.117991492937118 0.13333789524235 0.145890412908909 0.146272960684771 0.137921782003338 0.13465527405368 0.148305543102605 0.151419481998124 0.152296577251623 0.156687904249803 0.155526244886058 0.155551255152413 0.166472511950203 0.176130975325184 0.18129511312435 0.183786495698243 0.181920884133168 0.181290741149769 0.183164260845336 0.175621125936514 0.175803205819076 0.196371417411699 0.275073132074212 0.288750468789294 0.21945332150733 0.222350526192356 0.222422149422997 0.226183783493984 0.299244365071764 0.328080109185082 0.249704363803851 0.254121729768287 0.260521979086567 0.275556042384212 0.286653978390081 0.289332391464812 0.297782968274226 0.307231962631769 0.321902380514241 0.331970523624986 0.416789337957897 0.509903845471305 0.484882038389589
