Niches/Final-dists/ascii/Bungarus ceylonicus.asc
NCOLS 278 
NROWS 480 
XLLCORNER 370976.070567794 
YLLCORNER 375501.4883978 
CELLSIZE 919 
NODATA_value -9999 
[rows 231 to 251 of 480, columns 144 to 191 of 278]
0.674799360472541 0.688742423230924 0.708744239087168 0.703845248687608 0.686490824174691 0.732477728129769 0.740302212461646 0.693190039401838 0.699600929334724 0.706507845501354 0.713673801161925 0.719533243653874 0.73092795958132 0.730459193894965 0.715772638282788 0.71767467225375 0.72316449001235 0.716472604272001 0.715137962590448 0.722430126870182 0.722796569063211 0.726149230629618 0.731235155089399 0.738004643378566 0.7432683078932 0.740270162030341 0.73688043512061 0.743261524903224 0.74905715585441 0.751385071584584 0.753434370375817 0.757880234542211 0.758025924165758 0.757059203433344 0.758817380152458 0.76223957540283 0.767591241979348 0.76604357905101 0.761422884121672 0.762305235388729 0.768258675334176 0.771278214940298 0.770726108488488 0.776728443826127 0.778036708999268 0.777063880361189 0.779457761472545 0.780002184821966
0.697691951639427 0.710616505054731 0.719776691914934 0.713812997117344 0.702920061713716 0.708198481642562 0.714238075204758 0.707573642893029 0.710253277548893 0.715766755405227 0.722598994388384 0.726490469675061 0.736508431518737 0.735160770354057 0.727668620384101 0.733298052007454 0.733694969435066 0.727206701981466 0.722998033509542 0.732344704373759 0.737092218712826 0.737727569489477 0.738792306034379 0.737222349250363 0.737848441727901 0.743137277243249 0.746434614043079 0.749328700481529 0.756164154151878 0.756586403314563 0.757803933941706 0.76326771273405 0.764608880230602 0.761975440629689 0.762904420934468 0.765612103736083 0.769362807870618 0.769963648980261 0.766069200107931 0.764450428298903 0.773022102374844 0.781266553441499 0.780351042676055 0.779956905952865 0.777161462190906 0.775162714355769 0.778447481728677 0.781109966028371
0.695021221667086 0.699559524163689 0.70376562088586 0.70779703150601 0.707706473767808 0.705875709411895 0.747351828592734 0.768154037266072 0.721388471779319 0.724565932893754 0.73334247898445 0.73516768193152 0.742348746621894 0.741103312509922 0.738030489463591 0.737117325419797 0.731459283080434 0.730090887183364 0.729989624536812 0.737588695002777 0.744684699070048 0.745394148386477 0.748736330072637 0.744658113606969 0.742235557485859 0.747342859615468 0.751699693020077 0.752678709931001 0.758782291841756 0.763765507045749 0.76613394390798 0.767680771017648 0.770181090421936 0.771974918022011 0.774351037986631 0.773532160718182 0.773574530295374 0.777159340497359 0.774628979841261 0.776505232020942 0.784138281730528 0.783461991912486 0.784371459066009 0.786664816908867 0.783263822520528 0.781614929092509 0.782473877436808 0.784566928120726
0.712011679296111 0.708003864479951 0.707075430671995 0.715802309845572 0.71956445826651 0.721000716210205 0.721062856113629 0.728971500956196 0.728083218591269 0.733249799552701 0.737451138537827 0.741214637127386 0.751567794404584 0.747344370518448 0.7349277376795 0.7371324344496 0.736283724884008 0.731988324151641 0.743180546932855 0.740539424229553 0.738215108949034 0.751546416734757 0.7597975222039 0.759374003239774 0.754126412161101 0.758529762089379 0.76366829490506 0.761595094914554 0.764800138045097 0.768655206999324 0.769302002062379 0.773735168214364 0.777159067248948 0.78106293515475 0.784545711185258 0.78252846282533 0.781687741757411 0.783370598355614 0.783856466177831 0.7814031937206 0.782874025625047 0.788138606325531 0.790397181252971 0.792010439873464 0.788837993671048 0.785797574671613 0.78475599994793 0.785554254998041
0.720003970299417 0.720041517845821 0.710518039186036 0.716262331582764 0.717362236805548 0.720621736737126 0.726885779759076 0.736881367379895 0.742759583645047 0.742765980872559 0.742352764980884 0.750532600834978 0.755763105851225 0.752479688646937 0.749454844806947 0.74732733267633 0.749418840310396 0.749563051177834 0.745738473531625 0.743853702430885 0.751733768704313 0.756265368578122 0.761004990860132 0.765243330894839 0.762493567837879 0.761010343314307 0.765457477282142 0.766137399696712 0.767844527183215 0.772702819642923 0.776056879598257 0.778963165774601 0.780133038664122 0.78153295456911 0.785859907456268 0.786263511433239 0.783172203935552 0.785108763646957 0.787981102726553 0.788651927576368 0.790809336297872 0.789467477643574 0.788669415474694 0.791589749834067 0.796077678182371 0.794969993416582 0.789013322710507 0.787688212576479
0.733743286183563 0.739383776330857 0.727733557065382 0.724275903815281 0.72945180736957 0.733874702595977 0.73834321423364 0.746287349222807 0.758036709441288 0.753380331484117 0.754758162488096 0.762446006540872 0.762568357535404 0.761118678272681 0.757230932023147 0.758604471419724 0.758366954256534 0.753404586298982 0.751607527938279 0.753537706495608 0.761136776961573 0.758727690379798 0.762569064766586 0.770854261993402 0.768062547268585 0.767310905182759 0.772396250998846 0.77522422739519 0.776241418716521 0.775136273553614 0.773474666037751 0.777204892614871 0.780371616674085 0.781319627927041 0.78641881297149 0.791174203294178 0.78995517783749 0.787118634299779 0.788339218879755 0.793054377392233 0.794496036010412 0.791548457177085 0.791833230241999 0.795029577643688 0.798893631648616 0.796636342596053 0.791097645518698 0.790115912197096
0.762685581103865 0.748116570528868 0.724955038631489 0.729637005498708 0.736016102175264 0.742975096274406 0.75203381153339 0.756528812193516 0.765984493100418 0.767811223023905 0.764363085247893 0.769632809447884 0.771217634160163 0.770112055014485 0.771382788714658 0.772350538146974 0.769644478762391 0.765055416355024 0.757210775934452 0.757180750756078 0.759415311970193 0.758902633656793 0.765814548662007 0.777047614043997 0.777678351744527 0.775367248828368 0.775222330729747 0.778773659964626 0.782443193247559 0.783307847661624 0.783046204271057 0.782833986696069 0.782972105731279 0.784268540855553 0.788515174783216 0.79346026379711 0.793586697444376 0.791887333427442 0.794090229972714 0.797479812221522 0.796607458631632 0.796061411865179 0.800761107732263 0.803322088283865 0.804721698793571 0.801974668220724 0.794650887492456 0.791692153694572
0.784770433893423 0.774908239717641 0.731223614362379 0.73817605049965 0.744827495475122 0.755746887754341 0.760794139527201 0.759773797812422 0.767646357791257 0.773552782936519 0.775196677525954 0.781017913460625 0.781039612599172 0.782235299426845 0.784424533551551 0.782304045512448 0.78223663352203 0.78152006367347 0.777012316778627 0.779823383920341 0.783178440428705 0.778884518452446 0.778125000383 0.776487728049181 0.780873413271339 0.784508726209112 0.783798248192782 0.785183746225714 0.78855984286175 0.789061430504337 0.789606352130273 0.78926988689531 0.789635734371209 0.789586855052453 0.792408305633797 0.795761561917334 0.797004729674834 0.796895703558714 0.79594891388689 0.800118395321942 0.802280931469517 0.8039247135449 0.805331958936687 0.804217298299691 0.804242694328509 0.807662960766565 0.80322477970256 0.795884941611767
0.778664810656301 0.756355058350782 0.743112009801919 0.748108437370272 0.754957730268983 0.763846645750479 0.770782976304916 0.776547714112186 0.784789577355652 0.787059066146109 0.788162989727883 0.792791335612738 0.793855011310867 0.79200058685722 0.794559960065227 0.796318040343726 0.790273174694535 0.781488238270268 0.776336830632383 0.77768032877715 0.789178750513413 0.79543763396242 0.791210336378217 0.789513158348573 0.79240041357674 0.78999700091786 0.789663878957576 0.791196481076419 0.795632315418774 0.800884985703211 0.800843226916585 0.793872000932677 0.792418592632812 0.795319687089341 0.80109035599448 0.806316649770505 0.804955374405566 0.804526213665418 0.802914980297855 0.804616514228645 0.80499116994745 0.807288192533708 0.809595936101751 0.808114206407723 0.805862494837438 0.809312770380433 0.812757580955201 0.810026221982416
0.771297840605606 0.751503854276333 0.750979956704633 0.761401490378408 0.761833672924517 0.768611230078536 0.780123073133826 0.785789103970862 0.789880452433709 0.799515336078136 0.806095720393227 0.807734616144077 0.808862489145433 0.806909422015296 0.805037316782093 0.804227504931526 0.797515639910278 0.788902367782071 0.785335608048669 0.792736525196112 0.797875475921128 0.794606460515461 0.801050863562325 0.79404380988966 0.792454323880952 0.798680594328394 0.801006147263482 0.798434333216042 0.798647772372163 0.800816882555046 0.799548704531191 0.799929580669713 0.800327382136302 0.802443064218052 0.80500195522298 0.810992926641395 0.813452740987061 0.811704320843575 0.813512919931298 0.812859197217344 0.807965543198523 0.810656316745508 0.813540903783305 0.812268852061383 0.812170096870841 0.814416954263466 0.810829942000754 0.807003290881306
0.785894658224815 0.763018494109481 0.752456864367873 0.766795976588325 0.775963669743122 0.777944093861263 0.813209131991642 0.830643795096875 0.798820626102483 0.805855727920899 0.817583983717963 0.817907734865081 0.814967581959168 0.815621593994969 0.81622984495859 0.810643988420126 0.802865506261969 0.799859661223284 0.796521771144526 0.792827822312369 0.79898613427257 0.806810795412242 0.799916705847509 0.799719195466425 0.807173251393154 0.804311472560984 0.804649368331748 0.80345469413054 0.802270162267424 0.803827983607289 0.8097292009593 0.810873693893439 0.804983470771625 0.802794477748459 0.803976550375873 0.810659193890545 0.813866599816175 0.821387103327165 0.838184197521584 0.847764270749386 0.836725951117495 0.817142832194588 0.816615719935696 0.813999462837825 0.812375001032467 0.813011042966864 0.812316863414598 0.813340837725904
0.778039955833332 0.761806991020822 0.76593657818782 0.776148369595745 0.781535172703273 0.782424740943076 0.795067382365067 0.808942341975285 0.810958625929055 0.815163211748245 0.823098265246095 0.828691692372896 0.829696619662589 0.826194507288621 0.821755265377842 0.819441462124442 0.821294664996955 0.81674252327199 0.806918021303535 0.80556711330479 0.809529118828463 0.813800570141249 0.813320328021618 0.81428892934604 0.808698138262736 0.806906721678055 0.814209606939574 0.812738469639844 0.809334292711184 0.810085870503266 0.81484294853673 0.819213299700981 0.815442101935597 0.809372836810618 0.807987628099533 0.813602673997702 0.820255035159024 0.821078011153643 0.823329063713053 0.833191032860731 0.831386323544511 0.819424263547964 0.817586748348948 0.818742765936671 0.8173468362438 0.816988784384342 0.815418506131607 0.814761263335178
0.793347122881384 0.76340718193788 0.767452126391109 0.78122456962677 0.786691322004766 0.788247986057243 0.801220534752325 0.814207999595978 0.818041674806941 0.820373608896105 0.829696651809461 0.837468383124515 0.841367332558914 0.837045780346239 0.83068253207754 0.830710933838883 0.829901491677343 0.824920992884027 0.820867609876918 0.820041531709159 0.820611817217041 0.820501151610452 0.822025266955109 0.822234060888237 0.819347191422533 0.81599718197306 0.813130886505386 0.816631102213911 0.818729457131695 0.815037855021188 0.814804211556065 0.820232419834627 0.822969983153693 0.819127419332644 0.818143419656572 0.823322361090257 0.825261267523313 0.821393773803089 0.817068363965783 0.822587708626242 0.824466966538448 0.820274901925871 0.820394343628494 0.822255920761143 0.822965177196341 0.820366424070231 0.818039842435242 0.820087228487595
0.803694268693533 0.766497814351256 0.771771749791469 0.785624415546009 0.792002001319585 0.795604026171484 0.805851114844778 0.812426130632258 0.81682409595949 0.828002977788856 0.840085652848852 0.834638172520572 0.832286644912972 0.839689940928937 0.833899533844439 0.835883044062285 0.837738159673678 0.835679425775536 0.831043766477319 0.829345463307158 0.82793384594079 0.825569909640628 0.829228095077773 0.830064942447626 0.825263582098091 0.820250856065674 0.816381369239391 0.816843014393615 0.818074753938148 0.816078095649686 0.811782341301728 0.813581794604389 0.820670710286401 0.82389148931075 0.822095459649949 0.825765346548473 0.827745079508868 0.826539587885259 0.824683973997352 0.821828704906746 0.82421308661745 0.827235615882661 0.824890726604113 0.825599581203411 0.826251696573769 0.823972997704506 0.822148518062054 0.820746576904135
0.806850609313116 0.771023386686579 0.778635090873209 0.78777499305723 0.796820753126829 0.802428003408557 0.810803147583008 0.846784209065124 0.854987994338799 0.827772259689078 0.834755154987493 0.835850382840413 0.842609053707178 0.84947433967467 0.84469699303846 0.837670699462951 0.835363084482395 0.836934182480364 0.832169196316408 0.830214666503599 0.834506756108158 0.831430557640275 0.828774390200913 0.829729409471948 0.82676791104308 0.817577056067064 0.818335111453838 0.818206475745845 0.821159519547399 0.822749568126365 0.817368583602655 0.823047585702511 0.827764512292945 0.823615717369974 0.825532394241096 0.828712957528672 0.829249328086677 0.829500620184485 0.825526093454199 0.828248049466948 0.835018984365351 0.829761717078229 0.825902211855678 0.826534749781035 0.826880151846392 0.824703985425123 0.826084243517931 0.82708341651755
0.785818984488313 0.778885289977372 0.778906233664429 0.789293064789965 0.802485707043656 0.837367184771707 0.843318390509555 0.822316983744358 0.833667594163527 0.836207775688997 0.840808668145231 0.840027579524726 0.84623271340388 0.85042190087142 0.844799445119273 0.841497495243323 0.842222214323914 0.840951898533076 0.834961103922457 0.83207703123461 0.832988812962911 0.83577478947109 0.838827199253752 0.833400598318786 0.830356900338414 0.832450336784795 0.824619953501921 0.821612790441488 0.823811893655873 0.826508357199188 0.822694629122252 0.825934021185444 0.829136958695877 0.831466240668107 0.839915290501105 0.834829639289735 0.83042149947754 0.827260497561528 0.823866880880294 0.829084430707157 0.832899798274561 0.831043316421112 0.834996449408134 0.835745166128615 0.836731528599773 0.835830596440745 0.831601755806691 0.82709320524005
0.781696035650367 0.784885326813669 0.814975200767814 0.829772261252219 0.803233925487622 0.813905288576532 0.819990402109368 0.822695914997129 0.830723310384572 0.835357426632937 0.840524698752115 0.842039266475811 0.845691118979187 0.847970637593684 0.845283078733892 0.84491660439399 0.841842013269702 0.838583911727052 0.836749707655844 0.836689432270992 0.836863636169933 0.836753372399244 0.838079655894096 0.835035556077826 0.836509634816337 0.837339072332212 0.823767305944519 0.823539657871009 0.830114480777257 0.832359714752849 0.830712396521555 0.830191794004227 0.831702809498575 0.838600322705168 0.842794878700319 0.837749089610131 0.835433116442876 0.838114117340796 0.834621632954969 0.834300164235757 0.834406682895868 0.831823521002639 0.836902083828751 0.837567218682237 0.833435686629488 0.83162666963243 0.833884039052173 0.832624122774401
0.786541083598843 0.7918081556819 0.791632601614338 0.798365088853924 0.803114789180282 0.816036626184908 0.820384233437275 0.820265129276807 0.827418129747994 0.836774878656559 0.842916136701205 0.844686047028571 0.845201891808855 0.871926599063416 0.880040517756635 0.848813882191049 0.844051403483103 0.841349716073101 0.840890240832731 0.84159022289538 0.846664011911011 0.847159861336959 0.842889261916279 0.84089732921799 0.846005274285037 0.84018259174113 0.836451304317236 0.834845760946003 0.828679524781874 0.838608536230944 0.844675358193657 0.839367523877004 0.836488401807433 0.841794516266439 0.844938512487204 0.836335864900167 0.831737078064043 0.836278707761891 0.840205544607682 0.839078105589097 0.839090900044122 0.835330632215191 0.835694791980314 0.840131076378876 0.837210983121042 0.833183687300497 0.835167663647986 0.834879129399058
0.78850035507526 0.78941981990595 0.81934688602725 0.832113710815472 0.801692852668027 0.814855662624575 0.8248796359333 0.823067950745873 0.82879549462233 0.838124500780427 0.841633974788064 0.845104856475961 0.846678510150247 0.849587352002909 0.855036809363812 0.85278890719785 0.849992482956296 0.843695087554728 0.843467182306243 0.848405263302059 0.853381679442641 0.853117030319549 0.853830996271483 0.850010340543648 0.841960136950577 0.844474681345689 0.83992633295161 0.829678119137798 0.829170680764522 0.831922131532258 0.839684861723174 0.842903261879001 0.839605796491684 0.838826990299085 0.839737437932201 0.838595709629048 0.841936283971611 0.843098409464999 0.843846676129273 0.844029881152351 0.841421291083434 0.839749155467016 0.838926468794245 0.841025755971315 0.839313034929097 0.838969818851031 0.842283904171131 0.839060456956412
0.792842947415608 0.795383900466003 0.82708425233622 0.837730283690057 0.807358578109779 0.814581160485239 0.822696590081439 0.830912928708599 0.83201997053695 0.837549923665143 0.844574642043928 0.848276241831603 0.847943071651012 0.846149420858732 0.85108828945291 0.85483531277061 0.852582749308219 0.846738496213252 0.84266706273756 0.842989511936366 0.849800887599646 0.857494759190907 0.857635176727458 0.851137747415361 0.841708250135638 0.844885212973559 0.844847295738128 0.832720161554266 0.83914625695757 0.850331037737934 0.854583779571262 0.855490883929699 0.850719886300693 0.848949043714042 0.847233397306479 0.846929480779336 0.848919532885618 0.848730943261492 0.847234152757969 0.845451431902143 0.843951265977068 0.844013357660184 0.845112330623682 0.840494625353433 0.839861540931253 0.842577501552388 0.83951496550507 0.839377376893248
0.79177461042105 0.796849267402223 0.832890073845805 0.842051305479345 0.808641977677489 0.815971689503627 0.821065023817386 0.830846223949363 0.839917074652497 0.839626177608482 0.844470646913263 0.85415471527173 0.855215545971693 0.847935083153339 0.848932198753155 0.856047281988911 0.855231506893602 0.85051377663137 0.849542282088476 0.851287021415127 0.849749436531136 0.852738790224524 0.856892342884539 0.852020854133908 0.852340876243884 0.851032321748895 0.846944911277858 0.837977637796055 0.842840334377215 0.854873503254452 0.852928312107936 0.847751460220925 0.850493427661444 0.853042947853207 0.847920938529694 0.847057859312353 0.849577257885126 0.849496215621013 0.849831362834227 0.84855722156563 0.849863236457737 0.851503225202233 0.846556094861971 0.844438114278879 0.844384011093435 0.844195984039568 0.844611128743559 0.845360166932759
