Niches/Final-dists/ascii/Bungarus ceylonicus.asc
NCOLS 278 
NROWS 480 
XLLCORNER 370976.070567794 
YLLCORNER 375501.4883978 
CELLSIZE 919 
NODATA_value -9999 
[rows 420 to 440 of 480, columns 144 to 191 of 278]
0.723748245059567 0.707615562414015 0.699137660763468 0.715330940262591 0.738058328654674 0.733105813713366 0.727942897495333 0.726669431311046 0.721528857168999 0.709260614290838 0.705150861743816 0.706485889187832 0.706142142686378 0.702981976589036 0.698895048321078 0.695160449769376 0.687357182372968 0.679558061923037 0.67616322366067 0.671666937125667 0.667190260182536 0.628434891506748 0.601098766821682 0.624357735887854 0.563159928692693 0.573636465664325 0.5709378965009 0.562694795602865 0.596807223713945 0.626459691255294 0.552731997791405 0.544787316305415 0.540764328165708 0.545106341862361 0.545172564418519 0.539457461381496 0.535768832856641 0.546464579347904 0.550241868945517 0.549391455595714 0.542724515827976 0.540357830970265 0.541341846719773 0.542547161535586 0.54114468995428 0.542689186415734 0.547791280752092 0.545563309646721
0.750170305588426 0.752676186401555 0.735299998456347 0.755626385204944 0.745492517814556 0.739659049995119 0.730180962718487 0.721375388002447 0.693596568744154 0.679825748925524 0.706924179639606 0.704363520556722 0.705617345002265 0.703400528861451 0.699969011018222 0.692274592930138 0.68815670722452 0.682085288259122 0.677397374220597 0.638311985757666 0.604032201031364 0.662586924564036 0.665283532768274 0.62578965400384 0.564685522793457 0.598502199682863 0.623745820180834 0.598929367316952 0.618635656979624 0.555663728216875 0.55828565923764 0.550650809303227 0.545502069855711 0.579838593810954 0.636571939874315 0.640724254879761 0.645896268662548 0.613786879994005 0.545625128081426 0.543051642396646 0.544957855460957 0.54326271875768 0.541718704499305 0.540265312272875 0.534943236891961 0.543867690740365 0.569782055720973 0.60040516591311
0.728915372517821 0.718098207291312 0.735695758596569 0.76008481879826 0.753906511483724 0.73991374966135 0.725339965275873 0.716770284305991 0.716777099442838 0.688431241510727 0.671445059415667 0.697436834063861 0.694765943357159 0.694584249237061 0.690344784061836 0.681959819018014 0.64228222088055 0.616826173852923 0.630625636534434 0.570451578622476 0.606759702379518 0.634147133472171 0.57142900426324 0.565858851471709 0.599790710603208 0.663543422591179 0.661865934520587 0.62780860614798 0.557097607292049 0.547429339121131 0.543153837302483 0.568668488077622 0.602154180773727 0.570497773677426 0.633286593857712 0.604411084063827 0.547950664943077 0.582080002308788 0.613874448073119 0.541655696630339 0.543617330901843 0.536413538373021 0.543013162590956 0.542777397432286 0.543401143188173 0.540271066562949 0.541546879468886 0.567602529951587
0.7537138552803 0.768742630417514 0.758584283184158 0.749877801200815 0.726933099954544 0.706670058617068 0.721286694782816 0.711907041228008 0.712066811181456 0.70279529970379 0.693095849067109 0.693758042481814 0.68827918680654 0.653516781092084 0.594161504007958 0.581656145802507 0.577334416782037 0.576984562374918 0.606934324187794 0.662438180987656 0.628847368020369 0.569301363545135 0.570629672292919 0.56625827635533 0.5684572831291 0.568751041244716 0.605453060623409 0.625726356813027 0.556451294432073 0.58065290622359 0.638049056492222 0.63705057465035 0.626983717414481 0.624337708386647 0.630912483072587 0.607384798304026 0.543729105575513 0.549426624273595 0.545818587956647 0.538387324162111 0.53925725066317 0.54124190209497 0.538365110673613 0.568955656084494 0.596997179580128 0.539595982252604 0.542954623137187 0.563037481257545
0.786987732237316 0.770570212233106 0.76271771190235 0.753480372549536 0.742126868911894 0.733555034101593 0.725354881424445 0.717005727995942 0.707056046108226 0.701821924568888 0.700990188551671 0.695778826997653 0.690306272109275 0.684497460940601 0.638542060920006 0.612791612839325 0.670708928195543 0.633391585541407 0.613822498728094 0.633624361040988 0.568416520895504 0.606081081913261 0.636381533951926 0.606985887770356 0.627141719289974 0.562406856071067 0.592835284806849 0.614290750064498 0.537876863982874 0.536047803411173 0.570507160564027 0.629893202204582 0.624134604449849 0.597724438263601 0.567224450590922 0.625657176744653 0.595533596795299 0.532643063912255 0.535569618691345 0.543941242783321 0.54813091245394 0.541817974039798 0.537004494319548 0.540065905226348 0.539578397913663 0.536375187154819 0.541507145935191 0.540054878849279
0.769385551782502 0.765080892751021 0.753237181463452 0.742092085996475 0.73902357063098 0.729126288144496 0.722633777303803 0.71162948513584 0.706422366968915 0.706842494438054 0.703440905332584 0.695779405641347 0.687235538609618 0.682853405616807 0.640458046633382 0.613249480736099 0.669918211586898 0.630746315891627 0.567099013496685 0.608621424173091 0.668600061250641 0.664306139274382 0.667026536163842 0.632074045995716 0.564846546474911 0.56589768489299 0.557108055025423 0.584233681993149 0.602113611421362 0.536553955909573 0.569762413982229 0.635007865967861 0.604850210334271 0.536992857151913 0.539082082358072 0.533912511737551 0.528284365989075 0.530751027618461 0.532745323111836 0.560837927986952 0.604168278740206 0.54038988140157 0.539281296523367 0.545764677652436 0.561189679059514 0.59351229792951 0.534413842205162 0.541357984449477
0.765450437117191 0.736838965655831 0.721068449669343 0.742535519947756 0.73824198373396 0.729289883575703 0.724704614499223 0.715502475971163 0.70887713425569 0.710109195268942 0.704329059110023 0.697190428290585 0.686478222600898 0.645798220703188 0.623164347561523 0.67227756695781 0.675032168118994 0.675878177347345 0.677525190183356 0.638560448930745 0.579152065214205 0.606646931152819 0.625875871914333 0.556377003011063 0.582374146186867 0.613019502014374 0.553689395930963 0.554128779376382 0.582361062409995 0.63639281750397 0.637259368583478 0.641581804835131 0.611300544479004 0.551313227746035 0.55001150446133 0.542910903391375 0.535634844694474 0.543058553974109 0.541658396967581 0.544677663325292 0.538467723488786 0.526715245023729 0.537927913215485 0.549358183583275 0.539725469852703 0.531212849580481 0.529597212091465 0.537990888937578
0.741614994270292 0.756875323325955 0.745750367874236 0.740420898712779 0.736814212564452 0.729493951918659 0.72654415495117 0.714158511696753 0.703285796675564 0.660795218657508 0.597669434965744 0.631264169851405 0.681261781841117 0.676436279190769 0.67647662351503 0.67523540064328 0.668381205346601 0.668314243412389 0.676406575481113 0.66404992870517 0.656488695107456 0.655375995429647 0.651317902905802 0.617742198968318 0.55747144326562 0.586843782965047 0.646408818388459 0.607248109804617 0.580996974193763 0.606854985707893 0.572972922080999 0.608196474673164 0.544834829382115 0.536733753364228 0.534108961271862 0.546685396211131 0.545587966297485 0.572658204204891 0.634029893830274 0.604946490215675 0.550212422410837 0.545865972445859 0.538250217753367 0.53326359498095 0.530455147809298 0.528195415594469 0.530888712670899 0.526393937038877
0.744933676593078 0.729670438245506 0.746898750579877 0.739182729793862 0.727799683180924 0.724043899840626 0.723382638685207 0.716840814542986 0.708989519719927 0.663165921874209 0.647416687116933 0.694183474184819 0.683284591609886 0.677634682429119 0.67528342806993 0.67678182591705 0.671301909395002 0.665751269754727 0.662636848656129 0.656547395295584 0.650958307996492 0.615096768584178 0.589119395734606 0.608645920089495 0.553216611885618 0.58045076669295 0.637590192042419 0.638611305282124 0.639140442793947 0.642834311258925 0.608721786707229 0.543476206134109 0.536796793380065 0.532703467884595 0.541941160853 0.54338368743672 0.541139996510979 0.540298745019673 0.543678827867828 0.545314782179898 0.532819325210999 0.531404284202771 0.533884351077748 0.529713390886588 0.532133246670457 0.530124324350357 0.53195743542792 0.551706544723991
0.771450457880052 0.763224716292855 0.746873065229212 0.738499319443689 0.737007736733417 0.733542721849647 0.727905767858264 0.714314295438083 0.702706831512263 0.692962696723612 0.694027979765336 0.684507040708434 0.672279624357613 0.674250131165767 0.672054724841653 0.661909782853888 0.658514494535314 0.661938843626104 0.659701678515364 0.657892098948048 0.650729068652822 0.647983918671982 0.649446215581934 0.650318971007723 0.641133034503111 0.638319958181902 0.637735238728528 0.633716365388427 0.635091062072393 0.636487586482394 0.605824485581587 0.5465640739165 0.539398086109057 0.527495353164641 0.530296117233904 0.534021489633364 0.527644611090971 0.530547120009864 0.534550434263956 0.530642692660086 0.529029755508312 0.525916813165822 0.519416394194636 0.526411167762226 0.533981145309103 0.530747748637525 0.531581734935776 0.559017450630055
0.774095261400189 0.755427315700572 0.75438533914099 0.749916859650199 0.732972211313661 0.725379923837671 0.721273450271585 0.711970981356259 0.660938593706276 0.636702681202419 0.68522481606469 0.679192809164268 0.674082774550545 0.670091161757834 0.661043971152434 0.656062138263933 0.656537429765288 0.657637592163048 0.654824322960607 0.646675026634839 0.645648930629986 0.646989423042228 0.644568249236611 0.643901973169172 0.637901020147025 0.637945961473971 0.629774001603498 0.603257204243087 0.540052242805782 0.537466316281568 0.543433740116301 0.542791413468444 0.536935282104302 0.539864280045658 0.536786859996642 0.531483976298264 0.538376683547505 0.531758703465703 0.520974038726706 0.52650944074969 0.525916363109615 0.522560454709145 0.520593580497518 0.52201739760178 0.536216381607528 0.53675754204945 0.563700092581585 0.614977921598686
0.771692813147466 0.759883531159725 0.752885173215915 0.740050020251424 0.724664495203065 0.682686016854713 0.660176230638665 0.704904584558028 0.702586248595687 0.69091793064132 0.688327439261293 0.676619612801335 0.664801426130072 0.66042781205832 0.658258091084871 0.662307793275144 0.657717027083565 0.650764333771319 0.649047272901392 0.621588218578099 0.594649043467515 0.646588455108755 0.647171792246637 0.638800843238972 0.595972851653231 0.576127076713292 0.60683319012873 0.543112914334527 0.542902513057803 0.540016045427998 0.540828911231398 0.540119622649329 0.544944257334135 0.542393853103394 0.533911032981443 0.534167757900606 0.535492209023759 0.529988953872697 0.52770064308873 0.524452683884171 0.523594973194441 0.523297100279219 0.52822605156341 0.529681983392721 0.536084579432651 0.532461755554619 0.532957331732157 0.535298877736025
0.770748755959756 0.759227413503813 0.744200599325786 0.73198128398669 0.724059105311045 0.709889407105617 0.702995028219036 0.696791582050658 0.696368914978638 0.693496174063144 0.679292914523431 0.677857813867124 0.676421009426606 0.668587556117463 0.668476777996823 0.661453875916301 0.660871342450217 0.657240514001077 0.644075984186881 0.646780950577819 0.646786126224198 0.635299405949314 0.637627578854464 0.601173411858283 0.576063040144425 0.603223803643161 0.545379204511228 0.542319143773049 0.539853478696693 0.538539346719426 0.539092401503958 0.545611337073371 0.54632596203618 0.54513543478145 0.543661725731966 0.533361450059078 0.53497702325435 0.534650250301271 0.529720398904667 0.52816314013506 0.524716031058949 0.51821590140961 0.523384989827052 0.535320223258981 0.580382518883861 0.640853549598628 0.558451729977985 0.626978252446255
0.768505691898018 0.717838717741164 0.679424813138923 0.712564637640028 0.726795447048978 0.719634667034786 0.70759974615303 0.686886745049273 0.671766399547391 0.677535284301139 0.677317007040794 0.677880348824341 0.676001171279315 0.674236822360792 0.66415668846682 0.661685622715981 0.653004584981764 0.647934958986046 0.645071572810281 0.639980922760327 0.637481632055941 0.628526960147931 0.597089891158748 0.545436843852583 0.543647259639602 0.540968910858615 0.541052782047457 0.532691541395112 0.531226512001047 0.53345351870026 0.535834123153513 0.54562837491549 0.549103998266994 0.542200296787556 0.527870539306833 0.519419190972493 0.520543495671065 0.5248079068189 0.525609264042152 0.526565729922424 0.556927035989635 0.590399323440148 0.555488720646136 0.607065226250257 0.57576947491004 0.567333492780479 0.634553116317664 0.54212941293497
0.714095310946556 0.711407896747687 0.74325676716618 0.739259271495907 0.727057379761392 0.720398187389786 0.715713037982247 0.695788342471741 0.683314295319541 0.684236685515576 0.68582133342006 0.683201459799098 0.676547250192641 0.669738574866602 0.667653014403842 0.618040650527235 0.583801049390834 0.641481313713505 0.640211480125746 0.606942393052646 0.581338888323517 0.596372372977467 0.545483585404357 0.544506513379184 0.537344961840066 0.536636637664154 0.570218192332328 0.593884237237638 0.566615942452325 0.598832862407444 0.537361356744745 0.542814205600636 0.540476420780782 0.530462027239889 0.525058684566758 0.517454245573181 0.521393619699021 0.516757172802442 0.543941339223937 0.600656104395327 0.603610080456166 0.584119110541622 0.525321903154048 0.52628087649033 0.525426444781536 0.524986450545551 0.545950679453372 0.571737196324348
0.748496707289336 0.721532232590551 0.734361309796248 0.744080209290442 0.737430564539797 0.730707432039941 0.714907469518773 0.699492305054502 0.685741802058927 0.678349050216952 0.680144067251288 0.681017787083235 0.672987498477318 0.663509089731967 0.657941315808959 0.653966355095902 0.641068772906141 0.627740390485763 0.590859988114779 0.565589524978753 0.595108293679782 0.550138130989827 0.543170907291473 0.539356005853712 0.54362363168874 0.566543933459222 0.619724728706571 0.622755085735095 0.592683615865125 0.536028547434892 0.530201669724199 0.554273440300027 0.586685684648939 0.519845812109759 0.516001399843575 0.511978540291355 0.522913684537815 0.515470140638205 0.507079164129333 0.535238088001222 0.57461289475206 0.522044722442913 0.519708866435375 0.524882744736733 0.517327329722836 0.514804346773845 0.521461160276928 0.524151917750476
0.739499505069774 0.740332687696227 0.757867102545032 0.755338220645042 0.742435253854234 0.733587695323465 0.722347573703088 0.701591817259676 0.687235120700283 0.68382562346432 0.677468000898208 0.673217187877195 0.62816350761399 0.596453929591531 0.649346238810259 0.639434554525154 0.63396238539924 0.630504828589755 0.599296998944242 0.548184051233225 0.543598814303616 0.539679949882062 0.566108600519665 0.590142984283449 0.542419634894675 0.544890732792386 0.575097894608735 0.618971206028738 0.62400109849076 0.629150320141355 0.593715498306924 0.525953782068531 0.529142494588139 0.536557556359228 0.523715523964146 0.518180764878601 0.512514300058794 0.519254984750719 0.545491686416081 0.575004025742725 0.520376074762099 0.520663853559538 0.517567659737319 0.526900089537276 0.522356997156756 0.517782465135497 0.524306222735698 0.526580196014788
0.76189848101831 0.750956618075618 0.745934537303472 0.736073387901028 0.722214807122053 0.71276947750791 0.667842648801305 0.647902458498534 0.681239311177644 0.671318400740297 0.671724833641997 0.665068502341993 0.662026733173937 0.658173094755511 0.640416962931066 0.636410144667936 0.629351045209631 0.588868875161724 0.541164524574255 0.573440241158118 0.592931275366406 0.572649717430704 0.59050878353904 0.573061583153758 0.614463764529178 0.613195473991271 0.617100065201692 0.61806601440918 0.589948174239606 0.555500454254387 0.587600005980122 0.533685233353068 0.527738029900774 0.527807885053459 0.526689270351217 0.549411901006256 0.578439047594993 0.54957228175027 0.574967153280631 0.521186593843849 0.522886166815451 0.520451298442395 0.51917301022732 0.519940163178848 0.518365062895325 0.523199791697914 0.525435124436955 0.542243245008443
0.778030440359244 0.776442465253516 0.738784333610143 0.723713976494099 0.711131337208549 0.677136438061212 0.658498581833713 0.687570669749396 0.675112985355004 0.672176722220594 0.6655649143382 0.653253112448587 0.651721571176517 0.617229938564254 0.597073174785349 0.604302234755502 0.57326324048132 0.619841904054723 0.597688144445202 0.582386587026301 0.620079726613196 0.596959214124389 0.573908235319547 0.588500664890738 0.578488553777752 0.621035806731005 0.608892775918978 0.608172846722302 0.576077024033711 0.546001728685983 0.584533676601918 0.53821562771918 0.526181542656093 0.522287109857199 0.545157005332509 0.606239308816858 0.607057189532277 0.579893725696299 0.522970295179269 0.52760896021001 0.525871614663901 0.51539777802951 0.518183240187738 0.534813813585606 0.581607121822827 0.579324404594575 0.565486076344911 0.544196810415095
0.758055258186386 0.75407536292849 0.733234176172947 0.719087141512224 0.710034100176135 0.709120807544853 0.700917150858666 0.686946506084174 0.670826682187391 0.65957778447098 0.652222226559818 0.643898565600748 0.639722044000746 0.637558141611114 0.607157680653903 0.55083693969165 0.573720272559423 0.619492789025659 0.625163915141894 0.630838866735888 0.619601445452753 0.62125006563236 0.593069699796899 0.575887293195632 0.619303540390659 0.610959755489767 0.604416806207029 0.576752494106519 0.526728168066241 0.547732934179555 0.576721247347012 0.549188512393275 0.585066028800933 0.553018522860839 0.583039136379429 0.526694928200675 0.52598788989964 0.550330369283916 0.577494701085436 0.520045154862543 0.525822429949862 0.538425578939697 0.570598682708387 0.544238826376696 0.565471031608852 0.527575881078803 0.526617936442423 0.52405007646023
0.747625719941503 0.742890260679406 0.734166981955485 0.722238274338556 0.712920567805939 0.697472581385437 0.682988551066364 0.678978293087938 0.671743832443303 0.664295112897313 0.654086070046937 0.650605656811516 0.642081817280993 0.636089543914266 0.635692144283576 0.629286365703325 0.62358026379044 0.625280222524505 0.620390811892778 0.621106883464823 0.628125413570763 0.620880183724034 0.61385172023467 0.611171378347624 0.609023613687697 0.57996518819258 0.524243279160476 0.522137626902766 0.55350545152983 0.571893944471836 0.504080921825858 0.508793363927659 0.512793142025838 0.520084149018183 0.552082213069262 0.611972574836516 0.584889188858495 0.549953800826231 0.575725337254893 0.517444537217861 0.524067885827274 0.517329001360176 0.517382558048797 0.51582880328823 0.531990900321589 0.563245439372003 0.520929193840376 0.522630856358653
