Niches/Final-dists/ascii/Bungarus ceylonicus.asc
NCOLS 278 
NROWS 480 
XLLCORNER 370976.070567794 
YLLCORNER 375501.4883978 
CELLSIZE 919 
NODATA_value -9999 
[rows 399 to 419 of 480, columns 96 to 143 of 278]
0.93230731314152 0.921003227282738 0.887670690321184 0.889922522442239 0.913581920981779 0.916384300431356 0.885741299362217 0.857525668408259 0.86023245109746 0.877718292022791 0.887515211975137 0.882374252070627 0.874255302391952 0.867406523843191 0.860230683019504 0.853589508969611 0.84245724010453 0.842435894581575 0.846326984105789 0.833130934283675 0.819027972984355 0.810370531054128 0.811531740361666 0.816817586217926 0.817312712339256 0.830594851484375 0.832348897330448 0.82156296279001 0.825537409153116 0.835059071514637 0.835728112213061 0.821162605647103 0.81088642405472 0.811498934478871 0.806203557075086 0.799106476087607 0.803710261762314 0.818843546380144 0.829697921610902 0.853228596038552 0.883310192173177 0.876931111570057 0.834283094246766 0.82798597209361 0.855994545045524 0.816332731022174 0.774235791450793 0.765140251950024
0.928447775772096 0.924703026845585 0.922370787361138 0.895538741701232 0.893604705519273 0.910624746307184 0.910479844281999 0.888412447243894 0.861674270449998 0.849491361443352 0.858192989249035 0.871862514274241 0.87170538036429 0.865409335131343 0.857200583165956 0.848680488746012 0.843213382752425 0.834989361022875 0.829471816587244 0.828337112375605 0.825088751335147 0.819197081604097 0.814447156249636 0.812803920671076 0.818517078822348 0.827026645141737 0.838134900293493 0.843260413626046 0.839145742607619 0.838310615095414 0.838646437392939 0.838463280590168 0.825822439393005 0.814019345678109 0.80717310673223 0.795639001968134 0.79199983140573 0.796689352787851 0.816310935443011 0.853230862393022 0.859617208189196 0.864094447702586 0.840960690702547 0.778600066856251 0.778948233552594 0.770789421752737 0.755938145568836 0.783574345229851
0.927182410599534 0.919070718077195 0.913195033378208 0.911904328433853 0.908353360851283 0.906901479527834 0.905281116448646 0.900638762564351 0.890528282023286 0.858117813789048 0.842848644343607 0.849254631878525 0.85100035168477 0.852605750395079 0.85264418198046 0.847907131448204 0.837273910622828 0.826049412382205 0.824733785575394 0.828063478201812 0.827718895881689 0.823199913655109 0.816046543494895 0.816206200934292 0.819357124805957 0.823428927970676 0.829535531687392 0.830452408694892 0.836992400465414 0.85044040139621 0.848463642021468 0.835297328055881 0.824493841323374 0.817250154526497 0.810339862938316 0.801618529100145 0.800056030390415 0.796901666803455 0.795041214811323 0.80405129185309 0.835539763690474 0.841711416602522 0.796388040157334 0.772418560927959 0.776937012731152 0.776748583841386 0.763541893404666 0.790723263048303
0.922486741128158 0.916471635445648 0.882587996622031 0.863901646838238 0.885560360693609 0.895097839316115 0.899264347165514 0.899108065147669 0.895024576595007 0.887757044855883 0.868139986872945 0.850635597202516 0.841446815699739 0.837579980990389 0.836980570416547 0.835400358780388 0.83226484933381 0.825094280597118 0.819642910497336 0.825201506488411 0.834404946964784 0.829873282797232 0.816246593478861 0.816472794943135 0.824460569310935 0.828069409299681 0.829256111076653 0.831723817479376 0.830740091051715 0.827463022854632 0.827096194899139 0.824149725132893 0.822127735109357 0.822184377897683 0.817794947564946 0.807659665712193 0.80064074984379 0.795424759140215 0.787151520549754 0.786322099107315 0.796673857995585 0.798923174623912 0.784160270190922 0.770446784318364 0.765407376382253 0.764844661462708 0.759233826804761 0.746608882235763
0.922063840991317 0.914817494040789 0.901139723342935 0.869209963357971 0.860926469915367 0.860482746642239 0.849877204273587 0.853841685106397 0.859954750344369 0.861922380007486 0.865154056821416 0.862706490433952 0.858050305358013 0.845971552216392 0.833700898322838 0.829531657989325 0.825720228413732 0.818966331357447 0.814573541676594 0.822891560859641 0.834747986235055 0.83529597788726 0.831320743925792 0.831968342660644 0.824781266505221 0.820545658954627 0.822356154707794 0.823493012759851 0.823241945690146 0.822814263706107 0.823544447754925 0.822052832897781 0.819041024614356 0.8163059687513 0.816190304306127 0.809994332285471 0.807289414114841 0.800325967673937 0.791313881452676 0.789264052238056 0.785144269866994 0.783052553278262 0.7800276772914 0.773361075065817 0.76097300472257 0.748618736815149 0.745430827967339 0.744683702517018
0.898843351730834 0.866857680298881 0.880865888693212 0.892243856100387 0.857316038656461 0.8444343691683 0.855801937062408 0.855375782054785 0.832286805647332 0.835470037125277 0.856014556473295 0.847778254638672 0.833307500977702 0.829419433259448 0.83392507453418 0.833861600535572 0.829323523067071 0.821774087371352 0.821875848294419 0.822772472772609 0.822660649878631 0.829693163873857 0.837427460156559 0.842251628711722 0.840404405157386 0.837487944496079 0.828928164762748 0.823733133819666 0.820220284390477 0.81376160813248 0.816476089997507 0.822454958118643 0.820742172782682 0.818010042284971 0.819206050581363 0.816045675529354 0.813840271528071 0.80435967679543 0.793789190590608 0.794235742788466 0.787483581663264 0.777421112475413 0.770043935792884 0.788723084677366 0.818086616133887 0.785119291747512 0.741417451742336 0.766259943572475
0.907237968872951 0.871972986999598 0.847191606372982 0.837434468174638 0.855450202063282 0.861671570112757 0.849290089878254 0.828440046659497 0.830276822480459 0.8030223187032 0.811703436804597 0.818408840304589 0.809379764461517 0.834486053522641 0.849499542822256 0.852634055715805 0.846544730942747 0.838809727428863 0.840716374475945 0.835474505540474 0.830276565305483 0.832357689499918 0.83335139753131 0.83478346030822 0.837127192299379 0.834531444905794 0.834235018599808 0.834429619688983 0.825726786375604 0.815031939996754 0.811388574267565 0.814509360446803 0.814150681723343 0.81372328906115 0.812358365026248 0.811537767900151 0.813256886169881 0.805931176629298 0.796279865933319 0.804252418757265 0.804003826996698 0.808761355086369 0.800867835347041 0.760699868825292 0.748764812201159 0.743938570172757 0.741151950727139 0.769117929073758
0.906780985015156 0.864102934476773 0.844127832671095 0.844243995392783 0.83247944577732 0.853470919159094 0.862320068960023 0.844407333649014 0.830391747547577 0.811548231706962 0.799225532027767 0.803451640177708 0.785489221876145 0.764958027406538 0.757643649638307 0.799084085791314 0.845553610734545 0.84368382007612 0.835975916375265 0.840318990918692 0.845090422530468 0.845411167945062 0.842881160904555 0.838432564254047 0.837987635473222 0.845023942799335 0.841075535402485 0.832293122507664 0.828902865174546 0.822700897762277 0.824203153234026 0.823109661312191 0.818042333817815 0.817452101175906 0.815224322951767 0.810649951664868 0.813567280291717 0.81629175983391 0.808981464718413 0.799929323494738 0.789687056852231 0.783561566848262 0.771824374220804 0.757309820446841 0.75362710694642 0.751722035096062 0.744795766512536 0.766714612855493
0.899662237036001 0.874491389019341 0.839966789789923 0.835342606924982 0.848997392609411 0.847173957740297 0.83946785426427 0.839701208407546 0.831403168505398 0.832044611114278 0.836139367145548 0.839794578997041 0.844016508053632 0.836669324402605 0.792475556889856 0.7424489162748 0.71981996160454 0.745856966901526 0.798492663715143 0.837827029701104 0.851064484694252 0.847188970329484 0.847329516453524 0.847106835071725 0.846297425057057 0.848868017523364 0.850188675315631 0.845682166075357 0.839169675953765 0.838991823384861 0.838006875376067 0.833463590114315 0.833958635868466 0.827434267477698 0.819567268907706 0.813521808541384 0.804146092978386 0.800728189335415 0.797174754480426 0.795068105669685 0.81427973534067 0.817893172332101 0.782496203439357 0.762268153971968 0.758229494232199 0.753827108710078 0.74594537079931 0.740315199797902
0.883848668351293 0.896759414685106 0.892024100083933 0.853257512149845 0.828129331068942 0.835296347576287 0.831689773942011 0.828058527583536 0.830353492769991 0.831360107770459 0.828018569021738 0.826291446180899 0.828167489405913 0.833047545297911 0.839764650259282 0.842247401398065 0.806603753483633 0.732720662040878 0.708866718669188 0.746763412249089 0.790249707478032 0.792759992412615 0.815486239590745 0.849362227458845 0.847994394132034 0.84840453999744 0.847631970297994 0.852755217276076 0.848001128901701 0.847859971987095 0.855446794494859 0.857417413817064 0.861909440891538 0.854060524937001 0.838200897821547 0.818243830411018 0.807153706095025 0.801541890957485 0.795449238983183 0.792266521855189 0.792504665882381 0.80127793299214 0.8250819361983 0.80862609712276 0.758978612788579 0.754440165631052 0.74818404681303 0.768696419289127
0.880445311167867 0.87984356994581 0.886350225410149 0.876636790884182 0.845271971989643 0.832831743346704 0.83842599021874 0.85160390920509 0.848611597999485 0.831614357380484 0.822645942684727 0.822370122523643 0.824477526785874 0.828273477642637 0.832564779648834 0.838146955370464 0.841836050024961 0.841371656313187 0.821963191345429 0.786129667931995 0.755809943843614 0.765451706918632 0.823769363344321 0.856809339661239 0.860991374449776 0.854059351576176 0.840391771436721 0.859666778665699 0.852854470743133 0.850698781879277 0.873026134597173 0.885182040231404 0.884133489636515 0.84723526182505 0.857421962599441 0.87010531803472 0.844280321358054 0.826686049033732 0.796411443080093 0.78223631205331 0.817379192070389 0.869085619257379 0.883069379955615 0.832402614753428 0.792788378100521 0.782871614609653 0.768205327600223 0.762944266982215
0.880797898059099 0.859396053783814 0.872135939493367 0.884215673114581 0.863759477297167 0.834385658841631 0.827270061255925 0.836257056843652 0.829829289803008 0.843583859377881 0.838475062418727 0.822282538371094 0.825442286559101 0.83091336269137 0.835313578299637 0.840870759828347 0.846622654960284 0.848280758467108 0.838660871338432 0.822049200301254 0.795520396084181 0.782204325915749 0.748659627636233 0.713540713112171 0.713692092732048 0.72198920037491 0.759094421894675 0.77256924939009 0.73914103530098 0.75216993746254 0.774982740093318 0.76549500875511 0.800279193975292 0.868922329221456 0.902005695778749 0.886258172842403 0.868550566721123 0.880158625364074 0.837941408271399 0.773728385224389 0.813406433418059 0.876481505419367 0.896154265894626 0.848427074954657 0.771832169837245 0.743419944688052 0.732927591455435 0.721468774665378
0.858301661749565 0.871115967467615 0.853108929307825 0.860001186500859 0.872240529341162 0.869323023906518 0.847645616645125 0.844357425630357 0.850910388663698 0.846275645551331 0.837258914107076 0.833507454521052 0.829499350383044 0.82602440211585 0.834019666704808 0.830542018100373 0.816305293666989 0.807986181490297 0.79400791790716 0.7463670413183 0.674970639006137 0.635128191709462 0.633527759690865 0.633421578572909 0.652318024238143 0.692834044942183 0.746517617266379 0.804028821189617 0.855004212435683 0.873649607104648 0.86174365947304 0.85096330241488 0.839512136580341 0.822611786633311 0.830302539977996 0.88141175865187 0.910660148049887 0.911621419887511 0.887896409582379 0.846341643079385 0.806102358722278 0.787043523133535 0.815608285189994 0.816742651859477 0.768642283956812 0.736503320166102 0.761667152127965 0.792895170009044
0.856506467907433 0.857354630976202 0.845903031158892 0.832397535547664 0.836423320465228 0.850698267529326 0.855891771495992 0.835804846796336 0.82423182824378 0.830390140203981 0.837852409656486 0.836291695098147 0.829534004710975 0.829420590546837 0.832801782462073 0.834578957982493 0.807821171596725 0.749129647050592 0.689497456811737 0.642682256554738 0.623299718039184 0.63239053194978 0.637188741905867 0.626953563648619 0.623088802412509 0.650602635005555 0.706035222190369 0.779968912809528 0.846112934159102 0.87950430793299 0.880007213597325 0.869205816411493 0.871370297444819 0.869900735341813 0.867602989450938 0.864326805292832 0.883065956313755 0.887285892264287 0.862427455585676 0.882184006882597 0.858045627988148 0.786473028670985 0.764507537216871 0.76275284843336 0.752780036871297 0.768368151506504 0.765219381475258 0.726281515007573
0.825085649162007 0.82832615029228 0.828243082775236 0.843182714636612 0.83881761948592 0.843517138545208 0.845421535311256 0.84615925780154 0.836062150359194 0.820329551608137 0.822922293269198 0.827499188085543 0.828574870640334 0.828808047975815 0.831674632765336 0.835886371263529 0.836069335185068 0.844166714312684 0.837291221713357 0.787951929440284 0.758720569847667 0.746388740456847 0.713032888976432 0.707040872784679 0.711935909118993 0.735530652262382 0.795921637266065 0.84307667817958 0.873930747573035 0.880739101430355 0.88054517542549 0.895662611635463 0.889404218426253 0.86772100061776 0.853212731557259 0.861766949881747 0.874989794121607 0.887394090598456 0.868848712884756 0.864472044860172 0.861991688663348 0.794120785574475 0.787797029737932 0.774006471739943 0.746703779801675 0.750800577159313 0.737858664433172 0.728117069247402
0.827270591679311 0.831587096833095 0.8516782006261 0.844250939117118 0.826322821527895 0.823014763746279 0.821911740276919 0.822166825705614 0.842062042534567 0.84090317994868 0.835795524203479 0.84314662977288 0.834773317970129 0.827176144169607 0.829738233788291 0.832403547012714 0.834847641538011 0.844369737882302 0.854172171023183 0.855187224577531 0.845505293986047 0.828719483343672 0.799344282572644 0.762036616126955 0.722765225863088 0.740173399945858 0.82221721592735 0.852570420982837 0.857209391408862 0.867595949285987 0.860392092463421 0.853884038610153 0.872500870783416 0.886698512657261 0.881994452852314 0.868476259226677 0.84490263657814 0.863637978194741 0.855512084791731 0.856173715636177 0.887317251537847 0.83796158043353 0.774105709133564 0.752202405803181 0.74469026047889 0.771118461060286 0.770888562705742 0.721601766274516
0.825192216042426 0.825547438977155 0.830767223011617 0.838694400525846 0.844588995622241 0.836643494391017 0.829157661281394 0.827614370327637 0.829779012095323 0.83936813466757 0.847608004804977 0.849870324842996 0.835748284375191 0.840108027071709 0.848365819090211 0.849867495918266 0.847943071651012 0.850088634250212 0.856047748118554 0.840178685896191 0.809947815761801 0.778539502149552 0.745239682666895 0.71211573872052 0.697373086816841 0.709242772776922 0.743621216253151 0.815525330187001 0.877547881454737 0.889267393302638 0.890443366061106 0.874614045409156 0.853222664940682 0.850770806945816 0.856309295068505 0.87409439122455 0.86321781857873 0.827070814943757 0.806855656372008 0.822884327813459 0.877182885870944 0.892075446675109 0.827385404232378 0.781036012149516 0.766639196293966 0.761989520959591 0.763648219183545 0.71913526537949
0.834532007476052 0.826387709988868 0.826073442168966 0.829901572044522 0.842650555318828 0.843316783165959 0.848865156451763 0.859440432540502 0.849272023336234 0.851101598257885 0.851615208830571 0.844718901131675 0.789232950139472 0.768852074442969 0.767150636952796 0.760345754957644 0.791705703601087 0.802580668903311 0.755251134769008 0.712490957009584 0.715009664424611 0.726370047492844 0.730002097523118 0.731622621336665 0.717697882295277 0.706090932719408 0.71427944822892 0.746273911830344 0.81091169149605 0.811344082996826 0.814071262876261 0.877534492282582 0.87704410782486 0.854588408720819 0.853756511969242 0.848792504521221 0.841761067446205 0.823032669553939 0.800720634820514 0.800415721740341 0.810748353239818 0.84585747904138 0.863481390781612 0.801140264013137 0.748377281660149 0.762604458472571 0.754948584483921 0.73874228550167
0.833494804726951 0.825827486451897 0.827306708689915 0.829177431607625 0.830686887978686 0.832299696542972 0.837863114564835 0.837479554162508 0.852740172540017 0.862491556448287 0.851257301632036 0.846195326591836 0.841323323491254 0.830599239532392 0.799392052824319 0.770407597281493 0.773322563113255 0.776513349106102 0.750493253063746 0.722989932497818 0.721779056273162 0.728761999791885 0.731011316420212 0.727964082283929 0.717040221589513 0.712644747644855 0.718330789909662 0.737866797591768 0.753926281809955 0.768888866537883 0.815899391188676 0.874279107150609 0.878822167384258 0.856996852365155 0.867935291665987 0.860040807520502 0.844356927353842 0.848355130255298 0.82253403942357 0.791388012139326 0.785828741063941 0.775242663626237 0.801930659153064 0.807605980436085 0.780773581160588 0.769011506854263 0.753418538041396 0.781698446665761
0.861287463213606 0.840622119847472 0.836481297348738 0.831883201670361 0.829421683540483 0.831577147376235 0.82996202423717 0.834370115829057 0.833140803373354 0.828580367755433 0.833611883634488 0.847550076141775 0.839735975249529 0.833886321480079 0.843728005951575 0.856514472478542 0.867765154346344 0.847776518707588 0.806044205030973 0.762868737906636 0.739945735798912 0.752819127467553 0.7645998951799 0.741130026560489 0.730324048445408 0.70982385963377 0.684211835983581 0.691043207001196 0.684290210057325 0.675984454905916 0.741756665534849 0.828909873192625 0.853071831817628 0.86655538718877 0.891878788186131 0.881075534518446 0.850099532039794 0.840193666338507 0.839869063299282 0.865923829743006 0.878048536838038 0.83456584205875 0.837294468547421 0.862755160798041 0.827826796857292 0.80254418220368 0.762420240823027 0.748435338910838
0.886456310087489 0.884999831761355 0.855299915437051 0.833547943506237 0.836817007132212 0.833205884715559 0.837410181212902 0.840522673499184 0.832496451472566 0.827889467184103 0.844663431704175 0.852658487338465 0.857244158250845 0.860442225510182 0.856150955650857 0.863629041364346 0.85936176914491 0.85702345390167 0.856481377273899 0.847726321367083 0.808764698361049 0.804197961956231 0.858060447696104 0.866443146385457 0.847944823655531 0.826302038575197 0.808720930394928 0.765953519589322 0.720369383792545 0.714295200196162 0.721622308125674 0.750265685357416 0.795774147417691 0.852417241138133 0.862096487465811 0.858048489059749 0.862637487173373 0.848269362401012 0.845678903167857 0.854660433787358 0.85591366351577 0.831717307737812 0.843645533151662 0.845772755960431 0.817282671087446 0.81285276784296 0.80267092124623 0.792454741790287
