Niches/Final-dists/ascii/Daboia russelii.asc
NCOLS 278 
NROWS 480 
XLLCORNER 370976.070567794 
YLLCORNER 375501.4883978 
CELLSIZE 919 
NODATA_value -9999 
[rows 168 to 188 of 480, columns 48 to 95 of 278]
0.292200387619047 0.300011111352689 0.294653188679618 0.293461786543085 0.296001628353987 0.272358301391381 0.268647233417035 0.287340308902888 0.350107105646312 0.425206884755825 0.278562740884821 0.291219995569298 0.278690789118362 0.287649212519752 0.296523945693419 0.292232727445948 0.299592878726414 0.295546685653933 0.296291230047137 0.285018760923569 0.285583833844962 0.298512262348251 0.314029843614722 0.327417657902391 0.323711324362163 0.323691876763554 0.318808344389147 0.32091538608418 0.330130270139891 0.337501201362658 0.405178626011134 0.429442455193042 0.324861281990799 0.353597621828189 0.41909218099829 0.452187987771904 0.369312738253568 0.42365755939994 0.513490059855265 0.529431992093641 0.540536461643454 0.542454417323542 0.488307714035663 0.453172604393635 0.503983279726793 0.481088794566822 0.568116579831682 0.57746093245117
0.274619904151017 0.289630026917443 0.265834396851121 0.293322302830212 0.292741278507712 0.28224889845196 0.271130626205756 0.257258879913737 0.290525199153061 0.291650537724281 0.269886853944128 0.285984002784139 0.286720170870826 0.29850257496767 0.307064398464834 0.296217154362546 0.314464610341687 0.324374946350667 0.315679247624124 0.308912357357418 0.288800044197763 0.30783516433931 0.309663602795836 0.309916640090103 0.318271168210329 0.317643819270917 0.312297914776762 0.316975608523191 0.320709620293649 0.323760853826787 0.347823433139939 0.352239057748552 0.346595466604522 0.347566389786034 0.362351444838216 0.427721379134832 0.451463036652204 0.383196065699815 0.410326339809347 0.460418255205884 0.552056796602483 0.547200068408931 0.551782563610855 0.497159212063426 0.470250873657874 0.561412002001719 0.5789114902276 0.583596649812445
0.253762682410918 0.246868180935359 0.250062030191632 0.281556651346402 0.286941159687983 0.276314030353477 0.263263599124829 0.258389317106315 0.25258548357674 0.268500320284468 0.268166943285085 0.279218205079152 0.287412490813832 0.29679337141348 0.291807866611907 0.285504586701565 0.283196367975224 0.296233979813028 0.30748008178043 0.298598574724102 0.293529671044598 0.294973382100918 0.295783334522405 0.294776429641593 0.312432591218069 0.31484438479543 0.314516397767197 0.308703532394073 0.310981960604191 0.369612027327299 0.432421215465444 0.392948708633929 0.492202295960184 0.497301937042733 0.448793689858802 0.357338771668549 0.429641155751119 0.466380801534598 0.375547915150054 0.379278212210666 0.447821892627914 0.542649366753048 0.553849435453329 0.551379663267379 0.493980039552919 0.477567031119763 0.524072685509059 0.493873769716323
0.270340922594806 0.260425633639363 0.257868747865635 0.286485415776001 0.290770807027634 0.282379058971492 0.262613160714409 0.27253318410397 0.270567592732906 0.272455248034636 0.272346720237153 0.282236079061117 0.295796008238352 0.294279095546817 0.286503770812891 0.278287123981682 0.282194998740458 0.293172621874623 0.30649612069573 0.28377753797262 0.272779447515575 0.283673671771807 0.305485501105072 0.31108560829266 0.35940232940714 0.408147334715715 0.300302971006726 0.301126107006296 0.313131830718633 0.325599780875822 0.335860683521908 0.323813151114433 0.406626488801989 0.522315882682616 0.5260103073001 0.462690346558028 0.378484138352839 0.429642321150287 0.509778445600059 0.465257866599161 0.438514869200514 0.543606268725825 0.553942521711842 0.556610266081389 0.556891127280782 0.553139161079397 0.56427997651575 0.508638466701796
0.249811615045493 0.225122123817616 0.243623199790607 0.28752407778413 0.284937110144388 0.268716866017299 0.266543178057369 0.279079085553519 0.269758441523347 0.287591088236268 0.286068639898686 0.282835604095402 0.28432833475421 0.273035908169896 0.266986758115539 0.279683490696819 0.27918695781397 0.274678975321325 0.269548159811042 0.257635595194666 0.265195903782168 0.278119233664099 0.283054626301464 0.299898650333015 0.307330255149944 0.300554478714585 0.297192010766249 0.303061907861138 0.298263085438727 0.307983607058284 0.323353619655156 0.382869899607781 0.499975654083014 0.522247925343655 0.475530350399475 0.426334408450484 0.471611477186055 0.378890935499781 0.432843162801566 0.522137321678905 0.518467989562248 0.531640314260083 0.539387123133126 0.545857200799333 0.508182941302158 0.477950083258666 0.570696518657695 0.56256374414783
0.254720859039034 0.257864887480892 0.254503512094276 0.290503712105908 0.279498920603649 0.271170176940006 0.266973356025112 0.265041197042668 0.272594367560269 0.280832137251391 0.276070826114687 0.279729742476283 0.274880152352633 0.253695890471125 0.249393163906874 0.262030606805501 0.259615972567669 0.252191432983193 0.257855054425416 0.262256621406569 0.271804445436976 0.284105306488509 0.281127201753139 0.300583686531223 0.294249887730179 0.282427423036948 0.287610098810189 0.289116085884529 0.353273568022146 0.47727575416531 0.422659176500542 0.331915588827216 0.420912534498092 0.530633372960547 0.523968782889522 0.456487509488443 0.428892532460828 0.46417572063459 0.36859747451445 0.449794185044192 0.555400326814345 0.541058778982885 0.481481388411409 0.453268239962827 0.543432405737508 0.550296533997261 0.569194901830234 0.576446161125977
0.256508799874486 0.260231303328165 0.278777101494213 0.284536067155836 0.281448924760846 0.26913342338227 0.25518869396738 0.255729657693494 0.255968564522853 0.253670106014541 0.25970082819456 0.274710076911611 0.268452101893908 0.253708418512176 0.247688330599562 0.24772220001287 0.248141015338729 0.256206305953045 0.256093917770819 0.253484224847308 0.261656076648012 0.282524078330411 0.274583922451717 0.284927495601255 0.290145643211661 0.292544398885835 0.293051784548431 0.28533458409799 0.306848071244347 0.328254341667285 0.322322022879481 0.325179144613764 0.39812206121383 0.513222163721612 0.518626046824355 0.531600617850936 0.529701090045186 0.533512273091775 0.533739234579666 0.531639549466879 0.544489932644662 0.547686695398855 0.535426514062016 0.483663962539992 0.452052655793565 0.554200621208743 0.559954306155387 0.573012385316072
0.248924454929152 0.251082482837767 0.264165253893316 0.27121970640463 0.270670876234135 0.262173878065669 0.257298139298196 0.242276945239678 0.249975499303437 0.252529981441382 0.241543107951325 0.251597953457089 0.248799247356083 0.237634723330414 0.239038446627795 0.245139384107663 0.265541881660051 0.267282842341559 0.252743905026086 0.25139896154922 0.255833596731755 0.270309966679417 0.275929885652855 0.288579783755086 0.286565755481118 0.290034056241363 0.36465412791851 0.405721337835999 0.298751242015058 0.300152707351553 0.311385698578319 0.317691527799341 0.389988303398417 0.464298888759117 0.415039068368251 0.533545814736567 0.542114157185325 0.536356976041178 0.553011768382888 0.552537450921672 0.478412455378414 0.439947654639638 0.565075325028917 0.553879262388275 0.53595305597343 0.557477687249328 0.561724766003325 0.568184755682987
0.257910483723325 0.257747400677308 0.247352695639291 0.258964077408289 0.253527854478645 0.237706759566461 0.238458587704463 0.241843052562088 0.240070261915815 0.239411155849086 0.238229149743341 0.245075068641101 0.243002260546617 0.229517062591004 0.225362997258071 0.245880650815708 0.258234901716607 0.263388223998315 0.251336612693754 0.245662794008814 0.25228146006889 0.273978570421594 0.282356406525172 0.270530518471886 0.285161449484152 0.282750529956167 0.290298601852409 0.299502487453476 0.28725785691178 0.301871452611428 0.299572411403533 0.298063146644035 0.318181505311871 0.399728491128927 0.502208558888148 0.520840195986635 0.46826262984049 0.361493055513826 0.364424180095252 0.439631248765633 0.479512446517738 0.434057872921451 0.553769059329488 0.554590483649031 0.558692360950489 0.554192609089465 0.567146093674858 0.569691252619462
0.246219709136034 0.249907978989164 0.240438091028091 0.232834954021179 0.222876982321222 0.21770406676601 0.22450715724436 0.214487710738312 0.227653516484553 0.250037702484008 0.255891939527583 0.257818781376324 0.247465885033445 0.224982640104743 0.236924849562445 0.255746628818872 0.259954593863307 0.257962562498627 0.237802540810549 0.252996141108425 0.261207033781244 0.278571918403266 0.275164072724841 0.268091410851534 0.275296928229948 0.2864764567699 0.286985590531248 0.284458713786086 0.293586629928915 0.306000243349914 0.31550924502055 0.320059181883229 0.317105769042723 0.398338752621556 0.520165357031143 0.448385945825036 0.347974716519384 0.403880954038004 0.516747277691277 0.452360976710845 0.369076963434472 0.386077660816618 0.400280016284997 0.474551487936134 0.49364597059778 0.46397534481521 0.584910637373922 0.576888357272635
0.240176531752411 0.230805265695896 0.208575130898909 0.211827832813146 0.213101759778236 0.220684356624819 0.2334583697384 0.236706628568311 0.25020384470284 0.234066562428995 0.241186932830726 0.250262260336116 0.248045306932089 0.246374488712982 0.230533217827708 0.233754016939732 0.259978994408378 0.248933559610149 0.244619324729118 0.251375143703733 0.266519214536985 0.277040074034896 0.264339481068874 0.267189173383463 0.278731432414332 0.286475582720525 0.291639976294324 0.280813272352365 0.286968400893526 0.303117118646704 0.312071973013143 0.303030660595957 0.303640528547855 0.392082744214949 0.526186282574409 0.520002091891506 0.434791928722147 0.404969946722684 0.525175990752266 0.526613510625509 0.458642623899139 0.409483610536272 0.53582391517817 0.570469593588527 0.567832586622026 0.555899518264045 0.571754810358053 0.572795256883658
0.225443482638084 0.218748847119769 0.222485553875803 0.214102400638522 0.221102297901302 0.232231714277047 0.251418117798038 0.237226105247272 0.236271133466866 0.250956692565114 0.251178336919303 0.241839483527137 0.232477832013755 0.235487329689203 0.222500849739877 0.233764287019897 0.258928751246021 0.253566385488624 0.252321447827829 0.326998988251429 0.36858596619767 0.247523936479481 0.25810241039874 0.249939444766689 0.270743786519558 0.285255336954593 0.281164348851607 0.274609779745749 0.283786351303825 0.289432855945774 0.282798456996935 0.299158257674345 0.300452724799763 0.310135006759133 0.402646286457373 0.45589293740062 0.397147641834815 0.517863001719364 0.540178356330483 0.549485306920435 0.540370974961654 0.475376590546799 0.463977894125889 0.562841691849304 0.558018687394165 0.568165089572034 0.566061471237056 0.56886837155096
0.217853820559047 0.213955924530644 0.205872424554334 0.216036380557165 0.226661907467816 0.234890135453253 0.234439927187317 0.247270170810735 0.23881090244032 0.248939168093643 0.246137402819822 0.246701965879079 0.22759714029982 0.235264082911158 0.234220322281671 0.244633746543818 0.244819991898291 0.242387730998048 0.244161978393281 0.265138362198268 0.271899716818928 0.326877422550758 0.374720190391262 0.263412624543387 0.256466626992109 0.282842232303168 0.276180227961546 0.270807300774193 0.331954921049123 0.380088528819393 0.274784298271098 0.291659278218038 0.296906779319977 0.302389035516741 0.309495056941221 0.385036740847601 0.495427902343774 0.451587151663555 0.417746072122257 0.466837856520643 0.427366952112983 0.483207198903738 0.447078222284086 0.505402881587833 0.467688233725756 0.567333249497431 0.577854436763857 0.573299911141955
0.206279440213621 0.199901283406759 0.202889731059742 0.225872640881555 0.222676606501842 0.236930021021252 0.244806371295519 0.240829665148406 0.239216461350647 0.239871342845394 0.253961747156235 0.23111955928391 0.234208959639787 0.243219753166271 0.238022655578331 0.227309141030525 0.23851700333774 0.244758589929647 0.239881977112799 0.245822963556912 0.310665918917426 0.375178046589235 0.259137794721711 0.259486176235377 0.251701673983006 0.245607364710905 0.261947280765018 0.269158333789478 0.26081575101072 0.268448241509166 0.273422747856093 0.346789869753168 0.403232045213992 0.297031914055599 0.313621735393715 0.324090443278875 0.330474791268815 0.394365324159602 0.508521271248004 0.452997503168702 0.347939026169876 0.375333991565351 0.384326065867705 0.456124123460494 0.54117105790894 0.560321698242975 0.569556539759432 0.56191887780218
0.184483780793807 0.184315453451535 0.202192093983033 0.215287830104322 0.204636154549848 0.231721633628875 0.198409863822015 0.210445378050573 0.252871152047699 0.247580968201246 0.234525511188688 0.220788222825632 0.210327308547405 0.210294094671129 0.214265192334747 0.216228744257268 0.221560882473755 0.22756225116224 0.212388826837453 0.224914609928334 0.317876899104438 0.373612696994796 0.240029472944949 0.245204646461049 0.223200162077889 0.234110847597364 0.252446291213659 0.252348689033372 0.247116847982747 0.253849140461665 0.335575524913084 0.462551591219635 0.41415627849879 0.303246332279412 0.313599447134635 0.372194916069955 0.489881585611516 0.506990483022629 0.515536682887202 0.447373869485418 0.402326602898209 0.460881064350319 0.370233986295561 0.448968863921183 0.564052614421895 0.571042387279406 0.581702730490189 0.580529829065441
0.20120179604036 0.222426482705495 0.223998606182596 0.23516400425764 0.251484472713144 0.230790916718645 0.182287513225004 0.208085736085962 0.233426685448531 0.207433549576791 0.194375324741209 0.197810921487313 0.208035478246859 0.201240472725235 0.209953652439292 0.21493675360508 0.211498389035954 0.22501439723206 0.219234381547973 0.212608504580547 0.219178806575168 0.22588502324771 0.213893138650489 0.229808849407593 0.2208595306872 0.236350890472399 0.261993314032138 0.253845061564578 0.239070276592561 0.25800204039543 0.262281531813777 0.345755505154469 0.397199356422877 0.275757042388809 0.303314435293269 0.315361894863296 0.396060397248886 0.511915787673449 0.445319052240584 0.334710288868584 0.338716494182127 0.364596149309922 0.378718383585528 0.449039589083167 0.562649437405373 0.573939205422835 0.582886084088721 0.573952534675815
0.203409790438286 0.203406221403335 0.202270831264295 0.19510311652138 0.195914744204169 0.219813002234689 0.210069973843708 0.184861879986247 0.205337506336403 0.210272170599288 0.201165741503612 0.191411350470747 0.196009214374194 0.194988761728058 0.201244842972113 0.195423528455023 0.199023664996103 0.205026854620788 0.212183789421402 0.219065252993774 0.217972909786487 0.205360158782723 0.22010835808623 0.226428900471743 0.220521637766042 0.248821462777715 0.249660113153704 0.234526749425303 0.219682623202813 0.242324435255758 0.331101411833747 0.383949132074433 0.2740071227012 0.276271784633651 0.310978901431376 0.371916677018689 0.42741240268052 0.340148114222083 0.398042377045744 0.502035315018138 0.523526805255207 0.458763461225331 0.357133515740154 0.391633555673285 0.473648376418687 0.575838660391138 0.576524206451482 0.569326810448517
0.186948308683502 0.185428846681287 0.200215139970085 0.209048574310749 0.206367209338431 0.200810149082596 0.205856618828123 0.201862213181153 0.18951386211354 0.206171349440825 0.181928497443934 0.180989914089323 0.173751547021872 0.192407839596498 0.213648404825292 0.211434219244287 0.207551400567615 0.215453316786122 0.216458764917974 0.212750464766651 0.219523400541539 0.221712457202992 0.219048646055636 0.208960513836147 0.22011156293394 0.254612549753895 0.249715615289061 0.229932017532119 0.236881802630692 0.254737174627381 0.25768905788148 0.247905313357081 0.243914403907613 0.265439690720542 0.295172228333891 0.310295613331919 0.329440208157772 0.314477356895082 0.386376294353317 0.444304790777526 0.420160196497954 0.470081526591332 0.356071618586121 0.367942301669911 0.39112289232553 0.473988818650524 0.575459687149322 0.577477612226756
0.1855920754022 0.185489228925659 0.186268953806236 0.198726779558156 0.195762659612797 0.177252260446465 0.196058233976681 0.211111840699548 0.195441155117433 0.180951383079344 0.188880030641258 0.180561192870539 0.204030365495036 0.206128521021416 0.202890532271669 0.195282952180431 0.212481257558934 0.228265788072234 0.217487885220419 0.207169732340224 0.210534531086895 0.216637799365098 0.217425026502816 0.219986719548111 0.224777529851244 0.237927020009139 0.246134562159351 0.249198469408436 0.263592605877334 0.25506996892718 0.258599525981172 0.258529383518772 0.246603198299624 0.260947586791555 0.287353346806076 0.314371888270414 0.306950043671513 0.319752026365117 0.398553550255636 0.515708470008252 0.449599927570442 0.358637390528502 0.35700379224531 0.371737059871982 0.446794738936565 0.556408251419429 0.572323160964605 0.580597749985678
0.178500985654555 0.174186386586285 0.173152386174826 0.179157615248054 0.191063041794528 0.190082139882644 0.167374701289074 0.194846510192162 0.191806420788565 0.173856214434612 0.194172909473286 0.197454964879057 0.204981841077939 0.205094520609957 0.200552741541451 0.209458940492643 0.21511629791434 0.21895352034858 0.224175965368416 0.216772767156196 0.214763109129107 0.21175972979929 0.207512068345708 0.221036744198124 0.230525642733119 0.244267447017949 0.238806386518546 0.221809112496455 0.22897609886489 0.250952322318235 0.34206971177457 0.449360146691707 0.387424643742027 0.277830141833085 0.275116655546209 0.298407376423166 0.308157615721497 0.382842512727343 0.508484196986984 0.536077862940536 0.531003714964778 0.450100612187825 0.347437540340565 0.357390777606403 0.378279974986164 0.460076429062535 0.569696059891029 0.580711339985796
0.159011869699778 0.167125451542102 0.170304951821124 0.160066483109014 0.155431326432204 0.153297771906108 0.156862873634712 0.190222351969996 0.183952941472962 0.188769317720335 0.207863436194742 0.200819982138073 0.18526831294595 0.194398487049666 0.201075350230674 0.206564671659892 0.202444257227924 0.194920076014617 0.206444198520941 0.198539805829203 0.204800985694616 0.203066944570666 0.20962559257361 0.222187867225927 0.220085487127565 0.220860040549336 0.252203669674453 0.252556639947341 0.327799398967231 0.384321768458275 0.278566965456804 0.292608787189845 0.292773836846957 0.28442149385017 0.299693904266756 0.316663208708824 0.316347385534403 0.309750643546167 0.32673378710335 0.407026366391374 0.540188517154475 0.46643397287162 0.357838946423796 0.371401206399367 0.366159750805609 0.443282080170504 0.5666193332511 0.573365974707269
