Niches/Final-dists/ascii/Daboia russelii.asc
NCOLS 278 
NROWS 480 
XLLCORNER 370976.070567794 
YLLCORNER 375501.4883978 
CELLSIZE 919 
NODATA_value -9999 
[rows 147 to 167 of 480, columns 144 to 191 of 278]
0.728824651601187 0.739650008050359 0.741706063531808 0.751826353484578 0.758634214815771 0.750584110809358 0.746491629538688 0.753605408151377 0.760764236725639 0.758178288810169 0.75416024741133 0.763494329950653 0.769704596439931 0.769418673037904 0.778568513252573 0.780357728743365 0.777126076851593 0.779716249339046 0.791085410174801 0.801910001830769 0.797568070510146 0.789003388143149 0.797673375250556 0.803589669799806 0.794732581497912 0.790847049626302 0.7977455571615 0.803271916433013 0.806369765932855 0.812072592131451 0.814762879691146 0.812723868172523 0.805853348426709 0.805021471933382 0.805484554218248 0.809381831128343 0.811570414346384 0.80524575664506 0.805972856469475 0.805081344315618 0.805381106832761 0.810480893590206 0.807995151793788 0.801705037252166 0.800640117344042 0.802766078566186 0.798728953755978 0.801206100733535
0.73165912088915 0.746056098018519 0.751433431871475 0.748599071839684 0.761074414997842 0.758992065197674 0.749864804591877 0.756109632450219 0.764693999137532 0.765594961950263 0.763434166218625 0.772774185009959 0.77911242689533 0.777396922901889 0.779228129181439 0.780827129676842 0.780963991241588 0.796044129004881 0.8041520113169 0.800898380725201 0.797980840327822 0.796494009502301 0.804210390531452 0.802214790131822 0.799102100001956 0.796005179179576 0.795825525614144 0.808038380819161 0.820601693405112 0.824190321629412 0.814332064395733 0.811975135626059 0.81191549996553 0.807517392763155 0.807820669687163 0.81146425376596 0.812825330737552 0.81442993971645 0.816310220226573 0.809269169805688 0.80893657580887 0.815606665107217 0.813184401146709 0.805988006658654 0.810585215025069 0.812363850876542 0.80939933032522 0.810133932406775
0.741277269475577 0.748018411704424 0.752975837669802 0.75726101040909 0.757667443368793 0.756417042899399 0.754220411143357 0.750557889328087 0.762259953719814 0.769737810316208 0.767160093032359 0.765575805701446 0.77641150506823 0.783129084382657 0.783274941372228 0.791812509999216 0.79119142508033 0.789706779378247 0.795578096803372 0.798954877310235 0.797211640458478 0.798226666714739 0.809707032124192 0.803173294528455 0.794429960110936 0.800563892954736 0.806243028773378 0.816666067578657 0.825289821115962 0.824789482476457 0.823193978178556 0.821856318446488 0.816207683309186 0.810182715287557 0.809964476084061 0.81645010454541 0.816598073820972 0.811076867798903 0.812598132527955 0.812376287870784 0.810884012446026 0.815265658385158 0.814155433584393 0.80830878984477 0.813632242195586 0.811189347027939 0.810067868841462 0.808364346608213
0.751866523337137 0.744119131764509 0.753485189943494 0.762611467243743 0.769449082672434 0.768911214537859 0.767546167925352 0.771844232892933 0.77002970638897 0.770406822275862 0.772688309658796 0.769992013009642 0.77966934202255 0.785679232692448 0.781062722402319 0.788921518851624 0.788730830412825 0.78938432799606 0.800633416298828 0.803735708882997 0.799079447555635 0.798491485466216 0.810221137041364 0.813800150722531 0.807586351617026 0.811365176627352 0.820318665291641 0.820183606453733 0.823687124120073 0.83145551108708 0.822835089863019 0.821809010524028 0.828894018344767 0.820343958095451 0.813009117828156 0.812055839518416 0.812944511011802 0.816814765228699 0.817068494478721 0.81099583613803 0.810831205296244 0.814037473337397 0.813861898669052 0.808547041137097 0.813242361545936 0.814919443785569 0.806759027464197 0.808040037871103
0.759246158634936 0.757014382810246 0.761885787749564 0.764642648736709 0.77294196607137 0.767048105456097 0.757638235552155 0.755305871211811 0.760043619434095 0.771181885559768 0.768225377127723 0.76832243302715 0.773856950092837 0.774705069337062 0.785638006696893 0.791744661916427 0.78789239854918 0.792243197829094 0.798677931123671 0.802235803735563 0.798164499952892 0.797970023966798 0.808182744641048 0.814207494150334 0.813508145393598 0.815397967609405 0.824859479263962 0.827317324317805 0.82338991091361 0.829822022060059 0.822718458899449 0.824032683182631 0.836508317690581 0.837292321771226 0.828200514793231 0.821888676482751 0.835423021506385 0.833196471768588 0.817249113140338 0.808403697039482 0.809658358499582 0.815482513677143 0.814804142105424 0.817413343376161 0.823930091637157 0.820531787664417 0.813286191480255 0.813373432533567
0.774127359118445 0.767510113388605 0.767095194866213 0.765885000668102 0.766292198421008 0.769072403810229 0.766835784295248 0.765574858814622 0.771675177176182 0.775239732623926 0.776532633744213 0.781708353541173 0.79144988876447 0.796059552334489 0.790960129764284 0.786591885915579 0.789970086752678 0.797777004729663 0.799533315903332 0.801428965114978 0.805981505916422 0.802010590346423 0.808979968718501 0.820581207872869 0.817997554337009 0.817513185307973 0.829682155950585 0.833876809951402 0.827828825296213 0.835696999566945 0.840072254020017 0.838112398597981 0.840782637650121 0.842732696435404 0.834707084020873 0.82808040584152 0.829496292992713 0.828372192658109 0.823759925149325 0.816285510122348 0.814357156896561 0.822013665543477 0.82213452107903 0.820657013446849 0.822403473355679 0.816707858064433 0.812355693082369 0.810576237809606
0.773588580515771 0.767593293754192 0.765093949564365 0.769896960140034 0.772811259270978 0.766116041053079 0.765667580885895 0.763356958523771 0.759667341177854 0.765523981857211 0.768586468776061 0.777262392135479 0.799179781140221 0.804583409311896 0.800985494312979 0.804095999319407 0.807986338462583 0.80145902877163 0.798626398629228 0.805676426265577 0.805254041904768 0.803099947218343 0.808350853470976 0.812733391668845 0.81376069103509 0.815593153760617 0.823669151479786 0.831400573441944 0.832418276474418 0.839207546047015 0.836941645877949 0.83253674658355 0.835913927696378 0.832374810727339 0.830875105882888 0.830913964661383 0.826821355925179 0.828180156726522 0.829196184497693 0.824884080112015 0.817577336890277 0.824691042665518 0.829996085351359 0.824469871754741 0.821861234974226 0.812857306377214 0.807065217886124 0.815659508675723
0.768884628869348 0.763349419847906 0.765749632271039 0.775223781222819 0.777684557983944 0.774261125091652 0.764955594831935 0.762293240433539 0.766358844685905 0.768687457897679 0.773715609025041 0.778919189145851 0.791367254679742 0.793140810119219 0.789993649667098 0.802658333771268 0.800653009572334 0.790293448602965 0.802588318774402 0.81280156752015 0.810863672588679 0.804264454127212 0.80977030965712 0.816905666363772 0.818321152909002 0.826839055425037 0.833530595351813 0.83498871001347 0.832280431604125 0.839360176919248 0.841210976472302 0.836726265544285 0.8362504002873 0.833061012324715 0.831354540174824 0.829281240427566 0.823679275885054 0.825254895559658 0.828450820683199 0.822560583730962 0.821317740146796 0.83094517550784 0.832963118794636 0.825187411664109 0.821474723056545 0.816897308266617 0.819002729328432 0.824861846481021
0.767120505879384 0.76707818732211 0.773481910073211 0.775704326285837 0.777204886970302 0.780805897560758 0.770041433218094 0.765662263752193 0.772730919565861 0.773079556010595 0.774398314424914 0.784467436070481 0.800759752852342 0.801015794691337 0.79535250101763 0.800083475357252 0.809049146084716 0.802846017665339 0.79790392398276 0.80750309841399 0.808577086584387 0.807097612341111 0.814233406072451 0.81706062803434 0.818434396931242 0.83032414521704 0.832884017326135 0.831123499789846 0.839111072847172 0.843504409196704 0.844528758646306 0.842015283991571 0.835782656405764 0.829183674666003 0.819791449633833 0.823249261801569 0.826836669998616 0.826737046579147 0.827270162070241 0.821515166049533 0.820466944126357 0.834395194068643 0.833460507517498 0.820207752067737 0.820667720551701 0.822177003520562 0.822126490750391 0.82296386647104
0.776906435527223 0.770417420124543 0.773472295530079 0.779285415834271 0.776735194687033 0.778109600911604 0.77014752096107 0.763842857139215 0.768165213395695 0.781274205932515 0.784203655252638 0.778658940944235 0.786349956332129 0.795260361645941 0.803814883188946 0.806676575473089 0.805593537249781 0.801679817285805 0.805606902921485 0.816125213108716 0.820185190668226 0.814384216008484 0.80372094109042 0.809348890392497 0.817641324588324 0.822689815573032 0.831065430134447 0.841405270364777 0.84693711065425 0.845268605024116 0.84136721279821 0.839537281174 0.838514625195063 0.829196694359829 0.820090301682876 0.819858478295333 0.820116577792234 0.826780803676019 0.831895886297539 0.822409828423015 0.822287097323176 0.83030460657162 0.827602974579403 0.821873180315694 0.825526105797194 0.82649158437947 0.82330059399303 0.823194797599846
0.770571362070839 0.773091610608235 0.771284877711206 0.771366237140594 0.774102994992098 0.779332614500559 0.781419589478674 0.771482376451391 0.769573088427612 0.787220473091607 0.802013503844342 0.798461330762754 0.792480320140978 0.798388547942865 0.808573080524749 0.807377326350699 0.800446806757115 0.80357034966673 0.812001775922657 0.819851285597345 0.823478208109918 0.818262172785504 0.807699832360972 0.815186119891969 0.827890773545716 0.823233729215789 0.827097883296418 0.842478275229626 0.843572530419923 0.841818732138209 0.839363163254615 0.837709862441745 0.839222641608108 0.831844954712042 0.82224182884926 0.818497255648845 0.821380744539295 0.827295473083413 0.82959992247182 0.82128909682038 0.817540135163724 0.823386869950157 0.825174683320075 0.831091469522099 0.830603877435989 0.819953913561543 0.819634175374293 0.823303489281587
0.774236906640201 0.77604473209895 0.774523267066916 0.780532902805746 0.784342264916135 0.780245996098171 0.780854516557281 0.780776944675187 0.778996469678153 0.787569036698893 0.798572371452193 0.798808510458529 0.800335365461713 0.805161465508391 0.803915344239066 0.803244347458955 0.807243068724718 0.807681440905358 0.807923807513496 0.812090328050033 0.813377693524274 0.81845063968214 0.828593290731438 0.825003588154781 0.826895905053182 0.826219572930006 0.826956633275431 0.841368341778653 0.846011583412189 0.845006226327147 0.850927200682429 0.84851342228461 0.839735289776321 0.840575924972767 0.832716818964308 0.823857527329612 0.827569542190782 0.828494195383468 0.829172912933065 0.830701170057122 0.821380343933331 0.818675015440628 0.826818114658744 0.831896250484779 0.828627906728589 0.827305870629111 0.825814469253729 -9999
0.770046823189244 0.767772291782592 0.776540718700938 0.781269070892433 0.780457479628367 0.776222601146906 0.776543522942685 0.780287731955861 0.780274839727569 0.786763490943009 0.79811680963383 0.802561860571425 0.802260386374255 0.805451267504523 0.810754980906938 0.8127017437977 0.811548162506028 0.804367337022477 0.807202279753852 0.815712825687641 0.816346802834819 0.823712180202177 0.837920890737892 0.833086560059593 0.82801940447884 0.834098126537075 0.835733727850087 0.834085070424525 0.83629277347266 0.843459286397683 0.851127649339257 0.846930336771589 0.84311760592923 0.849467319712658 0.841512068272871 0.8287790626425 0.826578880060869 0.827019965436446 0.829237792889849 0.830231860170455 0.821328246948666 0.821071385688381 0.827795593210574 0.825244425176512 0.824739607033956 0.829087602072123 0.829185349927306 -9999
0.785702103651112 0.781744663008989 0.784669122963925 0.788105047478544 0.780978376637563 0.773403974003878 0.774095747666024 0.780021656758407 0.783533732824884 0.787013614739357 0.796345348270983 0.804456198709007 0.802657660024875 0.803787933333195 0.813438512793333 0.814520403826836 0.810210848751837 0.807542539892069 0.81239478858257 0.821689283968918 0.822656765581014 0.826315718361334 0.832640394272019 0.831388883031544 0.826609635673276 0.829422089842588 0.837128692444349 0.840841672401705 0.844388510140229 0.844279417852524 0.846474101206833 0.846413354775221 0.848883891754375 0.849581455993635 0.839358938682632 0.830258409420242 0.820220025177721 0.818584533120881 0.827617669534532 0.831504858458083 0.82657505609485 0.823998558838254 0.825265293105356 0.820452704405278 0.821497248037331 0.827952521492237 0.822112633425913 0.818503719972352
0.781006309798862 0.782296552352298 0.784399988593656 0.787242287907276 0.783737204235804 0.775378415124871 0.774797317964923 0.787091295877623 0.795033655089118 0.792579706838741 0.798790046165467 0.804152757900742 0.804043374263245 0.806777692060241 0.811557722421074 0.812057132383118 0.808542871193201 0.812321368435011 0.820100681019213 0.832608181910652 0.828771269035566 0.823856452977254 0.829557239727307 0.829300797282347 0.822239206701133 0.819702442272408 0.825898377993797 0.831440105966833 0.841659327383315 0.844892654536391 0.844992569305651 0.851600327957893 0.854457340436004 0.849683373792715 0.841031505000491 0.832887695617258 0.824701840817181 0.821252313909152 0.823097231838283 0.82455653010847 0.822882761972719 0.8210576740388 0.824227159168725 0.825906663253504 0.824451516717851 0.823432702914295 0.831252021466798 0.836746186586307
0.775432205580201 0.783218856537287 0.786278065770977 0.788267839174769 0.783574922401714 0.780380526864581 0.775297347045274 0.786930725723561 0.79532464069378 0.795565532343596 0.801799015769417 0.803792722395399 0.806969072454796 0.807506503564683 0.808517924367269 0.803809875614398 0.804843256907548 0.815834318550864 0.829479340076697 0.826252058431803 0.826337587805088 0.838640470095803 0.831734351047291 0.823683245525969 0.818175951456463 0.818027709040471 0.826575675213158 0.832374064143497 0.84081450403361 0.83986870977165 0.840579748938786 0.848794010343573 0.852235943947651 0.845990606227172 0.837298221604512 0.832759629174355 0.823716386564798 0.821728252003585 0.82671652462818 0.825975603898013 0.824992025209915 0.822584164854744 0.821324787169887 0.826956560437983 0.831059038648387 0.831400682698116 0.830608866801176 0.825272504012706
0.779277294458822 0.774529494668718 0.777941783431469 0.789528254793259 0.787640526654081 0.781424943031101 0.777855325380722 0.778750169847824 0.784359600228753 0.799932756468029 0.806250603867967 0.806042762210169 0.811330451374029 0.811432296335661 0.814278346777852 0.805430472413126 0.801738742781217 0.814468306842171 0.824842672022841 0.814503195979752 0.817372645452104 0.824881694685594 0.822072117595477 0.82367905737271 0.82216977440385 0.825951549330819 0.828361048528569 0.82848773105996 0.834914306560363 0.839739368673408 0.845986946145411 0.857844973722616 0.852436228720221 0.84340418486829 0.838271530212445 0.827566828995845 0.822859089802127 0.82267262593531 0.824156707147171 0.826025333665618 0.82729297840082 0.822563970672293 0.821648604254224 0.826204896184239 0.829327710719374 0.828816136903519 0.828514662706349 0.835003878412011
0.782502864423688 0.778430595544832 0.7783247263142 0.79160404922311 0.7939554605561 0.792182779165999 0.782883658601704 0.781107226083032 0.78426167027995 0.787293601889374 0.791041052168984 0.801877989772384 0.815467673047118 0.816118093248176 0.813125639535555 0.81165503325157 0.811526730086961 0.809367573197902 0.814006644887541 0.818855360961816 0.816486869247276 0.819186352534778 0.827236274447571 0.831876201977224 0.830766141060716 0.830804216836646 0.832821741308116 0.825934323274373 0.829229689723761 0.840268478104863 0.846323728295488 0.848396845949125 0.846598507567975 0.845496786539261 0.841733785464508 0.833728585744772 0.825892660254131 0.821448629040808 0.823601576537426 0.8259963079426 0.826839346774829 0.826483808981899 0.825753030866362 0.83248002442094 0.838127020715662 0.835462572240636 0.831282503938776 0.836714757227505
0.774500250433355 0.778216344191612 0.788682320672473 0.792015143779483 0.789098914456169 0.787684229122866 0.791814695122655 0.79735385557565 0.792230050669735 0.793539449471989 0.803771198929523 0.807792208454366 0.808888193534052 0.806737139811081 0.812155517565971 0.821102469069305 0.824312907054354 0.823693479187409 0.822905104859886 0.822001811248819 0.824322485178763 0.826130347056236 0.828927887758075 0.834899247417994 0.831408640189307 0.830332994966969 0.836418181348711 0.83525684286883 0.837611149490376 0.834657900534128 0.838450291519139 0.845385235987687 0.833454662312298 0.829054388195847 0.833729751143939 0.829167213402761 0.822364742042718 0.822182047513834 0.823900956657967 0.82532021254113 0.827796449050588 0.829891545404152 0.829047377591479 0.832035606732118 0.83829797020606 0.839727004516614 0.837816569303029 -9999
0.773364131919835 0.781925081367624 0.784763957321189 0.787229978378568 0.789433711785787 0.785460756767245 0.798898282613159 0.798776789749936 0.78469035508001 0.794899725231653 0.809480052426938 0.809996560979894 0.813866232497207 0.808145451867685 0.80066968934792 0.808421651470408 0.818514663798911 0.825041918861778 0.827850731158691 0.820197063172246 0.812831194152114 0.813109469622104 0.820825013020604 0.82625522686079 0.830906717335309 0.84049576736127 0.834214265847872 0.831454218222378 0.836548833521017 0.829433434275111 0.834529105716745 0.841733020671304 0.82809675784859 0.82680099785847 0.827584291773997 0.825659125186559 0.829623448967516 0.823144521551381 0.822619181457858 0.826760864424635 0.828120357181734 0.831842678541793 0.831708348078364 0.82922355316877 0.83468750895673 0.841804237486062 0.842275331890205 -9999
0.776195032172847 0.778418395272296 0.781229010296047 0.787626578282794 0.797483961467096 0.794706086876211 0.792471397553601 0.792677527531372 0.795367742253619 0.800902714553355 0.801078125337442 0.805849706554311 0.811996458788954 0.810146569703999 0.806063120276878 0.804668301357512 0.808746360813482 0.81637859638086 0.816739269213872 0.813112201026403 0.811324515122019 0.820092668899936 0.828008333186748 0.834186970014243 0.84274462356751 0.837669310192585 0.830075223238584 0.827596218906103 0.825280934947309 0.824471237456891 0.827980946306309 0.829253598616059 0.826434334145362 0.825626348334971 0.823881108453394 0.825682542426084 0.827637972973155 0.827246999761785 0.821589369199658 0.824264506570175 0.833619365991533 0.833061285465145 0.831426667457681 0.830844368479842 0.832966578573415 0.842856556515687 0.846718780403944 -9999
