Niches/Final-dists/ascii/Daboia russelii.asc
NCOLS 278 
NROWS 480 
XLLCORNER 370976.070567794 
YLLCORNER 375501.4883978 
CELLSIZE 919 
NODATA_value -9999 
[rows 420 to 440 of 480, columns 96 to 143 of 278]
0.758129487720025 0.711733745039724 0.689165425971787 0.699593162792461 0.714162327648844 0.724170447931731 0.727777540449093 0.71228432330897 0.707692177145189 0.703839768103047 0.698737213522578 0.707986221922666 0.723098572047326 0.730706734838148 0.735658224551515 0.753025403553149 0.752200009592692 0.751406008572312 0.757536263124989 0.751407683833616 0.751146852932416 0.785129455635129 0.787622390129535 0.786135814235081 0.81946446412051 0.818845964931027 0.830660107945826 0.861664951891048 0.882511848922896 0.878602226065369 0.854613904530427 0.856317117204522 0.878819117776077 0.891621573913093 0.897857989046195 0.913961401906731 0.92354722887562 0.920358077634741 0.92439319941513 0.93552358088706 0.937386963109253 0.927993226700038 0.92851281263517 0.939319723000642 0.917780487816425 0.906008335590384 0.897834608225395 0.874000319683559
0.752204634770638 0.732262214958386 0.704045934499541 0.688971969709965 0.690840796531393 0.691413371709928 0.700378605412704 0.702602842561528 0.718324842125742 0.726859460836087 0.713567755561021 0.726222606609714 0.738270430366981 0.743898689228212 0.754517952118337 0.754865678094972 0.74979524482906 0.743642301411338 0.730100508758649 0.733049187165037 0.742955881301618 0.747608518965943 0.744603755724614 0.740541174226338 0.751089019998723 0.770752290291609 0.793438423931647 0.8228263311599 0.854553704379676 0.868993819487608 0.867277623538412 0.866189341018849 0.869287390821673 0.888040065549333 0.908089483572661 0.911865741062945 0.920651084478584 0.929129836866332 0.924856445584253 0.919868573565622 0.926047774883339 0.920160196497954 0.90661745695844 0.922708924477509 0.935800527073625 0.913127048940173 0.893258431672082 0.881422783400768
0.766063306740745 0.74863483502664 0.715946007493589 0.695748001076392 0.695288578873287 0.729262696013312 0.723456021823265 0.701990024692987 0.709069970311092 0.723005522207537 0.732612344570804 0.742118396324797 0.742870115206627 0.740855832001592 0.729402106888736 0.723959583519843 0.734133663927942 0.735934606247858 0.727992811526584 0.754511323910571 0.787608296083352 0.790296216425988 0.791174963817087 0.790871705102442 0.782533638245458 0.786781117605419 0.80734793644044 0.852798394720917 0.877539673374304 0.875725183289065 0.880537808407867 0.87137556761768 0.86548183446794 0.886300506988699 0.907168672555356 0.910564791404657 0.915766605217354 0.917273083944467 0.922232458311578 0.923350513138 0.913828437145452 0.909311131459466 0.906454592424767 0.907106633259043 0.902640586927069 0.904645619776212 0.91169846986367 0.891870659775807
0.752019809746401 0.763695434144513 0.732363240498728 0.699536568095384 0.696835245662321 0.698551878636205 0.701417668026797 0.70296488109669 0.711452920259055 0.730600428582828 0.744033875531654 0.747851796042181 0.731580492864061 0.721039603067957 0.724368966396188 0.731014655149464 0.754527311730402 0.774469549449034 0.780815584941338 0.765993127859621 0.760462798947193 0.778240089199652 0.776832032074116 0.76654665604551 0.812372645998385 0.850858187200472 0.837162689323192 0.834476298566963 0.839486677357019 0.837725395027526 0.843212604170752 0.862836050588958 0.869610224600462 0.879092276415347 0.902206384690326 0.911883786540681 0.913146496538783 0.914810631922039 0.926244035386909 0.929055524460035 0.921831779510265 0.921213043599076 0.92219476493225 0.921453006571431 0.90742269315517 0.898884632875408 0.908584705381446 0.89797931802516
0.711766412635141 0.744559834743485 0.757243165234336 0.746740187329904 0.73178214333878 0.7149203105512 0.707132093588983 0.70617468175407 0.728400846910143 0.737721053915626 0.733845992427163 0.742160314276107 0.752239123302255 0.75600132316508 0.758806184030441 0.764857482789513 0.752119706306299 0.745944474629497 0.766076053294141 0.775391598702954 0.768294135678612 0.805634927129593 0.853102108669612 0.825506020870915 0.797248477997792 0.807545362343178 0.826281939994835 0.840993283549666 0.849594730618529 0.857172538402907 0.86675630771389 0.879417022177146 0.885529322298897 0.883988792064855 0.881600688867448 0.892437262283608 0.913698495138264 0.921622426475422 0.917532002862657 0.921647446138801 0.913849104771315 0.902506547813433 0.899573401992825 0.906891890253049 0.907490468400511 0.898065776075907 0.902488283823353 0.904062810936237
0.700078915733009 0.724482884164822 0.75916436218086 0.77134318408831 0.760441348318764 0.747453557295375 0.725450274730107 0.746231854780484 0.779654993045298 0.778794090828953 0.751237280624077 0.740200294969813 0.743443637271986 0.752390770868939 0.763930371332958 0.753825486500435 0.752210935209888 0.757210971082331 0.785868646475908 0.800002571161914 0.76765957583185 0.762364184107867 0.778117831543226 0.80573225616945 0.84257986526019 0.854029402219787 0.853530574957327 0.858107316000861 0.860214175602274 0.86554347315829 0.876001346473063 0.882812157720899 0.886714478624267 0.890562626675703 0.897926092060052 0.90728543098446 0.912867911509639 0.917663401618805 0.925983951069551 0.923395198912333 0.91905290340447 0.916243271686267 0.90407836173138 0.896210824788317 0.898342267028421 0.906366750462509 0.903341665573195 0.895520435037682
0.711093176103505 0.718990904168753 0.740979801338046 0.758139612125294 0.771571930093677 0.765863950645637 0.743953972851225 0.779185082249685 0.807381022851183 0.793681518914265 0.75141311022349 0.729344929492076 0.747521223284544 0.763488794304607 0.751240631146684 0.749839712091049 0.79111388961696 0.823827481882322 0.833764148628746 0.825686967301048 0.808841923545226 0.781639849921352 0.806335368448049 0.850014875227813 0.854995153942493 0.856471095569542 0.858728491966558 0.857446370788571 0.862033582215251 0.876026530020701 0.881929094711007 0.877680777720394 0.88035134454105 0.88869312610788 0.891612760581888 0.894730931729715 0.908923618026875 0.927430175017826 0.924914897636254 0.921154864687506 0.91685483310883 0.903150758622051 0.906496127979475 0.90768443452447 0.90435645510775 0.897549759175725 0.888928445692927 0.893708403216312
0.738851527526929 0.736970063408276 0.735835729412231 0.73290209193885 0.73325844915307 0.725031932847661 0.728036987438782 0.736937541487755 0.744862510758546 0.780640410878958 0.759598691883137 0.730927140955721 0.750861366555076 0.768064624880041 0.765495866602293 0.770680071961942 0.807192829094977 0.834041349746378 0.837963628110491 0.829928237268569 0.823283131214878 0.832795210267691 0.840678735030584 0.843529884094133 0.855707722696036 0.860816195319152 0.862207900437618 0.866538778675511 0.868470227492837 0.87459660345141 0.882711988020571 0.892080941488112 0.893947765279722 0.891475498411179 0.896800990210538 0.90642347262512 0.914873672733261 0.923866457200734 0.924027573635655 0.917983959227345 0.921961594051919 0.922181162538841 0.911699471378579 0.904821285491367 0.905835656210596 0.903381689750857 0.897548083914421 0.88406399672989
0.746313250628596 0.750858817244397 0.74637967838115 0.735274735387925 0.732910577501539 0.737988877211832 0.745321386680791 0.743483843543268 0.734988265705038 0.740401690513465 0.744607361178289 0.742572647069096 0.754744403744092 0.769614605772958 0.769786939174868 0.780206518201368 0.81518347953448 0.836863982949045 0.83262633664456 0.831059238951369 0.834252450879973 0.836576020098474 0.841936983734997 0.856010963201319 0.862281029235386 0.848924025188209 0.850643316728945 0.867416815901493 0.874776748669615 0.863911604764487 0.851331266425072 0.858340814649708 0.88069482773634 0.90077467360356 0.905599462576174 0.911285335858753 0.92373536800374 0.926433084983129 0.919656998988616 0.91996344434161 0.93063234595253 0.928790560033663 0.913770294652606 0.911255417876997 0.909572071616838 0.910053873125833 0.907712786501094 0.89404090616632
0.756350214540882 0.759388555845728 0.754884033131861 0.751495889983114 0.739845467342001 0.740176950567737 0.76103959869771 0.775445461995732 0.769030485858919 0.751095356856697 0.751217869444192 0.761647827807029 0.767583606373612 0.7618853871436 0.758073402885084 0.791707842586475 0.829067954170532 0.842820829747455 0.848936662485433 0.848776019493923 0.846789742287634 0.849608278383852 0.857047968157507 0.865411619168092 0.863256850735274 0.855008683498454 0.856003497362902 0.867399389542065 0.875342950571452 0.884475892498191 0.898451814550176 0.905227445310639 0.904795227894354 0.909774486884762 0.917800044671207 0.918925328614341 0.920743223850273 0.926890613412586 0.932290344780794 0.926465807206632 0.926463002964885 0.923024875117464 0.911256382973183 0.906314489593586 0.895886497841845 0.88981434936329 0.882634525394649 0.883371767833694
0.75511161373806 0.769320488158033 0.763652714981276 0.757566782015691 0.757526029463549 0.755405986284053 0.758703920253483 0.770156006523759 0.778373126798379 0.778567420690854 0.769577531511938 0.752908608705321 0.762786823399744 0.773428665898741 0.779410441313721 0.797940943615694 0.825686293554654 0.844793085745009 0.851944830877455 0.858651102178084 0.859567834298302 0.859374232361584 0.864833180574996 0.871279549651886 0.866251689874316 0.85837818026052 0.862421951487856 0.871186463393374 0.866669995338039 0.874398212452487 0.894233306285147 0.897695816468277 0.905263772987817 0.914724865827048 0.915553755985008 0.917790557593608 0.9254393636804 0.93113701842019 0.929830423859683 0.925172651155277 0.917898484482146 0.913694926103313 0.909942140480639 0.901205416061524 0.894308274228476 0.895205139934759 0.897267222715028 0.893664008791771
0.763859864683318 0.769856316844064 0.782713801673025 0.77150794239563 0.763110840787062 0.767906021337075 0.77163963250157 0.771322243322017 0.779982943654808 0.788310485500559 0.790123518836838 0.793689531033542 0.791700777354022 0.795059075358461 0.811070367056671 0.827362337860654 0.839208274421495 0.847963281040052 0.854595513074814 0.859152442332498 0.861243696510682 0.862779437682519 0.867653646863585 0.872504329548955 0.868718876330863 0.869232671688882 0.872755910094261 0.873322712905044 0.871151792768137 0.865740480245701 0.869637666108987 0.8923120729199 0.912577617860733 0.918034198857086 0.917563650733803 0.915205920752201 0.916049924680616 0.917236173567705 0.916301960459973 0.916826590388378 0.922647886696105 0.922964456454368 0.912184750875715 0.904818645133878 0.906404225329492 0.901562337765966 0.897417832348079 0.894923841710678
0.788227924253279 0.77330983160237 0.767234314391846 0.768367992850859 0.765669037634854 0.766219178879413 0.771860876249795 0.782491574619252 0.783363803058758 0.783714915976723 0.795686387879149 0.80745478897662 0.810833008023081 0.815328917708725 0.824728371857606 0.834676838270602 0.840148478409323 0.846232645066794 0.854766972427348 0.859950249109535 0.859620805332342 0.866123732687586 0.87467213588496 0.876358486689849 0.872436954909577 0.871627803700019 0.879918471587732 0.887064899586476 0.88360233477526 0.882305882829384 0.898774684747689 0.91271586333699 0.914170099404543 0.917294607410344 0.917761513661228 0.918130908778635 0.919511360511389 0.916108886594752 0.914258651531919 0.916727130853167 0.916113766703766 0.915294272576595 0.918979647141168 0.914388593539107 0.909328230050378 0.904816496429162 0.90040123600779 0.895408411042696
0.792145413555187 0.775844684048085 0.766052053355033 0.766199257837391 0.766971043436139 0.770695003638777 0.77567202287766 0.777674870603363 0.781954434859158 0.79272472619766 0.801633984321666 0.808323302706279 0.816611712633105 0.821662625462959 0.824819892110987 0.82909231829688 0.835260703253572 0.84415069587259 0.850730812713325 0.855928493000849 0.858635788104647 0.868386063821701 0.877795897306919 0.881486224817955 0.884690744760356 0.887069033111649 0.890426784835229 0.882514525699109 0.878363264607923 0.892482803897954 0.907134693885875 0.912878108752355 0.914470153271478 0.915368002283308 0.915737834425403 0.916202355249866 0.916152461598003 0.91484736020518 0.912266456282982 0.912743942173185 0.914092800662879 0.912295409168552 0.909419550000778 0.909702487067438 0.912753392832059 0.90950588058599 0.896874282892563 0.888751559950519
0.773290129072692 0.789942080753932 0.778799480800103 0.76736403788669 0.771048811542317 0.775623549556032 0.778250978398125 0.781232397237378 0.784882354592873 0.791443588325221 0.799190761385504 0.806563021891696 0.814521478179193 0.821080581416188 0.823500022925587 0.81633767994446 0.823253304279932 0.842516259958746 0.846170004861535 0.847563002844703 0.859553813089567 0.874110049298934 0.88198410519359 0.885541577199519 0.887442106520179 0.887436589083495 0.869819741519563 0.871346268754232 0.885337523089016 0.897407890036431 0.913985529311373 0.914923566385124 0.915219850914126 0.915393841367978 0.915679819398091 0.915858781007767 0.915295437975763 0.915744717564237 0.915409956653342 0.91390686486756 0.915435741109925 0.91278764464197 0.905492355108926 0.903666793731595 0.908712990336692 0.90618593149791 0.894221124221973 0.883972239754803
0.774031250105842 0.791412486734935 0.781584311367271 0.771440494918805 0.775839876776519 0.780426778644046 0.78357743529367 0.784148480885797 0.790572561703607 0.79518062284977 0.803027637841866 0.813902432708851 0.818830851160572 0.823899317815388 0.829755667144954 0.832814548610129 0.83702102048688 0.833911935810688 0.836720766316963 0.85313213590754 0.869751838808688 0.877932376475063 0.881749259051956 0.887096383573364 0.891940583725863 0.888702722441651 0.884474581424127 0.88946968255947 0.891945955487652 0.901876922703771 0.914530535515849 0.915588626913226 0.916042440632836 0.916191393213946 0.91511888000187 0.916592527249309 0.919609800322328 0.918040772436766 0.917039749179878 0.917304950327956 0.914240150820133 0.9094542752541 0.903311328776113 0.898268245971916 0.898528002520758 0.901611266321643 0.892895264156477 0.885500551506947
0.77372409458773 0.787271167955398 0.79831343432464 0.798842197778218 0.786719861311672 0.783212519679313 0.788375019479465 0.791160505583664 0.794253220043423 0.797218614644122 0.805773318280746 0.814526977406516 0.821345746145542 0.828701290457424 0.835389370605421 0.841499503813095 0.837951336791146 0.845738716122711 0.862064082896591 0.870631350992991 0.87696327422975 0.883059750415929 0.88363886275542 0.887025057502434 0.891253526288474 0.874099487868978 0.880244819773386 0.894262040658373 0.901061307170705 0.914112776332986 0.915661464361201 0.917164446890812 0.917601125600786 0.917390588957413 0.915612390130628 0.914002263715046 0.914651809866728 0.914814528725505 0.911071248389792 0.91301112814172 0.918719981639136 0.913817420481446 0.907825757382904 0.90479885155739 0.8966287660648 0.891023542046491 0.889027486412811 0.882150629809024
0.776959060583385 0.792017328902923 0.793825482130188 0.799733254698024 0.792258785042961 0.789319976110774 0.794234209469502 0.79385006476888 0.811856574470118 0.827477038631853 0.833202571904855 0.828006439413101 0.826929392069888 0.83452029238554 0.840758200686325 0.847066834149095 0.853569634038804 0.860651491639918 0.867332834323977 0.873098227890384 0.880399690397144 0.884703454895028 0.885743537233393 0.890476988046246 0.891931533672953 0.877978518998355 0.878867226910465 0.9004997850749 0.911683793117903 0.914586110488654 0.916563519735653 0.917368082185989 0.918195424548179 0.919753326513563 0.918695562884702 0.91522016047328 0.916451859927906 0.915620711809059 0.90955409897655 0.906940928064899 0.909083532643905 0.909974061492214 0.908815472625994 0.906061215577614 0.89740952887901 0.890195179960029 0.884160597395267 0.881447493504994
0.789687659548154 0.791640977809234 0.786707151177 0.79100667289354 0.802185145290496 0.794914019580818 0.793418721401969 0.796561784747642 0.821285618832239 0.826473101877046 0.829555309534935 0.840434019414749 0.836499030915964 0.838293326818752 0.845878910000702 0.851122496089813 0.85693383187653 0.864222912017134 0.87156525454157 0.87810651260381 0.883202857791839 0.880961085027414 0.882854621953068 0.889103765430204 0.883197285727069 0.872547467527518 0.888923146768587 0.910580214734266 0.913958415571364 0.915570799947834 0.917391554053599 0.918885941764348 0.919581939998477 0.920765293597009 0.920107935629031 0.914740307366018 0.909793970902095 0.907566929511523 0.908108221006153 0.905995825758694 0.900845872208956 0.900492683423723 0.898816019999415 0.89983235732974 0.898728833574189 0.890441243068652 0.887031631082114 0.882199886133218
0.797735906199643 0.799403501361678 0.801471210834803 0.803874573477562 0.801795537781276 0.809715590524329 0.807316834850155 0.80198974062694 0.825682469588636 0.837710627234949 0.827695751278762 0.838833616798471 0.843532178473744 0.841491382437646 0.848086867979904 0.854736417117922 0.862273472350158 0.872503018474891 0.880062999293877 0.882924345600143 0.878694929927279 0.876168763347235 0.883014318057754 0.877574289371454 0.886312998611026 0.885648939597835 0.891260810033271 0.913041246426458 0.914810868643745 0.915534891085982 0.915561913779181 0.91695429264404 0.919600185779195 0.920800383037571 0.917888651426669 0.913886616057023 0.912541454067813 0.910581871786207 0.908161392343175 0.905801604703668 0.902618225830541 0.901984776754861 0.900858290993835 0.898373295781259 0.894743259467785 0.887944102211625 0.881648415605234 0.873317614283686
0.800776104859412 0.80432873317505 0.808262829415097 0.805730653745595 0.807348555558748 0.816823942747144 0.821191713152436 0.832872691102975 0.847069201366154 0.853214660736096 0.840352131913863 0.833016144456762 0.848988632004563 0.853230411834221 0.854348102473403 0.859865775879245 0.864471688320694 0.870798094120769 0.874784032414412 0.872705342696005 0.876267476298603 0.885474603166105 0.889851041227707 0.876769034965362 0.867970398715468 0.884020931588774 0.904755076251157 0.914477782994153 0.916342330615513 0.917448858915793 0.917942988162859 0.916856417323324 0.917508294273341 0.91703310276275 0.913080196251763 0.913484462297389 0.914977265793644 0.911517049990125 0.906140225999305 0.900975923472316 0.899189949247959 0.900778406522768 0.897327732424934 0.893507990978208 0.892021050896514 0.883362608524611 0.874697046292168 0.871208587768196
