Niches/Final-dists/ascii/Daboia russelii.asc
NCOLS 278 
NROWS 480 
XLLCORNER 370976.070567794 
YLLCORNER 375501.4883978 
CELLSIZE 919 
NODATA_value -9999 
[rows 252 to 272 of 480, columns 96 to 143 of 278]
0.685290910764184 0.721387838906727 0.741323703348662 0.725632732537286 0.727795276367675 0.730969058907031 0.735327324025363 0.740800766890922 0.751618839595296 0.768139356101664 0.778720197237982 0.783004969371307 0.794460788560791 0.800129453996287 0.766803335212175 0.765146574620527 0.815441979637345 0.823517686006721 0.826649732688387 0.823458669464499 0.828570729331928 0.859584423027078 0.885870602161386 0.890181705032154 0.863285694364672 0.827962864409849 0.830619373603046 0.838004835896683 0.851955920378909 0.887487447831544 0.91507248254751 0.9159619188341 0.9209113326802 0.906675198845323 0.911086380369609 0.968633645591115 1 0.975748234520413 0.944785263003096 0.931253776849295 0.921478973121634 0.927610447701565 0.941100817115984 0.943746582785605 0.933531549522381 0.939595449159953 0.945244557740667 0.940381456270417
0.699854539974521 0.71401333864901 0.669965329010576 0.595021167108662 0.655522901313671 0.750124725024977 0.755545761346718 0.754949805347383 0.766200714586351 0.772407484878126 0.789951768134512 0.8059157337009 0.806450834012451 0.766123179122981 0.78013127711761 0.828956494665768 0.823976252369812 0.829019681151886 0.832932781997555 0.831367741962269 0.842780004357864 0.816271707425956 0.82756331458898 0.895279106363178 0.894272128644918 0.890081098307138 0.896094212034108 0.887643556691917 0.847764289132183 0.86273506146734 0.91465310273143 0.920556031608976 0.923599963187954 0.926221619662294 0.921916908277586 0.955281840316788 0.994107878378797 0.953875986524052 0.918471860872608 0.9174540303746 0.927381301090235 0.936771632348757 0.928202543316157 0.932637579104655 0.941869689216813 0.940655580005873 0.939082855619826 0.939391413258812
0.708641066998689 0.656143876976385 0.650929043469862 0.665851943392338 0.663073558939316 0.695547224651048 0.625570321769988 0.687689265832394 0.766484926308351 0.77040077676768 0.781921184564157 0.790789071017714 0.79759130565605 0.778822715946007 0.772427187407804 0.811759391105156 0.785644052205075 0.777399654306188 0.842065796761742 0.844177299750463 0.845690060707464 0.849070628761622 0.864219488657079 0.889288936432319 0.875197312094225 0.854791500437953 0.86114860722235 0.899076231782307 0.941200859350779 0.920508523383534 0.892986693363048 0.883341758805128 0.907077880676454 0.931559493827809 0.956204026140923 0.992401761311465 0.976734025645993 0.941327796813238 0.936747614200287 0.926856634743106 0.926789114428833 0.933297231452244 0.924365594022347 0.926597661196829 0.932089877914604 0.939438102062964 0.940956180153667 0.94057564090672
0.717310034381825 0.727760787836059 0.720447288941021 0.716877889802987 0.727282864921168 0.754914406347667 0.761927195838738 0.760704510018299 0.711115792131101 0.709409574912277 0.789047272705554 0.796788819072981 0.801339101913538 0.793048088047947 0.815903678010699 0.858979216671851 0.842927591236825 0.838964378226949 0.848973773165176 0.849610336041757 0.856252601434978 0.877108694194633 0.887800812742096 0.880598791561184 0.890447561717264 0.903679103260303 0.889421391331462 0.913899999938088 0.97849507125378 0.969259619723696 0.892139211446492 0.876626783429466 0.911631131643017 0.921099945251732 0.972678527589532 0.998780546341315 0.96298196949036 0.929524251647119 0.930293888541151 0.924485702974059 0.940845594698279 0.949274489852888 0.934574727452285 0.930210125475979 0.941057169275285 0.942811659512755 0.940322130169042 0.936742825138082
0.621109720037251 0.643650105943889 0.643823714001138 0.74266190936159 0.686147697664719 0.684880216813775 0.715977364014943 0.702419182936458 0.723863037482551 0.723428817036446 0.802305745894982 0.801491040830015 0.807822545251448 0.834460219700323 0.876133127625813 0.879423814269169 0.852750158120995 0.850122201207405 0.81193897183314 0.806019126458301 0.865873863822306 0.864395955584161 0.865932752898994 0.85024700817451 0.853610113450516 0.909410845925745 0.930926591032989 0.91317770738524 0.909063429508264 0.930519156558377 0.875348704729842 0.878402287270676 0.918960308798731 0.913885760217009 0.956737942843945 0.986741645171425 0.959989297265395 0.939637494576797 0.93832459957704 0.942873006853312 0.945549874113218 0.937235916451514 0.936397630262765 0.936718005777685 0.933265583581099 0.938438990789086 0.943458929494188 0.94328231689221
0.698795811249474 0.722134532004647 0.728635929773483 0.740534291087504 0.746475823812477 0.751556563577277 0.764659292093572 0.772474531748988 0.783580021023073 0.791087158273553 0.804509242580495 0.809605879118316 0.818538609109933 0.822608037328318 0.846698768315113 0.878968325288255 0.872880771689453 0.859759961276699 0.832040049816444 0.844815210119831 0.876730503955383 0.847990631501766 0.852494662562859 0.869239463780905 0.900289649037491 0.904202859139332 0.921413892861868 0.92689165134622 0.913057962620769 0.903723333800586 0.876193528079546 0.890352690941276 0.926404951518848 0.91665911888612 0.955555281201168 0.965351708546196 0.932690167742093 0.930105239550895 0.930023388468732 0.943905186328571 0.937584043034112 0.935038756623974 0.945323386068738 0.938863305342266 0.937264614406016 0.943603256897351 0.944609214891339 0.944927077514304
0.724858251952963 0.741322902136734 0.747951801858251 0.751694117097779 0.752001527546959 0.755622167829644 0.772306932781196 0.781552007959094 0.783329241689693 0.792856452722323 0.80535982008859 0.806124212686368 0.758113172131679 0.758695835296758 0.779740394953049 0.768136369766297 0.832440455477327 0.85868522652246 0.873940119532807 0.905223894485051 0.925847180551615 0.904458773512793 0.876325382069744 0.881286012882832 0.88533071278763 0.888075500967773 0.924031889254448 0.963642559620091 0.956936925647133 0.928411586791847 0.930618525046777 0.92503258474282 0.928487792971791 0.929406837680982 0.939325622833928 0.944596650431564 0.92093444036057 0.924594412865162 0.938307537404852 0.950611940177293 0.957081125584762 0.949847301753128 0.9430137288028 0.93617556709325 0.938542529221383 0.941026741431394 0.943108089716652 0.945437230999924
0.73407637727511 0.735983880781413 0.738265550257967 0.747049819321247 0.757178594836706 0.761575172452673 0.761660501522976 0.768741831052593 0.780373061026164 0.794903731291292 0.80315215345918 0.809692792403112 0.827024153589704 0.859268545224571 0.884739236291346 0.893922399638464 0.880653583531424 0.866697163706134 0.871504289597614 0.875095940576005 0.884220979639639 0.882459478797802 0.884275079654123 0.895535548808137 0.887852618376968 0.889913790689138 0.924933325510591 0.952560687888513 0.923950784756127 0.902373746936411 0.939960018796432 0.936372592390024 0.920243449700989 0.912411894457227 0.928134203580594 0.936278158638723 0.920102054005107 0.925733408457877 0.939563582776464 0.94251187878625 0.947980914986207 0.95102581166137 0.944221938180454 0.93971543064613 0.939381307062905 0.938783165940131 0.943353333403986 0.944457858674447
0.721910083408711 0.72672806207994 0.739975008743225 0.751392715738057 0.75394151655506 0.755768170494111 0.765840205637597 0.773549139037693 0.781655874159907 0.797440950954067 0.809151355233587 0.760301682512271 0.762609209282856 0.867090303831581 0.920765876296593 0.91567122457923 0.885233911819271 0.846480838670771 0.859024812914283 0.898264148865468 0.873495264819298 0.881186644394432 0.88871750844359 0.891938234718166 0.883339628309775 0.884138709742151 0.902154724730349 0.934978465426412 0.943981592811497 0.929013733974259 0.93824194728295 0.939761573169423 0.910763018519322 0.906938488010392 0.955572844130811 0.952267480741688 0.932261100545432 0.936912445345055 0.939451413106582 0.942653602250648 0.947860004822567 0.955510804834498 0.953816578480547 0.944526744690869 0.943074147465896 0.944485955720003 0.945799051022742 0.948257041751481
0.73752574029888 0.745992219576645 0.757462551627638 0.757426752021958 0.75639850576889 0.766294419963171 0.77265611550679 0.781700778446583 0.794140759023749 0.802782466991981 0.815558100738779 0.819021375715113 0.834248517657782 0.863320055430755 0.876845332192116 0.88140581227539 0.873264807133904 0.87048065031313 0.865717718543209 0.870674470762193 0.87081910772451 0.896609700862792 0.913798045720285 0.895473946536512 0.891221914836052 0.896530726859825 0.916899354998905 0.959416175806 0.941555304581989 0.906834640018941 0.91085086048158 0.91257557841219 0.910985919319488 0.880837261365856 0.89335475919703 0.910229156444386 0.920766258693195 0.927332791349883 0.939355522606322 0.941652906762276 0.939894392255806 0.93249223197722 0.929740178261642 0.937209731388967 0.946471231411383 0.949960818915798 0.949958251395757 0.950371421819397
0.744173249988355 0.749129000692429 0.757937451788438 0.7636158592326 0.764529022317867 0.769561871460623 0.783360743885943 0.794326858703327 0.796584837799926 0.804386038037245 0.821663499512335 0.829839211697782 0.833861313784345 0.838094899401105 0.852030851903514 0.818387089008782 0.773556495619938 0.82423615459355 0.881846096439039 0.912021412898631 0.902608611287408 0.879421884076798 0.888242772167048 0.909373316430675 0.903743309470693 0.890293874702036 0.905544524931038 0.915809852452089 0.923475975642138 0.9243627897806 0.928934304737242 0.938798370757396 0.91499083176833 0.891185004459291 0.913661002061919 0.924311348332967 0.934272342787015 0.930996897379647 0.931198893832245 0.94038449723387 0.941443863286587 0.936552227746093 0.935510561193235 0.945262166193715 0.952192585635807 0.955353885657516 0.954177761175695 0.954556870987726
0.746153845873702 0.756131265172268 0.759772991896142 0.763433000819458 0.769848632493303 0.774145604899163 0.784530877487667 0.794418324328622 0.800201380976162 0.809701205128354 0.821197922544876 0.829102424492786 0.8313108559154 0.833097667770409 0.837182737830747 0.839634318864065 0.84563413975678 0.819704427092865 0.839840066445234 0.911428206512957 0.89858929523323 0.903286928231041 0.929029776422176 0.928660709073284 0.92736382010272 0.929265842591064 0.917758163138621 0.908812559128075 0.923446057660382 0.925853754131295 0.930552934924875 0.944874379620694 0.942807981221632 0.926185710800442 0.920512201674657 0.925236620643961 0.938279440359295 0.938420544705386 0.93930134975439 0.936765914609091 0.936866229984315 0.93806495228437 0.934769367322637 0.943441739856466 0.950622201152776 0.949798946792354 0.95175360344154 0.955187087901653
0.749701867220756 0.766234620418383 0.768091611154516 0.766668695189593 0.779332323150767 0.782621589463888 0.790231099747498 0.810450065140351 0.818396776389362 0.81145183498108 0.818260752455268 0.823717715848223 0.83135386642843 0.838082571663035 0.845792324484421 0.859989453865908 0.866695652329089 0.859254451178388 0.873809849757104 0.895548022221103 0.909594287038471 0.909675063768275 0.910055967202463 0.933651895195798 0.917571990621596 0.901842270287897 0.901218599639608 0.905451802859766 0.919536908246266 0.923100498597825 0.926030712711151 0.933095835908592 0.942184365201428 0.942720995099387 0.939002679798967 0.911331223450978 0.902045705280092 0.934749191349548 0.940486943104448 0.937252468761566 0.940376211974163 0.941330218658383 0.937375473001835 0.938998619111243 0.949418052462847 0.959892969740447 0.963200299740666 0.956162645365792
0.755200366168418 0.762832893085588 0.776958732814869 0.777428024492175 0.777700472966327 0.786025793269915 0.789628988983809 0.810532772062527 0.823162730913375 0.813775895852355 0.820027807152514 0.82378773084509 0.826095366871846 0.835313983846766 0.848170175811026 0.858414981381109 0.858865499206199 0.859656659566108 0.832126981310603 0.847484684378767 0.920721536500138 0.910031439191857 0.90938861229475 0.920668984281424 0.903591843997628 0.899366762152919 0.900043713394402 0.896013417094942 0.8984536719051 0.92277167393894 0.925041907936161 0.924256283222298 0.928506275474215 0.936082171275584 0.929208701613127 0.920840935286732 0.924718400410978 0.935206920081987 0.937711945592757 0.936598534153643 0.94299207787139 0.944473573353847 0.942857929501581 0.942460837944581 0.954090046678971 0.974004260189495 0.97287275774924 0.957468584389267
0.754947146780532 0.765493754316302 0.772500716811535 0.779057689553176 0.785951062048292 0.790080617579981 0.792532653847349 0.798722798991624 0.806795992469045 0.816462286608584 0.826737811372351 0.834262083632468 0.831713173559293 0.834729736467194 0.850533477857398 0.855649070341054 0.855979970867206 0.863528771137928 0.858338520270097 0.882033197633526 0.90633790683311 0.907939966501329 0.938811900313358 0.940591027817605 0.936560476587076 0.920191061366533 0.906956260347698 0.899088541311015 0.898968796546543 0.925050338870764 0.924943977987358 0.929015718794716 0.933818911464006 0.935243630155767 0.926901502611059 0.918392704776021 0.923250561950016 0.932027510849775 0.940445571433998 0.937652637700743 0.940076941109794 0.945258997764728 0.943825884557088 0.943853908765197 0.946508050741334 0.961918843204392 0.964456463473131 0.951489394703691
0.780992798452263 0.769786028706768 0.777324923084565 0.778872463922975 0.786514022683694 0.79677365067444 0.800351644631336 0.808617547786738 0.814536191343684 0.814486771135233 0.818216649380519 0.829761767281222 0.838444282429681 0.837741310009908 0.845324507765437 0.853058023804225 0.857430674318532 0.87322842482864 0.902181893098444 0.928866638748073 0.934645689335975 0.916866141122628 0.920057987349082 0.938014585189095 0.935243211340441 0.937185968171565 0.941228683255905 0.926594492767842 0.91390650068032 0.926405807358862 0.926718844500898 0.935767804850122 0.933468909317122 0.92886396197186 0.932247461733299 0.929839510331318 0.930040432431558 0.93284165142452 0.941409629686038 0.939648256309735 0.945472338649848 0.951387850196532 0.945476290081401 0.944607648886208 0.945299076570476 0.959612509147018 0.966165166269866 0.955557129451411
0.826536215525717 0.817094807006802 0.77071000815306 0.781202169696468 0.791214223201546 0.802999431540137 0.806510141904465 0.808391915582272 0.819556039001977 0.824901269749737 0.832577754066761 0.836840838849951 0.835061001180586 0.843177769661258 0.85393719001065 0.85658450347604 0.864880361031922 0.879594527037862 0.898016465123627 0.90812207833063 0.917174498458632 0.939196700551012 0.921655276164459 0.914534632622298 0.935356364315871 0.928003169011687 0.928461990305846 0.920698574494664 0.901166193095789 0.919766473672923 0.93066823660502 0.91999230618037 0.916061505834844 0.922273684307132 0.933793035960613 0.944864200587339 0.940695713439707 0.943401570003907 0.942217396984085 0.928532387699314 0.923218640938441 0.939922507510724 0.947361823992459 0.945108114991247 0.950324013745446 0.967382808097033 0.974177121662902 0.964995405960063
0.804324672487326 0.815818002962517 0.796208832684115 0.77837003120684 0.788309320101391 0.800662806209086 0.807280215823185 0.819545459362659 0.827232104503674 0.831107803319807 0.836888237819221 0.841857754800962 0.843626994621646 0.847466893832099 0.852929957361322 0.859595057294483 0.853508723722935 0.853931927505034 0.905179973503922 0.935279447970809 0.920535345773751 0.907609320906245 0.921257000998929 0.938214232633996 0.936537787722032 0.937263084819609 0.939281665434075 0.917043281796105 0.911181906682628 0.911367114103468 0.904597893038426 0.918821699135234 0.911085815879387 0.929677319544039 0.961236119595156 0.985172489820329 0.98951850914272 0.964576936612082 0.943085655782676 0.941203372242734 0.946506703248547 0.967302905416604 0.966003166680888 0.945433006427941 0.945830443962819 0.965501680851578 0.972063105782226 0.958571962469922
0.804074330178634 0.786981019981388 0.784776922386928 0.786347443440174 0.801123575904979 0.80670334323522 0.806355945027102 0.823148181633142 0.829108378954158 0.835538723792494 0.836680177649079 0.841503910478698 0.851164960321982 0.856203090179717 0.861866911924921 0.872214090528134 0.870626598349511 0.874216446601064 0.906940727761917 0.949037731728244 0.978458834623412 0.956060017401595 0.911302398030942 0.914584380599265 0.934041502705019 0.938773187209759 0.93863474143052 0.932812917051294 0.928842511343431 0.904290118402006 0.900026450919232 0.918999968789154 0.924987188803369 0.947369462819815 0.944458295699134 0.962445321383039 0.997426516392814 0.978976317377234 0.94942419812252 0.943126717893972 0.936159779576401 0.962032742763663 0.970032971327575 0.938556004149258 0.944278496458807 0.972207597069648 0.982662884655018 0.97631499180779
0.857930703398883 0.866256242214815 0.791476219501913 0.799348581925904 0.812657768188485 0.812916523222418 0.806087102006624 0.822259856117634 0.825649055409377 0.827426343768063 0.841606046790121 0.850135275529316 0.852361898104562 0.85586730954455 0.867597871587798 0.890010664494945 0.890067404866918 0.873301207648529 0.916450913041083 0.971440218136503 0.9895835347744 0.960049069496139 0.930251915961755 0.918121767678914 0.917965148956405 0.946174746579399 0.943128957645497 0.932984248938294 0.930024517449176 0.909420970331013 0.887870408923636 0.909239696132364 0.93948473623903 0.958446436233018 0.979883152709209 0.994944598562415 0.989065068715031 0.97729566610265 0.981498787456794 0.969663430535272 0.961595171794951 0.972906472382971 0.963924486067161 0.950084378541607 0.959707197829386 0.973708075811984 0.986690094467621 0.978802891413605
0.832395314468944 0.847565388271124 0.794309341297089 0.809027458734581 0.821782042458915 0.808620789053173 0.810814197752142 0.822766021752977 0.816114487794501 0.820039952796964 0.833024721066262 0.845519475404305 0.856148844490337 0.857253606482504 0.863910858180645 0.872188925189859 0.9039764439323 0.915056531146404 0.901733123372106 0.946859709940159 0.988141398827893 0.981878334293513 0.952250509616309 0.912025091189754 0.919439706671943 0.951030500572083 0.94636142895856 0.936866812683899 0.923092559315995 0.906012632999814 0.899236947611265 0.912288671704614 0.9443421745977 0.970800505040297 0.986668215919185 0.979192143840266 0.979989304184952 0.983050252412713 0.981445807318073 0.982522326589787 0.984900678673847 0.987501321544447 0.97691985218514 0.956121446684281 0.956194466225876 0.969898522503293 0.984019309134621 0.981745679091388
