Niches/Final-dists/ascii/Hypnale spp.asc
NCOLS 278 
NROWS 480 
XLLCORNER 370976.070567794 
YLLCORNER 375501.4883978 
CELLSIZE 919 
NODATA_value -9999 
[rows 168 to 188 of 480, columns 96 to 143 of 278]
0.355746141508725 0.357858163853321 0.368427498716927 0.380412508807619 0.381588536097355 0.384190922085406 0.384384223741094 0.395703399937859 0.395688642912852 0.391687644507879 0.394302712314295 0.404419959568057 0.412540550594595 0.410236302627385 0.416414577096905 0.424325802831158 0.426652570633405 0.429618040924228 0.434738036866046 0.438948400563303 0.443942500635532 0.448837605665007 0.453486683418196 0.458401003323981 0.462893518264989 0.464241941424987 0.467101729896099 0.472224185342085 0.477424422607378 0.482236058214158 0.488060625240546 0.493063717874889 0.497409815458406 0.501578828741843 0.50446859242 0.505488671773596 0.504714850274802 0.508494185866651 0.513896563630735 0.514672614055182 0.518182710800163 0.520804157945515 0.522469165407612 0.525135191066005 0.52908653823059 0.532309641582991 0.532648668860621 0.534207379626966
0.360208066366646 0.361571630849176 0.366666263154264 0.373387319449817 0.378352520348074 0.380483834428485 0.386814598156409 0.394811906536536 0.39100244201863 0.391795170955715 0.395436313157137 0.398780700808812 0.402556424003915 0.407533384406475 0.414905671289958 0.421886282134719 0.42641607393577 0.429177712818686 0.437407213764154 0.442369647720222 0.442196790692929 0.447110956879704 0.449902109812634 0.453951990862942 0.457217597521742 0.462123232303435 0.466421984431723 0.469936923325534 0.474700829179557 0.480049789587497 0.485951677276161 0.493004459196346 0.497317276614093 0.50008229731524 0.501875352713073 0.502659012228539 0.504512863495021 0.506851313942065 0.509247870175072 0.511577558638518 0.514156656196481 0.516517395900045 0.518728105849373 0.522800199296697 0.525645538180824 0.528671727480789 0.530447105192417 0.532439764725368
0.35964676139985 0.363696488731148 0.366864791256309 0.372072022736579 0.376086702133485 0.380081244340018 0.38435148159186 0.387675655193656 0.389876142828787 0.398313933033466 0.407148472004213 0.406551427367479 0.401979747136071 0.407706395152778 0.412213897697308 0.418938566389607 0.427815378088239 0.429978281425306 0.432723702952616 0.435976089776514 0.440624322075145 0.445765300661895 0.449423582532986 0.45568017683835 0.459208028129042 0.462088261228549 0.466434666250088 0.470869690281173 0.475910751511106 0.480723078853433 0.486097556617113 0.489937918656127 0.493341795564861 0.496668812968351 0.497391446036653 0.499267586559655 0.50076019815149 0.503919277536023 0.508449684213115 0.510138364402828 0.510721881766639 0.512830137995477 0.516064847133169 0.519543508340505 0.52268122078258 0.526696053898497 0.52959557873382 0.531579937440206
0.364128131712597 0.365417834210588 0.368429189626042 0.376539635197887 0.386214940296497 0.390656958542559 0.391859118064078 0.394275196611418 0.403820762865176 0.401551409113347 0.395774571839715 0.397489537980221 0.400739619018961 0.405183097595623 0.411316870411608 0.42112076146249 0.425854768968974 0.428994864055711 0.433598671560311 0.437718494760391 0.441222827042479 0.444620632050298 0.447380810602615 0.452606718942659 0.456845828094878 0.459079365317264 0.464510872833835 0.471665032441436 0.476921761443083 0.480225182978463 0.482473400366351 0.486867381421636 0.490453261638787 0.493391062507722 0.496612167512986 0.497455085706995 0.501054185759048 0.503438982487754 0.505904789134987 0.508484885866517 0.50960019414711 0.510547103251714 0.512884170227664 0.526868680347274 0.533317269696737 0.524250077003617 0.526494835713768 0.529237336579879
0.35962946801117 0.361607524238125 0.36356167715895 0.366864022661257 0.374362666571361 0.384896261765029 0.392138425506134 0.391740139549961 0.399674499995292 0.403153545500155 0.395419404065983 0.397890360300067 0.400417500832485 0.404592432297824 0.409481004269353 0.415372746503325 0.423728835053929 0.426404237571962 0.429764688860233 0.434051450905703 0.43845557741568 0.444130037828327 0.449069106494801 0.454227609048746 0.459937117395785 0.463000199258267 0.465602047229782 0.469367855548709 0.472632847331467 0.476074539116781 0.479214711063023 0.482719735080657 0.487240150022068 0.490960841811417 0.496788944375047 0.498385931175003 0.499650731193296 0.502261187429397 0.503964394065601 0.506636875922434 0.510269717297289 0.511957705751454 0.51354985040258 0.529642539891524 0.535933490395732 0.522135672014359 0.52417244890332 0.52669697621256
0.356451711766864 0.359229106848355 0.364532797007706 0.36589905157292 0.371482510331359 0.382064065856298 0.388905714715578 0.391735220541625 0.399168303293756 0.402827814916931 0.394089273468233 0.397997579309882 0.400938070261501 0.40560428768436 0.409404529061636 0.414012717558035 0.422407927596809 0.425542258220653 0.430428216969003 0.433985198012183 0.440120277439756 0.446065206451356 0.455606622291831 0.466714281130165 0.464834681929427 0.461580143039382 0.462354656273724 0.465461010037659 0.472224569639612 0.475937498618931 0.478652944939195 0.482863769793484 0.486219609511441 0.490855006272696 0.494863229471162 0.497412889838616 0.499220702261456 0.499383951850594 0.502136751890408 0.504437156882356 0.507575714778988 0.509382758606775 0.512103354513891 0.516384582674984 0.518516281052921 0.520702242241561 0.52363320261453 0.524173601795899
0.361010095303865 0.365141293710721 0.362247533338291 0.364447867254411 0.370205643370743 0.379876336899038 0.385065352676565 0.389340508936743 0.394713449510319 0.403203427319058 0.408676900125492 0.409467246417915 0.407798549699566 0.402921737232339 0.408267853838585 0.412036890256732 0.41806313662488 0.423534457365168 0.428449545866006 0.431850194675519 0.435529766629563 0.44284171880143 0.448953894096441 0.453334809035834 0.457975509102952 0.460343243021493 0.464089298447573 0.467125402623714 0.47024774316474 0.472966417584225 0.476910309376802 0.480082762315247 0.484094982207985 0.488399806237187 0.49312558977661 0.497597352651201 0.499066752672453 0.498691524567853 0.500644908893625 0.50282303041273 0.50533057177131 0.508089751150058 0.51016111481638 0.511591085911441 0.514840090917109 0.518049820715597 0.521289756299645 0.522433502597179
0.357287097729359 0.366326467281581 0.364282619318137 0.367684267301219 0.37446627318443 0.380309747649108 0.383437852653027 0.3889441444682 0.400966277699925 0.406287184388451 0.403447071950681 0.408534633181286 0.405508828178847 0.40411352072065 0.405552023220794 0.410577789409183 0.415990696925485 0.423960412743229 0.428440783882408 0.431786093848146 0.433206534364557 0.438490625350071 0.445922170912098 0.457568845460706 0.460371219881402 0.45952737937333 0.464578432338944 0.461519193451724 0.469912558862372 0.472661362207912 0.474856546537181 0.479398943297092 0.483652271457781 0.487977309536862 0.493053802998712 0.49717301132275 0.498456641919827 0.497425187359455 0.498562016301517 0.501364083284191 0.50391543456076 0.505911399052438 0.507181194938571 0.510318984240151 0.513764980157758 0.517815629803119 0.521345556300452 0.522801352189276
0.352420430716824 0.359107207673038 0.366070525129119 0.369970299565686 0.3699763714666 0.373265343414995 0.378499936879131 0.386831353528553 0.393438504037334 0.401260649605009 0.40527202404319 0.403050400044117 0.409345193523588 0.41658789528123 0.413036371262923 0.410570795194206 0.415410177082379 0.421976361474865 0.425673303677093 0.428098605365063 0.430939178959864 0.435403563321952 0.440296439425775 0.447255529609068 0.450552264367491 0.45139195446228 0.4546431883936 0.459171596723556 0.466703290220915 0.472406265510008 0.475711070516482 0.477999716004128 0.480822842491239 0.48661812604613 0.494294853429884 0.498693369195978 0.496910151814816 0.496372827013657 0.497210211323288 0.497889341911623 0.500100282439467 0.50273479570071 0.505091692429012 0.50915579248779 0.513177466099674 0.516604785157507 0.519928113304745 0.522579996814174
0.352514967908274 0.357851015919333 0.36759795407683 0.371227029335928 0.370329771471712 0.375811468245207 0.380810410466266 0.385808814670789 0.39620629168067 0.407011892663395 0.4125391671235 0.414331069628755 0.411133714210612 0.408208287722021 0.414473105994446 0.417523967195595 0.416010680396849 0.420120973018279 0.421064423445147 0.424898636723741 0.428558532644442 0.432481518651592 0.437486225335545 0.442200249370665 0.44740271556161 0.456293131392669 0.460183682688607 0.462170424039655 0.47210582170401 0.470358267133281 0.473990801070115 0.476938439955721 0.480658901166554 0.48583485082819 0.493412890607211 0.498535346053197 0.495452972454898 0.493336569118504 0.49568823940045 0.498798436139647 0.499179044409614 0.499822819625537 0.503051918019346 0.506743249477692 0.509180387529468 0.512561052867619 0.517958972780398 0.522452410035469
0.355997010933841 0.362541290367333 0.363299048229532 0.368776748308755 0.371951353313346 0.376840770739433 0.383173993971525 0.385660629544679 0.395792941261468 0.407177678616206 0.404569758743777 0.409286703440097 0.411213648096065 0.405274637266369 0.410034238988098 0.412823624152408 0.415138939888373 0.420195142440839 0.421824256513987 0.424965350774292 0.427633528498832 0.432022590545781 0.437846465836622 0.4480255081326 0.453104461098618 0.454510682606559 0.461447790971352 0.459415010776663 0.46365819348266 0.465685977809508 0.470357882835755 0.473710648173501 0.478865077173668 0.48481500205311 0.491002499663259 0.495071672449384 0.492404417038907 0.490938398835886 0.492613859190696 0.495838422873696 0.496590493132507 0.497856599762389 0.502658781650024 0.508035795777377 0.51000193878102 0.511598925580976 0.515988448784957 0.520487112486384
0.35281302906961 0.359397429164839 0.365411224293138 0.369474248318842 0.371644376449402 0.375689645929396 0.383514097282229 0.387536693208175 0.389654556875169 0.395349692494727 0.403294813270793 0.40967061666879 0.415707700227177 0.416841685367545 0.420192913515187 0.419105428375492 0.413896429126601 0.417135211818071 0.421991810235419 0.426029163186372 0.428711483059877 0.432170775671891 0.436255012921044 0.441870291514653 0.446436284142674 0.45500742558895 0.466469329886953 0.464159086878334 0.461909562878857 0.466715741460765 0.468573051404982 0.470329060521288 0.47621157961463 0.482328520198966 0.486672542575843 0.487580253332772 0.487973850859126 0.490514902961992 0.493373692259537 0.494872375752286 0.494306920372208 0.495666641879476 0.499793228716018 0.505725399049748 0.508447455287463 0.509606189188519 0.513212590893571 0.518239356255528
0.353970072061551 0.355609715886917 0.362501784581637 0.367515176389682 0.368897725170008 0.372020834306086 0.380153184836926 0.385851548555704 0.392003460214926 0.398621755351968 0.400252329755716 0.403249850460225 0.411756122484076 0.417566086204468 0.421109924272251 0.42531460036612 0.421035139973649 0.417339196944988 0.421422973037109 0.424606340025298 0.428779503722018 0.433586604617988 0.437859147654988 0.44004572371967 0.442625436153674 0.448084382513617 0.453784590860521 0.45702321983298 0.459963557065589 0.465716106735564 0.470247973743256 0.478924950728253 0.48950719798874 0.487468038455116 0.483873703692388 0.483303329303974 0.482853931776813 0.485690739255858 0.488709626902825 0.490058126922328 0.491347445122794 0.494721654262503 0.49973404689698 0.503619986622603 0.506656090798745 0.508084832141723 0.510765845403638 0.517121742189777
0.355592653076753 0.359577741564141 0.367164927624286 0.369821576423039 0.371326716114229 0.370207564858374 0.378092427782328 0.386631595674424 0.391797246162357 0.395253233815646 0.397594528064384 0.401705589280866 0.405765769504877 0.409866070390625 0.421202616835575 0.424783040027854 0.421369863118986 0.417348804383144 0.420985719311777 0.421937393705706 0.425238893753455 0.431243388881619 0.437761074926297 0.442275879123825 0.445266943629894 0.449819639563507 0.452140258605334 0.46203814883113 0.467629677837619 0.463902068692799 0.469626026626823 0.4719781580658 0.476480664742489 0.480169997853698 0.480781338358408 0.48135271192039 0.481805414406277 0.48333684004826 0.486343045876862 0.48825577152436 0.491811215377435 0.494267568305523 0.496936207187094 0.500355532856382 0.506041829632836 0.508802853639711 0.509684585883868 0.514288470247974
0.358519078738912 0.36039706389004 0.366632137533936 0.370927892141519 0.372734167374254 0.375824764939614 0.379527394745231 0.383979020429449 0.387626695688816 0.393171263537601 0.399152623954687 0.403325480213385 0.408412426567948 0.408735159630467 0.412084543149983 0.422877154876322 0.419926441610506 0.417021997766847 0.422301630901057 0.424172391258692 0.425493452434823 0.427887472304158 0.433197388083433 0.4392752071796 0.445895116366252 0.450829496602906 0.45258181646296 0.4611099165863 0.467877088584999 0.468476362147385 0.476970106071882 0.47004913820319 0.471959327487015 0.484707321886263 0.488326866566711 0.4784448862585 0.481904640027546 0.484134641712691 0.483770788814867 0.484940974782204 0.489352864102211 0.492976098038911 0.496668966687361 0.499361893172589 0.502459715531442 0.507681934615235 0.509980264400541 0.512760272705211
0.357634656412071 0.362032249864103 0.366080132567275 0.368034285488099 0.370989456605219 0.377314917027282 0.381515903864899 0.385116464247552 0.38602824855826 0.388933614715982 0.395601407374401 0.406084275294607 0.410751953048065 0.404586975272952 0.411365215040406 0.42489041275668 0.425191932595751 0.421715884611593 0.420517491205831 0.425235358216214 0.425965830954051 0.427745973955004 0.431888701287647 0.436333793913919 0.444521483288534 0.448198518878904 0.451059921399627 0.455199958649586 0.457764452901552 0.461249570307328 0.466688456336403 0.46787724230401 0.479492942472005 0.48888909384757 0.482549798714563 0.480500340007236 0.485104916106889 0.485563921072205 0.483506853273859 0.483864326832749 0.487183427707198 0.492299196376228 0.497903330341577 0.499883231196658 0.501388370887848 0.506271946991536 0.509592585056091 0.513035890891015
0.355725158863794 0.358715224196295 0.361596610188381 0.365864925952592 0.371344854957467 0.373020469031288 0.376264939326146 0.378033553401312 0.382210636932798 0.387147707252136 0.392320966831088 0.400592202487904 0.403175066161623 0.402548661193886 0.409921409234401 0.42151136146814 0.42286378132241 0.42104190361011 0.418149680427785 0.422275959826305 0.426566180549511 0.430364193001135 0.434086959997125 0.43868116006357 0.443170754343379 0.445851229588757 0.448510337891678 0.452061938769491 0.456869961979524 0.459373199205811 0.464868269533219 0.470811815073725 0.473567074617706 0.47914753585544 0.480374290418636 0.481620106139134 0.482153357386515 0.480557216041117 0.482465483837311 0.482935249133361 0.484333630971767 0.490012318657203 0.495546587332285 0.497688046867389 0.498854697297485 0.503894989932366 0.508914453641325 0.512988929733311
0.356378541517871 0.361007020923655 0.362631139128963 0.36513937222309 0.367857201188017 0.373578007882327 0.378210714560899 0.379958115412617 0.386511848565254 0.390800301519839 0.388241341152251 0.394382261902223 0.40432795874028 0.432133729390364 0.435921058370759 0.407572429035138 0.413276403497799 0.415864186179854 0.416506270486661 0.420054489546243 0.425805117728586 0.429452485549933 0.433299534365902 0.438174194766982 0.442047606393251 0.4459324700858 0.448399352766106 0.451276127187878 0.456659981811198 0.46201293891341 0.468804552234777 0.472528779561367 0.473474458913887 0.473894188672023 0.474680077113142 0.479483258174345 0.482740871444599 0.481740468124346 0.482149821849274 0.481771288785948 0.483448286330864 0.489758528570888 0.493448476558139 0.496253925359044 0.497493208021596 0.502169417180136 0.505696499875776 0.507873468502302
0.35323690924103 0.357850170464775 0.359596034126389 0.362149844907126 0.36624084579274 0.371628543391322 0.372028520256611 0.375995777338782 0.380387990625446 0.383430320421513 0.388204448589734 0.395241704889859 0.399472666934522 0.40636573480281 0.413533191104819 0.417947770507509 0.416674208505619 0.413672383668815 0.417735177116005 0.42144364824402 0.425461402021136 0.428967271493328 0.431570195497916 0.439800465038437 0.446282257694165 0.450623359409842 0.456089838001299 0.451606161903395 0.453791200777972 0.457426194218974 0.46494259267479 0.470619205153584 0.473171017587184 0.471331846486204 0.471363051445333 0.474647411823413 0.475654194482602 0.478226297825587 0.479468116851812 0.47880558791661 0.482318835901305 0.488832217813689 0.49260394431452 0.494623581533812 0.497742155959081 0.502032607260802 0.503204791575276 0.506342734595866
0.353172193537614 0.356515197718195 0.358654197749131 0.36027716306186 0.363996010223083 0.366329925959317 0.368602354091356 0.379780646815009 0.394144458592998 0.396777972680673 0.394050459418085 0.392822936259836 0.40300236285334 0.409487537327299 0.403107583516019 0.412189840672167 0.422426988754109 0.425233206150067 0.423356527610528 0.417862687035204 0.42214207056817 0.430361733496967 0.44130345266348 0.445864449423659 0.449850537084615 0.452429096626041 0.452020280917649 0.448884951120237 0.450595689987954 0.455792084277985 0.461088472784337 0.46539022243333 0.470685611766114 0.471242458881606 0.470969069621453 0.471858026659104 0.47234531592235 0.477602582940533 0.479266283791041 0.477085702767768 0.481051115221814 0.486106164881701 0.490464559986058 0.493887959209123 0.498279250181725 0.50336535108173 0.504783408953479 0.507156215599367
0.349602300097554 0.353810972885696 0.358727598576639 0.358408247332351 0.362561581276717 0.366719911088924 0.368608733430292 0.371721082235635 0.382391717927153 0.394458275952909 0.401164575223455 0.400147493390563 0.402330995075035 0.416042807670041 0.417833787861232 0.418504925061022 0.415769725847909 0.413045056387015 0.416461538254609 0.419446454000259 0.427626303705339 0.432937679815214 0.427830826848793 0.439278973295357 0.4541199288819 0.456718548754194 0.458970147960312 0.455192810715599 0.44820036350703 0.454367416488785 0.460248090954001 0.465015609204771 0.472635306835635 0.473291994448438 0.46846352661001 0.470611442343554 0.473577373791408 0.47535090687491 0.475409550677411 0.477297835002241 0.48157022432023 0.485320891316624 0.488231253342188 0.492810619524121 0.497915166705385 0.503150682483584 0.505506426319308 0.508052704868531
