Niches/Final-dists/ascii/Hypnale spp.asc
NCOLS 278 
NROWS 480 
XLLCORNER 370976.070567794 
YLLCORNER 375501.4883978 
CELLSIZE 919 
NODATA_value -9999 
[rows 231 to 251 of 480, columns 192 to 239 of 278]
0.691551007522432 0.691703496780836 0.694399805084295 0.697171973719429 0.698628999360337 0.698427320018577 0.697758872901471 0.700277174590786 0.702824759751598 0.703520491993065 0.7042611870451 0.705081431685062 0.706986471382036 0.708824643309447 0.709283801993774 0.710264529280685 0.711356625990695 0.711560611117612 0.712105852447812 0.713492167343895 0.714520854962079 0.715012140919597 0.716374168212023 0.718535764937501 0.71981224760059 0.720260876532699 0.719477140157727 0.718634529401739 0.71970479801226 0.721267428613372 0.720784981498956 0.719339715362351 0.719204365773617 0.719119974036859 0.720016155868002 0.72054348893348 0.71835429964562 0.716528732677068 0.716481925238375 0.715036351663749 0.715350783899701 0.717285491365699 -9999 -9999 -9999 -9999 -9999 -9999
0.69292141250093 0.693017486882484 0.695589282787448 0.697841727448124 0.700275867979196 0.700774763027734 0.701130315098992 0.703572756456631 0.705125011024535 0.706396113522258 0.707163939979644 0.706904692868456 0.708077645777982 0.711345865659961 0.713607687180276 0.714636759095986 0.713274808663065 0.713923118589797 0.715129044227073 0.71539605414829 0.716701589704362 0.717660642610794 0.717328225250615 0.719258398005803 0.720710658357386 0.719942447602473 0.720526272404306 0.721094341007563 0.720396840997475 0.719736540987925 0.719617946771334 0.719681663301181 0.719842453386151 0.71937092032148 0.719334950073026 0.72009893355515 0.719849447601128 0.718274135181651 0.717277421117649 0.716823181441658 0.717511535170621 0.718599404607843 0.718664658327795 0.718301112867991 -9999 -9999 -9999 -9999
0.694824530710272 0.696550334041017 0.697969391086334 0.699177161351736 0.701163057248226 0.703918624230228 0.70577424326533 0.707610647424121 0.708213687102264 0.707752299492285 0.708611742479922 0.709025246618134 0.709923734234434 0.712265950797235 0.715686890516133 0.71772697236382 0.718232784767829 0.717944945920691 0.71847550708539 0.719555459993571 0.718887012876465 0.719981799669158 0.720832403813692 0.720892431087287 0.721519835228593 0.721867931927842 0.721840416224965 0.722963333596577 0.722675187311418 0.720548561660826 0.721057832742572 0.722478426977994 0.720915796376881 0.719385754205992 0.719968964131783 0.72068829224136 0.720811882325792 0.719545160819868 0.719855750080558 0.719320193048019 0.719032892217418 0.7194796765214 0.7187497418001 0.718093438484822 -9999 -9999 -9999 -9999
0.695724017500141 0.69856997126031 0.701289414274847 0.703065560581527 0.705877158142851 0.707666831722454 0.709944025143818 0.711261012766172 0.711647539218043 0.711870816080776 0.71371444503306 0.716818800449859 0.717513226079737 0.716516512015735 0.717627669883045 0.720643329430792 0.72154573688186 0.722047552591597 0.722353684000983 0.723845526997766 0.722269138545215 0.721821124489148 0.72283513194183 0.722754813758851 0.723545313770283 0.723457540215295 0.72397457410707 0.72510463941267 0.724957530319634 0.722946193926908 0.722236550114991 0.722490570779822 0.722222484825532 0.722510631110691 0.721507768286269 0.720882516211111 0.721236223654243 0.722494721193105 0.723712098896663 0.723654992284266 0.722652821195392 0.720925864972068 0.721249443489145 0.720638333562951 0.719367384784239 0.719617485614302 -9999 -9999
0.70063472500918 0.701022634932146 0.704670848208049 0.707823240815625 0.710560054078348 0.713183192132815 0.716397917799143 0.716829791359109 0.715610722746436 0.717406545086458 0.72173496498377 0.727352856800558 0.725345901399631 0.723122048474906 0.725370112143783 0.726625381583425 0.727163244401121 0.727653838623093 0.725069130321248 0.722542220367346 0.723478292281711 0.723746762533528 0.724294232789379 0.726256455958254 0.726655126211954 0.725697764214637 0.726086980749192 0.726118877443868 0.726230093147956 0.725882380746233 0.725110711313585 0.725343672473979 0.725626746031792 0.724804810482714 0.722961796406472 0.722260760859143 0.722431158382269 0.723658297242992 0.725122240239371 0.725042844370454 0.723865356750119 0.722540836896252 0.721857248456613 0.720731333564296 0.719366462470176 -9999 -9999 -9999
0.704349268038109 0.70561652756057 0.706821607743288 0.709251367282561 0.712888359070699 0.715415807041138 0.717539588890035 0.718720227750086 0.719601421977706 0.724315676591342 0.726672957617171 0.726569581582618 0.727683275813601 0.727067093160061 0.729275727902748 0.730803156850459 0.73091529486861 0.732362636211856 0.730611238665865 0.72725409233632 0.72845202458505 0.730701625444032 0.730177443618269 0.73031333122354 0.730590179161428 0.727629089862404 0.727482826223925 0.728681680786719 0.727893870857969 0.727413806388216 0.726722993155085 0.727047955143256 0.727521409695558 0.725892372481915 0.725036465031519 0.725770473306598 0.724732562547785 0.724579535272844 0.726784403899774 0.725752027025339 0.725547811319906 0.725928265870863 0.724175254275262 0.72301775012629 -9999 -9999 -9999 -9999
0.709866397043522 0.709833578034783 0.710772340031831 0.714365445042475 0.717555652526631 0.719210668253047 0.721828733580168 0.723118359218654 0.721334757539965 0.72377742947612 0.72914706509097 0.732071415546487 0.733476330442839 0.733310851928049 0.731658910581844 0.731084846937178 0.732350799848049 0.734577189136447 0.737109094958189 0.735208205674499 0.734403794092617 0.737541122237165 0.736357101558884 0.732892966798039 0.730681257675142 0.731051874209428 0.729833574191808 0.729758943612216 0.730421703125934 0.72950792046809 0.729025396494169 0.729026011370211 0.728315060946705 0.727510572505318 0.727052182416044 0.72695641547251 0.725902441077101 0.726362906373017 0.727554536142318 0.726734983237903 0.726472584887 0.726399184059492 0.726781713817091 0.726300880752285 -9999 -9999 -9999 -9999
0.714024803715235 0.713558650815931 0.714860958272783 0.717223619463978 0.719083850069395 0.721975150937657 0.725138227016462 0.727862051022798 0.730769261808646 0.732602437868217 0.732115225464476 0.732602130430196 0.735051335424296 0.735421798239571 0.735254551956161 0.734822678396196 0.732399221336352 0.730562894037067 0.733973765160778 0.739357850362614 0.738725066055941 0.737867928853462 0.737766166868519 0.736900651979968 0.736274170152726 0.736022685851568 0.734395877563577 0.732538567619359 0.732550865140199 0.732290618855443 0.731759827112229 0.730991155200285 0.730521620482751 0.729829116340504 0.728535647726755 0.727862204741809 0.728519968387686 0.728741861779324 0.728323361773272 0.728622960124712 0.728461170866174 0.727919926230247 0.727686503912821 0.727262393162886 -9999 -9999 -9999 -9999
0.71769853434688 0.719331183957269 0.720212839341921 0.721266583158814 0.72208951788146 0.723831615427317 0.728826868392124 0.732954608121244 0.735051181705286 0.73706205694098 0.737075123056872 0.737224384216055 0.737373722234744 0.737944865218211 0.737684157776424 0.736446028006451 0.734984775092755 0.733612294907616 0.733926189127032 0.737013558593171 0.737012866857624 0.736540565197901 0.737291866861659 0.738544907375649 0.738679104071805 0.737015710659318 0.73472468252701 0.73440471640668 0.734575113929805 0.734208032932761 0.733394628788765 0.732527422991099 0.732333660178379 0.731233570079824 0.730853038669362 0.731236798179045 0.729922654358386 0.729679547743299 0.730156230394821 0.729845794853142 0.729760865099847 0.729774161794254 0.728687906406643 0.727840607220835 0.727392285726748 -9999 -9999 -9999
0.719652302970178 0.72295956748082 0.724494144362519 0.726072992319237 0.727163398120132 0.727944521271925 0.73258445274399 0.737445509012642 0.740312906574773 0.742273669413049 0.742838433057581 0.743250246286677 0.744448562832934 0.744245038863048 0.740206302441 0.738997840440051 0.740993728072223 0.741303395018851 0.739592041275091 0.73833239084365 0.738222789189173 0.738264293322004 0.737151290826568 0.737163742066418 0.736622958587522 0.736413747014248 0.736881975120194 0.736241581722502 0.735984563536967 0.735879804031319 0.734523464342282 0.733513991600409 0.732909491591666 0.732436575055901 0.732543102330169 0.732417283320085 0.731781270914192 0.730246694032494 0.729395244433402 0.730564738665192 0.731202595699211 0.730677798997406 0.730287583289283 0.729900749399391 0.729252516332164 -9999 -9999 -9999
0.720763691416004 0.724227518738828 0.727469298951002 0.72947802212055 0.731987254388245 0.733419377549454 0.73626602304517 0.740829633028528 0.744376084319489 0.746964174439565 0.751305737312273 0.751313961279334 0.747070317416306 0.746622764517271 0.745024009948694 0.744462781841404 0.744180784316664 0.74356337191104 0.740191775994509 0.73767839331353 0.739506112348229 0.74045678756859 0.739576515655032 0.738395799935476 0.73772235695053 0.737807132984814 0.738836204900524 0.738123102410871 0.737319151986021 0.736599362719412 0.735775351963693 0.735584432952667 0.735111593276407 0.734354527149756 0.733469566806378 0.733083808949559 0.733138609776798 0.73092013701744 0.72949078079842 0.731465455207145 0.732104849431269 0.731515260166543 0.731213509748956 0.730945423794665 0.730598787426015 -9999 -9999 -9999
0.725304166688283 0.727729775814274 0.731429715537207 0.735059405672347 0.737588467692395 0.739178229698859 0.742364286769731 0.745297860365878 0.748779134796392 0.752938924939199 0.755274301006033 0.757092258883566 0.756358404327498 0.753298396845225 0.749611600097688 0.750102424898176 0.753504687757299 0.747319803370328 0.741673089239074 0.741969459491294 0.743124273557582 0.743021666118082 0.742442837184091 0.74136303799492 0.74074670162237 0.740204227234359 0.740007005743903 0.739897634667941 0.738438610679897 0.738180670180299 0.738187587535771 0.737816202406433 0.737094645371204 0.736587987512636 0.737025471816484 0.738268443735287 0.737840413150584 0.734517008143841 0.732524348610889 0.733097797379514 0.733672091602696 0.732660389935171 0.732317058525247 0.7313519337179 0.731917235378968 0.733005796551737 -9999 -9999
0.728086250199594 0.729636967577394 0.732989963493657 0.735844141220886 0.739516488381437 0.743706638028815 0.745308851275128 0.747332485188693 0.752277395177566 0.757713514264452 0.759041492796055 0.755544154728944 0.754543751408691 0.756979582848878 0.754703081163061 0.751716705086812 0.75053399102012 0.751962732363097 0.752318822450892 0.748960062071736 0.746717532287237 0.745262504993466 0.746748429808345 0.745827960373545 0.744648090108547 0.744676297546971 0.746741973609905 0.745381406648078 0.744114685142155 0.744836933912931 0.740351490046406 0.737898518936549 0.740678450381713 0.742263677677367 0.738799312338007 0.739826462766085 0.741857167754133 0.739922767726156 0.736678374290803 0.735683504854927 0.734289196570298 0.733944942846311 0.733446970111836 0.732201846126886 0.731989944470929 0.732956068451844 -9999 -9999
0.734272133760134 0.733286794902908 0.736490222221966 0.739846446237449 0.74499887689048 0.748379388509619 0.749412457119602 0.750855263752039 0.755658060515716 0.760807032491011 0.761934792011454 0.758544211797127 0.757292939051757 0.758232085346332 0.758014649805997 0.75706359028811 0.752924321633203 0.756086705976461 0.758791545685002 0.754098043137782 0.74821098933363 0.748079175282137 0.753064590230273 0.751238100947659 0.74715025130176 0.749987673656846 0.753370952218175 0.750449291845341 0.749387093482871 0.749308389349502 0.742654047104501 0.739549461109186 0.743323416535669 0.745373259540522 0.743361000833733 0.741812512381586 0.740069031364635 0.740310447070606 0.741053524767303 0.73841739745645 0.736753773465447 0.735737613946618 0.734876556909372 0.734261604007916 0.733018094072576 0.733284642836761 0.732561932908954 -9999
0.737828423067766 0.737473178434529 0.738811225561319 0.742654969418564 0.748857454632236 0.753581470403038 0.755084458028081 0.75522910761695 0.75711869855337 0.759792256443276 0.761755017628688 0.763135568061878 0.764631023455407 0.762676793675078 0.76034971843481 0.759609638258817 0.755984329115476 0.757685076247511 0.758132398568031 0.754320858843484 0.753779383629041 0.754902531579169 0.756261484491385 0.754448291903178 0.753586312551868 0.758030175426056 0.758914290314876 0.753001642295478 0.749765549686692 0.748679601737102 0.746294881867901 0.746162376080861 0.746347991786025 0.74395573968531 0.745206858711669 0.745523443013769 0.740170716490072 0.738732290849434 0.738483035473928 0.738188048692802 0.737497312319176 0.73604705031473 0.736487685858293 0.735165010632552 0.73518637757501 0.734962255257719 0.733310006473492 -9999
0.744287311590932 0.742534761152362 0.744408903328228 0.747029505019022 0.752150884431934 0.755279373733379 0.756545249784745 0.757558488642375 0.758991534117646 0.764663150728599 0.768700657398563 0.768228586317356 0.766566960673489 0.766765488775534 0.76764368548245 0.766620070591613 0.76335676971797 0.763943899478527 0.763832453195924 0.759144100235555 0.756360479534139 0.756043126636987 0.755937367957772 0.757656638230571 0.759044182878738 0.759051484531736 0.759672893631633 0.758470196093577 0.755330177866346 0.75238753484858 0.747947438090149 0.745998511615681 0.74606591740178 0.745559105824202 0.742571423136364 0.741821120646173 0.743879033899077 0.743513259513622 0.740326664426212 0.739430021438037 0.740825636334255 0.738901842918002 0.737354507358433 0.735972112297117 0.735201288319027 0.735299591626234 0.73485542054543 0.733373723003339
0.744201690102091 0.744488145478134 0.745096565321645 0.748675297604808 0.752990651386228 0.756576454743874 0.75931595808928 0.760771062242557 0.766774635056658 0.772902797128759 0.771247781402344 0.767547764819906 0.767952737553036 0.769204317736426 0.768582293760488 0.765447271401097 0.764824786268127 0.764989496187865 0.764533796181274 0.761474172996527 0.757968457243345 0.757430056409112 0.761251049852804 0.762274895322158 0.760069411819186 0.758969321720631 0.755041954721681 0.752680138985043 0.751554224092726 0.750617306723804 0.750550285235231 0.750153767047678 0.748169869498325 0.746932662042414 0.744994034741649 0.742754963634886 0.742075986765562 0.740358484261383 0.738025798277233 0.738146775138486 0.737712442074353 0.737575632155019 0.738176750345532 0.737092262726541 0.736575382553776 0.736500598255174 0.735485361050408 0.733872003175835
0.747606566184392 0.748781363722045 0.749558797617586 0.751610100953039 0.755165237368092 0.759369759742951 0.761574628369881 0.763711783772691 0.768214213589875 0.769268111125778 0.766557199516323 0.765063050734383 0.764503282957692 0.765445273053961 0.767751826806328 0.764774366432687 0.760137816778853 0.760205837440994 0.761882758126403 0.762967860621436 0.761944092011588 0.759783571319184 0.759902165535775 0.762804918470319 0.764529722627496 0.762155301931998 0.759008289489789 0.754592480335015 0.752558162950221 0.751692955499692 0.751310425742093 0.750910448876804 0.750843043090705 0.750735209204848 0.747684117425183 0.743870502493995 0.743038037192699 0.7412762636135 0.740283853681791 0.73890753052139 0.738187971833297 0.738447910680032 0.737303856944477 0.737524136286506 0.738194581750748 0.735917388329384 0.735007294927791 0.735212663525803
0.749323300093519 0.752005696826529 0.753999355533049 0.756364168790391 0.760012766363821 0.760708806043309 0.760986960592787 0.763667128400144 0.768887579715316 0.770629139244636 0.767578124324477 0.766846959851092 0.766034016864128 0.765392547433363 0.765951239176981 0.767296357378253 0.768217902846127 0.766915902827296 0.770278275603198 0.76985501030782 0.767484740025606 0.765126920983241 0.761663401098438 0.761553261427423 0.76324801351805 0.764469080477859 0.764274856508107 0.760571842404965 0.756146733250056 0.753875458010595 0.751917538974014 0.75135216045344 0.750903300942816 0.751069010036122 0.750672338129559 0.747414801718809 0.746011116574541 0.744730560357673 0.743387901660569 0.741740187587151 0.739554764415048 0.739018438787457 0.738207340428619 0.737116089173167 0.739130499946102 0.739164164409399 0.736990270163082 0.735957278412605
0.751667207565435 0.753358347259315 0.755021894390813 0.759465219248464 0.763102364755613 0.762648278798632 0.762896919298096 0.765237906108813 0.77080537809016 0.771427555785109 0.767944513585974 0.769759012785771 0.770171440890909 0.768527877230775 0.768344413591758 0.771293359088954 0.773755245901419 0.775343240139262 0.781165501380493 0.788020062636654 0.782410241067917 0.767750443335234 0.763989554024642 0.761946858953777 0.75961993743252 0.759164314285434 0.761727501925811 0.763467908562552 0.759675353135801 0.756557239867563 0.755051946457363 0.755203590261209 0.754156379502262 0.753593921642887 0.755364457205684 0.754568577028884 0.750612541434479 0.748700507522528 0.746906683529642 0.744636023166223 0.742907068595763 0.742507476028001 0.740803347077734 0.738624533823082 0.737114475123556 0.737380870168732 0.737451965211082 0.735927072627044
0.753111474528472 0.754345300166151 0.756231893581866 0.761177725884802 0.766103497856869 0.76621563587502 0.767356615230364 0.772044507033702 0.777739873231775 0.776108837670996 0.77222989216035 0.773535504575927 0.772819942582107 0.772941457459897 0.772567535966886 0.775328483114255 0.780908713773473 0.787197204773513 0.789214613067153 0.780531333602726 0.773597299618143 0.766939959852437 0.764566692049518 0.763036342440608 0.762183201932402 0.759678196937495 0.759435397760429 0.760406901906711 0.760656618439249 0.758712457254106 0.757423830789188 0.756523575404267 0.75476418446973 0.754522845623264 0.754290729917428 0.75636078697216 0.755196519186726 0.749898132333237 0.749162433149043 0.747559297588668 0.745628125659911 0.744733404159367 0.743004833886434 0.740956066914654 0.738613927211358 0.737026163552031 0.736854766855338 0.73686199164883
