Niches/Final-dists/ascii/Hypnale spp.asc
NCOLS 278 
NROWS 480 
XLLCORNER 370976.070567794 
YLLCORNER 375501.4883978 
CELLSIZE 919 
NODATA_value -9999 
[rows 168 to 188 of 480, columns 144 to 191 of 278]
0.537381062317495 0.540575112776913 0.542513740077678 0.543857321088846 0.54501397978326 0.547057366589673 0.548937734385463 0.549954124482808 0.555742798120247 0.558641784939034 0.561863043663309 0.568574646239716 0.569660133032275 0.568255833011964 0.569771348736362 0.571649103308975 0.571040990903485 0.5714003090905 0.570826860321876 0.571220919005261 0.573724156231548 0.583777148938926 0.593085757338017 0.594353093719983 0.591664855664574 0.589034185378594 0.594786273891537 0.595405223487266 0.593253311059449 0.595254348278472 0.59549484167038 0.597481506161923 0.596788233424623 0.595174260674008 0.597060392932692 0.598461541713287 0.599851699584632 0.601579578122019 0.600945487203757 0.601448763244094 0.606544471582255 0.608252674086299 0.607733026971345 0.60667382612958 0.605289048423602 0.6082468327639 0.609686795594644 0.609167917074743
0.536450678006518 0.539419606975077 0.540260603681455 0.542298917760522 0.544752811184442 0.545206435984391 0.546521348400102 0.54804301288492 0.552378580716219 0.557405960954218 0.561970032094608 0.564610386678249 0.564624528827214 0.566253335462342 0.566442486704747 0.567935636313119 0.570037974360053 0.567746177632693 0.565670356115067 0.570840310735294 0.58167304312337 0.592629749893405 0.595282863154917 0.58903456967612 0.585556062187794 0.587078495267664 0.586463696085219 0.58639144815029 0.590693428377797 0.589867880431973 0.588472496114272 0.593265070563751 0.595793978864789 0.593286283787198 0.593814462307234 0.597019887973428 0.598345483860369 0.598634859897612 0.59887873510775 0.600670483893995 0.602843609545259 0.605512709583861 0.606627787285939 0.605462059169906 0.605090827759578 0.605750359174075 0.606989257539101 0.609019655089127
0.534358101116749 0.537223807769766 0.54074758550668 0.541383674772078 0.540678411951961 0.541961965689533 0.544372510352495 0.545881031861916 0.548136474043296 0.553749369992243 0.55788541054793 0.560166754382577 0.564173056093412 0.566420581745752 0.565751980909636 0.565664053635637 0.564424617254075 0.565269841233242 0.567017933820507 0.56881375616053 0.580483104263185 0.592240533358851 0.589073153147752 0.580572953024815 0.579224991021849 0.578161024890759 0.576398790154528 0.577999850508262 0.580654577819384 0.584298486962995 0.586255483685513 0.588176510159578 0.591403917644272 0.589633535800485 0.589057473808682 0.593149781305885 0.595950618536476 0.597629076411991 0.59976753842639 0.601352612003034 0.602378071521997 0.603607208729856 0.60549495503815 0.605623694709434 0.605608937684427 0.606329188108067 0.606419651745739 0.609590106337047
0.533068398618758 0.536512934205766 0.538467625143127 0.538567619359449 0.538869754074563 0.54007306648866 0.541715784694237 0.544224094647869 0.547596843456979 0.549922150928626 0.552705925349053 0.556403559286828 0.561388513077933 0.563525130464206 0.56106439654432 0.558782745271651 0.558398294026422 0.562826093264014 0.566284002404934 0.567390471842424 0.576363972798652 0.588883540748316 0.581777956348028 0.567589614820511 0.577927141416302 0.577817309183308 0.568548360288923 0.575861004196337 0.580317625748395 0.579570090200394 0.581079380304867 0.585023195237939 0.587824493625561 0.586592128318481 0.586484755589656 0.589255079596664 0.592862634194294 0.595429972247954 0.596948946650088 0.600492938436881 0.603398150875593 0.602795649213987 0.601759429364289 0.602248640115166 0.604131467415125 0.60602451702928 0.60599753934294 0.60782425920407
0.531154827516702 0.535173887905407 0.539375950776098 0.541465760723678 0.540391341699875 0.538723797874105 0.538882512752433 0.542501596275849 0.546357483934922 0.547882607097476 0.549836145142258 0.553671434453926 0.55706900888323 0.560656656869001 0.55969322297077 0.558145118816148 0.561349699027785 0.564904374285807 0.563021931283375 0.558691820476948 0.568400405741328 0.571950700007551 0.562868212272887 0.559863927931916 0.568032633008736 0.570818328916794 0.564883622219391 0.578825782751613 0.581797401802855 0.573388280193632 0.576708072803629 0.579882677808221 0.582952292728649 0.583278791906925 0.582648774542441 0.585238709290642 0.589089370503359 0.592384798650193 0.596137463993724 0.599894356610042 0.600026554959062 0.598897335108019 0.60017089710991 0.601295428531132 0.603076263267632 0.604151297167477 0.604329918657664 0.606615797203121
0.526733561337056 0.531889604386833 0.537686501991334 0.54082175492924 0.540875787161427 0.540065995414178 0.538881821016886 0.539581857390647 0.542981276448076 0.54511013102432 0.548283275698312 0.552187507986183 0.555341591502874 0.557698949388208 0.559212543624975 0.560606467612077 0.560883008111944 0.562141198212786 0.558090087410394 0.551439972438181 0.562239962677024 0.567590998291605 0.55684050557414 0.555612444399354 0.562480456068932 0.563692837904649 0.573469981847706 0.580433837320324 0.571576240498003 0.571188868591575 0.574640628972075 0.576336764533796 0.578148112493878 0.581421251384192 0.58327740843583 0.58507861094122 0.587902429163878 0.59239471352637 0.59738766070602 0.599222911972232 0.599088945854592 0.599801740906224 0.601391964069719 0.60205902771573 0.602444708713043 0.603902349229993 0.60495117403855 0.606118977361225
0.524878172880469 0.529306894432125 0.532684869687591 0.535757789566745 0.535643268903932 0.53588391601485 0.538338962331349 0.540758653275435 0.544219098780028 0.54718733601304 0.548465893882771 0.552801231135555 0.55616437250651 0.55379740718302 0.556339919616486 0.56010157752213 0.561846826307702 0.560264289094731 0.554292997272833 0.550635791434815 0.55540000472686 0.55711650805747 0.552087744348376 0.555735035310218 0.560545748602934 0.560459281659535 0.577950045548864 0.580126091861328 0.565088606519877 0.567817733832075 0.57167923223503 0.573868652101406 0.575599451299992 0.578672063741125 0.58138136130097 0.582815098511789 0.585247163836219 0.590841844082423 0.594771901164056 0.596155064820424 0.59732448219271 0.598089234269886 0.598116211956226 0.599518897926926 0.602452702101589 0.604597389735913 0.606128661658886 0.607543568290919
0.524532919982914 0.525969654714437 0.52887194649195 0.53196592587554 0.534268790371656 0.535331526750663 0.536210953209662 0.537714325132232 0.542941770662381 0.549410420342713 0.551058595573162 0.551955315420841 0.552804151796754 0.552444218733697 0.556990919625902 0.561871651927896 0.561827457712381 0.556656965075617 0.550067031096011 0.546019532690365 0.548356138509283 0.550338114571006 0.553404655111224 0.555359499767596 0.555674623739096 0.559362957676737 0.564919054451309 0.56585566438221 0.563870690799783 0.566971587538845 0.56893365698871 0.571169115698727 0.573764584331306 0.575943320726453 0.579892900122418 0.582384608422918 0.585582886155124 0.591210769707594 0.593519782964129 0.59400246065706 0.595537421836285 0.596670100365063 0.596346137550461 0.59778971277795 0.601271986382033 0.603423053355292 0.605226638505344 0.607648865813103
0.52451601089176 0.52577681421578 0.529001454758286 0.532443838279146 0.53260263001698 0.531884301080971 0.533717246562026 0.536110036679277 0.53975632846755 0.547451271554047 0.552722911299712 0.553226571637574 0.553344243540103 0.553259083208293 0.556959560947762 0.56608109331109 0.567606216473644 0.558884122959068 0.553042185684494 0.547505764943265 0.543677008689543 0.545429097971082 0.55003052283102 0.553312961721468 0.552469505510923 0.576165598415618 0.579437200115827 0.557970417160729 0.561086762660346 0.564321471798038 0.566707267700312 0.570436029737711 0.572936730600325 0.575427977743793 0.579962534834169 0.582977733224885 0.585228025819414 0.588731973803975 0.5914380432646 0.59319528213299 0.593372750730598 0.593646063131245 0.595493919356317 0.597800242530169 0.599520742555052 0.600879695467268 0.602375458298819 0.604271044276647
0.524230862127306 0.525176618339331 0.52740784977656 0.531470489504739 0.532629838281837 0.531435902727379 0.532672572166752 0.535617059812643 0.540870099558039 0.544680025232976 0.549224574059033 0.5524134749316 0.554040360079096 0.554628719591738 0.555951471676984 0.563434974264555 0.56590124206882 0.557903395672157 0.550513046804941 0.545330564085359 0.543211701244797 0.545027968213214 0.546791202123013 0.54854267652851 0.553873421233707 0.559446196520916 0.558687055187623 0.556818370036629 0.558885967587194 0.561554760187776 0.56502827180826 0.568849572689973 0.571227375203702 0.574249721528405 0.579595761275145 0.58373118695479 0.585725229958836 0.585920453102155 0.586827548983043 0.589780337455501 0.591062123424452 0.593833523464534 0.596544742512011 0.597686106164882 0.598743385519016 0.600058989670275 0.603095631862953 0.604526371553067
0.521466763740222 0.524181595184445 0.527813821683258 0.532385348195656 0.534524732524118 0.533072549032041 0.533598344907414 0.534420741613523 0.538747931758751 0.542865987190211 0.544928512013429 0.550790279040355 0.55766966591671 0.558060265922359 0.561875571762663 0.5654553800789 0.559364494866842 0.557626855172289 0.554158493138656 0.546251494677191 0.544464203742251 0.544821523582129 0.545933526903997 0.547667477342298 0.549865274894746 0.550203841015345 0.551605450952971 0.5546750658734 0.558021682450727 0.561498191591916 0.563734495756491 0.566844077619646 0.570162717337064 0.573395658706136 0.577611018271234 0.581578967088952 0.585431011772763 0.587497225852233 0.58865788124092 0.589432701913283 0.590650771352387 0.592819362292842 0.59533874001523 0.598039352450982 0.599545721894256 0.600439674799747 0.601931748375046 0.603910496337548
0.522225367056978 0.523531671208103 0.528353913426606 0.534063037476118 0.533470066393162 0.533215123414268 0.533180767215424 0.534962293687471 0.542912026033852 0.544304950847386 0.54455051696664 0.548659118678954 0.553592422882535 0.562958522191549 0.566046275955215 0.559233756848422 0.553460608831042 0.551900898891129 0.543760708690754 0.541603877254602 0.542310369826803 0.544455826056179 0.54621175831298 0.546547019474854 0.548993611245775 0.551603760043856 0.552387957575859 0.553907085697003 0.556484261767334 0.559405153545116 0.563063589135217 0.566781360263367 0.57065469503013 0.57438361078654 0.577599258766931 0.58055865715684 0.582780050577397 0.585537615906536 0.586801339891755 0.587824570485066 0.59012682010514 0.591942779635536 0.594273774710571 0.595932325974228 0.597278135911047 0.598780278081533 0.599997963223111 0.603125991367525
0.522414518299384 0.523717901789309 0.528058158050428 0.533569445733442 0.532313945715284 0.534933855670531 0.534310063925972 0.533823389538768 0.536663117679012 0.534680449881742 0.535364345759402 0.540217331780003 0.54756402444824 0.555059286540114 0.56328671227894 0.559392394867245 0.554700660088646 0.551513911282226 0.539690844169082 0.539521753257546 0.54060877724021 0.543525518604708 0.546150578146806 0.548567425289198 0.549310964142927 0.549297744308025 0.551249898881713 0.553240560067529 0.55508326670575 0.55723932954685 0.561235255224477 0.565097291643969 0.569118734677337 0.573620780196995 0.576101805026266 0.578040739765052 0.582192152221787 0.583793827451564 0.58303291834965 0.5866011977401 0.590724710196432 0.591713815169415 0.592254906086331 0.5943049796697 0.597938435920597 0.600479795461485 0.601809695480719 0.603191398806487
0.519092035606703 0.524741593539651 0.530092091137696 0.531686772152495 0.532424469683825 0.53458852591347 0.534061500286013 0.534448949051948 0.536923363963768 0.534675915170933 0.532729525060138 0.535650109399898 0.544494716965833 0.549507955054867 0.544488645064918 0.544521540933163 0.544814913664678 0.538368168943341 0.537095298676998 0.538566697045386 0.539669938383656 0.54246086073807 0.543985983900624 0.54512127565258 0.546855764107418 0.547756711227886 0.550256412916932 0.552914368327274 0.555513526216105 0.55801953038458 0.56182407589415 0.565471674294012 0.568067450364612 0.571990128933742 0.57472409839477 0.576662418257514 0.58001971830607 0.583427745628087 0.585226719207824 0.588807296119114 0.590855063917325 0.590810792842305 0.592440752370011 0.594633246616597 0.597686106164882 0.599858540080599 0.601562284733339 0.603571853357444
0.519345133957471 0.52887517459117 0.533145873000044 0.535256127576018 0.536973706939702 0.534519813515782 0.533272230026664 0.53331657796119 0.53361909697383 0.53319829118262 0.532669267208027 0.53146626223195 0.533384521763826 0.535689230888067 0.535673397829987 0.536737978837119 0.537259624299209 0.534693439138128 0.535471564769217 0.537142182975197 0.540077678058975 0.541385288821688 0.541350932622844 0.543155670665475 0.545283141770624 0.547903974039934 0.550710191435891 0.552360211294466 0.55298876832835 0.556037554322857 0.55956878743178 0.563213388310937 0.568263057805457 0.573115736388037 0.575745023202924 0.577622624056526 0.579541959621475 0.583119539012059 0.5877327233763 0.59001176142579 0.588918511823202 0.589190978769291 0.59209219451373 0.593434545772814 0.596241378044813 0.599961839255646 0.601757584736163 0.603190092194898
0.519736118260646 0.527252286137946 0.532154077944377 0.533978722598866 0.534424892026806 0.534861069719065 0.533955818466303 0.533471680442772 0.534519813515782 0.532267445714612 0.532529920925019 0.532709541588774 0.534071184583674 0.533254475480953 0.532222175466023 0.533069551511337 0.533263929200098 0.533026740766916 0.533901325077085 0.537114129255783 0.538873597049825 0.538757616056412 0.540604165669895 0.542854073966898 0.543423602900755 0.54638031120798 0.550388764984961 0.551728272442351 0.553204743538085 0.55679815598675 0.561402194069866 0.564932889162252 0.569616937990328 0.573780955405923 0.574681671947875 0.577222800910247 0.5800260207855 0.582460468754594 0.586060798558731 0.586772286998773 0.58657114567355 0.588801685375231 0.590994871357364 0.593449763954852 0.594875277198609 0.596322080525319 0.598829160726868 0.602105373997392
0.520869181086951 0.527072665474191 0.530412134117531 0.533436401929865 0.535146833359562 0.536244233375433 0.535460266421946 0.531926650668361 0.531489320083523 0.532841663078289 0.532574499438061 0.532335543236258 0.535562412704415 0.5359168887426 0.531712827524772 0.530634565525707 0.531451889504469 0.532655663075598 0.533478213500718 0.535954396181159 0.53841974167136 0.538812340024145 0.540892926831096 0.543260507030627 0.543534588026327 0.545283833506171 0.548726908762579 0.55065785011282 0.553284600564034 0.558339189066889 0.562681597394155 0.565670817272099 0.569069544593981 0.573335247135014 0.576530066189484 0.579476091025481 0.580704536497793 0.580804684433126 0.581411029069994 0.582868900165459 0.58539857706155 0.587962687015989 0.590192150684597 0.592597161463182 0.595010011911302 0.597260304505831 0.599779067352177 0.602602347558298
0.513945599995081 0.520975093485177 0.525397435697897 0.529091841536452 0.533414573830376 0.535960237503557 0.534196234998706 0.531477944876747 0.5306593911459 0.534929858976258 0.536646592885385 0.5340100044175 0.538495217705509 0.539917195412026 0.532855113491706 0.53122838206322 0.532676030844488 0.533327107713409 0.533847677142425 0.53620080775497 0.53858990861597 0.540481036742494 0.542036519409619 0.54248299627558 0.543752100426167 0.544393954154458 0.547337212048265 0.552163297242031 0.555610907209249 0.558857298991738 0.561776269281888 0.56420541394512 0.566814179272106 0.568920283434798 0.572425999187979 0.579077190193265 0.58121572906717 0.580188962936617 0.580762488564747 0.5823081332152 0.585309112597446 0.587445115107677 0.589662281255446 0.592328768070871 0.595165806128431 0.597175682190557 0.599378552470351 0.60153123349322
0.512241163606794 0.516787864498998 0.520059235620691 0.525102218338255 0.529823159728847 0.531673936615119 0.529727008487787 0.526635104310838 0.530450487010648 0.537410576367508 0.536124409406758 0.541284372291303 0.544795391350347 0.536937044955701 0.53308015812306 0.531465109339371 0.532047781248625 0.533723779619972 0.534510667234658 0.535902362296109 0.53851896729263 0.539276263997797 0.540214103680782 0.54298865496058 0.545516564088049 0.547009175679885 0.548998376535101 0.552256527821892 0.557406345251745 0.561258082497534 0.562714723840915 0.563268189138176 0.564732208994061 0.567697294987358 0.570714261146694 0.575498227331586 0.578454781919801 0.578998486059895 0.580821593524279 0.583724730756349 0.585014971270878 0.586297679553892 0.588014720901039 0.590190229196966 0.594164634213125 0.596895990450975 0.600375189674848 0.603776069062877
0.511540589216496 0.516016886801897 0.519602229002512 0.52344720261184 0.529062327486439 0.529980491136081 0.526731947287446 0.52490999271564 0.532520928362906 0.543676240094491 0.547434208743883 0.556419161766393 0.548431383964917 0.533653530032179 0.53318099779394 0.531813590336147 0.530117608493436 0.529203748976087 0.533055255643361 0.536463129246368 0.538762919362274 0.539291866477362 0.539363345817238 0.540216947482477 0.543511376455743 0.547314461634713 0.548711152564004 0.552557663363437 0.557643687403938 0.560631908108313 0.561869269283233 0.56349015938932 0.565689878429399 0.566477457779633 0.568197957804516 0.571904200006879 0.575319605841399 0.578322967868307 0.57970766871478 0.582636400162097 0.585781106819148 0.58749484320757 0.590364623414364 0.592335762285848 0.594691121824045 0.597591338394916 0.600139922729296 0.602350325240604
0.512514706585957 0.515361275222167 0.518227058734689 0.52473967205202 0.528402181195899 0.526683679518152 0.526346112571122 0.527024782002425 0.534750315172009 0.546585679805991 0.555729270847324 0.565953737110901 0.560119716365368 0.541732078909348 0.535766551550343 0.532514164726445 0.528398645658658 0.530220446511453 0.535781154856339 0.5382385838175 0.536943501154142 0.538214603651864 0.540589101206867 0.540574113603345 0.542218983875068 0.546535106251541 0.549062093064948 0.552086822034314 0.556196884077228 0.55950560891847 0.562609810616258 0.56491644122813 0.567158586715104 0.569119733850905 0.570570072714856 0.57191227025493 0.574330424008911 0.577658210007453 0.579571319952478 0.583287553890522 0.585660437395915 0.587612207672077 0.591753628393131 0.593388660648183 0.595557405307648 0.598839459900571 0.602043732674186 0.603481927736309
