Niches/Final-dists/ascii/Hypnale spp.asc
NCOLS 278 
NROWS 480 
XLLCORNER 370976.070567794 
YLLCORNER 375501.4883978 
CELLSIZE 919 
NODATA_value -9999 
[rows 63 to 83 of 480, columns 96 to 143 of 278]
0.384450015477583 0.388364931236683 0.378625064153668 0.380825782367315 0.408510960453671 0.467090815846355 0.47071266631196 0.44920583955463 0.392149570134395 0.390995063506127 0.40211809424551 0.417467552318746 0.412632013405835 0.399032723126506 0.395668428862973 0.402007109119938 0.400555771082418 0.398316930554171 0.407318331510802 0.407737907549928 0.414614527484094 0.415946041552939 0.410921581976139 0.41066364147654 0.414081353096218 0.411787865459742 0.414980378729055 0.418056219269408 0.41745310273176 0.417627573808663 0.417456407690485 0.420075779629195 0.420419111039119 0.420975112700053 0.420965889559424 0.424045573075039 0.426486169804552 0.425053662345817 0.422932570579603 0.427935048337904 0.432307278153204 0.43525460960079 -9999 -9999 -9999 -9999 -9999 -9999
0.425975899549238 0.379099825317559 0.384006689851336 0.388112294042946 0.393180409818725 0.403912840552458 0.426531363193635 0.449518119724436 0.413789517554807 0.442613676649371 0.400611801661741 0.402279191768501 0.42774797230214 0.444585737834918 0.395993852008176 0.424646306968025 0.447789626311007 0.398465653696817 0.402776242188913 0.409402607574005 0.411886937362001 0.409773992703343 0.411481426612335 0.408409890204275 0.416090998579829 0.415030798564495 0.415673574606849 0.420201829217795 0.421546178824015 0.419732832516797 0.420307587897011 0.422720976361667 0.424747915233957 0.428219966523842 0.423749049103809 0.42419552596977 0.429510283897876 0.430722742593098 0.428344017765306 0.427788477261404 0.432227805424782 0.43643056003102 0.438122237741437 -9999 -9999 -9999 -9999 -9999
0.387550912216645 0.379937055908181 0.382395253464394 0.389478318029645 0.388623870909849 0.389467327120395 0.396436716477391 0.402045462013054 0.396753915655532 0.430567102094979 0.44755105440673 0.407723688541458 0.41002224890528 0.405382624871236 0.392179622200945 0.404156562043587 0.4136706927597 0.407132946384154 0.408155869539444 0.410729356353524 0.408306821607743 0.409037678643107 0.413000401014469 0.418787230023782 0.415745668822768 0.414913357240482 0.417317138266983 0.424012830925805 0.42361569786221 0.42207404990603 0.420981645757999 0.419596406894989 0.425029451601666 0.428668518596446 0.427549290481085 0.428042805364255 0.431394571528434 0.432869121136537 0.429263872324064 0.42909393595797 0.431937968230508 0.436263083169094 0.440120738596788 0.442394934497447 -9999 -9999 -9999 -9999
0.392824550309446 0.428569907851218 0.385726882438199 0.387506641141625 0.384664069199687 0.38727806097303 0.389893205638951 0.394586170169635 0.396669447059269 0.424758521845681 0.456426175196246 0.402015409946504 0.399187979327099 0.400682512406565 0.398354284273719 0.405270717431601 0.40811344309255 0.403381664511718 0.408305822434175 0.409085100957842 0.407902617469666 0.409039215833212 0.408263780284807 0.414895833273287 0.415096820879499 0.41950671185237 0.422777929255053 0.426048992938725 0.423461594554197 0.424362234236644 0.427561049985387 0.426389864844481 0.426575787987666 0.427629762383075 0.429228747530168 0.429943617788441 0.429467473153455 0.431049856647415 0.431955031040672 0.434182496362144 0.436056484818999 0.437660004676901 0.440538546867293 0.443833667576107 0.447556665150613 -9999 -9999 -9999
0.377561482320104 0.38994623869757 0.386698617162997 0.388033282471556 0.38471717911781 0.387139098987549 0.389264956043088 0.388787351077503 0.389666777536503 0.400943066129342 0.413834019208343 0.399805699170744 0.398837038826156 0.407057162911984 0.404748149655448 0.427848427675494 0.476776266399657 0.452324029682372 0.409388311706029 0.411655052234681 0.412267776210484 0.408144186894647 0.406886457950837 0.415350995263341 0.417523967195595 0.42269976313822 0.423793397038334 0.42498026151831 0.426493625176561 0.429901114482041 0.42706538303607 0.429121144222826 0.430978915324075 0.428026126851618 0.428887721905401 0.432566832702413 0.432669055844387 0.432946902955844 0.434671245955989 0.435635525308778 0.436838069127823 0.438241984850607 0.441536567542884 0.44584262132417 0.450178419733985 0.452558451173366 0.453902339622554 -9999
0.378843806305592 0.404326114112155 0.433075565767622 0.388137350241656 0.385567552683828 0.389163501496166 0.391613551944824 0.387066082457567 0.390225546139626 0.395482659438799 0.401951078540615 0.422124700319985 0.447062689110411 0.427915449164066 0.453570690857427 0.418688926716575 0.451553205704282 0.465986729053527 0.41321514647212 0.439573652638462 0.456171001638837 0.409356184432837 0.414984836580359 0.418535515144109 0.417464170500515 0.422016866434128 0.422494471399713 0.425350340036059 0.428782347523712 0.43019879134585 0.430506459945341 0.435603244316576 0.437475772442831 0.432328107079126 0.432469682287785 0.438843103041119 0.438966539406541 0.44046506918028 0.438126003857194 0.436005911264548 0.436314271599587 0.439143162549591 0.444344937004989 0.446899132083252 0.449191005670118 0.452344090013241 0.455179360302181 0.457240655373315
0.447206416385217 0.436049644323032 0.414143839873981 0.43239397567512 0.387328788246491 0.390131854402733 0.413632647304604 0.440035193967451 0.397485387566937 0.396569837140473 0.399691101648425 0.407909227387117 0.411227867104535 0.408232191028152 0.415852272956541 0.410325305934457 0.437463551781498 0.463956946379543 0.409395997656554 0.418975996968661 0.424084925141724 0.435771336054544 0.453316362754575 0.423755889599775 0.424264930103005 0.422769013552444 0.430415150853112 0.428893563227799 0.432303050880416 0.431519160786434 0.433469701310512 0.437369936904111 0.439677489830046 0.439276283212674 0.44087327001263 0.440282527855326 0.439203266682692 0.440358849344033 0.43645400218012 0.435333083155644 0.43759505839497 0.44111276423097 0.445001317179771 0.448667976736934 0.448697644505958 0.450884758587176 0.45597977518979 0.457907104143285
0.443314327899174 0.393677921396168 0.407485885232234 0.440189143556455 0.381386318739058 0.390669102344388 0.39658943631431 0.401024844642921 0.395568742084672 0.421374167251279 0.446805286627349 0.425080486313148 0.446832187454185 0.40467943725776 0.408538168718527 0.408640161281986 0.412837996879888 0.418566335805711 0.407825911683433 0.437045436072971 0.478686916840513 0.480822150755692 0.471241536567543 0.423747204475683 0.42329557802287 0.419611471358017 0.424589430934145 0.421118839974859 0.425657701197529 0.431300879791542 0.434664174881507 0.437730715421725 0.44326091054303 0.445168947760708 0.444001451876054 0.442273727057678 0.437827712117343 0.437281702192091 0.437741322033449 0.438651184856525 0.440335407194934 0.442297399785293 0.443860491543437 0.446479940341652 0.446016938682063 0.448472907312625 0.454414070208468 0.457210449587754
0.410285262132225 0.431657277317357 0.409070190213825 0.441209222910051 0.383699098111351 0.390264667627795 0.393193399075111 0.388936919674708 0.41259104728954 0.448552764338573 0.43253455171021 0.473546245691785 0.457127518181596 0.404801336433077 0.410467496019158 0.413273943993631 0.410005954690169 0.406950712497221 0.412186766291957 0.419545064745486 0.448602415578961 0.466577932367863 0.436290060855435 0.427554440067936 0.425055430114438 0.4283058185912 0.426290639223212 0.421186630058484 0.426502387160158 0.434062518674458 0.436770509622714 0.438183187329096 0.440922383236481 0.443495946910065 0.441793970025946 0.439496408835692 0.436177231101737 0.436878420368076 0.438658025352492 0.440821851003622 0.442790991527969 0.441493987376979 0.443914370056613 0.446421219679646 0.44857559161163 0.450752329659641 0.450715283378114 0.453568461931775
0.384308901425955 0.395632228036003 0.410090730724453 0.443340921287989 0.389141903975193 0.394149531320344 0.393643027180788 0.410880308421823 0.448627010620639 0.429963063243267 0.462146290155008 0.463726214144801 0.415144243194235 0.403341620709486 0.425273326811804 0.445611965948933 0.411259686939706 0.413650939866852 0.422046764781668 0.418911819281783 0.422615986277504 0.421610202791883 0.419804081278158 0.425707044999895 0.425918254920305 0.428692806200103 0.426695458237331 0.421594984609845 0.425918639217832 0.432831613697978 0.431224712021845 0.435402256710363 0.441632488205429 0.444014210553925 0.442702372518423 0.437983813772493 0.434126696361336 0.435752428616254 0.437648398891609 0.442664327063327 0.446877842000299 0.446686922989274 0.445314135366114 0.443494794017487 0.444502729569254 0.448208510614586 0.452733306547796 0.454244133842374
0.380834006334376 0.386059376657884 0.387048404771361 0.396865438797641 0.38853110148702 0.389905426300285 0.394379264381518 0.421365866424713 0.455272283444021 0.410758255527495 0.416850677929659 0.438306469975507 0.45025381890863 0.408191609209383 0.431888547568636 0.455676487582098 0.417155118429929 0.416730392803952 0.42348142430655 0.422976918514129 0.423042325953091 0.416919390327347 0.41724204653036 0.428515491321505 0.425061040858321 0.427189511137038 0.4282618549542 0.428785729341942 0.428794798763561 0.430213394651847 0.429137669016454 0.433706274867653 0.438229149313231 0.441343803903733 0.441955374986958 0.43695674020392 0.435749507955055 0.438284411297502 0.440372837773987 0.448952280046831 0.451392261900301 0.449407826334411 0.446293709760446 0.449011461865868 0.453570613997922 0.451140931318154 0.450754635444798 0.453798041273939
0.388822245292884 0.386423229555708 0.388834927111249 0.392304672615977 0.390518303995099 0.39368806685086 0.397130373512216 0.400555156206376 0.424368382997063 0.446754482494383 0.425769454918153 0.475034553151326 0.460425482692104 0.410600001806198 0.416419957262272 0.426941792951637 0.421416747417184 0.4243278780378 0.425277400365582 0.424014291256405 0.422819817685411 0.420983644105135 0.42155255816295 0.426705373113507 0.426299324347304 0.429771068199168 0.4323467839389 0.438237065842272 0.435031409597562 0.434429369092987 0.436773814581439 0.439371435280165 0.436721012101337 0.439267521229076 0.441468854318764 0.440288907194261 0.438116550138049 0.442058059285964 0.450706905692042 0.453519656145945 0.454039456979909 0.450829419743401 0.449060267651698 0.44951335443511 0.451824442898287 0.452682194976809 0.450400620563645 0.451850190832544
0.393475473459356 0.391764119715597 0.3942646668592 0.395756432996477 0.393421287508159 0.393091483371158 0.391186597393195 0.408567452190025 0.455147924764536 0.476560444908932 0.474068352310906 0.48518231362867 0.461548323204211 0.41217977207698 0.413776912595947 0.418396168861102 0.421494836674512 0.42301972925855 0.4212088424555 0.418445820101489 0.419367134990847 0.422724588758413 0.423248078848629 0.421618503618449 0.426643578071291 0.429928630184918 0.428142953299588 0.436556840198136 0.441054889023521 0.440256318764038 0.442765320453217 0.440560989842824 0.439215179906005 0.436497504660088 0.438902131141147 0.441290079109567 0.440389670005636 0.444453923783425 0.452886641260757 0.457650547114781 0.454951933026164 0.453832090034762 0.454935715670558 0.452769123077239 0.45228060406191 0.452910621426393 0.451054310655744 0.451592480911461
0.435458517868202 0.396333801599869 0.393738794124321 0.391908769304466 0.392133429638293 0.393192169323027 0.391993622198255 0.395788560269669 0.408737465415625 0.416455466353695 0.4213744746893 0.422678626774278 0.41914731680585 0.41078969106514 0.416507653957755 0.42193086064776 0.420880498649098 0.423854961502035 0.421173179645067 0.414310086983824 0.419898234172082 0.420707257324278 0.421131982950256 0.425471316897312 0.428123738423277 0.43267320625767 0.433705967429632 0.436088919530212 0.433133056677544 0.436709867473077 0.441183551835299 0.437205688141405 0.432935912046594 0.435055850920229 0.439258759245478 0.442287946066148 0.444683733704104 0.442289867553779 0.449612656915886 0.460875418235802 0.45652824461921 0.455380578486909 0.456134647092856 0.453108457792891 0.452254932987158 0.453069105726206 0.454552109879886 0.454201323097953
0.404644927339906 0.399696866111318 0.397415752855186 0.409437501789385 0.438393244356927 0.397223450373066 0.393580386684014 0.392731627167606 0.395963953660636 0.406538284392083 0.408378992683167 0.409846394357283 0.413147433248 0.41720261760417 0.42469664994396 0.424032968116179 0.421452640806133 0.425574154915329 0.421372015185132 0.416987718427508 0.423344153230184 0.427040403696865 0.4241798466307 0.425093244991018 0.42844608718827 0.435620998862287 0.439523540241043 0.436261084821958 0.437162185661437 0.436952359212121 0.436815164995261 0.431229246732654 0.427323246676163 0.435928360023757 0.438082347658216 0.437623265833394 0.441850615481311 0.444932451063073 0.452846904896546 0.458901358703119 0.453525958625375 0.451496483389412 0.44941397509483 0.449514584187194 0.451935889180891 0.45491919087693 0.45840200249755 0.46035815376551
0.435207110426549 0.395588571837025 0.415541453117335 0.458977372753805 0.466410916662968 0.438504998077552 0.395615242085344 0.399417712388273 0.419893930039788 0.447233624650073 0.407936281932963 0.408424262931756 0.410329610066751 0.419672882102707 0.422909897025556 0.421671306098552 0.417377780416621 0.415626920887166 0.415946118412444 0.419632146564928 0.424549771429439 0.42688422518221 0.423702856541157 0.424875732591178 0.427898386353902 0.431460978140965 0.432862203781065 0.430845948380003 0.43572906332666 0.435323398857983 0.43553676084454 0.433905802143266 0.430150216138536 0.434220003800703 0.437059117064905 0.438132613774645 0.441744549364074 0.446236680007555 0.452381674311305 0.45838632315848 0.456273609078337 0.451970783396272 0.452402733815742 0.455928202461772 0.459916057891348 0.461646319073397 0.462502072804782 0.464220805061045
0.459903068634962 0.452906778451131 0.443187817153543 0.430776313668252 0.470438969613787 0.448671281695659 0.396384067716299 0.419001437464897 0.46889709107909 0.454314767727693 0.40299137194409 0.405673691817595 0.426601151624397 0.447020416382527 0.421101085429148 0.417809577117081 0.418813515974576 0.417038291981959 0.433501598005188 0.457360940499022 0.433033062461222 0.425833402026516 0.423215874715932 0.424615178868401 0.427005048324453 0.432310275673909 0.432709791382166 0.428803407028148 0.430582935153059 0.431947191371137 0.432889796343447 0.434041305451011 0.430044226880805 0.433838242638156 0.43540602282612 0.435523464150133 0.440441780750191 0.450519137920731 0.457088704131448 0.46156676948547 0.458877071099462 0.459868943014633 0.462346124868642 0.46105788270125 0.461044124849812 0.462587694293624 0.460214042193178 0.460504494263495
0.463608081085241 0.466784223279937 0.4640442587775 0.461084245511549 0.47044458035767 0.447785399038219 0.394255136280549 0.401978901681513 0.416413654782842 0.423151927607569 0.436005757545538 0.411706240665173 0.440818930342423 0.463763798442865 0.418114786212404 0.442504766730441 0.460599800049997 0.419140092012357 0.431945961619053 0.436249940193698 0.426441591291511 0.42502291854372 0.423248847443682 0.425721955743913 0.42588505161404 0.428009986355516 0.430266273991454 0.428345093798379 0.42770224089652 0.427578804531098 0.432767282292089 0.433985274871688 0.431258145906626 0.433582684783221 0.43662255507512 0.437646016246946 0.439350375775729 0.448011212264625 0.455853110725148 0.462779535618712 0.464409264567903 0.464405344733135 0.461970973623547 0.46084828683045 0.464511180271856 0.463198881079323 0.462178878585232 0.464733995977558
0.446719972576529 0.42529715325843 0.467921820817051 0.451949262734803 0.413598829122297 0.409108312528426 0.398868166925779 0.397262033844699 0.399175451227744 0.426271808644427 0.455873017337006 0.431686253350834 0.480956654889869 0.487771633500829 0.455757881798151 0.440200595622736 0.47192935227997 0.426663715261665 0.427638293788157 0.423270060667129 0.427506402877159 0.426788765676697 0.427982470652639 0.42626174004924 0.423084982978502 0.424494586304674 0.428279686359417 0.429091553313308 0.430622978955291 0.428637928513358 0.430426987216919 0.435904533577132 0.435409174065835 0.436036193909614 0.436861126979396 0.439080675771828 0.441650703908171 0.446950013075723 0.454437589217073 0.465378539788533 0.46810267123289 0.467818137344477 0.468831145623591 0.467424386099113 0.466313074512792 0.464377137294711 0.464237252995167 0.463563733150715
0.398868551223306 0.400009838016671 0.415206268814967 0.426901211132869 0.440728005547719 0.399830832228958 0.395897700767116 0.392263014764134 0.418727279609692 0.472280215921408 0.459023334737941 0.435969710437578 0.46714454064052 0.4485927312813 0.464743987713239 0.414100260534508 0.426962007001517 0.425129599536998 0.424171238366113 0.431617771531662 0.428420416113518 0.427872792138656 0.431917984759144 0.428935912815189 0.425212300364641 0.429819797125493 0.430388634323803 0.429981893822052 0.433426890566091 0.434020553384595 0.435247845964328 0.434627589757011 0.432803713697574 0.436635236893485 0.441902956804382 0.442684617972711 0.446397162654504 0.453367397466057 0.458500536383272 0.462829648016131 0.467445829901076 0.4705109869702 0.46971979522322 0.469028520833057 0.470380018373265 0.469272396043196 0.465871977812198 0.463106342235009
0.388160100655208 0.390568262673508 0.394232539586008 0.400059028100027 0.404086312455794 0.395285591667354 0.39708425780907 0.396857983425632 0.424133039192007 0.46142826865702 0.437192775744524 0.457035440494314 0.444379446922843 0.45774977273605 0.41728308950616 0.410615450566752 0.415349458073236 0.422298402801836 0.425798200373114 0.423366288767694 0.427237702046826 0.426667942534454 0.425540413592527 0.428669748348529 0.430556649202266 0.431756041781596 0.430314541760748 0.431363212850294 0.436910778219784 0.434743263312403 0.436394743501577 0.438338289810678 0.437867525341059 0.440225036945403 0.444821850235027 0.450317919736003 0.450591616434176 0.450535355276338 0.455562428076316 0.457274780993644 0.460906853773446 0.467971856354965 0.470171421676033 0.46933372992838 0.469224281992913 0.465308520779255 0.463997758776827 0.468444158014688
