Niches/Final-dists/ascii/Naja naja.asc
NCOLS 278 
NROWS 480 
XLLCORNER 370976.070567794 
YLLCORNER 375501.4883978 
CELLSIZE 919 
NODATA_value -9999 
[rows 273 to 293 of 480, columns 192 to 239 of 278]
0.872286141430851 0.870748542272669 0.869249589253694 0.869077106932712 0.868693455428527 0.868138461847721 0.868339226301137 0.870079483532833 0.872315747061202 0.871282156271721 0.867115642295143 0.862191313772194 0.86121827810284 0.860481395185081 0.858878374506734 0.858676144024856 0.858118992124368 0.861118465998313 0.858833273769988 0.855674430385203 0.851480204398371 0.851074603190254 0.853395366970315 0.850257047984013 0.84656929410816 0.847053592538636 0.846623598245813 0.842632091417015 0.835379282103067 0.831803272174512 0.828210199303566 0.826514146902333 0.826382957716395 0.824955269969931 0.826437689445683 0.824537288965903 0.81976715813116 0.81170318712399 0.811662993510294 0.81086360076779 0.806831818879269 0.807076808524654 0.805458414908952 0.802453952465931 0.80397039601893 0.796627059447388 0.795089175228116 0.792366536395615
0.870396003150312 0.870501597922666 0.869198156088448 0.868929995048743 0.869601293554287 0.870124319569995 0.870126701866248 0.872107163789317 0.870046294277349 0.865968373215255 0.869579608549937 0.869482993201919 0.862850945134552 0.858943266627732 0.860146652019345 0.862479510534226 0.863637530489511 0.861558844659415 0.858694917333786 0.855715927135311 0.852515342662341 0.853213721971438 0.851701289635206 0.84880001930678 0.845890360037705 0.84409172636707 0.843841666706584 0.838015730678843 0.839892552534175 0.837894111400927 0.83068512004882 0.830436913285419 0.826778296725271 0.828908232467054 0.830079426317 0.825144978125354 0.818051965913881 0.820017584298762 0.820796371196758 0.814730515538733 0.80834066759037 0.804249409741563 0.801681966311083 0.802138491646786 0.804144018584273 0.800093504109835 0.793404464185966 0.789103564266939
0.872712368844983 0.871015542706506 0.871314531066948 0.872416882663648 0.870301770098546 0.867797080830889 0.86878017508442 0.869702510602758 0.867035621574867 0.867869425263241 0.866429968566059 0.86781402160424 0.868607977824528 0.864274906725339 0.865999831742692 0.866127763087601 0.863928679669976 0.859457740810739 0.855152809313439 0.854129114216084 0.855646209337289 0.85402488366466 0.849928128209117 0.847575254333413 0.846314999254336 0.845643558218248 0.84368956625354 0.842305472492345 0.841408222349931 0.836088595541118 0.83203985251774 0.827068366745895 0.82387083649889 0.823222383603563 0.825294696282145 0.824251474500122 0.823294626228382 0.823121716315765 0.817197678550037 0.811072509823778 0.810195295403692 0.805959715197297 0.80337394641103 0.804479901994368 0.803562595768119 0.798465642393642 0.794569162715359 0.79155625024717
0.873562787522605 0.872782840018743 0.87205778713622 0.873920355937051 0.870013390082956 0.868549662470108 0.872119441777695 0.869014434215915 0.864792699833894 0.865583907250813 0.86606374651138 0.866434916412122 0.862433921121326 0.862358420655478 0.864005055680601 0.864405892296213 0.861504540521762 0.859272980501379 0.860975080270021 0.85830733605886 0.855403520542131 0.852312480973763 0.850666741854923 0.849642049043753 0.847899368792792 0.846701542092434 0.844612268278994 0.844121657781525 0.841484720529594 0.834869796489136 0.832678491166967 0.832916109947024 0.828441953969771 0.821998657067024 0.820105301668469 0.821939751228917 0.822617483970493 0.824831472010826 0.819412847557743 0.811241265989083 0.810306123083199 0.808300535061193 0.806051504868291 0.804506779182858 0.801868355540958 0.802013716335373 0.795879629269297 0.790640471133902
0.872408208661908 0.871243347240463 0.870387288425559 0.871335157272963 0.871455330883922 0.86927443029154 0.866474417734599 0.865258448932011 0.86765898909427 0.868016109555574 0.867361405677772 0.867563249291029 0.868921870807677 0.86793042833651 0.863221198767504 0.863334653081341 0.862953628211486 0.862058577111766 0.861219907023355 0.858957417874702 0.854232937537378 0.853915298037045 0.854073568026538 0.847767609484673 0.847302247255179 0.846093730763944 0.843784328704472 0.843331468439927 0.840519483317204 0.839679286115811 0.838947452851647 0.834111676520168 0.82791483529127 0.826684959579788 0.821122277468702 0.818462779667645 0.82161814123483 0.820959018910133 0.816615400550613 0.812859720689305 0.806448432074669 0.80691809058202 0.805547252161513 0.802548490940293 0.800525127323172 0.800019204972866 0.799128002197862 0.794927301251985
0.870436196764008 0.868126876150562 0.868226423555506 0.871347801768457 0.872412871446881 0.868122050473538 0.869006574674433 0.870283302212213 0.866443977282484 0.867903958378149 0.867932240510582 0.862627192540375 0.863229974576776 0.864618527507878 0.861900795798428 0.861184803786267 0.859987363954531 0.859279211122347 0.860179413683194 0.858352599687658 0.855522024509563 0.855718370516083 0.853561028186642 0.847800941270701 0.850432279108363 0.847390941977195 0.844087837319342 0.840439991996095 0.837953729891759 0.835858815941038 0.836132474587478 0.835779650404032 0.832813386147077 0.825354477665028 0.821464147161688 0.819511906286533 0.818296772305708 0.818226260408936 0.817709851882818 0.815721265718682 0.812860942379691 0.808646008740818 0.805031291588536 0.804768892855152 0.800011019647281 0.796194153459146 0.795646815804758 0.79615624033417
0.869502356994536 0.868386872226187 0.869059534952661 0.867944722114025 0.868232022969775 0.868524841793767 0.868648212161237 0.864031566361975 0.863368127397914 0.868257597021853 0.866631547479732 0.867402149052142 0.867950749119929 0.864166787126187 0.860223129837503 0.860239093258545 0.86113662846205 0.859358071236756 0.859190842184434 0.858138009771375 0.856974390401822 0.853111894077774 0.850305040054672 0.847793285344283 0.846059910301761 0.845263856846311 0.848294137679487 0.844393239554309 0.839141111139317 0.83814504660619 0.835821024985101 0.83408319077267 0.833401304283783 0.832439609973512 0.831045254013076 0.823416204783285 0.819276425464652 0.82202669486138 0.820761980612395 0.815620333731301 0.812933531150119 0.816481462561306 0.81127215439434 0.800662119538444 0.799705434158755 0.797103946289522 0.792957468035273 0.794942348405238
0.866719977502164 0.885044111600215 0.91017009854852 0.892268883119807 0.867550788049093 0.868051620022791 0.867404470263875 0.866036950768916 0.865831380999983 0.864694374119336 0.86526803920154 0.867931792557441 0.868498738342522 0.865661443867305 0.864285250370606 0.865960534035279 0.859914327230961 0.858217154946875 0.859962787616268 0.862613428162027 0.858558169456591 0.854420670626678 0.85496238850529 0.853444540008347 0.84754434556665 0.849578297167115 0.848463158544376 0.843909592692039 0.843595109225204 0.843706201604294 0.841120616071584 0.83726557205889 0.837233869193376 0.832894200966104 0.827306962878261 0.825351118016467 0.818219194966204 0.818180406296452 0.820236653746459 0.81839941465963 0.816560709544338 0.814039710710029 0.806243025197787 0.801534487919999 0.800796261142815 0.79933143400862 0.79933456968061 0.793498554707186
0.867788243937098 0.885596458185185 0.892841194161833 0.866624339506455 0.864731309892003 0.866246022716956 0.867507214425329 0.865431684628731 0.864430000319828 0.863767457262051 0.865450071069038 0.869834208826358 0.870143296493989 0.872081284314642 0.868974993977957 0.863661333090529 0.861360890093887 0.859436259421454 0.858213673129275 0.860518880718422 0.860112607580592 0.856802294949462 0.854419102790682 0.850702455937204 0.847616058792302 0.847563729720773 0.849583428266736 0.847725827673475 0.845379041888195 0.840642629708103 0.838518171211549 0.836301760151951 0.832637523816027 0.830155904135157 0.823236005451366 0.821543373783214 0.820152988316532 0.818645300211298 0.818792127034176 0.818383166177498 0.81692919172623 0.812945890584523 0.807040137451571 0.804423582067579 0.803928939991836 0.801735903941621 0.800938649157292 0.795483292546606
0.865728636838529 0.867482210495431 0.867293072462188 0.879889189016928 0.888193934837651 0.867503752969236 0.865845084293811 0.862031577754238 0.864437126847079 0.866079730293929 0.864437126847079 0.86527003462917 0.87051424241816 0.874348252994711 0.871988130422718 0.868172770986059 0.864477401906801 0.86081178098844 0.859550731810612 0.859933752108097 0.858408593830344 0.855460492037126 0.854532679273558 0.849090720534104 0.84586220007431 0.850861947617082 0.850258188228373 0.844312160035699 0.845913185286415 0.842522729765971 0.837428260495279 0.839128609174368 0.837809692595262 0.835783661620799 0.82468098011679 0.816647795707345 0.816905246594667 0.819632527850634 0.817819926186587 0.814905644855552 0.813363891950058 0.813640014338776 0.81334202369215 0.812761639312824 0.809255001036681 0.801929419698747 0.796930914207867 0.795086568955293
0.886537037613287 0.863402803043367 0.863649767754876 0.879319901658607 0.88628555264735 0.86139819237367 0.861506678479938 0.861514578744433 0.863658462118122 0.86502347714779 0.865463550386296 0.865921256689372 0.866636413879769 0.868602276602727 0.870767071243521 0.867743102477339 0.863181025515314 0.860217856207337 0.86166032640747 0.862333274195035 0.857277960101211 0.856493858850036 0.854636726571423 0.852446561493615 0.850288608318982 0.850274538518037 0.851998669436639 0.848661642509071 0.847621108445897 0.842310257446357 0.837068818822242 0.837648266572272 0.833920828120385 0.832470030064121 0.828958790087524 0.825685616844125 0.828687411929804 0.827531468848175 0.828729560248117 0.820379489714077 0.814550173676269 0.813686520019466 0.815570529486569 0.808926203430823 0.805199681246725 0.804628357737761 0.798269886870808 0.801099199635505
0.862753800387366 0.881618288143099 0.891830051933193 0.882194396606075 0.887292714201482 0.86332198822434 0.862367888755968 0.861807051422817 0.862723950418938 0.860467040323047 0.863873296372482 0.866391994356564 0.864158092762941 0.865486803226641 0.866003476452343 0.864271221292675 0.863598436397162 0.860217754399805 0.86129137591093 0.861176089061514 0.853935781712516 0.855012966487266 0.854287709989679 0.854940499885876 0.855673371586869 0.851865668076628 0.850833645123143 0.847906210258953 0.84356454660405 0.838109617584999 0.835859650762801 0.838210529210874 0.836305058715992 0.835790462363947 0.834476982307057 0.830497183344457 0.831770734487234 0.826572584425792 0.822644055736386 0.816442185215399 0.814453924835367 0.817670167306782 0.814437655991728 0.809805087494437 0.80412783118666 0.798184388905302 0.796516516828971 0.799170211600694
0.905253721193832 0.907442837654059 0.890162851786574 0.862388229900894 0.861503379915896 0.860019738749757 0.860004325089389 0.858402709354986 0.861426107998988 0.865203839371761 0.863937618371299 0.863210529338134 0.861608669265653 0.862775892621845 0.86463255658581 0.868067949950949 0.865035795859181 0.858463081221555 0.853993201160653 0.854955058362975 0.85846208350774 0.858278646696298 0.854645950333837 0.85691071997121 0.855192778950564 0.854640025135465 0.853310724188078 0.850486481438484 0.846168396408029 0.83674095784568 0.835682973971494 0.836533616625687 0.836547910403202 0.834937131990905 0.832314875385112 0.830356118827899 0.827624643101606 0.829169287341014 0.826166738879598 0.819622998665624 0.815067620639215 0.812657062615791 0.815390411600675 0.809486002327147 0.803912325002588 0.803861970997182 0.804912380390975 0.799726528679419
0.908637355609622 0.892023262267722 0.881447801249748 0.88559517541028 0.858569062862532 0.858885154888376 0.860088316303419 0.85979427578904 0.860502632236289 0.859459817684395 0.857902019911833 0.860873496714434 0.862318593548898 0.859881158336984 0.861578065921487 0.866567429095979 0.862586143743409 0.858344740146175 0.856948918157276 0.856723251581495 0.858792550757125 0.855855525623406 0.854384447506736 0.850836231034459 0.854158821653967 0.857997617184529 0.853121647239355 0.854778829524809 0.850482246245146 0.846594216592033 0.849977647392758 0.84418382146066 0.837037360294805 0.834340132622331 0.833857727811953 0.835307874300012 0.833684268138662 0.829032702355871 0.823900788274851 0.824102509719069 0.818437897906786 0.814529690000799 0.813712786362763 0.81257569803609 0.80859469774461 0.799896852680719 0.803129771225902 0.808336086251423
0.889464472477477 0.865354331265797 0.864530728692145 0.860394655167682 0.875431525859884 0.88416221403365 0.857142800421518 0.858084988408627 0.859481380519706 0.858953956418608 0.861718173447243 0.863244309077304 0.862419525536279 0.861000206368958 0.859575878271055 0.864427373685499 0.865483586108625 0.860222661522855 0.85845951795793 0.858011625900954 0.855198785594961 0.853020206214312 0.853169170995366 0.857254300030737 0.858729776232796 0.853047225933347 0.853822266314159 0.850530584461415 0.850191992970964 0.849298835491342 0.849053173916244 0.839201544090406 0.835940954257983 0.833582297714453 0.833271418234255 0.832442521668932 0.833161201399941 0.831424324178313 0.827021799980686 0.820248646673748 0.815512132686123 0.813406976897667 0.81457778387899 0.811591626430251 0.810627773800299 0.804124939852746 0.799398973125453 0.803429553685094
0.887459006624509 0.857247865794705 0.856622726824242 0.858484501526321 0.859119902696026 0.860286128338402 0.877085837172932 0.885287696301657 0.862982337935555 0.862909016150895 0.859824695879649 0.861824297618764 0.862530108877709 0.861594619826216 0.860051156554181 0.859277948708948 0.862259687710791 0.860913832858675 0.856179497552239 0.854474139942567 0.854584825091529 0.851886660789759 0.852027175545643 0.853926863372699 0.852499725386908 0.852119128108689 0.854709844741019 0.855739465036746 0.855242644279815 0.848043243197237 0.846821369557784 0.840408289130581 0.839486279396346 0.836785814244349 0.835470745989958 0.836950233408784 0.836415967841525 0.833441579343504 0.829483730084837 0.824553211663932 0.820184283951917 0.815259466752813 0.816663616597843 0.817379282825901 0.815255822043162 0.812182598792922 0.804401265856529 0.802266524799228
0.88792758597202 0.85801484301897 0.877638407734473 0.886287812774564 0.875992974038229 0.901021276659429 0.883473669332159 0.860412410401291 0.860699650172521 0.864554103701529 0.864304634524729 0.861606286969401 0.859825184555803 0.857167580374845 0.85786186702115 0.861718315977788 0.865426512806097 0.859497730809371 0.855459759022895 0.854323851663595 0.853980739918717 0.856279085680196 0.857569414704273 0.856344812622957 0.855107932553263 0.851921764026847 0.852299693947724 0.856155674589714 0.856467979375362 0.851873731233175 0.846723043843225 0.839910491021342 0.837036057158393 0.8376071974138 0.835098313675818 0.833772453823018 0.832157440217383 0.833518240415219 0.832654607119923 0.826440743671648 0.819533855990466 0.814005381210185 0.814827558478387 0.816072562789146 0.809750192873097 0.8084772118525 0.806601550603034 0.802976021490837
0.877868798179747 0.884588502532302 0.860386754903187 0.860064696955958 0.85607809725021 0.856909416834799 0.858042412498679 0.859405717161806 0.860485284232809 0.861317703338746 0.864694659180426 0.863066838187246 0.859399181118242 0.859156492323083 0.856889258943432 0.853971943747938 0.858451373355357 0.859948534561766 0.860684949164878 0.857924112146311 0.852269538556699 0.852314394955368 0.853893307610099 0.854012829652853 0.85132209730093 0.856360979659064 0.86170455159944 0.86037207425705 0.855317187754861 0.849882783134293 0.84528446269082 0.839390193447495 0.836773190110361 0.835816647261218 0.839799154304174 0.841654189347624 0.84073525420086 0.834039372810829 0.833257938916998 0.828602423001958 0.823918177001344 0.815828957726199 0.810939610271299 0.816865215873022 0.824412147147374 0.817634941900656 0.80961653994488 0.802907525383201
0.923345571226512 0.903105225938936 0.88196469845202 0.853257947163408 0.853201138560464 0.854276490799636 0.854948359427359 0.857191892013524 0.859042325356521 0.860766049044995 0.863017787318252 0.862104940261911 0.861384489079842 0.862843350292653 0.860751429483377 0.858557171742776 0.862406901402291 0.860181531279863 0.85906065071231 0.857655340261414 0.851830442670501 0.853382844643859 0.854313080426693 0.852166346442103 0.848798817977901 0.85339117249999 0.864235079618759 0.861884710208347 0.852798102902157 0.850648335053109 0.846055614023904 0.84232530459961 0.841141730953754 0.837800591001887 0.835876815512723 0.841641157983508 0.847130783009518 0.843836881752572 0.835141520792465 0.828527859165406 0.820523547372081 0.817466022843299 0.815959556428451 0.813985182595805 0.816520271592564 0.811615408669763 0.807250044221374 0.80278462333038
0.932073245897326 0.873760355219511 0.858516591260458 0.854481571892415 0.853234124200883 0.854833174385475 0.852840108689925 0.851542083016417 0.854216913031817 0.856736934513817 0.856485021956245 0.857039160353781 0.86037812162446 0.859510497473903 0.856796329028078 0.854855144450915 0.853085342673387 0.859806757392483 0.86186278086592 0.856431878424459 0.854878865605908 0.858511093653721 0.855760274496319 0.852088280426445 0.85066378943649 0.85338249849825 0.857342791137689 0.857757127432065 0.849700975243366 0.847988715083013 0.845524545213155 0.839848836379867 0.838518985671806 0.835728685553433 0.837974233928735 0.836504051718349 0.830199701735491 0.831292463062662 0.830607054033162 0.829890125391705 0.828211135932862 0.820484412556719 0.816136294304277 0.812232667737237 0.811522519477423 0.811283862260538 0.813435238668594 0.809974454504935
0.927102523681972 0.909382118430371 0.851811384300481 0.852335489476031 0.851954281352618 0.854851092511135 0.85457437963873 0.851896251059288 0.855503027224062 0.856480074110182 0.853175503423866 0.851684796814996 0.855437972211013 0.856606274727045 0.854399128152873 0.854488698419666 0.854782453872954 0.854259183519169 0.861067725124285 0.859798938574013 0.85992049676741 0.856788489848102 0.852874702889352 0.852215376949591 0.850474101642573 0.85051195368303 0.849992226231363 0.84894764022841 0.849927028687769 0.847595534393819 0.842938328473746 0.839520792149747 0.838997379265417 0.838369919083221 0.836161876602766 0.836703431589327 0.836130825305457 0.83508448821295 0.837277463178646 0.833171239622612 0.830333110325631 0.827423003103414 0.820106502997349 0.816804762560427 0.81775611322543 0.819405985730076 0.816932286675208 0.810590349351478
