Niches/Final-dists/ascii/Naja naja.asc
NCOLS 278 
NROWS 480 
XLLCORNER 370976.070567794 
YLLCORNER 375501.4883978 
CELLSIZE 919 
NODATA_value -9999 
[rows 147 to 167 of 480, columns 48 to 95 of 278]
0.652989846190148 0.655956517677231 0.655186119719885 0.648156798300531 0.648806167463647 0.655606992057826 0.666008911956485 0.662622182591717 0.668975135490427 0.665682231947296 0.671466284356307 0.660248763956025 0.660818030952839 0.665139190570766 0.668520422328796 0.67298447899886 0.680489241593392 0.68602321398041 0.67435301656914 0.680379493073726 0.681999128741321 0.687786357545335 0.695782769074164 0.692371972408795 0.698446339176507 0.695139101132849 0.704590220127177 0.701254475974514 0.692002207451997 0.691965719632471 0.698519396261584 0.701110723739107 0.707440138736382 0.713628122709983 0.707425844958867 0.710277962610766 0.708609622219787 0.707976379369764 0.71086698026882 0.715765388594082 0.718825478672674 0.717241923594475 0.719215197905774 0.721585195808386 0.727390016953957 0.729950109880615 0.728864658334253 0.731573980741548
0.650737415625671 0.650500163352731 0.644573010276518 0.645204868544104 0.648178300051323 0.653423953507269 0.662797983838248 0.654885787500019 0.659800362861388 0.672068496270528 0.670663470880722 0.660479296931843 0.665450558727118 0.668470007238872 0.672771864148701 0.684791912963478 0.683567738473798 0.680052202219344 0.682267534119102 0.675813547425479 0.68222497857066 0.687946398985887 0.695602691911283 0.687822519580757 0.688947981487257 0.689786061091982 0.692490802160329 0.69370915325917 0.690007472112919 0.691157001320021 0.698134197282911 0.699175810505925 0.69578598619218 0.70031328570122 0.706096686542025 0.709481909155317 0.708659467187532 0.708721732674199 0.709854036046861 0.712214138257347 0.714486767436203 0.717930916249108 0.72170123603354 0.725786242899873 0.728377936884512 0.730510295645561 0.731983308105342 0.733381003352833
0.645916788254978 0.636809656550305 0.640665352131205 0.648733924838828 0.657694575866232 0.652686052514188 0.663817077235149 0.662750785866339 0.654632246021933 0.657971614522741 0.656609796249583 0.658579812719852 0.664690056461897 0.666507891033097 0.672073749539187 0.679420181059707 0.669725171941341 0.672907919734677 0.673299634395408 0.674370405295633 0.681796368860275 0.686692944649958 0.695876350557724 0.691462708977585 0.695938249537276 0.688462196666812 0.688350534165541 0.687615076553232 0.692750574259384 0.702284360969824 0.705083986658143 0.698080035675803 0.696671385937852 0.7036775766859 0.705909808635996 0.70869017233923 0.71012981228997 0.710517088142299 0.708884624725652 0.711106227969391 0.715010302489572 0.717854682769028 0.719648124255523 0.722329734652564 0.727684485059971 0.731318891788973 0.733005944404363 0.731400602514283
0.633874138168062 0.637344390432212 0.640068678546734 0.642137570492235 0.646235242215568 0.65063043627088 0.661682499069899 0.663929391304626 0.661923905090152 0.653657703601104 0.654143610590588 0.659032001054685 0.663624620276358 0.666056394989483 0.667501695439011 0.668630578078591 0.665769745701939 0.671792760750431 0.671193358724098 0.676057356103491 0.686038444387221 0.682587739169245 0.68445427846383 0.684842531668467 0.685052010846636 0.684237143359243 0.684430577670343 0.690850438479187 0.693586210483336 0.69326339916037 0.707369402863039 0.707846798742834 0.705669339245039 0.698751639603942 0.704879882917673 0.708891832698929 0.710190896809265 0.70851465615379 0.706882681413298 0.710382702199851 0.713989824510234 0.717667356909857 0.720418196428766 0.720982087987883 0.724390665249051 0.727299204635273 0.731287718322626 0.732714225101717
0.63262548914765 0.635358532709938 0.638251536266752 0.640497695487247 0.642793944013564 0.64765272884731 0.655388024417661 0.649165507329152 0.653711743039173 0.654088023678029 0.660717363665041 0.671055837109659 0.66883977219567 0.659769779878728 0.660077157179819 0.662324986043842 0.667381603274077 0.670339885820511 0.670123239392079 0.676988935745749 0.68908143080041 0.687769090987881 0.681351592113783 0.682937794187817 0.684632238030042 0.684633989119595 0.685129099509986 0.689114864393971 0.692485345276606 0.68433850293826 0.689202826101755 0.693550903631184 0.701246087033864 0.706206150000601 0.701974255226871 0.704433395804641 0.70713219131311 0.705068389744217 0.707809740801128 0.712142506477721 0.717575404346812 0.717686863233019 0.718291803589101 0.721494953611882 0.724135189427854 0.727099722956762 0.728838127291373 0.731083634943662
0.635666398687184 0.646970659104865 0.643880922672909 0.635831082551202 0.642916805343372 0.651743640550508 0.651716437577916 0.661948135282806 0.662890384354434 0.660828985443299 0.657405768259007 0.664980004313483 0.656923200556578 0.658459272601777 0.661364411616425 0.66281594268692 0.66336949060077 0.66811909703703 0.676072749402353 0.681015505088623 0.681128226388228 0.686503582640144 0.679535182848033 0.679050334656884 0.679609828130611 0.683716296024723 0.684928945901763 0.689015093012456 0.697167147896448 0.695482396131285 0.690796887717272 0.702000073617027 0.703077808152451 0.69982912980129 0.699614153016385 0.703569212748671 0.705954970457261 0.704656028515964 0.706695314831114 0.711638884977641 0.716444159772485 0.716857783414137 0.717114460564214 0.720097258364391 0.722677651712961 0.726377357793088 0.730084088592935 0.731026378387576
0.632404607525881 0.638803129475984 0.631633232216226 0.635939446488431 0.639742405767674 0.641493128813675 0.648072175879801 0.654832766137271 0.659008707491328 0.650777772131419 0.651654579321376 0.659203444938839 0.665120743045938 0.659551260191704 0.661973953672961 0.66612916701347 0.666726329274096 0.670854909764192 0.679467175416552 0.683362657381019 0.683410506921133 0.677821721358801 0.681215740142871 0.685997436313267 0.680007325459169 0.684207741343956 0.692576727717471 0.694649366180156 0.69532373927317 0.694094270791818 0.697806662090452 0.69437265330775 0.697566437037572 0.697848525347675 0.700150800879896 0.704199157034652 0.704509140608566 0.706250945314751 0.707119648625149 0.708891791975916 0.711204859106546 0.714026760282901 0.714612397930886 0.720454928586369 0.723110293001619 0.725737456730463 0.727048045453439 0.729185942544237
0.626127317985071 0.632704613961644 0.63931652449915 0.633543833810728 0.638496607358163 0.643091262730478 0.656617370729975 0.655309469725848 0.646550275443078 0.645523485396745 0.650997513508829 0.654110462058117 0.65693191528133 0.662030314322764 0.663540282916718 0.664331408887611 0.662265123214933 0.6633813002745 0.668612171276777 0.673389917314926 0.674013345918848 0.675650655374026 0.67803661669768 0.67907375038928 0.68041980885646 0.684909806085717 0.690367911499771 0.685894936489891 0.68597271744446 0.688759922613855 0.68943971186758 0.68979542738494 0.694032982657458 0.694701817420724 0.697561346660964 0.698776439918776 0.70212301639286 0.705190721674858 0.707866345789008 0.712635254933365 0.711874508330068 0.712999563006439 0.7170162773802 0.720535641597863 0.72308769172948 0.725787322059714 0.726424107811855 0.727911617664216
0.634545457035111 0.630017587403892 0.632972815724361 0.631207717454818 0.638747257502336 0.639578292025835 0.641866518118618 0.642491534920042 0.643723365336141 0.650378197929205 0.660578213130088 0.657503707104943 0.655593024064414 0.659378146664023 0.662176713554007 0.67100464828249 0.669790450930961 0.664340123612364 0.668492689957037 0.66914230345823 0.671248131176399 0.673934098935817 0.67478125977241 0.678776268780315 0.685232088009517 0.684809138797919 0.693361175114254 0.690578897429415 0.685341836529183 0.687622813925676 0.690225828907891 0.691192389618199 0.691492558946014 0.691043180499069 0.694514491561553 0.699094649541289 0.703218994838048 0.704033251480247 0.708076476535382 0.709958449851842 0.711308824958385 0.713188192002022 0.715627907702656 0.719069938918891 0.721676598610758 0.723252497762538 0.725116776929908 0.726410404518027
0.623271698154065 0.62721124241845 0.633980547400673 0.63778827127242 0.643048585012998 0.636232122781879 0.638584569065947 0.638733411677962 0.64025523066866 0.643999589532392 0.648993737660895 0.649658948076016 0.653125413099969 0.658990178520475 0.665650182936173 0.667585788460573 0.661934493073496 0.661531946091344 0.666162396991966 0.668078088963077 0.672127503916167 0.671943395175012 0.674673995356528 0.675505314941117 0.680564782782253 0.686429548202759 0.68459224803141 0.68662000973392 0.689934007797714 0.68750239597664 0.688438862380442 0.689199934767842 0.689476891978324 0.691260111988591 0.695632867663815 0.699030714411094 0.700538565408379 0.702125744834722 0.708089345007447 0.707771624061088 0.708182030584724 0.713009784482668 0.71544933729125 0.718262157235737 0.721635142583663 0.724947857872552 0.727488057607426 0.729534551895852
0.62397168602217 0.627494389526888 0.629488514020773 0.629628316123932 0.632957218810434 0.632496885873029 0.63466746318165 0.637662925838828 0.640192069275709 0.643536528153124 0.645863848338256 0.649350674868641 0.652179824741286 0.65661232107638 0.661659083337503 0.662034875300204 0.666592472730814 0.662565088927683 0.66285377436587 0.665094150918539 0.668125571996075 0.670629996564148 0.672735539221227 0.676540208867009 0.682792860985037 0.681796043076172 0.682835009303351 0.683058863705059 0.685334058433726 0.685831042082708 0.686987860709113 0.685379016639927 0.686404381380809 0.687420664889823 0.691193366970508 0.695777882312621 0.698257262227783 0.702234923232208 0.704587532408328 0.705933631598521 0.708644277503734 0.711020343135262 0.715950556133571 0.718691947913495 0.721170187584298 0.723963032890975 0.725730045142121 0.727818504495304
0.621116717759371 0.62892637355121 0.638864702671433 0.63976810198879 0.637949575126372 0.629087473790096 0.630465540545387 0.633454283905442 0.639169188638611 0.641179683783667 0.642786817486313 0.646173954081209 0.650367080546694 0.651510827085969 0.648675894545498 0.650725280167838 0.660231782459661 0.665918058914787 0.661813993678434 0.667722291999691 0.671620868913136 0.670106135726676 0.674919636570119 0.671987253859866 0.674266154382703 0.678745400736564 0.681483453229434 0.683137540565911 0.685489335281773 0.684997116225296 0.684575510873123 0.68746513441987 0.686788847345251 0.686877460621241 0.691003475561527 0.692657725790056 0.698276157705752 0.701705646234026 0.704180913124889 0.705467597439315 0.707515028357037 0.709424408261154 0.71320651735781 0.717389015116937 0.719783935503422 0.72316478039283 0.726285853183185 0.728186192578446
0.621815565383116 0.629329246317465 0.622912602626637 0.625772742712071 0.625052596952598 0.626452817026886 0.629372046203984 0.633208031846659 0.63999908291775 0.644745960912148 0.642993201715504 0.649380484114057 0.645012167247235 0.646351547140306 0.647756328192034 0.650448363680369 0.654183682035245 0.656645917561992 0.660867305798404 0.667894468898076 0.667799462109066 0.670569522890047 0.668378746967045 0.671600181622601 0.674948753524316 0.676073075186456 0.678788119177058 0.680378760059494 0.68206583303639 0.686659714671462 0.690239959793355 0.685750288348201 0.687198398685616 0.692959442592359 0.690174802972774 0.691650034836756 0.694423231289726 0.698489546293155 0.704801491117911 0.707510996778764 0.707662690001679 0.706354544659475 0.709941224017401 0.713707980538207 0.716797106124971 0.722538867685123 0.725091752638504 0.72667577603135
0.615534651494161 0.614281197158232 0.619753677795827 0.627404432391473 0.621213760699024 0.622112151085798 0.625321898236663 0.631052522052797 0.635998128349967 0.638620975439447 0.64197606302322 0.647068353612724 0.641509540187859 0.645143254625642 0.647656475364494 0.649702155192663 0.652190249832579 0.652651437953254 0.655904595835831 0.661405745474481 0.66870778891098 0.6685657063191 0.665697258739043 0.663593996570685 0.668625039748842 0.674674239694605 0.676999849513196 0.678737826256172 0.683755715901174 0.683576249583486 0.68895527090656 0.686321347157581 0.687643216155121 0.69032238317139 0.691178910300942 0.692137000624574 0.697313832188782 0.700807540908341 0.702730115068625 0.703270305834255 0.703413610116521 0.703936534324697 0.706886916606635 0.710744200385037 0.717277882014834 0.722480755945767 0.723587505627857 0.724997315971674
0.610198144996517 0.611870598411795 0.614906906250875 0.621042153922818 0.632832810006137 0.633188036847343 0.627603567924374 0.630272920694544 0.633603574470599 0.634179316426459 0.634632930066742 0.637492052076854 0.643034169066444 0.649613419747635 0.648927562764993 0.655458230891837 0.654928994616667 0.653763298373458 0.662617214384148 0.662500461506269 0.657398886069833 0.659473112730019 0.664596067748209 0.663515523324897 0.665689887873715 0.670063702347273 0.676299372968937 0.677293584604979 0.677906873178698 0.678989983151821 0.681390441868054 0.684652070137306 0.688450997838275 0.688112060202214 0.68818694982287 0.693638498831853 0.695255202442521 0.698142056824393 0.704508611209399 0.706552010548849 0.708297154542088 0.708375016942682 0.707114476802515 0.708984233215116 0.713299447273164 0.718973669716483 0.722488025003563 0.721697387708825
0.61129819574299 0.616553337660934 0.623228124530301 0.619126299059656 0.622675350353696 0.628178861927093 0.634863015089419 0.636567517515821 0.636192784351453 0.63221842191107 0.634526113604001 0.64141766907084 0.639255684317933 0.642637567644169 0.644951978634223 0.648960629851438 0.653331145760954 0.651603757001323 0.65509274185139 0.654472774703561 0.654631105777573 0.656167585052901 0.662846444223555 0.663468121737924 0.666297190164543 0.677244472651466 0.683889572444456 0.671739169265503 0.67184977296844 0.675682012093931 0.677590414645738 0.681162922395188 0.68571742487682 0.686891184276576 0.684291345689364 0.690079388953635 0.694829606235088 0.696415278909955 0.697867461548657 0.701985454055409 0.708713384456563 0.707751832676837 0.706213968819071 0.711213858892388 0.714517350418863 0.716606115194642 0.719278074237635 0.720086670381047
0.610545919526369 0.612691248567014 0.613892821784556 0.620235105253895 0.62897629996498 0.628022852064814 0.625913522167539 0.63122750883907 0.625196797141147 0.628299931444335 0.633285201956034 0.6408078012302 0.639094136125904 0.643919161581987 0.647184862152525 0.64652413126882 0.653109979078094 0.647529948963528 0.647263905520493 0.648860206901717 0.650122172347334 0.654981568026273 0.658156415555114 0.663103202819657 0.665919443497224 0.671190345221146 0.672572362108684 0.670104181022059 0.671651696233873 0.675297668298528 0.677928497098529 0.683020461903929 0.683966620384793 0.684164249166218 0.683309147342117 0.688518068640461 0.693160817890968 0.693482896199702 0.699197190087679 0.703575280477588 0.701233014946735 0.704194596057211 0.706218692688563 0.711647192472266 0.7165930023845 0.71752018394137 0.723037337724075 0.721344237741275
0.6138081179178 0.615224993704349 0.617422611093512 0.620937129272644 0.623164270846132 0.623806961435139 0.622778338853227 0.622093011269753 0.621590489291021 0.624105827626542 0.630166267123855 0.633130943183308 0.634018786309752 0.637955113456121 0.64175632164581 0.641882725877737 0.64298917013723 0.641907078239429 0.646536022388576 0.649174140607879 0.64625759914963 0.649091757952857 0.651438503015124 0.656732820471442 0.662576043418143 0.668023194341737 0.666395006841441 0.666981744010774 0.670682610696768 0.6742097937329 0.676741869226708 0.680640038910024 0.685717872829962 0.684818708705942 0.687955643109807 0.686133654791295 0.690157740030384 0.696054839523103 0.703380909537192 0.705221793333672 0.704511869050428 0.703342181951959 0.706309871514364 0.709487040254937 0.715187936271682 0.71992699544761 0.722606427163463 0.724955635968009
0.612354998649803 0.612991662232906 0.614322286678211 0.617957100637341 0.619165963274185 0.621927716560541 0.623499380518983 0.619680294926647 0.619682005293187 0.622385280333072 0.628208019604303 0.632274212438693 0.635312230644313 0.63597740033642 0.635935089126055 0.636564748350946 0.638021206905998 0.638521000442868 0.642003876841005 0.64537293241819 0.647587816364806 0.651018608029492 0.655547088505905 0.659849474814901 0.659049186166114 0.661626871434328 0.666492579180261 0.672712001319792 0.669780025839668 0.672753905300028 0.675029670150875 0.677332230744186 0.682617833475751 0.687481749409118 0.69007120362805 0.686179834687882 0.686850379817687 0.691556982752363 0.699036537801933 0.702244981816386 0.698939291247216 0.700732814179737 0.705457375963086 0.709051466909353 0.715286893192939 0.722382694930793 0.724359410336679 0.726054078155474
0.611266879746099 0.613710504855967 0.618773963552364 0.617833832077404 0.621522156075436 0.622048663908745 0.622672296127732 0.620569196851425 0.62442240832854 0.626796397086413 0.628799684258192 0.628737052264408 0.631799748615824 0.632357572446024 0.632412874297492 0.632905337692046 0.635760020893756 0.640354961327162 0.642733836846578 0.644080465435938 0.646551497133464 0.650590853502377 0.65419598038513 0.659077447937041 0.658585025265499 0.664989329883429 0.67010291860866 0.668147440253983 0.668090672374051 0.66915623072863 0.672625179856368 0.674120121658576 0.678671162684115 0.681672163671042 0.684010031116505 0.68828480722278 0.691845260960422 0.687712404553975 0.694938784632575 0.703510815948225 0.702078831923904 0.700143267122516 0.708317230987429 0.714246705275375 0.71277456836037 0.718545833743342 0.724779916167504 0.725064284966328
0.610035212222051 0.615588242979089 0.616715618867194 0.618122436069566 0.624896587090319 0.62020957192483 0.618001692336426 0.618066279034827 0.621707771568067 0.624441018745419 0.626474400223704 0.627481398885785 0.627573717955946 0.626542041148069 0.63030187475669 0.633874871182293 0.634630568131996 0.637727308922164 0.642718321378677 0.643144772769381 0.643116918228582 0.64872712409568 0.653144634362041 0.658616219093352 0.657424989521078 0.659954662357127 0.661416414903851 0.664215836977106 0.666367763145835 0.669907081639801 0.671093790957647 0.670764178891533 0.6743737853057 0.683077392675912 0.687776991252376 0.684706435359479 0.687810261953885 0.685541257123174 0.693709560489299 0.70349566698744 0.705973132920998 0.707200402359656 0.707566909475425 0.707512055577098 0.713901659187385 0.718707544827422 0.719373162472671 0.725984665780049
