Niches/Final-dists/ascii/Naja naja.asc
NCOLS 278 
NROWS 480 
XLLCORNER 370976.070567794 
YLLCORNER 375501.4883978 
CELLSIZE 919 
NODATA_value -9999 
[rows 357 to 377 of 480, columns 144 to 191 of 278]
0.673212039194739 0.665134833208389 0.62868260559621 0.589533089227038 0.612285484466846 0.710318359839527 0.8076236982259 0.814425500172388 0.806730785084356 0.840955524977437 0.822996655943262 0.792564857468259 0.798229448919035 0.805347709398483 0.824005079910794 0.850037754559744 0.855416857328844 0.845247506556647 0.852601227496469 0.878360976513211 0.864817927740363 0.859556025802284 0.860697552937359 0.863715474336131 0.86967117424436 0.877776275494521 0.878438004092042 0.872196754417616 0.879460110991895 0.901136756943155 0.920179611495229 0.919777441200945 0.914250208472556 0.907435141004628 0.891372243822585 0.888770389446236 0.887809855741832 0.895952788670943 0.896600589998065 0.916207916412188 0.916477665649394 0.907039751091986 0.909470640079582 0.908734378187769 0.894092602166366 0.886192968877605 0.888552847111521 0.886712757413791
0.669896737994534 0.665082829920963 0.618563873529003 0.645916706808952 0.756469913209435 0.779535610948706 0.78456142121971 0.774713884056665 0.775219073392739 0.80678553717515 0.844583436385887 0.84270321415898 0.840769563339197 0.846555855513916 0.851623753018714 0.850127711695159 0.851172012637023 0.863407526912859 0.881197375082145 0.871676904796911 0.861183948602997 0.859272043872083 0.863444869915655 0.863806245931803 0.866491867545611 0.890463550513556 0.910921234520782 0.91063959416382 0.917065196917478 0.921352210289118 0.920240767279796 0.909984381248358 0.899732138783478 0.908966397553557 0.903790573883917 0.894519226629874 0.888430596626906 0.893166581215363 0.883761214525986 0.896123784601956 0.907385377482909 0.907802045169772 0.888665527688113 0.894997498054445 0.893407987235616 0.881393110243472 0.877594671218658 0.864532215082115
0.667069054150352 0.668939380685133 0.616204626501786 0.581245223095147 0.677939166527899 0.751793160243187 0.755973133175517 0.760238095035692 0.766377740793024 0.799143151158647 0.815051209265031 0.80680665205732 0.840025614978706 0.843275067067112 0.843706629195929 0.843755476449859 0.848373445747038 0.860065837200318 0.861775409641822 0.852234598211662 0.854286712275864 0.859080319927523 0.871684397831278 0.882149499484393 0.878718565289163 0.862137803733291 0.868785428353079 0.893717818098232 0.915907024250895 0.906133480802222 0.906074310264532 0.907178911807693 0.895023234998575 0.905714379915341 0.917474218858676 0.900989533070902 0.880192636547278 0.883321385625557 0.883126261309423 0.876268689196819 0.891969222829653 0.912026548716668 0.893346760185776 0.881318118815285 0.877296375149435 0.875109142128553 0.868903484367369 0.861961045495959
0.660220420739072 0.663096972198689 0.660126146964294 0.690720043391999 0.748481381583595 0.765509607604807 0.800695716024056 0.804177228201263 0.792985098599501 0.82320562608377 0.816691796922744 0.839531624471169 0.850556891527724 0.847422929903799 0.841622119974995 0.840584823391343 0.844171075157634 0.857758634183541 0.864388014893566 0.852592349879665 0.847779419158403 0.852630161197109 0.857755233811967 0.8687380064046 0.88028426332622 0.864921975038229 0.877184549756113 0.896021834539253 0.884994836754651 0.902353143156626 0.905051154747098 0.896782703311589 0.899629201187713 0.901850091778727 0.89436215796926 0.878794880215268 0.875504521860442 0.877198354857473 0.877625803961992 0.886640494427466 0.908047849275415 0.907912343450112 0.888970359800901 0.881272631209917 0.878605334951897 0.885333916921256 0.880795724006276 0.876762618619837
0.658834860949415 0.659297637267592 0.661562977027146 0.62260485881843 0.600307624693394 0.698556006250148 0.780825186597044 0.80981459631794 0.844932167906541 0.827118008098575 0.794264717471194 0.81762647151398 0.830120923067107 0.823698985384607 0.844925530055444 0.841254778037462 0.845076530987141 0.852170154043806 0.8627988604011 0.8679468600722 0.855334759734911 0.847563872251318 0.850602440217612 0.863720564712739 0.878399357952835 0.889802554930267 0.899793528725369 0.887413763357218 0.883178977249575 0.900780379676836 0.918291285388763 0.921899741377817 0.923675661788028 0.909609597180225 0.885717201918325 0.882196514202744 0.883174294103095 0.888962622428457 0.891383605543174 0.913563343595346 0.914513767811807 0.904292637728755 0.891367071999951 0.878687676883906 0.876144606176625 0.883362190084446 0.873868617349208 0.866882727023072
0.661097268652042 0.657245156696274 0.657301476623064 0.655684365782267 0.623240015650057 0.660816727816428 0.769261276249348 0.781666442596772 0.785407625065501 0.783077169208379 0.794223811204773 0.800218116529196 0.819020257352236 0.848277909558861 0.836207995414833 0.827217799841597 0.841240504621454 0.840753966425271 0.844838606784488 0.849717977101236 0.853767575307884 0.854199646474363 0.853593199366804 0.85203472966453 0.85669914355788 0.871456186067192 0.889209546416953 0.867996419978855 0.866542282635536 0.88184721255991 0.89502739892664 0.899476072478594 0.907301854583527 0.918589367662168 0.911203333011638 0.895870945595842 0.882352177919413 0.88707201583327 0.890678058983812 0.913643537388427 0.908641183572831 0.902211142010772 0.896283612246691 0.881181900337257 0.877439211117053 0.873371898399809 0.87515041490209 0.859488914277086
0.666186952968723 0.660990981588469 0.658761478080235 0.660309644860255 0.651372328119222 0.651937156307634 0.718963570409293 0.785862949072324 0.7870788771519 0.810855517249736 0.842245324602347 0.836027409214291 0.8451834085344 0.845190026023991 0.841668238787062 0.837543506621682 0.835062823570107 0.836127486018403 0.841495328874445 0.846878687198389 0.842318402048929 0.841889548000467 0.844130779736406 0.845628735041566 0.861021036190038 0.872722692128744 0.860199042175394 0.863504447683474 0.860992652250072 0.884798735086208 0.916139084339696 0.898659738962739 0.897434037360076 0.903772594673738 0.914712587741358 0.916369505327229 0.904569798554302 0.89476178307524 0.914897521123523 0.91348762933368 0.901132155242702 0.888613585485207 0.882388054893746 0.87829901644914 0.877726287996232 0.872106227160021 0.875682725764731 0.860276884214482
0.666307289471733 0.66759185618949 0.669153828070871 0.665178610447217 0.650099611798208 0.660764887421053 0.724575283027866 0.775434722107356 0.7813752730548 0.813042485571035 0.823304236859418 0.792037759151264 0.81926815869304 0.847972934915529 0.84747884260046 0.848899118758583 0.851082075863114 0.845010254283706 0.843388786080532 0.839573589535925 0.840446141171038 0.838694379688208 0.840819367583929 0.843921341281251 0.849058305015865 0.854435595610892 0.855253293347679 0.853828089704999 0.859808040167388 0.887666632905592 0.922841919184173 0.916144123812538 0.899102184316744 0.89468409374745 0.896614110038335 0.903016551578427 0.914438246984452 0.918013167572413 0.916577976610829 0.904439698708957 0.886643121061795 0.885275133252188 0.882032054315296 0.881531649933233 0.873908220479217 0.863610327516918 0.868345355114573 0.870693036806136
0.667454945420244 0.667529102026668 0.665212247655842 0.659558631057032 0.652628918127141 0.633972606413165 0.65776608547682 0.747308253390538 0.781683546262175 0.815103843759157 0.847108364990937 0.84185438367886 0.839301213664389 0.824521916028547 0.828447329407469 0.848925018594764 0.83304925383758 0.843442744072576 0.853312638169683 0.842794759491897 0.838545028038532 0.84333698640817 0.839441076852068 0.8424595072885 0.852474802903036 0.861307502224024 0.855825675654977 0.852428134330294 0.86744741268094 0.888059671064241 0.898164221342219 0.916417161433032 0.905005219188588 0.896323154292181 0.892572860049324 0.890409409267954 0.890369012039194 0.893872799704436 0.898619728602601 0.899263752870279 0.884005084288517 0.883625891954242 0.872727497444262 0.868054918586833 0.873652357789398 0.867738765476469 0.866492295137246 0.867103832621413
0.662990888750181 0.663633375724123 0.662516628542376 0.650281154989552 0.611826739726942 0.58199240893516 0.612841190700377 0.649857391317698 0.71569852140696 0.791230181083174 0.787906266965748 0.808528807909798 0.810823814384222 0.797394790047391 0.82692129558494 0.834046132830965 0.845002598357288 0.832935127594031 0.839764499020227 0.842706431276997 0.838380201643969 0.843225486798951 0.84845240766898 0.865693635408973 0.867498805123173 0.864218322098965 0.864899740273205 0.854630455227442 0.864802697333552 0.883315358619654 0.89868966019644 0.917405743112546 0.913706922757948 0.897627614201721 0.890909100997292 0.889179981509614 0.891583433367293 0.886107084043477 0.884662129739559 0.884714418088075 0.87509146834097 0.880138169517574 0.863437376881288 0.8460565506532 0.873891015006283 0.864378730046634 0.862756019791567 0.853314735404845
0.662097262955911 0.663077588044566 0.663697921699511 0.664694576716325 0.655595915398328 0.618157580029667 0.602336567363277 0.648518418654756 0.713413797493284 0.782040381662389 0.820995588175684 0.83861277077043 0.833010180106738 0.832560251899119 0.837403745241535 0.83757946504204 0.837999624727256 0.836417535677521 0.834051508268663 0.835187985750142 0.838195543142141 0.842885347834011 0.859883357379679 0.870097320212467 0.868635445496704 0.85727048742835 0.850268022835979 0.859713277716455 0.862887880907219 0.859303319145962 0.859860959722604 0.878906257655449 0.904839252549664 0.895167557356162 0.888189496029249 0.881044399084325 0.885301236703434 0.886019448119795 0.883081689971845 0.879598467428098 0.873909829038225 0.870923529058942 0.855956091103671 0.837644234993999 0.862960123532038 0.863985467911414 0.852264081672975 0.842269534433494
0.658614508726812 0.660888115257977 0.66136392294027 0.662141365978842 0.661863472139063 0.656321640210563 0.645949081604179 0.638716145120508 0.702571050980381 0.815912724963658 0.8231031466219 0.799899967991203 0.830783140340782 0.831854705339758 0.83086794601507 0.832062759212476 0.833514901128164 0.835274440706451 0.85257292500253 0.858784833746188 0.851940516974271 0.862381164458162 0.856918722043238 0.867858715110858 0.81001208256882 0.77049913367135 0.847138886889078 0.866704971071924 0.853274114199514 0.860863662106828 0.87291962861895 0.888619144176462 0.913513121939732 0.894699222346729 0.889797464553659 0.884042529098845 0.87613556566777 0.874006546193775 0.877789429027676 0.873801750162086 0.869737552755327 0.868654402059192 0.86718265201281 0.857401656252783 0.856732190282818 0.862981360583246 0.850002406984579 0.847043961546094
0.658860027771364 0.659385354637299 0.661380089976377 0.663375354714622 0.651963015420802 0.614512015195141 0.61564855376114 0.652918947424753 0.638700466760556 0.686741119974175 0.784376212957208 0.80643849565953 0.827735165358517 0.829162954912513 0.836693434089669 0.840114859461396 0.832151800080101 0.832634306698011 0.844833882914995 0.856286599076069 0.856042362806422 0.829982322292827 0.774613277853387 0.754234688117894 0.708935894998847 0.716942120773777 0.784322478941736 0.864447490853853 0.87062568094286 0.869694203108134 0.885898378602553 0.912825931278419 0.898901094079226 0.892603728093074 0.883196060553471 0.877750742165456 0.87344344873341 0.870452587776685 0.873059573252655 0.87146652971246 0.869020746282909 0.854814299269013 0.838331374751546 0.849917560587279 0.837907244572576 0.828937043998655 0.841493903568995 0.837971912717002
0.654613554159029 0.656904223632583 0.642184198341963 0.625110667968941 0.666217739566447 0.661580610091715 0.617642922593102 0.642073228131911 0.639599223654447 0.644849682425911 0.712164334012615 0.797630535568856 0.809882685195447 0.849230950228899 0.84998208620116 0.846100592591612 0.837978469122073 0.841476189058399 0.853155325170992 0.855255940343515 0.837218007579866 0.811698483616004 0.834284667878811 0.836293452657326 0.785466530903608 0.722868968427392 0.734645575071273 0.790286567790615 0.870142319141681 0.867240682306139 0.887248957324161 0.919366617266428 0.903873516480367 0.892888738279351 0.881595585063428 0.874461992369637 0.87261766747857 0.867697187280336 0.869893135025971 0.869534792874281 0.868442357331213 0.860724002534213 0.852688150767426 0.850895747717759 0.844198909336926 0.82840852037621 0.815856058891259 0.835079947597016
0.617591163643752 0.598135174126182 0.599525620677383 0.678808032730348 0.689183034717504 0.748061873466584 0.777833124311441 0.741552279498897 0.710842627907127 0.639825725051992 0.697107366513565 0.800058034365631 0.819167023090595 0.824903388851543 0.822352906555921 0.83518503333171 0.849691873649991 0.825328598190354 0.825003974693315 0.804383490261415 0.779265373035346 0.847180790869314 0.852506750106627 0.858847425016958 0.847293634337958 0.804475320655421 0.810999534184727 0.863732415109482 0.866388207116368 0.860814509430302 0.885952988162803 0.919152760364377 0.913100658903948 0.891474804730481 0.878149888776035 0.87241179228704 0.871921670465725 0.865215873022062 0.870633581207356 0.871248763401174 0.866198152815335 0.865469719922745 0.855799735095783 0.835829088141647 0.809766807862345 0.815790067248914 0.834599619660295 0.833740058666285
0.523727958281147 0.585686026924865 0.701979345603479 0.795574043780772 0.806574490160987 0.762051714775061 0.744254678994005 0.775747617376691 0.813144394910725 0.807847125035974 0.814321737935613 0.826122411880096 0.827575083194952 0.797418226141294 0.762251094646039 0.794579974675275 0.838292402828236 0.819178853125831 0.831773605459641 0.836381638341682 0.827145333240207 0.857064021753134 0.859404230771837 0.879503969676749 0.875741774133383 0.859918480978273 0.853122054469483 0.85448770070585 0.854737108798131 0.855509339291056 0.873715743158919 0.898671976228104 0.901595002826152 0.889592403822386 0.875738068339212 0.870342696726474 0.87097740560496 0.864550214653801 0.873945217336404 0.873723582338896 0.861210174223281 0.852589478907258 0.84706766233958 0.842454152212309 0.837399998724352 0.83403589099323 0.830359682091524 0.827868024187983
0.582435027361971 0.615146886965678 0.630299146314828 0.687835713836925 0.743535469863828 0.813960708065074 0.811122578768093 0.781865659575699 0.768414033966729 0.807979393381754 0.835148199366575 0.806049733417232 0.848510661938881 0.868956994406272 0.842842995900633 0.827693179932255 0.823858192003396 0.839392535020735 0.834903881650902 0.831754547089621 0.85360971254852 0.871544229221002 0.895582066723343 0.896446433032871 0.862177162525224 0.875611949168375 0.902640433831622 0.87142116427613 0.8592739985767 0.861432562596527 0.878659374389966 0.901956847156948 0.893596361712368 0.882328314233875 0.871165871708491 0.862689396942523 0.860601019035367 0.861633408495968 0.867447005450811 0.862006899608443 0.851519990781939 0.848514917493725 0.842136064758835 0.839583892458179 0.835039143138127 0.830685201494846 0.827952850223777 0.814271221038156
0.607898557183145 0.622665780445674 0.653428433038684 0.691718123714263 0.760595805980682 0.825443396363615 0.85098629533686 0.835981147871679 0.81779799684416 0.84649397689587 0.877819197550079 0.886436838640137 0.894275468855628 0.920175172686827 0.922231206341017 0.90231412032955 0.930524356283827 0.911639283045092 0.897466177997978 0.890152569225826 0.890335008323453 0.894757547881902 0.926060808651425 0.934046367497326 0.917600195498968 0.918518336546981 0.919845835501049 0.902799049966724 0.894806476581857 0.869115651264387 0.880007183946699 0.907025070445849 0.894490354013754 0.881869569493972 0.866337669857405 0.860027374314669 0.856774420047157 0.858075561031149 0.857148460920306 0.850860176166023 0.846985320407571 0.847832603413202 0.846963961187324 0.835419414632244 0.831400114347166 0.827577893082839 0.825198651056307 0.812567410902973
0.57901738923044 0.64267796487293 0.696871824607165 0.768166865640156 0.807674194761851 0.837001544404992 0.847802020430542 0.848349378446436 0.863002353296377 0.87864662808694 0.88567922770883 0.891389327126481 0.896919227212213 0.902542209924596 0.904183713850099 0.906266044389845 0.913378196417363 0.891540572396255 0.895099458297902 0.938351349898393 0.917527698355318 0.917490111014445 0.915150512840936 0.918654514301996 0.929163159036616 0.936359831677331 0.93150840752816 0.928142110935097 0.923164893399191 0.910288103659045 0.909120157469375 0.906337665988718 0.890315155854682 0.881348070591246 0.866829440960741 0.856642558931506 0.854042822151826 0.855341804816137 0.861718784292436 0.856363300870797 0.844150835820241 0.841600720031735 0.828422753069206 0.813963416145429 0.827145536855271 0.82302229107986 0.820899970541482 0.809898526447451
0.667718178975392 0.687828913093777 0.756247341582631 0.828011002686146 0.848602186910291 0.856759637593488 0.862379169030531 0.868745071847332 0.874236651577959 0.881323310999425 0.887213161795854 0.89258646153562 0.896536766856155 0.896038490251514 0.900497385279697 0.903225816960778 0.904632970128005 0.905724234884454 0.909121694763111 0.911474609361827 0.909555649368934 0.908290049394418 0.90797204338697 0.905818590105258 0.910057764117537 0.913435697311526 0.919721569227297 0.930441892182779 0.927702882699108 0.921452022393646 0.912070977523702 0.897267144272609 0.885633455042372 0.878078643865031 0.863714374814783 0.843853822525923 0.830268605073256 0.848673492905815 0.851538906621414 0.853273584800347 0.840441458024558 0.836910528471242 0.836166050711584 0.83100214870396 0.824099679469675 0.81925983083691 0.807126510961854 0.794117992455848
0.769026324826634 0.803974122174608 0.823562746545074 0.841680740752011 0.853772238092857 0.859416997436369 0.865038137432421 0.87469535559485 0.880058800365503 0.884887877761366 0.890629313537415 0.894576778427802 0.89713227983476 0.899360755086919 0.899900966214056 0.898451725813034 0.900424318013867 0.903862785966477 0.906142103900196 0.904302513059374 0.901422642674208 0.904059223599776 0.904580203284088 0.908447718719472 0.915408788369267 0.910878719695353 0.90665659844471 0.909985378962173 0.913574287905053 0.91312874760207 0.90801529122663 0.894780200057807 0.881012940556888 0.869905759159958 0.860477098907224 0.852904145627652 0.848030069302576 0.845375213924986 0.84228861316502 0.839638868525544 0.835606984829492 0.833508670507196 0.831423122849434 0.825772479030563 0.820339805138042 0.816253148989688 0.813505322973731 0.801084641158406
