Niches/Final-dists/ascii/Naja naja.asc
NCOLS 278 
NROWS 480 
XLLCORNER 370976.070567794 
YLLCORNER 375501.4883978 
CELLSIZE 919 
NODATA_value -9999 
[rows 357 to 377 of 480, columns 96 to 143 of 278]
0.505381467249034 0.511679484803391 0.556168969126301 0.651761640122194 0.725791720145103 0.771898824346471 0.871600610232312 0.85428992939388 0.804131659149869 0.917112618865957 0.789370666508308 0.718319332345797 0.727632237434468 0.68867692911364 0.721170879875516 0.835485935673756 0.821803573473903 0.668903096480672 0.634072174179615 0.616138533051909 0.606404144780105 0.594056357157804 0.578825176609726 0.559813678777557 0.565070775400118 0.729177920110703 0.711163769586567 0.689182423872311 0.685530017571624 0.489677492521613 0.428653935577079 0.390197728501903 0.370945598386725 0.327915545398806 0.330369839938045 0.358258262283172 0.393714486446742 0.426133221803861 0.430599966192773 0.447778399046931 0.468912339586517 0.449639644349843 0.532839691686273 0.647746351053883 0.660332938423613 0.67005669798906 0.671852949363443 0.673422658617268
0.507861091502273 0.495544334815775 0.507371030765478 0.529134956314057 0.609925789486488 0.714014543379042 0.812722300882398 0.69044426714889 0.763101045009013 0.880500400716992 0.860364886645279 0.852201694017269 0.682196879691784 0.708871145408395 0.748784564414361 0.67463164342315 0.76100254743316 0.799439411077227 0.684462545235441 0.604771192687303 0.60193039603298 0.591921086701336 0.579808270863256 0.572584171273377 0.545887996575846 0.519495289770172 0.499690589093454 0.547078859641005 0.631705026887904 0.769022171079322 0.852864949727771 0.697429119038197 0.469148125830994 0.336130272999595 0.323988869606486 0.338985526323485 0.364160004199357 0.391912574573572 0.410280567356477 0.421051111967573 0.536217136204108 0.557541701166906 0.422684064060374 0.513343304939942 0.639617101057094 0.657263767113153 0.662246187013951 0.668261383243974
0.596212599965897 0.536955444427318 0.636043860293413 0.706493735917441 0.713366762413427 0.797114961864502 0.858386807018463 0.831413552941411 0.796454129173264 0.787180623599539 0.725466974479025 0.757802512720864 0.751478208461704 0.648114446367153 0.687542548867323 0.69603545536898 0.635824281808054 0.724173428336932 0.814558277555829 0.706915259823588 0.591098563287525 0.57756907527796 0.577646693340478 0.574514401360079 0.559035624893792 0.533073401057095 0.501609579628606 0.504117221314696 0.685336135307382 0.859819992371663 0.732779341199285 0.611285408716951 0.48531328867909 0.322395703897252 0.332531987583004 0.352349353116722 0.369756975087274 0.366056312016345 0.405252985634413 0.568914009739082 0.671739617218645 0.642238889348239 0.640272823010217 0.647280479786728 0.657328068750464 0.65903277479193 0.660145083165275 0.664478907640202
0.629085885592595 0.529197018185661 0.562313949598318 0.69667790161991 0.761252322032556 0.8176917505036 0.717780566885617 0.687405312313974 0.766408893897865 0.716613486059971 0.665525855577902 0.652107541393454 0.688754669345196 0.765334417203469 0.782122519979334 0.730881404461783 0.654698258025784 0.616081968787042 0.684942710280111 0.757249433121662 0.713473375261103 0.621909798434881 0.585047001407016 0.589669185536027 0.575484219911416 0.538335058657097 0.509029516187344 0.47807607627907 0.500914193460954 0.567948711442173 0.507670263463996 0.397751765941999 0.348569198724684 0.326253476351808 0.339484057446957 0.347842944513281 0.362404353668799 0.38473379969701 0.386748937265532 0.527195604272473 0.589504135164892 0.547535690399304 0.653504422180687 0.65721608046509 0.659935889048197 0.66160471811533 0.663175363998451 0.661435106766755
0.722742727087516 0.77045674101496 0.734609901712005 0.750058319172203 0.818120909974659 0.846140623313256 0.776669912172016 0.680187606237114 0.796572429525632 0.800133494108467 0.805040372820404 0.766804904836453 0.642433789687802 0.738758823347027 0.804048645288147 0.806122057488077 0.726837059523795 0.614730697774216 0.59704567064004 0.655765078793761 0.755577305490487 0.774745077884518 0.708810712457306 0.612797779968665 0.552049754929163 0.528035923642905 0.507930198455102 0.476137864481846 0.469020092678553 0.660619139758015 0.647049946810909 0.397371698062947 0.338717650344871 0.322424617236385 0.340387945440468 0.364305711139382 0.382681319125692 0.400990752216099 0.412717228831146 0.409393172183175 0.397488002987685 0.395490131976616 0.400722835514472 0.513544761684576 0.649031854400935 0.660617347945449 0.662188319612673 0.658829159727614
0.737773916919424 0.76695213888946 0.742947409196577 0.739100631955494 0.656634840902493 0.67460305586812 0.686616141047698 0.651648104362331 0.806730255685188 0.919471479024551 0.776232689544411 0.640944426938357 0.627059223411432 0.630141466809021 0.683428587938844 0.715012135025151 0.72246636036072 0.664179104819503 0.588983776506526 0.581448553098373 0.688391827300585 0.787498833222052 0.755001278473537 0.70430849832419 0.603560782575971 0.522296340763941 0.489231290469671 0.458001341304055 0.427608738728933 0.608966070242341 0.740746371074334 0.524943255154023 0.364606491312389 0.331776820032469 0.388918292883767 0.422764288395714 0.41148258852716 0.406383497194508 0.386988592196232 0.420122057152112 0.443392408392526 0.471765882543866 0.491662332168565 0.466673917738465 0.524084691873828 0.644942815956329 0.662113633607082 0.664838654735835
0.65966569185785 0.766533547040239 0.651712487445668 0.660904485909148 0.74475113324382 0.735116964306671 0.6604408544077 0.684293789070136 0.840668081591142 0.913191013088738 0.907919378350585 0.901436834644191 0.899287952520673 0.9007668087328 0.862756895336344 0.730417080669117 0.693636299789158 0.70262834825948 0.623574880984831 0.573826956179936 0.570355685840464 0.597688605567124 0.680808469291227 0.712203998227144 0.621790765068282 0.538650458391722 0.49194116263764 0.449322127018549 0.409902209843965 0.495505281446439 0.61860480015693 0.685645060082962 0.610193584019076 0.609074922855724 0.654201315099815 0.612708881631584 0.577103081841767 0.384995770838759 0.368470372218875 0.511847426508439 0.524467203133652 0.409069994353092 0.453443580981394 0.484460019390568 0.468729208197671 0.537267871382004 0.642573876852051 0.658911990335778
0.511349994906315 0.686383164691108 0.748090725721198 0.797400817053295 0.778696065315518 0.672538887792111 0.705670275874335 0.748645413879408 0.694850700755751 0.782674703672252 0.864753931525649 0.810082472296554 0.84033908037022 0.891089809366872 0.747143101211872 0.603509797363866 0.66693063662963 0.726812646077583 0.699967058645857 0.676468210580267 0.611880575549947 0.540970652049603 0.529173602453264 0.55764302002291 0.61823584966039 0.636049642961239 0.554060860919412 0.461268996579211 0.415454711201835 0.402217655147642 0.577735143724416 0.697786789260175 0.640712305765036 0.688477467796636 0.678402757306333 0.652902454604543 0.693530216340649 0.531607616932097 0.364054613042067 0.398112368220903 0.396363640602532 0.379224912685915 0.493074280470558 0.531357944140233 0.508845936845357 0.613248420829009 0.64080723110802 0.656478953209253
0.474482148224854 0.533022334398965 0.670994101022158 0.774085283630109 0.875078946014515 0.829961248133671 0.71263517348734 0.669158633386388 0.640912703711336 0.772559046192516 0.865386461722946 0.819856015745227 0.843809984202576 0.742648420836135 0.606720277528962 0.61615901672738 0.688963985631312 0.738345484766465 0.718268224964654 0.66857324007648 0.614277206302972 0.568984949227489 0.52279214344555 0.505312604634282 0.53258008247927 0.586741567418279 0.564713064455127 0.47697480384221 0.418215609304921 0.380133198764816 0.380036603778305 0.469965436699159 0.59548158116199 0.64370984529587 0.671662487832282 0.601082054229014 0.57807868306093 0.656443564911075 0.512182699073341 0.481248154643035 0.49300220073779 0.374685029765901 0.494142241482895 0.622012094643194 0.636205367762428 0.645239483105038 0.653157299219041 0.663487383723009
0.590784222351234 0.561094254640053 0.692684399363481 0.804838386676603 0.919852778774742 0.868153468277962 0.72603595641475 0.678801272710213 0.642246463828631 0.763428600562978 0.881085305350746 0.737509787457993 0.61656636902505 0.631050363733115 0.645343978356044 0.616335550988142 0.655101660191207 0.720667461990501 0.696664463025665 0.635727035253337 0.581841489449489 0.551601476003565 0.516904532414828 0.490947521123778 0.476513371383457 0.501421194971101 0.508984110028002 0.465092358087898 0.414253260153333 0.377832185645994 0.36414070149126 0.373224702524627 0.450860520275482 0.569958147788894 0.652660030508969 0.543715668177672 0.418197772625287 0.435997760824776 0.42776401557698 0.407846756492708 0.387675019301054 0.483324906130019 0.620530998665359 0.646634979309833 0.655680212034954 0.6588037892906 0.659351758151687 0.661185922651045
0.710873088720749 0.652605787455835 0.695639220453821 0.519472566328994 0.520955739180485 0.668228845556696 0.645656446033744 0.626865300424178 0.747464242891311 0.866610839827691 0.798649323543161 0.782621010379792 0.83932192131643 0.854281621899256 0.838301911651739 0.690098202985578 0.627957450906156 0.698980095706105 0.701213671515625 0.678992263640541 0.61271706695717 0.544043244093144 0.52003914560696 0.501764001293383 0.465732442404081 0.428654750037337 0.418603821786546 0.410705430549678 0.399453499203527 0.386285753717226 0.378014543297596 0.368239391289915 0.354081058515717 0.394552973281596 0.439650248571489 0.426391283536375 0.3987287517436 0.488509190005581 0.59860735746033 0.57409597240291 0.571023543251421 0.610917964971887 0.642397179699238 0.649541095676789 0.66145607911838 0.664995112551256 0.660651270215164 0.660286310573885
0.7237079439384 0.730902254644369 0.752416324147526 0.741419603922988 0.747833661702499 0.703089495657143 0.668616610085179 0.665498001037103 0.767302967645276 0.847439891038656 0.769720754003483 0.787010238513719 0.840611110096147 0.839779525811974 0.847280949119451 0.693435046659588 0.620400644301184 0.659812864826337 0.594966801556387 0.551209761342834 0.531985404322429 0.508881243697509 0.493419000774445 0.485055959960808 0.458810059616506 0.417891657737595 0.408312668482876 0.402745914070503 0.3807495415645 0.368272947052514 0.365305949781327 0.379998975714419 0.40043805948552 0.376433757384272 0.355675771699439 0.494231099096963 0.621903975044042 0.60173753184406 0.587447989522417 0.597525632069645 0.616358844551499 0.628383698681795 0.648879957562956 0.657770768623299 0.659161581681616 0.660794615220443 0.662099421275593 0.659448882537366
0.699588741856358 0.707089757933707 0.690002381736311 0.639060621086318 0.669736940892059 0.730750317083377 0.767131340507564 0.752820296435129 0.790517324743004 0.818950254493124 0.813281550018048 0.834739727186051 0.837440171976541 0.693680728596192 0.56597340098023 0.556903490109314 0.550633327095756 0.541436075363616 0.673790672484512 0.766371530533563 0.603257844083281 0.480876801488736 0.468407089165923 0.457429671649482 0.446884162407468 0.421189488765282 0.397887617912911 0.549516254129905 0.573697090491915 0.401698396010623 0.3683723112039 0.367142150431329 0.382859808091071 0.390807881403632 0.37359283856091 0.37557181409401 0.486309699357827 0.597535812822861 0.60206751041729 0.62092014777628 0.646855575870513 0.651622245249163 0.659036032632959 0.665543122135356 0.662406961468735 0.65751918184983 0.656615823255486 0.657755741831553
0.677423124508896 0.627396776465055 0.541626496171765 0.502691305019291 0.525600117351506 0.563251637692506 0.67496544995959 0.671759530771935 0.56943184357065 0.703403388640292 0.83826686949917 0.836828471600323 0.835949628259723 0.823902600448923 0.806246873522502 0.661414256584169 0.536502889585369 0.526208559886695 0.659845076729512 0.731455924727257 0.658908936109813 0.548177647974079 0.436599932015984 0.435730577137381 0.43138205165481 0.410921099625802 0.404932251185102 0.560421062514411 0.706025421269515 0.570013531086388 0.402904122975476 0.358247267069699 0.358741400107781 0.360556506237119 0.367168701835716 0.354395114390918 0.355460265515367 0.468343968495985 0.577284299249008 0.612489384592252 0.643931337762833 0.649752977512717 0.649390746313299 0.650468317956671 0.657181750965246 0.656385127387616 0.653414017092131 0.653820554929544
0.550251711742215 0.478246339195851 0.453189306489076 0.461023721872736 0.471683174104741 0.503867996475973 0.628787060124204 0.67713289159622 0.617169151061451 0.723265386596109 0.830552668449483 0.820649747988944 0.808203593929072 0.803592710436131 0.806632703707875 0.795326651477628 0.751130454293358 0.721309419565277 0.74219093850963 0.722185188318406 0.695741842446237 0.573531551444626 0.436839057547517 0.432536711961533 0.426313746919883 0.417276536628296 0.405290939482401 0.401127215032204 0.537339910391759 0.666600332272297 0.657086622007198 0.532196960374253 0.379581646278597 0.350407842755457 0.345874556963526 0.351008914425317 0.357852905413131 0.36759189538539 0.375252382781111 0.484558121128555 0.626645518323755 0.643834661330296 0.648877473459171 0.650974993682715 0.652416099661918 0.652091781587476 0.644728164955527 0.617034765119003
0.444929376344009 0.423716392436456 0.426828404356448 0.427947391303903 0.429498408694823 0.434038128722786 0.481637181584917 0.601646027234156 0.461544039808089 0.503636323255794 0.6763204674896 0.600697181034444 0.549478544619994 0.680455563661754 0.675477582569357 0.550517022171018 0.633424271044962 0.726534854045337 0.718580122520173 0.699587275827895 0.665765999184756 0.53908493221596 0.545987482896271 0.529082545796502 0.414814016040459 0.407633693689408 0.396137953665244 0.403647277237217 0.531643819690533 0.64288349391885 0.622368095221644 0.620572047462325 0.513023670011979 0.460041360633437 0.451861125424543 0.362172476833556 0.358869921936377 0.363983510661608 0.452995668562912 0.565413500276374 0.605219471612901 0.628600345110227 0.646521972949138 0.648973701938567 0.643555220016029 0.64500797277691 0.617196761264172 0.553545836975731
0.42382113202554 0.428202113749362 0.437917077144031 0.435421163685646 0.425780356897401 0.452510453864647 0.465910972092473 0.483770049383627 0.590795380456758 0.6971840886698 0.595716756561275 0.546796160485708 0.642545167127983 0.6248116796085 0.616199210341076 0.655150364914591 0.59788383169079 0.652219366786776 0.751835430730539 0.743936672986556 0.737699882482039 0.69559369212544 0.661643567869602 0.668197244498714 0.542578844550583 0.408002277678832 0.405946539266486 0.411333094346939 0.534198048503338 0.627406631434168 0.604729818106234 0.616719568999442 0.5988282390821 0.475660753663141 0.362256936362234 0.372898674083644 0.379971569126762 0.461091362797102 0.567483939696365 0.577747523520327 0.595100535930629 0.613113586933419 0.537690006133344 0.529466034408635 0.620258154479176 0.593610114382849 0.584709611245444 0.575683192552266
0.420029656635925 0.423746120235846 0.432772009529857 0.435992711171181 0.431888645934829 0.452649808014665 0.470077221369468 0.472307132107831 0.536430158284395 0.60492304880227 0.626090015705288 0.610037166926669 0.556376127092736 0.555475619109292 0.541284015633585 0.508812869758912 0.572049518837496 0.557857019455506 0.510758045191335 0.522871349705569 0.499125150059848 0.457278629994772 0.436950475710711 0.432863473416748 0.414557705397498 0.402683974367938 0.513919494848944 0.630922737810802 0.624449326240043 0.610677739919007 0.604019405146836 0.5949108074137 0.481836683624934 0.36240280619431 0.354044652142217 0.361781454464044 0.366852691255897 0.37243907416047 0.420010720434944 0.42969591530721 0.430504226389531 0.492724347621024 0.532499613805853 0.503480191224477 0.527341677719613 0.603961130515429 0.597655009081512 0.598984045329315
0.423476533890692 0.422768930819181 0.434401948119706 0.436372697604208 0.437713299187664 0.429264740047014 0.423088687916183 0.443162201200811 0.488254467560122 0.539270506985577 0.572626971159896 0.590044936775715 0.572349769611336 0.423727102588839 0.315263475424392 0.326048965381209 0.472985862563222 0.563450162380214 0.554096860062783 0.576220899214112 0.569967229020762 0.557525371238748 0.539596698318611 0.48538410599846 0.433691046484153 0.418402242872873 0.409842509907107 0.516582535552119 0.626493173532634 0.592839064857298 0.500798377212371 0.424675541558423 0.472071060802263 0.496956975408986 0.464403406156278 0.46094797706881 0.44911961147558 0.483497083028405 0.514840649399909 0.544116464070272 0.5609243989534 0.573677624891767 0.570551889316439 0.539108388671369 0.553545755529705 0.603886078002722 0.615306561899114 0.571204638489623
0.45508683599645 0.449737501749753 0.429351887294542 0.434276643409126 0.436723159852908 0.430392278827171 0.426020581950281 0.443688668311106 0.462108216428296 0.467326789080688 0.495393170992027 0.539507962873583 0.552877287273556 0.577258521581866 0.596979088514009 0.456273382422244 0.377500130199108 0.487187035946952 0.559480849593426 0.518535896310128 0.44232786811327 0.416230118089764 0.429266043183426 0.447598688391166 0.447950453776278 0.444554724625668 0.431043806309969 0.41343057384747 0.413465229131417 0.418315950808616 0.445632907114233 0.459584326260074 0.466576874798812 0.49409622447836 0.517380340097122 0.531061847113705 0.528193521702686 0.527942097821268 0.538174406371352 0.565800246729536 0.597021236832322 0.633654844743793 0.649390542698234 0.623385722590082 0.638140077380546 0.654761093634632 0.625348979040216 0.637659627274786
0.460955144319074 0.45684664027432 0.41508909999235 0.426818549387335 0.428552575998063 0.423969771022491 0.442937532338844 0.472085639640868 0.509458981080999 0.541125114437393 0.547035000956151 0.538135760232144 0.529138906446305 0.576792039469518 0.454398942863164 0.451140328096865 0.465961875858552 0.36916111596306 0.399677149990171 0.473961137998282 0.516705193266863 0.462388675817884 0.515606323487763 0.513504975301009 0.42802358406097 0.450643670231985 0.469932899011881 0.476383383526398 0.472066662716874 0.469046359021849 0.499966691120666 0.534325552256613 0.549594483037615 0.556865373369274 0.560726200049795 0.559730400216251 0.546046816326013 0.531675705809605 0.52555992373781 0.53542295600725 0.562104714758227 0.623522836974392 0.682161817177709 0.704327393802158 0.712782427901853 0.70708922853454 0.709115035532432 0.734594060460001
