wc0.5/Cropped/bio11_28.asc
NCOLS 282 
NROWS 470 
XLLCORNER 79.525 
YLLCORNER 5.91666666666667 
CELLSIZE 0.00833333333333331 
NODATA_value -32768 
[rows 304 to 341 of 470, columns 87 to 173 of 282]
260 258 257 254 257 256 261 259 261 254 255 253 255 257 258 259 260 259 259 257 259 252 252 256 255 238 220 230 231 232 231 228 228 233 222 232 234 234 232 233 229 229 237 236 233 232 235 231 238 235 236 236 236 235 236 235 235 232 232 236 238 238 237 230 220 217 229 232 225 214 213 205 206 209 220 225 220 215 208 215 206 210 205 208 226 246 253
257 259 255 252 256 259 259 261 260 260 254 252 254 256 257 257 259 258 258 259 260 256 255 255 256 256 238 235 232 232 232 233 235 233 233 233 234 233 230 228 237 227 237 237 233 236 236 234 228 236 237 236 236 235 238 236 236 233 233 232 234 234 238 238 226 225 230 230 221 204 198 197 213 218 229 227 224 220 207 223 200 207 203 203 230 243 250
260 261 258 255 257 257 258 259 259 258 252 249 254 255 256 257 260 259 256 255 257 258 259 255 255 257 255 237 231 232 233 235 234 236 235 233 235 234 235 232 237 236 237 236 237 230 225 222 228 228 238 236 236 236 236 237 237 234 231 235 234 235 236 238 232 236 235 233 223 210 205 201 211 230 233 226 224 206 214 225 210 207 212 207 226 243 245
261 260 260 257 256 257 257 260 254 255 254 249 249 250 255 260 258 258 256 257 252 253 253 253 251 255 252 237 236 232 232 233 234 234 234 235 234 235 234 233 235 236 236 236 227 222 218 211 224 232 234 233 237 239 238 237 238 236 233 233 237 235 234 238 238 223 228 232 219 207 197 199 211 229 235 229 219 208 221 231 213 206 214 214 221 242 240
261 261 260 259 261 260 253 254 255 254 250 249 250 248 257 259 257 256 256 254 248 251 254 254 253 252 250 251 242 237 227 227 228 234 235 235 234 234 236 235 236 237 231 230 224 210 211 208 220 226 231 235 236 234 234 236 238 238 236 236 237 235 236 236 236 225 231 227 221 204 193 200 209 234 232 224 217 213 227 234 214 201 220 221 215 236 239
261 261 259 257 254 256 260 255 254 256 253 253 252 255 257 260 259 257 259 258 254 254 254 253 254 252 247 252 251 240 236 236 231 228 234 234 235 235 235 235 236 237 232 224 219 204 217 223 229 234 234 232 236 233 231 230 224 237 238 238 237 227 234 238 238 236 234 223 208 209 200 200 227 241 236 225 216 215 232 240 215 207 221 220 230 239 228
258 260 256 254 254 255 254 250 253 252 254 255 255 255 255 255 252 249 248 249 251 251 253 253 253 253 253 252 252 251 249 232 229 231 234 233 235 235 234 234 237 236 225 217 210 204 213 221 223 225 223 230 234 229 231 230 232 234 234 238 238 237 225 236 238 233 227 224 211 214 206 201 224 237 236 228 223 227 233 238 222 208 219 231 245 244 232
258 260 254 256 258 258 257 255 253 250 251 254 253 253 253 251 247 248 248 248 247 250 252 254 253 252 252 251 249 251 249 249 232 232 234 230 233 233 234 232 235 236 228 213 204 196 204 213 216 213 217 226 227 229 232 235 236 233 239 235 229 236 229 227 236 231 230 220 222 225 211 202 228 240 235 226 220 238 234 238 223 210 228 236 243 245 239
257 259 258 258 254 255 255 254 252 250 250 253 254 255 254 249 247 247 248 247 247 249 252 253 253 253 252 252 250 251 251 247 244 234 233 235 226 233 234 233 235 235 238 221 214 201 194 201 208 204 204 217 221 230 231 233 233 232 228 230 228 232 231 216 228 240 235 223 234 230 214 226 240 243 236 221 232 236 244 243 228 209 237 238 246 241 248
254 260 258 256 254 256 256 253 250 251 251 252 254 253 253 254 253 252 249 250 250 249 252 253 253 252 252 251 251 238 240 241 232 235 237 229 232 235 235 235 235 236 237 230 219 212 196 204 201 205 202 208 219 219 220 226 231 233 229 228 229 232 237 226 226 230 241 228 233 237 227 220 243 241 237 234 240 248 245 247 233 223 243 240 237 247 251
258 261 261 260 258 255 255 252 252 248 251 251 253 253 253 252 248 252 249 247 252 250 251 251 254 253 252 251 251 245 233 243 232 231 233 231 230 235 235 236 235 236 238 236 226 219 205 200 209 209 209 206 197 199 210 217 223 229 230 225 223 226 229 227 222 221 240 230 232 237 232 237 241 239 228 247 237 248 248 248 235 227 246 245 246 251 246
258 260 258 258 257 256 257 253 257 254 251 252 253 255 256 252 249 244 245 247 249 248 248 251 253 252 253 252 251 250 244 242 234 228 234 231 231 231 235 236 236 236 238 230 230 226 222 205 208 215 214 212 198 191 201 200 206 221 228 227 221 217 228 225 221 231 248 236 244 241 248 236 241 240 230 248 247 248 248 248 248 252 252 252 252 251 251
257 262 259 261 261 261 261 255 260 254 247 250 252 255 255 254 248 238 222 237 246 244 242 249 251 251 251 251 251 252 246 231 234 233 227 229 230 231 231 235 235 234 237 233 229 225 220 211 207 216 214 213 203 193 187 196 204 210 219 224 224 226 225 223 220 225 240 246 249 248 248 241 247 248 249 248 247 248 248 249 247 252 248 252 253 253 254
261 262 262 261 260 261 258 261 261 256 248 248 251 253 251 258 248 244 230 224 237 235 235 243 252 250 252 251 250 251 251 235 238 234 228 220 231 229 235 232 233 234 237 231 224 227 226 224 219 214 208 208 207 199 191 197 202 205 212 222 227 227 219 216 215 214 228 236 245 249 246 247 249 245 245 248 248 248 246 248 235 223 243 250 245 247 248
258 257 258 258 256 259 255 256 255 260 256 250 253 258 252 255 251 248 245 238 239 244 247 251 251 252 251 251 249 250 251 250 243 246 226 221 228 225 231 237 237 237 234 227 223 224 224 226 218 207 204 194 203 201 200 205 206 205 208 224 225 225 221 214 205 212 212 219 214 238 240 245 228 235 247 249 248 247 248 244 231 218 238 248 247 235 237
256 258 260 256 260 260 256 252 251 259 250 257 254 258 258 255 255 258 255 250 250 252 250 249 253 252 252 251 248 250 250 250 249 246 238 220 237 231 237 237 234 231 229 222 220 217 221 223 223 209 207 199 192 202 205 210 210 215 222 225 220 219 223 215 208 189 185 200 208 229 244 241 222 232 242 247 248 247 242 235 220 203 214 237 249 249 224
258 259 259 255 260 259 253 251 247 258 250 247 251 256 253 249 249 250 250 248 240 238 249 242 250 251 249 248 248 249 248 250 251 241 239 219 235 237 236 237 232 226 222 220 217 212 214 218 222 215 205 196 188 190 204 209 216 219 224 219 209 208 212 211 203 188 183 196 207 231 246 243 227 229 240 245 247 248 243 231 206 196 216 233 239 245 238
257 257 259 259 258 261 251 251 251 249 249 245 248 251 253 250 249 243 248 247 235 219 225 233 248 251 251 251 250 247 243 234 244 232 221 211 232 237 237 235 228 218 210 215 214 212 212 206 212 219 212 199 189 185 198 207 215 218 223 218 210 204 200 209 204 196 186 197 213 231 243 239 234 236 242 235 247 241 241 225 205 197 214 216 234 248 232
257 256 259 262 262 257 248 245 252 255 248 247 245 246 252 252 249 247 246 245 233 210 223 228 248 252 251 251 251 252 245 224 231 229 224 226 231 235 236 234 227 220 214 220 223 216 211 201 203 213 212 201 189 181 181 200 208 213 219 213 220 210 202 198 205 198 194 203 214 236 242 236 238 230 222 234 240 223 223 223 205 206 227 236 238 245 237
256 259 261 262 263 256 252 253 256 259 253 252 250 254 253 252 250 245 240 236 237 220 220 238 245 249 252 250 249 233 237 220 223 224 218 214 219 235 234 235 228 228 225 221 212 212 206 209 206 199 202 198 186 176 180 195 203 206 212 207 213 207 204 203 208 211 213 213 226 238 237 223 234 230 231 245 233 209 209 220 202 195 221 240 245 237 232
260 259 257 263 264 257 257 253 249 260 255 255 250 246 248 248 248 253 249 244 231 221 221 225 217 232 245 246 217 216 224 220 225 217 220 218 224 235 232 234 230 223 215 206 200 199 201 202 205 202 197 191 185 173 180 191 190 191 197 201 203 203 194 204 209 213 223 227 236 236 218 224 226 224 234 229 213 193 197 205 212 204 226 243 243 236 227
251 257 260 263 263 259 251 255 254 261 254 249 251 246 245 241 236 226 238 224 218 218 204 210 215 217 219 236 238 209 220 229 220 217 219 217 228 233 229 227 232 228 211 205 202 197 198 199 202 203 198 185 178 170 181 189 179 178 187 194 198 197 195 195 205 215 227 230 218 215 205 205 214 222 236 231 217 200 192 202 211 213 226 230 238 242 229
253 253 259 263 263 253 254 256 253 250 257 253 250 245 243 240 241 226 221 214 212 210 204 200 215 207 213 215 226 221 219 217 217 218 220 219 218 232 229 227 222 222 218 212 209 207 201 197 187 192 197 192 190 174 174 176 167 170 178 185 192 193 189 192 197 214 225 218 210 210 196 195 206 214 222 231 221 206 195 195 205 205 222 231 243 238 239
255 255 264 263 263 258 252 253 259 258 262 255 254 259 260 250 246 238 228 212 208 206 205 197 200 206 209 217 223 224 218 218 219 215 222 218 232 232 228 220 214 218 214 206 199 206 206 197 194 189 189 187 182 176 165 164 158 166 170 177 182 185 183 182 188 208 223 211 206 199 190 185 200 207 212 224 220 208 195 190 199 207 222 236 242 232 234
256 260 264 263 262 261 249 257 262 259 263 261 261 254 259 257 253 247 239 230 222 216 212 205 202 211 218 215 215 215 220 218 218 218 223 211 231 230 229 218 211 211 206 204 195 192 203 201 197 195 184 175 179 177 165 156 152 159 168 175 175 174 171 173 187 199 214 204 198 190 190 182 202 209 214 216 208 199 189 185 202 217 227 228 238 227 230
256 261 264 262 261 260 263 261 258 258 257 259 248 240 228 240 245 231 229 218 213 214 202 199 202 203 214 210 211 210 213 215 213 218 220 217 228 224 227 221 208 198 195 196 187 183 198 205 203 198 192 177 176 171 166 161 152 157 166 170 170 166 171 182 199 215 211 198 188 181 181 191 190 200 205 203 203 198 182 186 198 217 231 221 239 231 232
263 263 264 262 262 263 263 256 252 255 247 254 244 230 218 228 235 223 222 237 226 227 229 214 216 213 206 206 195 200 202 205 209 219 222 231 231 228 227 219 208 195 195 190 192 180 199 213 205 202 200 193 177 176 171 167 160 151 159 159 160 161 179 197 208 209 205 195 183 174 168 177 177 183 195 192 193 189 199 195 200 220 232 211 233 237 236
263 264 264 264 263 264 259 253 251 254 250 247 243 237 225 240 238 242 238 240 230 232 228 208 205 206 197 201 185 192 189 198 214 221 227 229 227 222 218 226 217 211 206 208 205 199 210 215 222 212 210 204 197 184 174 170 165 158 153 158 171 179 184 199 205 197 197 187 180 172 171 172 170 181 187 187 194 208 212 215 210 222 222 210 230 226 239
263 264 264 263 263 261 258 255 250 260 259 256 258 253 245 242 234 233 230 212 219 225 225 219 214 203 202 196 199 184 197 208 216 218 227 229 229 220 213 217 224 223 220 224 221 222 220 221 218 220 218 215 208 198 184 178 168 159 153 152 175 186 194 201 187 186 186 180 170 167 170 170 168 167 176 183 192 211 214 222 222 222 212 200 225 230 227
264 263 261 261 257 259 258 259 259 259 256 258 258 251 235 216 212 208 212 203 214 220 217 220 216 208 207 196 203 211 212 216 222 230 230 227 226 222 213 213 210 217 215 223 220 220 219 217 214 222 216 216 213 205 191 180 169 162 153 164 177 189 195 194 183 170 174 168 165 164 163 161 171 167 170 181 196 204 205 206 224 220 216 202 211 234 225
264 259 256 256 255 257 259 262 257 255 254 251 248 237 226 212 214 202 195 203 205 229 216 209 207 211 216 210 212 219 229 231 231 231 231 223 221 223 206 199 201 199 198 198 200 211 204 205 216 216 209 199 196 199 188 179 172 163 157 156 175 180 185 192 177 166 165 162 162 164 161 154 160 161 173 180 189 196 204 207 219 211 204 205 213 227 215
263 263 254 257 260 263 260 263 259 257 257 253 235 231 229 218 229 218 219 216 217 231 231 211 200 200 213 219 214 220 229 230 229 230 226 223 213 219 206 202 202 196 193 190 185 188 196 212 217 198 187 169 176 191 185 171 163 161 158 159 164 169 177 190 179 167 157 159 162 161 160 154 160 172 177 178 183 206 209 210 216 198 206 200 208 231 207
263 263 254 263 263 264 263 262 259 258 252 246 241 240 233 230 235 230 238 243 232 240 237 219 212 192 207 221 210 226 231 229 228 228 225 218 206 210 214 213 208 192 186 180 182 190 195 211 213 198 183 175 169 170 173 174 165 153 152 156 156 160 161 180 184 167 154 156 162 158 158 163 166 172 175 176 185 194 208 213 207 192 195 212 215 224 208
264 263 261 262 261 263 257 253 258 256 260 254 257 248 246 247 242 244 247 255 256 249 244 237 207 197 209 225 226 228 230 228 227 222 225 225 215 203 205 209 206 200 185 177 183 210 211 208 209 205 193 178 173 169 168 169 170 162 152 140 144 148 166 169 165 155 149 151 154 158 161 166 171 173 174 181 183 181 197 210 205 198 205 213 221 224 209
254 264 256 251 255 258 264 260 261 260 262 260 256 258 255 254 255 254 251 261 257 247 246 232 208 202 220 223 228 229 227 225 221 221 224 213 210 201 203 199 203 199 191 183 196 205 212 196 196 198 199 192 182 176 172 167 164 165 157 144 138 142 156 149 147 144 146 149 153 161 167 170 173 173 174 177 184 189 203 195 183 194 207 208 209 212 220
258 263 258 259 254 256 257 258 263 255 255 260 248 257 257 255 259 256 255 261 257 252 241 238 223 213 230 220 229 228 221 217 216 223 218 209 204 199 199 195 197 198 189 182 200 208 210 206 185 186 189 189 187 179 175 165 161 161 159 149 138 135 132 131 135 144 150 153 153 158 158 165 171 175 175 175 182 191 186 183 178 187 201 203 203 209 216
260 263 260 263 254 256 255 256 261 261 260 261 261 262 262 261 263 256 262 261 257 252 240 248 241 235 241 240 224 222 216 212 214 222 221 204 199 198 193 189 183 188 188 182 195 203 206 196 179 184 176 176 180 177 173 170 164 159 153 151 148 136 134 130 135 149 151 152 154 152 153 165 167 169 169 169 186 184 184 177 173 182 181 187 185 201 211
263 264 263 263 259 254 253 258 259 256 256 257 256 256 258 248 249 255 258 262 262 258 260 256 253 250 248 248 236 225 215 206 211 217 219 207 197 196 186 174 178 184 183 179 185 204 202 194 189 172 164 168 171 163 166 164 163 158 147 144 152 149 144 138 139 145 154 154 151 148 152 156 157 164 170 179 181 177 176 172 172 177 177 190 202 207 212
