wc0.5/Cropped/bio14_28.asc
NCOLS 282 
NROWS 470 
XLLCORNER 79.525 
YLLCORNER 5.91666666666667 
CELLSIZE 0.00833333333333331 
NODATA_value -32768 
[rows 210 to 251 of 470, columns 95 to 189 of 282]
20 19 19 19 18 18 18 18 17 17 17 16 16 16 16 15 15 15 15 15 14 14 14 14 14 13 13 13 13 13 12 12 12 12 11 11 11 11 11 10 10 10 10 10 10 10 10 9 9 9 9 9 9 8 8 8 8 8 8 9 7 7 8 9 7 7 7 6 6 6 7 7 7 7 7 7 7 7 8 8 8 8 8 9 9 9 9 9 10 10 10 10 10 11 11
20 20 19 19 19 19 18 18 18 17 17 17 17 16 16 16 15 15 15 15 15 15 14 14 14 14 13 13 13 13 12 12 12 12 12 11 11 11 11 10 10 10 10 10 10 10 9 9 9 9 9 9 9 8 8 8 8 8 8 7 7 7 7 8 7 7 7 6 6 6 6 7 7 7 7 7 7 7 8 8 8 8 8 9 9 9 9 9 10 10 10 10 10 11 11
20 20 20 20 19 19 19 18 18 18 18 17 17 17 16 16 16 15 15 15 15 15 14 14 14 14 14 13 13 13 13 12 12 12 12 11 11 11 11 11 10 10 10 10 10 10 9 9 9 9 9 9 8 8 8 8 8 8 8 7 7 7 7 7 7 6 6 6 6 6 6 6 6 7 7 7 7 7 8 8 8 8 8 9 9 9 9 9 10 10 10 10 10 11 11
21 20 20 20 20 19 19 19 18 18 18 17 17 17 17 16 16 16 16 15 15 15 15 14 14 14 14 14 13 13 13 13 12 12 12 12 11 11 11 11 10 10 10 10 10 10 9 9 9 9 9 9 9 9 8 8 8 8 9 8 7 7 8 7 7 6 6 6 6 6 6 7 6 6 7 7 7 7 8 8 8 8 8 9 9 9 9 9 10 10 10 10 10 11 11
21 21 20 20 20 20 19 19 19 18 18 18 18 17 17 17 16 16 16 16 15 15 15 15 14 14 14 14 13 13 13 13 12 12 12 12 12 11 11 11 11 10 10 10 10 10 10 9 9 9 9 9 9 9 9 8 8 8 8 8 7 7 8 7 7 6 6 6 6 6 6 6 6 6 7 7 7 7 7 8 8 8 8 9 9 9 9 9 10 10 10 10 10 11 11
22 21 21 21 20 20 20 20 19 19 19 18 18 18 18 17 17 16 16 16 16 15 15 15 15 14 14 14 14 13 13 13 13 12 12 12 12 11 11 11 11 11 10 10 10 10 10 10 10 9 9 9 9 9 9 8 8 8 8 8 7 7 8 7 6 6 6 6 6 6 6 6 6 6 7 7 7 7 8 8 8 8 8 9 9 9 9 9 10 10 10 10 10 11 11
22 22 21 21 21 20 20 20 20 19 19 19 18 18 18 17 17 17 17 16 16 16 15 15 15 15 14 14 14 13 13 13 13 12 12 12 12 12 11 11 11 11 11 10 10 10 10 10 10 10 9 9 9 9 9 8 8 8 7 7 7 7 7 7 6 6 6 6 6 6 6 6 6 7 7 7 7 7 8 8 8 8 8 9 9 9 9 9 10 10 10 10 10 11 11
23 22 22 22 21 21 21 20 20 20 20 19 19 18 18 18 18 17 17 17 16 16 16 15 15 15 14 14 14 14 13 13 13 13 12 12 12 12 11 11 11 11 11 10 10 10 10 10 10 9 9 9 9 9 9 9 8 8 7 7 7 7 7 7 6 6 6 6 6 6 6 6 7 7 7 7 7 7 8 8 8 8 8 9 9 9 9 9 10 10 10 10 10 11 11
23 23 23 22 22 21 21 21 20 20 20 20 19 19 18 18 18 18 17 17 17 16 16 16 15 15 15 14 14 14 14 13 13 13 12 12 12 12 12 12 11 11 11 11 10 10 10 10 10 10 9 9 9 9 9 9 8 8 8 7 7 7 7 7 7 6 6 6 6 7 6 6 7 7 7 7 7 7 8 8 8 8 8 9 9 9 9 9 10 10 10 10 11 11 11
24 24 23 23 22 22 21 21 21 21 20 21 20 19 19 19 18 18 18 17 17 17 16 16 16 15 15 15 14 14 14 14 13 13 13 12 12 12 12 12 11 11 11 11 11 10 10 10 10 10 9 9 9 9 9 9 9 8 8 7 7 7 8 7 7 7 6 6 6 6 6 6 7 7 7 7 7 8 8 8 8 8 9 9 9 9 9 10 10 10 10 10 11 11 11
24 24 24 23 23 22 22 22 21 21 21 21 20 20 19 19 19 18 18 18 17 17 17 16 16 16 15 15 15 14 14 14 13 13 13 13 12 12 12 12 12 11 11 11 11 11 11 10 10 10 10 9 9 9 9 9 9 8 8 8 8 8 9 7 7 7 7 7 7 7 7 7 7 7 7 7 7 8 8 8 8 8 9 9 9 9 9 10 10 10 10 10 11 11 11
25 25 24 24 23 23 23 22 22 22 21 21 21 20 20 19 19 19 19 18 18 17 17 17 16 16 16 15 15 15 14 14 14 13 13 13 13 12 12 12 12 12 11 11 11 11 11 11 11 10 10 10 9 9 9 9 9 9 8 8 8 8 8 7 7 7 7 7 7 7 7 7 7 7 7 7 8 8 8 8 8 8 9 9 9 9 9 10 10 10 10 10 11 11 11
26 25 25 24 24 24 23 23 22 22 22 21 21 21 21 20 20 19 19 19 18 18 17 17 17 16 16 16 15 15 15 14 14 14 13 13 13 13 12 12 12 12 12 11 11 11 11 11 10 10 10 10 10 10 10 9 9 9 9 8 8 8 8 7 7 7 7 7 7 7 7 7 7 7 7 8 8 8 8 8 8 9 9 9 9 9 10 10 10 10 10 11 11 11 11
26 26 26 25 24 24 24 24 23 22 22 22 21 21 21 21 20 20 19 19 19 18 18 17 17 17 16 16 16 15 15 15 14 14 14 13 13 13 13 13 14 13 12 12 12 11 11 11 11 10 10 10 10 10 10 10 10 9 10 8 8 8 8 9 7 7 7 7 7 7 8 8 8 7 8 8 8 8 8 8 9 9 9 9 9 9 10 10 10 10 10 11 11 11 11
27 26 26 26 25 25 24 25 24 23 23 22 22 22 21 21 21 21 20 20 19 19 18 18 17 17 17 16 16 15 15 15 14 14 14 14 13 13 13 13 15 14 12 12 12 12 11 11 11 11 11 10 10 10 10 10 10 10 10 8 8 10 9 9 8 8 7 7 8 8 7 8 8 8 8 8 8 8 8 9 9 9 9 9 9 10 10 10 10 10 11 11 11 11 11
27 27 27 26 26 25 25 25 27 24 23 23 22 22 22 21 21 21 20 20 20 20 19 18 18 17 17 17 16 16 16 15 15 14 14 14 13 13 13 13 15 13 12 12 12 12 11 11 11 11 11 11 10 11 10 10 10 9 9 9 9 9 9 8 8 8 8 8 8 8 8 8 8 8 8 8 8 8 9 9 9 9 9 9 10 10 10 10 10 11 11 11 11 11 11
28 27 27 27 26 26 26 25 27 24 24 24 23 23 22 22 22 21 21 21 20 20 19 19 18 18 17 17 17 16 16 15 15 15 14 14 14 13 13 13 13 13 12 12 12 12 11 11 11 11 11 11 10 10 11 10 10 9 9 9 10 11 9 8 8 8 8 8 8 8 8 9 8 8 8 8 8 9 9 9 9 9 9 10 10 10 10 10 10 11 11 11 11 11 12
28 28 27 27 27 27 26 40 26 25 25 24 24 23 23 23 22 22 21 21 21 21 20 19 19 18 18 17 17 17 16 16 16 15 15 14 14 14 13 13 13 13 12 12 12 12 12 11 11 11 11 11 11 11 11 11 10 10 10 10 12 10 9 9 8 8 8 8 8 8 8 9 8 8 8 9 9 9 9 9 9 9 10 10 10 10 10 10 11 11 11 11 11 12 12
29 29 28 28 28 27 27 41 26 26 25 25 24 24 24 23 23 23 22 21 21 21 21 20 19 19 18 18 17 17 17 16 16 16 15 15 14 14 14 14 14 13 13 12 12 12 12 11 11 11 11 11 11 11 11 11 10 10 10 10 9 9 9 9 9 9 8 8 8 8 9 9 9 9 9 9 9 9 9 9 9 10 10 10 10 10 10 11 11 11 11 11 11 12 12
29 30 29 29 28 28 28 34 27 26 26 26 25 25 24 24 24 24 23 22 22 23 26 20 20 19 19 18 18 18 17 17 16 16 16 15 15 14 14 14 14 13 13 13 12 12 12 12 12 11 11 11 11 12 11 11 11 10 11 11 10 9 9 9 9 9 9 9 9 9 9 9 9 9 9 9 9 9 9 9 10 10 10 10 10 10 11 11 11 11 11 11 12 12 12
30 30 30 29 29 29 28 29 27 27 27 26 26 25 25 25 24 24 23 23 22 23 22 21 20 20 19 19 18 18 18 18 17 16 16 15 15 15 14 14 14 13 13 13 13 12 12 12 12 12 12 12 12 12 12 11 11 11 11 13 10 10 9 9 9 9 9 9 9 9 9 9 9 9 9 9 9 9 10 10 10 10 10 10 10 11 11 11 11 11 11 12 12 12 12
30 30 31 30 30 30 29 28 28 28 27 27 26 26 26 25 25 25 25 24 23 23 24 21 21 20 20 19 19 18 18 18 17 17 16 16 15 15 15 14 14 14 13 13 13 13 13 12 12 12 12 12 12 12 12 12 11 12 13 14 11 10 10 9 9 9 9 9 9 9 9 9 9 9 9 9 10 10 10 10 10 10 10 10 11 11 11 11 11 11 12 12 12 12 12
30 31 31 31 31 30 29 29 29 28 28 27 27 27 26 26 26 26 25 24 24 23 23 22 21 21 20 20 19 19 18 18 18 17 17 16 16 15 15 15 14 14 14 14 13 13 13 13 13 12 12 13 12 12 12 12 12 12 17 16 10 10 10 10 10 10 9 9 9 9 9 9 9 10 10 10 10 10 10 10 10 10 10 11 11 11 11 11 11 12 12 12 12 12 12
31 31 31 32 31 31 30 30 30 29 29 30 28 27 27 27 28 27 26 25 24 24 24 23 22 21 21 20 20 20 19 19 18 18 17 17 16 16 15 15 15 14 14 14 14 13 13 13 13 13 13 13 13 13 12 12 12 12 17 23 11 10 10 10 10 10 10 10 10 10 10 10 10 10 10 10 10 10 10 10 10 11 11 11 11 11 11 11 12 12 12 12 12 12 13
31 32 32 32 32 32 31 31 30 30 30 30 29 28 28 28 28 27 27 26 25 25 25 23 22 22 22 21 20 20 20 19 19 18 18 17 17 16 16 16 15 15 15 14 14 14 14 13 13 14 13 14 13 13 13 13 13 13 20 14 11 11 11 10 10 10 10 10 10 10 11 10 10 10 10 10 10 10 10 11 11 11 11 11 11 11 11 12 12 12 12 12 12 13 13
32 32 33 33 33 33 32 32 31 31 30 30 30 29 29 28 28 28 28 27 26 25 25 24 23 23 22 21 21 21 20 20 19 19 18 18 17 17 16 16 16 15 15 15 15 14 14 14 14 15 21 14 13 13 14 14 14 14 18 15 12 11 11 11 11 10 10 10 10 10 10 10 10 10 10 10 10 11 11 11 11 11 11 11 11 12 12 12 12 12 12 12 13 13 13
33 33 33 34 34 34 33 32 32 32 32 31 30 30 29 29 29 29 28 28 27 26 26 26 24 23 23 22 22 22 21 20 20 19 19 18 18 17 17 17 16 16 15 15 15 15 14 14 14 27 14 14 14 14 14 16 15 14 19 18 12 12 12 11 11 11 10 10 10 10 11 10 10 10 11 11 11 11 11 11 11 11 11 11 12 12 12 12 12 12 13 13 13 13 13
34 34 34 34 34 34 34 34 33 33 32 32 31 31 30 30 30 29 29 29 28 27 28 28 25 24 24 23 22 22 22 21 20 20 19 19 18 18 18 17 17 16 16 16 15 15 15 15 23 15 15 14 14 14 15 17 17 16 19 13 12 13 12 11 11 11 11 11 11 11 11 11 11 11 11 11 11 11 11 11 11 11 12 12 12 12 12 12 12 13 13 13 13 13 13
35 35 35 35 35 35 35 35 34 34 33 33 32 32 31 31 31 30 31 30 29 28 30 27 25 25 24 23 23 22 22 22 21 20 20 19 19 18 18 18 17 17 17 20 18 15 15 15 16 15 15 15 15 15 19 23 15 18 23 13 13 13 12 12 11 11 11 11 11 11 11 11 11 11 11 11 11 11 11 12 12 12 12 12 12 12 12 12 13 13 13 13 13 13 14
35 35 36 36 36 36 36 36 35 35 34 34 33 33 32 32 31 31 30 31 29 29 30 27 26 25 25 24 24 23 23 22 22 21 20 20 19 19 18 18 18 17 17 24 17 16 16 16 16 17 16 16 16 18 25 27 14 21 25 13 13 13 12 12 12 11 11 11 11 11 13 11 11 11 11 11 12 12 12 12 12 12 12 12 12 12 13 13 13 13 13 13 14 14 14
36 36 37 37 37 37 37 37 36 36 35 35 34 34 33 33 33 32 31 30 30 30 30 28 27 26 26 25 24 24 24 24 22 22 21 20 20 19 19 19 18 18 18 30 17 17 16 16 17 19 19 16 16 24 26 18 14 21 26 13 13 13 13 12 12 12 12 12 12 12 12 12 12 12 12 12 12 12 12 12 12 12 12 12 13 13 13 13 13 13 13 14 14 14 14
36 37 37 38 38 37 37 39 38 37 36 36 35 35 34 34 34 34 32 31 31 32 31 29 28 27 27 26 25 25 24 24 23 22 22 21 21 20 20 19 19 19 18 28 18 17 17 17 17 17 17 17 19 24 20 15 15 15 18 15 13 13 13 13 12 12 12 12 12 12 12 12 12 12 12 12 12 12 12 12 12 12 13 13 13 13 13 13 13 13 14 14 14 14 14
37 37 38 38 38 38 38 41 39 38 38 38 36 36 35 35 35 36 33 32 32 32 31 30 29 28 27 27 26 26 25 24 34 24 22 22 21 21 20 20 19 19 22 26 18 18 18 17 18 18 23 20 23 16 16 15 16 15 15 16 14 13 13 13 13 13 13 12 12 13 13 12 12 12 12 12 12 12 12 13 13 13 13 13 13 13 13 13 14 14 14 14 15 14 15
38 38 39 39 39 39 39 39 39 39 39 38 37 37 36 36 37 35 34 33 33 34 32 31 30 29 28 28 27 26 26 28 28 24 23 23 22 22 21 20 20 20 19 19 19 20 18 18 22 22 21 21 25 16 16 15 15 15 15 15 14 14 14 13 13 13 13 13 13 14 14 13 13 13 13 13 13 13 13 13 13 13 13 13 13 13 14 14 14 14 14 14 15 15 15
39 39 39 39 40 40 40 40 40 40 40 39 38 38 37 37 38 35 35 34 33 37 33 32 31 30 29 28 28 27 27 26 25 24 24 23 23 23 22 21 21 20 20 20 20 21 19 19 32 23 23 23 21 17 20 17 15 18 15 15 14 14 14 14 14 13 13 13 13 14 13 13 13 13 13 13 13 13 13 13 13 13 13 14 14 14 14 14 14 14 14 15 15 15 15
40 40 40 40 40 40 41 41 41 41 41 40 39 39 38 38 38 37 36 35 34 37 34 33 32 31 30 29 29 28 27 27 26 25 25 24 23 23 23 22 21 21 21 20 20 28 28 32 42 29 18 18 17 18 22 18 17 16 15 15 15 15 14 14 14 14 14 14 14 14 14 14 13 13 13 13 13 13 13 13 13 14 14 14 14 14 14 14 14 15 15 15 15 15 15
41 41 41 41 41 41 44 42 42 42 42 41 41 40 39 39 39 37 37 36 36 37 35 34 34 32 31 30 30 29 28 28 27 26 25 25 24 24 23 23 22 22 21 21 23 33 42 50 37 23 20 18 19 26 23 22 20 16 16 16 15 15 15 15 14 14 14 15 15 15 14 14 14 14 14 14 14 14 14 14 14 14 14 14 14 14 14 14 15 15 15 15 15 15 16
42 42 42 42 42 42 43 43 43 43 43 42 42 42 41 40 39 39 38 37 37 36 35 35 35 34 32 31 31 30 29 28 28 27 26 26 25 24 24 24 23 22 22 22 22 29 50 43 23 21 20 20 20 26 20 18 19 18 16 16 16 16 15 15 15 15 15 18 16 17 15 15 15 14 14 14 14 14 14 14 14 14 14 14 14 14 15 15 15 15 15 15 16 16 16
43 43 43 43 43 43 44 44 44 44 44 44 44 43 42 42 41 40 39 39 39 37 37 36 37 36 34 32 32 31 30 29 29 28 27 26 26 26 26 25 29 23 23 23 23 31 48 38 22 21 21 21 19 19 18 18 18 17 17 17 16 16 16 16 15 16 16 18 17 19 16 15 15 15 14 14 14 14 15 14 14 15 15 15 15 15 15 15 15 15 15 16 16 16 16
44 44 44 44 44 44 45 45 45 45 45 45 45 44 44 43 43 42 41 40 39 39 38 37 41 41 35 34 33 32 31 30 30 30 28 27 27 26 45 39 36 24 24 24 24 44 50 28 22 21 22 24 19 19 19 18 18 18 18 17 17 16 16 16 16 16 16 17 18 20 16 15 15 15 15 15 15 15 15 15 15 15 15 15 15 15 15 15 15 16 16 16 16 16 17
45 46 46 45 45 46 46 46 46 46 46 46 46 46 45 45 44 43 42 42 40 40 39 38 44 51 37 35 34 33 32 32 34 30 29 29 28 29 47 55 32 25 24 24 35 49 46 23 22 22 24 28 25 20 19 19 19 18 18 17 17 17 17 17 17 17 17 18 22 17 16 16 16 15 15 15 15 15 15 15 15 15 15 15 15 15 16 16 16 16 16 16 16 17 17
47 47 47 47 47 47 47 47 47 47 47 47 47 47 46 46 46 45 44 44 42 41 40 40 43 47 49 36 36 34 34 33 39 31 31 31 35 41 33 39 30 26 26 26 28 47 40 25 23 22 30 24 21 20 20 19 19 19 18 18 18 18 17 17 17 17 21 19 27 21 19 16 16 16 16 16 16 16 16 15 15 15 16 16 16 16 16 16 16 16 16 16 17 17 17
