wc0.5/Cropped/bio15_28.asc
NCOLS 282 
NROWS 470 
XLLCORNER 79.525 
YLLCORNER 5.91666666666667 
CELLSIZE 0.00833333333333331 
NODATA_value -32768 
[rows 294 to 335 of 470, columns 95 to 189 of 282]
46 46 46 46 46 46 46 45 45 45 44 45 44 44 44 44 44 43 43 43 43 43 43 43 43 43 41 40 41 40 40 40 40 41 41 39 41 41 39 39 38 43 40 36 32 31 29 37 36 38 37 36 38 38 33 34 36 50 47 56 54 57 40 54 61 54 60 42 43 36 32 33 33 34 54 58 61 62 63 64 64 65 58 65 65 65 66 66 66 67 66 67 67 67 67
46 46 46 46 45 46 45 45 45 45 42 45 44 43 44 43 43 43 43 43 42 43 42 43 42 42 41 39 41 40 41 41 40 41 43 41 42 41 40 39 39 40 42 36 36 37 36 36 35 36 36 35 36 38 35 38 36 36 53 56 48 48 56 40 45 41 41 37 37 33 31 32 33 46 55 60 60 63 63 64 65 65 62 65 66 66 67 67 67 67 67 67 67 67 67
46 46 46 46 45 46 45 45 45 45 44 44 44 44 43 43 42 42 43 42 42 42 42 42 42 42 41 39 40 39 40 41 41 42 42 42 42 38 39 39 39 38 41 38 36 36 36 36 36 35 35 35 35 36 37 37 34 51 52 50 56 57 59 40 40 41 37 33 33 33 30 31 37 51 59 61 62 63 64 65 65 66 65 66 67 66 67 67 67 67 67 67 67 67 67
46 46 46 46 46 45 45 45 45 45 44 44 44 44 43 43 42 43 43 42 42 42 42 42 42 42 42 38 40 39 40 40 41 41 42 42 42 41 39 41 40 39 39 40 36 35 35 36 36 35 34 35 35 36 35 33 34 43 49 55 52 50 53 39 39 37 33 31 31 32 35 32 42 57 60 61 62 63 64 65 65 65 66 65 66 66 67 67 67 67 67 67 67 67 67
46 46 46 45 45 45 45 45 45 44 44 44 44 43 43 43 42 42 42 42 42 42 41 41 41 41 41 39 39 39 40 39 41 41 42 42 42 41 41 41 40 41 39 40 37 35 35 35 35 34 35 34 35 35 35 33 36 34 43 55 45 55 57 39 41 39 40 35 30 32 39 32 38 51 60 57 62 63 64 65 66 66 66 65 65 66 66 66 67 67 67 67 67 67 67
45 45 45 45 45 45 45 44 44 44 44 44 44 43 43 43 43 42 42 42 42 42 41 40 35 40 41 37 38 39 38 38 40 40 40 42 42 42 42 41 41 41 40 39 36 36 34 35 35 34 34 33 34 35 36 34 34 37 35 36 41 57 58 58 49 42 41 36 33 38 42 36 28 42 42 45 55 34 64 65 66 66 66 66 66 66 67 67 67 68 68 67 67 67 67
45 45 45 45 45 45 44 44 44 44 43 44 43 43 43 43 42 42 42 42 42 41 41 41 41 41 38 36 37 37 37 37 37 39 39 41 42 42 42 41 42 40 40 39 38 35 34 34 34 34 33 33 32 34 36 35 36 33 37 37 37 39 51 56 59 46 39 35 37 41 42 40 31 31 29 45 54 39 62 65 66 66 67 67 67 67 67 67 68 68 68 67 67 67 67
45 45 45 45 45 44 44 44 44 44 43 43 43 43 41 41 42 42 42 41 41 41 41 41 41 41 40 34 36 36 35 35 37 38 38 41 42 42 42 42 42 41 39 39 37 37 36 35 33 33 33 34 32 32 35 34 33 30 31 35 37 37 53 58 58 43 39 38 40 43 43 43 40 45 35 34 37 41 62 65 66 67 67 67 67 67 68 68 67 68 68 68 68 67 67
45 45 45 45 44 44 44 44 44 44 43 43 43 43 43 42 39 40 41 41 40 40 40 41 40 40 40 35 34 35 35 34 33 37 39 41 41 41 42 42 41 40 38 39 39 37 36 35 32 32 33 34 32 31 30 31 31 30 29 32 36 38 56 58 58 45 36 39 41 40 42 42 40 42 42 33 29 46 63 65 66 66 67 67 68 68 68 68 68 68 68 68 68 67 67
44 45 45 44 45 44 44 44 43 43 43 43 43 43 42 42 39 32 34 40 35 34 34 39 38 36 34 32 33 35 38 35 35 35 41 39 41 37 37 42 42 40 39 39 39 38 36 34 33 32 32 33 32 31 30 29 34 36 28 30 37 38 39 39 39 40 37 32 33 35 40 40 41 38 36 37 28 60 63 65 66 67 67 67 68 68 68 68 68 69 68 68 68 68 68
44 45 45 45 45 44 44 44 43 43 43 43 43 42 42 42 42 39 32 35 36 36 36 34 34 36 32 36 37 37 36 37 34 34 41 40 37 36 38 35 41 38 41 40 38 38 37 36 35 33 31 32 32 31 30 29 33 34 27 26 29 36 36 38 38 38 32 28 33 37 41 37 42 41 44 43 30 52 63 65 66 67 67 67 68 68 68 68 68 68 68 69 68 68 67
44 44 45 44 45 44 44 44 43 43 43 42 42 42 42 42 41 41 39 37 36 36 36 37 38 36 37 36 37 37 35 34 39 33 39 40 36 39 38 37 33 40 42 39 38 38 38 36 35 32 31 31 31 30 30 29 29 29 27 26 31 37 38 40 37 33 25 26 29 33 41 30 44 42 44 45 27 45 60 65 66 67 67 67 68 68 68 68 68 69 69 69 69 68 67
44 44 44 43 44 44 44 43 43 43 43 43 42 42 42 42 41 41 41 38 36 36 37 37 37 37 37 37 37 37 38 35 39 39 39 39 39 34 32 32 33 32 41 40 38 37 37 36 35 33 31 31 30 30 29 29 27 27 26 26 29 36 37 38 37 25 24 26 29 40 37 28 40 42 39 42 29 44 49 64 65 66 67 68 68 68 69 68 69 69 64 68 70 69 66
45 45 45 43 43 43 44 43 43 43 43 43 42 42 42 41 41 41 41 38 37 36 36 36 37 37 37 37 37 37 37 36 37 38 39 38 33 32 32 32 32 34 36 34 39 38 37 36 35 33 31 30 31 29 28 28 28 29 27 26 32 37 39 39 37 25 24 25 33 40 31 24 38 42 38 39 34 41 37 62 66 67 67 68 68 68 69 69 69 69 69 69 69 70 69
45 45 44 43 43 43 43 43 43 43 43 42 41 42 41 41 41 41 40 40 39 38 33 33 34 37 37 37 37 36 37 37 37 38 34 34 32 32 32 32 32 31 33 35 36 33 33 34 34 33 32 31 30 29 28 28 27 28 26 27 30 37 43 38 37 25 24 28 34 37 26 24 37 44 33 33 38 30 36 61 65 66 67 68 61 66 69 69 69 70 70 69 69 69 69
45 45 45 45 44 44 43 43 43 43 42 42 42 42 41 41 41 40 40 40 40 39 37 37 35 34 37 36 36 36 36 37 38 38 34 31 31 30 32 31 32 34 34 33 35 33 31 31 30 32 32 31 30 28 28 28 28 27 26 29 36 36 38 38 26 27 24 27 34 35 24 29 36 41 32 33 26 34 28 47 65 66 67 68 66 66 68 69 70 69 69 69 69 70 70
45 44 45 45 44 44 44 43 43 42 41 41 42 41 41 41 41 40 40 40 40 39 39 36 34 35 37 36 36 36 36 36 37 37 32 32 32 31 32 31 31 31 31 31 33 31 31 31 31 31 30 31 30 29 29 28 28 27 27 28 35 34 37 38 27 24 24 24 28 26 24 26 30 41 33 25 46 44 27 59 66 67 67 68 68 69 69 70 70 70 70 69 68 68 70
45 43 44 45 44 44 43 43 42 42 41 41 41 41 41 41 41 40 40 40 39 39 39 39 35 36 36 34 35 35 35 35 36 36 33 32 30 29 31 32 32 32 31 31 31 31 31 32 32 31 31 30 28 29 28 28 27 27 26 30 29 27 36 38 25 26 25 26 31 25 24 26 29 40 25 27 41 48 36 64 65 66 67 68 68 69 69 70 70 70 70 68 50 46 69
44 43 43 45 44 44 43 42 41 41 41 41 41 41 41 41 40 40 40 39 39 39 39 39 39 36 36 36 32 35 36 35 36 36 37 31 32 30 29 30 32 31 32 31 30 31 31 31 31 30 29 29 28 28 28 32 27 27 27 28 27 26 34 26 26 31 25 30 24 24 36 35 25 40 27 29 49 37 58 62 66 66 67 68 69 69 69 70 70 71 70 61 57 53 68
43 44 43 44 44 43 43 43 43 42 41 41 41 41 41 40 40 40 40 39 39 38 39 38 36 37 38 34 35 36 36 36 35 36 37 33 31 32 29 31 30 32 31 33 31 31 31 30 30 30 29 29 28 28 28 28 27 27 27 26 27 26 26 30 30 27 25 25 28 45 39 45 24 29 41 33 29 52 62 65 66 67 68 68 69 69 70 70 70 70 63 56 54 53 54
44 43 43 43 44 43 43 43 42 42 41 41 41 41 41 40 40 40 39 39 39 39 37 38 36 35 36 35 34 36 36 36 36 36 36 36 31 31 32 30 33 33 33 33 31 31 33 31 30 29 29 29 29 28 28 27 29 30 27 26 26 26 26 26 27 25 25 41 24 45 45 46 24 26 49 48 49 61 53 65 66 67 67 68 69 70 70 70 71 70 67 62 60 62 46
43 44 43 43 43 43 42 42 41 41 41 41 41 40 40 40 40 40 39 39 39 39 39 39 37 34 36 35 35 35 36 36 36 36 36 32 32 31 30 32 33 32 32 33 31 33 32 32 34 30 29 29 30 32 28 28 30 27 34 27 30 27 36 26 27 26 25 42 43 45 45 47 49 57 58 60 61 62 63 65 66 67 68 69 69 69 70 70 71 71 71 62 69 57 51
42 44 42 42 43 43 42 42 41 39 33 39 40 40 40 40 40 39 39 39 39 38 39 36 37 36 33 34 35 35 35 36 36 36 36 34 32 31 30 33 33 32 32 33 32 31 36 32 33 34 30 29 28 28 28 28 29 27 27 31 36 36 37 27 36 39 41 42 41 44 45 47 48 57 53 60 62 63 64 62 63 67 68 69 70 70 70 71 71 71 71 68 70 49 48
41 43 42 42 42 42 42 41 41 41 37 34 39 39 38 40 40 39 39 39 39 38 38 37 38 37 34 31 35 34 36 35 35 36 36 33 31 31 31 30 30 32 34 34 34 31 32 32 33 34 33 29 28 28 30 32 32 33 27 27 31 37 33 36 39 33 33 42 43 44 39 47 25 29 38 58 49 55 59 41 36 68 68 69 70 71 71 71 71 71 71 71 70 45 47
43 41 43 42 42 41 42 42 41 41 41 40 40 40 40 40 40 39 39 39 39 38 38 38 38 38 33 31 34 32 35 37 36 36 35 32 31 31 30 31 30 34 32 30 33 32 32 34 34 34 35 29 28 28 29 33 36 34 34 30 33 26 26 31 25 26 37 42 43 43 45 37 25 33 29 53 53 28 32 30 43 67 68 69 70 71 42 71 71 71 71 69 60 43 50
42 41 42 41 42 41 41 41 41 40 41 41 41 40 40 40 39 39 39 39 39 38 38 38 38 38 38 31 38 36 37 37 36 34 33 30 30 31 30 30 30 34 34 31 31 32 34 34 34 32 29 29 30 30 28 33 36 42 50 37 36 26 29 27 28 26 29 40 43 43 32 25 32 42 38 29 57 60 31 29 40 67 69 69 70 70 42 58 71 71 71 60 46 44 50
42 42 42 42 42 42 42 41 41 41 41 41 41 40 40 40 40 39 39 39 39 38 38 38 37 39 38 30 37 37 37 37 35 32 30 30 30 33 32 30 30 32 34 30 32 32 34 34 31 30 29 30 35 35 34 34 36 44 53 38 37 26 32 29 26 26 27 35 42 44 33 25 41 46 36 27 33 51 34 29 66 67 69 67 71 56 37 42 71 71 71 61 58 44 49
42 42 42 41 42 42 41 41 41 41 41 41 40 32 35 39 40 39 39 39 39 39 39 38 39 37 31 31 36 38 37 37 33 30 33 31 32 33 33 34 34 30 33 31 31 35 32 35 32 31 29 30 35 35 35 35 36 37 48 37 34 27 29 26 26 26 29 25 42 31 31 28 41 45 38 37 28 58 29 38 59 68 69 65 70 36 45 45 71 71 71 62 51 45 49
42 42 42 42 41 41 41 41 41 41 41 41 40 31 34 37 40 39 39 39 38 38 39 34 37 36 33 34 36 37 37 37 33 30 32 30 30 31 34 31 33 33 34 32 31 33 35 32 35 33 30 33 30 35 35 35 36 36 38 37 33 27 28 26 26 26 29 25 28 29 29 29 41 41 28 29 33 48 33 36 42 67 55 66 41 43 43 45 66 71 71 69 57 45 50
41 40 41 42 41 41 41 41 41 41 41 41 41 33 33 41 40 40 39 39 39 39 40 31 32 33 30 30 30 38 37 37 34 33 31 30 33 33 34 35 35 31 32 31 32 26 31 31 34 35 34 35 34 36 36 36 36 35 34 35 27 27 27 28 26 26 26 34 26 39 39 32 42 46 33 34 46 33 30 38 47 66 54 68 53 38 41 50 62 70 71 71 60 48 50
42 40 41 41 41 42 41 41 41 40 41 41 39 34 33 36 31 39 40 40 31 30 34 31 34 30 31 30 32 38 36 37 35 31 31 33 32 32 31 32 34 32 30 29 32 26 31 31 32 33 33 34 35 35 35 36 36 34 29 27 27 27 31 28 27 28 26 26 37 46 43 41 39 42 29 42 43 32 31 38 46 63 52 67 55 44 39 51 57 69 70 69 60 58 49
41 39 41 42 41 42 42 42 41 37 42 36 33 32 33 31 31 31 32 41 41 30 32 37 31 30 31 30 35 38 36 34 36 34 34 33 32 31 31 31 32 33 31 30 26 27 32 32 34 33 36 33 34 34 35 36 36 33 28 27 31 34 38 38 34 29 26 26 34 42 47 42 39 39 30 29 34 43 31 34 50 60 58 65 44 50 46 45 55 53 63 67 65 48 48
41 42 40 41 41 42 42 42 42 37 34 32 32 32 33 34 31 31 30 31 36 32 31 30 30 30 31 31 30 37 36 34 31 31 30 34 35 36 32 31 27 28 30 29 29 26 26 26 28 26 32 40 34 34 37 36 36 33 28 31 36 36 39 40 38 35 30 26 31 40 44 45 41 42 33 29 42 36 38 33 53 42 45 61 39 43 59 41 42 44 47 57 68 50 48
40 40 39 41 41 39 39 41 42 42 39 32 33 33 33 35 34 32 31 31 35 35 31 31 31 30 33 30 39 38 36 31 31 30 31 33 32 34 34 31 29 28 28 28 28 26 28 28 29 27 26 30 41 41 43 45 40 36 29 35 37 38 43 50 39 38 36 29 32 40 44 49 43 41 33 32 40 31 33 41 48 37 48 58 40 46 42 53 42 43 48 45 54 67 50
39 39 38 38 38 40 39 40 40 42 42 40 36 32 32 33 34 31 32 31 30 30 32 31 31 31 34 30 38 37 36 30 33 33 32 31 30 28 32 32 31 29 27 27 25 25 29 29 29 29 27 27 28 28 27 28 41 36 33 37 37 43 43 52 39 38 35 35 39 42 50 55 42 37 31 31 35 32 32 36 38 45 53 54 52 40 44 52 57 43 50 49 50 66 47
40 40 40 39 42 42 39 42 42 41 40 34 32 32 35 36 35 34 31 31 30 30 30 30 30 31 32 30 36 33 35 31 33 32 31 31 26 25 31 33 32 31 28 26 26 28 29 29 29 29 28 26 26 27 27 42 35 32 35 37 42 50 51 43 44 40 39 40 40 42 57 53 43 37 30 36 37 32 33 37 35 37 37 43 48 44 41 51 51 44 49 49 48 55 66
41 40 42 41 42 40 35 40 43 37 36 43 39 39 41 32 32 31 32 32 35 35 34 31 29 31 34 40 39 37 36 30 32 31 31 28 29 26 31 31 34 32 31 29 26 26 29 29 29 30 29 29 29 28 36 35 35 36 36 37 48 38 31 46 49 52 42 44 45 49 42 45 43 35 31 42 32 35 36 36 39 36 37 39 41 40 43 46 55 48 50 49 50 47 63
41 41 41 42 42 43 38 43 43 43 43 43 41 43 40 33 34 34 36 36 33 34 33 35 30 33 37 39 38 33 30 36 30 32 32 36 32 31 34 30 30 33 34 33 30 27 28 29 29 29 30 29 26 33 39 35 36 36 36 42 46 33 33 36 34 53 48 49 44 40 39 39 41 35 36 42 33 35 39 37 41 44 41 40 40 47 45 44 51 45 50 50 49 51 49
41 38 39 40 39 41 42 43 43 43 41 34 35 38 38 34 32 36 36 37 36 33 36 30 30 31 39 40 38 31 29 30 33 33 31 32 30 31 30 30 30 30 30 31 34 30 27 25 29 29 30 30 26 35 34 35 38 40 41 44 30 29 31 31 31 32 50 53 45 39 39 35 35 35 42 44 35 34 36 36 39 46 46 47 41 48 48 46 45 53 49 51 50 50 51
39 39 40 39 39 41 43 35 34 35 34 37 33 35 34 35 33 33 33 37 36 31 30 30 34 41 41 39 37 33 29 29 30 30 30 32 30 30 30 30 30 30 30 30 31 33 28 26 29 29 30 28 27 33 33 34 40 27 30 28 28 28 29 29 35 31 35 54 42 41 41 41 34 38 41 43 43 35 37 42 46 47 46 46 46 47 49 49 46 48 48 51 50 50 52
39 40 40 41 42 43 39 34 34 38 38 37 36 42 34 34 35 33 32 32 31 33 42 43 43 42 42 35 33 34 29 33 33 32 32 32 31 32 30 31 30 30 33 30 30 30 27 24 29 29 29 29 25 31 35 34 33 27 28 28 28 28 29 31 30 30 42 54 47 43 41 41 37 42 43 43 43 36 45 45 46 46 50 52 53 51 48 48 45 47 47 52 50 49 50
39 39 39 41 43 42 41 35 42 35 35 35 35 44 44 34 39 39 32 34 32 34 42 43 42 42 39 36 29 31 29 33 31 33 31 29 27 27 31 31 30 30 26 33 30 28 26 31 30 29 29 29 28 27 29 34 34 27 29 29 28 28 29 30 30 36 51 54 53 40 40 41 40 43 43 44 44 36 45 45 46 46 59 60 60 47 47 50 46 48 48 49 53 49 49
