wc0.5/Cropped/bio19_28.asc
NCOLS 282 
NROWS 470 
XLLCORNER 79.525 
YLLCORNER 5.91666666666667 
CELLSIZE 0.00833333333333331 
NODATA_value -32768 
[rows 304 to 341 of 470, columns 87 to 173 of 282]
526 523 522 522 521 521 529 527 531 521 522 526 524 530 533 538 543 543 544 544 549 547 550 554 556 608 547 695 670 676 680 480 716 666 796 681 658 655 685 669 719 727 607 625 676 689 654 495 614 657 418 632 647 449 651 672 680 716 534 694 503 514 719 791 703 723 612 603 671 758 767 796 797 790 728 698 740 771 808 776 821 806 829 824 737 750 925
526 526 523 525 523 528 528 533 533 533 522 527 525 530 533 535 545 544 546 552 554 550 551 553 558 562 606 638 659 658 657 649 634 664 651 666 645 650 691 724 618 741 618 617 665 625 637 656 762 618 407 429 647 447 636 656 663 507 516 530 517 531 522 533 634 646 603 607 693 783 802 815 769 733 664 678 704 737 803 725 832 814 832 835 721 736 921
531 532 528 525 526 526 529 532 533 530 528 541 527 528 533 539 548 545 543 545 550 556 558 556 559 563 565 608 670 660 646 633 643 630 640 645 641 646 632 676 606 613 616 619 619 702 782 594 746 757 402 416 638 643 641 645 654 688 528 694 513 715 718 530 562 555 571 591 665 762 780 789 767 649 646 677 705 798 762 707 791 807 783 807 724 731 745
534 534 535 529 528 528 528 536 522 525 524 544 545 541 534 547 546 547 545 548 549 550 554 556 560 564 564 607 623 661 655 654 637 633 637 638 634 636 636 665 641 613 612 620 740 825 640 683 570 687 660 690 616 620 432 443 453 669 711 714 692 713 729 528 538 650 609 590 701 766 795 791 758 651 638 662 725 783 717 683 767 800 767 771 742 725 724
539 539 538 536 539 540 527 524 525 524 539 553 544 551 541 548 545 547 547 548 560 555 556 559 562 564 567 568 581 614 719 713 701 632 628 630 634 642 627 641 628 615 683 699 792 672 675 681 850 545 488 649 640 676 471 651 451 658 678 687 690 712 717 724 539 628 584 624 672 763 815 781 760 631 641 680 729 749 686 673 755 813 731 731 758 708 719
542 542 540 536 532 532 544 527 526 531 530 529 536 535 544 552 552 548 557 556 553 556 558 561 563 565 571 571 573 593 623 621 673 701 633 647 637 636 637 623 611 614 677 541 599 656 863 570 727 663 448 696 640 473 507 510 587 462 667 677 689 780 522 715 532 546 566 652 748 747 769 774 644 620 820 671 726 733 665 669 742 781 718 726 700 708 714
543 545 538 536 535 534 531 544 529 540 527 533 534 538 540 543 548 557 561 560 558 561 560 563 565 568 570 573 575 578 579 651 687 662 632 653 633 635 640 647 618 619 758 625 660 650 660 594 563 555 572 722 453 507 706 506 694 478 488 479 686 698 601 721 529 760 599 629 730 709 751 763 652 618 628 648 681 669 660 664 699 771 720 690 719 721 704
547 549 542 542 545 545 544 535 536 550 546 534 538 541 546 553 566 561 567 568 570 566 564 567 568 571 572 575 577 579 581 583 665 649 643 682 657 659 646 662 637 627 710 873 641 627 650 656 640 663 628 545 526 504 703 661 664 687 667 692 540 702 552 582 530 559 578 661 652 628 731 756 629 614 815 653 688 645 654 659 687 759 682 684 707 726 709
550 552 550 551 543 542 539 537 541 553 552 538 541 544 546 562 570 573 570 570 574 569 568 569 572 574 576 578 580 583 585 583 585 634 641 634 730 657 642 657 630 629 610 801 632 622 638 634 668 658 665 852 592 712 703 683 688 707 543 522 753 521 538 673 574 729 553 627 573 594 699 627 602 617 814 680 641 641 662 667 668 755 675 683 718 703 745
554 559 557 551 547 549 550 543 555 554 556 548 546 550 553 554 556 559 567 570 568 570 570 573 574 577 579 581 583 607 593 595 653 625 613 688 656 631 631 631 637 628 612 695 582 646 619 644 630 657 651 674 613 620 611 543 504 693 521 538 538 726 706 577 787 563 544 587 571 572 613 659 605 609 616 628 633 838 663 681 658 683 690 684 682 727 905
562 564 566 565 560 552 550 553 553 569 560 556 552 554 558 559 572 566 573 576 571 574 575 577 578 581 582 584 586 587 639 590 653 656 647 658 670 631 630 626 631 621 613 626 503 825 642 616 663 665 667 667 644 649 675 633 574 516 509 569 592 564 757 778 617 634 736 569 569 570 587 588 597 604 623 646 627 836 842 849 653 663 704 706 713 740 730
568 569 568 567 563 560 561 557 561 555 564 563 559 560 565 565 575 589 589 581 576 579 580 580 582 583 586 588 590 590 591 594 629 687 633 663 658 662 631 622 626 625 615 694 694 505 547 639 658 631 642 658 636 687 650 656 679 820 742 545 604 644 551 582 622 550 752 550 756 760 598 585 595 601 613 818 653 833 669 679 688 707 874 880 729 738 901
573 575 574 576 577 578 579 563 576 562 582 573 568 566 569 569 580 617 735 619 589 593 597 584 586 587 587 590 592 594 592 658 636 638 694 684 665 656 660 630 628 632 616 650 689 500 569 650 653 852 642 648 648 655 734 651 669 671 607 560 567 557 789 588 615 580 536 750 765 771 778 772 610 621 809 817 822 658 667 846 683 703 705 878 882 731 734
579 581 581 582 581 583 579 584 586 573 583 586 575 572 579 583 587 596 664 710 620 626 631 597 590 591 593 594 596 597 600 629 608 634 435 772 653 678 629 648 642 630 618 669 751 484 732 757 580 633 659 661 661 628 676 642 653 668 656 803 548 542 610 645 651 661 559 545 756 772 772 782 613 607 615 815 822 655 828 673 639 656 847 877 700 718 731
585 584 585 585 583 587 580 578 578 588 579 583 579 585 581 582 584 589 596 617 611 596 593 593 594 595 596 596 597 600 602 603 600 600 711 766 687 719 657 616 618 618 640 706 511 749 508 500 581 652 631 622 636 629 629 656 663 665 670 557 553 558 589 655 684 665 666 625 657 557 762 775 592 589 801 812 819 651 660 828 634 668 650 703 706 661 672
591 593 593 590 594 594 588 588 589 592 589 591 585 593 592 588 590 596 592 593 593 595 595 595 598 599 600 602 601 604 605 607 605 603 610 775 618 653 617 618 636 664 693 523 545 579 789 769 535 651 649 599 641 623 649 655 656 631 792 544 593 605 571 644 675 757 833 691 683 569 764 767 613 587 601 808 816 647 632 625 652 726 684 649 712 722 660
599 600 599 595 601 601 593 596 602 597 596 601 593 594 593 598 597 597 597 600 614 621 601 606 602 603 603 603 605 606 605 610 611 607 609 777 629 618 620 620 651 720 515 793 576 631 613 814 776 609 639 596 675 656 640 655 609 584 540 595 662 665 656 655 673 768 863 695 680 558 767 768 586 587 592 799 635 820 813 617 710 751 669 640 657 698 665
605 606 606 607 606 607 602 601 601 603 605 611 605 600 599 601 603 610 604 605 631 488 697 644 605 608 609 609 610 607 607 630 607 644 750 590 645 619 620 627 682 560 629 838 849 624 631 625 633 800 634 586 654 728 605 652 620 598 775 595 654 659 655 661 667 680 809 683 646 555 759 564 570 577 593 590 631 615 622 622 702 737 673 664 641 708 648
613 613 614 614 613 612 612 617 607 608 610 611 614 613 606 606 607 610 610 612 643 772 456 406 610 613 613 614 615 617 610 709 649 672 719 695 651 629 625 634 694 524 843 540 511 587 636 564 598 622 637 584 656 740 755 609 649 624 581 633 578 648 651 654 661 663 689 669 630 544 757 559 767 577 604 585 598 612 616 620 700 696 625 633 646 682 651
620 621 619 618 619 618 615 615 616 622 614 614 614 613 613 613 613 616 623 634 629 738 479 622 614 615 619 617 617 639 619 499 729 710 783 568 776 628 634 631 681 695 719 767 619 623 625 642 628 559 582 567 686 670 738 604 625 642 636 647 632 650 651 651 651 643 630 639 558 745 548 584 562 571 576 791 586 670 673 624 701 735 631 640 668 642 638
628 628 629 624 625 628 626 621 622 629 623 622 621 621 620 620 619 620 619 620 656 729 732 702 764 645 618 617 773 526 715 497 705 532 503 784 718 629 651 634 665 488 577 600 526 516 541 564 614 582 553 604 693 603 735 626 647 650 611 622 635 639 646 645 643 625 563 546 531 538 600 572 571 582 570 578 644 728 708 682 657 688 615 649 655 635 631
632 637 636 630 632 637 629 630 629 635 628 626 627 628 627 630 641 690 632 709 749 752 493 517 512 766 754 625 623 544 492 668 756 786 509 535 676 639 664 687 648 684 625 595 557 507 512 522 573 594 544 675 675 564 735 651 762 761 705 619 615 623 632 647 642 609 538 530 594 619 654 655 621 585 568 573 617 685 730 685 651 650 609 612 631 653 625
641 641 643 636 637 638 639 640 636 634 639 634 633 633 633 635 632 691 730 499 764 506 489 467 511 508 782 520 690 741 758 774 521 774 748 766 523 649 407 691 753 483 536 622 638 636 538 514 612 560 538 570 621 596 619 655 541 593 757 748 637 629 684 659 631 608 542 585 633 636 665 675 649 619 582 568 594 660 701 708 668 670 611 607 643 632 639
651 650 640 642 644 652 644 644 650 650 645 643 642 646 647 637 635 640 676 759 495 488 488 458 461 504 519 506 711 701 761 507 498 542 465 517 643 644 414 755 586 533 581 591 483 607 611 505 535 581 596 629 690 623 513 506 482 535 586 737 780 745 782 821 709 630 549 619 637 643 707 788 653 643 624 575 591 650 692 738 681 657 604 609 633 612 618
659 657 648 648 652 656 648 657 652 657 652 653 653 649 653 651 646 640 640 665 717 757 765 739 469 773 753 517 779 521 741 502 505 763 712 573 652 657 668 528 615 619 589 560 493 525 552 537 507 525 645 589 662 638 506 469 468 485 550 687 703 686 613 679 725 619 596 630 633 700 700 839 645 630 608 605 636 666 740 813 664 611 594 597 616 604 609
666 662 655 660 663 666 656 663 666 664 662 663 650 648 684 646 645 662 669 747 759 498 462 452 462 477 775 518 527 531 535 531 541 768 741 784 413 711 690 746 610 463 474 478 555 585 488 591 561 510 545 605 600 548 503 483 465 472 528 585 595 553 634 793 608 584 608 623 702 839 844 683 698 643 638 642 644 659 847 776 669 605 588 599 614 600 608
663 659 660 668 667 662 663 671 663 667 657 663 654 679 739 684 653 714 720 646 687 682 664 762 494 769 493 492 442 447 460 499 542 493 720 641 651 669 681 505 597 466 473 512 499 571 489 586 602 551 519 531 600 606 529 506 477 463 476 481 488 502 790 597 608 607 614 621 802 762 650 833 852 817 653 675 679 723 654 676 658 589 584 624 594 606 609
670 664 665 669 668 670 681 672 669 672 667 661 658 658 707 653 652 651 649 648 666 653 673 488 479 480 438 448 457 443 453 440 533 733 683 654 670 722 517 683 522 601 577 629 571 476 615 564 491 600 607 569 519 648 560 529 492 465 461 473 569 769 732 591 604 597 603 710 826 694 693 721 683 831 729 738 660 622 610 599 618 581 584 628 586 589 610
673 671 672 673 677 684 689 684 674 682 684 681 681 675 662 659 661 662 674 488 738 699 697 735 762 458 447 430 440 457 432 516 516 499 667 655 667 486 559 525 711 459 746 458 492 473 499 487 530 507 527 561 600 522 655 649 512 465 459 461 668 674 582 586 673 706 698 811 651 598 641 648 633 639 845 803 664 608 594 571 573 575 608 649 581 585 587
676 687 692 690 698 697 697 695 694 691 689 690 687 678 667 475 482 728 484 449 752 732 479 733 753 487 742 425 454 770 519 772 723 647 649 667 415 460 555 564 582 517 543 460 496 501 511 535 558 486 540 548 569 574 546 669 505 471 454 493 700 619 572 578 752 603 677 597 554 556 550 539 700 608 679 826 629 618 617 618 565 577 590 637 608 584 583
682 705 704 705 702 706 704 693 701 695 693 687 678 669 701 480 481 443 420 446 462 675 482 739 473 758 493 498 507 474 653 642 639 642 644 713 735 710 524 442 450 450 446 448 475 589 537 562 536 534 586 500 498 514 574 639 529 473 452 453 631 732 670 584 743 546 525 507 520 549 524 491 529 544 761 833 675 628 615 606 569 599 625 622 597 574 595
694 691 705 713 711 691 708 694 707 705 704 696 676 684 689 739 685 471 466 745 743 664 659 485 429 426 496 472 501 466 654 646 649 648 680 706 535 493 521 454 476 435 450 474 512 501 456 572 523 473 541 457 532 528 604 497 459 456 452 454 483 535 703 602 746 541 472 486 506 516 505 488 524 702 841 854 785 602 593 593 577 626 612 629 609 571 617
695 696 713 696 697 694 698 704 713 711 703 689 678 677 678 683 671 682 667 673 667 664 659 735 487 410 467 724 755 685 640 651 662 660 686 495 498 540 524 537 544 440 488 498 511 471 452 566 558 470 569 492 454 469 494 516 463 442 444 445 449 460 467 724 687 540 465 470 507 487 497 541 586 709 797 839 717 621 593 577 599 641 630 588 581 565 607
699 701 715 709 717 702 723 714 719 716 711 710 713 696 689 690 681 683 691 700 700 686 675 661 715 407 476 698 685 666 645 661 394 444 416 416 510 448 489 536 507 441 483 465 502 559 553 559 561 529 476 545 460 452 453 464 474 452 443 458 455 454 495 529 498 457 465 466 468 483 509 563 656 724 793 795 762 803 604 581 598 613 601 580 561 561 596
723 706 727 717 727 729 705 721 716 719 709 713 718 714 714 711 709 708 704 698 704 691 686 662 467 419 452 434 671 662 673 689 728 449 703 510 516 428 442 421 460 427 442 484 429 514 540 443 449 458 467 479 570 530 460 451 448 453 436 452 459 457 445 454 458 463 463 465 466 498 573 622 693 715 761 835 727 643 589 607 758 614 592 589 588 578 562
733 711 735 733 730 732 734 731 709 726 726 720 707 721 720 717 714 715 713 702 708 706 677 669 434 481 664 453 663 670 723 480 486 438 477 501 458 407 409 404 408 413 445 478 444 535 541 528 510 510 484 491 525 561 507 439 433 436 434 443 457 462 465 468 468 461 458 459 462 474 476 542 639 758 778 797 760 619 678 746 844 664 597 596 599 583 563
733 716 735 716 734 738 736 737 724 725 725 720 719 716 713 712 705 720 706 707 713 711 681 700 679 666 675 672 705 715 478 488 754 442 455 447 399 397 401 421 450 434 439 469 417 478 502 430 497 512 486 478 539 504 456 445 437 428 429 437 443 459 462 468 465 455 455 457 458 463 465 539 555 614 624 622 662 707 721 840 766 763 756 654 681 599 574
720 718 730 720 740 740 738 741 737 739 737 736 733 732 729 716 717 725 720 709 708 715 709 714 713 704 697 700 665 694 481 441 483 475 736 463 387 388 425 406 435 447 454 450 459 474 457 427 457 416 411 416 424 420 426 428 429 425 440 443 436 441 451 459 460 455 449 453 457 463 463 467 478 536 624 782 755 824 814 710 745 833 830 615 588 580 565
