wc0.5/Cropped/bio1_28.asc
NCOLS 282 
NROWS 470 
XLLCORNER 79.525 
YLLCORNER 5.91666666666667 
CELLSIZE 0.00833333333333331 
NODATA_value -32768 
[rows 342 to 379 of 470, columns 87 to 173 of 282]
261 271 267 266 265 261 259 261 261 271 258 256 259 253 253 237 260 262 262 257 264 263 242 258 267 254 253 260 250 232 229 214 214 217 222 217 211 207 187 181 184 191 200 201 208 217 208 202 199 182 163 167 168 160 166 159 163 158 153 156 159 163 158 151 152 157 161 160 158 157 162 167 166 172 185 187 183 184 182 196 196 198 201 205 215 222 219
263 268 268 268 266 263 263 261 257 262 255 254 250 242 227 232 249 254 255 250 253 258 242 237 261 261 237 260 255 239 226 223 216 209 211 213 207 199 183 179 179 183 192 203 213 215 202 193 195 194 178 169 161 157 160 158 158 154 155 156 153 163 163 163 164 164 164 158 156 161 175 183 177 185 195 191 194 193 195 204 208 211 204 207 214 217 223
271 269 270 271 265 266 264 266 262 264 260 254 248 241 233 245 250 260 254 253 254 250 245 234 252 262 248 237 253 252 240 221 219 211 203 208 207 199 190 182 178 191 197 201 205 214 207 200 198 194 194 188 176 157 161 161 153 151 161 162 158 161 164 164 163 164 167 163 161 162 181 190 199 199 200 201 202 201 197 209 210 213 214 214 218 231 227
269 272 270 267 263 264 263 264 263 263 260 259 256 252 250 254 257 260 255 247 250 251 250 247 259 260 249 234 241 248 238 221 211 215 207 206 206 201 188 192 189 192 199 204 202 207 211 205 203 198 198 195 191 181 180 173 170 163 165 165 165 161 164 164 163 163 162 168 171 180 177 189 202 207 208 209 209 210 210 211 211 212 213 215 220 225 219
262 268 272 270 267 262 262 262 259 266 265 265 260 255 255 254 259 260 256 248 250 246 254 239 239 255 252 235 227 241 234 217 211 209 213 215 207 200 195 192 195 194 197 198 200 202 200 202 203 201 199 200 197 196 192 184 181 177 177 179 172 166 165 164 164 164 162 162 167 185 195 199 200 207 207 209 209 209 211 209 210 212 208 213 218 222 212
261 266 272 271 263 263 267 268 262 269 269 261 255 257 257 263 264 258 255 257 254 252 253 245 233 242 256 246 228 226 231 208 207 208 211 213 205 201 196 195 199 200 200 197 202 199 200 197 199 204 200 195 193 194 198 196 191 186 182 176 165 158 162 164 166 167 168 163 165 169 194 206 198 202 207 207 206 210 209 206 209 210 208 213 217 216 211
260 268 270 269 262 265 268 263 263 269 269 263 258 258 262 267 264 264 261 261 257 253 255 245 231 224 253 253 237 232 229 220 203 212 209 203 210 199 199 195 198 201 201 201 201 194 196 196 197 198 198 198 200 192 187 191 195 191 182 171 166 158 163 162 163 165 169 169 172 179 189 201 205 207 208 208 207 208 208 205 205 208 209 210 223 213 209
264 262 268 269 270 267 267 263 258 257 269 267 268 260 263 268 259 250 252 260 256 251 253 244 232 224 245 251 247 238 224 226 216 210 203 203 205 211 204 196 196 201 200 201 200 191 189 193 194 193 192 195 197 194 193 192 193 192 185 177 171 163 162 162 162 163 162 156 166 179 193 196 203 208 209 210 209 209 209 206 208 209 211 211 220 219 205
269 271 270 268 261 263 260 261 259 258 268 268 263 264 268 264 264 264 241 247 251 257 250 248 233 234 233 240 241 239 224 210 222 212 201 202 201 202 210 202 198 197 200 197 197 197 188 187 191 192 195 196 196 192 193 191 189 191 188 185 176 167 160 160 163 164 165 155 164 179 192 198 204 207 208 208 210 209 212 208 211 213 213 214 217 213 206
270 270 271 269 264 256 259 258 258 262 268 267 265 262 265 258 263 258 250 255 251 258 246 248 239 226 228 222 232 230 225 206 214 219 209 202 198 197 197 203 202 198 198 198 193 189 186 194 194 195 197 197 199 197 195 192 191 193 188 180 178 174 166 165 164 162 164 168 172 178 185 195 194 202 205 207 207 207 210 211 213 209 210 209 211 215 204
262 269 271 270 268 259 258 255 255 265 260 267 268 260 251 248 260 264 258 260 261 255 249 247 230 214 215 211 211 222 226 220 204 202 219 202 200 197 198 199 200 199 199 188 184 189 185 188 188 192 189 192 194 195 195 196 196 191 194 189 178 172 170 166 165 164 165 165 171 183 178 184 189 203 203 205 208 207 209 209 209 205 203 206 213 211 208
270 267 272 271 271 261 261 260 260 260 260 265 262 260 258 249 256 253 256 258 258 261 257 251 245 235 227 219 208 195 215 222 212 201 200 212 207 198 198 198 199 200 201 196 194 195 185 166 180 184 183 190 190 194 191 192 190 189 187 177 179 181 176 168 167 166 165 165 171 181 197 196 197 202 205 207 208 208 207 204 209 206 202 204 212 210 207
270 264 264 269 271 266 258 262 267 264 262 260 258 259 260 249 251 251 250 254 256 245 249 245 235 226 211 207 207 194 210 220 221 205 199 194 209 210 197 195 197 199 201 200 198 196 187 183 175 184 180 193 194 195 194 190 187 181 177 170 167 167 166 166 168 167 166 166 165 176 183 202 204 205 205 206 204 208 207 204 203 206 204 208 209 205 206
270 266 266 266 264 267 270 268 260 265 263 256 258 249 259 254 246 246 247 253 259 253 242 242 225 223 206 205 199 196 188 203 208 217 203 192 197 206 208 203 199 201 203 201 199 197 194 185 183 188 190 194 194 194 192 191 190 186 177 177 167 165 160 164 163 165 167 166 165 169 193 197 197 200 204 202 199 205 201 201 203 203 205 207 210 207 204
271 271 271 264 263 257 271 264 261 256 265 258 258 253 258 248 249 245 246 244 238 248 238 238 228 218 195 188 201 195 193 196 209 215 209 199 192 196 206 211 210 206 200 198 199 197 193 186 180 187 189 191 192 194 193 192 191 189 185 184 180 180 169 166 161 161 166 165 163 164 175 184 193 196 200 199 200 201 201 201 201 203 206 207 208 211 208
270 271 270 264 260 256 261 265 261 260 262 260 257 250 250 246 243 249 247 233 229 228 226 222 228 220 199 183 185 188 191 192 196 204 203 206 196 188 193 210 210 209 208 198 196 196 195 192 175 167 187 189 188 183 184 182 187 188 188 189 192 188 180 172 162 155 157 165 165 163 166 178 190 198 197 201 200 199 201 200 200 200 207 203 206 206 207
271 271 271 269 259 258 264 268 270 259 262 260 258 255 252 260 244 256 255 241 223 222 225 206 216 221 206 179 179 182 178 182 180 171 200 206 203 197 195 197 202 210 208 203 198 196 194 190 179 164 173 184 179 179 175 182 184 181 178 180 184 187 186 180 170 163 152 158 164 163 161 173 185 191 196 199 199 194 200 200 201 201 204 204 203 207 205
271 271 271 271 270 267 269 270 269 262 262 256 256 257 248 258 248 261 261 254 235 228 222 201 197 214 206 197 178 170 167 175 184 189 196 205 205 204 205 199 190 195 203 209 208 200 197 195 186 181 166 157 175 169 175 178 183 186 180 181 177 173 182 175 170 162 151 147 155 157 160 184 186 195 197 198 199 200 199 201 200 201 199 207 196 201 205
270 271 271 271 271 269 270 271 267 263 260 257 255 263 254 262 257 255 258 259 252 243 235 218 206 202 197 198 180 171 169 185 189 198 201 206 206 206 203 202 197 192 196 203 208 203 199 196 192 186 178 161 162 175 175 180 180 186 176 180 177 171 166 166 161 155 150 146 150 156 165 162 179 186 189 196 198 199 201 201 199 198 204 205 198 200 203
270 270 270 271 271 271 271 271 271 263 264 257 255 266 260 264 256 246 247 253 251 238 220 214 211 204 199 197 184 178 188 198 201 202 195 206 206 205 201 200 200 195 193 194 203 201 202 196 195 191 185 179 170 173 183 180 180 175 184 178 170 166 160 156 156 153 150 150 150 158 170 173 178 173 166 190 197 199 201 203 202 197 209 202 201 199 203
264 265 271 270 269 271 270 267 270 271 260 261 258 264 265 262 258 241 240 245 249 242 226 201 200 199 196 187 176 165 172 177 182 186 191 204 206 206 206 201 199 197 197 191 191 195 197 198 197 198 194 189 181 181 181 182 178 175 177 173 164 159 155 145 150 153 151 150 150 150 149 163 175 182 183 186 193 199 201 202 207 206 201 201 201 203 205
261 261 270 271 272 272 271 267 271 271 267 260 269 265 266 264 253 240 227 233 237 241 241 235 216 216 201 181 172 164 175 173 176 181 189 205 203 199 199 197 196 197 196 194 189 186 187 191 192 196 198 198 190 182 175 175 179 174 169 168 162 149 148 150 150 150 151 151 150 149 154 158 162 172 181 191 196 199 202 205 205 202 205 202 200 195 196
266 263 270 271 272 271 271 270 267 271 271 263 270 269 271 267 256 243 228 232 240 247 249 245 240 226 209 192 170 173 175 175 190 188 193 195 196 179 169 189 192 193 195 195 194 186 179 182 188 193 195 198 195 191 180 171 170 170 161 158 154 142 143 149 150 151 152 151 151 150 149 169 171 162 165 174 186 196 203 203 202 199 202 202 203 190 194
266 258 268 271 272 272 271 272 271 271 272 271 270 271 271 266 257 252 243 244 250 255 256 253 251 239 218 220 179 175 180 181 181 184 188 186 186 175 165 165 187 191 196 195 193 188 178 174 180 185 190 194 193 192 185 181 177 172 161 155 157 156 151 150 154 152 154 154 155 175 171 190 178 164 170 169 178 189 198 199 199 199 200 204 198 193 187
266 259 270 272 271 271 272 272 271 272 272 272 271 271 271 269 261 249 248 253 259 258 259 258 254 242 231 217 179 182 175 173 182 181 174 168 169 171 167 169 190 195 192 188 196 192 185 172 174 177 181 188 186 188 187 185 184 183 167 158 155 154 151 153 152 165 175 163 177 194 189 202 211 197 194 167 178 195 188 187 193 195 197 201 198 193 175
267 255 264 272 271 272 270 271 272 271 270 271 271 271 272 271 268 252 255 261 264 261 265 264 262 254 245 224 207 204 193 188 180 181 185 169 170 168 168 164 184 183 188 187 188 192 182 172 161 164 174 180 182 183 182 182 179 176 171 167 156 150 157 155 159 190 179 176 195 206 215 220 215 214 206 202 203 203 206 187 182 180 188 195 197 188 181
262 264 254 271 271 272 272 272 271 272 271 271 271 272 271 271 269 267 257 263 268 268 269 263 256 259 254 242 231 221 215 209 201 207 212 200 179 174 178 175 168 168 171 185 187 182 180 176 167 163 164 171 185 183 180 177 173 172 172 167 167 180 164 169 190 200 183 162 185 196 210 224 226 219 216 214 212 215 218 213 209 206 195 193 200 196 191
265 270 262 271 271 271 272 271 269 271 271 271 272 271 271 271 270 266 257 263 267 269 271 265 255 256 255 248 245 243 234 218 216 219 219 207 195 201 201 198 190 196 192 191 186 179 177 169 164 166 169 186 190 185 180 183 184 191 182 188 197 199 179 172 208 195 172 171 196 207 216 224 231 229 219 221 227 228 230 226 223 222 221 216 215 213 213
264 272 270 266 271 272 272 272 268 270 271 271 271 272 272 272 271 266 255 258 267 268 271 270 260 260 256 251 248 245 237 234 229 226 226 212 202 207 212 210 211 208 200 200 193 183 177 174 182 202 181 180 200 204 196 199 202 204 209 210 214 203 191 205 213 195 182 206 210 220 224 226 228 224 227 229 235 234 234 236 235 237 234 230 218 227 227
271 271 271 268 272 272 271 271 271 271 271 270 271 272 272 272 272 266 255 251 266 268 271 269 265 257 255 254 253 248 244 236 231 229 226 220 213 211 216 218 225 223 226 219 208 198 200 196 201 206 202 205 209 212 211 206 204 208 215 219 223 219 214 220 213 204 216 214 217 229 234 240 241 242 239 238 238 238 238 241 241 243 244 242 240 239 239
271 272 271 270 271 271 271 272 272 272 270 270 270 271 272 271 272 269 257 247 256 264 271 265 266 253 249 245 243 243 243 239 233 229 229 225 221 218 212 207 220 231 230 230 225 221 216 211 212 220 226 222 218 220 213 209 203 203 203 212 224 229 229 227 222 225 225 229 230 236 237 237 247 239 241 239 239 238 240 242 243 246 250 245 245 244 249
267 267 261 271 270 271 271 271 271 272 271 268 270 271 272 271 272 270 259 254 248 259 268 271 261 251 248 250 246 240 248 244 241 238 239 236 228 220 219 214 212 213 221 235 235 232 226 215 222 225 229 232 231 232 236 222 225 218 206 200 215 231 236 234 235 235 235 237 236 241 243 245 247 248 240 239 239 243 252 250 250 250 256 255 253 249 248
257 268 262 270 271 269 271 271 271 272 272 272 268 272 272 271 271 267 260 260 251 263 271 266 257 258 254 251 252 256 257 253 252 254 252 242 232 231 231 228 223 213 215 212 225 238 238 237 238 237 237 238 242 241 240 238 233 226 225 217 223 234 238 238 238 239 239 240 241 242 247 249 250 250 253 251 244 249 258 255 254 255 257 253 246 240 238
254 260 264 265 270 268 271 270 268 268 272 272 272 272 272 272 270 271 267 258 261 271 271 270 268 263 262 265 264 263 267 264 263 263 259 254 249 248 244 237 234 233 226 226 231 236 236 239 239 240 241 241 240 237 236 243 243 239 244 240 236 242 241 241 238 240 238 241 247 249 248 242 245 250 253 258 256 254 255 255 255 261 247 242 242 238 241
255 251 263 260 269 263 259 267 271 263 270 272 272 272 271 271 269 272 272 267 263 270 264 263 266 266 268 265 267 267 263 262 255 248 258 260 256 246 243 240 240 233 226 223 232 237 242 242 243 241 242 241 241 238 234 234 237 239 243 244 244 246 242 241 241 244 240 240 243 242 239 240 247 245 246 244 249 261 258 259 260 258 254 253 252 250 238
260 246 264 261 265 263 254 262 270 266 267 271 272 272 267 270 272 272 272 271 271 261 256 254 261 263 264 268 264 263 257 252 249 243 245 258 255 253 247 246 239 233 226 215 222 231 239 238 242 241 242 242 241 241 240 238 237 237 243 244 242 245 246 246 245 244 243 242 241 243 237 242 241 242 238 243 249 250 252 260 263 261 256 254 254 253 251
262 248 253 262 258 271 262 257 268 270 262 269 272 271 270 264 272 272 271 271 271 262 249 258 263 263 261 259 266 260 258 251 240 240 244 247 246 245 246 252 241 234 227 217 219 223 222 224 227 236 238 243 242 240 241 240 240 238 239 242 242 243 242 247 246 246 247 244 243 247 249 242 241 252 252 249 252 253 254 257 261 255 255 252 251 253 253
259 247 253 260 257 262 264 250 259 270 271 266 271 271 272 271 267 272 272 272 272 271 260 260 268 266 259 261 262 262 261 254 240 247 241 243 241 242 234 230 232 231 227 221 217 217 219 219 226 229 238 239 240 243 241 240 241 239 238 241 240 237 239 243 246 246 248 248 247 248 251 252 247 252 255 258 257 248 261 265 264 261 257 255 253 252 251
