wc0.5/Cropped/bio1_28.asc
NCOLS 282 
NROWS 470 
XLLCORNER 79.525 
YLLCORNER 5.91666666666667 
CELLSIZE 0.00833333333333331 
NODATA_value -32768 
[rows 342 to 379 of 470, columns 174 to 260 of 282]
237 226 220 217 223 224 215 213 230 232 233 229 224 227 224 217 212 201 202 212 228 235 222 211 208 207 221 222 234 242 251 248 250 253 254 256 256 257 251 255 257 256 251 248 261 261 261 261 261 262 264 262 263 263 263 263 263 262 265 266 267 267 268 268 266 267 266 267 267 268 268 268 268 268 269 269 269 269 268 269 268 268 268 269 269 269 270
234 226 216 216 219 225 222 224 226 221 233 226 211 223 226 223 217 211 196 212 224 232 226 214 206 212 230 227 234 247 252 249 251 254 256 256 256 259 253 254 255 257 253 249 260 261 262 261 260 261 263 263 264 264 264 264 263 263 265 265 266 267 267 267 267 267 266 266 267 268 268 268 268 269 269 269 269 269 269 269 269 268 269 269 269 270 270
227 220 208 209 211 223 225 226 219 222 226 230 219 217 216 218 210 207 209 220 218 226 229 219 206 217 230 237 241 250 253 251 254 256 258 255 254 260 254 253 248 249 254 248 256 262 262 260 260 255 258 262 263 264 264 265 264 263 264 265 266 267 267 267 268 267 265 266 266 267 268 268 268 268 268 268 269 268 269 269 269 268 268 269 269 270 270
219 213 205 205 206 224 226 224 219 225 227 226 226 210 198 203 199 205 214 223 224 226 219 211 205 206 224 227 235 244 252 247 254 257 258 255 254 260 255 254 256 245 254 259 261 262 261 259 259 254 255 256 262 264 264 265 265 263 265 265 266 266 266 267 268 267 266 267 267 267 267 267 263 268 268 269 269 269 269 270 270 270 269 269 270 269 269
208 209 205 205 215 216 223 223 217 215 223 226 221 214 201 183 172 202 212 216 219 225 213 206 213 223 220 225 231 244 248 251 254 254 259 258 257 261 257 257 255 255 252 259 261 262 261 259 259 260 254 257 262 264 265 265 265 264 265 266 267 266 267 268 268 267 267 267 267 267 267 259 266 266 267 268 268 269 269 268 270 270 269 269 270 270 269
205 203 203 205 220 206 218 226 218 212 213 225 224 217 206 187 171 193 210 216 219 222 221 223 222 230 225 227 241 245 248 251 254 255 257 258 259 261 261 257 255 256 260 261 262 263 261 258 259 261 258 258 262 263 265 265 266 264 265 266 267 268 265 267 268 268 268 268 268 267 267 266 266 267 268 268 268 268 268 269 270 270 270 270 270 270 270
204 204 203 205 208 205 212 224 223 209 209 217 218 215 209 192 169 176 196 212 216 212 219 232 228 237 231 229 244 246 250 252 255 256 258 259 258 261 258 255 254 259 261 262 263 262 261 260 258 261 262 258 258 257 263 266 266 265 267 267 266 267 267 268 268 268 269 268 268 267 267 267 267 268 267 268 268 269 269 268 269 268 270 270 270 271 270
201 202 206 205 204 203 201 219 217 222 217 212 211 205 200 198 191 181 190 209 211 208 218 225 238 240 238 239 244 245 250 250 256 255 257 256 253 260 258 256 254 260 262 262 263 262 261 242 261 261 263 262 262 259 265 266 267 266 266 267 265 268 268 268 268 268 268 269 268 268 267 267 267 268 268 268 269 269 269 270 270 270 270 270 271 270 270
202 203 207 203 203 200 201 203 209 215 219 213 210 197 182 182 186 195 208 209 207 212 223 225 232 242 243 240 244 246 247 251 254 253 255 255 256 261 261 257 256 257 261 263 263 252 243 230 243 261 262 263 263 263 265 266 266 266 266 266 266 267 267 266 267 267 268 269 268 268 268 268 268 267 268 269 269 269 269 269 269 270 270 270 270 270 270
202 202 204 203 202 197 199 200 204 209 220 220 212 203 193 183 194 203 208 219 220 211 223 230 234 241 245 242 242 245 246 252 252 254 256 256 259 262 262 257 257 258 261 263 255 246 230 221 233 251 263 264 264 265 266 266 265 265 265 267 265 266 266 266 267 267 268 268 269 269 269 268 269 267 268 268 269 270 269 269 270 270 269 270 270 271 270
202 203 203 206 207 209 206 205 209 216 218 213 215 207 208 194 186 205 213 218 226 225 222 227 234 241 244 244 243 246 247 250 251 254 256 258 260 261 262 258 258 259 262 264 257 248 240 216 220 224 248 263 264 265 266 265 265 266 267 265 263 266 265 267 267 267 268 268 269 269 269 269 268 268 269 268 269 270 270 270 270 270 270 270 270 270 271
206 201 200 202 208 215 214 216 217 216 217 209 213 211 211 193 189 196 207 208 217 232 234 226 236 247 247 245 243 250 245 249 252 253 256 257 258 259 262 261 258 260 262 264 263 241 242 233 226 217 253 264 264 265 263 264 259 265 266 264 265 265 267 266 266 266 267 268 268 268 269 269 269 269 269 269 269 270 270 270 270 271 271 271 270 270 271
205 199 195 193 201 203 208 217 214 211 215 209 210 216 214 194 192 195 196 198 216 227 234 240 236 242 246 247 247 251 251 251 254 254 256 255 258 261 262 262 259 261 263 264 263 251 252 245 232 215 238 261 264 265 252 264 254 263 265 264 262 266 267 267 267 266 268 268 268 268 268 269 269 269 269 269 269 269 270 270 270 271 271 271 271 270 270
203 201 198 194 198 203 214 208 211 214 210 211 211 211 205 202 194 202 202 210 220 230 232 241 244 245 250 249 251 252 253 254 254 255 256 252 256 254 262 260 259 262 262 264 264 263 252 245 228 216 243 260 264 253 254 264 265 265 264 265 257 264 267 268 267 267 268 268 268 268 269 269 270 269 269 270 270 270 270 270 269 270 270 269 270 270 270
205 203 200 197 196 214 211 208 210 227 217 221 220 207 207 194 190 205 214 219 224 228 233 239 244 248 246 248 250 252 252 254 255 254 251 253 254 251 262 260 256 262 262 264 264 263 248 239 234 222 247 262 264 259 263 264 264 264 263 264 262 261 267 268 268 268 268 269 269 269 269 269 270 270 270 270 270 269 270 269 269 270 269 269 270 270 270
207 207 202 199 204 213 208 204 207 210 235 234 223 215 213 205 188 204 215 223 227 225 232 246 242 246 243 246 249 250 251 255 256 254 251 250 250 250 261 261 261 260 263 263 264 263 258 251 248 242 254 262 263 263 263 264 264 264 264 265 265 266 267 267 268 268 268 269 269 269 269 270 270 269 270 269 269 269 269 268 269 268 269 270 270 270 270
204 204 203 202 211 205 206 205 202 221 241 243 238 226 224 216 207 215 221 225 239 241 239 244 241 242 242 245 248 252 255 255 257 255 250 247 243 253 262 262 262 261 262 263 265 263 261 261 259 252 263 263 262 262 264 265 265 265 265 266 266 266 267 267 267 267 267 268 269 268 269 269 269 269 269 267 268 269 268 268 268 268 269 269 269 270 270
203 203 203 204 205 206 203 204 206 218 220 233 251 237 239 225 218 221 221 232 244 248 245 248 244 242 243 247 250 253 259 260 260 260 248 240 254 254 262 263 263 261 259 263 264 265 264 263 263 263 264 262 262 262 264 264 265 265 265 266 266 265 266 266 266 267 267 268 268 268 268 269 269 269 268 268 268 268 268 267 268 268 269 269 269 270 270
206 203 202 201 198 199 201 203 211 209 217 230 240 248 245 238 235 232 225 236 244 251 257 251 251 244 244 249 254 254 259 258 261 259 254 255 258 257 263 263 262 261 259 263 265 265 265 264 264 264 264 263 263 261 263 265 266 266 266 267 265 266 267 267 267 267 267 267 267 267 268 268 268 268 268 268 269 269 268 268 267 268 268 269 269 269 270
206 201 198 196 198 193 196 205 209 211 216 224 233 244 252 243 247 240 240 243 236 246 258 248 252 243 248 259 259 259 260 261 261 261 249 257 259 256 263 264 263 262 263 264 264 264 265 265 265 264 264 264 264 262 264 265 266 266 266 267 267 267 268 268 267 268 267 268 268 268 269 268 268 269 268 268 269 269 269 268 268 268 269 269 270 269 269
202 199 196 192 184 181 199 207 205 200 204 230 238 246 257 253 249 248 251 253 254 253 259 256 252 243 250 260 259 260 261 260 261 259 247 256 258 262 264 264 262 262 262 258 263 264 265 266 265 264 265 265 264 263 264 265 265 265 266 266 267 267 267 268 268 268 269 268 268 269 269 269 268 269 269 269 268 269 269 268 267 268 268 269 269 269 270
195 195 190 184 169 180 194 205 196 190 206 221 240 246 250 255 258 253 254 255 256 253 255 260 249 246 257 260 260 260 262 262 262 261 247 256 262 264 264 263 262 261 261 259 249 263 265 266 265 265 265 265 264 260 264 265 264 265 265 266 265 266 268 268 268 268 268 268 269 268 269 269 269 269 269 269 269 269 269 268 268 269 269 268 269 270 270
188 176 176 166 166 169 184 192 194 197 225 237 244 251 255 256 258 255 255 255 254 257 260 261 258 260 261 261 261 260 261 262 262 261 240 262 263 264 263 263 262 260 261 248 247 256 265 266 265 266 265 265 264 263 263 264 262 264 264 265 265 266 267 266 268 268 268 268 269 269 268 269 269 269 269 269 269 269 269 269 268 269 269 269 270 269 270
179 182 183 182 167 168 168 190 195 206 222 228 244 250 258 255 258 256 256 254 255 259 258 260 261 261 261 261 261 257 261 262 262 257 244 262 263 264 264 257 262 261 263 250 244 243 264 266 266 265 265 265 264 265 264 265 265 263 265 263 261 262 267 267 268 268 268 268 269 269 269 269 269 269 270 270 269 270 269 269 269 269 269 269 270 269 269
184 193 198 187 180 176 191 195 194 207 217 223 243 252 259 253 259 256 252 256 252 256 260 260 261 261 261 262 262 261 262 262 262 262 255 262 263 264 264 264 256 262 264 263 245 247 265 266 266 266 266 265 265 265 265 265 265 263 263 259 260 266 267 268 268 268 268 268 268 268 269 269 269 269 269 269 270 270 270 269 269 269 270 270 270 270 270
189 200 210 192 189 184 205 199 202 198 212 234 244 252 260 252 260 254 248 255 259 260 261 261 261 261 262 262 262 262 262 262 262 262 260 251 262 264 264 264 262 263 264 263 250 264 265 266 266 265 266 265 265 265 266 266 265 264 264 264 265 267 267 267 267 267 268 268 268 268 268 269 268 268 269 269 269 270 270 270 270 270 270 271 271 271 270
197 211 225 209 205 217 210 206 206 197 214 236 249 255 261 260 260 255 254 260 259 261 261 261 261 262 262 262 262 263 263 262 262 262 257 261 264 265 264 264 264 263 264 263 264 264 265 266 266 266 266 265 264 265 266 266 264 264 264 265 265 267 267 267 267 266 267 267 267 267 269 268 267 268 269 269 269 270 270 270 270 270 270 270 271 271 270
220 232 227 217 215 220 213 215 209 206 216 241 246 258 261 261 260 258 260 260 260 257 261 261 262 262 262 262 262 262 263 263 263 262 259 260 265 265 265 264 263 264 265 265 265 266 266 266 266 266 266 265 264 266 266 266 265 265 265 266 266 266 266 267 266 266 266 267 267 267 268 268 267 268 269 269 269 270 270 270 270 270 270 270 271 271 271
230 235 235 230 223 226 219 221 216 215 227 245 248 255 261 261 261 257 254 260 261 261 260 262 262 262 262 262 263 262 263 263 263 263 262 262 265 265 265 264 265 265 266 265 266 266 266 267 267 266 266 265 263 266 267 266 265 266 264 266 266 266 266 266 266 267 266 266 266 268 268 267 267 267 269 269 269 269 270 270 270 270 270 270 270 271 271
243 239 243 239 235 235 227 224 225 229 234 250 248 256 261 261 261 261 255 261 261 261 261 263 263 263 263 263 262 262 263 263 264 263 253 256 265 265 265 264 264 263 265 265 265 266 265 266 267 267 267 266 265 267 266 266 266 265 258 265 265 266 266 265 264 263 267 267 266 266 268 267 268 268 269 269 269 269 269 269 270 270 270 269 270 270 270
248 245 244 235 235 240 240 234 233 231 241 248 254 258 261 262 262 262 261 262 262 261 262 263 263 263 263 263 263 263 263 263 263 263 263 257 264 265 266 265 263 259 264 265 265 265 265 265 265 266 267 267 266 267 265 265 266 266 266 266 265 264 265 266 266 266 267 267 266 267 266 267 268 269 268 269 269 269 269 269 270 270 270 269 269 270 270
251 250 243 241 243 246 244 242 241 245 248 249 255 261 261 262 262 262 261 262 262 262 261 262 263 263 263 263 263 263 263 264 264 263 260 263 263 265 265 266 264 264 261 261 264 265 265 265 265 265 266 267 267 266 264 262 266 267 267 266 265 265 266 266 267 267 265 267 267 266 266 267 269 269 269 268 269 269 269 269 270 269 269 269 268 269 269
247 246 245 243 239 242 247 246 243 245 249 251 254 256 259 262 262 262 251 261 262 262 262 262 263 263 263 263 263 263 264 264 264 264 262 258 263 265 264 266 265 265 262 259 262 266 266 266 266 266 266 266 267 266 263 264 266 267 266 266 265 264 266 266 267 268 268 267 267 268 267 268 268 268 268 268 266 267 268 269 269 268 269 269 267 268 268
240 243 237 239 237 236 243 248 246 248 247 253 255 257 261 262 262 259 248 258 262 263 262 263 263 263 263 264 263 263 264 264 264 264 263 249 262 264 265 263 266 266 266 265 267 267 267 267 266 267 266 266 267 266 264 262 266 267 267 263 266 264 264 266 266 268 268 268 268 267 266 266 267 268 268 268 266 268 268 269 269 269 268 269 268 267 269
233 244 251 240 237 237 238 244 248 248 253 253 254 257 262 263 263 262 247 249 262 263 263 262 263 263 264 264 264 264 264 264 264 264 264 260 263 263 262 259 262 266 266 267 267 267 267 267 267 267 267 267 268 267 266 264 267 267 267 262 267 265 265 266 267 268 268 269 267 268 268 268 267 267 267 267 267 267 267 267 268 269 268 269 268 269 268
250 248 251 247 243 240 242 246 251 251 253 257 259 260 263 262 263 263 262 259 263 263 263 262 261 263 264 264 264 264 264 264 264 265 264 264 261 263 263 263 263 264 266 266 266 266 264 266 267 267 267 268 268 266 266 265 267 267 266 254 267 266 266 267 267 268 268 268 268 268 268 268 268 268 268 267 267 268 267 267 268 267 268 269 269 269 269
247 252 252 250 249 246 243 251 251 252 255 261 261 261 262 263 263 263 262 263 263 263 263 262 260 263 264 264 264 264 264 264 265 265 265 261 260 263 263 263 264 265 265 265 265 265 266 266 266 266 267 268 268 267 266 266 267 267 265 259 267 267 267 267 267 268 268 269 268 268 268 268 268 268 268 268 267 268 268 266 268 269 269 269 270 269 269
253 252 255 256 252 251 252 250 253 255 257 255 261 262 262 262 263 263 262 263 264 264 263 262 263 263 264 264 264 264 264 264 265 265 265 264 263 263 263 263 264 265 265 264 265 266 266 266 266 266 267 267 268 267 267 267 268 267 267 266 267 268 267 266 265 266 266 267 267 268 268 269 268 268 268 268 267 267 268 268 268 269 269 269 270 270 269
