wc0.5/Cropped/bio17_28.asc
NCOLS 282 
NROWS 470 
XLLCORNER 79.525 
YLLCORNER 5.91666666666667 
CELLSIZE 0.00833333333333331 
NODATA_value -32768 
[rows 156 to 194 of 470, columns 0 to 86 of 282]
-32768 -32768 -32768 -32768 -32768 -32768 -32768 -32768 -32768 -32768 -32768 -32768 -32768 -32768 -32768 -32768 -32768 -32768 -32768 -32768 -32768 -32768 -32768 -32768 -32768 -32768 -32768 -32768 -32768 -32768 -32768 -32768 -32768 -32768 -32768 -32768 -32768 -32768 -32768 -32768 -32768 27 27 28 28 28 28 28 30 30 31 32 32 33 34 36 36 36 37 38 39 39 41 42 42 45 45 46 48 48 50 51 51 53 53 56 57 58 59 60 61 63 63 65 66 67 69
-32768 -32768 -32768 -32768 -32768 -32768 -32768 -32768 -32768 -32768 -32768 -32768 -32768 -32768 -32768 -32768 -32768 -32768 -32768 -32768 -32768 -32768 -32768 -32768 -32768 -32768 -32768 -32768 -32768 -32768 26 -32768 -32768 -32768 -32768 -32768 -32768 -32768 -32768 -32768 -32768 27 28 28 28 28 28 29 30 30 30 32 33 34 34 36 36 37 38 38 39 39 41 41 43 44 45 46 47 48 50 50 51 52 54 55 57 57 59 60 60 62 63 65 66 66 68
-32768 -32768 -32768 -32768 -32768 -32768 -32768 -32768 -32768 -32768 -32768 -32768 -32768 -32768 -32768 -32768 -32768 -32768 -32768 -32768 -32768 -32768 -32768 -32768 -32768 -32768 -32768 -32768 -32768 -32768 26 -32768 -32768 -32768 -32768 -32768 -32768 -32768 -32768 -32768 -32768 29 27 28 28 28 29 30 31 31 33 33 33 34 35 36 36 37 38 38 40 41 42 42 43 44 45 45 47 48 49 50 50 53 54 54 56 57 59 59 60 62 63 63 65 66 68
-32768 -32768 -32768 -32768 -32768 -32768 -32768 -32768 -32768 -32768 -32768 -32768 -32768 -32768 -32768 -32768 -32768 -32768 -32768 -32768 -32768 -32768 -32768 -32768 -32768 -32768 -32768 -32768 -32768 -32768 26 -32768 -32768 -32768 -32768 -32768 -32768 -32768 -32768 -32768 -32768 29 28 29 29 30 30 31 31 31 33 33 33 34 35 36 36 39 39 40 41 41 42 42 44 44 45 45 47 47 48 50 51 53 53 54 56 57 57 59 60 61 62 64 65 67 69
-32768 -32768 -32768 -32768 -32768 -32768 -32768 -32768 -32768 -32768 -32768 -32768 -32768 -32768 -32768 -32768 -32768 -32768 -32768 -32768 -32768 -32768 -32768 -32768 -32768 -32768 -32768 -32768 -32768 -32768 -32768 -32768 -32768 -32768 -32768 -32768 -32768 -32768 -32768 -32768 -32768 30 28 29 29 30 30 31 31 31 32 33 33 34 36 37 37 38 39 40 41 41 42 43 44 44 44 45 47 47 49 50 51 51 53 54 55 56 57 59 59 61 62 65 66 68 69
-32768 -32768 -32768 -32768 -32768 -32768 -32768 -32768 -32768 -32768 -32768 -32768 -32768 -32768 -32768 -32768 -32768 -32768 -32768 -32768 -32768 -32768 -32768 -32768 -32768 -32768 -32768 -32768 -32768 -32768 -32768 -32768 -32768 -32768 -32768 -32768 -32768 -32768 -32768 -32768 -32768 31 29 29 30 30 30 30 31 32 33 33 34 36 36 37 38 38 39 41 41 43 44 45 44 44 44 46 47 48 49 50 51 51 53 54 55 56 57 58 59 62 63 65 66 67 68
-32768 -32768 -32768 -32768 -32768 -32768 -32768 -32768 -32768 -32768 -32768 -32768 -32768 -32768 -32768 -32768 -32768 -32768 -32768 -32768 -32768 -32768 -32768 -32768 -32768 -32768 -32768 -32768 -32768 -32768 27 -32768 -32768 -32768 -32768 -32768 -32768 -32768 -32768 -32768 -32768 31 31 29 30 30 30 32 32 33 33 34 34 36 36 37 38 39 40 42 42 44 44 44 44 45 45 47 47 48 49 50 51 52 53 54 55 56 56 58 60 62 63 64 65 66 68
-32768 -32768 -32768 -32768 -32768 -32768 -32768 -32768 -32768 -32768 -32768 -32768 -32768 -32768 -32768 -32768 -32768 -32768 -32768 -32768 -32768 -32768 -32768 -32768 -32768 -32768 -32768 -32768 -32768 -32768 27 -32768 -32768 -32768 -32768 -32768 -32768 -32768 -32768 -32768 -32768 31 30 30 31 31 31 32 33 33 34 34 35 36 36 36 38 39 40 42 42 45 44 44 44 45 45 47 47 48 49 50 50 52 52 53 56 57 58 59 60 61 62 64 65 66 67
-32768 -32768 -32768 -32768 -32768 -32768 -32768 -32768 -32768 -32768 -32768 -32768 -32768 -32768 -32768 -32768 -32768 -32768 -32768 -32768 -32768 -32768 -32768 -32768 -32768 -32768 -32768 -32768 -32768 -32768 -32768 27 -32768 -32768 -32768 -32768 -32768 -32768 -32768 -32768 -32768 31 29 31 31 31 31 32 33 33 34 34 37 36 36 37 39 39 40 41 42 45 44 44 44 45 46 47 47 48 49 50 51 53 53 54 56 56 58 59 59 61 62 64 65 65 67
-32768 -32768 -32768 -32768 -32768 -32768 -32768 -32768 -32768 -32768 -32768 -32768 -32768 -32768 -32768 -32768 -32768 -32768 -32768 -32768 -32768 -32768 -32768 -32768 -32768 -32768 -32768 -32768 -32768 -32768 -32768 29 -32768 -32768 -32768 -32768 -32768 -32768 -32768 -32768 -32768 31 30 31 31 31 31 32 33 33 35 35 36 37 37 37 39 40 41 41 43 45 45 45 44 44 47 46 48 48 50 51 51 53 53 54 55 56 58 59 59 61 62 63 64 65 67
-32768 -32768 -32768 -32768 -32768 -32768 -32768 -32768 -32768 -32768 -32768 -32768 -32768 -32768 -32768 -32768 -32768 -32768 -32768 -32768 -32768 -32768 -32768 -32768 -32768 -32768 -32768 -32768 -32768 -32768 -32768 29 -32768 -32768 -32768 -32768 -32768 -32768 -32768 -32768 29 32 31 31 31 31 31 32 33 34 35 35 36 37 38 39 40 41 42 42 43 45 45 45 45 45 47 47 48 49 50 50 52 53 53 54 55 56 58 58 59 61 61 63 64 66 68
-32768 -32768 -32768 -32768 -32768 -32768 -32768 -32768 -32768 -32768 -32768 -32768 -32768 -32768 -32768 -32768 -32768 -32768 -32768 -32768 -32768 -32768 -32768 -32768 -32768 -32768 -32768 -32768 -32768 -32768 -32768 29 -32768 -32768 -32768 -32768 -32768 -32768 -32768 32 31 32 32 32 32 32 32 34 34 34 34 35 38 39 39 40 40 40 42 42 43 45 44 45 45 45 47 47 48 49 50 50 52 52 53 53 55 56 57 59 61 61 62 63 65 65 67
-32768 -32768 -32768 -32768 -32768 -32768 -32768 -32768 -32768 -32768 -32768 -32768 -32768 -32768 -32768 -32768 -32768 -32768 -32768 -32768 -32768 -32768 -32768 -32768 -32768 -32768 -32768 -32768 -32768 -32768 -32768 -32768 -32768 -32768 -32768 -32768 -32768 -32768 30 31 31 32 32 32 32 32 32 34 34 34 35 36 37 39 39 40 40 41 42 42 44 46 44 45 45 46 47 47 47 49 50 50 51 52 54 54 56 56 58 59 61 61 62 63 64 65 67
-32768 -32768 -32768 -32768 -32768 -32768 -32768 -32768 -32768 -32768 -32768 -32768 -32768 -32768 -32768 -32768 -32768 -32768 -32768 -32768 -32768 -32768 -32768 -32768 -32768 -32768 -32768 -32768 -32768 -32768 -32768 -32768 -32768 -32768 -32768 -32768 -32768 -32768 32 32 31 32 32 33 32 32 34 34 35 35 36 37 38 39 39 39 40 41 42 43 45 45 45 45 47 47 48 48 48 50 50 51 52 53 53 55 55 56 58 59 60 61 62 63 64 65 67
-32768 -32768 -32768 -32768 -32768 -32768 -32768 -32768 -32768 -32768 -32768 -32768 -32768 -32768 -32768 -32768 -32768 -32768 -32768 -32768 -32768 -32768 -32768 -32768 -32768 -32768 -32768 -32768 -32768 -32768 -32768 -32768 -32768 -32768 -32768 -32768 -32768 -32768 32 32 33 33 33 33 34 35 35 35 35 35 37 39 40 40 40 41 41 42 43 43 44 45 45 45 47 47 48 48 48 50 50 51 52 53 53 55 55 56 57 58 60 61 61 63 64 65 66
-32768 -32768 -32768 -32768 -32768 -32768 -32768 -32768 -32768 -32768 -32768 -32768 -32768 -32768 -32768 -32768 -32768 -32768 -32768 -32768 -32768 -32768 -32768 -32768 -32768 -32768 -32768 -32768 -32768 -32768 -32768 -32768 -32768 -32768 -32768 -32768 -32768 -32768 32 33 33 33 33 33 34 35 35 35 35 37 38 39 40 40 40 41 42 42 43 43 44 45 46 47 48 47 47 48 49 50 50 50 52 53 54 54 55 55 57 58 60 61 61 63 63 65 66
-32768 -32768 -32768 -32768 -32768 -32768 -32768 -32768 -32768 -32768 -32768 -32768 -32768 -32768 -32768 -32768 -32768 -32768 -32768 -32768 -32768 -32768 -32768 -32768 -32768 -32768 -32768 -32768 -32768 -32768 -32768 -32768 -32768 -32768 -32768 -32768 -32768 -32768 33 34 34 34 33 33 34 36 36 36 37 38 38 40 41 40 40 41 41 42 44 45 45 46 46 48 48 48 48 48 50 50 50 51 53 53 55 54 55 55 58 59 60 61 62 64 64 66 67
-32768 -32768 -32768 -32768 -32768 -32768 -32768 -32768 -32768 -32768 -32768 -32768 -32768 -32768 -32768 -32768 -32768 -32768 -32768 -32768 -32768 -32768 -32768 -32768 -32768 -32768 -32768 -32768 -32768 -32768 -32768 -32768 -32768 -32768 -32768 -32768 -32768 -32768 -32768 34 35 35 34 35 35 36 36 36 38 38 38 39 41 41 41 42 43 43 43 44 45 46 46 48 48 48 48 50 50 50 51 52 52 53 55 55 55 56 58 58 60 61 62 63 64 66 66
-32768 -32768 -32768 -32768 -32768 -32768 -32768 -32768 -32768 -32768 -32768 -32768 -32768 -32768 -32768 -32768 -32768 -32768 -32768 -32768 -32768 -32768 -32768 -32768 -32768 -32768 -32768 -32768 -32768 -32768 -32768 -32768 -32768 -32768 -32768 -32768 -32768 -32768 -32768 36 36 34 35 35 35 36 36 37 38 39 39 41 41 41 41 43 43 43 43 45 45 45 48 47 48 48 49 49 50 50 52 52 52 54 54 55 55 57 57 58 60 60 62 63 64 65 66
-32768 -32768 -32768 -32768 -32768 -32768 -32768 -32768 -32768 -32768 -32768 -32768 -32768 -32768 -32768 -32768 -32768 -32768 -32768 -32768 -32768 -32768 -32768 -32768 -32768 -32768 -32768 -32768 -32768 -32768 -32768 -32768 -32768 -32768 -32768 -32768 -32768 -32768 -32768 36 36 36 36 36 36 37 37 38 38 39 41 41 42 42 41 41 42 43 44 45 46 47 48 48 47 49 50 49 51 50 51 52 52 53 54 54 55 56 57 58 59 60 62 63 63 65 66
-32768 -32768 -32768 -32768 -32768 -32768 -32768 -32768 -32768 -32768 -32768 -32768 -32768 -32768 -32768 -32768 -32768 -32768 -32768 -32768 -32768 -32768 -32768 -32768 -32768 -32768 -32768 -32768 -32768 -32768 -32768 -32768 -32768 -32768 -32768 -32768 -32768 -32768 -32768 37 36 36 36 36 36 37 37 38 38 41 42 40 42 42 41 41 43 44 44 46 46 46 48 48 48 49 50 50 51 51 52 53 53 54 55 55 56 57 58 58 60 61 62 63 64 66 66
-32768 -32768 -32768 -32768 -32768 -32768 -32768 -32768 -32768 -32768 -32768 -32768 -32768 -32768 -32768 -32768 -32768 -32768 -32768 -32768 -32768 -32768 -32768 -32768 -32768 -32768 -32768 -32768 -32768 -32768 -32768 -32768 -32768 -32768 -32768 -32768 -32768 -32768 -32768 37 37 36 36 36 36 37 37 38 38 41 40 42 43 42 42 42 43 44 44 45 46 46 48 48 48 48 50 50 51 51 52 52 53 54 55 55 56 57 57 58 60 60 62 63 65 65 66
-32768 -32768 -32768 -32768 -32768 -32768 -32768 -32768 -32768 -32768 -32768 -32768 -32768 -32768 -32768 -32768 -32768 -32768 -32768 -32768 -32768 -32768 -32768 -32768 -32768 -32768 -32768 -32768 -32768 -32768 -32768 -32768 -32768 -32768 -32768 -32768 -32768 -32768 36 37 37 37 37 36 36 38 38 39 39 41 41 42 41 42 42 42 43 44 46 46 46 46 47 47 48 48 50 50 50 51 52 52 53 54 54 55 56 57 57 59 59 60 62 62 64 65 66
-32768 -32768 -32768 -32768 -32768 -32768 -32768 -32768 -32768 -32768 -32768 -32768 -32768 -32768 -32768 -32768 -32768 -32768 -32768 -32768 -32768 -32768 -32768 -32768 -32768 -32768 -32768 -32768 -32768 -32768 -32768 -32768 -32768 -32768 -32768 -32768 -32768 -32768 36 38 37 37 37 37 37 38 38 39 39 42 40 41 41 41 42 43 45 46 46 47 47 47 48 47 49 49 50 51 51 52 53 53 53 55 55 56 57 58 57 58 59 59 61 62 64 65 65
-32768 -32768 -32768 -32768 -32768 -32768 -32768 -32768 -32768 -32768 -32768 -32768 -32768 -32768 -32768 -32768 -32768 -32768 -32768 -32768 -32768 -32768 -32768 -32768 -32768 -32768 -32768 -32768 -32768 -32768 -32768 -32768 -32768 35 -32768 -32768 -32768 -32768 36 37 37 37 37 37 38 38 39 39 39 41 41 42 41 43 43 44 45 46 46 46 47 47 48 48 49 49 50 51 51 52 53 54 54 55 55 56 57 57 58 59 59 60 62 62 64 65 65
-32768 -32768 -32768 -32768 -32768 -32768 -32768 -32768 -32768 -32768 -32768 -32768 -32768 -32768 -32768 -32768 -32768 -32768 -32768 -32768 -32768 -32768 -32768 -32768 -32768 -32768 -32768 -32768 -32768 -32768 -32768 -32768 -32768 -32768 -32768 -32768 -32768 37 38 38 38 38 38 38 39 39 40 40 40 41 42 42 42 42 43 44 45 46 46 46 46 47 48 48 48 49 50 50 51 52 54 53 54 54 55 56 56 57 57 59 59 60 61 62 64 65 65
-32768 -32768 -32768 -32768 -32768 -32768 -32768 -32768 -32768 -32768 -32768 -32768 -32768 -32768 -32768 -32768 -32768 -32768 -32768 -32768 -32768 -32768 -32768 -32768 -32768 -32768 -32768 -32768 -32768 -32768 -32768 -32768 -32768 -32768 -32768 -32768 -32768 38 38 38 38 38 38 39 39 40 40 40 40 41 42 42 42 42 44 44 45 47 47 46 47 47 48 48 49 49 50 51 53 53 54 54 54 54 54 56 56 56 57 58 59 59 61 62 64 64 65
-32768 -32768 -32768 -32768 -32768 -32768 -32768 -32768 -32768 -32768 -32768 -32768 -32768 -32768 -32768 -32768 -32768 -32768 -32768 -32768 -32768 -32768 -32768 -32768 -32768 -32768 -32768 37 -32768 -32768 -32768 -32768 -32768 -32768 -32768 -32768 -32768 39 39 39 39 39 39 40 41 41 41 41 41 41 43 43 43 44 45 45 45 46 47 47 47 47 49 49 49 51 51 51 53 53 53 53 54 55 55 55 57 57 57 59 59 60 61 61 63 64 65
-32768 -32768 -32768 -32768 -32768 -32768 -32768 -32768 -32768 -32768 -32768 -32768 -32768 -32768 -32768 -32768 -32768 -32768 -32768 -32768 -32768 -32768 -32768 -32768 -32768 -32768 -32768 37 -32768 -32768 -32768 -32768 37 -32768 -32768 -32768 -32768 -32768 39 39 39 39 40 41 41 41 41 41 42 42 43 43 43 44 45 45 45 46 47 47 47 47 49 49 49 51 51 51 52 53 53 54 54 54 55 55 56 57 57 58 59 61 61 62 64 63 64
-32768 -32768 -32768 -32768 -32768 -32768 -32768 -32768 -32768 -32768 -32768 -32768 -32768 -32768 -32768 -32768 -32768 -32768 -32768 -32768 -32768 -32768 -32768 -32768 -32768 -32768 38 -32768 -32768 -32768 -32768 -32768 -32768 -32768 -32768 -32768 -32768 42 -32768 40 40 41 42 42 42 42 42 42 43 43 43 44 44 44 45 46 47 47 47 47 47 48 50 50 50 52 52 53 53 52 54 55 54 54 54 55 56 56 57 58 59 60 61 63 63 64 64
-32768 -32768 -32768 -32768 -32768 -32768 -32768 -32768 -32768 -32768 -32768 -32768 -32768 -32768 -32768 -32768 -32768 -32768 -32768 -32768 -32768 -32768 -32768 -32768 -32768 -32768 38 -32768 -32768 -32768 -32768 -32768 -32768 -32768 -32768 -32768 43 43 -32768 40 40 41 42 42 42 42 42 43 44 44 44 44 45 46 46 46 46 48 48 48 48 49 50 50 50 51 52 52 53 53 53 55 55 54 54 55 56 56 57 58 58 60 60 61 63 64 66
-32768 -32768 -32768 -32768 -32768 -32768 -32768 -32768 -32768 -32768 -32768 -32768 -32768 -32768 -32768 -32768 -32768 -32768 -32768 -32768 -32768 -32768 -32768 -32768 -32768 39 39 -32768 -32768 -32768 -32768 -32768 -32768 -32768 -32768 41 44 43 40 40 40 42 42 42 42 43 44 44 44 44 44 44 45 46 47 46 49 49 49 49 49 49 50 50 50 51 52 52 53 53 53 54 55 55 55 56 57 57 58 58 59 60 60 61 63 63 65
-32768 -32768 -32768 -32768 -32768 -32768 -32768 -32768 -32768 -32768 -32768 -32768 -32768 -32768 -32768 -32768 -32768 -32768 -32768 -32768 -32768 -32768 -32768 -32768 -32768 40 40 40 -32768 -32768 41 -32768 -32768 -32768 -32768 44 44 44 41 43 43 43 43 43 43 45 45 45 45 45 45 45 47 47 47 47 49 49 49 49 50 50 50 50 50 52 53 53 53 54 53 53 55 55 55 56 57 57 58 58 58 60 61 61 62 63 65
-32768 -32768 -32768 -32768 -32768 -32768 -32768 -32768 -32768 -32768 -32768 -32768 -32768 -32768 -32768 -32768 -32768 -32768 -32768 -32768 -32768 -32768 -32768 -32768 -32768 41 41 41 42 42 -32768 -32768 -32768 -32768 -32768 44 44 44 44 44 44 44 44 44 44 46 46 46 45 45 45 45 47 47 47 47 48 49 49 49 50 50 51 51 52 52 53 53 54 54 54 53 55 55 55 56 56 57 58 58 58 60 60 62 63 64 65
-32768 -32768 -32768 -32768 -32768 -32768 -32768 -32768 -32768 -32768 -32768 -32768 -32768 -32768 -32768 -32768 -32768 -32768 -32768 -32768 -32768 -32768 -32768 -32768 -32768 41 41 41 42 42 -32768 -32768 -32768 -32768 42 45 45 45 44 44 44 45 47 47 46 46 46 46 46 46 46 48 48 48 48 48 48 50 50 50 51 50 51 51 52 52 53 53 54 54 54 55 56 56 56 57 57 59 58 58 58 60 60 61 63 64 65
-32768 -32768 -32768 -32768 -32768 -32768 -32768 -32768 -32768 -32768 -32768 -32768 -32768 -32768 -32768 -32768 -32768 -32768 -32768 -32768 -32768 -32768 -32768 -32768 42 42 43 43 43 -32768 -32768 -32768 -32768 -32768 44 45 45 45 45 45 45 47 48 47 47 47 47 47 47 46 46 48 48 48 48 48 50 50 50 50 51 51 52 51 53 53 53 53 54 54 54 54 55 56 56 57 57 59 59 59 60 60 60 62 63 63 65
-32768 -32768 -32768 -32768 -32768 -32768 -32768 -32768 -32768 -32768 -32768 -32768 -32768 -32768 -32768 -32768 -32768 -32768 -32768 -32768 -32768 -32768 -32768 -32768 42 43 43 43 43 -32768 -32768 -32768 43 44 44 46 46 46 46 46 48 48 48 48 48 48 50 50 49 49 49 49 49 49 48 50 50 50 50 50 51 51 52 52 53 53 53 54 55 55 54 55 57 56 57 57 57 59 59 59 61 61 61 63 63 65 65
-32768 -32768 -32768 -32768 -32768 -32768 -32768 -32768 -32768 -32768 -32768 -32768 -32768 -32768 -32768 -32768 -32768 -32768 -32768 -32768 -32768 -32768 -32768 44 44 44 44 44 44 -32768 -32768 -32768 -32768 -32768 45 46 47 47 46 47 48 49 48 48 48 50 50 50 50 50 49 49 49 49 49 50 51 51 51 52 52 53 52 53 53 53 53 55 55 55 55 56 57 57 58 58 58 59 59 59 61 61 62 63 64 65 65
-32768 -32768 -32768 -32768 -32768 -32768 -32768 -32768 -32768 -32768 -32768 -32768 -32768 -32768 -32768 -32768 -32768 -32768 -32768 -32768 -32768 44 44 44 44 45 44 -32768 -32768 -32768 -32768 -32768 -32768 -32768 46 47 48 49 49 49 49 49 49 49 51 51 51 51 51 50 50 50 50 52 52 52 52 52 53 52 53 53 54 54 54 54 56 55 55 56 56 56 57 58 58 58 59 60 60 59 61 61 63 63 64 65 66
