wc0.5/Cropped/bio17_28.asc
NCOLS 282 
NROWS 470 
XLLCORNER 79.525 
YLLCORNER 5.91666666666667 
CELLSIZE 0.00833333333333331 
NODATA_value -32768 
[rows 351 to 389 of 470, columns 87 to 173 of 282]
480 481 480 485 489 471 481 478 476 489 486 487 487 485 485 470 483 470 439 458 439 467 418 425 400 414 413 401 406 411 409 305 330 372 300 315 324 328 329 314 320 333 334 337 349 343 332 356 359 359 360 363 358 370 379 384 388 394 382 317 313 306 289 288 289 290 292 304 320 355 420 298 289 254 240 234 223 219 250 250 262 218 223 208 225 247 173
486 485 482 485 489 483 483 468 470 492 487 490 489 482 453 438 480 485 471 477 478 456 435 425 415 339 344 321 315 396 411 389 309 312 375 313 319 326 326 326 325 327 329 336 318 342 323 343 346 360 355 366 371 373 376 374 380 388 392 387 313 300 298 290 291 291 294 297 318 397 361 416 327 254 241 227 235 223 236 230 225 184 181 185 240 221 195
484 490 483 485 486 492 494 493 492 492 489 494 492 487 479 446 472 458 468 476 475 481 469 445 419 410 416 373 308 324 337 398 311 315 315 305 299 324 325 325 324 326 322 338 344 343 326 276 297 322 318 361 365 372 373 378 379 380 372 305 319 331 313 296 295 294 295 297 317 371 308 299 281 256 238 228 230 223 203 193 213 190 181 176 230 211 189
488 493 494 492 487 496 490 498 496 497 497 493 485 487 488 453 455 455 450 466 471 428 442 427 414 417 321 310 307 323 306 379 389 304 317 328 293 292 326 331 327 325 321 325 332 340 337 315 286 321 300 362 365 367 372 372 359 321 302 290 286 289 290 292 296 297 297 300 300 341 397 284 265 251 237 226 217 219 198 194 190 185 180 192 208 174 179
490 496 497 498 499 497 491 496 496 500 499 482 487 458 488 474 445 443 443 465 483 459 423 421 418 405 312 310 318 321 322 309 298 351 308 329 322 299 294 307 321 319 311 319 326 336 344 333 321 350 356 359 362 366 371 372 373 358 304 308 287 285 287 289 290 294 299 300 300 312 325 295 281 261 240 234 230 206 208 200 191 184 181 188 211 188 170
487 488 490 500 501 488 492 503 501 484 501 492 490 474 490 457 459 446 446 437 426 449 423 423 424 373 322 320 313 323 323 321 298 341 293 316 329 324 301 293 294 303 321 326 326 334 345 338 304 344 355 360 362 363 368 371 374 375 356 347 326 328 295 293 290 292 297 298 298 301 339 402 298 271 250 242 228 217 208 201 194 186 185 191 194 210 192
492 490 494 504 500 491 503 504 503 501 503 500 493 470 467 455 443 459 456 433 433 430 428 406 426 394 319 310 316 321 324 325 322 305 307 299 324 330 331 292 295 297 301 325 332 336 340 347 287 278 347 356 356 326 339 324 360 370 373 379 386 383 329 306 291 295 295 299 301 302 307 358 314 269 260 239 229 224 211 204 196 192 189 177 181 178 185
491 489 491 500 500 499 507 502 498 501 506 503 498 489 476 500 450 484 482 440 420 413 423 322 364 397 314 302 300 309 297 309 304 282 313 300 307 320 328 322 311 298 300 313 325 334 341 349 300 276 287 330 301 306 295 324 345 322 311 319 350 379 373 332 303 292 298 296 300 301 302 332 374 296 262 245 235 236 211 204 195 189 183 179 176 185 176
490 491 492 494 498 506 501 498 502 508 508 495 494 497 470 497 469 502 501 480 439 436 415 320 322 348 315 320 297 283 278 290 316 326 322 301 301 303 302 319 336 331 310 303 306 323 333 340 345 317 278 280 291 283 294 305 337 358 316 325 312 303 341 316 304 293 299 303 299 299 302 390 358 275 261 247 234 223 216 205 199 192 189 191 182 170 177
494 494 496 495 498 503 501 498 508 511 509 501 495 509 490 506 498 490 497 499 478 450 440 391 320 318 320 319 303 284 281 318 325 317 312 301 301 301 308 310 323 335 327 312 305 314 327 338 348 348 302 278 279 294 296 311 313 359 306 323 313 300 292 293 292 295 300 304 302 301 308 305 367 331 293 252 237 226 215 206 202 198 187 184 181 176 170
498 497 498 498 497 499 499 498 500 513 513 504 497 508 508 509 498 469 471 486 480 447 404 356 337 318 319 321 315 300 324 318 313 310 323 303 303 304 311 314 316 329 335 335 312 318 318 337 340 351 344 307 285 291 331 317 315 302 350 313 297 290 289 291 293 296 300 302 302 300 317 331 355 338 318 271 240 227 216 206 198 200 211 181 178 177 174
511 511 496 501 505 500 504 512 501 499 512 513 508 512 511 512 505 461 458 468 476 456 437 323 322 321 322 322 296 278 288 297 312 325 328 305 303 303 303 314 318 322 325 341 343 334 332 329 335 332 346 357 323 322 322 326 310 303 310 301 288 289 292 301 297 296 299 301 302 304 305 307 347 382 351 295 248 228 217 209 211 203 191 185 181 178 181
511 513 501 499 497 501 502 512 500 502 510 515 507 514 511 513 494 462 451 455 456 459 458 451 378 368 320 308 286 278 293 289 295 311 329 305 308 313 314 321 327 325 327 334 345 344 349 347 347 339 334 335 359 335 300 299 315 300 291 293 288 295 297 297 297 299 300 300 302 305 303 304 308 336 371 263 243 231 218 213 205 198 196 186 184 181 176
511 514 504 499 498 500 500 505 512 502 501 518 503 506 500 512 506 473 456 459 463 479 480 470 458 437 328 325 284 291 293 295 328 328 328 325 324 307 282 337 334 335 330 331 337 348 312 329 355 348 343 338 347 358 322 293 293 295 286 288 292 301 301 297 297 299 299 300 302 303 305 320 327 310 317 346 278 233 220 213 205 201 194 189 187 185 178
512 514 511 501 499 500 503 500 505 503 499 503 506 500 501 514 512 499 477 478 490 502 502 494 488 458 391 406 306 295 308 312 312 321 330 328 330 295 279 279 338 337 331 333 339 349 306 295 318 359 355 349 354 356 356 330 310 298 287 290 290 292 295 297 295 298 298 300 300 332 325 312 359 313 331 331 368 245 224 217 210 203 197 194 187 182 191
514 517 505 500 505 502 502 502 504 503 502 501 502 503 502 507 519 498 494 503 513 511 509 507 497 469 451 385 305 314 294 291 316 313 293 283 283 287 281 283 338 332 338 345 330 344 349 290 297 306 327 359 360 362 362 353 353 343 293 288 291 293 295 296 297 299 327 301 341 328 331 296 310 275 266 324 365 236 235 230 212 205 198 194 189 182 298
514 516 520 501 503 501 507 505 503 505 506 504 503 502 501 504 511 506 511 518 516 515 512 512 511 499 477 434 327 321 328 327 312 316 326 284 285 284 283 279 333 333 344 346 348 344 332 291 280 283 297 325 336 343 339 339 321 311 300 293 291 296 293 294 295 381 345 332 339 331 353 342 328 313 268 253 245 235 234 228 276 284 198 194 190 185 240
521 521 518 507 504 504 504 503 507 504 505 507 506 502 504 503 511 516 518 520 510 508 505 515 507 510 501 474 456 413 369 328 319 320 338 316 310 296 306 297 284 285 289 344 348 335 323 304 286 282 283 293 354 342 325 315 303 302 304 295 297 339 295 305 378 346 367 301 379 324 333 333 319 316 305 293 277 274 267 255 229 214 200 193 192 185 177
520 508 525 506 508 506 504 506 514 507 507 507 503 505 507 505 507 518 521 521 515 507 499 515 509 509 506 488 483 475 460 392 371 394 388 321 327 317 318 321 340 331 340 343 348 318 308 289 283 286 290 358 357 358 328 343 352 364 341 367 353 348 336 311 344 365 318 318 336 336 351 331 316 302 301 289 268 257 248 237 235 229 226 228 222 215 211
522 501 510 523 506 506 506 507 519 513 507 506 509 504 503 503 503 522 519 523 515 510 502 505 518 516 509 498 490 485 468 462 452 439 438 342 320 323 338 332 336 325 323 325 340 342 311 298 340 328 331 328 335 331 347 341 334 334 345 347 367 338 371 340 365 365 358 344 355 360 341 324 311 302 288 275 270 260 251 243 232 228 217 201 217 185 178
502 503 503 517 504 505 510 509 511 510 509 513 508 507 503 506 505 523 522 515 518 515 500 510 517 516 509 506 504 492 485 469 459 451 442 405 353 342 375 388 428 414 428 390 327 330 328 336 330 329 329 330 337 353 346 334 334 342 371 394 419 395 371 405 368 342 384 378 374 345 333 327 316 307 292 281 271 263 252 247 239 233 226 217 207 200 193
502 502 505 513 508 506 512 508 509 507 516 513 515 507 506 508 504 516 528 514 524 524 502 521 518 512 505 497 490 486 486 479 467 455 453 437 413 393 344 328 401 448 447 445 424 408 370 343 345 397 427 409 386 400 359 341 336 336 336 361 421 432 431 431 417 404 389 368 355 340 329 317 316 298 289 279 268 257 251 244 236 230 218 215 207 200 192
522 521 533 505 514 508 510 509 510 509 511 524 516 507 505 508 507 514 533 527 518 528 514 503 525 513 507 507 500 486 498 489 483 477 475 471 451 403 399 363 346 351 411 454 453 450 431 371 412 427 440 441 440 441 441 412 426 394 338 342 381 436 427 416 400 386 373 359 345 337 327 319 310 299 283 273 264 258 242 239 230 223 199 196 194 196 189
533 522 534 509 507 522 511 511 511 508 507 509 525 509 505 508 510 522 534 534 524 530 503 520 525 524 518 513 511 515 515 508 504 504 500 482 464 461 459 449 427 361 370 350 431 456 455 453 452 450 448 447 446 445 443 442 441 430 428 389 421 437 414 402 388 375 363 351 341 332 325 315 302 291 275 269 263 254 222 222 217 207 192 198 200 193 185
536 535 533 531 511 526 510 519 524 526 508 509 508 506 507 507 514 507 524 536 534 505 507 508 516 527 525 521 520 520 509 516 515 512 509 502 494 490 483 471 465 461 440 439 454 459 457 456 454 453 452 450 448 446 445 445 443 442 440 439 437 418 404 392 380 367 355 346 344 332 319 304 298 287 272 246 243 240 225 218 208 182 210 204 197 188 184
537 536 535 540 518 538 542 529 512 539 517 508 510 510 509 510 519 504 507 525 534 511 530 531 523 522 515 522 514 515 520 519 514 502 512 509 505 491 484 477 475 464 445 428 458 462 462 460 459 456 454 451 450 449 447 447 445 443 442 438 427 423 396 383 372 366 349 338 331 319 306 297 293 282 273 263 253 209 214 198 189 189 197 190 187 185 180
539 531 534 540 533 540 545 541 521 536 530 514 510 509 530 516 508 505 506 508 508 537 536 532 534 531 529 515 524 523 521 514 508 499 500 511 506 502 492 489 478 467 446 378 421 459 463 461 460 457 456 454 452 451 449 447 447 446 434 425 410 409 402 389 372 358 345 332 322 314 302 292 283 274 265 258 251 240 227 194 174 175 186 184 180 174 174
538 537 543 539 545 509 542 547 529 522 544 522 508 510 519 539 509 509 508 508 508 538 532 539 533 532 533 531 521 528 526 516 501 497 503 502 499 496 494 498 484 473 453 395 404 427 426 436 445 460 458 457 454 452 450 445 437 434 421 411 401 391 378 383 367 357 346 330 317 314 304 288 279 271 259 255 240 230 219 199 176 190 183 186 184 172 168
543 538 546 544 547 545 540 547 548 523 513 535 513 514 509 510 532 508 510 509 505 507 542 540 520 527 535 533 531 530 528 523 504 511 502 503 497 497 482 471 475 470 456 422 396 393 404 407 443 454 460 458 456 454 441 433 424 421 416 399 388 386 371 362 363 350 343 332 320 310 298 287 279 264 248 225 224 234 188 167 160 167 175 177 176 172 168
544 537 544 549 540 552 519 551 542 550 520 524 514 513 515 511 529 518 527 508 507 506 522 529 531 528 527 526 523 532 530 527 524 513 500 459 493 483 451 448 387 362 368 432 385 370 358 430 423 439 464 459 456 438 429 423 418 436 400 391 382 375 363 352 346 344 327 314 305 300 294 274 262 243 240 195 187 179 171 164 168 173 165 168 177 176 168
546 548 547 552 539 526 549 540 555 553 553 522 531 520 512 519 512 538 529 533 521 518 509 534 543 540 539 536 532 522 532 529 526 523 520 510 498 499 479 483 471 392 345 345 346 348 349 345 393 443 466 448 435 423 417 411 407 396 396 383 379 371 354 345 337 333 318 309 300 297 286 278 262 256 248 192 179 173 167 159 165 151 148 160 175 175 171
535 546 552 552 548 527 532 523 554 544 557 535 518 527 529 524 515 521 537 536 536 513 511 524 546 535 531 539 534 525 523 522 528 525 523 521 514 509 507 500 493 485 496 420 386 358 347 347 349 388 425 466 420 416 405 400 403 388 383 380 366 357 348 339 331 333 313 307 301 287 282 272 265 256 249 192 175 167 161 156 150 148 144 149 153 165 170
533 533 554 554 556 548 530 533 551 555 554 558 537 519 537 528 516 515 547 533 548 537 512 513 539 546 522 519 537 538 528 524 521 527 521 521 519 516 506 492 494 504 500 493 486 450 418 478 473 470 439 472 470 403 425 391 388 381 389 367 377 361 349 338 340 321 309 302 293 285 279 270 262 253 238 178 171 164 157 153 146 142 139 137 132 131 126
523 538 554 557 557 559 550 529 546 561 541 554 553 521 521 555 533 517 536 537 551 553 544 543 509 520 545 541 527 538 538 536 525 521 518 515 518 517 515 505 509 501 497 497 494 491 489 485 484 480 479 473 473 465 452 391 380 376 370 393 356 352 346 330 322 314 305 304 296 290 272 269 258 250 219 173 165 160 153 147 142 137 133 130 127 124 127
512 514 534 527 557 562 562 553 532 558 562 541 555 558 528 551 550 550 531 528 541 553 541 542 518 527 528 547 545 520 525 536 534 532 526 520 512 510 515 513 507 501 495 495 491 487 490 484 480 478 463 470 473 460 416 389 380 375 373 361 350 348 337 330 321 310 309 303 292 285 273 264 255 248 223 168 161 155 150 144 138 134 130 127 123 120 129
540 548 548 542 533 557 556 559 531 535 563 560 555 568 555 554 561 557 543 521 523 523 545 555 526 511 513 532 543 544 520 487 528 534 530 526 514 516 511 509 503 499 496 493 487 479 479 480 488 468 481 478 421 443 467 409 386 374 370 365 346 344 333 323 314 311 305 291 285 276 269 261 252 243 172 165 158 151 147 142 138 131 127 124 120 116 134
552 551 560 545 559 553 566 565 562 553 541 564 558 559 571 555 543 558 549 539 537 526 543 540 533 550 553 515 530 543 543 542 541 539 533 528 524 521 516 513 506 501 493 487 484 482 477 482 481 484 485 413 467 442 443 420 407 373 371 378 349 335 331 323 319 310 298 289 283 276 268 259 249 181 167 160 154 150 146 140 135 131 125 121 115 112 108
557 557 556 558 555 558 563 569 567 570 564 552 570 551 567 572 548 545 558 547 528 524 521 523 525 516 534 516 513 531 523 542 540 535 533 529 524 519 514 514 511 508 491 490 490 489 486 493 492 487 484 441 402 466 428 403 382 367 394 373 352 343 337 326 321 306 299 291 282 274 265 256 245 173 163 157 151 147 140 136 131 126 122 116 112 106 104
537 558 559 560 565 551 568 570 569 573 572 558 571 575 571 568 572 546 545 552 551 541 524 526 525 517 543 540 533 515 514 539 541 538 535 529 526 523 515 517 514 506 491 494 485 492 491 488 488 491 474 417 421 463 424 412 420 407 361 349 341 353 326 282 320 298 249 287 234 206 216 205 180 167 160 153 147 141 136 132 127 122 119 113 107 106 103
