wc0.5/Cropped/bio11_28.asc
NCOLS 282 
NROWS 470 
XLLCORNER 79.525 
YLLCORNER 5.91666666666667 
CELLSIZE 0.00833333333333331 
NODATA_value -32768 
[rows 228 to 265 of 470, columns 87 to 173 of 282]
256 256 256 255 256 255 255 255 255 255 254 254 254 254 254 233 252 253 253 252 252 252 252 252 250 252 251 251 250 249 248 252 252 252 251 252 251 250 252 252 252 250 252 251 252 251 251 250 248 250 250 249 248 249 248 248 249 249 248 248 247 247 247 247 248 249 249 248 250 250 250 251 251 252 252 251 252 252 252 250 253 253 254 254 254 254 254
256 256 255 255 255 256 255 255 255 254 255 255 254 254 253 243 253 253 253 252 252 252 252 252 250 250 251 252 251 247 242 251 252 252 252 252 251 250 250 250 251 251 251 250 252 251 251 250 248 249 250 249 248 250 249 249 249 249 248 248 247 246 246 247 248 248 246 245 249 251 251 251 251 252 252 252 252 252 251 253 253 253 253 253 254 255 254
256 256 255 256 256 255 255 255 255 254 254 254 254 254 254 251 254 253 253 253 252 252 251 251 251 250 251 252 252 248 249 250 251 252 252 252 251 251 251 247 250 250 251 250 251 249 251 250 248 249 248 249 249 250 249 248 247 249 248 248 247 247 246 248 248 247 246 243 250 251 251 251 251 252 253 253 252 252 252 253 253 254 254 253 254 255 255
256 255 256 256 255 255 255 254 254 254 254 254 254 254 254 254 254 254 254 253 252 252 252 252 250 250 249 251 251 250 247 250 252 252 252 252 252 251 250 248 250 251 250 252 252 251 251 251 251 251 249 249 250 250 249 248 248 247 248 248 248 247 247 247 248 245 244 242 248 250 251 251 252 252 253 253 253 253 252 252 254 254 254 254 254 255 255
256 256 256 255 256 256 255 255 255 255 255 255 254 254 254 254 255 254 254 254 253 253 252 251 249 250 250 251 252 251 249 250 251 252 251 252 251 251 250 250 251 250 250 252 251 251 251 251 251 250 250 250 250 250 249 249 248 247 248 247 247 247 247 247 248 247 238 239 250 250 250 251 252 252 253 253 253 252 252 252 254 254 254 254 255 255 255
256 256 256 256 255 256 255 255 255 255 255 255 255 255 255 254 254 254 254 251 253 253 252 251 248 249 249 250 252 251 250 251 251 251 252 252 251 251 250 250 250 251 250 252 252 251 251 251 251 251 251 251 250 250 249 249 249 249 247 248 247 247 247 247 247 247 238 232 250 250 250 251 252 252 252 253 253 253 251 253 254 254 254 254 254 254 255
256 255 256 255 255 255 255 255 255 255 255 255 255 255 254 254 254 254 253 252 254 253 252 252 250 250 249 249 251 251 249 252 251 251 251 252 251 251 251 250 251 250 251 252 252 251 250 251 251 251 251 251 250 249 249 249 249 247 247 244 247 247 246 247 246 245 236 243 249 250 250 252 252 252 252 253 254 253 250 253 254 254 254 255 254 255 255
256 254 255 254 255 255 255 255 254 254 254 254 254 254 254 254 254 254 253 253 253 253 252 252 251 251 249 248 251 249 249 250 252 252 250 252 252 250 250 251 250 251 251 251 251 251 251 250 251 251 250 251 249 250 250 249 249 246 237 247 247 247 246 246 246 245 238 243 249 250 250 252 252 252 253 253 254 254 253 253 253 254 254 254 254 254 255
255 256 255 255 255 255 255 255 255 255 254 254 254 254 254 254 254 253 253 254 254 253 253 252 250 249 249 249 250 250 248 247 251 251 251 252 252 249 250 250 249 250 251 251 251 251 250 250 251 250 250 250 250 250 250 249 248 231 246 247 247 247 246 241 244 245 239 240 249 250 250 253 252 253 253 254 253 254 252 254 254 255 255 255 255 255 255
255 255 255 255 255 254 254 255 254 255 255 254 254 254 254 254 254 254 253 253 253 252 253 251 252 251 250 249 250 249 247 245 251 252 251 252 251 250 250 250 250 249 251 251 251 251 250 250 251 250 249 249 249 250 250 248 236 247 246 248 247 246 245 241 242 243 238 248 249 248 251 252 253 253 253 254 254 254 254 254 254 255 255 255 255 255 254
256 255 255 255 255 255 255 254 254 254 255 254 254 254 254 254 254 254 254 253 254 252 252 253 251 250 249 248 249 248 244 249 251 252 251 251 251 250 249 250 251 250 251 251 251 251 251 250 250 250 249 242 244 250 249 249 246 247 248 247 247 246 240 237 245 241 235 249 250 248 253 252 254 254 254 254 254 254 254 253 254 255 255 254 254 255 254
256 256 256 256 256 256 255 254 254 254 253 255 255 254 254 254 254 253 253 253 253 253 252 253 252 251 251 249 250 249 247 250 251 252 251 252 251 251 250 250 250 251 252 251 251 251 251 251 250 250 249 239 248 249 249 249 248 244 247 246 245 242 234 233 247 237 233 249 250 250 253 252 253 254 254 254 254 254 247 253 254 254 254 255 255 255 255
256 256 256 256 256 256 255 255 255 254 253 253 255 254 255 254 254 254 253 253 253 252 252 251 251 251 251 251 251 248 247 250 251 251 251 251 251 250 249 248 250 251 251 251 251 251 250 251 250 250 248 234 248 249 249 248 247 244 243 246 246 236 233 242 248 239 233 250 250 250 252 252 253 254 254 254 253 253 251 254 254 254 253 254 255 255 255
257 257 257 257 256 256 256 255 256 255 254 253 254 254 255 249 254 254 253 253 253 253 252 252 250 248 251 251 251 247 248 250 251 251 251 251 251 250 249 249 250 250 250 252 251 251 250 250 250 249 249 237 248 249 249 248 248 247 245 245 242 236 241 250 248 248 242 247 251 251 252 253 253 253 254 254 254 253 252 254 254 254 254 254 255 255 255
257 257 256 257 256 256 256 255 256 255 255 255 254 254 256 247 252 254 254 253 255 253 253 251 250 248 251 251 250 248 250 250 251 250 251 251 250 250 250 249 236 248 251 251 251 250 250 250 250 249 243 239 248 248 248 248 248 246 239 243 238 249 249 250 248 249 248 246 251 252 253 253 254 253 254 254 253 253 252 254 254 254 255 254 254 255 256
257 257 257 257 257 257 256 256 256 256 255 255 256 256 256 255 256 254 254 254 255 254 254 252 249 251 252 251 251 247 250 250 251 250 250 251 250 251 250 245 243 250 250 250 250 250 250 250 250 249 249 249 248 245 247 248 242 241 242 242 238 250 250 250 250 250 250 251 252 252 253 253 254 254 253 254 253 249 250 253 254 255 254 254 255 255 255
258 257 257 257 257 257 257 257 256 256 255 256 256 255 256 256 256 254 255 255 255 255 253 252 249 253 252 252 252 245 250 251 250 250 251 251 251 251 250 249 251 250 250 250 250 248 250 250 249 250 249 249 248 245 247 246 233 241 241 241 243 249 242 247 251 245 252 252 252 253 253 253 254 254 253 253 253 250 253 253 254 255 255 254 254 255 255
258 257 258 259 257 258 257 257 257 257 256 256 256 257 256 256 256 256 256 256 255 254 255 253 251 253 253 252 252 246 250 250 250 250 250 251 250 251 250 250 251 250 250 250 250 248 248 249 249 249 249 248 248 238 238 234 225 236 248 248 249 247 241 247 250 251 252 252 252 253 253 254 254 254 253 252 252 251 253 253 254 254 254 254 254 255 255
258 258 258 258 259 257 258 258 257 257 256 256 256 257 248 256 256 256 256 256 255 255 255 254 253 254 253 253 252 248 250 251 249 250 250 250 249 250 250 250 250 250 250 250 250 249 248 249 249 249 249 248 244 235 227 217 230 242 247 249 247 239 242 241 245 252 252 252 252 253 253 254 254 253 253 250 251 250 253 254 253 254 255 254 254 255 256
258 259 258 258 257 258 257 257 257 257 257 256 256 257 256 256 256 256 256 256 255 254 255 254 254 254 254 253 252 251 251 251 249 248 250 250 249 250 250 250 250 249 250 250 249 249 249 248 249 249 249 248 247 239 220 225 245 246 247 247 247 240 245 248 247 248 252 253 253 253 254 254 254 253 252 246 250 247 252 253 253 254 255 255 254 255 254
260 258 258 258 258 259 258 258 258 258 257 257 257 257 256 256 257 256 256 256 253 254 255 254 253 254 254 253 251 252 250 251 246 248 249 250 248 250 250 250 248 248 250 250 249 248 246 246 242 249 249 248 246 238 222 232 247 247 246 247 249 250 251 251 251 252 252 252 253 253 254 254 254 253 252 246 249 245 251 254 254 253 255 255 254 255 254
260 259 259 258 258 259 257 258 258 258 257 257 257 257 257 257 256 257 256 256 256 255 255 254 252 253 254 253 252 252 251 251 244 242 248 249 248 249 249 249 248 247 249 248 249 249 230 235 236 248 249 247 246 228 222 241 248 248 246 244 251 251 251 251 251 253 252 252 254 254 253 254 253 253 252 250 248 245 251 253 254 254 255 255 255 255 255
259 259 259 258 259 258 258 257 258 257 257 258 258 257 257 257 257 257 256 256 255 255 255 254 253 253 253 252 253 253 252 251 241 235 249 249 249 249 249 248 244 248 249 246 249 244 230 222 241 247 248 248 237 224 226 247 248 249 245 240 243 251 252 252 252 253 253 253 253 254 254 254 253 252 251 249 244 250 253 252 254 253 255 254 255 255 254
259 259 258 259 259 258 257 258 258 258 257 258 257 257 257 257 257 257 256 256 255 255 255 254 251 253 253 251 252 252 252 251 244 239 237 249 248 248 248 248 240 247 246 246 241 237 242 237 244 247 247 246 244 227 233 245 249 249 240 245 250 251 252 252 253 253 253 253 254 253 254 254 253 252 246 247 238 246 248 253 254 254 253 255 254 255 254
259 259 259 259 259 259 258 258 258 258 258 258 257 257 257 257 257 257 256 256 256 255 255 256 255 255 254 253 251 253 252 250 251 245 242 249 248 247 239 242 239 243 243 245 240 237 235 242 244 246 244 245 245 227 238 248 249 249 244 249 245 249 251 252 251 253 252 251 253 254 254 254 253 253 252 249 238 244 249 252 253 254 254 253 254 255 255
259 259 259 259 258 258 258 258 258 258 258 258 258 257 257 257 256 256 256 256 256 256 256 255 255 255 255 255 253 254 254 252 250 250 242 249 249 242 237 237 238 239 241 241 237 239 227 242 243 244 243 245 245 235 246 248 249 249 238 241 244 250 252 252 252 252 252 251 253 254 254 254 253 253 251 250 247 252 253 253 254 254 253 254 255 255 255
259 258 259 259 259 258 258 258 258 258 259 258 258 258 258 257 257 256 257 257 256 256 256 256 255 255 255 255 253 254 253 247 243 239 239 247 248 239 238 238 238 237 237 240 236 237 230 242 244 241 242 247 246 235 246 248 250 249 246 241 244 250 252 252 252 252 252 252 253 253 254 253 253 251 251 248 249 251 253 254 253 254 255 255 254 255 255
259 258 258 259 259 259 259 258 258 258 258 258 259 258 257 257 257 256 257 257 256 256 256 256 256 255 255 254 253 252 253 251 241 234 243 245 246 239 239 239 238 238 238 240 239 238 234 242 244 244 244 246 242 231 245 249 250 250 247 244 241 248 252 252 252 252 252 252 252 253 253 253 254 252 251 248 246 252 253 254 254 253 254 254 254 255 255
259 259 259 259 259 258 259 258 258 258 259 258 258 258 257 257 257 257 257 257 257 257 256 256 256 255 255 255 253 251 252 247 248 245 248 246 248 239 239 239 240 238 238 238 237 234 228 242 243 243 236 247 246 245 248 249 250 250 249 250 252 252 251 248 250 251 251 251 252 253 253 253 254 251 250 243 241 252 253 254 254 254 254 254 255 254 255
259 259 259 259 259 259 259 258 258 258 258 258 258 258 258 258 257 257 257 257 257 257 257 256 256 254 254 255 254 252 252 253 253 248 250 248 249 241 239 239 240 239 241 240 237 238 237 244 244 245 234 247 247 248 246 250 250 251 251 250 253 252 247 246 246 248 248 251 252 252 253 253 253 252 252 245 249 252 253 254 254 254 253 255 255 254 255
259 259 259 260 259 258 259 259 258 258 259 258 258 258 258 258 258 257 257 256 256 256 256 256 255 256 255 254 253 252 253 253 253 252 251 250 249 242 241 239 239 240 240 241 239 240 246 246 246 246 236 238 247 249 249 251 247 251 252 251 251 251 249 246 244 248 248 251 253 253 253 252 254 252 250 249 252 253 254 254 253 254 255 255 255 254 255
259 259 259 259 260 259 259 259 259 258 258 258 257 258 258 258 258 257 257 257 255 256 256 256 256 255 252 254 254 252 253 253 253 251 248 250 250 247 247 239 239 241 240 239 240 241 247 247 247 247 242 240 244 248 250 251 244 248 252 252 252 252 250 240 240 250 250 251 252 252 253 253 253 252 251 236 252 253 252 254 254 254 254 255 254 255 254
258 259 259 259 260 259 259 259 259 259 258 258 258 258 258 257 257 258 257 257 256 256 256 256 256 256 252 254 254 254 253 253 253 252 250 252 250 250 242 238 239 240 239 238 241 237 245 247 247 247 248 250 249 248 250 249 247 249 251 249 250 252 251 241 235 248 251 251 252 253 253 253 253 248 249 243 251 252 253 254 254 253 254 255 255 255 254
258 258 259 259 260 259 259 259 259 259 258 258 258 258 258 258 257 257 257 257 257 256 256 256 256 256 255 253 255 255 255 254 254 254 253 252 250 242 241 237 239 236 240 239 240 237 243 245 247 247 245 249 250 249 248 250 246 248 249 247 250 252 251 247 239 250 251 252 252 253 253 253 253 249 243 242 250 250 252 253 254 255 255 255 255 255 254
257 258 259 259 260 260 258 259 259 259 259 258 258 258 258 258 255 248 251 257 258 256 256 256 256 256 256 255 255 254 255 253 253 253 252 252 249 239 238 238 236 239 240 241 241 237 242 244 248 245 242 249 250 245 247 248 246 250 249 240 249 252 251 247 240 249 251 252 252 253 253 253 252 250 244 240 247 253 253 252 254 255 254 255 256 256 255
258 258 258 259 259 260 259 259 259 259 259 259 258 258 258 258 257 255 254 243 258 257 257 257 256 255 255 256 255 255 254 253 253 252 252 250 250 243 239 239 237 237 239 241 239 240 242 242 244 248 243 249 243 237 243 244 246 248 248 243 238 250 251 246 237 244 249 251 252 253 253 253 252 250 244 243 249 252 253 253 254 255 255 255 256 256 255
258 258 258 259 259 260 259 258 259 259 259 259 259 259 258 258 258 256 254 253 252 258 256 256 257 255 255 255 256 255 254 253 253 252 250 243 251 237 238 235 239 238 240 240 238 242 242 243 246 246 242 242 239 231 223 229 248 247 249 242 232 249 250 249 230 243 245 251 252 253 252 253 252 250 243 246 251 252 254 254 254 254 255 254 255 256 256
258 258 258 259 260 260 259 253 256 259 259 259 259 259 259 258 258 257 252 239 255 257 257 253 255 256 255 255 256 254 254 253 252 250 249 242 249 234 228 222 236 239 240 239 238 243 243 246 247 247 243 240 240 237 229 223 243 241 243 240 231 250 249 245 235 236 243 249 252 253 252 252 252 249 242 246 250 253 253 254 255 255 255 255 255 256 256
