wc0.5/Cropped/bio13_28.asc
NCOLS 282 
NROWS 470 
XLLCORNER 79.525 
YLLCORNER 5.91666666666667 
CELLSIZE 0.00833333333333331 
NODATA_value -32768 
[rows 342 to 379 of 470, columns 174 to 260 of 282]
314 316 316 311 315 314 308 304 302 299 299 304 310 307 310 310 305 323 321 304 307 308 310 310 316 318 312 314 315 312 308 311 311 310 310 310 310 310 315 313 312 313 318 321 312 313 313 314 314 314 313 315 315 316 316 316 318 319 317 317 316 316 316 316 319 319 320 320 319 319 319 320 320 320 320 321 320 321 322 322 323 324 324 324 324 324 323
310 316 311 311 314 314 315 313 311 313 300 310 303 311 309 311 310 303 337 305 310 306 308 307 316 310 311 312 312 308 306 308 308 306 306 307 307 306 311 311 311 311 314 317 310 310 310 311 312 312 312 311 312 312 313 313 315 316 314 315 314 314 314 314 315 316 318 318 318 317 317 317 317 317 318 318 318 319 319 320 320 322 321 321 321 321 321
317 317 291 295 299 315 313 311 313 314 310 304 312 310 309 311 302 302 300 311 310 309 307 310 314 309 309 308 308 306 305 306 304 302 302 305 306 302 307 309 313 313 310 316 311 306 307 309 310 315 314 311 310 309 310 310 312 313 313 313 312 312 312 312 312 313 316 316 316 315 315 315 316 317 317 317 317 318 317 317 318 320 320 320 319 319 320
316 304 286 286 288 316 313 315 314 313 310 311 310 300 321 305 320 301 308 311 311 309 311 305 312 310 310 309 308 308 306 307 304 301 300 302 304 300 304 306 305 314 308 305 304 303 305 308 308 314 313 314 309 308 308 307 308 311 310 310 310 310 311 311 309 311 313 313 313 313 313 315 320 315 315 314 314 315 315 315 315 316 317 318 317 318 319
289 292 285 285 309 311 316 316 312 308 314 312 314 307 305 336 304 306 305 310 311 310 306 305 306 310 310 310 308 308 307 306 304 304 300 300 301 297 300 301 303 304 307 302 301 301 302 305 306 306 311 310 306 305 305 305 305 307 307 306 306 307 307 307 307 308 309 310 310 311 312 322 315 314 313 313 314 314 313 314 313 314 315 316 315 316 316
282 282 282 283 316 287 314 314 313 301 304 314 314 311 293 339 300 331 300 309 311 312 312 311 311 309 311 310 309 308 308 306 304 303 301 300 299 297 297 300 301 301 298 298 298 298 300 304 303 303 306 307 304 303 302 302 303 305 304 304 303 303 307 306 305 305 306 307 307 309 310 311 311 311 311 311 312 312 312 312 311 312 312 313 313 313 314
280 281 281 282 289 284 301 317 317 294 294 312 312 308 296 331 293 312 321 305 310 306 312 309 310 309 309 310 309 309 307 306 303 303 301 299 300 296 300 302 302 298 295 294 295 296 298 299 302 300 300 304 305 307 301 299 300 301 300 301 302 302 302 302 302 303 303 304 305 307 307 308 308 308 309 309 309 309 309 311 311 312 310 310 311 311 312
280 279 283 282 281 282 285 316 313 317 312 304 302 289 302 308 331 322 331 299 302 298 311 312 310 310 309 309 309 309 307 307 303 303 302 302 304 297 299 301 302 297 295 293 293 294 295 311 297 297 297 298 299 303 297 297 297 297 299 298 301 299 300 300 301 301 301 302 303 304 305 306 307 306 306 307 307 307 307 307 307 308 308 308 309 310 310
278 278 283 279 280 284 281 282 293 309 315 306 299 305 321 321 328 317 295 299 295 305 313 313 310 311 310 310 310 309 309 307 305 305 303 303 301 296 297 300 301 299 295 293 292 302 307 314 309 294 295 295 295 295 295 295 294 296 297 297 298 298 298 299 300 300 300 299 300 301 302 303 304 305 304 304 304 305 305 306 306 306 307 307 308 308 309
276 277 278 278 279 296 283 282 283 294 318 317 303 286 319 321 317 289 296 314 314 303 314 312 311 311 311 311 310 310 309 307 306 305 303 302 299 296 295 300 300 298 295 292 300 305 311 313 311 302 291 291 292 292 292 292 293 295 295 294 296 296 297 297 298 298 298 298 298 299 299 300 301 303 302 303 302 302 303 304 304 305 305 305 306 306 306
275 275 276 280 285 289 282 282 293 312 316 306 311 291 293 310 321 290 306 313 315 315 315 314 311 312 311 311 311 310 309 308 307 305 303 300 298 296 295 299 298 297 294 291 298 304 307 312 312 312 303 289 289 290 289 290 291 292 291 294 297 294 295 295 295 295 295 296 296 296 297 297 299 300 300 301 301 300 300 301 301 302 303 303 304 304 304
277 276 277 276 286 310 308 311 316 313 313 293 306 301 300 310 318 302 293 297 312 313 313 315 312 312 311 311 311 309 310 308 306 305 303 302 300 298 295 296 298 296 292 290 291 307 306 308 309 312 299 287 288 287 290 290 295 290 290 292 292 292 292 293 293 294 294 294 294 295 295 295 295 297 297 298 299 298 298 299 299 299 300 300 302 302 302
274 278 289 300 276 277 286 314 306 300 310 295 297 313 308 304 311 301 299 295 312 316 314 314 313 313 312 311 311 309 308 308 306 305 303 303 300 296 295 294 297 295 291 290 291 302 301 305 308 310 306 291 286 284 299 288 297 290 288 289 293 290 289 290 291 292 291 291 292 293 293 294 293 295 295 295 296 297 297 297 298 298 298 299 299 300 301
272 274 280 290 280 276 308 286 299 308 297 299 301 300 287 285 301 287 287 301 317 316 315 314 314 313 311 311 309 308 307 306 305 304 303 305 301 303 294 297 297 293 292 290 289 289 301 305 308 308 304 291 285 298 297 285 285 285 287 287 296 290 287 287 288 289 289 289 290 291 291 291 291 292 292 293 293 294 295 295 297 296 297 298 298 299 299
273 271 274 282 285 307 298 289 296 326 317 323 322 291 291 296 306 289 308 317 319 318 316 315 314 313 313 312 310 309 308 306 305 305 307 305 303 305 294 296 299 293 292 289 288 289 303 306 308 308 302 288 285 291 285 284 283 284 286 285 288 290 285 285 285 286 286 287 287 288 288 289 289 290 290 291 292 293 292 294 295 295 296 297 296 297 297
277 280 272 275 275 303 286 279 287 296 324 323 325 311 306 287 304 288 310 321 320 320 317 315 315 314 314 313 311 310 309 306 304 305 306 307 306 305 294 295 294 295 291 290 288 289 295 300 302 305 297 287 286 286 285 283 283 282 283 282 283 283 282 283 283 284 284 285 285 286 286 286 287 288 289 290 291 291 292 293 293 294 294 294 295 295 295
270 272 272 272 295 277 282 281 278 327 325 324 323 327 326 315 291 312 321 322 318 317 317 316 316 315 314 313 312 309 307 306 303 304 307 308 309 303 293 293 292 293 291 289 287 289 290 291 292 299 286 286 286 285 283 282 280 280 280 279 280 280 281 282 282 282 283 283 283 284 285 285 286 287 287 290 290 290 290 291 292 292 292 293 293 293 294
269 270 271 274 276 279 276 277 284 319 325 326 323 324 323 327 319 322 322 321 318 317 317 315 316 315 315 313 311 309 303 301 300 300 308 311 303 302 293 291 291 293 294 289 287 285 286 287 285 285 284 286 285 285 282 282 279 279 279 277 278 280 279 280 280 281 281 281 282 283 283 283 284 285 286 287 287 288 290 291 291 292 291 291 292 292 292
276 270 270 272 279 277 275 277 299 294 319 330 325 324 323 323 323 324 325 321 319 316 312 315 314 315 315 312 309 308 303 303 299 300 305 303 299 300 291 290 292 293 294 288 286 284 284 285 284 283 283 285 284 286 282 279 278 278 276 275 276 276 276 277 278 278 279 280 281 281 281 282 283 283 285 285 285 286 287 288 290 290 290 289 290 290 290
275 270 278 283 277 289 283 279 293 298 315 333 329 325 322 324 322 322 322 320 321 318 312 316 313 316 314 306 305 304 301 299 299 299 308 300 299 300 291 290 290 291 288 287 285 285 283 282 282 283 282 282 282 285 281 278 277 277 275 274 273 273 274 274 275 276 277 277 278 279 279 280 281 281 282 283 283 284 285 286 287 287 287 287 288 289 289
269 275 281 290 290 284 277 285 281 279 280 334 328 325 320 321 322 321 319 318 316 316 311 312 314 317 313 305 305 303 300 301 299 300 309 302 299 293 290 289 291 290 289 294 286 285 283 281 282 282 281 281 281 282 279 278 277 277 276 274 273 272 272 272 273 273 274 275 275 276 277 277 279 279 279 280 281 282 283 284 285 286 286 286 286 286 287
283 283 293 289 259 280 286 279 283 291 287 332 329 326 324 321 318 320 319 317 316 316 314 309 315 316 309 304 303 303 299 299 297 297 309 302 294 291 290 290 290 291 290 293 302 286 282 280 281 280 280 280 280 286 279 277 279 277 275 274 274 273 270 270 271 271 272 273 273 274 275 275 276 277 277 278 279 280 281 282 282 283 284 284 285 285 285
294 270 271 255 255 260 289 290 286 282 340 332 328 324 322 321 318 319 319 317 317 314 310 308 310 306 305 303 302 303 300 298 297 298 313 295 291 290 290 289 289 291 289 303 303 294 282 280 280 279 280 279 280 281 280 278 280 277 277 274 273 271 270 272 269 270 271 271 271 272 273 273 274 275 275 276 277 277 279 279 281 281 282 282 282 283 283
278 285 287 284 257 259 259 291 284 286 336 340 329 325 321 321 319 319 318 318 317 312 312 309 307 305 304 303 302 306 300 297 297 302 311 294 292 289 289 297 290 290 287 301 305 305 283 279 278 279 278 278 279 278 278 276 275 278 274 277 279 278 270 268 267 268 268 268 269 270 271 271 272 273 273 274 275 275 277 277 278 279 279 280 280 281 282
290 288 277 293 281 271 290 285 286 289 322 339 330 325 321 322 318 319 320 317 318 315 311 309 307 305 305 302 301 301 299 297 296 296 303 294 291 289 287 287 297 289 285 287 304 302 280 278 277 277 277 277 277 276 275 274 274 276 276 281 279 270 268 267 266 266 266 267 268 268 269 269 271 271 272 273 273 274 274 275 276 277 277 278 278 279 279
294 275 297 289 292 289 281 279 279 282 305 338 330 325 320 323 318 321 322 318 314 312 310 308 306 304 303 302 301 298 297 297 296 295 297 306 292 287 286 287 289 285 283 284 300 282 280 278 277 277 276 276 276 274 274 273 274 275 273 274 272 268 267 267 266 267 265 266 266 267 267 268 269 270 270 271 272 272 273 273 274 274 275 276 276 277 277
280 302 356 292 280 325 298 285 286 283 314 337 328 324 320 319 318 320 319 315 314 310 309 307 305 304 302 300 300 298 296 296 295 295 300 295 289 286 285 286 286 285 283 283 281 281 279 277 275 275 275 276 277 274 272 272 274 274 274 271 270 268 266 266 266 267 264 264 265 265 265 266 269 269 269 269 270 270 271 271 272 273 273 274 275 275 276
342 355 360 329 320 340 312 318 295 286 322 334 330 323 320 318 318 318 316 314 312 314 308 306 304 303 302 300 299 298 295 295 293 293 297 295 287 285 285 285 285 283 281 280 279 278 277 275 274 274 275 275 276 272 272 271 271 271 270 269 268 267 267 266 266 266 265 264 263 263 264 265 266 267 267 267 268 268 269 270 270 271 272 272 273 274 274
359 352 350 357 355 359 337 344 323 318 350 332 329 324 320 318 316 319 319 313 311 310 310 305 303 302 301 299 298 298 295 294 293 293 292 292 286 285 284 285 282 281 280 279 278 276 275 274 273 273 273 273 276 271 270 271 271 269 271 269 268 266 266 266 266 264 263 263 262 262 262 263 264 265 265 266 266 267 267 268 269 269 270 271 272 272 273
346 348 344 346 349 348 359 355 355 352 343 329 329 323 320 318 316 315 319 312 310 310 308 305 302 301 299 298 298 297 294 293 292 291 304 300 285 284 283 284 284 284 280 279 278 277 277 275 272 271 271 271 272 270 270 269 269 269 280 267 268 266 266 266 266 268 262 261 262 261 261 261 262 263 263 264 264 265 266 267 267 268 269 270 270 271 271
342 344 344 352 350 344 343 348 349 350 338 330 326 322 320 317 315 314 313 311 309 309 306 304 301 300 298 297 297 296 293 292 291 291 290 299 286 283 282 283 284 289 281 278 277 278 276 276 275 272 270 269 269 268 270 271 268 267 266 266 267 267 265 263 265 263 260 260 260 259 260 260 260 261 261 262 263 264 265 265 266 266 267 269 269 270 270
340 340 344 345 343 339 340 340 341 335 331 330 325 320 319 316 314 312 313 310 308 307 306 306 301 299 297 296 296 294 293 291 290 289 294 289 288 283 282 280 282 281 284 283 279 275 275 274 273 273 270 268 267 269 271 274 268 265 265 265 265 265 264 264 260 260 262 259 258 260 258 258 258 259 260 261 262 262 263 264 264 265 266 267 268 269 269
344 344 344 345 347 344 336 336 338 336 331 328 324 323 319 315 312 311 321 310 307 305 304 303 300 298 296 295 295 293 291 290 289 288 290 296 286 283 284 279 278 279 283 287 281 274 272 272 271 271 270 268 267 268 272 269 266 264 264 264 265 266 262 262 260 258 258 258 257 257 257 256 257 258 258 259 262 261 262 262 263 264 265 265 267 268 268
352 348 353 350 351 351 342 335 335 332 333 326 324 321 316 313 311 315 323 314 306 303 303 301 299 297 296 294 293 292 290 289 288 287 288 305 288 283 281 284 277 276 275 276 273 272 271 271 270 268 269 268 266 267 269 272 265 263 262 268 263 265 264 260 261 258 256 256 256 256 256 256 256 256 257 258 260 260 260 261 261 262 264 264 265 267 266
362 347 337 349 352 350 348 340 334 333 327 326 324 321 313 311 309 309 325 321 306 302 302 301 299 297 294 292 292 291 289 287 286 285 285 292 285 284 284 290 284 275 274 273 272 271 270 269 267 267 267 266 264 265 266 269 263 262 262 269 261 263 262 260 258 257 256 255 255 255 255 254 254 255 255 256 258 259 260 260 260 261 262 262 263 264 265
340 342 337 342 345 347 343 338 331 330 327 322 319 316 311 309 308 307 308 311 303 301 301 301 300 295 293 291 290 289 288 288 285 284 284 284 288 284 283 283 280 279 274 273 273 271 274 270 268 266 265 264 263 265 266 266 262 261 262 280 259 260 260 258 257 256 255 254 253 253 253 254 252 253 254 255 256 256 257 259 259 260 261 261 261 262 263
344 336 334 338 338 340 343 331 330 328 324 316 315 314 312 308 306 305 305 303 301 299 299 299 302 294 292 290 289 288 287 286 284 283 282 287 289 283 282 281 278 276 274 273 273 272 270 269 268 266 265 263 262 263 264 263 260 260 262 271 259 258 258 257 257 255 254 253 252 251 251 251 250 250 252 253 254 254 255 257 257 257 258 259 259 260 262
336 336 331 327 332 332 332 332 328 324 321 323 313 311 310 306 305 303 304 301 298 297 297 298 296 293 291 290 287 286 285 285 283 282 281 281 283 281 280 280 277 275 273 275 273 270 269 269 267 266 265 263 261 262 261 260 259 260 259 260 257 256 256 258 258 257 255 253 252 250 250 249 250 249 250 251 252 253 253 255 256 256 256 257 257 258 260
