wc0.5/Cropped/bio15_28.asc
NCOLS 282 
NROWS 470 
XLLCORNER 79.525 
YLLCORNER 5.91666666666667 
CELLSIZE 0.00833333333333331 
NODATA_value -32768 
[rows 420 to 461 of 470, columns 95 to 189 of 282]
34 33 33 33 33 32 32 32 32 31 31 31 31 32 31 31 31 31 32 33 32 31 31 31 31 31 32 32 31 32 32 31 31 32 33 33 33 34 34 34 35 35 36 36 37 37 38 39 41 43 43 45 46 47 49 49 50 51 52 53 54 55 56 57 58 58 59 60 60 61 62 61 62 62 63 63 63 64 64 65 64 65 65 65 65 66 66 66 66 66 66 66 66 66 67
34 33 32 33 33 32 32 32 32 31 31 31 31 31 31 31 31 31 33 33 33 31 31 31 31 31 33 31 32 32 32 32 31 33 33 33 34 34 34 34 35 35 35 36 36 37 37 39 40 42 43 45 46 47 47 49 50 51 52 53 54 55 56 56 57 58 59 60 60 61 61 61 62 62 62 63 63 63 64 64 64 65 65 65 65 66 65 65 66 66 65 66 66 66 66
34 33 32 32 33 33 32 31 31 31 31 31 31 31 31 31 31 31 31 32 33 31 31 31 31 31 31 31 32 32 32 32 32 33 33 33 34 34 34 35 35 35 36 36 37 37 38 40 41 42 43 42 44 46 47 47 49 51 51 53 53 55 55 57 57 57 58 59 59 60 60 61 61 61 62 62 62 63 63 63 64 64 64 64 65 65 65 65 66 65 65 65 65 65 65
34 33 33 32 32 33 32 31 32 32 31 31 31 31 31 31 31 31 31 31 31 31 31 31 31 33 31 31 32 32 32 32 32 33 33 33 33 34 34 34 34 35 35 36 37 37 38 40 40 42 42 41 42 46 47 48 48 50 51 52 53 54 55 56 56 57 57 58 59 59 60 60 61 61 61 62 62 62 62 63 63 63 64 64 65 64 64 65 65 64 65 65 65 65 65
33 33 33 32 32 32 32 32 32 32 31 31 31 31 31 31 31 31 31 31 31 31 31 31 32 31 31 31 32 32 32 32 32 33 33 33 33 34 34 35 35 36 36 36 38 39 39 40 41 41 42 42 44 45 47 48 49 50 51 52 53 53 54 55 56 57 57 58 59 59 59 60 60 60 61 61 61 62 62 62 63 63 64 63 63 64 64 64 65 65 64 65 64 65 65
33 33 32 32 32 32 32 32 32 32 32 31 32 31 31 31 31 31 31 31 31 31 31 33 32 31 31 31 31 32 32 32 32 33 33 33 33 34 34 34 35 36 36 38 38 39 39 39 41 42 43 43 44 45 46 48 48 50 50 52 52 53 54 55 55 56 57 57 58 58 59 59 60 60 61 61 61 61 62 62 62 62 63 63 63 63 64 63 64 64 64 64 64 64 64
33 32 32 32 32 31 31 31 32 32 32 31 31 31 31 31 31 31 31 31 31 31 31 33 31 31 31 31 31 32 32 32 32 33 33 33 34 34 34 35 34 35 36 37 39 39 40 41 41 42 43 43 44 45 46 47 48 49 50 51 52 53 53 54 55 55 56 57 58 58 58 59 59 59 60 60 60 61 61 61 62 62 62 63 62 62 63 63 63 63 63 63 63 63 64
33 33 32 32 32 32 32 31 32 32 32 32 31 31 31 31 31 31 31 31 31 31 31 31 31 31 31 31 31 32 32 32 32 33 33 33 34 34 34 34 35 36 37 38 38 39 40 40 41 42 43 43 44 45 46 47 48 49 50 51 51 53 53 54 54 55 56 56 57 57 58 58 59 59 60 59 60 61 61 61 61 61 61 62 62 62 62 63 63 63 63 63 63 63 63
33 33 32 32 32 32 32 32 31 32 32 32 31 31 31 31 31 31 31 31 31 31 31 31 31 31 31 31 31 32 32 32 32 33 33 33 34 34 34 35 35 36 37 37 38 39 40 40 41 42 42 43 44 44 45 46 47 48 49 50 51 52 53 53 54 55 55 56 56 57 57 58 58 59 59 59 59 60 60 60 61 61 61 62 62 61 62 62 62 63 62 62 62 63 62
33 33 32 32 32 32 32 32 31 31 31 31 31 31 31 31 31 31 31 31 31 31 31 31 31 31 32 32 32 32 32 32 32 33 33 33 34 34 38 34 35 36 37 37 38 39 39 40 41 42 42 43 44 45 45 46 47 48 49 50 51 52 52 53 54 54 55 55 56 56 57 57 58 58 58 59 59 59 60 60 60 60 61 61 61 61 61 62 62 62 62 62 62 62 62
33 33 32 32 32 32 32 32 32 31 31 31 31 31 31 31 31 31 31 31 31 31 31 31 31 32 32 32 32 32 32 32 32 33 33 33 34 35 36 35 35 36 36 37 38 39 39 40 41 41 42 43 44 45 45 46 47 48 48 50 50 51 52 52 53 54 55 55 56 56 56 57 58 58 58 58 59 59 59 59 60 60 60 60 60 60 61 61 61 61 61 62 62 61 62
33 33 32 32 32 32 32 32 31 31 31 31 31 31 31 31 31 31 31 31 31 31 31 31 31 31 32 32 32 32 32 32 32 33 33 34 34 36 34 35 35 36 36 37 38 39 39 40 41 42 42 43 44 44 45 46 47 47 48 49 50 50 51 52 53 53 54 55 55 56 56 57 56 57 57 58 58 58 59 59 59 59 60 60 60 60 60 60 60 61 61 61 61 61 61
33 33 33 32 32 32 32 32 32 31 31 31 31 31 31 31 31 31 31 31 31 31 31 31 31 31 32 31 31 31 32 32 33 33 33 33 34 34 34 35 35 36 36 37 38 38 39 40 41 41 42 43 44 44 45 46 47 47 48 49 50 50 51 52 52 53 54 54 55 55 56 56 56 57 57 57 57 58 58 58 59 59 59 59 59 59 60 59 60 60 61 61 61 61 61
33 33 33 32 32 32 32 32 32 32 31 31 31 31 31 31 31 31 31 31 31 31 31 31 31 31 31 31 31 31 32 32 33 33 33 34 34 34 34 35 35 36 36 37 37 38 39 40 40 41 42 43 43 44 45 46 46 47 48 48 50 50 51 52 52 53 53 54 54 54 55 55 56 56 56 57 57 57 57 58 58 58 59 58 59 58 59 59 60 60 60 60 61 60 61
33 33 33 33 32 32 32 32 32 31 32 32 31 31 31 31 31 31 31 31 31 31 31 31 31 31 31 31 31 31 32 33 33 33 33 36 34 34 34 35 35 36 36 37 37 38 39 40 41 41 42 43 43 44 45 46 46 47 48 48 49 50 51 51 52 53 53 53 54 54 55 55 55 56 56 56 56 57 57 57 57 57 58 58 58 58 58 59 59 59 60 59 60 60 60
33 33 33 33 32 32 32 32 32 32 32 31 32 31 31 31 31 31 31 31 31 31 31 31 31 31 31 31 32 32 33 33 33 33 34 35 34 34 34 34 35 36 36 37 37 38 39 40 40 41 42 42 43 44 45 45 46 47 48 48 49 49 50 51 51 52 52 53 54 54 54 55 55 55 55 56 56 56 56 57 57 57 57 57 57 57 58 58 59 59 59 59 59 59 59
33 33 33 32 33 32 32 32 32 32 31 32 32 31 31 31 31 31 31 31 31 31 31 31 31 31 31 32 32 32 33 33 33 33 34 34 34 34 34 34 35 36 36 37 37 38 39 39 40 41 42 42 43 44 45 45 46 47 47 48 49 50 50 50 51 52 52 52 53 53 54 54 54 55 55 55 56 55 56 56 56 57 56 56 57 57 58 58 58 58 58 58 59 59 59
33 33 32 32 32 33 32 32 32 32 32 31 31 31 31 31 31 31 31 31 31 31 31 31 32 32 32 32 32 32 32 33 33 33 34 34 33 34 34 34 35 35 36 37 37 38 39 39 40 41 41 42 43 44 44 45 46 46 47 48 48 49 50 50 51 51 51 52 52 53 53 54 54 55 55 55 55 55 55 56 55 56 56 57 57 57 57 57 57 58 57 57 57 58 58
33 33 33 33 32 32 33 32 32 32 32 31 31 31 31 31 31 31 32 31 31 32 32 32 32 32 32 32 33 33 33 32 33 33 33 34 33 33 34 34 35 36 36 37 37 38 38 39 40 41 41 42 43 43 44 45 46 46 47 48 48 49 49 50 51 51 51 52 52 52 53 53 53 54 54 54 55 55 55 55 56 56 55 56 56 56 56 56 56 57 56 57 57 57 57
33 33 33 33 32 32 32 32 32 32 32 32 32 31 31 31 32 32 31 31 31 31 31 32 32 33 33 33 33 33 33 33 32 33 32 32 33 33 34 35 35 36 36 36 37 38 38 39 40 40 41 42 42 43 44 45 45 46 47 47 48 48 49 50 50 51 51 52 52 52 52 53 53 53 54 54 54 54 54 55 55 55 55 56 55 56 56 55 56 56 56 57 57 57 56
33 33 33 33 33 33 32 32 32 32 32 32 32 32 31 31 32 32 32 31 31 31 31 31 31 31 32 32 33 32 32 32 32 32 32 33 33 33 34 34 35 36 36 36 37 37 38 39 40 40 41 42 42 43 44 45 45 46 47 47 47 48 49 49 50 50 51 51 51 52 52 53 53 52 53 54 54 54 54 54 54 54 54 55 55 55 56 55 55 56 56 56 56 56 56
34 33 33 33 33 33 32 32 32 32 32 32 32 32 31 31 32 31 31 32 31 31 31 31 31 31 31 31 31 31 32 32 32 32 32 32 33 33 34 34 35 36 36 36 37 37 38 39 39 40 41 42 42 43 44 44 45 46 46 47 47 48 48 49 49 50 51 51 51 51 52 52 52 52 53 53 54 54 54 54 54 54 55 54 54 55 55 55 55 55 55 55 55 56 56
33 33 33 33 33 33 32 32 32 32 32 32 32 32 31 32 32 31 32 32 32 31 31 31 31 31 31 31 31 31 31 31 32 32 32 32 33 33 34 34 35 35 36 36 37 37 38 39 40 40 41 42 42 43 44 44 45 46 46 47 47 48 48 48 49 50 50 50 51 52 52 52 52 52 52 53 53 53 53 53 53 54 54 54 54 54 54 54 55 54 55 55 55 55 55
33 33 33 33 33 33 32 33 32 32 32 33 32 32 32 32 32 32 32 32 32 32 32 32 31 31 31 31 31 31 31 32 32 32 32 32 33 33 34 34 35 35 36 36 37 37 38 39 40 41 41 42 42 43 44 44 45 46 46 47 47 47 48 48 49 49 50 50 50 51 51 51 52 52 51 53 52 53 53 53 53 53 54 54 53 53 54 53 54 54 54 55 54 54 55
34 34 33 33 33 33 33 33 32 33 32 32 33 32 32 32 32 32 32 32 32 32 32 31 32 31 31 31 31 31 32 32 32 32 32 32 33 34 34 34 35 35 36 36 37 37 38 39 39 40 41 42 42 43 44 44 45 46 46 47 47 48 47 48 49 49 49 49 50 50 50 51 51 51 52 52 52 52 52 52 53 53 53 53 53 53 53 53 53 54 54 54 54 54 54
34 34 34 34 34 33 33 33 33 32 33 32 33 33 32 32 32 32 32 32 32 32 32 31 31 31 31 31 31 31 31 32 32 32 33 34 33 33 34 34 35 35 35 36 36 37 38 39 40 41 42 42 43 43 44 44 45 45 46 47 47 47 47 48 48 49 49 49 50 50 50 50 50 51 51 51 52 52 52 52 53 52 53 53 53 53 53 53 53 53 53 53 53 53 54
34 34 34 34 34 33 33 33 33 33 33 33 33 32 32 32 32 32 32 32 32 32 32 31 32 31 31 32 31 32 31 32 32 32 34 34 33 33 34 34 34 35 36 36 37 37 38 39 40 41 41 42 43 43 44 44 45 45 46 46 47 47 47 47 48 48 48 49 49 50 49 50 50 50 50 51 51 51 52 52 52 52 52 52 52 53 52 52 52 53 53 53 53 -32768 -32768
34 34 34 34 34 33 33 33 33 33 33 33 33 32 32 32 33 32 32 32 32 32 32 32 32 32 32 31 31 32 32 31 32 33 33 34 33 34 33 34 35 35 36 37 37 38 38 38 40 40 41 42 43 44 44 44 45 45 46 46 47 47 47 47 47 48 48 48 49 49 49 49 50 50 50 51 51 51 51 51 52 51 52 52 -32768 52 52 52 52 -32768 -32768 -32768 -32768 -32768 -32768
34 34 34 34 34 34 34 34 33 33 33 33 33 32 33 33 32 32 33 32 32 32 32 32 32 32 32 32 32 32 31 32 32 32 32 33 34 34 34 34 34 36 37 37 38 38 39 39 40 41 41 42 42 44 44 45 45 45 45 46 47 46 47 47 47 48 48 48 49 49 49 49 49 49 50 50 50 51 51 51 51 51 -32768 -32768 -32768 -32768 -32768 -32768 -32768 -32768 -32768 -32768 -32768 -32768 -32768
34 35 34 34 34 34 34 34 33 33 33 33 33 33 33 33 33 32 33 33 33 32 32 32 32 32 32 32 32 32 32 32 32 32 33 33 33 33 33 34 34 35 35 37 38 38 38 39 40 41 42 42 43 43 44 44 45 45 45 45 45 46 47 47 48 47 48 48 48 48 49 49 49 49 50 50 50 50 51 50 -32768 -32768 -32768 -32768 -32768 -32768 -32768 -32768 -32768 -32768 -32768 -32768 -32768 -32768 -32768
35 34 34 34 34 34 34 34 33 33 33 33 33 33 33 33 33 33 33 33 33 33 33 32 32 32 32 32 32 32 32 32 32 32 32 33 33 33 33 34 34 35 35 36 37 38 38 39 40 41 42 42 42 43 43 44 44 44 46 45 45 46 47 47 47 47 47 47 47 48 48 48 49 49 49 49 -32768 -32768 -32768 -32768 -32768 -32768 -32768 -32768 -32768 -32768 -32768 -32768 -32768 -32768 -32768 -32768 -32768 -32768 -32768
35 34 34 34 34 34 34 34 34 34 33 33 33 33 33 34 33 33 33 33 33 33 32 32 32 32 32 32 32 32 32 32 32 32 32 32 33 33 34 35 35 35 35 36 37 37 38 39 39 40 41 41 42 42 43 44 44 45 45 45 46 46 46 47 47 47 47 47 47 48 48 48 49 -32768 -32768 -32768 -32768 -32768 -32768 -32768 -32768 -32768 -32768 -32768 -32768 -32768 -32768 -32768 -32768 -32768 -32768 -32768 -32768 -32768 -32768
35 35 34 34 34 34 34 34 34 34 34 34 34 34 33 33 33 33 33 33 33 33 33 32 32 32 32 32 32 32 32 32 32 32 32 32 33 33 34 34 35 36 36 37 37 38 38 39 40 41 41 42 43 42 43 43 44 44 45 45 45 45 46 46 47 47 47 47 47 48 48 -32768 -32768 -32768 -32768 -32768 -32768 -32768 -32768 -32768 -32768 -32768 -32768 -32768 -32768 -32768 -32768 -32768 -32768 -32768 -32768 -32768 -32768 -32768 -32768
35 35 35 35 34 34 35 34 34 34 34 34 34 34 33 33 33 33 33 33 33 33 33 33 33 32 32 32 32 32 32 32 32 32 33 32 32 33 33 35 36 36 36 37 38 39 40 41 41 41 42 43 43 43 43 43 43 44 44 45 45 45 46 46 46 47 46 -32768 -32768 -32768 -32768 -32768 -32768 -32768 -32768 -32768 -32768 -32768 -32768 -32768 -32768 -32768 -32768 -32768 -32768 -32768 -32768 -32768 -32768 -32768 -32768 -32768 -32768 -32768 -32768
36 36 35 35 35 35 35 35 35 34 34 34 34 34 33 34 33 33 34 33 33 33 33 33 33 32 32 32 32 32 32 32 32 32 32 32 32 33 34 36 36 36 37 37 38 39 40 41 42 41 42 42 43 42 42 43 43 44 44 45 45 45 45 46 46 47 -32768 -32768 -32768 -32768 -32768 -32768 -32768 -32768 -32768 -32768 -32768 -32768 -32768 -32768 -32768 -32768 -32768 -32768 -32768 -32768 -32768 -32768 -32768 -32768 -32768 -32768 -32768 -32768 -32768
36 36 36 35 35 35 35 35 35 35 35 34 34 34 34 34 33 33 33 33 33 33 33 33 33 32 32 32 32 32 32 32 32 32 32 32 32 33 34 35 36 36 37 37 38 39 40 41 42 43 42 43 43 44 44 44 44 44 44 44 -32768 -32768 -32768 -32768 -32768 -32768 -32768 -32768 -32768 -32768 -32768 -32768 -32768 -32768 -32768 -32768 -32768 -32768 -32768 -32768 -32768 -32768 -32768 -32768 -32768 -32768 -32768 -32768 -32768 -32768 -32768 -32768 -32768 -32768 -32768
36 36 36 36 35 35 35 35 35 35 35 35 34 34 34 34 34 34 34 34 33 33 33 33 33 32 32 32 32 32 32 32 32 32 32 33 33 33 34 35 35 36 37 37 38 39 40 41 41 44 44 44 45 45 44 44 44 44 44 -32768 -32768 -32768 -32768 -32768 -32768 -32768 -32768 -32768 -32768 -32768 -32768 -32768 -32768 -32768 -32768 -32768 -32768 -32768 -32768 -32768 -32768 -32768 -32768 -32768 -32768 -32768 -32768 -32768 -32768 -32768 -32768 -32768 -32768 -32768 -32768
36 36 36 36 36 35 35 35 35 35 35 35 35 35 35 34 34 34 34 34 34 33 33 33 33 33 32 32 32 32 32 32 32 32 32 32 33 33 34 35 36 37 37 38 39 40 41 42 43 43 45 46 48 49 46 45 44 44 -32768 -32768 -32768 -32768 -32768 -32768 -32768 -32768 -32768 -32768 -32768 -32768 -32768 -32768 -32768 -32768 -32768 -32768 -32768 -32768 -32768 -32768 -32768 -32768 -32768 -32768 -32768 -32768 -32768 -32768 -32768 -32768 -32768 -32768 -32768 -32768 -32768
37 36 36 36 36 36 35 35 35 35 35 35 35 35 35 35 35 34 34 34 33 33 33 33 33 32 33 32 32 32 32 32 32 32 32 32 33 33 34 34 36 37 37 38 39 40 41 42 43 43 44 44 46 46 47 43 42 -32768 -32768 -32768 -32768 -32768 -32768 -32768 -32768 -32768 -32768 -32768 -32768 -32768 -32768 -32768 -32768 -32768 -32768 -32768 -32768 -32768 -32768 -32768 -32768 -32768 -32768 -32768 -32768 -32768 -32768 -32768 -32768 -32768 -32768 -32768 -32768 -32768 -32768
37 37 37 36 36 36 36 35 35 35 35 35 35 35 35 35 35 34 34 34 34 33 33 33 33 33 32 32 32 32 32 32 32 32 32 32 33 33 34 35 36 37 36 37 38 39 40 41 43 43 43 42 42 46 42 -32768 -32768 -32768 -32768 -32768 -32768 -32768 -32768 -32768 -32768 -32768 -32768 -32768 -32768 -32768 -32768 -32768 -32768 -32768 -32768 -32768 -32768 -32768 -32768 -32768 -32768 -32768 -32768 -32768 -32768 -32768 -32768 -32768 -32768 -32768 -32768 -32768 -32768 -32768 -32768
37 37 37 36 36 36 36 36 35 35 35 35 35 35 35 35 35 34 34 34 34 34 33 33 33 33 32 32 32 32 32 32 32 32 32 33 33 34 35 35 35 36 36 37 38 38 40 41 41 41 41 41 41 -32768 -32768 -32768 -32768 -32768 -32768 -32768 -32768 -32768 -32768 -32768 -32768 -32768 -32768 -32768 -32768 -32768 -32768 -32768 -32768 -32768 -32768 -32768 -32768 -32768 -32768 -32768 -32768 -32768 -32768 -32768 -32768 -32768 -32768 -32768 -32768 -32768 -32768 -32768 -32768 -32768 -32768
-32768 37 37 37 36 36 36 36 36 35 35 35 35 35 35 35 35 35 34 34 34 33 33 33 33 33 32 32 32 32 32 32 32 33 33 33 33 34 35 35 35 36 36 36 37 39 40 40 39 40 40 41 -32768 -32768 -32768 -32768 -32768 -32768 -32768 -32768 -32768 -32768 -32768 -32768 -32768 -32768 -32768 -32768 -32768 -32768 -32768 -32768 -32768 -32768 -32768 -32768 -32768 -32768 -32768 -32768 -32768 -32768 -32768 -32768 -32768 -32768 -32768 -32768 -32768 -32768 -32768 -32768 -32768 -32768 -32768
