wc0.5/Cropped/bio14_28.asc
NCOLS 282 
NROWS 470 
XLLCORNER 79.525 
YLLCORNER 5.91666666666667 
CELLSIZE 0.00833333333333331 
NODATA_value -32768 
[rows 378 to 419 of 470, columns 95 to 189 of 282]
130 129 135 129 126 127 129 135 127 127 127 127 127 138 139 139 138 138 138 138 135 138 137 134 130 128 131 131 130 129 128 129 124 120 115 100 102 108 107 109 111 115 115 115 114 113 112 112 111 111 110 110 110 109 109 109 108 108 107 102 98 99 97 90 88 89 86 84 77 73 68 59 49 55 52 54 53 48 46 47 41 39 39 38 37 35 31 30 28 24 20 19 18 17 16
136 129 128 133 128 128 127 127 134 127 128 128 127 128 140 140 133 136 139 139 139 139 138 136 130 134 130 130 128 128 123 120 121 119 116 107 100 99 102 102 111 113 115 114 114 114 113 112 112 111 110 110 110 109 109 109 109 107 106 104 100 98 96 93 89 87 81 70 70 77 55 47 44 46 49 50 50 48 47 43 41 36 33 35 34 32 31 28 25 23 23 19 18 17 16
144 137 129 130 128 128 129 128 133 130 133 128 128 128 133 136 137 137 137 137 136 140 139 138 137 134 129 118 126 124 115 114 98 91 93 109 97 93 90 108 106 109 116 115 114 114 113 113 113 111 111 110 110 109 108 105 104 105 100 96 93 93 94 90 87 79 78 59 55 52 49 46 47 49 45 47 51 51 47 43 40 33 29 26 34 32 31 23 24 26 24 18 18 17 16
143 143 139 130 133 130 128 130 129 137 134 136 132 131 129 138 141 141 141 141 140 137 140 139 139 139 136 132 128 128 122 123 120 99 86 85 86 86 87 86 98 110 116 115 115 114 113 113 113 112 112 111 110 110 105 103 101 101 96 94 92 92 89 87 86 84 81 58 53 50 48 45 46 41 39 44 51 51 49 46 39 36 34 29 24 31 26 25 22 26 26 18 18 17 16
139 144 141 134 130 132 133 132 130 131 137 137 138 130 130 135 142 140 139 141 141 138 138 138 140 140 139 137 135 132 132 128 126 123 129 106 97 90 86 86 87 97 106 116 115 114 114 113 114 111 110 110 107 105 103 100 99 101 94 93 92 88 87 84 85 83 80 58 52 49 46 44 41 40 38 40 41 47 49 47 32 27 33 38 33 24 21 22 25 25 25 22 17 16 16
138 148 147 141 135 131 136 133 130 130 141 136 142 139 130 131 141 143 136 135 141 142 140 139 138 141 139 139 136 135 130 125 126 131 130 126 123 113 105 120 118 117 118 119 119 114 116 111 111 109 112 106 111 106 103 100 102 96 93 91 89 87 86 84 83 81 78 54 51 48 45 43 40 38 37 36 34 33 31 30 28 27 25 36 35 21 20 20 19 19 19 17 17 16 16
137 143 143 147 140 132 132 142 135 131 137 138 143 144 142 142 130 134 143 142 137 142 142 143 140 139 138 137 138 137 134 129 133 132 130 129 128 125 127 123 125 124 124 122 121 119 118 111 108 107 106 112 103 103 102 97 95 93 91 92 90 89 83 84 82 80 71 52 49 47 44 41 39 37 35 34 32 31 32 29 27 26 24 23 22 25 20 19 19 18 18 17 16 16 15
134 141 150 143 147 143 134 141 141 142 136 135 140 144 141 142 133 137 138 144 143 135 136 140 140 141 141 139 136 135 136 134 134 132 130 129 128 127 127 125 124 123 119 118 117 117 116 111 108 107 107 104 101 101 98 97 95 92 93 91 88 87 84 82 80 78 74 51 48 45 43 40 38 36 34 33 31 30 33 31 40 25 23 22 21 23 20 19 19 20 19 17 16 16 15
134 135 144 148 147 148 142 142 145 144 140 133 134 134 142 146 136 132 132 140 145 143 135 126 137 140 142 141 137 138 136 135 133 131 130 129 127 124 124 124 124 121 120 119 104 109 115 116 111 107 106 105 99 100 97 94 92 92 91 87 86 84 82 81 77 77 53 50 47 44 42 40 38 35 33 32 30 29 36 36 25 24 24 22 21 20 19 28 22 18 17 17 16 16 15
143 140 137 144 147 148 150 143 139 145 142 139 139 135 142 141 139 146 146 133 140 146 144 143 142 141 140 142 140 139 137 136 134 132 129 127 126 125 123 124 124 125 125 118 115 109 109 117 116 106 106 110 100 96 96 94 94 92 88 86 85 84 82 80 76 57 52 49 46 44 42 39 37 35 33 31 29 28 26 25 24 24 23 21 20 19 19 22 23 18 17 16 17 16 15
145 151 144 141 152 146 150 150 141 141 145 142 136 135 134 135 136 133 141 134 133 141 138 144 143 143 143 141 141 139 137 136 134 133 128 128 128 127 126 128 128 126 125 122 115 122 120 116 109 103 115 108 101 99 98 95 95 90 89 87 85 83 81 78 77 55 51 48 45 43 40 38 36 34 32 30 28 26 25 24 23 23 22 21 20 19 19 19 20 18 17 16 17 15 15
146 149 152 143 148 151 151 150 150 141 141 144 144 141 135 136 136 134 144 144 141 134 134 146 144 143 142 142 141 139 137 136 135 133 128 129 126 128 127 126 126 127 125 120 122 123 121 119 119 118 102 99 97 103 94 89 98 93 80 89 76 67 71 68 58 53 50 47 44 41 39 37 35 33 31 29 27 26 25 24 23 22 21 20 20 19 18 18 18 17 17 16 16 15 15
148 146 153 147 146 145 149 152 154 152 148 142 148 148 145 137 135 135 135 147 147 146 145 140 139 140 143 142 141 136 135 132 133 129 128 131 129 125 124 124 125 125 124 117 119 123 122 121 118 114 113 115 108 102 94 87 83 79 75 72 68 66 63 61 56 52 49 46 43 40 38 36 34 32 30 28 26 25 24 23 23 22 21 20 19 19 18 18 17 17 16 16 16 15 15
153 149 152 149 149 149 151 152 154 153 152 151 143 145 149 148 146 138 137 144 139 142 143 146 145 138 143 137 140 139 137 133 132 130 131 131 130 128 126 125 124 123 127 126 115 123 122 120 120 107 102 113 109 97 98 90 83 78 75 71 67 63 61 58 55 51 48 45 43 40 37 35 32 31 29 28 25 24 23 22 22 21 20 20 19 18 18 17 17 17 16 16 16 15 15
153 154 150 153 150 150 152 152 151 151 154 153 153 144 146 149 151 149 148 140 142 147 147 146 145 144 144 145 143 143 138 135 135 132 131 129 131 131 129 128 126 126 122 126 125 110 120 116 119 117 113 107 105 104 100 89 84 79 78 72 67 63 60 57 54 50 47 44 42 39 36 34 32 30 28 26 25 23 22 22 21 21 20 19 19 18 18 17 17 17 16 16 16 15 15
154 155 149 150 152 150 154 156 155 152 152 155 153 154 151 145 153 153 150 149 148 147 149 149 148 146 144 146 142 143 140 136 135 133 133 132 131 127 128 130 131 126 121 115 118 113 112 113 117 117 111 109 106 102 96 90 81 79 81 69 66 63 59 56 53 49 46 44 41 38 36 33 31 29 27 25 24 23 22 21 21 20 20 19 19 18 18 17 17 17 16 16 16 16 15
154 154 155 149 151 151 152 154 155 152 152 152 155 153 155 150 150 152 152 152 150 148 147 148 147 146 144 145 145 144 140 138 134 134 132 131 135 130 128 127 129 124 117 113 112 108 107 112 118 116 111 106 106 97 97 85 81 78 75 68 63 61 58 54 51 49 46 43 40 37 35 32 30 28 26 25 23 22 21 21 21 20 20 19 20 18 18 17 17 17 16 16 16 16 15
151 154 155 149 150 150 152 154 155 154 152 152 153 152 155 154 148 148 154 153 152 152 148 146 145 144 144 147 145 145 142 139 136 133 132 133 133 136 134 132 132 131 129 115 113 108 105 104 103 116 111 105 102 88 86 87 79 76 70 66 62 58 55 53 50 48 45 42 40 37 34 32 30 28 26 24 23 22 21 21 20 20 19 19 20 21 18 17 17 17 17 16 16 16 16
152 151 152 153 151 150 154 152 153 152 153 153 156 155 154 153 152 148 148 152 153 150 152 151 148 145 144 142 143 144 143 141 137 133 133 132 131 132 131 134 132 131 127 116 116 110 105 103 101 99 106 106 98 84 81 83 76 73 68 64 59 56 54 50 49 47 45 42 39 37 34 32 30 28 26 25 23 22 21 20 20 20 19 19 19 20 18 18 17 17 17 16 16 16 16
156 156 152 156 154 151 151 153 153 153 153 155 154 156 157 155 155 150 147 149 150 154 153 152 152 151 145 143 143 143 143 144 138 133 134 132 131 129 130 128 128 125 123 119 119 113 108 102 100 97 96 99 92 83 79 76 73 68 66 63 58 54 52 49 48 47 44 42 39 36 34 32 30 28 26 25 23 22 21 21 20 20 19 19 19 19 19 18 17 17 17 17 16 16 16
156 156 152 157 156 156 153 154 153 153 154 153 156 158 152 150 157 156 156 156 154 151 151 149 152 151 147 143 142 141 143 145 140 138 136 131 129 128 126 126 127 122 121 117 116 113 108 109 100 96 91 87 84 80 77 73 70 67 64 59 57 53 50 49 48 46 44 41 39 36 34 32 30 28 26 24 24 22 21 21 20 20 19 19 19 19 19 18 18 17 17 17 17 16 16
154 156 157 157 158 155 158 155 153 155 158 158 158 156 158 157 154 149 143 145 151 152 155 154 153 152 151 148 144 144 140 141 142 143 142 140 135 129 126 123 120 120 122 118 119 112 110 108 101 96 92 86 82 79 75 72 68 64 62 58 54 51 49 49 47 45 43 41 39 36 34 32 30 28 26 25 24 23 22 21 21 20 20 19 19 19 22 20 18 18 17 17 17 17 16
153 155 157 157 156 158 159 159 158 153 153 159 154 157 158 158 158 155 137 134 125 139 125 139 149 153 152 152 151 149 144 144 141 141 140 141 135 135 129 123 121 117 117 116 115 111 109 111 101 98 99 89 82 78 73 70 67 63 60 57 54 50 49 48 46 44 42 41 39 36 34 32 30 28 27 26 24 23 22 22 21 21 20 20 19 19 19 19 18 18 18 18 17 17 17
154 154 156 158 158 158 159 159 159 154 156 158 158 155 158 159 158 158 158 149 131 131 129 126 122 119 139 146 150 150 150 148 147 144 140 141 142 133 132 125 123 124 120 114 112 110 107 110 104 102 95 88 82 78 73 69 65 61 58 55 53 49 48 47 44 43 41 40 39 37 34 32 30 29 27 26 25 24 23 22 22 21 20 20 20 20 19 19 19 18 18 18 18 17 17
156 153 154 158 158 159 159 156 159 160 159 157 160 160 159 146 158 159 158 159 158 158 156 156 143 122 112 112 125 140 147 147 149 147 144 144 142 141 137 131 132 126 125 122 114 111 106 103 101 96 92 90 89 77 73 69 64 60 58 54 51 49 47 45 43 42 41 40 39 36 35 32 30 29 28 26 25 24 23 23 22 21 21 21 20 20 20 19 19 19 18 18 18 18 18
148 153 156 158 159 159 159 160 156 160 160 159 156 159 161 149 158 160 160 158 158 158 157 156 158 155 152 126 105 110 121 133 124 148 147 144 142 144 143 141 137 134 135 130 128 120 106 105 98 94 88 86 90 84 71 67 63 61 58 54 51 48 46 44 43 41 41 39 37 37 35 33 31 29 28 27 26 25 24 23 23 22 21 21 21 20 20 20 19 19 19 19 18 18 18
147 147 158 157 159 159 159 160 160 159 160 160 160 156 159 161 161 160 158 160 159 157 157 156 156 156 157 153 142 133 122 115 124 143 148 142 137 143 142 130 135 134 132 128 127 124 120 115 102 88 86 94 99 94 75 66 62 59 56 52 50 47 45 43 42 41 39 38 37 37 35 33 31 30 29 27 26 25 25 24 23 23 22 22 21 21 20 20 20 20 19 19 19 19 18
147 151 157 157 158 159 160 160 157 161 159 160 161 157 157 160 161 162 159 157 160 158 157 157 158 159 157 155 146 140 134 124 124 109 109 108 112 123 115 109 119 117 114 125 125 124 119 116 113 85 82 93 100 97 80 66 61 58 55 51 49 47 45 42 41 39 39 37 37 36 35 34 32 30 29 28 27 26 25 24 24 23 23 22 22 21 21 21 20 20 20 20 19 19 19
145 152 157 158 158 159 160 160 160 162 162 159 160 161 159 158 158 160 148 146 157 162 162 157 157 159 142 132 130 123 109 96 97 97 96 102 109 120 131 140 134 131 128 125 123 120 119 116 113 110 102 76 82 96 83 65 60 56 55 51 49 46 43 41 41 40 39 38 37 36 34 33 32 31 30 28 27 27 26 25 24 24 23 23 22 22 22 21 21 21 20 20 20 20 19
149 150 156 158 159 159 161 159 161 162 160 161 160 162 163 160 158 158 161 162 163 161 163 158 157 158 160 124 110 100 93 95 97 95 94 94 101 113 128 135 139 138 135 129 125 120 117 116 113 110 107 87 71 70 65 63 59 56 53 50 48 45 44 42 41 40 38 38 37 35 33 33 32 31 30 29 28 27 26 26 25 24 24 23 23 22 22 22 21 21 21 21 20 20 20
146 149 152 158 160 159 160 161 162 161 163 163 163 162 159 164 158 159 156 159 158 159 158 158 157 158 159 161 148 135 120 119 112 104 108 107 119 132 139 142 137 140 134 130 128 120 119 115 114 101 107 90 73 66 63 61 60 55 52 50 47 45 43 42 40 38 38 37 36 35 33 32 32 31 30 29 28 28 27 26 26 25 24 24 23 23 23 22 22 22 21 21 21 21 20
146 147 146 153 153 158 160 161 157 163 162 163 164 160 164 161 162 160 160 165 163 156 162 158 158 159 158 156 162 159 151 138 132 122 114 105 121 134 140 146 142 137 129 133 127 124 112 113 109 100 105 98 77 66 62 59 58 55 50 50 48 44 41 40 39 38 38 37 35 35 33 32 32 31 30 29 28 28 27 27 26 26 25 25 24 24 23 23 23 22 22 22 21 21 21
153 147 150 147 158 158 161 159 161 159 161 163 164 165 153 161 165 164 164 166 162 152 148 135 156 162 163 164 156 140 134 127 117 109 104 104 108 116 135 147 144 141 131 128 123 122 118 107 98 86 90 104 95 72 62 59 55 53 50 47 46 45 41 39 39 38 37 36 36 35 33 32 31 31 30 29 28 28 27 27 27 26 26 25 25 24 24 24 23 23 23 22 22 22 21
148 148 145 155 157 158 151 152 158 161 162 164 164 165 165 154 164 164 165 166 154 142 138 116 124 115 118 132 127 109 107 109 110 109 109 106 106 108 116 130 116 127 137 128 121 119 113 110 94 84 88 91 96 76 62 58 55 51 49 46 44 43 40 39 39 38 36 36 35 35 33 32 31 31 30 29 28 28 28 27 27 26 26 26 25 24 24 24 24 23 23 23 22 22 22
146 149 142 145 156 157 150 143 143 158 160 162 165 165 166 166 166 164 166 160 153 148 146 139 135 120 119 122 119 110 109 109 109 110 109 106 107 106 111 112 118 125 138 133 123 118 113 110 106 85 77 74 70 81 65 61 56 53 51 47 42 41 39 38 39 38 36 35 35 34 33 32 31 30 29 29 28 28 28 27 27 26 26 26 25 25 24 24 24 23 23 23 23 22 22
148 150 154 145 148 145 145 143 143 157 157 159 165 165 166 166 167 167 167 168 164 168 159 137 139 133 151 151 137 127 114 110 116 115 110 112 102 102 102 99 99 122 122 121 130 125 114 109 105 103 103 92 80 92 95 64 57 54 51 49 45 41 41 38 37 38 35 35 35 34 33 32 31 30 30 29 29 29 28 27 27 27 26 26 25 25 25 24 24 24 23 23 23 23 22
148 149 151 142 144 143 144 143 147 144 155 155 153 159 166 157 163 166 168 167 165 162 166 153 148 147 157 167 152 148 140 121 135 143 129 134 126 126 109 105 105 108 114 117 125 127 113 109 106 101 94 98 94 86 90 68 59 54 52 50 45 43 41 39 37 37 36 35 34 33 33 32 31 30 30 30 29 29 28 28 27 27 27 26 26 25 25 25 24 24 24 23 23 23 23
140 149 145 142 142 151 148 146 146 145 144 146 158 157 156 155 154 154 158 155 163 168 169 170 170 165 162 157 154 160 164 164 152 161 145 145 153 138 127 124 122 120 119 122 124 112 111 110 105 98 99 92 84 93 79 65 62 55 53 49 47 45 41 39 37 36 36 34 33 33 33 32 32 31 30 29 29 29 29 28 28 27 27 26 26 26 25 25 25 24 24 24 23 23 23
139 140 144 149 145 142 150 143 146 149 146 148 155 165 164 166 162 155 159 153 154 161 152 155 152 151 154 156 159 165 159 159 158 161 160 159 156 155 145 127 123 128 129 132 116 113 109 106 105 96 90 83 79 72 85 71 61 62 53 52 48 46 42 41 38 36 36 34 34 33 32 32 32 31 30 30 29 29 29 28 28 28 27 27 26 26 26 25 25 25 24 24 24 24 23
140 140 144 148 145 142 148 148 152 147 146 144 152 155 165 166 165 166 161 156 153 153 151 155 155 168 161 159 161 164 150 148 150 149 151 154 157 154 127 123 121 120 118 135 122 112 106 105 102 85 83 78 74 70 71 65 65 66 55 51 49 46 44 41 39 37 36 35 34 33 32 32 32 31 30 30 29 29 29 29 29 28 28 27 27 26 26 26 25 25 25 24 24 24 24
143 139 139 143 150 152 149 148 153 151 151 147 146 155 157 156 161 166 160 155 152 151 151 162 169 162 159 151 150 149 158 154 151 161 157 132 138 145 142 143 145 139 131 134 125 111 101 90 95 94 77 74 73 73 66 62 66 61 56 51 48 46 44 42 39 37 36 35 34 33 33 32 32 31 30 30 30 29 29 29 29 28 28 28 27 27 26 26 26 25 25 25 25 24 24
144 144 139 139 144 151 151 151 149 155 155 154 149 149 153 154 157 163 165 168 154 154 152 151 152 152 151 161 158 151 153 164 141 135 154 156 148 140 141 139 138 132 130 129 130 125 123 108 89 92 77 75 70 67 67 62 59 56 60 52 49 46 44 42 39 38 37 36 35 34 33 32 32 31 31 30 30 30 30 29 29 29 28 28 28 27 27 27 26 26 26 25 25 25 24
