wc0.5/Cropped/bio18_28.asc
NCOLS 282 
NROWS 470 
XLLCORNER 79.525 
YLLCORNER 5.91666666666667 
CELLSIZE 0.00833333333333331 
NODATA_value -32768 
[rows 380 to 417 of 470, columns 87 to 173 of 282]
1209 1054 1168 1233 1213 1230 1143 1233 1116 1224 1125 1129 1097 1089 1089 1072 1120 1078 1102 1039 1032 1024 1063 1082 1082 1068 1060 1051 1033 1071 1070 1072 1062 1023 952 954 930 1003 930 919 863 837 833 874 830 810 789 836 821 826 841 813 800 784 803 765 757 753 732 721 712 703 692 682 672 662 651 644 636 622 598 567 553 528 530 465 454 446 436 428 440 452 442 452 472 479 465
1234 1213 1175 1224 1207 1166 1227 1191 1201 1191 1220 1120 1137 1101 1078 1090 1066 1137 1101 1108 1065 1051 1021 1092 1134 1132 1104 1082 1054 1018 1060 1059 1025 1010 1044 991 935 947 971 978 940 853 798 769 762 750 744 753 793 823 839 820 789 777 766 758 748 736 732 717 711 703 689 678 669 659 653 642 635 618 611 599 557 556 549 461 446 439 432 425 439 418 417 442 472 484 491
1214 1232 1233 1233 1227 1165 1173 1142 1226 1052 1218 1150 1102 1118 1118 1095 1067 1078 1122 1111 1105 1033 1023 1052 1137 1061 1037 1112 1057 1021 1009 1000 1029 1002 1004 1024 1001 976 973 935 913 957 942 850 817 784 744 736 744 775 793 822 780 772 759 751 748 732 724 716 703 695 685 677 667 657 649 645 626 622 620 604 571 564 564 464 441 433 426 422 415 416 412 425 435 460 498
1207 1202 1216 1186 1222 1215 1165 1164 1211 1152 1136 1214 1149 1094 1137 1104 1069 1060 1147 1097 1138 1098 1023 1017 1083 1119 963 963 1055 1063 1015 999 988 998 983 982 1013 1007 1033 973 969 964 952 949 915 855 818 870 855 843 807 839 837 803 776 746 737 728 726 710 708 696 684 675 666 655 645 636 632 626 606 596 575 564 538 444 437 429 423 418 412 407 405 407 400 402 394
1183 1210 1231 1220 1199 1197 1211 1152 1192 1216 930 1102 1191 1096 1089 1182 1107 1062 1105 1105 1137 1144 1103 1094 1002 1019 1107 1052 983 1062 1067 1037 990 974 964 956 960 977 993 928 971 923 913 933 925 888 903 869 884 876 864 856 825 805 790 747 735 725 717 723 702 694 688 672 663 653 644 644 637 632 607 587 574 563 510 440 432 427 418 412 406 403 400 396 392 392 400
1152 1152 1194 1171 1159 1204 1189 1207 1150 1213 1160 912 1087 1191 1103 1159 1153 1146 1085 1072 1101 1134 1090 1086 1018 1034 1029 1092 1091 943 964 1027 1056 1023 974 960 941 931 969 979 939 915 901 910 895 886 904 883 876 867 816 810 801 790 764 745 735 726 719 708 697 693 682 675 666 653 652 646 636 629 601 588 576 572 520 435 427 421 416 409 404 398 396 391 390 386 406
1215 1226 1220 1202 1178 1219 1217 1217 1147 1148 1210 1103 1038 1182 1172 1162 1176 1161 1116 1051 1049 1042 1092 1123 1029 993 990 1026 1053 1079 929 950 967 1042 997 976 937 941 931 931 916 903 899 890 876 856 855 869 859 827 822 810 754 764 776 756 738 725 719 712 696 689 677 668 661 658 651 636 621 611 602 584 588 559 440 432 424 417 414 409 404 396 392 391 384 381 417
1227 1225 1222 1207 1224 1211 1217 1217 1211 1189 1154 1203 1034 1055 1167 1160 1119 1158 1125 1090 1080 1045 1083 1068 1045 1083 1098 984 1009 1036 1053 1055 1028 1017 1030 978 964 964 951 942 917 910 886 871 862 860 851 868 866 872 861 788 791 759 751 761 748 727 720 718 699 686 677 668 658 647 639 630 618 606 593 586 592 453 435 427 420 416 414 408 402 397 391 387 379 375 370
1212 1225 1225 1223 1217 1215 1216 1204 1211 1175 1202 1168 1151 955 1094 1173 1129 1113 1143 1104 1053 1037 1025 1021 1023 997 1029 983 972 1003 979 1043 1038 1009 997 986 953 944 932 942 941 937 877 874 882 878 875 891 882 872 863 807 774 833 821 810 800 723 731 717 697 687 677 667 655 647 636 624 614 603 593 590 562 445 431 424 418 414 407 403 397 391 387 381 373 367 364
1204 1223 1223 1221 1220 1200 1211 1153 1209 1194 1150 1177 1194 1174 1105 1077 1169 1111 1101 1114 1103 1073 1029 1026 1016 997 1047 1031 1009 967 960 1002 1026 1018 1012 972 966 960 932 955 948 918 875 883 860 885 888 880 875 872 858 790 830 798 775 761 754 740 715 704 694 688 675 564 628 691 531 597 626 592 500 486 452 435 427 420 414 406 401 398 392 387 383 375 367 367 366
1181 1222 1221 1216 1214 1198 1214 1160 1204 1204 1167 1195 1185 1169 1181 1163 1143 1152 1150 1092 1132 1130 1085 1028 1008 1002 994 1060 1050 1024 1004 973 962 959 972 975 966 920 915 898 899 881 869 907 898 856 856 852 865 861 851 805 820 832 824 814 796 775 765 766 728 622 672 560 640 627 616 606 595 478 465 461 444 551 424 417 409 402 399 395 387 383 380 371 362 359 357
1166 1192 1203 1160 1216 1214 1211 1203 1158 1200 1183 1193 1189 1184 1176 1164 1141 1117 1097 1149 1084 1093 1117 1098 1071 1013 997 1028 992 998 994 1020 997 952 979 931 954 947 929 902 897 881 895 903 900 886 867 858 853 845 861 821 790 834 822 807 747 731 716 697 749 686 611 573 641 627 617 608 594 580 461 565 439 428 422 414 410 403 395 390 380 379 372 372 359 354 352
1126 1123 1211 1215 1209 1207 1200 1149 1177 1166 1194 1179 1185 1181 1173 1170 1165 1160 1106 1100 1132 1077 1087 1103 1108 1097 1064 1004 1007 1051 1047 1041 1037 1018 1021 1009 994 992 961 915 924 904 892 883 903 904 891 879 864 859 835 850 838 758 809 789 741 732 785 708 694 673 719 666 647 632 531 613 597 583 458 560 552 543 416 409 405 397 391 384 377 372 367 362 354 349 349
1123 1130 1186 1202 1212 1208 1200 1204 1179 1162 1193 1188 1180 1178 1165 1149 1150 1157 1150 1135 1077 1122 1120 1062 1105 1083 1090 1077 1064 1037 1058 1046 1031 1030 1015 1006 1017 987 974 924 919 910 917 908 901 871 879 885 880 857 826 787 806 777 770 772 785 779 786 775 762 675 700 582 639 633 652 603 482 472 571 562 431 539 411 407 401 394 386 378 371 367 360 356 350 346 344
1161 1123 1123 1146 1200 1202 1186 1194 1181 1176 1163 1183 1181 1177 1171 1163 1120 1153 1146 1141 1125 1062 1113 1101 1097 1052 1042 1064 1073 1051 1028 1044 1035 1026 1010 1008 983 989 971 951 910 915 901 895 918 891 878 868 874 846 803 777 769 746 735 763 786 786 715 706 677 699 623 560 642 634 626 491 474 576 567 438 426 417 411 403 394 389 383 374 369 362 356 352 346 342 338
1149 1127 1118 1198 1154 1187 1201 1199 1194 1182 1170 1180 1175 1171 1167 1161 1152 1151 1142 1137 1130 1123 1078 1110 1070 1059 1076 1053 1037 1061 1047 1015 1006 999 996 1003 999 990 975 958 928 905 896 906 906 910 899 885 881 870 862 789 771 743 728 718 713 774 711 782 691 660 654 668 634 627 502 487 581 454 444 432 421 413 407 400 395 387 378 373 365 358 352 347 343 339 337
1133 1154 1117 1159 1203 1195 1197 1195 1189 1189 1185 1180 1175 1167 1164 1159 1154 1147 1140 1132 1126 1121 1115 1107 1098 1057 1048 1077 1034 988 1047 1043 1031 999 990 976 987 984 975 962 935 902 907 900 892 896 884 889 861 871 850 790 790 755 729 712 698 691 725 667 701 648 637 653 623 618 494 587 570 447 551 424 416 410 404 399 391 385 375 369 361 356 348 344 340 337 335
1117 1156 1162 1119 1202 1200 1158 1180 1168 1157 1182 1134 1170 1164 1159 1156 1150 1144 1136 1132 1126 1064 1083 1104 1097 1073 1044 1049 1056 1059 1048 1037 1025 1024 1000 979 977 974 973 968 936 904 908 898 887 877 875 864 859 844 827 802 800 770 741 710 694 683 683 705 678 645 631 622 612 599 591 583 565 442 434 421 415 408 400 395 388 379 372 366 359 352 346 341 338 335 334
1111 1123 1140 1165 1175 1193 1188 1190 1169 1132 1178 1159 1164 1160 1158 1154 1146 1141 1135 1127 1123 1111 971 953 1069 1060 1074 1070 1064 1051 1044 1030 1026 1024 1005 981 966 959 970 968 948 929 919 889 872 862 850 848 851 820 818 794 785 765 740 744 695 681 667 655 645 635 624 613 601 595 583 462 452 436 426 419 529 408 399 390 385 377 368 362 355 348 344 341 336 332 330
1113 1114 1162 1200 1197 1193 1192 1181 1182 1116 1158 1153 1157 1161 1149 1151 1141 1139 1131 1115 1060 1114 1101 1053 992 945 902 972 968 987 1027 1039 1031 1021 1014 1002 979 974 951 949 949 946 942 927 903 869 848 829 811 812 816 795 798 758 748 738 699 682 671 653 641 630 527 515 595 584 473 459 445 540 423 419 526 519 394 387 382 375 366 358 351 348 343 338 333 331 329
1113 1107 1164 1186 1194 1186 1188 1174 1182 1174 1123 1161 1163 1146 1144 1123 1139 1132 1125 1120 984 1017 1057 1093 1078 995 902 842 848 880 845 916 952 990 985 1005 998 989 965 958 942 938 927 925 900 895 863 830 817 794 790 784 773 754 743 747 702 694 703 666 559 629 613 603 591 580 466 457 442 534 420 531 408 512 391 504 381 373 364 356 349 344 340 335 331 327 325
1122 1102 1174 1175 1181 1190 1186 1182 1177 1174 1167 1157 1141 1098 1140 1132 1110 1129 1127 1121 1025 987 1019 1053 1086 1076 1065 984 869 870 860 847 830 817 884 933 981 988 981 975 965 947 925 925 928 882 871 837 823 824 804 773 760 745 729 743 714 714 686 665 642 629 612 599 587 572 462 449 440 423 417 413 400 394 388 383 378 373 363 355 347 342 337 332 329 328 325
1107 1107 1111 1170 1174 1183 1173 1174 1166 1171 1167 1115 1097 1108 1097 1142 1117 1100 1117 1117 1086 1046 1026 901 1010 1070 1068 1056 1024 1023 998 998 927 825 790 789 832 903 940 944 968 959 940 939 924 918 888 862 860 829 822 805 767 750 723 707 702 688 678 595 674 628 612 602 581 571 562 550 537 529 522 407 398 390 385 380 375 367 363 353 344 339 335 330 326 326 322
1133 1108 1127 1151 1155 1168 1168 1168 1156 1166 1163 1145 1089 1131 1105 1067 1132 1103 1102 1113 1108 1101 1066 965 1000 1059 1045 1060 1054 1047 1041 1035 1024 982 959 834 762 774 808 853 814 937 953 936 926 922 889 909 887 867 877 870 828 784 720 715 691 681 663 655 682 574 608 592 579 571 461 548 432 524 410 402 394 389 384 377 369 365 361 351 344 337 331 328 327 324 321
1140 1116 1135 1140 1147 1160 1161 1142 1149 1140 1142 1153 1126 1114 1125 1097 1102 1123 1108 1107 1100 1097 1090 1071 1034 1015 988 1013 1051 1047 1040 1033 1028 1021 1012 979 901 853 804 779 807 892 942 882 854 910 872 810 825 844 838 824 859 786 805 776 710 656 655 616 663 633 622 497 574 468 553 438 430 417 406 503 391 386 376 371 369 364 358 353 343 336 330 325 323 320 317
1112 1096 1093 1134 1152 1144 1144 1134 1140 1153 1146 1151 1145 1123 1104 1102 982 1086 1112 1101 1088 1093 1088 1080 1066 1030 998 1010 1005 1045 1039 1032 1029 1020 984 969 916 886 852 806 805 751 745 740 748 782 749 726 755 744 731 790 812 796 851 842 737 648 636 615 682 668 646 587 570 558 548 434 424 415 404 394 388 379 375 476 366 360 354 349 342 336 328 323 321 317 314
1166 1120 1112 1091 1108 1147 1156 1132 1126 1152 1151 1144 1140 1127 1035 1105 1096 1056 1066 1103 1093 1083 1085 1078 1070 1066 910 897 973 1039 1026 1031 1024 990 892 841 832 802 755 719 717 712 705 717 734 769 811 870 836 826 803 793 749 787 789 776 761 794 732 618 642 657 659 581 566 455 450 434 422 412 500 493 385 380 375 479 363 357 350 346 340 334 329 321 319 314 311
1172 1122 1092 1104 1134 1122 1165 1140 1142 1143 1147 1130 1115 1116 1076 1006 1085 1074 1099 1086 1092 1076 1033 1074 1068 1060 1058 1051 1021 994 1027 1029 1024 1021 1018 807 760 730 712 712 712 705 696 692 708 740 793 838 864 903 893 830 813 793 778 776 809 746 717 660 599 599 579 574 468 547 538 430 517 407 398 392 385 378 372 368 363 355 347 343 337 334 327 321 316 313 310
1174 1112 1094 1127 1117 1117 1127 1137 1125 1131 1137 1131 1057 1112 1095 1058 1058 1091 1061 1066 1039 1073 1079 1054 1063 1061 1046 1048 1043 1039 1033 1027 1021 1018 1017 1009 913 843 781 775 749 725 731 724 762 807 858 878 860 862 846 830 841 784 790 773 751 718 719 677 607 500 573 565 560 544 531 526 513 504 395 391 379 373 371 366 359 352 342 337 334 331 325 320 314 310 308
1102 1107 1102 1128 1090 1116 1125 1145 1120 1117 1105 1132 1125 1115 1091 1074 960 1042 1069 1047 1031 983 1048 1067 1061 1058 1054 1019 1044 966 994 1025 1020 1018 1012 1001 1019 979 917 850 818 777 746 715 764 815 905 891 903 871 818 827 819 772 750 769 694 712 697 649 620 580 565 556 463 541 523 520 513 401 385 381 376 370 367 361 354 350 342 335 333 330 321 316 312 310 308
1162 1095 1097 1095 1117 1088 1116 1130 1142 1112 1118 1100 1111 1119 1038 1097 1083 982 1077 1067 1036 1037 951 985 1031 1049 1049 1021 989 937 906 846 951 996 1006 1009 954 862 828 800 759 730 714 710 719 740 835 892 877 865 827 813 798 805 736 730 693 645 596 709 637 601 481 553 451 530 520 415 409 404 388 375 375 371 361 356 353 348 341 332 328 326 321 312 311 309 305
1138 1155 1121 1123 1086 1090 1090 1111 1120 1110 1092 1125 1115 1098 1097 1094 1099 1075 1008 1037 1057 1042 1034 935 1000 1003 1010 1035 937 877 856 770 794 765 771 821 800 739 732 732 735 727 722 714 708 710 733 808 727 810 851 815 783 779 756 746 671 633 654 677 641 538 561 548 448 521 424 412 401 394 381 375 373 366 359 450 349 348 337 331 325 324 319 310 308 305 304
1111 1155 1149 1110 1140 1096 1091 1085 1101 1113 1066 1075 1116 1111 1085 1042 1036 1090 1078 1064 1039 1038 1031 1031 1021 993 1013 965 927 904 889 854 837 777 772 778 768 740 734 731 729 727 721 710 708 703 714 712 727 792 851 864 798 726 756 749 736 636 608 598 586 558 567 475 535 439 429 413 393 475 377 371 372 366 355 348 441 343 335 331 321 318 313 309 306 305 304
1118 1101 1145 1079 1139 1063 1074 1058 1108 1113 1118 1074 1082 1060 1057 1039 1034 1085 1079 1071 1020 1017 1035 1032 1021 1029 1007 1029 1036 1019 954 843 853 824 905 905 835 793 745 729 745 740 720 723 690 686 683 670 667 739 780 782 822 784 762 742 728 727 670 611 625 620 665 481 452 524 427 419 401 475 469 368 364 362 351 347 345 338 335 328 320 316 312 308 307 304 300
1118 1124 1138 1077 1136 1077 1059 1050 1105 1102 1107 1049 1057 1043 1043 1034 1051 1026 1070 1065 1054 1057 1018 1046 1044 998 1016 1033 1033 970 993 918 894 886 949 1003 930 905 843 761 815 878 784 814 766 764 701 686 682 685 701 733 809 849 705 739 731 712 614 715 628 585 612 497 460 441 429 418 487 390 381 368 359 356 349 345 340 332 331 325 321 313 310 309 304 302 298
1103 1115 1127 1108 1127 1102 1056 1044 1049 1097 1069 1043 1039 1081 1061 1046 1036 1028 1019 1026 1057 1052 1044 1032 1025 1017 1027 1013 1030 1029 1024 1016 1017 1017 991 988 972 996 1008 992 928 982 930 897 921 864 791 761 737 728 753 797 806 734 691 688 724 632 641 606 637 626 546 558 468 522 512 496 487 480 379 367 358 351 347 339 334 331 327 323 323 314 308 304 300 302 299
1082 1092 1121 1092 1112 1110 1083 1036 1034 1039 1058 1079 1050 1030 1069 1026 1036 1044 1025 1030 1048 1033 1038 1030 1036 1021 1026 998 1004 1018 982 990 976 969 976 982 990 1008 987 986 977 992 987 965 964 920 891 809 787 820 826 847 743 736 723 668 662 678 650 559 606 582 579 509 542 545 510 423 489 397 381 373 359 350 345 417 335 327 323 321 321 312 306 302 301 301 298
1072 1096 1117 1112 1101 1072 1081 1084 1038 1033 1053 1067 1048 1024 1053 1045 1059 1029 1017 1006 1037 1040 1030 1027 986 1026 1024 1012 995 989 976 988 984 1017 999 989 996 1005 943 930 936 932 937 940 943 916 802 776 766 772 762 831 742 732 705 708 701 563 616 594 583 566 573 549 477 558 510 496 485 395 386 373 359 349 342 335 408 326 320 318 316 310 306 301 298 295 296
