wc0.5/Cropped/bio14_28.asc
NCOLS 282 
NROWS 470 
XLLCORNER 79.525 
YLLCORNER 5.91666666666667 
CELLSIZE 0.00833333333333331 
NODATA_value -32768 
[rows 252 to 293 of 470, columns 0 to 94 of 282]
-32768 -32768 -32768 -32768 -32768 -32768 -32768 -32768 -32768 -32768 -32768 -32768 -32768 -32768 -32768 -32768 -32768 -32768 -32768 -32768 -32768 -32768 -32768 -32768 -32768 -32768 -32768 -32768 -32768 -32768 -32768 -32768 -32768 36 36 37 37 38 40 41 42 43 43 43 43 43 43 43 43 43 44 44 44 45 45 46 46 46 46 46 46 44 44 43 43 43 41 41 40 40 41 41 41 41 41 41 42 43 43 43 44 44 44 45 45 46 46 46 46 46 47 47 47 47 48
-32768 -32768 -32768 -32768 -32768 -32768 -32768 -32768 -32768 -32768 -32768 -32768 -32768 -32768 -32768 -32768 -32768 -32768 -32768 -32768 -32768 -32768 -32768 -32768 -32768 -32768 -32768 -32768 -32768 -32768 -32768 -32768 -32768 36 36 37 38 38 39 40 42 43 43 43 43 43 43 43 43 44 44 44 45 45 45 46 46 46 46 46 46 45 45 44 44 43 43 42 42 41 41 41 42 42 42 43 43 44 45 45 45 46 46 46 47 47 47 47 48 48 48 48 49 49 49
-32768 -32768 -32768 -32768 -32768 -32768 -32768 -32768 -32768 -32768 -32768 -32768 -32768 -32768 -32768 -32768 -32768 -32768 -32768 -32768 -32768 -32768 -32768 -32768 -32768 -32768 -32768 -32768 -32768 -32768 -32768 -32768 -32768 36 37 37 38 38 39 40 41 43 43 43 43 43 43 44 44 44 44 44 45 45 45 45 46 46 47 47 47 46 46 45 44 44 44 44 43 43 43 43 43 44 44 44 45 45 46 47 47 48 47 47 48 48 49 49 49 49 49 50 50 50 50
-32768 -32768 -32768 -32768 -32768 -32768 -32768 -32768 -32768 -32768 -32768 -32768 -32768 -32768 -32768 -32768 -32768 -32768 -32768 -32768 -32768 -32768 -32768 -32768 -32768 -32768 -32768 -32768 -32768 -32768 -32768 -32768 -32768 36 37 37 38 38 40 41 40 42 43 43 43 44 44 44 44 44 44 45 45 45 45 46 46 46 47 47 48 48 46 46 47 47 46 46 46 45 46 46 46 46 46 46 47 47 48 48 49 49 49 49 50 50 50 51 52 51 51 51 51 51 51
-32768 -32768 -32768 -32768 -32768 -32768 -32768 -32768 -32768 -32768 -32768 -32768 -32768 -32768 -32768 -32768 -32768 -32768 -32768 -32768 -32768 -32768 -32768 -32768 -32768 -32768 -32768 -32768 -32768 -32768 -32768 -32768 -32768 36 37 37 38 39 39 40 42 43 44 44 44 44 44 44 44 44 45 45 45 45 45 46 46 47 47 48 48 49 48 47 48 47 47 47 47 47 46 46 46 47 47 47 48 48 49 50 50 50 51 51 51 52 52 52 53 52 52 52 53 53 53
-32768 -32768 -32768 -32768 -32768 -32768 -32768 -32768 -32768 -32768 -32768 -32768 -32768 -32768 -32768 -32768 -32768 -32768 -32768 -32768 -32768 -32768 -32768 -32768 -32768 -32768 -32768 -32768 -32768 -32768 -32768 -32768 -32768 37 37 38 38 38 39 39 40 43 44 44 44 44 44 44 44 45 45 45 45 45 46 46 47 47 48 48 48 49 49 48 48 48 48 48 47 47 48 48 48 48 48 49 50 50 50 51 51 52 52 53 53 53 54 54 54 54 54 54 54 54 55
-32768 -32768 -32768 -32768 -32768 -32768 -32768 -32768 -32768 -32768 -32768 -32768 -32768 -32768 -32768 -32768 -32768 -32768 -32768 -32768 -32768 -32768 -32768 -32768 -32768 -32768 -32768 -32768 -32768 -32768 -32768 -32768 -32768 37 37 38 38 38 39 40 40 41 42 43 44 44 44 44 44 45 45 45 45 46 46 46 47 47 48 48 49 49 50 50 50 49 50 49 49 50 50 50 50 50 50 51 51 52 51 52 53 54 54 54 55 55 56 55 56 55 55 56 56 56 56
-32768 -32768 -32768 -32768 -32768 -32768 -32768 -32768 -32768 -32768 -32768 -32768 -32768 -32768 -32768 -32768 -32768 -32768 -32768 -32768 -32768 -32768 -32768 -32768 -32768 -32768 -32768 -32768 -32768 -32768 -32768 -32768 -32768 -32768 37 38 38 38 39 39 40 41 42 43 44 44 44 44 45 45 45 45 46 46 46 47 47 48 48 48 49 49 50 50 51 51 51 51 51 51 52 52 52 52 52 53 53 54 54 53 54 54 55 56 56 57 58 57 58 57 57 57 58 57 57
-32768 -32768 -32768 -32768 -32768 -32768 -32768 -32768 -32768 -32768 -32768 -32768 -32768 -32768 -32768 -32768 -32768 -32768 -32768 -32768 -32768 -32768 -32768 -32768 -32768 -32768 -32768 -32768 -32768 -32768 -32768 -32768 -32768 -32768 38 38 38 39 39 40 40 41 42 43 44 44 44 45 45 45 45 46 46 46 47 47 47 48 48 49 49 49 50 51 51 51 52 53 53 53 53 53 54 54 54 55 55 56 55 56 56 56 56 57 58 58 59 59 59 59 59 58 59 59 59
-32768 -32768 -32768 -32768 -32768 -32768 -32768 -32768 -32768 -32768 -32768 -32768 -32768 -32768 -32768 -32768 -32768 -32768 -32768 -32768 -32768 -32768 -32768 -32768 -32768 -32768 -32768 -32768 -32768 -32768 -32768 -32768 -32768 -32768 38 38 38 39 39 39 40 41 42 44 44 45 45 45 45 45 46 46 46 47 47 47 48 48 48 49 49 50 50 51 51 52 53 53 53 54 54 54 55 56 56 56 56 57 57 57 58 58 59 59 59 60 60 61 61 61 61 60 61 61 60
-32768 -32768 -32768 -32768 -32768 -32768 -32768 -32768 -32768 -32768 -32768 -32768 -32768 -32768 -32768 -32768 -32768 -32768 -32768 -32768 -32768 -32768 -32768 -32768 -32768 -32768 -32768 -32768 -32768 -32768 -32768 -32768 -32768 -32768 38 39 39 39 39 40 40 41 43 44 44 45 45 45 45 46 46 46 47 47 47 48 48 48 49 49 50 50 50 51 51 52 53 53 54 55 55 56 56 57 57 57 58 58 58 59 59 59 59 60 60 60 61 61 61 62 62 62 62 62 62
-32768 -32768 -32768 -32768 -32768 -32768 -32768 -32768 -32768 -32768 -32768 -32768 -32768 -32768 -32768 -32768 -32768 -32768 -32768 -32768 -32768 -32768 -32768 -32768 -32768 -32768 -32768 -32768 -32768 -32768 -32768 -32768 -32768 39 39 39 39 39 40 40 41 42 42 44 45 45 45 46 46 46 46 47 47 47 48 48 49 48 49 49 50 50 51 51 52 52 53 54 54 55 55 56 57 57 57 58 58 58 59 59 59 59 60 60 60 61 61 61 62 62 62 63 63 63 64
-32768 -32768 -32768 -32768 -32768 -32768 -32768 -32768 -32768 -32768 -32768 -32768 -32768 -32768 -32768 -32768 -32768 -32768 -32768 -32768 -32768 -32768 -32768 -32768 -32768 -32768 -32768 -32768 -32768 -32768 -32768 -32768 -32768 40 40 40 40 40 41 41 42 42 43 44 45 46 46 46 46 46 47 47 47 48 48 48 49 49 49 50 50 51 51 52 52 53 53 54 54 55 56 56 57 57 57 58 58 58 59 59 59 60 60 60 61 61 61 62 62 62 63 63 63 64 64
-32768 -32768 -32768 -32768 -32768 -32768 -32768 -32768 -32768 -32768 -32768 -32768 -32768 -32768 -32768 -32768 -32768 -32768 -32768 -32768 -32768 -32768 -32768 -32768 -32768 -32768 -32768 -32768 -32768 -32768 -32768 -32768 -32768 40 41 41 41 42 42 42 43 43 44 45 46 46 46 46 46 47 47 47 48 48 48 49 49 49 50 50 50 51 52 52 52 53 53 54 54 55 56 57 57 57 58 58 58 58 59 59 59 60 60 61 61 61 62 62 62 63 63 63 64 64 67
-32768 -32768 -32768 -32768 -32768 -32768 -32768 -32768 -32768 -32768 -32768 -32768 -32768 -32768 -32768 -32768 -32768 -32768 -32768 -32768 -32768 -32768 -32768 -32768 -32768 -32768 -32768 -32768 -32768 -32768 -32768 -32768 -32768 41 41 42 42 42 43 43 44 44 45 46 46 46 47 47 47 47 47 48 48 48 48 49 49 49 50 50 51 51 52 52 53 53 53 54 55 55 56 57 57 57 58 58 58 59 59 59 60 60 60 61 61 61 62 62 63 63 63 64 64 65 68
-32768 -32768 -32768 -32768 -32768 -32768 -32768 -32768 -32768 -32768 -32768 -32768 -32768 -32768 -32768 -32768 -32768 -32768 -32768 -32768 -32768 -32768 -32768 -32768 -32768 -32768 -32768 -32768 -32768 -32768 -32768 -32768 -32768 42 42 43 43 43 44 44 45 46 47 47 47 47 47 47 47 47 48 48 48 48 49 49 50 50 50 50 51 51 52 52 53 54 54 55 55 56 56 57 57 58 58 58 58 59 59 59 60 60 61 61 61 62 62 63 63 64 64 64 65 65 67
-32768 -32768 -32768 -32768 -32768 -32768 -32768 -32768 -32768 -32768 -32768 -32768 -32768 -32768 -32768 -32768 -32768 -32768 -32768 -32768 -32768 -32768 -32768 -32768 -32768 -32768 -32768 -32768 -32768 -32768 -32768 -32768 43 43 43 43 44 45 45 45 46 47 47 47 48 48 48 48 48 48 48 48 48 49 49 49 50 50 51 51 51 52 52 53 54 54 55 55 56 56 57 57 57 58 58 58 59 59 59 60 60 60 61 61 62 62 62 63 63 64 64 65 65 66 67
-32768 -32768 -32768 -32768 -32768 -32768 -32768 -32768 -32768 -32768 -32768 -32768 -32768 -32768 -32768 -32768 -32768 -32768 -32768 -32768 -32768 -32768 -32768 -32768 -32768 -32768 -32768 -32768 -32768 -32768 -32768 -32768 44 44 44 44 45 45 46 47 47 48 48 48 48 48 48 48 48 48 49 49 49 49 50 50 50 51 51 51 52 52 53 53 54 54 55 55 56 57 57 57 58 58 58 58 59 59 59 60 60 61 61 61 62 62 63 63 64 64 65 65 66 66 67
-32768 -32768 -32768 -32768 -32768 -32768 -32768 -32768 -32768 -32768 -32768 -32768 -32768 -32768 -32768 -32768 -32768 -32768 -32768 -32768 -32768 -32768 -32768 -32768 -32768 -32768 -32768 -32768 -32768 -32768 -32768 -32768 45 45 45 45 46 47 47 48 48 48 49 49 48 49 49 49 49 49 49 49 50 50 50 50 51 51 51 52 52 52 53 53 54 54 55 55 56 57 57 57 58 58 58 59 59 59 60 60 60 61 61 62 62 63 63 64 65 65 65 66 66 67 68
-32768 -32768 -32768 -32768 -32768 -32768 -32768 -32768 -32768 -32768 -32768 -32768 -32768 -32768 -32768 -32768 -32768 -32768 -32768 -32768 -32768 -32768 -32768 -32768 -32768 -32768 -32768 -32768 -32768 -32768 -32768 -32768 45 46 46 46 47 48 48 49 49 49 49 49 49 49 49 49 49 49 50 50 50 50 51 51 51 51 52 52 52 53 53 54 54 55 55 56 56 57 57 58 58 58 58 59 59 59 60 60 61 61 61 62 62 63 63 64 65 65 68 66 67 67 68
-32768 -32768 -32768 -32768 -32768 -32768 -32768 -32768 -32768 -32768 -32768 -32768 -32768 -32768 -32768 -32768 -32768 -32768 -32768 -32768 -32768 -32768 -32768 -32768 -32768 -32768 -32768 -32768 -32768 -32768 -32768 -32768 46 47 47 47 48 48 49 49 49 49 49 49 50 49 49 50 50 50 50 50 50 50 51 51 51 51 52 52 52 53 53 54 54 55 55 56 56 57 57 58 58 58 59 59 59 60 60 60 61 61 62 62 63 63 64 64 65 66 66 67 68 68 69
-32768 -32768 -32768 -32768 -32768 -32768 -32768 -32768 -32768 -32768 -32768 -32768 -32768 -32768 -32768 -32768 -32768 -32768 -32768 -32768 -32768 -32768 -32768 -32768 -32768 -32768 -32768 -32768 -32768 -32768 -32768 -32768 47 48 48 48 48 49 49 49 49 49 50 50 50 50 50 50 50 50 50 50 50 51 51 51 51 52 52 52 53 53 53 54 54 55 55 56 57 57 57 58 58 58 59 59 59 60 60 61 61 61 62 62 63 63 64 65 65 66 67 67 68 69 70
-32768 -32768 -32768 -32768 -32768 -32768 -32768 -32768 -32768 -32768 -32768 -32768 -32768 -32768 -32768 -32768 -32768 -32768 -32768 -32768 -32768 -32768 -32768 -32768 -32768 -32768 -32768 -32768 -32768 -32768 -32768 -32768 48 48 48 48 48 49 49 49 49 49 50 50 50 50 50 50 50 50 51 50 51 51 51 51 51 52 52 52 53 53 54 54 55 55 56 56 57 57 58 58 58 59 59 59 60 60 60 61 61 62 62 63 63 64 64 65 66 66 67 68 69 69 70
-32768 -32768 -32768 -32768 -32768 -32768 -32768 -32768 -32768 -32768 -32768 -32768 -32768 -32768 -32768 -32768 -32768 -32768 -32768 -32768 -32768 -32768 -32768 -32768 -32768 -32768 -32768 -32768 -32768 -32768 -32768 -32768 -32768 48 48 48 49 49 49 49 49 49 50 50 50 50 50 50 50 50 51 51 51 51 51 52 52 52 52 53 53 54 54 55 55 55 56 56 57 57 58 58 58 59 59 59 60 60 60 61 61 62 62 63 63 64 65 65 66 67 67 69 69 70 71
-32768 -32768 -32768 -32768 -32768 -32768 -32768 -32768 -32768 -32768 -32768 -32768 -32768 -32768 -32768 -32768 -32768 -32768 -32768 -32768 -32768 -32768 -32768 -32768 -32768 -32768 -32768 -32768 -32768 -32768 -32768 -32768 -32768 48 48 49 49 49 49 49 49 50 50 50 50 50 50 50 51 51 51 51 51 51 51 52 52 53 53 53 54 54 55 55 55 56 56 57 57 58 58 58 59 59 59 60 60 60 61 61 62 62 62 63 64 64 65 65 66 67 68 69 69 69 70
-32768 -32768 -32768 -32768 -32768 -32768 -32768 -32768 -32768 -32768 -32768 -32768 -32768 -32768 -32768 -32768 -32768 -32768 -32768 -32768 -32768 -32768 -32768 -32768 -32768 -32768 -32768 -32768 -32768 -32768 -32768 -32768 -32768 48 48 49 49 49 49 49 49 50 50 50 50 51 51 51 51 51 51 51 51 51 51 52 52 53 53 53 54 54 55 55 56 56 56 57 58 58 58 58 59 59 59 60 60 60 61 61 62 62 63 63 64 64 65 66 67 67 68 68 69 69 69
-32768 -32768 -32768 -32768 -32768 -32768 -32768 -32768 -32768 -32768 -32768 -32768 -32768 -32768 -32768 -32768 -32768 -32768 -32768 -32768 -32768 -32768 -32768 -32768 -32768 -32768 -32768 -32768 -32768 -32768 -32768 -32768 -32768 48 48 49 49 49 49 49 49 50 50 50 50 51 51 51 51 51 51 51 52 51 52 52 53 53 53 54 54 55 55 56 56 57 57 57 58 58 58 59 59 59 60 60 60 61 61 61 62 62 63 63 64 65 65 66 67 67 68 68 68 68 68
-32768 -32768 -32768 -32768 -32768 -32768 -32768 -32768 -32768 -32768 -32768 -32768 -32768 -32768 -32768 -32768 -32768 -32768 -32768 -32768 -32768 -32768 -32768 -32768 -32768 -32768 -32768 -32768 -32768 -32768 -32768 -32768 -32768 48 48 49 49 49 49 49 50 50 50 50 51 51 51 51 51 51 51 51 51 52 52 53 53 53 54 54 54 55 55 56 56 57 57 58 58 58 59 59 59 59 60 60 60 61 61 61 62 62 63 64 64 65 66 66 67 67 67 67 67 67 68
-32768 -32768 -32768 -32768 -32768 -32768 -32768 -32768 -32768 -32768 -32768 -32768 -32768 -32768 -32768 -32768 -32768 -32768 -32768 -32768 -32768 -32768 -32768 -32768 -32768 -32768 -32768 -32768 -32768 -32768 -32768 -32768 -32768 48 48 48 49 49 49 49 50 50 50 50 51 51 51 51 51 51 51 51 52 52 52 52 53 53 54 54 55 55 56 56 56 57 58 58 58 59 59 59 59 60 60 60 60 61 61 62 62 63 63 64 64 65 66 66 67 67 67 67 67 67 67
-32768 -32768 -32768 -32768 -32768 -32768 -32768 -32768 -32768 -32768 -32768 -32768 -32768 -32768 -32768 -32768 -32768 -32768 -32768 -32768 -32768 -32768 -32768 -32768 -32768 -32768 -32768 -32768 -32768 -32768 -32768 -32768 -32768 48 48 48 49 49 49 49 50 50 50 50 51 51 51 51 51 51 52 52 52 52 52 53 53 53 54 54 55 55 56 56 56 57 58 58 59 59 59 59 60 60 60 60 61 61 61 62 62 63 63 64 65 65 66 66 66 66 66 66 66 66 66
-32768 -32768 -32768 -32768 -32768 -32768 -32768 -32768 -32768 -32768 -32768 -32768 -32768 -32768 -32768 -32768 -32768 -32768 -32768 -32768 -32768 -32768 -32768 -32768 -32768 -32768 -32768 -32768 -32768 -32768 -32768 -32768 -32768 48 48 48 49 49 49 49 50 50 50 51 51 51 51 51 51 52 52 52 53 53 53 53 53 53 54 54 55 55 56 56 57 57 58 59 59 59 59 60 60 60 60 61 61 61 61 62 62 63 63 64 65 65 66 66 66 66 66 66 66 66 66
-32768 -32768 -32768 -32768 -32768 -32768 -32768 -32768 -32768 -32768 -32768 -32768 -32768 -32768 -32768 -32768 -32768 -32768 -32768 -32768 -32768 -32768 -32768 -32768 -32768 -32768 -32768 -32768 -32768 -32768 -32768 -32768 -32768 -32768 48 48 49 49 49 49 50 50 50 51 51 51 51 51 52 52 52 52 52 52 53 53 53 54 54 54 55 55 56 56 57 57 58 59 59 59 60 60 60 60 60 61 61 61 62 62 62 63 64 64 65 66 66 66 66 66 66 66 66 66 66
-32768 -32768 -32768 -32768 -32768 -32768 -32768 -32768 -32768 -32768 -32768 -32768 -32768 -32768 -32768 -32768 -32768 -32768 -32768 -32768 -32768 -32768 -32768 -32768 -32768 -32768 -32768 -32768 -32768 -32768 -32768 -32768 -32768 -32768 48 48 48 49 49 49 50 50 50 51 51 51 51 52 51 52 52 52 52 53 53 53 54 54 54 55 55 55 56 56 57 57 58 59 59 60 60 60 60 60 61 61 61 61 62 62 63 63 64 64 65 66 66 66 66 66 66 66 66 65 65
-32768 -32768 -32768 -32768 -32768 -32768 -32768 -32768 -32768 -32768 -32768 -32768 -32768 -32768 -32768 -32768 -32768 -32768 -32768 -32768 -32768 -32768 -32768 -32768 -32768 -32768 -32768 -32768 -32768 -32768 -32768 -32768 -32768 -32768 48 48 49 49 49 49 50 50 51 51 51 51 51 52 52 52 52 52 52 53 53 53 54 54 54 55 55 55 56 57 57 58 58 59 60 60 60 60 61 61 61 61 61 62 62 62 63 63 64 64 65 66 66 66 66 66 66 66 65 65 65
-32768 -32768 -32768 -32768 -32768 -32768 -32768 -32768 -32768 -32768 -32768 -32768 -32768 -32768 -32768 -32768 -32768 -32768 -32768 -32768 -32768 -32768 -32768 -32768 -32768 -32768 -32768 -32768 -32768 -32768 -32768 -32768 -32768 -32768 48 48 49 49 49 49 50 50 51 51 51 52 51 52 52 52 52 52 52 53 53 54 54 54 54 55 55 56 56 57 57 58 58 59 60 60 61 61 61 61 61 61 62 62 62 62 64 63 64 65 65 66 66 66 66 66 66 66 65 65 65
-32768 -32768 -32768 -32768 -32768 -32768 -32768 -32768 -32768 -32768 -32768 -32768 -32768 -32768 -32768 -32768 -32768 -32768 -32768 -32768 -32768 -32768 -32768 -32768 -32768 -32768 -32768 -32768 -32768 -32768 -32768 -32768 -32768 -32768 -32768 48 48 49 49 49 50 50 51 51 51 51 51 52 51 52 52 52 52 53 53 54 54 54 55 55 56 56 56 57 57 58 59 59 60 61 61 61 61 61 62 62 62 62 62 63 63 64 64 65 65 66 67 66 66 66 66 66 65 65 65
-32768 -32768 -32768 -32768 -32768 -32768 -32768 -32768 -32768 -32768 -32768 -32768 -32768 -32768 -32768 -32768 -32768 -32768 -32768 -32768 -32768 -32768 -32768 -32768 -32768 -32768 -32768 -32768 -32768 -32768 -32768 -32768 -32768 -32768 -32768 48 48 49 49 50 50 50 51 51 51 51 51 52 52 52 52 52 52 53 53 54 54 54 55 55 56 57 57 57 57 58 59 60 60 61 61 62 62 62 62 62 62 62 62 63 63 63 64 65 65 66 67 66 66 66 66 66 65 65 65
-32768 -32768 -32768 -32768 -32768 -32768 -32768 -32768 -32768 -32768 -32768 -32768 -32768 -32768 -32768 -32768 -32768 -32768 -32768 -32768 -32768 -32768 -32768 -32768 -32768 -32768 -32768 -32768 -32768 -32768 -32768 -32768 -32768 -32768 -32768 48 48 49 49 50 50 51 51 51 51 51 51 51 51 52 52 52 52 53 53 54 54 54 55 55 56 57 57 58 58 59 59 60 60 61 62 62 62 62 62 62 62 63 63 64 63 64 64 65 66 67 66 66 66 66 66 66 66 65 65
-32768 -32768 -32768 -32768 -32768 -32768 -32768 -32768 -32768 -32768 -32768 -32768 -32768 -32768 -32768 -32768 -32768 -32768 -32768 -32768 -32768 -32768 -32768 -32768 -32768 -32768 -32768 -32768 -32768 -32768 -32768 -32768 -32768 -32768 -32768 -32768 48 49 49 50 50 51 51 51 51 51 51 51 51 51 51 52 52 53 53 53 54 54 55 55 56 57 57 58 58 59 60 60 61 61 62 63 63 63 63 63 63 63 63 64 63 64 65 65 66 67 66 66 66 66 66 66 66 66 65
-32768 -32768 -32768 -32768 -32768 -32768 -32768 -32768 -32768 -32768 -32768 -32768 -32768 -32768 -32768 -32768 -32768 -32768 -32768 -32768 -32768 -32768 -32768 -32768 -32768 -32768 -32768 -32768 -32768 -32768 -32768 -32768 -32768 -32768 -32768 -32768 48 49 49 50 50 50 50 50 50 50 50 50 50 51 51 51 52 52 53 53 54 54 54 55 57 57 57 58 58 59 60 61 61 61 62 62 63 63 63 64 64 64 64 64 64 65 65 66 67 67 66 66 67 66 66 66 66 66 66
-32768 -32768 -32768 -32768 -32768 -32768 -32768 -32768 -32768 -32768 -32768 -32768 -32768 -32768 -32768 -32768 -32768 -32768 -32768 -32768 -32768 -32768 -32768 -32768 -32768 -32768 -32768 -32768 -32768 -32768 -32768 -32768 -32768 -32768 -32768 -32768 49 49 50 50 50 49 49 49 49 50 50 50 50 50 50 51 52 52 53 53 54 54 54 55 56 56 57 58 58 59 60 61 62 62 62 63 64 64 64 64 64 65 64 65 65 66 66 66 67 68 67 66 67 67 67 66 66 66 66
-32768 -32768 -32768 -32768 -32768 -32768 -32768 -32768 -32768 -32768 -32768 -32768 -32768 -32768 -32768 -32768 -32768 -32768 -32768 -32768 -32768 -32768 -32768 -32768 -32768 -32768 -32768 -32768 -32768 -32768 -32768 -32768 -32768 -32768 -32768 -32768 49 49 50 49 49 49 49 49 49 49 49 49 50 50 51 51 51 52 52 53 53 54 54 55 56 56 56 58 58 59 60 61 62 63 63 63 64 65 65 65 65 65 65 65 66 67 66 68 68 68 68 67 67 67 67 67 66 66 66
