wc0.5/Cropped/bio18_28.asc
NCOLS 282 
NROWS 470 
XLLCORNER 79.525 
YLLCORNER 5.91666666666667 
CELLSIZE 0.00833333333333331 
NODATA_value -32768 
[rows 266 to 303 of 470, columns 174 to 260 of 282]
260 258 256 256 255 253 252 251 251 249 251 251 250 249 250 281 273 260 248 245 185 184 243 241 182 180 181 181 181 180 182 181 181 182 180 178 177 179 177 175 173 173 171 168 171 166 165 165 163 161 161 159 158 157 156 154 154 151 151 149 147 146 144 143 143 141 140 137 136 134 132 132 130 130 126 125 124 123 121 119 117 117 115 115 112 111 109
259 258 257 256 254 253 252 251 251 249 251 249 248 249 254 255 269 260 249 246 184 242 242 183 182 181 181 180 180 180 180 202 182 180 180 180 178 178 176 175 173 171 172 170 169 168 167 165 164 163 161 159 159 157 157 154 155 153 153 151 149 146 145 144 143 141 139 138 136 136 133 133 130 129 128 126 124 123 121 119 118 117 115 114 112 111 109
260 258 257 255 255 254 252 252 250 249 250 249 252 252 255 255 252 250 249 248 185 243 241 240 240 182 181 179 181 181 180 182 180 179 181 180 178 176 175 173 174 172 172 170 169 168 167 166 165 163 163 161 161 159 157 155 153 154 154 152 150 147 145 145 143 143 139 137 137 137 136 134 131 129 129 126 124 122 122 120 119 116 116 114 113 110 109
262 260 259 259 255 256 253 254 251 251 249 249 250 251 255 255 253 255 191 248 186 184 244 241 242 181 181 180 181 181 180 182 180 179 179 181 179 176 176 175 174 173 172 170 170 168 169 167 165 164 164 164 161 159 159 157 154 154 154 151 149 148 146 145 144 141 141 138 137 137 136 134 132 131 129 126 126 123 122 120 119 116 116 114 113 110 109
261 260 260 259 256 255 256 255 253 252 250 251 249 252 250 253 254 261 251 187 187 185 247 245 242 182 180 181 181 183 183 183 180 181 179 179 180 178 177 176 177 176 175 172 171 170 169 167 167 165 166 166 161 160 160 157 156 156 152 152 150 149 148 144 144 142 141 139 138 138 136 134 133 133 129 127 127 123 121 121 119 118 115 114 112 111 109
261 263 263 262 256 256 256 256 255 253 251 256 253 252 250 253 254 256 252 262 184 182 243 244 243 180 180 181 184 185 185 187 181 180 179 177 180 181 180 179 177 175 174 172 172 173 170 168 167 168 168 164 163 162 162 158 156 157 154 154 153 151 148 146 144 144 142 140 139 136 138 135 134 132 128 128 127 125 122 121 119 117 115 113 112 111 110
262 263 261 259 257 257 255 255 257 254 253 255 254 256 265 255 256 255 255 186 184 182 244 243 244 181 179 180 183 183 184 184 183 182 180 179 178 180 181 180 179 179 175 174 174 172 171 169 170 169 168 165 164 163 163 160 160 156 155 155 155 153 149 146 144 143 143 141 140 138 138 138 135 132 132 130 126 125 123 120 119 117 116 113 113 111 110
263 263 260 260 258 256 256 255 255 257 255 258 259 265 303 260 258 258 254 249 186 245 247 182 244 181 180 180 180 182 185 187 183 182 184 180 179 178 183 182 180 178 176 178 174 172 171 171 171 170 169 167 167 165 163 163 160 159 156 155 155 152 149 147 145 144 144 144 141 139 138 137 133 132 131 130 127 125 123 120 118 117 115 113 112 111 110
264 262 262 262 259 257 256 254 254 255 254 256 262 264 301 259 257 261 256 253 250 181 184 181 181 243 180 180 180 181 184 186 184 181 182 180 179 178 182 182 180 177 176 178 177 174 171 170 170 171 170 168 168 167 166 164 161 159 157 155 154 153 151 148 145 144 143 143 143 147 140 138 135 134 132 129 127 125 123 121 118 118 116 115 112 112 110
265 265 265 261 261 257 255 258 257 257 259 260 263 262 259 258 264 269 266 253 251 181 183 247 244 246 181 179 179 248 247 182 182 182 182 179 181 179 178 180 181 178 179 179 177 175 174 172 173 172 171 169 168 168 168 164 162 160 158 157 155 154 152 149 145 145 143 144 144 140 138 137 136 135 131 129 127 125 123 122 119 117 116 114 114 111 110
264 263 262 259 259 257 256 254 255 258 257 259 263 258 257 260 261 258 266 252 181 180 250 181 247 246 247 179 179 247 180 181 182 182 180 180 181 179 180 178 179 181 181 181 178 175 173 172 172 171 171 168 168 168 167 166 164 161 160 158 156 152 152 148 148 146 144 144 143 142 138 136 136 134 130 129 127 128 124 123 120 117 115 114 112 111 110
264 263 261 261 263 258 257 255 257 260 258 255 260 253 255 259 257 267 257 254 252 180 252 250 181 250 247 179 179 181 180 243 182 181 180 181 179 179 178 178 181 182 181 179 179 176 173 173 171 171 170 168 168 169 169 168 171 161 158 157 156 153 150 148 149 148 145 143 143 143 140 136 134 135 132 130 128 127 125 122 119 118 115 114 112 110 109
264 264 262 261 262 260 256 255 255 253 255 255 254 252 252 256 259 273 273 255 253 181 251 253 251 247 177 244 178 181 179 243 179 178 179 178 178 178 179 180 181 183 182 181 179 177 177 174 171 170 170 171 169 172 172 165 164 161 159 156 153 151 150 151 159 153 147 145 144 143 141 137 135 134 133 131 129 128 126 123 120 119 116 114 113 111 109
265 264 262 260 260 261 257 255 254 254 256 255 255 258 260 261 264 301 257 254 252 253 251 251 250 248 247 177 179 249 180 246 178 178 177 177 179 179 179 181 181 182 181 180 179 176 176 174 172 170 170 172 171 172 168 165 164 162 158 157 155 155 150 161 160 150 148 144 143 143 140 137 134 133 133 132 131 137 126 125 120 118 117 114 112 111 108
264 266 263 261 261 262 257 255 255 254 257 259 258 262 268 265 261 332 257 256 254 253 253 178 249 249 175 247 250 249 180 177 175 176 176 177 179 178 179 180 181 181 180 180 178 175 174 175 172 170 171 173 170 172 175 178 164 160 158 158 157 152 151 162 154 150 148 144 142 143 140 138 134 134 133 135 138 143 133 124 121 118 116 114 112 111 109
264 263 264 261 259 258 259 255 254 257 257 255 259 270 311 388 359 262 259 257 256 254 252 250 248 247 247 248 252 178 246 175 174 175 176 178 176 177 179 181 181 180 180 177 176 175 173 173 172 171 168 176 183 169 167 172 163 180 173 160 156 154 155 152 152 149 147 146 143 142 141 138 134 132 138 136 140 144 126 123 121 119 117 116 112 110 110
264 263 266 261 258 260 260 255 254 254 257 255 259 305 373 356 261 264 263 259 255 253 253 248 246 248 246 246 180 181 175 176 244 174 177 178 177 178 180 180 179 177 178 178 178 176 174 172 172 172 168 181 176 168 168 177 171 181 177 158 155 154 153 153 152 151 148 145 141 142 141 138 136 133 132 132 140 130 126 123 119 119 117 115 112 110 108
263 264 267 263 261 258 257 254 254 255 254 254 254 284 268 255 256 260 262 256 253 255 249 248 249 249 247 248 176 175 175 176 174 174 246 180 178 177 179 181 179 178 178 177 176 174 171 173 171 170 168 174 174 169 179 181 168 178 169 162 158 155 155 155 158 160 148 146 143 141 141 140 141 133 131 138 130 128 124 122 121 118 117 115 112 111 109
264 263 265 262 262 261 259 255 254 255 255 252 252 252 253 253 255 259 260 257 256 251 250 249 251 251 247 248 173 175 254 177 245 244 177 180 180 178 178 180 177 177 178 176 174 172 172 172 172 171 168 167 176 180 186 183 175 173 161 159 156 155 155 154 155 153 149 146 144 140 144 141 142 135 132 129 128 126 124 122 120 119 116 115 113 111 109
263 261 262 260 261 259 261 255 255 258 255 253 252 252 256 255 257 259 260 259 254 250 252 251 249 172 245 176 251 176 176 175 172 172 174 177 178 178 179 182 177 178 176 176 174 172 173 171 171 171 169 166 167 185 188 185 176 171 160 158 156 155 155 167 156 150 149 151 145 140 139 152 152 135 132 129 128 126 123 122 120 119 118 116 114 113 109
261 261 262 259 258 258 262 256 255 256 254 252 253 252 252 254 256 260 261 255 254 252 253 254 174 246 175 295 247 247 172 172 172 170 171 174 176 177 180 178 177 181 176 173 171 172 174 171 172 172 172 166 167 187 190 176 173 162 161 158 156 156 166 172 172 150 148 145 143 142 139 139 136 134 133 131 128 127 125 123 121 120 119 116 114 111 108
261 263 261 258 258 264 257 256 255 252 252 250 251 249 252 256 257 261 257 259 256 253 252 173 169 245 289 336 198 172 172 170 169 171 170 172 175 176 174 176 181 175 175 171 170 175 173 171 171 172 171 166 167 173 184 166 164 163 161 158 158 157 157 154 153 149 148 146 143 142 139 137 137 135 134 132 131 128 126 125 122 119 118 116 114 112 109
261 263 257 256 256 254 253 257 254 253 254 250 250 253 253 259 260 256 257 259 251 251 248 246 171 245 245 222 305 172 172 170 170 171 169 172 173 173 172 172 173 174 173 169 169 173 173 179 174 172 169 165 166 166 169 166 165 162 159 160 160 157 155 153 151 153 147 154 147 144 141 139 138 136 135 132 132 129 126 126 123 120 119 116 113 112 110
261 259 256 256 253 252 253 254 253 253 255 249 249 253 256 255 254 254 257 260 251 249 249 246 248 170 245 314 337 272 169 179 171 170 169 170 174 174 171 169 171 170 168 168 170 170 174 185 182 171 169 166 166 176 172 177 166 160 160 160 161 169 155 153 154 154 149 152 147 145 143 140 140 138 136 134 132 130 127 124 124 122 118 117 113 112 111
259 257 256 257 253 255 252 254 257 252 255 250 247 252 249 253 252 256 255 255 251 251 249 246 250 168 244 295 348 275 173 170 167 168 169 170 177 174 171 168 168 167 169 167 170 171 171 183 180 168 167 165 169 191 189 186 164 161 178 179 175 173 156 160 164 152 148 149 151 147 144 141 142 141 138 134 132 129 127 125 123 121 118 117 115 113 111
258 257 257 318 256 252 257 257 259 254 254 251 247 248 248 249 248 250 254 255 252 249 247 245 249 247 165 250 172 174 249 167 168 169 168 168 171 171 168 167 170 169 167 166 168 177 188 186 176 170 166 166 164 182 187 181 163 161 184 181 176 168 158 156 156 154 149 150 151 147 148 144 143 142 139 135 132 130 129 125 123 122 120 118 116 114 112
258 257 270 273 253 251 262 258 254 253 252 248 246 245 250 271 255 248 250 254 249 248 250 248 248 169 247 243 249 250 170 169 247 245 166 170 170 169 169 170 171 168 166 165 169 182 186 190 181 169 169 167 164 163 171 165 162 163 179 181 179 178 162 156 156 154 152 151 152 150 147 147 150 147 137 134 132 130 128 127 123 122 120 120 117 116 113
257 254 254 259 255 252 255 253 253 249 247 249 247 244 250 251 257 248 254 251 250 251 250 249 248 166 246 164 168 256 174 249 168 166 167 170 171 167 166 168 168 166 164 166 165 166 183 190 187 168 167 165 163 164 164 165 162 164 178 182 180 179 176 157 157 159 160 153 149 150 150 160 155 139 137 135 132 130 128 127 125 122 121 119 118 117 115
256 254 251 302 252 250 251 247 249 246 244 247 244 244 242 242 250 252 249 250 247 249 253 250 244 244 243 244 170 251 248 245 245 243 167 168 167 164 167 167 168 166 164 165 168 179 167 185 185 169 167 164 162 167 166 163 164 164 184 182 179 177 177 177 168 162 159 151 150 149 145 143 140 138 136 135 133 131 129 127 126 124 122 121 120 118 115
254 251 250 275 250 247 246 244 243 242 241 243 245 244 242 242 241 242 247 247 245 247 253 248 246 244 242 243 246 251 174 172 250 247 168 168 164 166 168 165 174 163 165 163 189 204 194 172 170 183 167 163 163 164 165 163 169 181 172 181 176 178 177 175 159 162 152 151 149 148 144 142 140 139 137 136 134 133 129 129 127 126 124 123 121 119 115
252 251 248 251 246 243 243 242 242 241 241 242 247 243 245 243 245 241 240 241 246 247 252 172 250 250 244 243 247 171 192 301 176 173 171 168 163 167 167 166 160 161 167 191 185 188 204 176 176 169 166 164 162 164 169 165 164 164 167 177 169 170 158 157 156 155 152 150 149 146 145 147 145 140 137 136 135 134 131 131 128 127 125 124 122 118 117
252 249 248 247 250 244 245 244 243 240 241 240 245 244 244 247 248 245 240 240 243 247 260 253 252 247 244 242 165 249 275 266 260 169 168 163 164 170 163 162 160 165 171 199 189 198 208 184 173 168 165 163 163 163 166 167 162 164 172 182 180 178 177 176 174 172 172 158 150 150 148 146 144 140 138 136 136 135 132 130 130 129 126 125 123 120 118
249 248 245 246 253 251 246 247 247 242 239 240 243 246 242 243 244 247 243 240 241 245 252 252 246 244 243 164 242 164 259 265 168 165 162 163 164 164 162 159 158 161 163 166 186 205 209 185 191 169 167 164 162 163 165 166 162 164 165 181 181 178 178 176 175 173 171 170 169 162 148 146 143 141 140 140 138 136 134 131 131 131 130 126 123 123 120
250 246 245 244 249 245 244 244 246 244 240 238 241 244 243 244 244 251 244 239 239 244 248 286 256 242 247 247 162 162 165 184 169 166 163 165 162 161 160 158 160 159 161 163 192 206 206 179 168 172 165 162 167 163 164 171 164 163 165 164 168 164 164 175 175 170 172 170 168 150 147 146 144 144 141 141 139 138 135 133 132 132 129 127 124 124 122
249 246 244 243 242 242 241 241 242 239 239 238 240 245 244 244 244 241 239 241 238 243 249 247 241 259 249 249 244 160 163 251 182 256 165 165 164 157 239 158 160 159 160 163 182 206 168 168 166 164 164 162 170 164 162 166 165 165 166 164 162 165 173 175 171 164 169 169 167 167 147 145 144 145 143 141 140 138 136 136 135 132 131 128 127 124 121
249 245 244 242 242 241 240 239 236 239 239 237 237 240 244 245 242 241 243 239 238 239 250 162 241 271 250 249 245 159 160 245 251 332 339 321 164 161 157 160 162 160 161 160 197 187 167 165 165 165 163 164 167 163 164 168 165 164 166 165 162 167 167 175 173 158 169 169 169 150 147 148 145 145 145 142 139 137 137 137 134 133 131 129 126 125 121
249 245 243 243 239 237 236 237 236 236 235 237 238 240 244 243 247 243 240 249 236 238 256 245 245 247 251 246 159 241 162 162 186 300 238 242 172 159 157 161 159 162 164 161 192 193 168 168 164 162 161 164 174 183 167 167 166 163 165 174 162 161 168 159 173 156 171 172 159 149 149 149 147 147 144 141 140 137 137 137 134 132 131 130 127 125 122
251 245 242 239 239 238 238 236 236 234 235 236 240 238 240 244 244 249 251 259 236 235 243 248 244 248 263 270 245 242 245 246 249 298 241 352 159 159 157 182 159 160 175 161 162 202 188 166 165 163 162 171 183 190 168 165 163 161 166 176 169 160 159 157 159 154 172 171 149 149 150 150 150 147 145 142 141 138 137 136 135 133 131 130 129 125 123
