wc0.5/Cropped/bio19_28.asc
NCOLS 282 
NROWS 470 
XLLCORNER 79.525 
YLLCORNER 5.91666666666667 
CELLSIZE 0.00833333333333331 
NODATA_value -32768 
[rows 380 to 417 of 470, columns 87 to 173 of 282]
840 860 849 833 802 835 765 827 851 816 1092 760 1074 1069 1068 737 1091 741 755 727 725 1028 744 756 759 754 752 750 744 769 772 779 777 801 799 481 793 497 470 732 399 370 376 447 396 378 365 442 435 451 471 751 750 746 744 458 738 743 456 736 455 736 727 728 722 445 717 450 450 444 687 664 661 646 654 610 608 606 603 601 614 628 392 401 418 429 423
828 841 850 839 799 776 816 1144 845 844 821 756 1101 750 740 1069 736 1104 1078 1083 1054 737 1024 763 795 811 781 771 758 740 769 771 754 748 782 800 796 504 494 495 486 405 346 345 347 353 353 348 403 454 474 753 750 748 747 743 740 740 456 455 738 738 455 730 450 718 452 452 451 441 442 704 663 672 421 607 600 600 598 597 612 378 602 627 663 433 443
804 821 833 832 817 777 781 768 826 860 833 775 751 1088 761 1072 1053 1061 771 767 766 730 727 743 806 830 829 809 761 743 740 738 759 747 750 771 797 797 792 793 789 495 777 433 396 363 348 349 352 397 435 473 752 751 747 746 461 459 458 456 736 455 732 454 727 446 452 454 444 449 454 716 425 679 690 608 595 593 592 593 593 374 596 612 391 656 448
800 798 844 853 841 810 778 1118 811 855 856 826 776 749 773 1078 1053 1047 789 760 790 766 727 727 767 822 542 824 825 772 746 740 736 747 740 744 771 782 799 503 503 771 762 783 780 462 429 484 481 478 759 754 749 752 746 465 747 745 746 460 455 453 729 453 715 450 450 447 453 453 440 440 428 683 415 593 591 589 589 588 369 589 369 595 594 599 597
786 804 833 843 851 852 810 1108 799 838 864 861 806 1070 749 809 762 739 765 1078 792 801 776 773 722 734 822 833 829 823 783 767 740 734 730 728 735 750 786 800 781 729 725 748 750 778 765 771 756 748 750 739 747 746 743 747 748 745 745 466 742 461 460 455 452 452 452 458 456 457 446 694 428 683 638 588 585 585 583 366 581 365 585 584 586 589 373
1108 1108 796 783 860 851 855 812 776 822 857 863 863 814 1075 794 791 790 1063 750 770 796 768 769 732 744 745 792 801 823 539 825 797 768 740 733 723 722 750 769 737 725 718 730 723 722 748 732 730 730 769 767 479 477 474 755 748 749 466 740 461 462 461 460 459 456 459 458 458 457 441 697 693 434 647 584 582 581 581 579 578 577 579 579 361 583 374
810 823 817 1148 789 823 821 825 775 1106 830 865 868 848 802 798 816 805 774 741 742 740 772 802 741 724 724 748 770 798 539 512 826 794 756 746 725 731 727 729 723 718 719 717 711 700 705 719 771 775 771 767 429 450 473 475 756 469 469 467 463 735 457 457 457 460 460 455 446 446 709 432 444 681 581 579 577 576 576 359 358 574 575 577 356 357 379
834 826 844 808 829 815 843 837 826 804 1110 827 871 868 853 800 1087 805 783 765 761 743 769 762 751 780 800 724 743 765 782 818 825 824 794 749 744 747 743 740 726 724 711 705 702 704 701 720 726 749 759 482 473 449 449 479 476 472 471 753 467 462 459 457 726 451 724 722 444 707 697 699 448 586 577 575 573 574 356 575 574 354 354 572 568 569 570
849 838 831 831 822 824 830 851 840 860 825 797 863 868 868 849 783 776 800 775 747 1031 736 736 740 728 750 725 722 744 733 782 785 764 762 757 740 737 731 742 746 748 706 708 719 721 723 757 763 755 751 767 483 743 752 475 753 756 475 472 739 735 456 455 719 723 718 445 708 438 437 441 423 579 572 570 571 570 570 351 569 567 567 565 562 562 562
806 841 837 836 840 810 846 869 840 853 868 807 839 854 870 871 845 776 773 785 781 763 740 741 738 729 763 758 746 723 722 755 777 775 776 750 751 750 733 756 755 736 706 717 704 730 739 739 744 760 768 775 486 743 754 751 468 735 471 470 467 727 462 618 680 657 610 423 611 589 608 602 579 571 568 567 567 565 564 565 346 562 563 559 556 560 563
792 832 841 846 847 810 838 869 848 834 864 834 821 809 835 854 861 853 815 773 807 812 779 743 734 733 731 781 779 764 754 736 732 734 747 754 753 723 722 713 719 708 705 740 737 707 710 713 732 737 735 693 713 748 747 739 720 699 694 705 670 649 627 615 610 603 598 594 588 585 581 582 573 568 565 564 561 559 560 343 341 557 559 556 551 552 553
785 802 812 784 843 840 834 851 869 848 859 841 839 839 847 854 862 867 871 836 773 782 809 796 778 742 736 760 739 747 749 773 759 729 756 724 744 745 735 718 718 710 727 739 742 735 722 721 722 720 756 766 686 756 741 729 728 754 475 705 694 636 650 627 611 603 598 595 586 579 576 573 568 564 563 561 561 560 557 556 552 553 551 554 546 546 548
1087 763 1158 831 824 851 856 874 865 868 847 858 845 838 851 846 841 839 871 871 851 773 783 804 840 813 786 745 751 792 796 797 802 786 804 824 829 814 764 730 742 729 726 722 749 760 751 748 738 742 720 775 746 665 722 705 723 732 726 734 726 706 674 629 616 607 611 597 589 580 576 570 564 560 559 557 557 554 553 550 547 546 545 544 541 540 544
1084 768 801 817 845 847 855 843 865 870 839 842 852 838 857 864 860 844 839 856 875 854 824 773 846 858 826 809 803 782 828 835 841 817 799 834 842 827 785 740 741 738 751 749 750 725 741 761 788 741 713 682 705 682 682 689 711 712 732 725 454 713 657 636 610 608 628 591 586 581 574 568 562 557 553 554 552 551 334 544 543 542 540 538 536 536 538
786 765 766 780 821 827 863 857 864 864 869 831 842 840 844 853 875 839 833 837 857 878 856 809 813 871 869 859 831 800 783 817 811 811 794 810 845 828 784 769 735 745 738 738 779 750 742 740 759 729 693 675 673 658 654 683 715 723 730 735 705 651 667 620 613 609 606 588 578 575 570 562 557 554 552 550 547 546 544 540 540 536 535 533 532 532 321
780 769 765 817 788 812 834 846 850 861 866 830 831 832 838 849 856 847 831 832 837 830 876 844 787 784 859 868 868 843 809 779 778 778 781 844 815 817 797 782 754 738 736 754 763 787 777 768 774 771 770 688 678 658 650 645 645 711 726 738 732 619 618 634 608 605 591 584 575 567 563 558 553 551 549 548 547 543 539 538 323 532 319 529 528 527 318
771 784 766 790 832 825 831 849 853 844 847 850 837 829 852 835 839 832 834 831 855 848 843 835 829 785 783 835 873 869 854 835 816 781 779 770 793 803 802 792 765 739 750 749 749 762 756 779 773 774 750 691 696 669 650 643 635 631 666 687 653 611 605 621 600 599 585 579 569 563 560 551 549 548 546 545 543 542 537 534 530 528 526 525 315 315 315
764 789 792 768 835 849 797 865 871 874 844 881 854 831 830 837 835 834 833 845 837 886 880 849 845 804 781 793 809 846 853 858 861 847 794 778 785 792 801 812 770 744 755 750 746 742 749 744 746 736 724 706 710 685 664 640 633 627 631 653 633 608 601 597 592 584 581 577 565 558 555 549 548 547 545 542 540 536 533 532 528 527 524 522 523 522 525
762 770 780 798 806 856 859 846 869 884 846 870 861 860 837 844 834 835 838 831 848 862 878 598 880 881 864 856 846 822 824 811 863 851 807 782 775 776 801 813 790 775 771 743 734 731 725 729 741 714 716 700 696 683 664 672 633 627 617 612 608 603 597 590 584 582 574 566 562 554 549 548 547 546 542 539 538 534 529 527 317 315 521 522 519 519 521
765 766 797 846 849 851 843 860 856 889 871 873 867 851 866 848 830 846 859 873 892 844 866 890 884 594 845 582 873 597 879 854 852 861 834 821 795 800 777 785 797 807 813 800 773 740 726 713 702 707 718 703 712 679 674 668 639 629 623 611 605 599 593 590 580 574 570 563 556 550 546 548 545 541 538 535 534 533 526 523 521 520 312 519 516 517 518
765 763 799 819 836 826 840 865 849 859 888 864 856 872 869 881 861 828 828 863 888 894 894 868 879 887 558 547 514 562 760 559 865 595 592 864 857 842 802 805 791 795 790 799 771 775 745 716 709 693 695 695 690 676 670 680 643 641 653 623 608 599 591 585 578 572 565 562 554 546 546 547 542 536 536 535 534 530 526 521 518 312 517 514 515 514 515
773 762 810 812 821 847 842 844 854 852 858 866 877 895 871 875 886 833 846 854 898 890 895 896 856 872 879 866 537 537 782 516 501 487 557 857 870 871 867 848 842 815 791 803 821 763 758 726 719 726 711 686 680 671 661 678 657 662 639 625 609 601 591 583 576 566 561 557 553 543 543 543 535 534 533 531 531 529 525 520 516 513 513 512 512 512 514
765 766 769 811 817 832 824 829 865 844 845 890 896 891 895 845 882 890 870 848 891 900 899 590 896 881 875 885 894 893 889 888 571 500 459 460 510 559 862 580 864 845 819 832 817 818 782 758 765 736 734 723 688 678 657 647 649 639 635 635 640 602 592 586 572 566 561 554 548 543 540 538 533 531 530 529 529 524 524 312 514 512 511 510 509 512 512
782 768 780 798 803 817 820 827 816 840 854 872 899 879 893 902 843 888 886 860 843 856 897 865 897 895 897 876 870 882 878 863 887 885 875 514 430 452 494 536 506 581 850 828 822 567 563 559 805 785 812 809 759 716 657 657 640 635 624 621 650 631 590 580 571 569 563 554 547 541 536 534 531 530 529 526 523 523 522 515 512 509 507 507 508 510 508
787 773 787 792 799 813 817 803 813 808 876 857 884 888 879 895 890 856 879 871 872 839 872 893 904 901 618 900 886 869 869 865 871 871 888 600 837 537 497 470 503 843 865 843 549 566 845 526 818 553 831 544 526 785 749 723 661 615 618 657 714 690 604 579 570 564 558 548 546 540 534 529 529 528 523 522 521 522 521 519 512 508 505 504 504 505 504
773 764 763 788 806 801 804 798 808 827 869 854 857 881 892 892 898 898 860 879 889 842 846 876 895 906 899 891 623 875 871 867 883 893 892 885 853 562 541 505 505 447 445 442 458 500 469 446 485 478 468 529 825 806 811 805 764 611 605 658 740 734 629 578 567 560 555 546 543 538 532 528 526 521 520 518 520 518 516 514 511 508 303 501 503 501 501
810 779 776 764 777 807 819 800 798 830 854 862 862 874 907 888 893 907 906 865 878 887 857 846 846 876 860 851 891 901 905 871 870 896 567 533 528 501 446 394 396 396 390 416 445 490 530 851 553 550 538 533 501 537 817 811 802 760 699 594 619 464 643 575 566 556 555 547 541 536 526 524 523 522 520 522 519 515 512 510 509 506 503 499 500 497 299
820 783 765 773 797 790 845 809 816 820 851 875 886 882 905 906 899 903 877 892 872 896 910 882 849 847 890 897 910 902 909 874 874 882 895 507 453 409 382 389 396 390 385 385 413 462 520 556 851 846 839 554 549 542 535 815 773 517 765 634 583 586 573 571 563 555 551 543 538 532 529 525 523 521 519 518 516 513 507 508 506 303 501 498 495 497 497
829 777 768 791 786 788 798 809 802 812 826 869 906 882 894 908 908 891 909 907 912 898 865 909 849 867 836 868 869 875 875 876 873 879 890 905 858 544 489 486 458 427 443 438 487 532 569 859 569 843 844 557 790 732 542 537 788 685 771 652 592 575 570 566 565 555 545 544 536 531 526 525 518 516 518 517 514 510 505 503 503 502 298 496 494 492 296
772 776 775 793 770 790 799 824 800 802 795 829 826 875 895 904 896 912 905 912 913 633 913 892 896 884 882 639 902 885 907 877 875 884 882 871 626 619 595 555 533 498 467 430 494 809 575 575 839 807 753 826 554 780 706 731 722 682 745 702 606 575 566 560 560 554 540 542 537 527 517 518 516 515 514 512 509 508 303 499 501 502 495 493 490 492 493
820 771 773 773 791 773 794 810 833 800 812 798 877 856 910 883 894 904 897 904 915 916 613 905 917 910 905 916 907 605 858 549 614 907 633 913 612 828 541 518 479 447 427 427 444 475 561 869 852 853 767 757 747 762 751 695 661 620 644 773 700 595 566 560 551 546 540 533 531 530 520 512 516 515 509 507 509 506 501 496 495 497 493 488 489 490 490
801 849 791 794 772 776 779 797 808 802 789 838 865 884 811 814 860 896 911 914 909 916 917 883 912 641 643 643 613 835 817 478 508 474 485 535 518 448 439 446 452 447 446 436 434 443 475 547 476 555 851 764 735 738 718 713 644 614 637 663 708 613 566 557 549 540 538 530 524 522 514 511 513 510 505 506 504 505 498 495 492 493 491 487 486 487 489
783 837 824 788 820 782 780 778 794 809 773 782 842 853 801 769 768 845 883 904 916 916 918 919 919 911 919 629 875 593 586 562 549 494 489 499 489 453 448 448 449 452 447 437 440 437 457 460 483 544 849 544 755 735 721 720 712 619 598 593 584 634 575 568 553 547 542 531 518 513 511 509 512 510 502 500 502 501 497 494 487 293 485 484 482 487 488
792 780 826 770 825 762 772 762 804 813 830 783 794 779 780 768 768 838 840 877 917 918 918 920 921 922 919 923 908 924 893 557 563 796 599 867 553 519 469 451 475 474 452 459 418 418 419 406 406 501 541 545 562 803 733 717 707 710 727 672 623 698 488 576 553 548 541 537 525 516 514 505 505 507 499 497 499 495 496 493 486 485 483 483 485 485 483
794 801 823 770 834 773 763 760 804 805 816 767 775 769 771 767 783 768 823 825 813 876 919 860 904 915 922 920 911 904 913 873 593 589 621 922 609 592 565 496 546 862 781 552 514 514 449 433 433 444 468 507 564 544 729 717 714 699 671 710 453 664 450 591 563 550 544 539 526 519 514 506 500 500 497 496 495 490 491 489 487 481 482 483 480 481 480
785 796 812 796 826 797 764 757 762 805 782 766 765 806 789 779 776 772 768 777 869 852 844 822 820 819 872 848 904 923 927 928 928 637 918 880 865 622 639 920 621 914 607 882 894 865 544 779 501 497 523 832 773 706 718 724 711 684 701 673 643 710 634 579 571 553 545 534 529 524 512 505 499 494 495 489 488 488 486 486 488 483 479 477 477 481 480
773 783 813 786 808 809 785 754 756 759 776 798 776 762 800 765 776 788 777 785 819 916 910 919 902 850 883 820 851 895 835 860 846 842 863 876 893 921 899 901 898 915 913 911 615 897 603 561 548 572 575 813 714 711 703 705 709 673 651 630 617 597 670 607 570 577 547 544 533 527 514 509 499 493 492 486 488 484 483 484 486 481 475 475 477 479 288
767 788 840 811 800 878 788 793 760 758 775 791 776 761 788 785 804 778 772 765 803 849 914 917 913 918 893 867 842 842 831 863 865 925 901 892 905 920 853 845 855 858 867 885 622 614 823 539 533 541 536 849 759 712 690 698 695 621 621 604 599 585 597 577 584 592 550 539 533 525 520 511 501 493 489 485 483 482 479 479 481 477 475 284 473 283 286
