wc0.5/Cropped/bio14_28.asc
NCOLS 282 
NROWS 470 
XLLCORNER 79.525 
YLLCORNER 5.91666666666667 
CELLSIZE 0.00833333333333331 
NODATA_value -32768 
[rows 294 to 335 of 470, columns 0 to 94 of 282]
-32768 -32768 -32768 -32768 -32768 -32768 -32768 -32768 -32768 -32768 -32768 -32768 -32768 -32768 -32768 -32768 -32768 -32768 -32768 -32768 -32768 -32768 -32768 -32768 -32768 -32768 -32768 -32768 -32768 -32768 -32768 -32768 -32768 -32768 -32768 -32768 49 49 49 49 49 49 49 49 49 49 49 49 49 50 50 50 51 51 52 53 53 53 54 55 56 56 57 58 59 59 60 61 62 63 64 64 64 65 65 66 66 66 66 66 67 67 67 68 68 68 68 66 66 66 66 67 67 67 67
-32768 -32768 -32768 -32768 -32768 -32768 -32768 -32768 -32768 -32768 -32768 -32768 -32768 -32768 -32768 -32768 -32768 -32768 -32768 -32768 -32768 -32768 -32768 -32768 -32768 -32768 -32768 -32768 -32768 -32768 -32768 -32768 -32768 -32768 -32768 -32768 48 48 48 48 48 48 48 48 49 49 48 49 49 49 50 50 50 51 51 52 52 53 54 55 55 56 57 58 59 60 60 61 62 63 64 64 65 65 65 66 66 66 67 67 67 68 68 68 67 68 68 66 68 66 69 67 67 67 68
-32768 -32768 -32768 -32768 -32768 -32768 -32768 -32768 -32768 -32768 -32768 -32768 -32768 -32768 -32768 -32768 -32768 -32768 -32768 -32768 -32768 -32768 -32768 -32768 -32768 -32768 -32768 -32768 -32768 -32768 -32768 -32768 -32768 -32768 -32768 -32768 47 47 47 47 47 47 47 48 48 49 48 48 49 49 49 50 50 51 51 51 52 53 53 54 55 56 57 58 58 59 60 61 63 63 64 65 65 65 66 66 66 66 66 67 67 67 67 67 68 67 68 66 69 66 67 66 67 68 68
-32768 -32768 -32768 -32768 -32768 -32768 -32768 -32768 -32768 -32768 -32768 -32768 -32768 -32768 -32768 -32768 -32768 -32768 -32768 -32768 -32768 -32768 -32768 -32768 -32768 -32768 -32768 -32768 -32768 -32768 -32768 -32768 -32768 -32768 -32768 -32768 -32768 47 46 46 46 47 47 47 47 48 47 48 48 49 49 49 50 50 51 52 52 53 54 55 55 56 57 58 59 59 61 61 62 64 64 64 65 65 66 66 66 67 67 67 67 67 67 67 68 67 67 68 67 66 66 67 67 68 68
-32768 -32768 -32768 -32768 -32768 -32768 -32768 -32768 -32768 -32768 -32768 -32768 -32768 -32768 -32768 -32768 -32768 -32768 -32768 -32768 -32768 -32768 -32768 -32768 -32768 -32768 -32768 -32768 -32768 -32768 -32768 -32768 -32768 -32768 -32768 -32768 -32768 46 46 46 46 46 46 46 47 47 47 47 48 48 49 49 49 50 51 51 52 54 54 55 55 56 57 58 59 60 61 62 62 63 65 65 64 65 66 66 66 66 67 67 67 68 68 68 68 68 66 68 67 66 67 66 67 68 69
-32768 -32768 -32768 -32768 -32768 -32768 -32768 -32768 -32768 -32768 -32768 -32768 -32768 -32768 -32768 -32768 -32768 -32768 -32768 -32768 -32768 -32768 -32768 -32768 -32768 -32768 -32768 -32768 -32768 -32768 -32768 -32768 -32768 -32768 -32768 -32768 -32768 45 45 45 45 45 46 46 46 47 47 47 47 48 49 49 49 50 50 51 52 53 53 54 55 56 57 57 59 60 61 61 63 64 65 64 64 65 66 66 66 66 67 67 67 68 68 68 68 67 67 68 68 68 67 70 67 69 69
-32768 -32768 -32768 -32768 -32768 -32768 -32768 -32768 -32768 -32768 -32768 -32768 -32768 -32768 -32768 -32768 -32768 -32768 -32768 -32768 -32768 -32768 -32768 -32768 -32768 -32768 -32768 -32768 -32768 -32768 -32768 -32768 -32768 -32768 -32768 -32768 -32768 44 44 44 44 44 45 45 46 46 47 47 47 47 48 49 49 49 50 50 51 52 53 53 54 55 56 57 58 60 60 62 62 63 63 65 64 66 66 67 66 66 67 67 67 68 68 68 68 67 66 67 68 68 69 69 69 69 70
-32768 -32768 -32768 -32768 -32768 -32768 -32768 -32768 -32768 -32768 -32768 -32768 -32768 -32768 -32768 -32768 -32768 -32768 -32768 -32768 -32768 -32768 -32768 -32768 -32768 -32768 -32768 -32768 -32768 -32768 -32768 -32768 -32768 -32768 -32768 -32768 -32768 -32768 43 43 43 44 44 45 45 45 46 46 47 47 48 48 49 49 50 50 51 52 52 53 54 55 56 57 59 60 61 61 62 62 63 64 65 65 66 66 66 67 67 67 68 68 68 67 67 67 66 68 69 69 69 69 69 70 70
-32768 -32768 -32768 -32768 -32768 -32768 -32768 -32768 -32768 -32768 -32768 -32768 -32768 -32768 -32768 -32768 -32768 -32768 -32768 -32768 -32768 -32768 -32768 -32768 -32768 -32768 -32768 -32768 -32768 -32768 -32768 -32768 -32768 -32768 -32768 -32768 -32768 -32768 42 42 43 43 43 43 44 45 45 46 46 47 48 48 48 49 49 50 51 51 52 53 54 55 56 57 59 59 61 61 62 63 63 64 65 65 66 66 67 67 67 67 68 68 68 67 68 68 67 69 69 69 69 70 69 70 70
-32768 -32768 -32768 -32768 -32768 -32768 -32768 -32768 -32768 -32768 -32768 -32768 -32768 -32768 -32768 -32768 -32768 -32768 -32768 -32768 -32768 -32768 -32768 -32768 -32768 -32768 -32768 -32768 -32768 -32768 -32768 -32768 -32768 -32768 -32768 -32768 -32768 -32768 41 41 42 42 43 43 44 44 45 45 46 47 47 48 48 48 49 50 50 51 53 53 53 54 55 56 58 59 59 60 62 63 63 65 65 65 66 66 67 67 67 68 68 68 68 68 68 69 69 69 68 68 69 68 68 70 70
-32768 -32768 -32768 -32768 -32768 -32768 -32768 -32768 -32768 -32768 -32768 -32768 -32768 -32768 -32768 -32768 -32768 -32768 -32768 -32768 -32768 -32768 -32768 -32768 -32768 -32768 -32768 -32768 -32768 -32768 -32768 -32768 -32768 -32768 -32768 -32768 -32768 -32768 40 41 41 42 42 43 43 44 44 45 45 46 47 47 47 48 49 50 50 51 52 53 53 54 55 56 57 58 59 60 62 65 63 65 65 66 66 66 67 67 67 68 68 68 68 68 69 69 69 69 68 67 67 67 67 70 69
-32768 -32768 -32768 -32768 -32768 -32768 -32768 -32768 -32768 -32768 -32768 -32768 -32768 -32768 -32768 -32768 -32768 -32768 -32768 -32768 -32768 -32768 -32768 -32768 -32768 -32768 -32768 -32768 -32768 -32768 -32768 -32768 -32768 -32768 -32768 -32768 -32768 -32768 39 40 41 41 41 42 43 43 44 44 45 45 46 46 47 48 48 49 50 51 52 52 53 54 55 55 56 58 59 61 62 64 63 64 65 66 66 66 67 67 67 68 68 68 68 69 69 69 70 68 68 67 67 67 69 69 71
-32768 -32768 -32768 -32768 -32768 -32768 -32768 -32768 -32768 -32768 -32768 -32768 -32768 -32768 -32768 -32768 -32768 -32768 -32768 -32768 -32768 -32768 -32768 -32768 -32768 -32768 -32768 -32768 -32768 -32768 -32768 -32768 -32768 -32768 -32768 -32768 -32768 -32768 39 39 40 40 41 42 42 42 43 44 44 45 46 46 47 48 48 49 50 51 51 52 53 54 55 55 56 58 61 63 63 63 64 64 65 65 66 67 67 67 67 68 68 68 69 69 69 67 69 69 70 68 67 68 68 69 70
-32768 -32768 -32768 -32768 -32768 -32768 -32768 -32768 -32768 -32768 -32768 -32768 -32768 -32768 -32768 -32768 -32768 -32768 -32768 -32768 -32768 -32768 -32768 -32768 -32768 -32768 -32768 -32768 -32768 -32768 -32768 -32768 -32768 -32768 -32768 -32768 -32768 -32768 -32768 39 39 40 40 41 42 42 43 43 44 45 46 46 47 48 48 49 50 50 51 52 53 54 55 56 55 58 59 62 62 63 63 64 65 66 66 67 67 67 68 68 68 69 69 69 69 67 69 70 70 70 68 68 68 68 71
-32768 -32768 -32768 -32768 -32768 -32768 -32768 -32768 -32768 -32768 -32768 -32768 -32768 -32768 -32768 -32768 -32768 -32768 -32768 -32768 -32768 -32768 -32768 -32768 -32768 -32768 -32768 -32768 -32768 -32768 -32768 -32768 -32768 -32768 -32768 -32768 -32768 -32768 38 38 39 39 40 41 41 42 43 43 44 45 45 46 47 48 48 49 49 50 51 52 52 54 55 56 57 56 59 60 62 62 63 64 64 66 66 67 67 67 68 68 69 69 69 69 69 68 69 71 71 70 70 71 71 67 67
-32768 -32768 -32768 -32768 -32768 -32768 -32768 -32768 -32768 -32768 -32768 -32768 -32768 -32768 -32768 -32768 -32768 -32768 -32768 -32768 -32768 -32768 -32768 -32768 -32768 -32768 -32768 -32768 -32768 -32768 -32768 -32768 -32768 -32768 -32768 -32768 -32768 -32768 37 38 39 39 40 40 41 42 42 43 44 45 45 46 47 48 48 49 49 50 51 51 53 54 55 57 57 58 58 63 64 63 63 64 64 65 66 67 67 68 68 68 69 69 70 70 70 68 68 71 71 70 69 68 68 72 68
-32768 -32768 -32768 -32768 -32768 -32768 -32768 -32768 -32768 -32768 -32768 -32768 -32768 -32768 -32768 -32768 -32768 -32768 -32768 -32768 -32768 -32768 -32768 -32768 -32768 -32768 -32768 -32768 -32768 -32768 -32768 -32768 -32768 -32768 -32768 -32768 -32768 -32768 37 38 38 39 39 40 41 41 42 43 43 44 45 46 47 48 48 49 50 50 51 52 53 53 55 56 57 57 59 62 61 62 63 64 64 66 67 67 67 68 68 69 68 69 70 69 69 69 69 70 71 68 68 68 68 68 70
-32768 -32768 -32768 -32768 -32768 -32768 -32768 -32768 -32768 -32768 -32768 -32768 -32768 -32768 -32768 -32768 -32768 -32768 -32768 -32768 -32768 -32768 -32768 -32768 -32768 -32768 -32768 -32768 -32768 -32768 -32768 -32768 -32768 -32768 -32768 -32768 -32768 -32768 37 37 38 38 39 40 40 41 42 42 43 44 45 46 47 48 48 49 50 51 52 52 53 54 55 56 57 58 58 60 61 62 63 64 65 66 67 67 68 68 68 68 69 70 70 69 70 70 69 70 71 68 69 70 71 71 69
-32768 -32768 -32768 -32768 -32768 -32768 -32768 -32768 -32768 -32768 -32768 -32768 -32768 -32768 -32768 -32768 -32768 -32768 -32768 -32768 -32768 -32768 -32768 -32768 -32768 -32768 -32768 -32768 -32768 -32768 -32768 -32768 -32768 -32768 -32768 -32768 -32768 -32768 37 37 38 38 39 40 40 41 42 42 43 44 45 46 47 47 48 49 50 51 52 52 54 54 55 57 57 59 60 60 62 63 63 64 65 66 67 67 68 68 68 68 70 69 70 71 70 70 70 70 71 71 71 69 69 69 69
-32768 -32768 -32768 -32768 -32768 -32768 -32768 -32768 -32768 -32768 -32768 -32768 -32768 -32768 -32768 -32768 -32768 -32768 -32768 -32768 -32768 -32768 -32768 -32768 -32768 -32768 -32768 -32768 -32768 -32768 -32768 -32768 -32768 -32768 -32768 -32768 -32768 -32768 37 37 38 38 39 39 40 41 42 42 43 44 45 46 46 48 49 49 50 51 51 53 54 55 56 56 58 59 60 60 62 62 63 64 66 67 67 68 68 68 69 70 70 70 69 70 70 70 70 69 73 72 70 69 70 71 69
-32768 -32768 -32768 -32768 -32768 -32768 -32768 -32768 -32768 -32768 -32768 -32768 -32768 -32768 -32768 -32768 -32768 -32768 -32768 -32768 -32768 -32768 -32768 -32768 -32768 -32768 -32768 -32768 -32768 -32768 -32768 -32768 -32768 -32768 -32768 -32768 -32768 36 37 37 38 38 39 39 40 41 41 42 43 44 45 46 47 48 49 50 50 51 52 53 54 56 56 57 58 59 60 61 62 62 64 66 66 67 67 68 69 69 69 70 69 70 71 70 70 70 72 72 74 75 74 72 70 70 70
-32768 -32768 -32768 -32768 -32768 -32768 -32768 -32768 -32768 -32768 -32768 -32768 -32768 -32768 -32768 -32768 -32768 -32768 -32768 -32768 -32768 -32768 -32768 -32768 -32768 -32768 -32768 -32768 -32768 -32768 -32768 -32768 -32768 -32768 -32768 -32768 -32768 36 37 37 38 38 39 39 40 41 42 43 43 44 45 46 47 48 49 50 51 52 53 54 55 56 57 58 58 59 60 61 62 63 64 66 67 67 68 68 69 70 70 69 71 70 72 71 71 70 71 73 74 73 73 72 72 72 71
-32768 -32768 -32768 -32768 -32768 -32768 -32768 -32768 -32768 -32768 -32768 -32768 -32768 -32768 -32768 -32768 -32768 -32768 -32768 -32768 -32768 -32768 -32768 -32768 -32768 -32768 -32768 -32768 -32768 -32768 -32768 -32768 -32768 -32768 -32768 37 37 37 37 37 37 38 39 39 40 41 42 43 44 45 46 47 48 49 50 51 51 52 53 54 55 56 57 58 59 60 61 61 63 64 64 66 67 68 68 69 70 70 70 70 71 71 71 73 71 71 72 73 76 74 76 77 78 78 72
-32768 -32768 -32768 -32768 -32768 -32768 -32768 -32768 -32768 -32768 -32768 -32768 -32768 -32768 -32768 -32768 -32768 -32768 -32768 -32768 -32768 -32768 -32768 -32768 -32768 -32768 -32768 -32768 -32768 -32768 -32768 -32768 -32768 -32768 -32768 37 37 37 37 37 38 38 38 39 40 41 42 43 44 45 46 47 48 49 50 51 52 53 54 55 56 57 58 59 60 60 61 62 63 64 65 66 67 68 69 69 70 71 70 70 71 72 73 73 74 72 76 76 77 77 77 76 78 76 79
-32768 -32768 -32768 -32768 -32768 -32768 -32768 -32768 -32768 -32768 -32768 -32768 -32768 -32768 -32768 -32768 -32768 -32768 -32768 -32768 -32768 -32768 -32768 -32768 -32768 -32768 -32768 -32768 -32768 -32768 -32768 -32768 -32768 -32768 -32768 -32768 37 37 37 37 38 38 38 39 40 41 42 43 44 45 47 48 49 50 50 51 53 53 54 55 56 57 58 59 60 61 62 63 64 65 66 67 68 69 69 70 70 71 71 71 71 72 72 72 74 74 74 74 74 75 75 75 77 74 74
-32768 -32768 -32768 -32768 -32768 -32768 -32768 -32768 -32768 -32768 -32768 -32768 -32768 -32768 -32768 -32768 -32768 -32768 -32768 -32768 -32768 -32768 -32768 -32768 -32768 -32768 -32768 -32768 -32768 -32768 -32768 -32768 -32768 -32768 -32768 -32768 38 38 38 38 38 38 38 39 40 41 42 43 44 45 47 48 49 50 51 52 53 54 55 56 57 58 59 60 61 62 62 64 64 66 67 68 68 69 70 71 71 71 72 72 72 72 72 73 73 75 73 74 76 77 75 79 79 76 75
-32768 -32768 -32768 -32768 -32768 -32768 -32768 -32768 -32768 -32768 -32768 -32768 -32768 -32768 -32768 -32768 -32768 -32768 -32768 -32768 -32768 -32768 -32768 -32768 -32768 -32768 -32768 -32768 -32768 -32768 -32768 -32768 -32768 -32768 -32768 -32768 39 38 38 38 38 38 39 39 40 41 43 44 45 46 47 48 50 51 52 53 54 54 56 57 58 59 60 61 61 62 63 64 65 66 67 68 69 70 71 71 72 73 73 72 72 73 73 73 74 74 74 76 78 78 75 80 80 75 76
-32768 -32768 -32768 -32768 -32768 -32768 -32768 -32768 -32768 -32768 -32768 -32768 -32768 -32768 -32768 -32768 -32768 -32768 -32768 -32768 -32768 -32768 -32768 -32768 -32768 -32768 -32768 -32768 -32768 -32768 -32768 -32768 -32768 -32768 -32768 -32768 39 39 39 39 39 39 40 41 41 42 44 45 46 47 48 49 50 51 52 53 54 55 57 58 59 60 61 61 62 63 64 65 66 67 68 69 70 71 71 72 73 74 73 73 74 74 74 74 76 74 75 76 77 78 79 79 82 76 76
-32768 -32768 -32768 -32768 -32768 -32768 -32768 -32768 -32768 -32768 -32768 -32768 -32768 -32768 -32768 -32768 -32768 -32768 -32768 -32768 -32768 -32768 -32768 -32768 -32768 -32768 -32768 -32768 -32768 -32768 -32768 -32768 -32768 -32768 -32768 -32768 -32768 40 40 40 40 40 41 42 43 43 44 46 47 48 49 51 51 52 54 54 55 57 58 59 59 60 61 62 63 64 65 66 67 68 69 70 71 72 72 73 74 74 74 75 75 74 74 74 75 75 76 77 77 79 82 83 79 78 80
-32768 -32768 -32768 -32768 -32768 -32768 -32768 -32768 -32768 -32768 -32768 -32768 -32768 -32768 -32768 -32768 -32768 -32768 -32768 -32768 -32768 -32768 -32768 -32768 -32768 -32768 -32768 -32768 -32768 -32768 -32768 -32768 -32768 -32768 -32768 -32768 -32768 41 41 41 41 41 42 43 44 44 45 47 48 49 50 52 53 53 54 56 57 58 58 59 60 61 62 63 64 65 66 67 68 69 70 71 72 72 73 74 74 73 74 74 75 75 75 76 76 76 76 77 81 82 84 85 79 78 79
-32768 -32768 -32768 -32768 -32768 -32768 -32768 -32768 -32768 -32768 -32768 -32768 -32768 -32768 -32768 -32768 -32768 -32768 -32768 -32768 -32768 -32768 -32768 -32768 -32768 -32768 -32768 -32768 -32768 -32768 -32768 -32768 -32768 -32768 -32768 -32768 -32768 42 42 42 42 43 43 44 45 46 46 47 49 50 51 52 53 54 55 56 57 58 59 60 61 62 63 64 65 66 67 68 69 70 71 72 73 73 74 75 75 74 75 75 76 79 77 76 79 77 77 81 82 81 85 86 82 81 79
-32768 -32768 -32768 -32768 -32768 -32768 -32768 -32768 -32768 -32768 -32768 -32768 -32768 -32768 -32768 -32768 -32768 -32768 -32768 -32768 -32768 -32768 -32768 -32768 -32768 -32768 -32768 -32768 -32768 -32768 -32768 -32768 -32768 -32768 -32768 -32768 -32768 -32768 43 43 44 44 44 45 46 47 48 49 50 51 52 53 54 55 56 57 58 59 60 61 62 63 64 65 66 67 68 69 70 71 72 73 73 74 75 76 75 76 78 79 77 76 77 77 80 80 78 78 81 84 86 86 85 80 81
-32768 -32768 -32768 -32768 -32768 -32768 -32768 -32768 -32768 -32768 -32768 -32768 -32768 -32768 -32768 -32768 -32768 -32768 -32768 -32768 -32768 -32768 -32768 -32768 -32768 -32768 -32768 -32768 -32768 -32768 -32768 -32768 -32768 -32768 -32768 -32768 -32768 -32768 44 45 45 45 46 46 47 48 49 50 51 52 53 54 55 56 58 58 60 60 61 62 63 64 65 66 67 68 69 70 71 72 73 74 75 75 76 77 78 79 80 79 77 79 78 78 79 84 79 79 80 84 88 88 81 82 83
-32768 -32768 -32768 -32768 -32768 -32768 -32768 -32768 -32768 -32768 -32768 -32768 -32768 -32768 -32768 -32768 -32768 -32768 -32768 -32768 -32768 -32768 -32768 -32768 -32768 -32768 -32768 -32768 -32768 -32768 -32768 -32768 -32768 -32768 -32768 -32768 -32768 -32768 46 46 46 47 47 48 49 49 50 51 52 53 54 55 57 58 59 60 60 61 63 63 64 65 66 67 68 69 70 71 72 73 74 75 76 76 77 78 79 79 80 82 78 83 83 82 82 84 85 81 81 88 89 89 86 82 83
-32768 -32768 -32768 -32768 -32768 -32768 -32768 -32768 -32768 -32768 -32768 -32768 -32768 -32768 -32768 -32768 -32768 -32768 -32768 -32768 -32768 -32768 -32768 -32768 -32768 -32768 -32768 -32768 -32768 -32768 -32768 -32768 -32768 -32768 -32768 -32768 -32768 -32768 -32768 47 48 48 49 49 50 51 52 52 53 54 56 56 58 59 60 61 62 63 64 65 66 66 67 68 69 70 71 72 73 74 75 76 77 78 78 79 79 77 78 82 82 82 81 79 80 81 86 82 88 90 90 90 90 83 86
-32768 -32768 -32768 -32768 -32768 -32768 -32768 -32768 -32768 -32768 -32768 -32768 -32768 -32768 -32768 -32768 -32768 -32768 -32768 -32768 -32768 -32768 -32768 -32768 -32768 -32768 -32768 -32768 -32768 -32768 -32768 -32768 -32768 -32768 -32768 -32768 -32768 -32768 -32768 49 49 49 50 51 51 52 53 54 55 56 57 58 59 60 61 62 63 64 65 66 67 68 69 70 70 71 72 73 74 75 76 77 78 79 80 80 78 78 79 83 83 81 80 81 82 85 89 83 89 91 91 90 90 92 92
-32768 -32768 -32768 -32768 -32768 -32768 -32768 -32768 -32768 -32768 -32768 -32768 -32768 -32768 -32768 -32768 -32768 -32768 -32768 -32768 -32768 -32768 -32768 -32768 -32768 -32768 -32768 -32768 -32768 -32768 -32768 -32768 -32768 -32768 -32768 -32768 -32768 -32768 -32768 50 50 51 51 52 53 54 55 55 57 57 58 59 60 61 62 63 64 65 66 67 68 69 70 71 72 72 73 74 75 76 77 78 79 80 81 81 80 79 79 83 84 81 83 83 85 90 90 91 92 92 92 92 93 94 88
-32768 -32768 -32768 -32768 -32768 -32768 -32768 -32768 -32768 -32768 -32768 -32768 -32768 -32768 -32768 -32768 -32768 -32768 -32768 -32768 -32768 -32768 -32768 -32768 -32768 -32768 -32768 -32768 -32768 -32768 -32768 -32768 -32768 -32768 -32768 -32768 -32768 -32768 -32768 -32768 52 52 53 54 54 55 56 57 58 59 60 61 62 63 64 65 66 67 67 68 69 70 71 72 73 74 75 75 76 77 78 79 80 81 82 82 84 81 82 82 82 82 82 83 85 89 92 92 93 93 94 94 94 92 87
-32768 -32768 -32768 -32768 -32768 -32768 -32768 -32768 -32768 -32768 -32768 -32768 -32768 -32768 -32768 -32768 -32768 -32768 -32768 -32768 -32768 -32768 -32768 -32768 -32768 -32768 -32768 -32768 -32768 -32768 -32768 -32768 -32768 -32768 -32768 -32768 -32768 -32768 -32768 -32768 53 54 54 55 56 57 57 58 59 60 61 62 63 64 65 66 67 68 69 70 70 71 72 73 74 75 76 77 77 78 79 80 81 82 83 84 85 83 82 82 83 87 83 84 84 88 93 94 94 95 95 95 95 92 90
-32768 -32768 -32768 -32768 -32768 -32768 -32768 -32768 -32768 -32768 -32768 -32768 -32768 -32768 -32768 -32768 -32768 -32768 -32768 -32768 -32768 -32768 -32768 -32768 -32768 -32768 -32768 -32768 -32768 -32768 -32768 -32768 -32768 -32768 -32768 -32768 -32768 -32768 -32768 -32768 55 55 56 56 57 58 59 60 61 61 63 64 65 66 67 68 69 70 70 71 72 72 73 74 75 76 77 78 79 79 80 81 82 83 84 85 86 86 83 84 84 84 85 86 90 93 95 95 95 95 95 92 95 94 94
-32768 -32768 -32768 -32768 -32768 -32768 -32768 -32768 -32768 -32768 -32768 -32768 -32768 -32768 -32768 -32768 -32768 -32768 -32768 -32768 -32768 -32768 -32768 -32768 -32768 -32768 -32768 -32768 -32768 -32768 -32768 -32768 -32768 -32768 -32768 -32768 -32768 -32768 -32768 -32768 56 57 57 58 59 59 60 61 62 63 64 65 66 67 68 69 70 71 71 72 73 74 75 75 76 77 78 79 80 81 81 82 83 84 85 86 87 88 85 84 86 85 88 89 88 91 96 96 94 91 92 92 94 96 98
-32768 -32768 -32768 -32768 -32768 -32768 -32768 -32768 -32768 -32768 -32768 -32768 -32768 -32768 -32768 -32768 -32768 -32768 -32768 -32768 -32768 -32768 -32768 -32768 -32768 -32768 -32768 -32768 -32768 -32768 -32768 -32768 -32768 -32768 -32768 -32768 -32768 -32768 -32768 -32768 57 58 59 59 60 61 62 62 63 64 65 66 67 68 69 70 71 72 73 73 74 75 76 76 77 78 79 80 81 82 82 83 84 85 86 87 88 89 90 89 87 86 87 94 93 96 97 98 98 91 94 97 99 97 99
