wc0.5/Cropped/bio11_28.asc
NCOLS 282 
NROWS 470 
XLLCORNER 79.525 
YLLCORNER 5.91666666666667 
CELLSIZE 0.00833333333333331 
NODATA_value -32768 
[rows 266 to 303 of 470, columns 87 to 173 of 282]
258 258 259 259 259 259 258 253 258 258 259 258 259 257 257 258 258 256 257 228 257 258 255 251 255 254 254 253 255 254 255 253 253 251 241 241 250 228 212 202 234 239 239 238 235 241 243 246 245 246 245 241 231 223 220 218 230 231 235 236 235 242 245 245 233 234 243 247 252 252 253 252 251 248 237 246 251 252 253 254 255 255 255 255 255 256 256
258 258 258 258 259 259 258 257 258 258 258 258 258 258 257 257 258 258 257 241 256 257 256 255 255 255 253 253 255 255 255 254 252 251 239 237 247 244 209 196 228 236 238 237 234 242 242 242 243 245 237 235 227 209 212 201 200 200 223 231 229 235 243 245 236 231 243 252 252 253 251 251 251 249 240 239 250 253 253 254 255 255 255 255 256 256 256
259 258 258 259 258 260 258 257 259 258 258 258 258 258 258 259 258 257 258 256 257 256 257 256 255 254 254 254 255 254 255 254 251 252 243 242 250 237 208 221 239 238 238 236 238 242 238 240 242 245 241 236 224 217 211 190 201 207 223 230 234 243 243 247 239 229 237 251 252 253 252 251 251 250 243 251 253 253 254 255 255 255 255 256 255 255 256
258 259 259 258 259 260 258 259 248 257 259 258 258 258 258 259 259 257 257 256 257 257 257 257 256 255 255 255 255 255 255 254 253 253 252 252 250 251 217 222 235 239 240 238 239 241 237 243 245 246 244 238 214 206 200 194 209 215 227 237 241 241 239 238 242 229 237 249 251 252 252 251 251 250 248 248 253 253 254 254 255 254 254 256 255 255 256
257 257 258 259 259 259 260 259 259 253 259 258 258 259 258 258 258 258 254 255 257 257 248 256 257 256 256 253 255 256 254 255 255 254 251 253 253 248 230 218 234 238 239 238 237 241 236 243 245 246 243 232 217 213 210 201 217 234 236 239 233 236 234 231 235 228 235 247 252 252 252 252 250 249 242 242 253 253 254 254 254 255 255 254 255 255 255
259 259 258 251 259 259 260 258 259 259 250 258 258 258 257 258 258 258 259 254 254 257 244 256 257 256 254 254 255 255 255 255 253 254 253 251 249 248 234 238 239 240 237 238 242 243 243 246 245 238 238 234 225 220 217 201 222 223 233 235 229 233 235 229 235 224 234 249 248 251 252 251 249 248 247 234 253 253 253 253 254 254 255 255 256 256 255
260 259 259 259 258 259 260 260 259 259 258 256 259 259 259 257 258 259 258 257 257 257 252 255 257 256 254 256 256 255 255 254 251 252 254 253 253 245 237 238 239 240 234 236 238 241 240 240 246 234 231 231 226 212 202 204 220 212 226 227 218 232 233 229 233 225 233 246 245 249 249 250 250 251 249 239 253 253 254 254 254 254 255 255 255 256 255
260 260 260 258 258 259 259 260 259 259 259 258 259 259 259 258 258 259 259 258 258 257 256 255 257 257 254 256 256 255 255 255 251 250 253 254 249 246 233 235 238 238 235 234 240 240 241 244 244 237 228 229 226 212 198 199 207 195 213 219 214 223 228 231 232 228 232 245 242 246 250 247 250 249 245 240 244 252 253 254 255 254 255 255 256 256 255
260 260 260 260 258 259 259 259 259 259 259 258 255 259 259 258 258 258 259 259 257 258 257 257 257 257 256 256 256 256 255 255 253 250 251 253 244 238 234 237 239 238 229 234 239 241 242 240 241 245 232 236 219 218 200 196 195 185 207 208 212 218 229 231 228 234 233 247 250 250 251 251 248 249 248 235 247 251 251 254 255 254 254 255 255 256 256
261 261 260 260 257 259 260 259 259 257 259 259 258 251 259 258 258 259 258 258 258 258 258 257 257 257 256 256 256 254 255 255 254 254 252 250 249 232 235 236 239 239 216 230 241 242 242 245 241 245 234 236 226 225 222 210 206 193 200 214 216 229 230 227 226 239 245 249 247 247 251 251 250 250 249 246 249 254 254 255 255 255 255 255 255 256 256
261 261 260 260 259 258 260 259 258 258 257 258 258 257 258 259 258 258 258 259 258 258 258 258 257 257 257 256 253 252 254 255 255 254 252 248 248 241 226 233 236 238 226 233 240 242 243 244 240 241 239 240 229 230 226 222 209 189 197 203 220 227 218 217 234 241 249 238 231 240 248 245 245 246 246 244 253 254 254 255 255 255 255 256 255 256 256
261 260 259 260 258 257 260 259 258 258 257 257 258 257 258 259 257 258 258 258 258 258 258 257 257 257 257 257 257 254 255 252 255 253 252 246 248 245 228 229 237 239 231 234 241 240 242 242 238 240 241 240 236 230 217 210 203 193 190 203 220 224 203 209 235 246 244 234 229 236 246 246 242 244 245 235 245 254 255 254 255 254 255 255 256 256 256
260 259 260 259 259 258 259 259 259 258 258 258 256 256 253 258 257 256 258 258 258 258 258 256 257 257 257 248 255 251 254 256 255 254 253 247 247 248 229 233 238 238 226 231 240 242 244 243 235 237 241 229 239 232 227 218 213 202 191 204 219 214 219 237 247 244 239 231 228 232 245 246 239 245 244 238 246 254 254 254 254 254 255 254 256 256 256
259 260 260 260 260 258 259 259 259 259 258 258 257 257 257 258 258 256 256 258 258 258 258 258 257 257 257 246 255 245 249 254 255 251 254 253 247 244 228 229 236 238 228 233 241 242 243 243 238 239 241 240 230 229 225 214 208 202 191 200 216 208 216 237 246 229 226 221 224 236 241 242 239 237 243 240 246 253 252 253 254 255 255 255 255 256 256
260 259 258 258 259 258 258 259 258 259 258 258 258 258 258 258 258 257 257 257 257 257 258 258 257 257 257 244 239 232 242 254 254 250 246 253 249 242 225 213 222 228 211 221 241 242 242 240 237 239 240 235 224 224 222 205 191 191 186 204 211 208 218 233 238 218 206 215 228 232 232 233 234 240 243 240 244 249 242 244 254 255 255 255 255 256 256
259 259 258 258 258 258 258 259 259 258 258 258 258 258 253 258 258 257 256 257 257 257 257 258 257 256 256 255 233 225 241 253 254 252 245 248 239 243 228 198 200 217 200 216 240 241 244 241 238 240 238 234 219 222 218 206 188 174 186 201 195 212 222 233 233 217 204 214 210 213 228 226 230 234 239 236 239 245 248 246 255 256 256 256 256 256 256
261 259 259 259 258 258 258 259 259 258 258 258 258 259 258 258 258 257 257 256 257 257 257 257 257 257 256 252 232 229 245 254 255 253 249 248 234 229 229 212 216 219 209 226 241 241 240 241 237 233 233 234 216 209 206 206 191 176 190 192 192 202 212 234 229 214 202 197 204 209 220 218 219 228 235 240 246 246 251 247 255 255 255 256 256 256 257
259 260 259 260 259 258 258 258 259 258 259 259 258 259 259 257 258 257 255 255 255 256 258 257 256 256 255 252 234 237 252 254 255 253 250 242 241 228 221 217 217 226 222 240 242 242 240 240 235 231 232 231 217 200 200 192 183 175 185 179 181 206 218 221 226 207 191 184 189 214 215 213 218 222 238 249 251 252 252 249 255 255 254 255 255 256 255
260 259 261 259 258 258 258 259 259 258 258 259 258 258 258 258 258 257 256 255 255 257 257 257 257 256 256 256 245 236 250 251 254 251 240 243 234 231 223 223 228 238 231 242 243 243 240 241 233 229 232 224 221 204 192 193 187 178 173 170 184 209 204 204 219 211 197 186 183 203 192 210 229 237 246 247 244 245 253 252 250 249 254 255 256 255 256
258 260 259 259 259 258 258 259 259 259 258 258 257 257 258 258 257 257 252 252 256 257 257 257 256 257 256 255 254 235 242 254 254 252 232 228 230 222 226 226 224 234 242 243 243 242 240 244 236 224 224 220 215 207 193 198 194 188 171 160 173 190 189 196 207 198 196 191 197 208 220 223 227 241 246 240 234 238 253 253 250 255 255 255 256 256 257
259 258 259 259 259 258 258 259 259 259 259 258 258 255 258 256 250 256 248 244 256 257 255 256 256 256 257 255 249 240 240 253 254 253 244 224 220 226 228 222 241 241 241 242 242 242 241 244 238 230 225 216 205 198 192 197 199 192 182 168 168 168 187 192 195 188 183 189 210 222 230 238 230 248 238 229 225 227 237 248 249 250 255 255 255 255 255
259 259 259 259 258 258 258 259 258 259 259 258 257 257 255 256 256 255 246 239 254 257 255 256 256 256 256 256 254 241 238 253 252 253 250 237 227 220 229 224 231 242 242 241 242 242 237 241 236 236 226 219 209 201 191 196 201 197 191 178 181 170 173 173 181 182 185 188 208 206 217 237 241 242 234 218 211 226 234 242 249 250 253 254 255 255 256
260 259 259 259 259 258 259 259 258 258 259 258 258 257 252 250 256 256 236 227 255 256 254 256 256 256 256 256 255 255 241 243 252 253 252 245 230 224 225 227 222 221 222 242 242 242 239 242 235 233 231 223 216 202 191 185 199 203 198 189 187 183 180 172 171 178 190 215 217 218 217 234 241 232 224 216 203 220 230 239 249 250 250 254 255 256 255
259 258 258 256 258 258 258 259 259 258 259 259 257 255 252 252 257 250 240 241 254 256 253 253 256 256 256 255 255 255 245 237 236 250 250 246 226 223 222 229 224 225 230 233 241 242 241 243 238 234 231 224 215 199 188 185 197 206 204 201 192 192 187 180 170 171 179 193 205 224 234 237 238 233 215 206 200 211 217 234 245 250 250 252 255 256 256
258 259 259 259 259 258 258 258 259 258 259 258 259 258 258 256 256 254 242 241 250 255 251 248 255 256 256 256 256 255 254 240 233 231 245 240 236 222 224 226 224 228 232 230 233 241 241 242 241 235 227 218 210 193 190 187 194 207 209 208 195 199 196 186 191 188 175 183 204 208 222 236 227 232 218 204 185 198 206 224 234 244 248 251 255 256 255
255 260 258 260 259 259 259 258 259 258 257 259 258 258 256 254 257 249 229 249 252 256 255 256 254 255 255 248 247 255 255 254 248 231 231 236 230 233 228 226 232 228 229 230 230 230 233 242 241 237 231 220 210 200 188 187 196 206 215 213 206 207 206 204 197 184 177 167 172 184 211 227 218 205 211 200 193 202 198 210 221 235 245 254 255 255 256
258 260 260 260 260 260 259 259 258 258 257 254 258 255 255 252 255 257 243 251 255 257 256 256 253 253 255 253 244 242 254 254 254 237 231 233 230 228 227 227 233 229 229 231 231 230 224 227 239 239 234 222 207 197 181 183 197 205 208 222 217 214 210 200 192 182 172 163 188 201 219 216 209 186 190 198 206 209 211 203 208 232 244 252 254 255 256
259 259 260 260 260 259 259 259 259 259 257 253 253 253 252 255 254 255 238 248 259 258 257 256 253 251 253 254 249 239 236 249 250 235 234 233 233 231 228 229 231 233 231 230 231 232 231 224 228 239 230 216 201 187 195 191 193 208 213 225 218 212 203 197 182 178 176 174 185 200 217 201 187 182 180 205 212 220 224 220 210 223 240 250 255 254 255
256 257 258 258 259 260 259 260 260 260 257 254 253 255 257 257 258 257 247 254 253 255 254 253 251 250 252 248 250 250 244 249 250 247 236 233 234 232 232 233 233 234 233 230 233 234 231 230 229 240 233 215 206 205 201 193 193 216 219 226 219 213 199 202 197 189 192 178 175 177 200 189 181 190 185 213 211 223 230 230 231 234 249 252 254 255 255
255 251 254 251 259 259 260 261 260 260 255 254 252 257 259 258 257 255 244 259 253 248 251 249 248 251 250 248 246 248 250 249 248 249 237 233 235 234 235 234 233 235 237 234 235 234 233 232 231 233 237 224 217 218 215 212 210 223 226 232 222 213 206 214 206 203 187 178 170 167 187 201 196 204 211 220 221 226 232 233 236 244 250 253 253 255 256
257 251 255 253 257 259 261 261 261 259 260 258 258 259 253 259 258 257 249 260 253 251 248 248 245 246 250 249 248 245 247 248 249 247 237 233 234 233 235 235 235 235 236 235 237 230 231 232 232 230 235 232 221 224 220 217 216 227 230 228 223 221 217 210 200 188 174 172 185 184 181 199 208 210 220 224 225 226 232 230 239 248 253 254 255 256 255
261 253 255 255 258 258 261 261 261 260 258 257 258 258 258 259 258 258 257 259 256 255 250 249 244 249 252 248 252 248 242 245 247 247 240 232 234 233 233 234 235 235 235 236 236 234 232 235 233 232 233 234 227 225 223 218 219 224 230 224 223 212 206 201 198 192 189 185 188 190 188 202 213 218 224 226 227 225 222 226 243 252 254 254 255 256 256
260 259 256 252 256 258 261 261 260 259 254 255 257 255 260 258 259 260 260 257 253 254 254 252 246 249 252 253 253 249 245 241 243 247 246 235 234 233 234 234 235 235 236 236 235 235 235 234 234 235 233 235 232 225 225 222 220 229 234 224 221 219 209 200 196 201 192 184 192 186 178 200 198 213 211 221 226 225 216 225 241 248 254 251 255 254 255
260 260 260 251 249 254 261 261 260 261 259 257 259 259 260 260 259 260 261 258 259 252 252 255 255 254 255 254 251 249 247 236 228 237 243 231 234 234 233 233 234 234 235 236 237 235 236 236 235 236 234 234 232 231 222 213 219 222 231 225 221 217 211 205 203 211 201 200 195 184 182 178 191 198 204 218 222 216 210 220 232 243 243 244 249 236 254
259 261 261 261 261 261 261 262 261 260 257 258 259 261 261 261 260 259 259 256 257 254 251 253 252 254 254 255 253 251 248 246 239 239 233 231 232 232 232 232 232 234 234 235 236 238 238 235 237 235 235 235 234 231 229 222 218 220 229 233 225 219 214 218 213 223 211 210 198 197 189 186 178 193 213 220 217 208 207 213 225 226 232 244 248 240 252
261 261 261 262 261 260 262 261 261 261 260 261 260 261 260 261 260 259 260 256 253 256 243 243 249 250 251 250 252 251 253 251 250 247 239 227 232 230 229 228 232 233 234 235 237 238 237 237 237 236 234 235 234 233 233 232 222 224 233 238 233 223 217 219 222 226 224 217 207 198 187 178 177 197 209 215 210 200 202 206 214 202 221 238 240 242 252
261 261 262 262 261 261 261 261 261 260 259 254 261 261 260 261 261 259 258 253 257 255 254 250 239 241 244 248 241 240 240 250 250 247 238 228 227 229 229 227 221 233 234 235 237 236 237 237 236 235 234 235 235 234 234 233 229 230 234 237 236 234 228 224 223 225 227 222 205 197 185 180 180 193 216 210 205 210 206 208 212 208 209 223 233 243 253
261 259 259 260 259 258 261 261 261 257 254 252 257 257 255 261 260 260 257 255 256 256 253 256 237 218 228 240 229 226 227 237 236 230 227 220 225 230 234 229 229 230 237 236 236 233 233 237 237 235 235 235 236 235 234 233 231 232 233 236 237 237 234 229 216 212 228 225 211 198 198 199 201 199 213 221 220 218 211 211 211 216 219 218 233 251 253
