wc0.5/Cropped/bio19_28.asc
NCOLS 282 
NROWS 470 
XLLCORNER 79.525 
YLLCORNER 5.91666666666667 
CELLSIZE 0.00833333333333331 
NODATA_value -32768 
[rows 380 to 417 of 470, columns 174 to 260 of 282]
659 653 399 393 387 423 423 422 397 409 423 419 400 401 402 403 620 409 412 415 417 420 423 426 429 432 435 438 442 444 448 452 455 459 462 466 471 475 478 483 485 489 492 496 500 506 508 512 515 520 523 527 530 534 538 542 546 550 554 557 561 565 570 573 579 581 586 589 593 596 599 602 606 610 613 617 621 624 628 631 635 637 640 643 646 649 651
428 409 646 406 395 607 414 402 403 624 424 428 617 398 400 401 402 405 407 411 414 415 419 422 425 428 432 433 437 441 444 448 450 454 458 462 466 470 474 477 481 485 489 493 498 502 506 508 510 514 518 522 527 531 534 538 542 545 549 553 557 562 567 569 573 577 581 584 589 592 595 598 602 605 609 613 617 620 623 628 630 633 637 639 641 645 647
435 386 602 638 433 416 388 380 390 405 415 421 410 612 395 396 398 400 403 615 408 411 414 418 422 424 427 430 433 437 439 443 447 450 454 459 461 466 469 473 478 481 485 489 493 495 499 502 506 510 514 519 523 527 530 533 537 541 545 549 553 557 563 565 569 573 576 580 585 588 591 595 597 602 605 608 613 616 619 623 627 629 633 635 637 640 644
374 596 374 373 422 426 374 375 595 380 382 388 387 388 390 392 606 396 399 402 403 407 410 414 417 419 423 426 428 432 435 439 443 445 449 453 457 461 465 469 474 478 480 483 488 492 495 499 503 507 511 515 518 522 526 530 534 538 541 544 548 553 557 561 564 568 572 576 579 583 587 590 594 598 601 605 609 612 616 619 623 625 628 631 634 637 639
370 370 591 588 586 588 384 372 373 376 378 379 381 383 386 387 390 392 395 397 400 403 407 409 413 415 419 421 425 429 431 434 438 441 445 450 454 457 461 465 469 473 477 480 484 489 493 496 500 503 506 510 515 519 522 526 530 533 537 541 545 549 553 557 561 565 569 572 575 580 582 587 590 594 598 602 605 609 612 616 618 622 625 627 631 633 636
604 408 584 582 363 583 377 582 368 375 604 381 377 379 591 593 594 388 390 393 396 398 402 408 409 411 414 418 421 423 426 430 434 438 441 446 451 456 456 461 465 469 472 477 480 485 489 493 495 499 502 507 511 515 519 522 526 530 533 537 541 544 549 553 557 561 564 568 571 576 579 583 587 590 594 597 602 606 608 611 615 619 622 624 626 630 633
387 579 582 582 578 575 577 363 406 384 370 372 376 374 377 379 381 590 387 389 391 395 398 403 404 408 411 414 416 420 424 427 431 435 437 441 445 449 453 457 462 466 469 473 476 479 483 489 492 495 499 504 507 511 515 518 523 527 530 534 536 541 545 549 552 556 560 564 567 571 575 580 583 587 590 594 598 601 605 608 612 615 618 621 623 627 630
352 572 578 576 574 355 357 571 604 385 369 367 369 375 582 581 377 381 383 385 388 391 393 398 400 404 407 410 413 416 420 423 426 430 433 437 442 446 450 454 458 462 464 468 473 476 480 484 488 492 496 499 503 507 511 515 519 524 527 529 533 538 542 545 549 553 557 561 564 568 572 576 580 583 586 590 593 597 601 604 607 612 614 618 620 624 626
563 566 568 570 352 567 352 354 359 369 363 362 365 372 369 370 373 377 379 381 385 387 390 394 397 400 402 406 409 413 417 418 422 426 429 434 438 442 446 451 452 457 460 464 469 472 476 480 485 487 491 495 499 503 507 511 516 518 522 526 530 535 537 541 546 549 554 557 560 564 569 572 576 579 583 587 590 594 596 600 604 608 610 615 617 620 623
560 344 565 347 562 561 349 350 351 355 356 358 361 363 572 366 370 374 375 378 380 383 386 391 393 396 398 403 406 409 412 415 419 423 427 430 434 439 443 445 449 453 456 460 465 469 472 477 480 483 487 491 496 499 503 508 511 515 519 522 526 531 534 538 542 546 549 554 557 561 564 569 573 576 579 582 586 590 593 597 600 604 607 610 614 616 619
558 559 559 342 557 557 344 347 348 558 560 561 357 566 568 363 367 369 371 374 377 380 384 387 388 392 395 399 403 405 408 412 415 419 423 426 430 435 438 442 446 449 452 456 461 465 467 472 476 480 483 488 492 496 499 503 507 512 516 519 523 527 531 536 539 544 547 550 554 557 561 566 570 572 576 579 583 586 590 593 597 601 603 606 610 614 616
548 336 556 339 554 553 554 342 345 554 555 556 559 559 561 360 363 365 368 371 373 376 380 384 386 388 392 584 399 402 405 409 411 415 420 424 426 430 434 440 444 446 449 453 457 460 464 468 473 476 480 484 488 492 495 499 504 509 512 515 519 524 528 534 537 539 543 547 550 554 559 563 566 569 573 575 579 582 586 589 593 596 600 603 607 610 612
542 331 548 335 337 551 339 340 342 342 550 551 554 351 354 356 359 362 364 367 370 373 377 380 382 385 389 392 395 398 402 405 408 412 416 419 423 427 431 435 440 442 446 450 452 456 460 464 469 472 476 483 488 487 491 496 500 504 509 512 516 520 527 532 533 535 539 543 547 551 555 559 562 565 568 572 576 580 584 587 591 593 597 600 603 606 609
538 328 543 332 549 335 336 337 338 546 547 547 345 348 351 353 356 557 360 364 366 370 374 377 379 382 572 387 391 395 398 402 406 408 412 416 419 423 427 431 435 439 443 446 449 452 457 461 465 468 472 476 485 484 487 492 496 500 505 508 513 518 521 525 530 532 535 539 543 547 551 554 559 562 565 569 573 576 580 583 587 590 594 597 600 602 606
533 327 543 329 330 337 333 334 547 546 544 545 343 345 545 349 352 355 357 360 363 367 371 372 376 378 382 384 387 391 395 399 402 405 409 412 416 419 423 428 432 435 440 443 445 449 453 457 461 466 469 472 476 480 484 488 493 498 501 505 510 515 519 521 525 528 532 536 539 544 546 551 555 559 561 566 569 573 576 580 584 587 590 594 596 599 603
534 533 533 537 538 555 344 541 541 543 546 339 340 342 543 346 348 351 354 357 360 364 367 370 564 375 379 382 384 388 391 395 399 402 405 410 413 417 420 424 428 432 436 440 443 446 450 454 457 462 467 470 473 477 481 486 490 493 497 502 506 511 514 517 521 524 528 532 536 540 543 547 551 554 559 563 566 570 573 577 580 584 587 590 593 596 600
529 529 528 322 323 327 338 542 539 537 539 335 338 339 341 343 345 544 546 353 356 553 363 368 369 373 376 379 381 385 388 391 395 399 402 406 409 413 416 421 425 428 432 436 439 443 447 451 455 459 463 466 470 474 478 482 486 490 494 498 502 507 510 514 517 522 525 529 533 535 540 543 548 552 556 558 562 566 569 573 576 580 583 587 590 593 597
524 525 525 319 320 533 329 542 537 536 536 332 334 336 338 341 342 346 347 350 354 549 360 364 367 370 372 376 379 381 385 388 392 396 400 403 406 410 414 417 421 425 429 433 435 440 443 447 451 455 459 462 466 470 475 478 483 487 491 495 499 503 506 510 514 518 522 526 531 532 536 541 544 548 552 555 559 562 566 570 574 578 581 585 587 590 592
520 520 523 317 524 528 530 539 533 535 328 329 331 333 336 338 539 343 345 347 542 546 357 361 364 366 369 372 376 379 382 385 388 392 396 400 403 406 410 414 418 422 425 429 433 436 440 444 448 452 456 459 463 467 471 475 479 483 488 491 495 499 502 507 511 515 519 522 526 529 533 538 541 544 548 552 557 558 563 567 571 575 578 582 584 587 589
517 311 520 521 520 523 526 556 546 324 325 328 330 535 334 534 338 339 342 346 348 542 355 547 360 364 366 369 373 375 379 382 385 389 393 397 399 404 408 411 415 419 422 426 430 433 436 441 445 448 452 455 459 463 467 472 476 479 484 488 492 495 499 504 507 511 516 519 523 526 530 535 538 541 544 549 552 555 561 564 567 571 574 578 581 584 586
513 515 516 515 517 521 525 533 323 322 324 325 327 330 332 333 335 336 340 342 345 541 351 354 358 361 364 366 370 374 376 380 382 385 389 393 397 400 404 409 412 416 420 423 427 430 433 437 441 445 449 453 456 460 464 468 473 476 481 484 489 494 497 500 504 507 511 515 518 523 527 530 534 538 541 545 549 553 557 560 564 568 571 575 578 581 584
512 512 512 514 517 520 316 316 320 321 321 322 325 328 329 331 527 335 528 339 342 346 348 350 354 357 361 364 367 370 373 377 380 384 386 390 394 398 401 405 410 412 416 420 424 428 432 433 437 442 445 450 453 457 461 466 470 473 477 482 486 489 493 496 500 503 507 512 516 520 524 527 531 533 537 541 546 550 554 557 561 564 568 571 574 578 580
509 508 509 512 514 517 313 316 316 319 320 320 522 325 327 328 331 332 526 526 339 343 346 349 351 355 358 362 365 368 371 373 377 381 385 388 391 394 398 402 406 410 413 416 421 425 429 432 435 439 443 447 451 454 458 462 467 470 474 478 482 485 489 493 496 500 505 509 512 516 520 523 527 530 534 539 542 546 549 554 558 560 563 567 570 573 576
507 507 305 509 511 511 310 312 314 315 317 317 320 323 324 326 522 329 332 334 527 341 343 346 349 351 354 359 361 365 369 371 374 378 381 385 388 391 395 400 403 406 410 414 417 422 425 429 433 436 440 444 448 451 455 459 463 468 470 475 479 482 486 490 494 498 502 505 509 513 516 520 524 527 531 535 539 543 546 550 553 557 560 564 567 -32768 -32768
504 504 506 508 305 307 308 510 312 513 513 514 317 320 323 323 520 520 517 332 335 338 342 343 346 349 353 356 361 362 366 370 372 375 378 382 386 389 393 397 400 404 407 411 415 418 422 426 429 434 436 440 444 448 451 456 460 464 467 471 475 478 482 486 490 494 498 501 505 509 512 516 519 524 529 531 535 539 543 547 550 554 557 559 -32768 -32768 -32768
501 300 508 304 304 305 308 506 507 508 311 314 316 318 321 519 324 517 516 330 332 335 338 342 343 347 350 353 357 361 363 366 370 373 376 379 383 387 390 394 398 401 405 408 412 416 419 423 426 430 433 437 441 445 448 453 457 461 464 468 472 476 480 484 487 491 495 498 502 506 509 513 516 521 525 528 532 535 539 542 547 550 553 -32768 -32768 -32768 -32768
498 500 301 303 302 501 505 505 502 308 310 312 313 316 319 513 514 324 513 327 331 334 335 338 341 345 347 351 354 358 362 364 367 370 373 377 380 383 387 390 394 398 402 405 409 413 417 420 423 428 431 435 439 443 446 449 454 458 461 465 469 474 477 481 484 488 492 495 499 503 506 510 514 518 521 525 529 532 536 539 544 546 -32768 -32768 -32768 -32768 -32768
299 299 300 301 301 498 500 503 501 306 308 309 312 314 510 509 319 509 323 325 328 331 334 335 339 342 346 348 352 354 358 362 365 368 371 375 377 381 385 388 392 395 399 403 406 410 414 418 421 425 429 432 435 440 444 447 451 455 458 462 466 470 473 477 480 485 489 493 496 500 504 508 511 515 518 522 525 529 532 536 539 -32768 -32768 -32768 -32768 -32768 -32768
494 297 497 300 301 496 301 497 497 498 306 503 310 506 506 507 316 318 321 323 326 330 331 334 337 340 342 346 349 353 356 534 362 365 369 372 376 378 382 386 390 392 397 399 403 408 411 414 418 422 426 429 432 436 441 444 448 452 456 459 463 467 470 474 477 481 486 489 493 498 501 505 508 512 514 519 522 526 529 -32768 -32768 -32768 -32768 -32768 -32768 -32768 -32768
296 495 499 497 495 494 298 494 494 304 305 499 502 502 311 312 315 317 319 321 324 327 330 331 335 338 340 344 346 350 354 357 361 364 367 370 373 377 380 383 387 390 394 397 401 405 408 411 415 419 422 426 430 433 437 441 444 448 452 455 459 464 467 471 475 479 483 486 491 495 498 502 505 509 512 -32768 -32768 -32768 -32768 -32768 -32768 -32768 -32768 -32768 -32768 -32768 -32768
493 492 492 493 493 491 297 297 300 499 304 496 306 308 309 311 314 315 317 319 322 325 327 329 333 334 338 341 345 348 352 356 358 362 365 368 372 374 378 382 385 387 391 395 399 402 406 410 413 417 420 423 427 431 434 438 442 445 450 453 457 461 465 468 472 476 480 483 487 491 494 498 502 506 509 513 515 -32768 -32768 -32768 -32768 -32768 -32768 -32768 -32768 -32768 -32768
489 490 490 492 492 489 295 488 298 493 302 495 304 305 307 308 311 314 315 318 320 503 325 328 330 333 336 340 342 346 349 353 358 360 363 366 369 373 376 379 382 386 389 392 396 400 403 407 411 414 418 422 425 429 433 436 440 443 447 451 454 458 461 465 469 472 477 480 484 488 491 495 498 503 506 508 -32768 -32768 -32768 -32768 -32768 -32768 -32768 -32768 -32768 -32768 -32768
485 485 484 489 490 489 295 486 487 491 299 491 492 304 305 308 310 311 499 316 318 320 323 325 329 331 334 337 340 343 348 351 356 360 361 365 368 373 374 377 381 384 388 401 395 398 401 404 408 412 415 419 423 426 430 433 437 441 444 448 451 455 459 462 466 469 473 477 481 485 488 492 496 499 502 -32768 -32768 -32768 -32768 -32768 -32768 -32768 -32768 -32768 -32768 -32768 -32768
481 482 292 488 485 293 293 483 485 297 487 299 489 302 303 306 493 310 313 314 500 320 321 325 327 330 332 336 338 343 346 348 353 356 361 362 365 369 373 375 378 382 414 418 394 397 399 403 406 409 413 416 420 424 427 432 436 439 442 445 449 452 456 459 463 466 470 473 478 482 485 488 492 495 -32768 -32768 -32768 -32768 -32768 -32768 -32768 -32768 -32768 -32768 -32768 -32768 -32768
480 481 482 484 292 482 482 292 482 295 296 297 299 300 302 304 492 310 498 314 316 319 321 323 325 328 331 334 337 339 343 346 350 354 359 360 363 367 370 375 378 388 393 387 391 394 397 403 405 408 411 415 418 422 426 429 434 436 440 443 447 450 454 457 461 466 468 471 475 478 483 485 -32768 -32768 -32768 -32768 -32768 -32768 -32768 -32768 -32768 -32768 -32768 -32768 -32768 -32768 -32768
478 287 480 289 290 291 290 291 480 294 295 296 297 299 301 302 306 309 310 313 314 317 320 322 324 326 330 332 335 338 341 345 347 352 355 358 361 366 371 373 378 380 383 385 390 392 395 399 402 406 409 412 416 420 424 428 431 435 438 442 445 448 451 455 458 462 465 468 472 475 479 -32768 -32768 -32768 -32768 -32768 -32768 -32768 -32768 -32768 -32768 -32768 -32768 -32768 -32768 -32768 -32768
478 479 479 289 290 476 288 475 290 291 292 294 295 479 482 486 488 306 309 312 313 315 317 319 322 326 327 330 333 336 339 342 346 351 352 355 358 373 367 370 375 378 380 384 387 390 394 397 400 402 406 410 413 417 420 425 427 432 436 439 442 446 448 452 455 459 462 466 469 473 -32768 -32768 -32768 -32768 -32768 -32768 -32768 -32768 -32768 -32768 -32768 -32768 -32768 -32768 -32768 -32768 -32768
478 289 288 289 475 475 475 288 288 290 292 474 294 477 480 301 302 487 306 309 312 314 315 318 320 323 326 328 330 334 337 340 509 347 350 353 358 363 363 368 374 374 379 380 384 388 391 395 398 402 404 409 411 415 419 422 424 429 433 436 440 443 445 449 452 456 -32768 -32768 -32768 -32768 -32768 -32768 -32768 -32768 -32768 -32768 -32768 -32768 -32768 -32768 -32768 -32768 -32768 -32768 -32768 -32768 -32768
