wc0.5/Cropped/bio16_28.asc
NCOLS 282 
NROWS 470 
XLLCORNER 79.525 
YLLCORNER 5.91666666666667 
CELLSIZE 0.00833333333333331 
NODATA_value -32768 
[rows 266 to 303 of 470, columns 0 to 85 of 282]
-32768 -32768 -32768 -32768 -32768 -32768 -32768 -32768 -32768 -32768 -32768 -32768 -32768 -32768 -32768 -32768 -32768 -32768 -32768 -32768 -32768 -32768 -32768 -32768 -32768 -32768 -32768 -32768 -32768 -32768 -32768 -32768 -32768 644 645 646 647 648 649 651 652 652 653 654 655 656 658 659 659 662 662 663 664 664 666 667 667 669 670 671 674 676 676 678 678 678 679 682 682 683 685 688 690 691 693 695 696 697 699 701 703 707 710 711 713 715
-32768 -32768 -32768 -32768 -32768 -32768 -32768 -32768 -32768 -32768 -32768 -32768 -32768 -32768 -32768 -32768 -32768 -32768 -32768 -32768 -32768 -32768 -32768 -32768 -32768 -32768 -32768 -32768 -32768 -32768 -32768 -32768 -32768 645 645 647 648 649 650 652 653 654 655 656 657 658 659 660 663 662 663 663 664 665 667 667 671 673 675 674 675 676 680 679 682 682 683 684 685 686 687 689 689 692 693 696 697 700 703 703 706 709 710 713 714 716
-32768 -32768 -32768 -32768 -32768 -32768 -32768 -32768 -32768 -32768 -32768 -32768 -32768 -32768 -32768 -32768 -32768 -32768 -32768 -32768 -32768 -32768 -32768 -32768 -32768 -32768 -32768 -32768 -32768 -32768 -32768 -32768 645 646 647 648 649 651 651 653 654 655 656 658 660 660 662 663 664 666 666 666 666 668 669 670 673 674 676 677 677 679 681 682 684 685 686 686 688 691 690 692 694 694 695 698 700 702 704 706 709 712 710 714 716 717
-32768 -32768 -32768 -32768 -32768 -32768 -32768 -32768 -32768 -32768 -32768 -32768 -32768 -32768 -32768 -32768 -32768 -32768 -32768 -32768 -32768 -32768 -32768 -32768 -32768 -32768 -32768 -32768 -32768 -32768 -32768 -32768 646 646 647 648 650 652 653 654 655 657 658 660 661 662 664 665 665 666 669 669 670 672 673 674 674 676 678 678 681 681 682 683 684 685 688 689 690 693 695 696 696 698 697 699 702 703 705 708 711 712 713 714 717 721
-32768 -32768 -32768 -32768 -32768 -32768 -32768 -32768 -32768 -32768 -32768 -32768 -32768 -32768 -32768 -32768 -32768 -32768 -32768 -32768 -32768 -32768 -32768 -32768 -32768 -32768 -32768 -32768 -32768 -32768 -32768 -32768 647 648 649 650 651 653 654 655 656 658 661 663 663 665 666 666 668 668 671 671 672 674 676 675 676 679 680 679 682 683 684 685 685 688 689 691 693 694 697 698 700 700 701 704 703 705 708 711 712 713 716 719 721 722
-32768 -32768 -32768 -32768 -32768 -32768 -32768 -32768 -32768 -32768 -32768 -32768 -32768 -32768 -32768 -32768 -32768 -32768 -32768 -32768 -32768 -32768 -32768 -32768 -32768 -32768 -32768 -32768 -32768 -32768 -32768 -32768 648 648 649 650 653 654 655 656 658 659 661 665 666 667 667 669 670 670 675 676 674 676 679 678 678 679 680 682 683 685 685 687 687 690 691 693 692 696 700 701 711 703 706 705 707 708 711 713 716 714 718 721 725 727
-32768 -32768 -32768 -32768 -32768 -32768 -32768 -32768 -32768 -32768 -32768 -32768 -32768 -32768 -32768 -32768 -32768 -32768 -32768 -32768 -32768 -32768 -32768 -32768 -32768 -32768 -32768 -32768 -32768 -32768 -32768 -32768 648 650 651 652 653 655 656 658 660 661 663 666 667 668 669 671 670 672 673 675 677 675 679 679 681 680 682 683 683 686 686 688 689 691 694 693 696 699 701 701 703 706 709 707 711 711 712 715 716 718 720 724 727 728
-32768 -32768 -32768 -32768 -32768 -32768 -32768 -32768 -32768 -32768 -32768 -32768 -32768 -32768 -32768 -32768 -32768 -32768 -32768 -32768 -32768 -32768 -32768 -32768 -32768 -32768 -32768 -32768 -32768 -32768 -32768 -32768 649 651 652 653 655 657 658 659 661 663 665 668 671 668 671 671 672 673 675 676 676 679 680 680 680 682 683 685 685 686 687 689 690 692 694 695 698 700 702 703 704 706 709 711 714 716 718 716 717 720 724 725 728 729
-32768 -32768 -32768 -32768 -32768 -32768 -32768 -32768 -32768 -32768 -32768 -32768 -32768 -32768 -32768 -32768 -32768 -32768 -32768 -32768 -32768 -32768 -32768 -32768 -32768 -32768 -32768 -32768 -32768 -32768 -32768 -32768 651 652 653 654 655 657 659 660 662 663 667 668 669 671 671 672 673 676 677 676 678 680 681 682 682 682 683 685 686 689 691 691 693 695 697 699 699 702 704 705 707 708 710 716 714 717 719 720 722 724 725 727 729 733
-32768 -32768 -32768 -32768 -32768 -32768 -32768 -32768 -32768 -32768 -32768 -32768 -32768 -32768 -32768 -32768 -32768 -32768 -32768 -32768 -32768 -32768 -32768 -32768 -32768 -32768 -32768 -32768 -32768 -32768 -32768 -32768 -32768 653 655 656 657 659 660 661 663 665 667 670 671 671 673 673 674 676 678 678 680 681 682 682 684 685 685 689 688 692 695 694 695 696 697 699 701 703 704 707 708 709 712 714 716 718 719 722 724 727 726 731 733 735
-32768 -32768 -32768 -32768 -32768 -32768 -32768 -32768 -32768 -32768 -32768 -32768 -32768 -32768 -32768 -32768 -32768 -32768 -32768 -32768 -32768 -32768 -32768 -32768 -32768 -32768 -32768 -32768 -32768 -32768 -32768 -32768 -32768 654 655 657 659 660 662 662 664 668 669 671 671 672 673 674 677 678 680 680 682 683 683 683 686 688 690 692 693 695 699 697 697 699 699 703 704 705 706 708 711 712 714 714 718 721 723 725 727 730 731 732 733 736
-32768 -32768 -32768 -32768 -32768 -32768 -32768 -32768 -32768 -32768 -32768 -32768 -32768 -32768 -32768 -32768 -32768 -32768 -32768 -32768 -32768 -32768 -32768 -32768 -32768 -32768 -32768 -32768 -32768 -32768 -32768 -32768 -32768 656 657 658 659 662 663 664 666 668 671 672 673 674 674 677 678 679 680 682 683 683 683 686 688 690 691 693 694 697 701 700 700 702 702 704 707 710 712 713 713 715 716 719 719 724 725 727 728 733 733 736 735 738
-32768 -32768 -32768 -32768 -32768 -32768 -32768 -32768 -32768 -32768 -32768 -32768 -32768 -32768 -32768 -32768 -32768 -32768 -32768 -32768 -32768 -32768 -32768 -32768 -32768 -32768 -32768 -32768 -32768 -32768 -32768 -32768 -32768 658 659 659 662 663 664 665 666 670 673 672 673 674 676 679 680 680 681 684 685 684 686 688 690 693 695 695 696 702 702 707 705 706 707 708 707 711 714 716 717 719 722 723 721 724 725 727 731 734 736 738 740 741
-32768 -32768 -32768 -32768 -32768 -32768 -32768 -32768 -32768 -32768 -32768 -32768 -32768 -32768 -32768 -32768 -32768 -32768 -32768 -32768 -32768 -32768 -32768 -32768 -32768 -32768 -32768 -32768 -32768 -32768 -32768 -32768 -32768 659 660 661 664 665 666 667 669 671 673 675 675 676 679 680 682 679 682 684 684 685 686 692 693 693 697 698 700 702 703 704 706 708 711 711 713 714 716 719 721 721 723 725 727 728 729 731 732 735 737 740 743 742
-32768 -32768 -32768 -32768 -32768 -32768 -32768 -32768 -32768 -32768 -32768 -32768 -32768 -32768 -32768 -32768 -32768 -32768 -32768 -32768 -32768 -32768 -32768 -32768 -32768 -32768 -32768 -32768 -32768 -32768 -32768 -32768 -32768 661 661 663 664 665 667 670 671 672 673 674 675 677 680 679 680 681 682 684 686 689 692 690 694 696 699 700 702 702 706 706 708 709 713 715 717 716 718 720 721 722 726 728 729 732 730 736 736 736 740 744 745 747
-32768 -32768 -32768 -32768 -32768 -32768 -32768 -32768 -32768 -32768 -32768 -32768 -32768 -32768 -32768 -32768 -32768 -32768 -32768 -32768 -32768 -32768 -32768 -32768 -32768 -32768 -32768 -32768 -32768 -32768 -32768 -32768 -32768 662 662 663 666 667 670 672 673 674 673 676 678 680 678 681 683 685 687 689 693 693 693 693 695 698 700 700 704 705 707 707 709 712 714 718 719 719 719 722 726 725 729 730 733 735 734 737 738 739 742 747 756 749
-32768 -32768 -32768 -32768 -32768 -32768 -32768 -32768 -32768 -32768 -32768 -32768 -32768 -32768 -32768 -32768 -32768 -32768 -32768 -32768 -32768 -32768 -32768 -32768 -32768 -32768 -32768 -32768 -32768 -32768 -32768 -32768 -32768 664 664 665 666 668 671 672 673 675 676 677 678 679 681 684 685 689 690 691 695 694 695 696 697 698 700 701 704 705 708 711 713 715 716 719 722 723 724 726 729 730 731 734 736 738 736 741 741 742 747 748 751 752
-32768 -32768 -32768 -32768 -32768 -32768 -32768 -32768 -32768 -32768 -32768 -32768 -32768 -32768 -32768 -32768 -32768 -32768 -32768 -32768 -32768 -32768 -32768 -32768 -32768 -32768 -32768 -32768 -32768 -32768 -32768 -32768 -32768 -32768 665 667 668 669 671 673 674 675 676 677 678 682 683 684 688 689 692 695 696 696 698 699 700 703 704 706 706 708 709 713 714 716 720 724 725 725 727 735 735 733 734 735 739 741 740 743 744 747 749 751 752 755
-32768 -32768 -32768 -32768 -32768 -32768 -32768 -32768 -32768 -32768 -32768 -32768 -32768 -32768 -32768 -32768 -32768 -32768 -32768 -32768 -32768 -32768 -32768 -32768 -32768 -32768 -32768 -32768 -32768 -32768 -32768 -32768 -32768 -32768 667 668 669 671 673 676 677 677 680 679 681 682 686 689 687 691 694 697 698 698 701 702 703 704 708 709 709 710 714 713 716 718 720 724 726 729 729 736 737 735 735 737 743 744 742 747 746 750 753 754 752 759
-32768 -32768 -32768 -32768 -32768 -32768 -32768 -32768 -32768 -32768 -32768 -32768 -32768 -32768 -32768 -32768 -32768 -32768 -32768 -32768 -32768 -32768 -32768 -32768 -32768 -32768 -32768 -32768 -32768 -32768 -32768 -32768 -32768 -32768 670 673 674 675 676 677 678 680 683 684 683 687 688 692 693 694 696 697 698 702 703 704 706 706 710 712 713 712 717 718 719 720 722 726 728 731 733 735 737 740 740 741 744 745 746 750 751 752 753 754 755 760
-32768 -32768 -32768 -32768 -32768 -32768 -32768 -32768 -32768 -32768 -32768 -32768 -32768 -32768 -32768 -32768 -32768 -32768 -32768 -32768 -32768 -32768 -32768 -32768 -32768 -32768 -32768 -32768 -32768 -32768 -32768 -32768 -32768 -32768 671 673 675 676 677 677 681 683 686 685 687 690 691 694 694 697 696 699 701 704 707 708 708 712 711 712 715 717 717 719 723 723 725 728 730 734 735 736 740 745 743 743 746 748 751 753 759 754 754 755 758 760
-32768 -32768 -32768 -32768 -32768 -32768 -32768 -32768 -32768 -32768 -32768 -32768 -32768 -32768 -32768 -32768 -32768 -32768 -32768 -32768 -32768 -32768 -32768 -32768 -32768 -32768 -32768 -32768 -32768 -32768 -32768 -32768 -32768 -32768 -32768 675 677 678 678 679 680 683 686 688 690 693 694 696 696 699 701 701 703 705 708 710 713 713 713 717 719 721 720 721 723 727 731 729 731 735 736 740 745 747 747 748 749 751 753 756 758 759 757 757 762 763
-32768 -32768 -32768 -32768 -32768 -32768 -32768 -32768 -32768 -32768 -32768 -32768 -32768 -32768 -32768 -32768 -32768 -32768 -32768 -32768 -32768 -32768 -32768 -32768 -32768 -32768 -32768 -32768 -32768 -32768 -32768 -32768 -32768 -32768 -32768 676 679 678 682 682 684 686 687 689 692 693 697 699 699 701 704 705 706 707 711 712 716 715 717 719 723 725 729 727 725 729 733 735 735 736 740 742 747 749 748 751 750 753 756 759 761 760 760 761 765 767
-32768 -32768 -32768 -32768 -32768 -32768 -32768 -32768 -32768 -32768 -32768 -32768 -32768 -32768 -32768 -32768 -32768 -32768 -32768 -32768 -32768 -32768 -32768 -32768 -32768 -32768 -32768 -32768 -32768 -32768 -32768 -32768 -32768 -32768 -32768 678 680 681 682 683 686 687 691 693 695 696 696 699 702 703 705 706 709 711 713 716 717 719 719 721 724 727 728 735 730 732 732 734 736 737 741 746 747 751 750 753 756 754 758 765 761 765 761 765 766 769
-32768 -32768 -32768 -32768 -32768 -32768 -32768 -32768 -32768 -32768 -32768 -32768 -32768 -32768 -32768 -32768 -32768 -32768 -32768 -32768 -32768 -32768 -32768 -32768 -32768 -32768 -32768 -32768 -32768 -32768 -32768 -32768 -32768 -32768 -32768 -32768 682 684 684 686 687 689 691 694 698 698 698 701 702 701 707 708 712 714 716 718 722 721 722 723 729 730 730 738 735 738 742 740 741 741 743 748 750 751 753 758 759 758 761 768 763 763 764 767 768 772
-32768 -32768 -32768 -32768 -32768 -32768 -32768 -32768 -32768 -32768 -32768 -32768 -32768 -32768 -32768 -32768 -32768 -32768 -32768 -32768 -32768 -32768 -32768 -32768 -32768 -32768 -32768 -32768 -32768 -32768 -32768 -32768 -32768 -32768 -32768 -32768 683 685 688 687 687 690 693 695 694 696 698 699 702 707 708 709 713 714 717 722 726 725 725 726 737 734 734 736 736 741 744 746 744 746 747 748 752 754 758 759 761 760 762 772 766 766 769 770 773 773
-32768 -32768 -32768 -32768 -32768 -32768 -32768 -32768 -32768 -32768 -32768 -32768 -32768 -32768 -32768 -32768 -32768 -32768 -32768 -32768 -32768 -32768 -32768 -32768 -32768 -32768 -32768 -32768 -32768 -32768 -32768 -32768 -32768 -32768 -32768 -32768 685 688 689 690 689 691 693 695 697 700 700 704 703 705 708 709 716 718 722 727 727 728 727 731 739 737 739 740 741 742 745 748 751 750 750 753 755 759 760 762 762 763 766 772 767 768 773 774 778 776
-32768 -32768 -32768 -32768 -32768 -32768 -32768 -32768 -32768 -32768 -32768 -32768 -32768 -32768 -32768 -32768 -32768 -32768 -32768 -32768 -32768 -32768 -32768 -32768 -32768 -32768 -32768 -32768 -32768 -32768 -32768 -32768 -32768 -32768 -32768 -32768 688 689 690 689 692 693 695 698 699 702 703 705 707 708 712 717 719 722 723 728 729 731 735 737 740 740 740 745 743 746 750 752 756 760 755 756 761 762 766 763 767 766 769 772 772 771 777 776 778 778
-32768 -32768 -32768 -32768 -32768 -32768 -32768 -32768 -32768 -32768 -32768 -32768 -32768 -32768 -32768 -32768 -32768 -32768 -32768 -32768 -32768 -32768 -32768 -32768 -32768 -32768 -32768 -32768 -32768 -32768 -32768 -32768 -32768 -32768 -32768 -32768 690 692 694 693 696 697 700 701 703 704 705 706 709 711 713 717 719 722 726 733 733 733 739 743 746 744 747 749 750 752 755 758 760 769 769 762 764 767 767 770 767 768 772 774 774 775 780 780 783 783
-32768 -32768 -32768 -32768 -32768 -32768 -32768 -32768 -32768 -32768 -32768 -32768 -32768 -32768 -32768 -32768 -32768 -32768 -32768 -32768 -32768 -32768 -32768 -32768 -32768 -32768 -32768 -32768 -32768 -32768 -32768 -32768 -32768 -32768 -32768 -32768 692 694 692 694 697 701 702 703 706 707 706 709 711 716 718 721 725 726 730 732 735 738 742 745 747 748 751 755 758 759 759 761 764 769 777 775 771 767 769 772 774 772 775 776 778 781 783 785 789 786
-32768 -32768 -32768 -32768 -32768 -32768 -32768 -32768 -32768 -32768 -32768 -32768 -32768 -32768 -32768 -32768 -32768 -32768 -32768 -32768 -32768 -32768 -32768 -32768 -32768 -32768 -32768 -32768 -32768 -32768 -32768 -32768 -32768 -32768 -32768 -32768 694 695 695 698 700 701 703 707 710 713 710 714 716 720 723 724 728 733 734 737 739 742 745 748 750 756 758 759 761 763 764 767 773 773 790 784 780 772 777 776 777 775 777 779 782 787 797 799 791 797
-32768 -32768 -32768 -32768 -32768 -32768 -32768 -32768 -32768 -32768 -32768 -32768 -32768 -32768 -32768 -32768 -32768 -32768 -32768 -32768 -32768 -32768 -32768 -32768 -32768 -32768 -32768 -32768 -32768 -32768 -32768 -32768 -32768 -32768 -32768 -32768 -32768 698 697 698 701 702 703 706 711 714 713 718 722 725 727 729 732 737 743 745 747 750 754 760 759 760 764 766 768 768 771 772 775 782 779 779 780 780 782 785 783 785 784 785 790 795 807 810 799 807
-32768 -32768 -32768 -32768 -32768 -32768 -32768 -32768 -32768 -32768 -32768 -32768 -32768 -32768 -32768 -32768 -32768 -32768 -32768 -32768 -32768 -32768 -32768 -32768 -32768 -32768 -32768 -32768 -32768 -32768 -32768 -32768 -32768 -32768 -32768 -32768 -32768 700 701 702 704 706 709 708 715 718 716 719 726 729 733 736 737 742 746 750 754 761 765 764 764 768 770 772 773 776 778 779 778 781 789 795 783 787 792 791 791 790 791 792 795 799 801 807 803 810
-32768 -32768 -32768 -32768 -32768 -32768 -32768 -32768 -32768 -32768 -32768 -32768 -32768 -32768 -32768 -32768 -32768 -32768 -32768 -32768 -32768 -32768 -32768 -32768 -32768 -32768 -32768 -32768 -32768 -32768 -32768 -32768 -32768 -32768 -32768 -32768 -32768 703 704 706 707 708 713 713 717 721 724 729 727 736 740 743 741 746 749 755 756 762 761 766 771 773 775 776 780 783 784 783 786 792 793 790 790 793 798 800 799 798 802 804 803 807 808 811 813 834
-32768 -32768 -32768 -32768 -32768 -32768 -32768 -32768 -32768 -32768 -32768 -32768 -32768 -32768 -32768 -32768 -32768 -32768 -32768 -32768 -32768 -32768 -32768 -32768 -32768 -32768 -32768 -32768 -32768 -32768 -32768 -32768 -32768 -32768 -32768 -32768 -32768 705 706 705 709 711 715 717 722 724 729 731 737 736 742 747 747 750 753 757 760 765 770 769 772 778 781 783 787 790 790 792 791 794 795 799 797 803 809 809 804 805 807 811 813 816 826 822 822 839
-32768 -32768 -32768 -32768 -32768 -32768 -32768 -32768 -32768 -32768 -32768 -32768 -32768 -32768 -32768 -32768 -32768 -32768 -32768 -32768 -32768 -32768 -32768 -32768 -32768 -32768 -32768 -32768 -32768 -32768 -32768 -32768 -32768 -32768 -32768 -32768 -32768 -32768 709 707 712 713 719 723 720 723 732 736 742 744 748 750 754 756 761 763 766 770 773 778 782 785 788 792 794 798 798 797 798 800 802 803 806 809 811 815 813 818 818 820 823 824 833 841 840 853
-32768 -32768 -32768 -32768 -32768 -32768 -32768 -32768 -32768 -32768 -32768 -32768 -32768 -32768 -32768 -32768 -32768 -32768 -32768 -32768 -32768 -32768 -32768 -32768 -32768 -32768 -32768 -32768 -32768 -32768 -32768 -32768 -32768 -32768 -32768 -32768 -32768 -32768 711 711 714 715 720 720 726 730 733 743 743 751 754 756 757 762 765 768 772 777 782 785 787 794 795 798 801 802 804 805 807 809 811 813 816 816 819 819 823 839 832 829 829 832 836 850 847 841
-32768 -32768 -32768 -32768 -32768 -32768 -32768 -32768 -32768 -32768 -32768 -32768 -32768 -32768 -32768 -32768 -32768 -32768 -32768 -32768 -32768 -32768 -32768 -32768 -32768 -32768 -32768 -32768 -32768 -32768 -32768 -32768 -32768 -32768 -32768 -32768 -32768 -32768 713 712 716 721 723 727 729 734 739 744 749 757 756 762 761 766 771 774 777 782 791 792 794 797 800 802 808 810 811 812 815 817 819 823 826 826 829 829 836 847 847 841 838 845 846 856 857 850
