wc0.5/Cropped/bio18_28.asc
NCOLS 282 
NROWS 470 
XLLCORNER 79.525 
YLLCORNER 5.91666666666667 
CELLSIZE 0.00833333333333331 
NODATA_value -32768 
[rows 228 to 265 of 470, columns 87 to 173 of 282]
316 314 313 313 312 313 313 312 312 313 311 311 312 311 311 345 310 309 307 307 306 306 304 303 304 303 300 299 299 298 299 293 292 291 288 287 285 284 283 280 279 279 276 275 272 272 270 271 271 267 265 263 264 262 260 258 256 255 254 254 253 252 251 249 245 243 241 241 235 235 232 230 228 226 223 220 219 217 217 220 210 160 156 201 199 199 155
317 317 316 316 315 315 314 315 315 315 314 314 312 312 313 383 311 310 310 310 308 308 306 306 307 306 303 300 300 305 311 295 294 292 290 288 287 287 285 283 281 280 279 277 274 273 272 271 273 268 267 266 264 262 260 260 258 256 255 256 255 256 253 250 249 246 248 248 240 236 234 233 231 227 226 224 223 220 221 216 212 209 161 203 201 158 198
320 318 317 316 317 316 316 316 363 365 316 366 366 315 314 317 312 311 312 310 310 309 308 308 307 307 304 303 301 304 301 297 295 294 291 290 288 287 287 289 283 282 280 277 276 276 273 273 273 269 269 267 266 263 263 263 261 259 258 257 257 256 256 252 250 249 250 254 241 239 236 234 233 230 228 227 226 223 223 219 216 212 166 164 162 202 161
323 320 321 319 362 319 364 365 319 318 319 318 318 318 316 314 314 314 313 313 311 311 311 309 309 309 309 305 303 304 306 299 297 294 294 291 291 289 288 289 285 283 282 279 276 275 275 273 271 270 269 268 267 265 265 263 262 262 261 259 258 257 257 255 253 256 257 260 247 242 239 236 236 234 231 230 227 226 226 223 219 215 171 209 209 206 165
324 323 323 322 320 320 320 319 366 367 368 368 369 318 370 317 317 371 371 313 313 313 311 312 312 311 309 307 305 304 304 300 298 296 294 294 292 291 289 288 287 284 283 280 279 277 275 274 273 272 270 270 267 266 266 265 264 262 261 262 260 259 258 256 254 255 270 267 246 244 243 241 238 237 235 234 230 230 229 227 222 220 218 174 211 209 207
327 326 324 324 324 323 323 322 368 322 369 371 321 320 319 319 372 317 317 377 315 314 314 314 316 315 312 309 307 306 306 303 299 298 297 294 294 293 291 290 287 286 285 283 280 279 277 276 274 272 271 270 269 267 267 266 265 264 265 263 262 262 260 258 257 256 272 287 249 246 245 243 242 240 239 238 236 234 235 230 227 224 221 181 177 213 174
330 329 328 327 327 326 326 325 325 326 324 372 372 322 373 373 374 320 376 377 318 375 317 316 316 315 315 312 310 308 308 303 301 301 299 297 295 294 293 291 290 288 285 283 282 280 279 278 276 275 274 272 271 270 270 268 267 268 267 269 264 263 262 261 261 261 280 263 252 250 249 246 245 244 243 241 240 238 240 235 231 227 187 221 217 215 213
372 373 372 333 330 329 329 328 329 329 328 327 325 376 375 376 376 376 376 377 377 320 318 317 317 316 316 315 311 310 310 307 303 302 301 298 297 298 295 293 291 289 287 286 283 282 281 279 278 276 275 274 274 271 270 270 269 272 288 268 266 265 265 264 264 264 275 264 255 252 251 249 249 246 245 245 244 242 241 239 236 232 227 223 221 219 182
374 336 334 374 374 375 332 331 331 377 331 379 378 379 327 326 378 325 325 378 321 378 320 320 380 381 318 316 314 313 312 312 306 304 302 300 299 299 297 294 294 291 289 287 286 284 283 282 279 279 277 276 275 274 272 272 271 307 271 269 268 267 267 273 267 265 278 273 257 255 254 252 251 250 249 248 247 247 246 241 238 233 230 226 224 222 218
338 378 378 337 378 337 337 335 380 333 332 332 332 332 381 380 380 328 381 380 324 381 381 323 321 320 320 319 317 315 316 317 309 305 305 303 300 300 299 297 295 294 290 289 287 286 286 284 282 280 279 278 276 275 274 274 296 274 273 270 269 268 270 276 274 271 279 261 258 259 256 254 253 252 252 251 251 251 250 245 242 236 234 197 227 224 222
381 342 381 341 339 339 338 383 383 383 335 335 336 335 383 383 331 330 329 382 383 383 381 324 383 383 383 382 380 317 383 314 309 375 307 304 303 300 300 299 296 294 293 290 289 287 286 285 283 282 282 290 284 276 275 274 278 274 273 273 272 271 282 291 270 277 290 262 260 261 257 257 255 255 254 254 254 254 253 250 245 240 237 234 231 229 191
384 384 384 384 383 382 341 342 386 386 387 339 339 338 336 335 385 385 385 385 330 384 384 384 326 383 383 384 320 320 382 315 312 310 308 306 304 303 302 300 299 296 293 293 290 289 287 286 286 283 283 301 281 279 278 277 277 281 276 275 276 280 298 303 268 286 297 264 262 261 259 258 258 256 255 255 256 255 253 251 247 243 241 237 235 232 194
387 347 386 345 344 386 344 387 343 389 391 391 341 341 339 388 337 388 387 388 333 386 387 387 386 385 384 384 383 383 383 316 314 311 311 308 306 306 304 304 299 298 296 294 292 290 290 288 286 285 285 315 282 281 279 278 280 285 284 277 276 295 302 280 269 285 299 265 263 263 262 260 260 259 258 257 257 257 254 253 250 247 244 241 236 233 196
352 350 350 349 347 389 390 390 346 347 392 394 393 343 340 396 341 340 390 390 335 389 389 389 389 389 386 385 385 386 385 382 381 380 313 310 309 307 306 304 302 300 298 295 295 293 291 289 288 288 286 309 285 282 281 280 280 280 281 280 284 297 285 271 271 271 278 270 265 265 264 263 261 260 260 259 258 258 256 254 251 247 244 242 238 235 231
393 392 393 392 392 394 393 393 350 394 394 393 395 347 343 401 396 393 393 393 391 391 391 391 391 391 389 388 387 387 385 385 319 382 380 313 311 310 307 305 327 303 299 298 296 294 292 292 290 289 296 304 286 285 284 282 283 283 296 287 294 275 276 272 274 272 272 272 267 266 264 263 263 262 261 259 259 260 257 254 251 248 245 242 239 236 233
396 396 396 395 355 396 355 352 396 352 397 397 397 349 348 397 345 345 344 396 393 393 393 392 395 391 390 389 388 388 387 385 384 319 383 381 380 311 309 313 313 304 301 300 298 297 295 293 291 291 289 288 287 290 285 284 292 293 291 290 300 276 276 273 272 273 271 271 268 267 266 265 263 262 262 261 261 262 260 256 253 250 247 244 240 238 199
399 399 399 399 399 399 399 357 399 399 400 400 400 351 351 349 399 349 397 345 396 396 396 395 395 392 393 391 391 392 389 387 387 321 384 382 382 313 312 309 307 305 303 301 300 299 297 295 294 292 291 290 290 293 287 287 319 296 295 294 289 279 286 279 273 279 272 272 269 268 267 267 265 263 263 263 262 263 259 257 254 251 249 245 243 241 199
403 403 402 403 403 402 403 403 402 403 403 403 402 354 354 401 401 401 400 399 398 399 398 398 398 395 395 393 393 337 390 389 388 387 385 385 383 382 312 311 309 306 306 304 301 301 300 297 295 294 293 291 290 309 309 319 348 311 284 283 281 282 292 282 277 275 273 272 271 270 268 267 266 265 264 264 264 264 261 258 255 253 250 248 244 241 239
406 406 407 406 406 407 407 405 407 407 406 406 406 358 411 405 404 404 403 402 402 401 400 399 399 398 397 396 394 393 392 391 389 388 387 386 385 384 382 314 380 309 307 305 303 302 300 299 297 296 294 293 297 321 347 372 334 296 288 283 285 302 293 291 286 276 275 273 273 271 270 269 267 266 266 268 266 265 262 258 256 254 252 249 246 243 241
410 410 410 411 411 410 410 410 410 409 410 409 409 409 408 408 407 406 407 405 353 404 403 402 401 400 400 398 396 395 393 393 391 390 389 387 386 385 384 382 313 312 308 307 306 303 302 301 299 297 296 296 295 312 371 351 295 292 289 288 287 301 287 282 283 281 275 275 273 272 270 269 269 268 268 275 269 271 264 261 260 254 251 249 246 244 243
414 414 414 413 414 413 413 414 414 413 413 413 413 412 412 411 410 409 409 409 408 407 407 405 405 403 402 400 399 398 395 395 393 392 391 389 388 387 386 384 383 313 311 309 307 306 306 377 312 298 298 297 298 386 366 334 293 291 290 291 286 284 283 282 281 278 278 277 274 274 273 271 269 270 270 275 271 276 266 261 259 256 252 250 247 245 246
381 417 418 418 417 417 418 418 417 417 417 416 416 415 415 414 414 413 412 412 410 410 409 407 407 405 405 403 401 400 398 396 396 396 392 390 388 388 386 385 383 382 312 310 309 307 415 336 394 301 300 300 299 352 371 308 294 292 293 297 287 286 284 282 282 280 280 278 276 274 273 272 272 271 271 273 275 278 266 262 260 257 254 252 250 249 246
421 421 421 421 421 422 423 422 422 421 421 421 420 419 418 418 417 416 415 415 414 413 411 411 410 408 407 405 404 402 401 398 399 412 393 391 389 389 387 386 386 383 382 314 311 313 419 383 318 377 301 300 326 366 359 297 294 293 297 307 300 287 285 284 283 280 279 278 278 276 275 274 273 273 273 276 285 272 266 264 261 258 255 254 252 248 246
426 426 427 426 426 427 426 426 425 425 425 424 424 423 423 421 421 420 419 418 418 416 415 414 411 412 409 407 405 404 402 400 397 403 408 394 391 390 389 387 393 384 383 382 387 340 384 335 313 377 304 304 308 360 338 301 296 294 312 298 291 289 287 285 283 283 281 280 279 278 275 274 274 274 283 278 299 281 275 265 262 260 257 255 254 252 249
429 429 430 430 430 430 430 429 429 430 428 428 428 427 426 426 425 424 423 422 421 419 419 417 415 415 412 410 408 407 404 402 401 398 399 394 392 391 398 391 396 389 387 383 331 339 403 320 311 378 310 308 307 365 391 298 297 297 305 294 300 292 289 287 287 284 284 283 280 278 277 276 276 275 275 278 304 287 275 267 264 261 259 257 255 251 251
434 435 434 433 434 434 433 433 434 433 433 432 432 431 430 429 429 428 427 426 424 423 422 420 418 417 415 414 411 410 409 406 402 400 400 396 395 395 404 402 400 397 334 391 400 337 375 385 317 313 316 308 307 404 305 301 299 298 323 313 304 293 290 289 288 286 285 286 281 280 277 277 276 276 278 276 283 273 270 266 265 263 260 256 254 252 251
440 439 439 438 438 439 439 439 438 437 436 436 435 435 434 433 432 432 430 429 428 427 425 424 422 420 419 417 414 412 411 404 403 407 405 396 395 403 403 402 401 401 403 393 403 345 423 386 317 324 321 308 308 403 307 301 301 299 304 315 306 295 292 289 288 288 288 286 283 281 279 279 278 281 279 283 280 275 270 267 264 262 259 258 256 254 250
444 446 444 442 443 442 442 442 442 440 440 439 439 438 438 437 437 435 434 433 432 430 428 426 426 424 422 419 416 414 414 409 407 422 402 398 396 404 402 402 402 402 400 395 396 399 357 388 319 318 315 380 318 419 310 303 301 301 303 309 317 299 293 292 291 290 289 288 286 284 281 282 278 279 281 284 287 275 269 268 266 262 261 260 257 254 252
449 448 447 448 448 447 447 446 446 445 446 445 445 444 442 441 440 439 438 437 436 433 432 431 429 426 424 423 420 414 414 407 406 403 402 399 398 404 403 402 400 403 399 399 403 414 380 388 385 384 406 382 381 382 308 305 304 303 302 300 297 295 296 299 296 294 292 291 287 286 283 281 280 283 285 300 307 275 271 269 267 266 264 261 258 255 253
452 453 454 452 451 451 452 451 452 450 451 449 448 448 447 446 444 444 443 441 438 438 436 434 431 429 427 426 423 418 417 415 413 406 405 401 399 400 405 404 399 404 396 396 402 402 402 386 384 317 411 381 311 310 311 307 306 304 303 303 300 298 304 306 304 299 298 292 288 288 285 284 281 283 282 297 285 276 272 269 267 265 263 260 259 257 255
458 457 458 457 457 456 456 456 457 455 454 454 453 452 451 450 449 447 447 445 443 441 440 438 436 434 431 428 425 421 422 418 416 414 410 404 403 402 400 405 403 400 398 396 398 396 383 383 383 316 351 400 382 312 310 308 383 305 304 304 302 301 303 308 312 301 298 293 290 288 286 285 282 285 288 287 280 276 272 270 269 266 263 261 260 258 256
463 463 462 462 460 462 461 460 460 460 459 459 458 457 456 455 453 452 451 449 447 446 443 441 440 437 429 432 429 426 424 421 418 413 406 407 405 399 397 406 404 400 401 401 399 394 384 383 384 383 389 337 322 314 385 311 388 384 306 305 303 302 303 327 325 300 297 295 292 291 287 286 284 285 286 332 281 278 274 272 268 267 265 263 262 259 256
468 469 468 466 466 467 467 465 465 465 464 463 462 462 461 459 459 456 455 453 452 449 447 445 443 440 432 435 433 431 427 423 421 417 412 412 406 405 402 407 404 402 404 406 396 405 386 385 384 384 385 319 317 316 315 386 386 387 309 309 307 304 303 324 349 305 298 297 293 292 290 286 286 293 294 310 285 280 276 272 271 269 266 263 261 259 258
473 473 472 471 471 471 471 471 470 470 469 469 467 466 466 463 461 461 459 458 455 453 452 449 447 445 442 436 436 434 431 429 425 423 419 416 409 406 405 410 408 414 404 405 400 407 390 388 386 385 387 321 320 319 318 316 322 387 313 315 309 306 306 310 339 303 301 297 296 293 291 288 288 296 313 315 289 284 277 275 272 268 266 264 261 261 259
479 478 477 478 476 475 477 476 474 474 473 474 472 471 470 468 465 451 454 462 460 457 456 452 451 448 446 444 440 438 436 429 427 423 420 418 408 411 413 410 413 408 403 400 400 411 396 389 387 389 395 389 321 328 389 320 322 315 316 400 313 309 308 315 338 308 304 301 297 294 292 290 291 292 312 324 300 281 280 277 272 269 266 263 261 260 260
483 483 483 482 481 481 481 480 480 480 479 478 477 477 475 473 472 467 465 443 465 462 460 457 454 452 448 446 444 440 438 434 430 423 422 414 413 405 411 410 415 409 405 403 405 403 397 397 392 389 394 391 394 412 334 392 326 320 389 396 405 313 310 319 349 326 310 302 298 297 294 292 292 297 314 314 294 283 279 277 273 271 267 265 263 259 259
488 487 487 487 486 485 486 486 486 485 484 483 482 481 480 479 476 475 468 463 459 467 464 461 459 455 451 449 448 444 438 438 432 429 419 410 418 418 413 422 411 411 406 404 407 400 398 396 391 390 396 396 406 435 479 442 325 326 392 337 374 316 312 315 439 331 320 304 299 297 296 294 295 297 320 308 290 286 280 276 274 272 269 266 264 261 259
492 493 493 492 490 491 491 488 490 490 490 488 487 487 485 484 482 480 467 448 472 471 469 459 463 459 456 451 451 445 442 437 433 425 419 413 415 431 458 487 421 407 405 407 409 398 396 393 393 393 396 404 404 408 449 478 397 401 398 403 386 317 392 328 366 361 334 313 302 298 298 297 298 305 331 308 296 284 281 276 273 272 269 267 264 262 260
