wc0.5/Cropped/bio17_28.asc
NCOLS 282 
NROWS 470 
XLLCORNER 79.525 
YLLCORNER 5.91666666666667 
CELLSIZE 0.00833333333333331 
NODATA_value -32768 
[rows 390 to 428 of 470, columns 174 to 260 of 282]
97 97 94 91 88 85 83 81 80 77 77 74 74 74 72 71 71 68 68 68 66 65 65 65 63 63 61 61 61 60 59 58 58 57 57 57 57 56 55 55 54 54 54 53 53 53 53 52 51 51 51 50 49 49 49 49 49 49 48 47 47 46 46 46 46 46 46 45 45 45 45 44 44 44 42 42 42 42 42 42 42 41 41 41 41 41 42
93 92 91 88 86 83 82 80 77 77 75 74 72 72 70 69 69 69 66 66 65 65 63 63 63 62 61 60 59 59 59 59 57 57 57 56 56 55 54 55 55 54 53 53 53 53 52 51 50 50 49 49 49 49 49 49 48 49 48 48 48 46 47 48 46 46 45 45 45 44 44 43 43 43 42 42 42 42 41 41 41 41 41 41 41 41 41
91 89 89 86 83 83 80 78 77 75 73 72 72 72 69 68 67 67 66 65 64 64 63 63 62 61 60 59 59 59 59 58 57 56 56 55 55 55 55 54 54 53 53 53 52 51 51 51 51 50 49 50 50 49 48 48 48 48 48 48 47 47 48 48 46 45 44 44 43 43 43 43 43 42 42 42 42 41 41 41 41 40 41 41 40 40 40
88 87 86 84 83 81 80 78 75 73 73 70 70 70 68 67 67 66 64 64 63 64 63 62 61 60 60 60 59 58 57 57 57 56 55 55 55 55 55 55 53 53 52 52 51 51 51 51 51 50 50 50 50 48 48 48 48 48 48 48 47 46 46 45 47 44 44 43 43 43 43 43 42 42 42 42 41 41 41 41 40 40 39 39 39 40 39
86 87 86 84 81 84 78 76 75 73 72 70 70 68 68 66 65 65 65 63 63 62 62 62 60 60 60 58 58 57 57 57 56 56 56 55 55 55 54 53 53 53 52 52 51 51 51 50 50 50 50 50 49 48 48 48 48 47 47 47 46 45 45 45 44 44 43 43 43 43 42 42 42 42 41 41 41 41 41 40 40 39 39 39 39 38 39
86 83 82 81 79 83 86 76 73 73 72 71 68 68 67 66 65 64 64 63 62 62 62 61 61 60 58 58 58 58 57 56 56 56 56 56 53 53 53 53 53 53 52 52 51 51 50 50 50 50 50 50 49 49 48 48 46 46 46 46 46 46 46 44 44 43 43 43 43 42 42 42 42 42 41 41 41 40 40 40 38 38 38 37 37 37 37
83 82 80 79 77 77 82 76 74 71 71 69 68 67 66 66 65 63 63 63 62 61 61 61 60 60 58 58 58 58 57 57 56 55 55 54 54 54 53 53 53 52 52 52 52 51 50 50 50 50 49 49 49 49 48 46 46 46 46 46 46 46 45 45 45 43 43 43 42 42 42 42 42 41 41 41 40 39 39 39 38 37 37 37 37 37 37
82 80 79 77 77 77 77 76 72 71 69 69 67 66 66 65 64 64 62 62 62 61 60 60 60 59 59 58 58 57 57 56 56 55 54 54 54 54 54 53 52 52 52 52 51 51 51 50 50 49 49 48 48 48 47 47 46 46 46 46 45 45 45 45 45 43 43 43 43 42 42 41 41 41 41 40 39 39 39 39 37 37 37 37 37 37 37
81 79 78 77 75 75 75 75 72 71 69 67 67 67 65 64 64 63 63 61 61 61 61 59 59 59 59 58 57 56 56 56 55 55 54 54 54 54 54 53 52 52 52 52 51 51 51 51 50 48 48 48 48 47 47 47 47 46 46 45 45 45 45 45 44 44 43 43 42 42 42 41 41 40 40 39 40 39 39 38 37 37 37 37 36 36 36
80 79 78 76 75 73 73 83 77 70 70 67 67 67 65 64 63 63 62 62 60 60 60 60 60 59 57 57 57 57 56 56 55 55 55 55 54 53 53 53 53 52 52 52 51 51 51 50 49 49 49 48 47 47 47 47 47 47 46 45 45 45 45 44 44 44 43 43 42 42 42 40 40 40 39 39 39 39 39 38 37 37 37 36 36 36 36
80 79 77 75 74 73 73 73 72 70 68 68 68 65 65 65 63 62 62 61 61 60 60 60 59 59 57 57 57 57 57 56 55 55 55 55 54 53 53 53 53 53 53 51 50 50 50 50 49 49 49 49 47 47 47 47 47 47 45 45 45 45 45 44 44 44 43 43 43 42 40 40 40 40 39 39 39 39 39 38 38 37 36 36 36 36 36
80 78 77 74 74 74 74 71 71 71 68 67 66 66 65 63 63 63 62 61 61 61 60 59 58 58 58 58 57 57 56 56 56 56 55 55 54 54 54 53 53 53 52 51 51 50 50 49 49 49 49 49 48 48 47 47 46 46 46 46 46 45 44 44 44 43 43 43 42 42 41 40 40 39 39 39 39 39 38 38 38 37 36 36 36 36 36
81 78 75 75 75 73 72 72 70 69 69 66 66 66 66 64 63 63 62 62 61 60 60 59 59 58 58 58 58 57 56 56 56 56 56 55 54 54 54 54 53 52 51 51 51 51 51 49 49 49 49 48 48 48 48 47 46 46 46 46 46 45 44 44 44 43 43 42 42 41 41 41 40 39 39 39 39 38 38 38 38 38 37 36 36 36 36
79 79 76 75 74 73 72 70 70 69 68 67 67 66 64 64 64 62 62 62 61 61 59 59 59 59 58 58 58 58 57 56 56 56 56 55 55 54 54 53 53 52 51 51 51 51 51 50 50 49 49 48 48 48 48 48 46 46 46 46 45 45 45 45 44 43 42 42 42 41 41 41 41 39 39 39 39 38 38 38 38 38 37 37 37 -32768 -32768
80 77 77 76 74 73 72 70 70 68 68 67 67 65 65 64 63 63 63 61 61 61 60 60 59 59 59 59 58 57 57 57 57 56 56 55 55 55 54 53 53 52 52 52 51 51 51 50 50 50 50 48 48 48 48 48 47 46 46 46 45 45 45 45 44 42 42 42 41 41 41 41 41 40 40 39 39 38 38 38 38 38 38 37 -32768 -32768 -32768
79 78 78 76 74 73 72 71 70 68 68 68 66 65 65 65 64 62 62 62 62 60 60 60 60 60 59 59 59 57 57 57 57 57 57 55 55 55 55 54 53 52 52 52 52 51 50 50 50 50 50 49 49 48 48 47 47 47 47 46 45 45 45 45 44 43 43 42 41 41 41 41 40 40 40 40 39 38 38 38 38 38 38 -32768 -32768 -32768 -32768
80 78 78 76 75 73 72 72 69 69 69 67 66 66 66 65 63 63 63 62 62 61 61 60 60 60 60 59 59 58 58 57 57 57 57 56 56 55 55 55 54 53 52 52 52 52 51 50 50 50 50 49 49 49 48 47 47 47 47 47 46 45 45 45 44 43 43 43 42 41 41 41 41 40 40 40 40 39 38 38 38 38 -32768 -32768 -32768 -32768 -32768
81 80 78 77 75 73 72 72 70 69 69 68 67 66 66 65 64 63 63 63 63 61 61 61 61 60 60 60 60 58 58 58 58 58 57 56 56 56 56 55 55 53 53 53 52 52 51 51 51 50 50 49 49 49 49 48 47 47 47 47 46 46 45 45 44 43 43 43 42 41 41 41 41 40 40 40 40 40 39 39 38 -32768 -32768 -32768 -32768 -32768 -32768
81 80 78 77 76 74 73 72 70 70 70 68 67 67 67 66 64 64 64 63 63 63 62 61 61 61 61 60 60 59 58 58 58 58 58 57 56 56 56 56 55 54 54 54 53 52 51 51 51 51 51 49 49 49 49 48 48 47 47 47 46 46 46 46 44 43 43 43 43 42 41 41 41 40 40 40 40 40 39 -32768 -32768 -32768 -32768 -32768 -32768 -32768 -32768
82 81 81 78 76 75 74 72 72 71 70 69 68 67 67 67 65 64 64 64 64 63 62 62 62 61 61 61 61 60 59 59 58 58 58 58 57 56 56 56 56 56 54 54 54 53 52 51 51 51 51 50 50 49 49 48 48 48 48 47 46 46 46 46 45 43 43 43 43 42 42 42 41 41 40 -32768 -32768 -32768 -32768 -32768 -32768 -32768 -32768 -32768 -32768 -32768 -32768
83 82 79 79 76 76 74 73 73 72 71 70 68 68 68 67 66 65 65 64 64 64 64 62 62 62 62 61 61 61 59 59 59 58 58 58 58 57 56 56 56 56 55 55 54 54 53 52 51 51 51 50 50 50 49 48 48 48 48 48 46 46 46 46 45 45 44 43 43 42 42 42 42 41 40 40 40 -32768 -32768 -32768 -32768 -32768 -32768 -32768 -32768 -32768 -32768
83 83 80 79 79 76 75 74 73 73 72 70 70 69 68 68 68 67 65 65 65 64 64 64 64 62 62 62 62 61 61 60 59 59 59 58 58 58 57 57 56 56 56 55 55 54 54 52 52 52 51 50 50 50 50 50 48 48 48 48 47 47 46 46 45 45 44 44 43 43 42 42 42 41 41 41 -32768 -32768 -32768 -32768 -32768 -32768 -32768 -32768 -32768 -32768 -32768
84 82 81 80 80 77 77 74 74 74 72 71 71 70 69 69 68 68 68 65 65 65 65 64 64 64 63 62 62 62 61 61 61 59 59 59 59 58 58 57 57 57 56 55 55 55 54 54 53 52 52 52 50 50 50 50 49 48 48 48 47 47 47 46 46 45 45 44 44 43 42 42 42 42 42 -32768 -32768 -32768 -32768 -32768 -32768 -32768 -32768 -32768 -32768 -32768 -32768
85 83 83 81 80 78 77 77 75 74 74 73 71 71 71 69 69 69 68 68 67 65 65 65 65 64 64 63 63 62 62 61 61 61 59 59 59 59 58 57 57 57 59 59 56 55 55 55 53 53 52 52 51 50 50 50 49 48 48 48 48 47 47 47 46 45 45 45 44 44 43 42 42 42 -32768 -32768 -32768 -32768 -32768 -32768 -32768 -32768 -32768 -32768 -32768 -32768 -32768
86 85 83 83 81 80 78 78 76 75 75 74 73 72 71 71 70 69 69 69 68 67 67 66 66 66 66 65 65 64 62 62 62 61 61 60 60 59 59 58 57 57 57 57 56 55 55 53 55 53 53 53 52 51 50 50 50 50 49 48 48 47 47 47 47 46 45 45 45 44 43 43 -32768 -32768 -32768 -32768 -32768 -32768 -32768 -32768 -32768 -32768 -32768 -32768 -32768 -32768 -32768
87 87 84 83 82 81 80 78 78 77 75 75 75 73 73 72 71 70 70 69 69 69 68 67 67 66 66 66 66 65 64 64 63 62 61 61 60 59 59 59 58 57 57 57 57 56 55 55 55 54 54 53 53 52 51 50 50 50 49 49 48 48 47 47 47 47 46 46 45 45 44 -32768 -32768 -32768 -32768 -32768 -32768 -32768 -32768 -32768 -32768 -32768 -32768 -32768 -32768 -32768 -32768
89 88 87 84 84 82 81 80 79 78 77 76 75 75 75 73 72 71 71 70 69 69 69 69 68 67 67 66 66 66 66 65 64 62 63 63 62 60 60 59 59 59 57 57 57 57 56 55 55 55 54 54 53 52 51 51 51 50 49 49 49 49 48 47 47 47 46 46 46 45 -32768 -32768 -32768 -32768 -32768 -32768 -32768 -32768 -32768 -32768 -32768 -32768 -32768 -32768 -32768 -32768 -32768
91 90 88 87 85 84 82 81 81 79 79 77 76 76 75 75 74 73 72 71 71 70 70 69 69 69 68 67 67 67 66 66 65 64 64 63 63 61 61 60 59 59 59 58 58 57 57 56 56 55 55 54 54 54 53 52 51 51 50 49 49 49 49 48 47 47 -32768 -32768 -32768 -32768 -32768 -32768 -32768 -32768 -32768 -32768 -32768 -32768 -32768 -32768 -32768 -32768 -32768 -32768 -32768 -32768 -32768
92 91 90 88 87 85 84 83 81 81 80 79 79 78 76 76 75 75 74 73 73 71 71 70 69 70 69 69 68 68 67 66 66 66 65 64 63 63 63 61 61 61 60 58 58 58 57 56 56 56 56 54 54 54 54 52 52 51 51 50 49 49 49 48 48 -32768 -32768 -32768 -32768 -32768 -32768 -32768 -32768 -32768 -32768 -32768 -32768 -32768 -32768 -32768 -32768 -32768 -32768 -32768 -32768 -32768 -32768
94 93 91 90 88 88 85 85 84 82 81 81 80 79 79 76 76 76 75 75 73 73 73 73 72 72 71 70 70 70 69 68 68 67 65 65 64 64 63 63 62 61 61 61 60 58 58 58 56 56 56 56 54 54 54 54 53 52 52 50 50 50 49 49 -32768 -32768 -32768 -32768 -32768 -32768 -32768 -32768 -32768 -32768 -32768 -32768 -32768 -32768 -32768 -32768 -32768 -32768 -32768 -32768 -32768 -32768 -32768
95 94 93 91 90 89 88 85 85 85 83 82 81 81 80 79 79 78 76 76 75 75 73 73 73 73 72 72 71 70 70 70 69 68 68 67 67 64 63 64 63 62 62 61 61 60 59 59 57 57 56 56 56 54 54 54 54 53 52 52 51 50 50 -32768 -32768 -32768 -32768 -32768 -32768 -32768 -32768 -32768 -32768 -32768 -32768 -32768 -32768 -32768 -32768 -32768 -32768 -32768 -32768 -32768 -32768 -32768 -32768
98 96 94 94 91 90 89 88 87 85 85 85 83 82 82 80 80 79 79 77 77 76 75 75 73 73 73 73 72 72 71 70 70 70 68 68 67 65 64 64 64 64 62 62 62 61 60 60 59 57 57 56 56 55 55 54 54 53 53 53 52 51 -32768 -32768 -32768 -32768 -32768 -32768 -32768 -32768 -32768 -32768 -32768 -32768 -32768 -32768 -32768 -32768 -32768 -32768 -32768 -32768 -32768 -32768 -32768 -32768 -32768
99 98 96 94 94 92 91 90 89 87 86 85 85 85 83 83 81 80 80 79 79 78 77 76 76 76 76 74 74 74 73 73 70 70 70 69 68 67 67 66 66 65 65 62 62 62 60 60 60 59 58 57 56 56 55 55 55 54 53 53 53 52 -32768 -32768 -32768 -32768 -32768 -32768 -32768 -32768 -32768 -32768 -32768 -32768 -32768 -32768 -32768 -32768 -32768 -32768 -32768 -32768 -32768 -32768 -32768 -32768 -32768
101 100 98 96 95 94 94 91 91 90 89 87 86 86 85 85 83 83 82 80 80 79 79 78 77 77 76 76 76 74 74 74 73 72 71 71 71 68 68 67 67 66 65 65 62 62 62 61 60 60 60 58 58 57 56 55 55 55 54 53 53 -32768 -32768 -32768 -32768 -32768 -32768 -32768 -32768 -32768 -32768 -32768 -32768 -32768 -32768 -32768 -32768 -32768 -32768 -32768 -32768 -32768 -32768 -32768 -32768 -32768 -32768
103 101 100 98 97 96 95 94 91 91 91 89 89 89 86 86 85 85 83 83 82 82 81 79 78 78 77 77 76 76 76 74 74 73 73 72 71 71 69 68 68 66 66 65 65 64 62 62 61 60 60 59 58 58 58 56 55 55 -32768 -32768 -32768 -32768 -32768 -32768 -32768 -32768 -32768 -32768 -32768 -32768 -32768 -32768 -32768 -32768 -32768 -32768 -32768 -32768 -32768 -32768 -32768 -32768 -32768 -32768 -32768 -32768 -32768
104 104 103 100 100 98 97 95 95 94 91 91 91 89 89 88 87 85 85 85 83 83 82 82 80 80 80 79 79 78 77 77 76 74 74 73 72 71 71 70 69 68 66 66 65 65 64 62 62 61 60 60 59 59 58 58 -32768 -32768 -32768 -32768 -32768 -32768 -32768 -32768 -32768 -32768 -32768 -32768 -32768 -32768 -32768 -32768 -32768 -32768 -32768 -32768 -32768 -32768 -32768 -32768 -32768 -32768 -32768 -32768 -32768 -32768 -32768
107 106 104 103 101 100 99 98 97 95 94 94 93 91 91 89 89 88 87 87 86 86 83 83 82 82 80 80 80 79 79 78 77 77 75 75 73 72 72 71 70 69 68 66 66 65 64 64 63 61 61 61 60 59 59 -32768 -32768 -32768 -32768 -32768 -32768 -32768 -32768 -32768 -32768 -32768 -32768 -32768 -32768 -32768 -32768 -32768 -32768 -32768 -32768 -32768 -32768 -32768 -32768 -32768 -32768 -32768 -32768 -32768 -32768 -32768 -32768
110 108 106 104 104 101 101 100 99 98 96 95 95 94 93 92 92 89 89 88 88 87 86 85 84 84 82 82 80 80 79 79 78 77 77 76 75 75 72 72 71 70 69 68 66 66 66 64 64 64 62 61 61 60 59 -32768 -32768 -32768 -32768 -32768 -32768 -32768 -32768 -32768 -32768 -32768 -32768 -32768 -32768 -32768 -32768 -32768 -32768 -32768 -32768 -32768 -32768 -32768 -32768 -32768 -32768 -32768 -32768 -32768 -32768 -32768 -32768
112 110 109 107 106 104 104 101 101 100 98 98 97 95 95 94 93 92 92 90 90 90 87 86 86 85 84 83 83 82 80 81 80 80 78 77 77 75 75 72 72 71 69 69 69 66 66 66 64 64 64 62 61 61 -32768 -32768 -32768 -32768 -32768 -32768 -32768 -32768 -32768 -32768 -32768 -32768 -32768 -32768 -32768 -32768 -32768 -32768 -32768 -32768 -32768 -32768 -32768 -32768 -32768 -32768 -32768 -32768 -32768 -32768 -32768 -32768 -32768
