wc0.5/Cropped/bio18_28.asc
NCOLS 282 
NROWS 470 
XLLCORNER 79.525 
YLLCORNER 5.91666666666667 
CELLSIZE 0.00833333333333331 
NODATA_value -32768 
[rows 190 to 227 of 470, columns 87 to 173 of 282]
278 277 278 278 279 279 280 281 278 280 279 279 136 280 278 278 278 277 277 135 135 274 136 273 271 135 135 269 267 265 264 263 262 260 259 133 257 132 132 132 132 132 130 246 245 129 242 129 239 129 237 128 128 128 127 227 127 127 127 126 126 125 126 126 125 126 125 125 124 125 124 124 124 123 123 124 123 123 123 122 123 122 123 122 123 123 123
278 279 278 278 279 279 281 281 280 280 281 279 279 136 278 278 278 278 277 274 274 274 274 273 149 271 135 268 135 267 133 263 263 260 260 133 132 132 132 132 132 250 131 247 129 244 243 241 240 238 128 236 128 128 127 227 126 126 125 125 125 124 126 124 124 125 124 124 123 124 123 123 123 122 122 123 123 123 123 122 123 122 123 122 122 122 123
279 279 122 279 279 279 280 281 281 282 281 280 280 136 137 279 278 278 278 276 275 274 274 274 272 135 151 269 135 268 266 264 263 261 260 260 132 256 132 132 132 131 250 247 129 245 243 242 129 239 237 236 234 128 229 127 224 126 125 125 219 124 125 124 125 124 124 123 123 123 123 122 123 122 121 122 122 122 121 122 123 122 122 122 122 122 122
279 279 279 280 279 280 280 282 282 282 282 281 281 280 280 280 280 279 278 277 276 276 274 274 273 135 271 270 269 135 267 266 264 262 261 260 258 257 131 132 132 131 131 129 129 129 243 242 241 128 128 235 234 127 127 227 125 125 125 125 218 124 125 125 126 210 124 123 123 123 123 122 123 122 121 122 121 122 121 121 121 122 122 122 122 122 122
279 279 279 280 280 281 280 280 280 281 281 134 282 280 281 137 280 279 279 278 276 276 275 275 273 272 135 272 269 135 267 266 264 263 261 260 132 257 255 132 252 252 251 248 129 245 128 129 240 128 238 236 235 232 126 125 125 124 125 125 124 124 125 125 124 210 123 123 122 123 122 122 123 122 122 122 121 121 121 121 121 121 122 122 122 122 122
280 279 280 280 281 282 281 281 280 280 281 281 281 280 137 281 280 280 280 278 277 276 276 276 274 273 272 272 270 269 267 267 265 264 262 260 259 258 256 255 131 253 131 249 248 245 244 242 128 128 127 236 235 126 230 227 125 124 125 125 218 124 124 215 214 123 123 123 122 123 122 122 122 122 122 122 121 121 121 121 121 121 121 121 121 122 122
280 280 280 281 281 281 281 281 281 281 281 281 281 281 137 139 281 280 280 280 279 277 276 276 276 275 274 272 270 135 268 267 265 265 262 261 260 258 256 255 131 131 252 249 248 246 245 243 241 128 127 127 235 126 126 228 125 223 125 124 219 124 216 124 214 123 123 122 122 122 122 122 122 122 122 122 121 121 121 120 121 121 121 121 121 121 122
280 281 281 282 281 281 281 282 282 281 281 282 281 282 282 281 281 281 281 280 280 277 276 276 276 275 274 273 271 270 268 268 266 266 264 261 260 259 257 131 254 253 130 249 249 247 245 244 242 241 127 237 127 126 126 229 125 124 125 124 124 123 216 124 212 122 122 121 121 121 121 122 121 120 122 121 121 121 121 120 121 120 121 121 121 121 121
279 280 282 282 282 281 282 282 282 282 283 281 282 282 282 282 281 281 281 281 280 279 277 276 276 275 275 137 271 270 269 269 266 266 265 262 261 260 258 255 255 254 130 129 249 128 246 245 243 241 239 237 126 233 231 229 124 124 125 221 124 123 216 213 123 208 122 121 121 121 121 121 121 120 123 121 120 120 120 119 121 120 121 121 121 121 121
281 280 282 282 282 283 283 283 283 283 283 283 282 283 282 282 282 281 281 281 280 280 279 277 277 276 276 275 273 271 270 269 267 267 265 263 262 260 258 256 255 254 252 129 248 128 252 247 243 242 127 238 125 234 126 229 226 124 125 221 124 219 123 123 122 122 122 203 121 199 120 120 120 120 120 120 120 120 120 119 120 119 121 121 120 121 121
282 283 283 282 283 283 284 284 285 284 285 283 283 282 282 282 282 282 281 281 280 280 279 279 277 277 276 275 273 272 271 270 268 267 265 264 262 261 259 257 256 131 130 252 249 128 249 247 244 243 240 127 235 234 231 229 228 225 224 124 221 124 217 213 122 208 205 121 121 121 120 121 120 120 120 120 119 120 119 119 120 119 120 120 121 121 121
282 284 284 284 285 284 284 284 284 285 284 283 283 283 282 282 282 282 282 281 280 280 280 279 278 277 276 275 274 273 272 270 269 268 266 265 263 262 260 257 256 254 253 252 251 128 247 246 245 243 241 127 236 125 125 230 229 226 224 124 221 124 218 214 211 122 205 204 121 121 120 121 120 120 120 120 119 120 119 120 120 119 120 119 120 121 121
283 284 284 284 285 285 284 284 285 285 284 134 283 283 283 282 282 282 282 281 280 281 280 279 278 278 276 276 274 274 272 272 270 269 267 266 264 263 263 258 257 255 254 253 250 128 248 127 247 245 242 240 126 125 232 125 231 226 225 124 124 221 217 213 211 122 121 121 121 121 120 121 120 119 120 120 119 120 119 120 120 119 120 119 120 120 122
283 284 284 284 285 285 285 284 284 284 284 283 283 283 283 283 282 282 282 282 282 281 280 279 279 278 279 276 274 274 273 272 271 271 268 266 264 263 263 259 257 255 254 254 129 249 248 247 259 250 242 240 238 125 234 231 230 227 225 224 124 222 220 214 210 122 121 121 121 200 120 120 119 119 119 119 119 119 119 120 119 120 120 119 120 120 121
284 285 285 286 285 285 285 285 284 284 284 285 283 283 283 284 283 282 282 282 282 282 279 279 279 279 279 276 275 274 273 273 271 271 271 267 265 264 263 259 258 255 254 253 251 249 248 252 270 263 243 241 238 125 235 232 231 227 125 224 124 223 218 214 122 209 121 122 203 199 196 122 119 119 119 118 119 118 118 119 119 120 120 121 120 120 121
285 284 285 286 286 285 285 285 285 284 284 284 284 283 283 283 283 284 283 282 282 282 279 279 279 279 279 277 275 275 273 273 272 270 270 268 266 264 264 261 258 256 255 254 252 250 249 249 280 255 127 242 127 238 236 233 232 228 125 225 224 224 217 214 212 210 208 122 202 200 120 197 119 120 119 118 119 118 119 119 118 119 120 120 120 121 121
287 287 287 286 286 286 287 286 286 286 286 285 285 285 284 283 283 283 283 282 282 281 280 280 279 279 279 277 277 275 273 274 272 271 270 270 266 265 264 262 259 257 255 255 252 250 249 260 281 259 246 243 241 239 237 234 232 229 227 226 223 222 218 214 213 211 209 122 202 200 199 197 119 120 119 119 119 118 119 119 118 119 119 121 120 121 121
289 288 288 287 287 288 288 287 286 286 287 286 285 285 285 285 284 284 284 283 282 282 281 280 279 279 279 277 276 276 273 274 272 271 271 270 268 266 265 262 261 257 256 255 253 251 250 259 276 283 246 243 242 241 239 234 232 229 227 226 223 221 218 214 214 212 210 123 121 201 200 198 197 120 119 186 119 118 119 119 119 119 119 120 121 121 121
289 290 290 288 288 289 288 288 288 286 287 287 287 285 285 285 285 284 284 284 284 284 282 282 281 280 278 278 278 276 275 274 273 273 271 270 269 266 265 263 262 259 256 256 255 252 252 252 248 252 245 243 242 241 238 235 233 231 228 227 225 222 123 216 214 213 212 218 123 122 211 122 121 121 120 119 119 119 119 119 120 119 120 120 121 121 122
291 290 290 290 288 289 289 291 288 288 288 287 289 287 286 286 285 285 284 284 284 283 282 281 281 281 281 279 279 277 276 275 273 273 271 270 268 266 266 264 262 260 257 256 255 252 250 249 247 246 245 243 242 241 239 236 235 231 229 227 227 222 219 224 216 215 213 212 207 205 211 210 205 120 120 120 119 119 119 120 120 119 120 120 121 121 122
292 291 292 290 290 289 290 291 290 289 288 288 287 288 288 287 286 286 285 284 284 284 282 281 281 281 279 279 279 277 277 275 274 273 271 270 269 268 266 265 262 261 258 257 257 253 252 249 247 246 245 243 242 241 241 237 235 232 231 228 227 223 221 219 217 220 216 220 207 207 208 215 124 193 120 119 184 119 119 121 120 120 120 121 121 122 123
294 296 293 292 291 290 289 290 291 291 290 290 289 290 289 290 288 287 286 286 286 284 284 283 281 281 279 279 278 279 277 276 275 274 272 271 269 268 266 265 263 262 260 257 256 256 252 250 248 247 246 245 243 242 239 237 236 233 231 228 228 225 222 220 218 216 213 210 206 205 205 208 196 193 121 120 119 184 183 122 120 121 121 121 122 122 124
295 295 295 294 293 291 292 292 291 291 291 292 290 290 290 289 288 289 288 287 287 286 284 285 283 281 280 280 280 279 277 275 275 274 273 271 270 269 267 266 265 262 261 258 257 256 253 252 249 247 246 245 243 242 239 238 237 235 232 230 227 226 224 221 220 217 220 210 206 207 125 206 122 120 120 120 119 184 183 121 120 121 122 121 122 122 124
297 295 295 294 294 293 293 293 292 291 291 292 292 291 290 290 289 288 288 287 287 287 286 285 284 283 281 280 280 278 278 276 275 274 274 274 271 269 268 267 265 262 262 260 257 257 255 253 250 248 247 246 243 242 240 239 237 236 234 231 230 229 225 223 221 217 225 215 206 207 210 200 196 121 190 120 185 120 120 125 120 121 122 123 123 124 124
298 297 295 295 296 294 294 294 293 293 292 292 292 292 291 292 291 290 290 290 288 288 287 287 284 283 282 281 280 278 278 277 276 275 274 274 271 270 269 266 265 262 262 261 259 257 255 253 252 250 248 246 245 243 242 240 239 237 235 231 230 229 228 127 220 216 218 219 207 206 213 201 198 122 190 187 186 184 121 120 121 121 123 123 124 124 125
300 300 297 297 296 295 295 295 295 294 294 293 292 293 293 293 292 291 292 291 289 288 289 288 286 284 284 282 281 279 279 278 277 275 274 274 273 270 269 267 266 264 262 261 261 257 256 255 253 252 250 247 246 245 244 242 241 239 235 233 233 230 229 226 222 217 218 217 208 205 215 201 196 123 123 122 187 184 121 121 121 123 123 124 124 125 126
300 300 300 299 297 296 296 298 297 297 294 294 294 293 293 294 294 292 292 292 290 289 289 288 288 286 286 283 282 280 279 278 277 276 276 274 273 270 269 268 266 264 263 261 261 260 257 256 255 253 251 249 246 245 245 244 243 241 236 234 234 232 231 227 222 217 215 213 209 206 211 201 196 124 191 189 122 121 122 180 123 179 125 125 126 127 128
301 300 300 300 299 299 298 298 298 297 297 296 294 294 295 294 294 294 294 293 292 290 289 289 289 287 286 286 283 282 280 279 278 277 275 274 273 272 269 268 266 266 263 262 261 260 257 256 255 255 252 249 248 246 245 244 243 239 237 236 234 233 232 230 223 219 215 213 209 206 203 202 127 126 192 191 124 188 183 124 127 126 127 127 127 127 129
301 301 300 300 300 299 300 300 299 299 298 297 297 295 295 296 294 294 295 295 293 292 290 290 289 288 287 286 284 283 282 280 278 277 277 275 273 272 270 268 268 266 264 263 261 260 260 260 256 256 254 251 249 248 247 245 244 242 238 237 236 235 233 231 227 220 217 214 211 208 209 204 201 128 194 192 191 131 127 184 131 128 128 128 128 129 130
302 301 301 301 301 301 301 300 301 301 299 299 297 297 296 296 297 296 295 298 295 293 291 291 290 290 288 287 286 284 283 281 280 279 277 277 274 273 272 270 268 267 265 263 262 261 260 259 257 256 254 253 251 249 249 247 246 243 240 238 238 237 235 233 229 222 219 214 212 212 215 207 203 200 195 194 192 191 189 128 130 129 182 130 130 132 132
302 302 301 301 302 301 301 301 301 302 301 299 299 298 298 298 297 297 297 296 296 295 293 292 292 290 290 289 287 285 284 282 280 280 279 277 277 273 272 271 269 268 268 265 263 262 260 260 260 258 256 254 253 253 252 248 247 245 242 239 239 238 237 235 231 228 222 218 217 218 224 208 205 202 200 196 197 196 193 132 132 131 131 132 132 134 134
303 302 302 302 303 302 302 303 303 304 302 302 299 300 300 298 298 298 297 297 296 295 295 293 292 292 292 289 288 287 285 284 282 280 280 277 277 276 273 272 271 269 268 267 265 263 262 261 261 260 258 255 254 253 252 252 251 246 244 242 240 238 237 236 233 229 223 220 217 221 217 210 207 203 201 198 198 197 198 134 190 133 134 134 185 136 136
304 305 304 305 305 306 304 304 305 304 304 302 302 302 301 300 299 299 299 298 298 298 297 295 295 293 292 291 289 288 286 285 284 281 280 279 277 277 275 272 271 271 269 267 267 265 264 263 262 262 261 258 257 255 253 252 249 247 245 243 242 241 240 238 236 233 234 222 221 222 216 212 210 206 203 200 203 202 199 195 194 137 137 138 187 137 137
306 305 305 307 308 306 306 305 305 306 306 304 303 303 303 303 302 299 299 299 298 298 298 297 296 295 292 292 292 289 288 286 284 284 281 280 279 277 276 275 272 271 270 268 267 266 266 266 271 266 261 260 260 257 256 253 251 248 247 246 244 243 242 241 238 235 239 226 224 225 219 225 212 208 205 204 206 142 144 145 202 141 141 141 188 140 140
310 307 307 307 308 308 307 306 307 307 307 307 305 304 304 307 304 302 302 299 300 299 298 298 297 297 295 294 292 292 289 288 285 285 284 281 280 278 277 276 274 272 271 270 267 267 267 266 274 270 264 262 260 260 257 255 253 252 251 247 245 247 243 242 240 238 238 227 226 236 228 231 215 213 209 208 208 208 201 203 200 197 143 144 190 189 143
309 309 308 309 310 308 308 308 308 308 308 307 307 306 306 307 314 304 303 302 300 300 300 298 298 297 296 295 294 295 293 289 288 285 284 283 281 280 279 276 276 273 271 270 269 267 268 268 274 267 264 262 262 259 257 255 253 252 252 250 248 248 245 243 241 238 233 233 235 232 228 222 219 214 213 212 210 207 206 151 208 201 147 146 192 145 145
311 310 310 309 310 309 309 309 311 309 308 309 308 308 308 307 315 306 304 304 302 302 300 300 300 298 297 297 296 297 293 291 289 287 284 284 284 280 280 278 276 275 273 271 270 269 268 268 269 267 264 262 262 261 258 256 255 254 253 252 249 248 248 246 241 238 236 235 240 243 228 223 221 217 216 215 214 211 210 216 207 203 199 149 195 148 149
313 312 312 312 312 311 311 312 310 311 310 310 310 311 308 343 309 307 307 306 304 303 303 303 301 301 299 297 297 299 296 292 291 288 287 284 284 283 280 279 279 276 275 273 272 270 269 268 270 267 264 263 261 261 259 256 255 254 253 252 251 250 249 248 244 242 241 243 248 241 229 227 223 221 220 219 218 215 213 221 207 155 153 154 197 197 152
