wc0.5/Cropped/bio16_28.asc
NCOLS 282 
NROWS 470 
XLLCORNER 79.525 
YLLCORNER 5.91666666666667 
CELLSIZE 0.00833333333333331 
NODATA_value -32768 
[rows 380 to 417 of 470, columns 86 to 171 of 282]
1451 1438 1253 1400 1461 1418 1462 1323 1461 1346 1445 1304 1310 1268 1259 1259 1236 1303 1246 1279 1191 1179 1168 1223 1249 1248 1228 1214 1201 1174 1227 1225 1228 1212 1180 1091 994 1066 1036 979 971 893 854 860 940 878 852 829 920 908 922 975 972 969 963 960 956 952 948 944 941 938 935 929 926 920 911 911 912 910 898 875 850 844 826 832 780 775 770 764 759 773 787 780 792 814
1442 1451 1440 1403 1452 1408 1351 1442 1391 1437 1427 1441 1297 1323 1273 1241 1260 1227 1326 1276 1286 1226 1205 1162 1260 1322 1327 1276 1244 1203 1149 1208 1204 1154 1130 1182 1123 1066 1072 1015 1021 996 891 807 769 762 750 747 789 868 925 971 973 968 964 960 956 952 948 944 940 938 935 931 926 920 914 917 914 911 894 893 887 846 852 849 776 766 764 759 755 771 755 755 781 815
1375 1411 1443 1452 1452 1438 1350 1362 1321 1447 1251 1443 1337 1272 1296 1297 1265 1227 1242 1303 1288 1279 1179 1163 1203 1326 1249 1217 1291 1204 1151 1134 1118 1158 1118 1117 1143 1121 1090 1085 1053 1034 1013 1047 915 867 821 757 754 790 851 893 966 967 964 959 956 953 949 944 940 938 934 930 927 922 911 917 915 899 904 907 896 861 859 866 778 761 756 753 751 749 751 749 764 776
1438 1401 1396 1437 1407 1444 1419 1350 1350 1417 1373 1354 1430 1335 1260 1320 1277 1227 1215 1335 1266 1323 1267 1160 1151 1244 1306 1114 1112 1222 1209 1140 1116 1098 1111 1088 1084 1122 1114 1060 1022 1023 1058 1042 1025 1008 937 895 994 977 974 980 980 976 964 963 957 953 949 947 942 936 931 928 925 914 915 913 908 912 909 891 887 867 861 840 760 756 751 749 746 744 743 742 746 742
1399 1367 1405 1443 1438 1418 1417 1414 1332 1388 1434 1103 1306 1392 1262 1253 1382 1279 1215 1276 1275 1319 1328 1271 1258 1127 1151 1283 1216 1126 1219 1210 1167 1100 1076 1060 1045 1049 1068 1087 1044 1065 993 984 1015 1011 1015 1010 1003 997 987 985 973 975 970 964 957 954 950 947 945 940 938 934 926 922 918 914 918 914 912 897 876 866 861 814 756 750 748 743 740 737 737 736 734 733
1415 1325 1325 1383 1353 1369 1420 1404 1407 1329 1420 1372 1084 1280 1391 1270 1347 1339 1328 1245 1227 1267 1312 1250 1244 1148 1170 1163 1247 1246 1079 1093 1161 1188 1140 1073 1049 1020 1004 1050 1061 1005 982 968 983 968 965 995 975 971 969 983 977 969 966 965 961 955 952 949 942 939 937 934 930 927 921 921 919 916 912 888 878 872 873 823 751 746 743 741 737 734 731 731 729 730
1366 1409 1428 1419 1394 1363 1421 1419 1420 1325 1326 1416 1295 1209 1389 1362 1348 1369 1347 1285 1197 1194 1183 1251 1293 1163 1111 1106 1155 1191 1222 1062 998 1087 1162 1100 1070 1014 1016 999 994 977 966 964 958 950 936 940 958 1000 989 980 974 869 905 949 963 958 953 951 947 940 934 930 927 925 924 922 916 901 898 890 874 887 858 750 746 742 738 737 736 732 727 727 727 724
1424 1430 1425 1428 1399 1426 1407 1423 1422 1412 1380 1334 1402 1197 1226 1366 1344 1288 1341 1296 1249 1234 1186 1236 1215 1183 1233 1251 1094 1128 1163 1182 1183 1145 1126 1139 1070 1048 1043 1023 1007 976 971 950 942 937 939 935 957 962 984 987 981 948 901 901 963 960 955 952 947 944 937 930 926 919 913 912 908 898 890 879 878 893 758 746 741 737 737 737 735 732 729 725 723 715
1306 1415 1426 1425 1423 1414 1412 1415 1407 1413 1374 1397 1351 1345 1108 1270 1366 1299 1278 1318 1264 1195 1172 1156 1148 1150 1113 1156 1091 1075 1117 1082 1163 1153 1113 1095 1076 1032 1017 997 1004 1005 1005 943 943 957 958 960 995 997 988 981 985 978 965 967 963 959 956 951 949 939 933 927 922 913 913 906 900 893 886 882 886 856 750 740 737 736 734 731 728 725 721 719 715 709
1300 1391 1422 1421 1419 1419 1389 1411 1343 1407 1391 1339 1361 1387 1366 1279 1241 1355 1272 1259 1275 1261 1219 1159 1153 1139 1112 1178 1156 1124 1065 1054 1110 1135 1121 1109 1058 1046 1033 994 1019 1015 980 941 953 936 968 978 976 979 991 991 986 981 964 968 962 950 945 951 948 942 927 931 814 877 852 799 864 796 770 790 781 753 741 737 733 731 727 724 724 719 716 715 709 702
1293 1359 1416 1417 1413 1411 1383 1408 1347 1399 1396 1356 1385 1370 1348 1366 1346 1319 1329 1321 1244 1295 1293 1232 1154 1126 1117 1104 1191 1176 1140 1113 1068 1050 1045 1059 1058 1043 981 970 953 955 943 938 981 977 938 942 943 964 967 963 915 936 967 962 953 934 911 904 912 874 851 825 810 802 793 785 779 770 765 759 759 746 738 733 730 725 721 721 719 713 712 711 705 697
1292 1338 1373 1387 1332 1409 1406 1401 1395 1340 1389 1370 1380 1374 1367 1358 1342 1313 1280 1253 1317 1231 1241 1271 1245 1209 1130 1107 1147 1096 1104 1097 1126 1094 1033 1065 1001 1026 1013 986 955 954 943 963 978 981 971 954 951 951 947 982 986 905 972 957 944 940 957 954 911 898 836 849 823 803 792 785 779 768 759 753 747 740 734 731 726 725 723 717 714 707 707 703 704 692
1295 1286 1282 1396 1403 1394 1397 1388 1325 1360 1346 1379 1361 1367 1360 1350 1345 1337 1329 1260 1250 1290 1218 1229 1248 1251 1235 1193 1113 1116 1167 1158 1147 1137 1111 1109 1094 1082 1074 1022 968 982 966 961 956 987 997 986 980 968 969 944 991 966 879 938 919 935 940 932 936 927 906 872 823 808 797 799 782 771 759 753 744 736 729 726 723 721 715 713 708 702 699 696 694 686
1325 1281 1290 1362 1383 1398 1394 1385 1388 1359 1337 1373 1367 1357 1354 1337 1315 1315 1322 1312 1291 1213 1271 1268 1194 1242 1210 1220 1201 1183 1148 1165 1144 1120 1119 1099 1090 1077 1075 1042 979 979 975 991 986 986 956 973 992 1010 967 935 899 923 897 896 901 922 920 936 927 916 912 854 831 801 797 816 775 767 760 751 742 733 726 720 719 715 712 706 701 697 695 690 686 681
1298 1329 1280 1280 1309 1379 1382 1365 1374 1358 1351 1334 1357 1354 1348 1341 1329 1271 1315 1304 1296 1273 1185 1252 1240 1232 1163 1147 1174 1187 1161 1131 1143 1127 1113 1091 1081 1085 1076 1037 1014 971 982 973 972 1015 983 973 969 986 954 912 891 887 869 863 894 924 930 934 936 905 849 864 813 804 798 793 771 758 754 746 736 728 722 719 715 709 707 703 696 694 688 685 681 677
1272 1312 1284 1273 1374 1319 1360 1379 1376 1370 1355 1339 1350 1344 1338 1333 1324 1310 1308 1297 1288 1278 1267 1201 1245 1197 1181 1189 1154 1130 1163 1148 1109 1094 1082 1073 1091 1072 1067 1045 1028 993 972 969 989 997 1018 1006 995 999 993 989 904 891 868 859 851 850 917 929 937 929 814 811 827 797 793 776 766 755 744 738 730 723 719 715 712 710 704 697 694 688 684 678 676 672
1274 1290 1316 1271 1324 1379 1369 1371 1369 1361 1360 1355 1348 1341 1330 1325 1318 1310 1300 1290 1280 1267 1260 1251 1239 1225 1176 1163 1189 1122 1099 1135 1132 1116 1079 1064 1043 1050 1053 1048 1036 1005 972 985 982 981 993 984 1004 997 995 970 906 910 880 858 848 838 833 868 888 852 805 797 812 788 786 769 761 748 739 734 723 718 715 712 709 705 702 694 689 683 679 674 670 668
1271 1269 1318 1325 1272 1375 1373 1321 1348 1330 1316 1348 1283 1331 1324 1317 1312 1303 1294 1284 1275 1266 1173 1198 1230 1220 1192 1155 1157 1161 1154 1135 1116 1108 1101 1071 1044 1037 1038 1046 1054 1008 977 988 982 976 970 975 969 969 957 942 921 924 896 872 845 835 828 830 852 830 802 792 786 779 768 763 758 743 734 728 720 717 714 710 706 701 695 689 686 679 676 670 666 666
1268 1262 1276 1297 1328 1339 1361 1354 1358 1329 1279 1341 1314 1320 1315 1312 1307 1296 1288 1279 1267 1259 1238 1098 1086 1170 1156 1176 1170 1161 1147 1134 1116 1110 1100 1073 1043 1022 1018 1044 1053 1029 1010 1005 973 961 956 948 951 962 931 933 914 908 892 871 878 835 827 815 807 802 795 787 778 770 766 756 745 739 728 721 718 715 712 706 701 699 692 685 680 674 670 667 667 660
1265 1263 1263 1323 1368 1364 1359 1358 1343 1344 1254 1311 1303 1307 1314 1295 1299 1287 1281 1268 1242 1162 1242 1219 1145 1109 1077 1045 1059 1090 1101 1120 1114 1105 1106 1084 1070 1040 1044 1017 1023 1034 1041 1044 1030 1002 965 948 932 919 923 933 916 924 887 880 873 840 828 821 806 798 790 782 777 765 756 751 742 732 724 718 717 713 707 701 697 694 691 681 675 671 668 666 662 657
1263 1261 1254 1324 1349 1359 1349 1350 1331 1341 1330 1259 1312 1313 1289 1286 1255 1278 1272 1261 1249 1109 1126 1148 1202 1178 1111 1006 991 945 1021 944 1020 1077 1102 1098 1101 1094 1080 1042 1042 1026 1028 1021 1028 998 1001 968 935 926 907 907 906 899 883 875 884 843 840 851 818 800 790 779 772 762 754 745 740 729 719 717 717 710 701 699 696 693 686 680 672 666 664 662 656 654
1256 1272 1247 1334 1335 1341 1350 1345 1340 1333 1328 1318 1304 1280 1217 1278 1264 1232 1266 1259 1249 1131 1110 1125 1140 1193 1172 1151 1072 977 978 966 952 932 914 1020 1063 1084 1089 1092 1079 1072 1046 1021 1030 1044 987 979 944 935 941 924 896 888 876 864 881 857 860 835 819 801 790 778 768 759 747 740 734 728 715 713 712 701 698 695 691 690 685 678 671 664 658 656 653 651
1257 1253 1252 1257 1327 1331 1340 1329 1329 1315 1323 1317 1241 1214 1228 1213 1281 1240 1213 1240 1243 1187 1140 1131 1050 1121 1158 1154 1133 1125 1124 1110 1110 1038 931 876 878 949 1028 1068 1069 1085 1071 1046 1055 1039 1038 1002 977 981 950 946 933 895 883 859 847 848 836 830 828 831 790 779 771 754 746 739 730 721 714 709 705 698 693 691 688 686 679 676 668 660 656 653 649 646
1263 1282 1253 1275 1303 1307 1322 1320 1320 1306 1316 1309 1283 1200 1261 1220 1165 1265 1215 1212 1232 1228 1215 1151 1064 1116 1140 1136 1139 1130 1126 1121 1109 1120 1100 1083 952 837 868 928 989 947 1072 1071 1050 1043 1056 1053 1048 1018 998 1018 1013 965 921 858 857 837 831 818 813 841 820 776 763 753 748 741 729 721 712 705 700 696 692 690 684 678 676 674 664 658 653 647 645 644
1345 1288 1261 1282 1288 1296 1310 1311 1288 1296 1285 1276 1292 1251 1233 1248 1205 1212 1247 1220 1220 1209 1210 1190 1156 1134 1124 1108 1122 1129 1117 1114 1109 1111 1109 1116 1089 1030 987 928 893 939 1039 1071 1039 1015 1047 1043 983 1008 1033 1031 1025 1005 987 951 923 858 809 810 849 904 878 789 762 750 743 734 723 718 710 702 695 692 689 682 679 676 674 671 667 657 650 644 641 639
1330 1254 1235 1232 1279 1300 1290 1289 1277 1284 1297 1281 1288 1280 1245 1215 1210 1113 1184 1229 1207 1184 1203 1194 1172 1143 1132 1114 1099 1118 1119 1114 1109 1118 1121 1103 1092 1048 1022 991 939 941 861 856 854 876 938 892 861 917 908 895 988 1019 1004 1005 998 959 803 796 849 927 920 813 760 747 738 731 719 714 707 699 693 688 681 678 674 674 669 665 661 655 649 642 637 637
1325 1316 1262 1253 1227 1248 1292 1301 1273 1265 1293 1287 1276 1270 1249 1141 1214 1199 1147 1151 1212 1193 1175 1185 1177 1165 1147 1052 1041 1097 1133 1129 1111 1107 1107 1023 973 966 930 855 782 786 785 776 815 856 921 982 1049 1022 1018 999 993 942 1001 1009 1001 992 952 890 782 806 908 827 756 744 733 730 719 712 705 692 687 685 682 678 677 671 666 660 656 652 646 641 633 632
1319 1321 1264 1228 1242 1276 1262 1306 1280 1281 1281 1281 1252 1230 1231 1167 1127 1179 1161 1204 1178 1192 1159 1136 1159 1159 1148 1133 1135 1128 1111 1131 1112 1110 1114 1120 934 861 803 762 773 784 774 764 763 810 879 964 1021 1048 1046 1038 1030 1021 1009 999 1002 965 982 954 822 768 770 754 751 740 730 724 714 707 700 694 688 684 679 675 672 668 662 654 652 648 645 638 631 626
1323 1320 1250 1230 1267 1255 1254 1265 1275 1261 1266 1272 1254 1150 1223 1196 1148 1148 1187 1149 1150 1140 1153 1171 1144 1153 1141 1129 1119 1113 1115 1113 1112 1108 1111 1117 1115 1050 988 910 907 869 828 849 842 914 979 1037 1056 1045 1044 1041 1033 990 931 1011 1000 979 876 958 839 776 757 750 744 741 729 718 715 705 697 690 687 677 673 673 670 664 657 650 645 643 640 633 629 623
1228 1238 1243 1237 1266 1223 1252 1261 1281 1254 1250 1235 1262 1253 1228 1189 1160 1100 1143 1149 1144 1137 1109 1144 1142 1138 1129 1125 1129 1134 1082 1113 1112 1108 1113 1110 1099 1121 1101 1060 1005 973 925 881 829 921 990 1045 1061 1043 1012 956 1025 1027 977 901 924 914 872 933 888 789 756 745 737 736 727 711 711 704 692 680 679 674 670 667 663 658 655 647 641 641 639 628 624 619
1196 1302 1229 1231 1228 1252 1219 1249 1264 1274 1242 1248 1227 1221 1238 1142 1197 1173 1112 1162 1146 1140 1140 1070 1111 1137 1141 1138 1130 1110 1063 1046 984 1080 1109 1116 1123 1082 1011 980 949 895 851 825 824 850 892 1018 1068 1054 1051 969 957 946 958 945 887 851 808 831 956 883 775 744 736 725 718 710 701 697 694 681 671 672 669 661 657 656 651 644 636 633 633 626 618 616
1232 1275 1289 1256 1257 1216 1220 1219 1242 1251 1238 1217 1249 1229 1199 1216 1211 1206 1159 1126 1139 1144 1142 1139 1075 1119 1120 1124 1124 1073 1017 996 886 926 881 897 966 944 850 839 848 858 851 849 837 832 845 892 997 895 1010 1046 963 933 933 911 904 832 800 821 847 890 792 743 731 722 711 706 696 689 684 674 669 669 663 656 655 650 649 639 633 628 627 623 615 612
1243 1244 1288 1284 1242 1273 1225 1219 1211 1228 1240 1188 1196 1235 1224 1202 1154 1145 1196 1165 1144 1140 1139 1137 1137 1132 1115 1127 1094 1065 1041 1031 998 981 907 901 916 903 855 850 850 852 856 849 836 839 836 865 867 900 991 1044 1016 951 929 913 910 901 804 781 774 764 812 750 741 724 717 709 697 681 674 669 665 666 662 651 647 647 644 637 631 622 620 615 611 607
1227 1251 1231 1276 1207 1269 1188 1199 1180 1234 1238 1240 1194 1201 1176 1171 1149 1142 1190 1181 1156 1133 1131 1139 1138 1132 1136 1124 1136 1133 1131 1085 990 1001 972 1052 1053 990 943 875 852 886 884 854 864 806 806 808 787 788 927 986 992 1032 995 924 905 894 895 910 853 802 875 929 748 723 716 707 701 687 675 671 660 657 657 647 643 643 636 635 629 619 615 611 608 609
1255 1249 1254 1268 1203 1262 1202 1182 1170 1229 1225 1228 1166 1172 1156 1154 1143 1159 1130 1173 1165 1152 1135 1130 1123 1135 1117 1129 1137 1133 1098 1109 1059 1041 1035 1080 1122 1064 1042 1006 912 982 1046 954 992 940 941 849 828 827 842 877 933 1024 1009 919 905 900 883 852 890 879 840 874 762 732 716 709 701 686 677 670 659 650 649 643 640 636 629 628 624 619 610 609 608 602
1256 1231 1243 1254 1234 1252 1228 1177 1162 1167 1218 1187 1158 1152 1195 1173 1154 1143 1132 1120 1125 1138 1136 1127 1117 1106 1095 1108 1086 1128 1135 1135 1129 1130 1129 1112 1099 1083 1112 1129 1119 1086 1112 1068 1069 1087 1048 981 950 924 917 955 1009 965 895 906 910 895 866 882 851 819 884 806 748 738 718 708 695 688 681 667 657 648 641 640 631 627 626 622 619 619 611 604 600 597
1250 1207 1218 1246 1216 1236 1233 1205 1153 1150 1155 1175 1195 1163 1140 1180 1132 1141 1148 1126 1129 1142 1137 1136 1136 1130 1093 1115 1066 1084 1119 1066 1086 1072 1066 1084 1094 1107 1129 1110 1110 1106 1121 1118 1113 1101 1091 1072 1006 988 1026 1033 1005 904 900 890 889 892 854 829 806 791 769 842 775 736 741 708 704 690 682 667 660 647 639 635 626 626 619 616 615 616 607 599 596 597
1174 1195 1219 1233 1234 1222 1163 1202 1204 1154 1147 1168 1181 1160 1133 1162 1152 1164 1131 1116 1102 1131 1122 1135 1134 1110 1134 1120 1099 1075 1073 1061 1087 1087 1132 1114 1106 1115 1127 1066 1056 1064 1065 1073 1088 1104 1089 997 971 965 976 970 1037 948 899 875 881 876 799 797 778 771 755 766 743 748 755 710 697 689 679 672 660 648 637 631 624 620 616 610 609 609 602 597 592 590
