wc0.5/Cropped/bio10_28.asc
NCOLS 282 
NROWS 470 
XLLCORNER 79.525 
YLLCORNER 5.91666666666667 
CELLSIZE 0.00833333333333331 
NODATA_value -32768 
[rows 342 to 379 of 470, columns 174 to 260 of 282]
246 236 231 227 233 234 226 224 240 242 243 239 235 237 235 228 224 213 214 223 239 246 233 223 219 219 233 234 246 253 262 259 259 262 264 266 266 267 261 265 267 267 262 258 271 271 272 271 272 273 274 273 274 274 274 274 274 273 276 277 277 278 279 279 277 278 277 278 279 279 279 280 280 280 280 280 281 281 281 281 281 280 281 281 281 282 283
243 236 227 227 230 235 233 235 236 232 243 237 223 235 237 234 228 223 207 224 235 243 237 226 217 224 240 238 244 256 262 260 260 264 266 265 266 269 263 264 266 267 263 259 271 271 272 271 271 272 273 274 274 275 274 275 274 273 276 276 277 278 278 279 279 278 277 278 278 279 280 280 280 280 281 280 281 281 282 281 281 280 282 282 282 282 283
237 230 219 221 223 234 236 237 230 233 237 240 230 228 227 230 222 219 221 232 230 237 240 231 218 229 241 248 251 259 262 261 264 265 267 264 264 271 264 263 259 259 265 258 266 272 272 271 271 265 268 272 274 275 275 275 275 274 275 275 277 278 278 278 279 279 277 277 278 279 279 279 279 279 280 280 280 280 281 282 282 280 280 281 281 282 282
229 224 217 216 217 234 236 235 230 235 238 237 237 222 209 215 210 216 226 234 235 238 231 224 217 218 236 237 245 254 262 257 264 266 268 265 263 269 265 263 267 255 265 270 271 273 271 269 270 265 266 266 273 274 274 276 275 274 275 276 277 277 277 278 279 278 277 278 279 279 279 278 274 279 279 280 281 281 281 282 282 282 281 281 282 282 281
219 220 217 216 226 227 233 233 228 226 233 237 232 226 213 193 182 213 223 229 230 237 225 217 225 235 232 237 243 254 258 260 264 264 269 267 267 271 267 267 266 265 262 269 272 273 271 270 269 270 265 267 273 275 275 276 276 275 276 277 277 277 278 279 279 279 279 279 279 278 278 271 277 278 279 280 280 280 281 281 282 282 282 281 282 282 281
216 214 215 216 230 217 229 237 229 223 224 235 235 228 218 198 181 204 222 228 230 234 233 235 233 240 236 238 252 255 257 260 264 265 267 268 269 271 271 266 266 266 270 271 271 273 271 268 270 271 269 268 272 274 276 276 277 275 276 277 278 279 276 278 279 279 279 279 279 278 278 278 278 279 279 280 280 280 280 281 282 282 282 282 282 282 282
216 216 214 216 219 216 223 235 233 220 221 228 229 226 221 203 179 186 207 224 228 225 231 243 239 247 242 240 254 256 260 261 265 265 268 268 267 270 267 265 263 269 271 272 273 272 271 271 268 271 272 268 269 268 274 276 276 276 277 278 277 278 278 279 279 279 280 280 279 278 279 278 279 280 279 279 280 281 281 280 281 280 282 282 282 283 283
212 214 218 217 215 214 212 230 228 233 228 224 223 217 211 209 201 192 200 221 223 220 230 236 248 250 248 249 253 254 259 259 265 264 267 266 262 270 268 266 265 270 271 273 273 272 271 253 271 272 273 273 272 269 275 276 277 277 277 278 276 279 279 279 279 279 279 280 279 278 279 278 278 280 280 280 280 280 281 282 282 282 282 283 283 282 282
212 214 218 214 214 211 213 215 221 227 230 225 222 209 192 192 196 205 219 221 219 224 234 236 243 252 253 250 253 256 256 260 264 262 264 264 267 271 271 267 265 267 270 273 273 263 253 242 254 272 272 273 273 274 275 276 277 276 276 277 276 277 278 277 278 278 279 280 280 280 279 279 279 279 280 281 281 281 281 281 281 282 281 282 282 282 282
213 213 215 215 213 208 211 212 216 221 231 231 224 215 203 193 204 214 219 231 231 223 234 241 244 250 255 252 252 255 256 261 261 264 266 265 269 271 272 266 266 268 270 273 265 256 242 233 244 261 274 274 274 275 276 276 276 275 275 277 276 277 277 277 278 278 279 279 280 280 280 280 280 278 280 280 281 281 281 281 281 281 281 281 282 283 283
214 214 214 217 219 220 217 216 221 227 229 224 227 219 220 204 196 217 225 230 237 237 233 237 245 250 254 254 252 256 256 259 261 263 265 267 269 271 271 267 267 269 272 274 267 259 251 229 232 236 259 274 274 275 276 276 276 276 278 275 274 276 276 278 278 278 278 279 280 280 280 280 280 279 280 280 280 282 282 282 282 282 282 283 282 282 283
217 212 211 213 220 226 225 227 229 227 227 220 225 223 223 204 198 207 219 220 229 243 244 237 246 256 256 255 253 260 254 258 262 262 265 266 268 269 272 270 268 269 273 274 273 252 253 245 238 229 264 274 274 275 274 274 270 276 276 275 276 276 277 277 277 277 278 279 279 279 280 280 281 280 281 281 280 282 282 281 282 282 283 283 282 282 283
215 210 206 204 212 215 219 228 225 223 226 221 222 228 226 205 202 206 207 208 228 238 244 250 246 252 255 256 257 260 260 259 264 263 265 265 268 270 272 272 269 271 273 273 272 261 263 256 243 226 249 271 275 275 262 274 265 273 275 275 273 276 278 278 278 278 279 279 279 279 279 280 281 280 281 281 281 281 281 282 282 282 282 283 283 282 283
214 212 208 205 209 214 226 219 223 226 221 223 223 223 217 213 204 214 214 222 231 241 243 251 253 254 259 259 260 262 262 264 263 264 265 262 266 264 272 269 269 272 272 273 273 273 263 255 239 228 254 270 274 263 264 274 275 275 274 275 268 274 277 278 278 278 279 279 279 279 280 280 281 281 281 281 281 281 281 282 281 282 282 281 281 281 282
216 214 212 208 207 225 223 220 222 238 228 232 232 219 219 205 200 217 226 231 235 239 243 248 253 257 255 257 259 261 261 264 264 264 261 263 264 261 271 269 266 271 272 273 273 272 258 251 245 234 257 272 274 269 273 274 274 274 273 275 273 272 278 278 279 279 279 280 280 280 280 280 281 281 281 281 281 281 282 281 281 281 281 281 282 282 282
218 218 214 210 215 224 219 215 219 222 244 243 233 227 225 217 198 216 226 234 237 236 242 255 251 255 253 255 258 259 261 265 265 264 260 260 259 260 271 271 270 269 272 273 273 273 267 261 258 253 264 273 273 273 273 274 274 274 274 275 276 277 278 278 278 278 279 280 280 280 280 281 281 280 281 280 280 281 280 280 280 280 281 281 282 282 282
215 215 215 213 222 216 218 216 214 232 249 252 247 236 235 228 218 227 232 236 248 251 249 253 251 252 251 254 257 261 264 264 266 265 260 256 253 263 271 272 272 271 272 273 274 272 271 271 269 262 273 273 272 272 274 275 275 275 275 277 276 277 277 277 278 278 278 279 280 280 280 280 280 280 280 279 279 280 280 280 280 280 281 281 281 282 282
214 214 214 216 216 217 215 215 218 229 231 243 259 246 248 236 230 232 232 242 254 257 254 258 254 252 253 257 260 262 267 269 269 268 258 251 263 263 271 272 272 271 269 272 273 275 274 272 273 273 274 272 272 272 274 274 275 276 276 276 277 276 277 277 277 277 278 279 279 279 279 280 280 280 279 279 280 279 279 279 279 279 280 281 281 282 282
217 214 213 212 209 210 213 215 223 221 228 240 249 257 254 247 245 242 236 246 254 260 265 260 260 253 253 258 263 263 268 267 270 268 264 264 268 267 272 273 271 271 269 272 275 275 275 274 274 274 274 273 273 271 273 275 276 276 276 277 276 277 277 277 278 278 278 278 278 278 279 279 279 279 279 279 280 280 279 279 278 279 280 281 281 281 282
216 212 209 207 209 203 207 217 220 222 227 235 242 253 260 252 256 249 249 252 245 255 266 257 261 253 257 268 267 267 269 270 270 270 258 266 268 266 273 273 273 271 273 274 274 274 275 275 275 274 274 274 274 272 274 275 276 276 276 277 277 278 278 278 278 278 278 278 279 279 279 279 279 280 279 280 280 280 280 280 279 280 280 281 281 281 281
213 209 206 202 194 191 210 218 217 212 215 240 247 256 265 261 257 257 259 261 263 261 267 266 261 252 259 269 267 268 270 270 270 269 256 266 267 271 273 273 271 271 271 268 273 274 275 275 275 274 274 274 274 273 274 275 276 275 276 276 277 277 277 279 278 279 280 279 279 280 280 280 279 280 280 280 280 280 280 279 279 279 280 281 280 281 281
206 206 200 193 179 189 205 216 207 201 217 232 249 255 258 264 267 261 262 263 264 261 264 268 259 255 266 269 269 268 270 270 270 270 257 265 270 273 273 273 272 270 270 269 259 272 274 275 275 275 275 275 274 271 274 275 274 275 275 276 276 276 278 278 279 278 279 279 279 279 280 280 280 280 280 280 280 280 280 280 280 280 280 280 281 281 282
198 185 185 176 175 179 194 202 204 208 236 246 252 260 263 264 267 263 263 263 263 265 268 269 266 269 269 269 269 268 269 270 271 269 250 270 273 273 273 273 272 270 270 258 257 266 275 275 275 275 274 274 274 273 273 274 272 275 274 275 275 276 278 276 278 279 279 279 280 280 279 280 280 280 280 281 280 281 280 280 280 280 280 280 281 281 281
189 192 193 192 176 178 177 201 206 217 233 238 252 259 267 263 267 264 264 262 263 268 267 268 270 270 269 270 270 266 271 271 271 266 254 271 272 273 273 266 271 270 272 260 254 254 274 275 275 274 275 275 274 275 274 275 275 273 275 274 271 272 277 278 278 278 279 279 279 279 280 280 280 280 281 281 280 281 280 280 280 280 281 280 280 281 281
194 203 210 197 190 185 201 206 204 219 227 234 251 260 267 261 267 264 260 264 261 264 268 268 269 270 269 270 271 270 271 271 272 270 265 271 272 272 273 273 265 271 273 272 255 257 275 276 276 275 276 275 274 275 275 275 275 274 274 270 271 276 278 279 279 278 279 279 279 279 279 280 279 280 280 280 281 281 281 281 281 281 281 281 281 282 282
199 211 221 202 199 194 215 210 213 209 223 243 252 260 268 260 268 263 256 263 267 268 269 270 270 270 270 270 270 271 271 271 272 271 268 259 272 273 273 272 271 272 273 273 260 274 274 276 276 275 276 275 275 275 275 275 274 274 274 274 275 278 277 278 278 277 278 278 278 278 279 279 279 279 279 280 280 281 281 281 281 281 281 282 282 282 281
207 222 235 220 216 228 221 217 217 208 225 245 258 263 269 269 268 263 262 269 267 270 269 269 270 270 270 271 270 271 271 271 271 271 266 269 272 274 274 273 272 272 273 272 273 273 275 276 276 276 276 275 274 275 276 276 274 274 273 275 275 277 277 277 277 277 277 278 278 278 279 279 277 278 280 280 280 281 281 281 281 281 282 282 282 282 282
230 241 236 228 226 231 224 226 220 216 227 250 255 266 269 270 268 266 269 269 268 265 269 270 270 270 270 271 271 270 272 271 271 271 268 269 274 274 274 273 272 274 274 275 275 275 275 276 276 276 275 275 273 276 276 277 275 275 275 276 277 277 276 277 277 277 276 277 277 278 279 278 278 278 280 280 280 281 281 281 281 281 281 282 282 282 282
240 243 244 239 233 236 229 231 227 226 237 253 256 263 270 269 269 265 262 268 269 269 268 270 271 271 270 271 271 270 271 271 271 271 271 270 274 274 274 273 274 275 275 275 275 275 276 276 276 276 275 275 273 276 277 276 275 276 274 276 276 276 277 276 276 277 277 276 277 278 278 278 278 278 279 280 280 280 281 281 281 281 281 281 281 282 282
252 248 252 248 244 244 236 234 235 238 244 258 256 265 269 269 269 269 264 269 269 269 269 271 272 272 271 271 271 271 272 272 272 272 261 265 274 274 274 273 273 272 275 275 275 275 275 275 276 276 276 276 275 276 276 276 276 275 268 276 275 277 276 276 275 274 277 277 276 277 278 278 279 279 280 280 280 280 280 280 281 281 281 280 281 282 281
256 253 253 244 244 248 248 243 242 240 250 257 262 266 269 270 269 269 269 269 270 269 270 271 272 271 271 272 271 271 272 272 272 272 271 266 273 274 274 274 272 269 274 274 275 274 274 274 275 275 276 276 276 276 275 275 275 276 276 276 276 275 276 276 275 276 277 278 277 277 277 278 279 279 279 280 280 280 280 280 281 281 281 280 280 281 281
259 258 251 249 251 255 252 251 249 254 257 257 262 269 270 270 270 270 269 270 271 270 269 270 271 271 271 271 271 272 272 272 273 272 269 271 271 273 273 274 274 273 270 270 273 274 275 274 274 274 276 276 276 275 274 272 276 276 276 276 275 275 276 276 277 277 275 277 278 276 277 278 279 279 279 278 279 280 279 280 280 280 280 280 280 280 280
255 254 253 251 248 250 255 254 252 254 257 258 263 263 267 270 270 270 260 270 270 270 271 270 271 271 272 272 271 271 272 272 273 272 270 266 272 273 273 274 274 273 271 268 272 274 276 276 275 275 275 276 277 276 273 274 276 276 276 276 275 275 276 276 277 278 278 278 278 278 278 278 279 279 279 279 277 278 279 280 280 280 280 280 278 279 279
248 251 245 247 245 245 251 257 254 257 255 261 263 266 269 270 270 267 257 267 270 271 270 270 271 271 271 272 271 272 272 272 272 272 272 258 270 273 273 272 275 275 275 273 276 276 276 276 275 277 276 276 277 275 274 272 276 277 277 274 276 274 274 276 276 277 279 279 278 277 278 278 278 278 279 279 277 278 279 279 280 280 279 280 279 278 280
242 252 259 249 245 245 247 252 257 257 261 261 262 265 270 270 270 270 256 258 269 271 270 270 270 271 272 273 273 273 272 272 273 273 272 269 271 272 271 268 271 275 275 276 276 276 276 276 277 277 276 276 277 276 275 274 276 277 276 272 276 275 275 276 278 278 279 278 278 278 278 278 278 278 278 278 278 277 278 278 279 280 279 279 279 279 279
258 256 259 255 251 248 251 254 259 259 261 264 267 269 270 270 271 271 270 267 270 271 270 270 269 271 273 272 272 272 272 272 273 273 273 272 269 272 272 271 272 272 275 275 275 275 273 275 276 277 277 277 277 276 275 274 277 277 276 264 278 277 276 277 278 278 278 278 278 278 278 278 278 278 279 278 278 278 278 277 278 278 278 280 280 280 280
255 260 260 257 256 255 251 259 259 260 263 269 268 268 269 271 271 271 270 271 271 271 271 270 268 271 272 272 272 273 273 272 273 273 274 270 268 271 271 271 273 274 275 274 274 274 275 275 276 276 276 277 277 276 276 276 277 277 275 269 277 277 277 277 277 278 278 278 278 279 279 279 278 279 278 278 278 278 278 277 279 280 279 280 280 280 279
261 260 263 264 260 260 259 258 261 263 265 263 268 269 270 270 271 271 271 271 272 272 272 270 271 271 272 272 272 272 273 273 273 274 274 273 271 272 272 271 273 274 274 273 274 275 275 275 275 276 276 277 277 277 277 277 277 277 276 276 277 277 277 276 276 276 277 277 278 279 279 279 278 279 278 278 278 278 279 279 278 280 280 280 280 281 280
