wc0.5/Cropped/bio1_28.asc
NCOLS 282 
NROWS 470 
XLLCORNER 79.525 
YLLCORNER 5.91666666666667 
CELLSIZE 0.00833333333333331 
NODATA_value -32768 
[rows 266 to 303 of 470, columns 87 to 173 of 282]
273 272 273 273 273 274 273 267 272 272 273 273 273 272 272 272 272 271 271 241 271 272 269 265 270 268 268 268 269 268 269 267 266 265 254 254 264 241 225 215 247 252 253 252 248 254 256 259 259 260 258 254 245 237 234 232 243 245 249 249 249 256 259 259 248 248 258 262 267 268 268 267 266 263 252 261 267 267 268 269 270 271 271 271 271 272 272
273 273 272 273 273 274 273 271 273 273 273 273 273 273 272 272 272 272 271 254 270 271 270 269 269 269 268 268 269 269 268 268 266 265 252 250 261 258 222 210 241 249 252 250 247 255 255 256 256 259 251 249 240 223 226 216 215 215 237 245 242 249 258 259 251 246 257 266 267 268 267 266 266 264 255 253 265 268 269 269 270 271 271 271 271 271 272
273 273 272 273 273 274 273 272 273 273 272 273 272 273 273 273 272 272 272 270 271 270 271 270 269 269 268 268 269 269 269 268 265 266 256 255 263 250 221 234 252 251 251 250 251 255 251 253 255 258 255 250 237 231 225 204 215 221 237 244 247 257 257 261 254 243 251 265 267 268 268 267 266 265 257 266 268 268 269 270 270 270 270 271 271 271 272
273 273 273 273 274 274 273 273 261 272 273 273 273 273 273 272 273 272 271 270 271 271 271 271 270 269 269 268 268 269 269 268 267 267 266 266 264 265 230 235 248 252 253 251 253 254 251 256 258 259 257 251 228 220 214 208 223 229 240 250 254 255 254 253 256 243 251 264 265 267 267 267 266 265 263 263 268 268 269 269 270 269 270 271 270 271 271
271 271 273 273 273 274 273 273 273 267 273 273 272 272 273 273 272 272 268 268 271 271 262 270 271 270 270 267 269 270 268 268 269 267 264 266 267 262 243 231 247 251 252 251 250 254 250 256 258 259 256 244 231 227 224 215 231 248 250 253 247 250 248 245 249 243 250 261 266 267 267 266 266 264 256 256 268 268 269 269 270 270 271 270 271 271 271
273 273 273 265 273 273 274 273 273 272 264 273 273 272 271 272 272 273 272 267 267 271 257 270 271 269 268 267 269 269 269 269 267 268 267 264 262 261 247 251 252 252 249 251 255 256 256 259 258 251 251 247 238 233 230 215 235 237 247 248 243 246 248 242 249 239 248 263 263 265 266 265 264 263 262 248 268 268 268 268 269 269 271 271 271 271 271
273 273 272 272 272 273 274 273 272 273 272 269 273 272 272 271 272 272 272 271 271 272 265 269 271 270 267 269 269 269 268 268 264 265 267 266 266 258 250 251 252 252 247 249 251 253 253 254 258 247 245 244 238 226 216 218 233 226 240 240 232 245 247 242 247 239 247 260 259 263 264 264 264 265 264 254 268 268 269 269 269 269 270 270 270 271 271
273 273 273 272 272 273 273 273 272 273 272 272 272 272 272 272 271 272 272 272 271 271 270 269 271 270 267 269 270 269 269 268 265 263 266 267 261 259 245 249 251 251 247 247 253 253 253 257 257 250 242 242 239 226 212 213 221 209 227 233 228 237 241 245 245 242 245 259 256 260 265 262 264 264 259 254 259 267 267 269 270 269 270 271 271 271 271
274 273 274 273 272 273 273 273 273 273 273 272 268 272 272 272 272 272 272 272 271 271 271 270 271 270 269 270 270 269 268 269 267 263 264 266 257 251 247 249 251 252 241 247 252 253 255 252 255 258 245 249 232 231 214 210 210 198 221 222 226 232 243 244 241 248 246 261 265 265 266 265 262 263 263 249 261 266 266 269 270 269 268 270 270 271 271
274 274 273 273 271 272 273 273 272 271 273 272 271 265 272 272 271 272 271 272 271 271 271 270 271 270 269 270 269 267 268 268 267 267 265 262 261 245 248 248 252 252 229 242 253 255 255 257 254 258 246 248 239 239 235 223 220 207 215 228 230 243 244 240 239 253 259 263 261 261 266 265 264 265 264 260 264 269 269 269 270 270 270 270 270 271 271
274 274 273 273 272 272 273 273 272 272 271 272 271 270 272 272 271 271 271 272 271 271 271 271 270 270 270 269 266 265 267 268 268 267 265 261 261 253 239 244 249 251 238 245 252 254 255 256 253 255 253 253 241 244 239 235 223 203 211 217 233 241 232 232 247 254 263 252 244 254 262 260 260 260 260 258 267 268 269 269 270 270 270 271 270 271 271
274 273 273 273 272 271 273 273 272 272 271 271 271 270 271 272 271 271 271 271 271 271 271 271 270 270 270 270 270 267 268 265 268 266 265 259 261 258 240 242 249 251 243 246 254 252 255 255 250 253 255 252 249 243 230 223 217 207 203 218 234 238 217 224 249 259 258 248 243 250 259 259 256 259 259 249 260 268 269 269 270 269 270 270 271 271 271
273 273 273 273 273 272 273 273 273 272 271 271 269 270 266 272 271 270 271 271 271 271 271 270 271 270 269 261 268 264 267 268 268 267 265 259 259 260 241 245 251 251 239 243 252 254 256 255 248 249 253 242 252 245 241 231 226 216 205 218 233 228 233 250 260 257 253 244 242 246 259 260 253 259 259 252 260 268 268 268 269 269 270 269 271 271 271
273 272 272 273 273 271 272 273 273 272 272 271 271 271 270 271 271 269 269 271 271 271 271 271 270 270 270 259 268 257 262 267 267 264 267 266 260 256 240 240 248 250 241 245 254 255 256 255 250 251 254 253 243 242 237 228 221 216 205 215 229 222 230 250 259 243 239 234 238 250 255 255 253 251 256 254 260 268 266 267 269 270 270 270 270 271 270
273 272 272 272 272 271 272 273 272 272 272 271 271 271 271 272 271 270 270 270 270 271 271 271 270 270 269 257 251 244 254 266 267 263 259 266 261 254 237 225 234 241 224 233 254 254 255 252 249 251 253 247 236 237 234 219 205 205 199 218 225 222 231 246 251 232 221 230 242 245 246 247 248 254 257 255 257 263 257 258 269 269 270 269 270 271 271
273 273 272 272 272 271 272 272 273 271 272 272 272 272 266 272 271 270 269 270 270 270 270 271 270 270 269 268 245 236 253 266 267 265 257 260 251 255 240 211 213 230 213 229 253 254 256 253 250 252 251 246 232 235 231 219 201 187 199 215 209 226 236 246 246 232 218 228 224 228 242 240 244 248 252 250 253 259 263 260 269 270 270 270 270 271 271
273 272 272 272 272 271 271 272 272 271 271 271 272 272 271 271 271 270 269 269 270 270 270 271 270 270 269 264 244 241 257 267 267 266 261 260 245 241 240 225 229 231 222 238 252 252 252 253 249 245 245 247 229 222 219 220 205 188 204 206 206 216 225 247 242 228 216 211 218 224 234 232 233 242 248 254 259 259 265 261 270 270 270 270 270 271 271
272 273 272 272 272 271 272 272 272 271 272 271 270 272 272 269 271 269 267 268 268 269 270 270 269 270 269 265 246 249 265 266 267 265 262 253 252 239 233 230 229 238 235 252 254 255 253 252 246 244 243 243 230 214 214 206 196 187 198 192 194 220 231 234 240 221 205 198 203 228 229 228 232 236 252 263 265 266 266 263 270 270 269 270 270 270 270
272 272 273 272 272 271 271 272 272 271 271 271 270 270 271 271 270 270 269 267 267 269 270 269 269 269 269 268 257 248 263 263 267 263 252 254 246 242 235 235 240 249 243 253 254 255 252 252 244 241 244 236 234 218 205 207 200 191 185 182 198 222 218 218 233 225 211 200 197 217 207 224 243 250 260 261 258 259 267 266 264 263 269 270 270 270 270
271 272 272 272 272 271 271 272 271 272 270 270 269 270 271 270 270 270 263 264 268 270 270 269 269 269 268 268 267 246 253 266 266 264 244 239 241 234 238 237 236 245 254 254 254 254 251 255 247 237 236 232 228 221 207 211 208 201 183 171 185 204 203 210 221 211 210 206 212 223 234 237 241 254 260 253 248 252 267 267 264 269 269 270 271 271 271
272 271 272 272 272 271 271 272 271 271 271 271 270 267 270 268 262 268 260 255 268 269 267 268 268 269 269 268 261 251 251 265 266 265 255 236 232 237 240 233 252 253 253 253 253 253 253 255 249 242 237 229 219 211 205 211 213 206 195 180 179 180 201 206 210 202 197 203 225 235 243 251 244 261 251 242 239 242 252 261 263 265 268 269 269 270 270
272 272 271 272 271 271 271 271 271 271 271 270 269 269 267 268 268 267 257 250 266 269 266 269 268 268 268 268 267 252 249 264 264 265 262 248 238 232 240 236 242 253 253 253 254 253 248 253 247 247 239 231 222 214 205 210 214 211 204 190 194 181 185 185 194 196 199 202 222 220 231 250 255 255 248 232 225 239 248 256 263 264 266 268 269 270 270
273 272 271 271 272 271 271 272 271 271 271 270 270 269 264 262 268 268 246 238 267 268 266 268 268 268 268 268 268 266 252 254 264 265 264 256 241 236 236 238 233 232 233 253 253 253 251 254 247 245 243 235 229 216 205 198 213 216 212 202 200 196 193 184 182 190 204 229 231 232 231 247 255 245 238 230 218 235 244 253 262 264 265 268 270 270 270
271 270 271 269 271 271 271 271 271 271 271 271 269 266 264 264 269 261 250 252 266 268 265 265 268 268 268 268 268 267 257 247 247 262 262 258 237 234 234 240 236 237 242 244 252 253 252 254 249 245 243 236 227 212 201 198 211 219 218 215 206 206 201 193 182 183 192 208 219 238 246 250 251 246 229 221 214 227 232 248 259 264 264 266 269 270 270
271 271 271 272 271 271 271 271 271 270 271 270 270 270 269 268 268 265 253 252 261 267 264 260 267 267 267 267 268 267 267 251 244 241 255 251 247 234 236 238 236 239 243 240 244 252 252 253 253 246 239 231 223 207 204 200 207 221 223 221 208 213 210 200 205 203 188 196 217 222 236 250 240 245 232 219 200 214 221 238 248 257 262 265 269 270 269
267 272 271 272 272 272 272 270 270 270 269 270 270 270 268 266 269 261 240 260 263 267 267 267 266 267 267 259 258 267 267 265 260 242 241 246 240 244 239 237 242 240 240 241 241 242 245 253 252 248 243 232 223 214 201 201 210 220 228 226 219 221 220 218 211 198 189 178 184 198 226 241 232 220 225 214 208 216 212 224 236 249 259 268 269 270 270
270 272 272 272 272 272 271 270 270 270 269 266 270 267 267 263 268 269 254 262 267 269 267 268 265 265 267 266 255 252 266 266 266 247 242 244 241 240 238 238 243 239 239 242 241 241 236 238 250 250 246 234 220 210 193 197 211 219 221 235 231 227 223 214 206 195 185 174 202 215 232 230 223 201 205 212 221 224 226 218 223 247 257 266 268 269 270
271 272 272 272 272 271 271 271 271 271 269 264 264 264 263 267 266 267 249 259 270 270 269 268 264 262 264 265 261 250 247 260 261 246 245 244 244 241 240 240 242 243 242 240 242 243 242 236 239 250 241 229 214 200 209 204 206 222 226 237 232 226 217 211 195 191 189 186 199 214 231 216 202 196 193 220 227 234 238 234 226 238 254 264 269 269 270
268 269 270 270 272 272 271 272 272 272 269 265 265 266 269 269 269 269 258 265 264 266 265 264 262 261 263 260 261 262 255 261 261 259 246 244 245 243 243 243 243 244 243 241 244 245 241 241 240 251 244 228 220 218 214 206 207 229 232 238 232 226 214 216 211 203 206 191 187 190 214 203 194 204 199 227 225 237 244 243 245 248 262 266 268 269 270
267 263 266 262 271 271 272 273 273 272 267 266 263 269 271 270 268 266 254 271 265 259 262 261 259 262 261 259 257 259 262 260 260 260 247 243 245 244 245 245 244 245 247 244 245 244 244 242 242 244 248 236 230 231 227 226 224 235 238 243 234 227 220 228 220 216 201 191 181 179 201 216 210 218 226 234 235 240 246 247 249 258 263 267 267 269 270
269 262 267 264 269 271 273 273 273 272 272 270 270 271 264 271 270 269 260 271 264 262 259 258 255 256 261 260 258 255 259 259 260 258 247 243 244 243 245 245 245 246 246 246 246 241 242 243 242 241 246 243 233 236 233 229 228 238 242 240 235 233 230 223 214 202 187 184 199 198 195 214 223 225 234 238 239 240 246 244 253 261 267 268 269 269 269
273 265 266 266 270 270 273 273 273 272 271 268 269 270 270 271 270 271 269 271 268 267 261 259 255 260 263 259 263 259 252 256 258 258 251 243 244 243 243 244 245 245 245 247 246 244 242 245 244 243 243 246 238 237 235 231 231 236 241 236 235 225 220 216 212 206 203 199 202 204 202 217 227 232 237 240 241 239 236 240 257 266 268 268 269 269 269
272 271 267 263 268 270 272 273 272 271 266 267 269 266 271 270 270 271 271 268 264 265 265 263 256 260 263 264 264 259 256 252 254 257 256 245 244 243 244 244 245 245 246 246 246 245 245 244 245 245 244 245 243 237 236 234 232 241 246 237 233 232 222 215 210 215 206 197 207 200 191 215 213 227 226 235 240 239 231 239 254 261 267 264 269 268 269
272 272 271 263 260 266 273 273 272 272 271 269 271 271 272 271 271 271 271 270 271 263 263 266 266 265 267 265 262 260 257 247 239 247 254 242 243 244 243 243 245 244 244 246 246 246 247 246 245 246 245 244 243 243 234 226 231 235 242 236 233 230 225 219 217 224 215 214 209 197 196 191 206 212 219 232 236 230 225 234 246 257 257 258 262 250 268
270 272 273 273 272 272 272 273 272 271 269 270 271 272 272 272 272 271 271 268 269 264 262 265 263 266 265 266 264 262 259 256 250 250 244 241 242 242 242 242 242 244 244 245 246 248 247 245 247 245 245 245 244 242 241 234 230 233 240 244 238 232 227 231 227 235 225 225 212 211 203 200 192 208 227 234 231 223 222 228 239 240 246 258 261 254 266
272 272 272 273 272 272 272 272 272 272 272 272 271 273 272 272 271 270 271 267 264 266 253 253 260 260 262 260 263 261 263 262 261 258 249 238 241 241 240 239 242 243 243 245 247 247 247 247 247 246 245 245 244 244 244 243 235 236 244 249 245 236 230 232 235 239 237 231 221 213 202 192 191 211 223 229 225 216 217 221 229 217 235 252 253 255 266
272 273 273 273 273 272 273 272 272 271 270 264 272 272 271 272 272 271 270 265 267 267 266 260 249 251 254 258 251 251 250 261 260 257 248 239 238 240 240 238 233 243 244 245 247 246 247 247 246 245 244 245 246 245 245 244 240 241 245 249 247 245 239 237 236 238 240 235 220 211 199 193 193 208 230 225 220 225 221 222 227 224 224 237 247 257 267
273 270 270 271 270 270 272 272 272 268 264 263 268 268 266 272 271 271 269 265 266 268 263 267 247 229 238 250 239 237 237 247 245 241 237 231 236 240 244 239 240 241 247 245 246 243 244 247 247 246 245 245 246 245 245 244 242 243 244 248 249 249 246 241 229 225 241 237 224 212 212 213 216 213 228 235 233 232 226 226 226 231 233 232 247 264 266
