wc0.5/Cropped/bio17_28.asc
NCOLS 282 
NROWS 470 
XLLCORNER 79.525 
YLLCORNER 5.91666666666667 
CELLSIZE 0.00833333333333331 
NODATA_value -32768 
[rows 312 to 350 of 470, columns 87 to 173 of 282]
310 316 313 314 297 299 293 290 288 291 291 287 291 294 292 293 293 294 294 294 294 296 300 305 306 308 309 309 306 311 311 301 297 320 324 321 386 336 328 339 323 324 316 441 486 458 462 467 504 490 496 482 458 393 389 379 385 398 427 416 430 420 431 487 453 431 453 481 471 475 455 485 473 456 509 500 512 506 381 394 512 367 511 495 250 370 182
308 322 318 308 300 306 306 291 295 293 295 291 294 293 295 299 297 298 297 298 298 300 304 306 309 309 310 311 310 303 299 300 332 316 310 357 336 322 322 324 329 325 318 369 453 496 451 481 464 492 483 508 473 477 471 427 403 391 415 426 428 420 414 452 456 450 437 464 470 467 478 496 466 476 497 512 487 275 342 278 515 508 327 428 512 218 149
320 328 330 327 320 305 302 297 297 300 298 296 296 298 298 300 299 301 300 300 304 302 304 305 313 313 312 312 314 301 323 302 332 335 330 338 345 323 323 322 327 323 319 327 398 461 485 455 505 506 507 503 469 474 491 486 447 412 409 445 459 444 437 450 474 484 437 460 467 468 479 482 470 482 492 305 496 272 268 264 510 506 241 253 244 154 217
325 329 326 325 318 314 315 302 314 301 301 302 301 306 315 304 303 302 303 302 304 305 305 308 316 315 318 318 318 317 303 303 318 355 322 341 339 342 325 322 325 324 322 368 370 401 431 482 502 488 496 501 465 494 479 483 492 465 421 431 467 492 438 455 477 445 394 455 444 453 368 483 467 474 493 302 294 273 269 252 239 177 166 157 148 146 144
326 336 331 336 338 341 342 312 335 307 307 306 306 310 313 310 307 312 384 312 306 305 304 310 313 317 314 319 320 324 310 335 323 325 362 355 344 339 342 326 326 329 323 342 368 399 447 502 498 484 496 500 486 476 418 474 499 474 470 441 446 440 452 458 473 456 438 439 368 371 358 462 364 334 303 292 307 280 270 251 249 176 206 156 146 140 131
338 340 341 340 337 344 336 346 348 325 311 311 310 312 311 333 310 308 336 368 313 315 318 306 319 319 322 321 321 324 327 320 311 323 356 419 337 353 325 337 334 330 324 353 410 389 398 417 456 492 492 487 492 464 489 470 486 487 480 457 436 433 471 488 479 465 449 453 443 353 414 373 328 415 410 300 283 280 332 254 499 491 348 170 246 199 170
335 333 337 336 334 341 328 325 324 346 325 315 317 334 316 325 317 314 312 313 311 311 315 324 322 327 326 324 321 325 327 327 312 317 374 415 359 382 342 321 324 325 336 378 410 410 407 402 458 495 478 455 479 469 466 491 476 474 460 440 438 442 459 466 437 451 449 478 459 455 457 445 472 482 349 298 290 286 264 357 496 438 496 204 211 500 442
336 341 344 338 349 348 336 323 322 347 320 341 324 343 341 330 330 343 330 321 320 326 323 322 329 328 328 329 324 329 331 332 327 321 315 422 319 338 321 323 332 349 370 420 435 459 440 426 427 481 487 444 468 466 487 471 468 489 450 433 463 470 449 473 434 334 258 415 417 457 452 458 471 477 469 323 290 290 431 492 462 336 381 494 174 157 474
343 348 348 338 353 352 331 328 324 347 326 323 326 336 329 324 323 326 324 321 315 316 324 315 327 331 327 327 327 329 327 335 337 316 316 425 324 322 323 325 341 387 415 443 459 497 484 460 433 480 491 439 477 479 486 463 475 459 431 465 448 442 451 451 431 316 239 395 410 456 425 455 464 469 469 377 300 279 413 486 345 296 398 492 418 223 403
346 349 351 353 353 361 333 333 332 330 329 326 327 331 333 328 328 320 327 324 321 398 361 326 326 337 338 335 334 327 318 322 321 330 404 469 333 323 324 328 361 449 497 477 486 493 497 483 492 451 491 438 479 416 450 457 484 469 439 466 448 442 448 435 427 407 270 399 444 453 450 457 467 470 465 476 299 459 455 474 343 303 370 387 490 173 489
352 351 356 363 366 354 335 332 340 348 333 331 329 329 337 336 332 329 327 325 326 414 378 344 331 343 341 340 342 344 324 374 333 347 381 366 337 328 327 331 368 425 483 436 415 469 484 428 458 492 476 440 482 447 415 457 450 487 458 472 455 445 441 436 423 417 382 406 458 450 450 459 461 464 464 473 471 467 468 469 336 337 477 485 423 242 423
355 364 365 369 372 356 347 350 357 370 347 344 341 347 345 345 339 330 324 324 322 391 394 320 328 339 347 343 340 326 320 409 389 375 432 458 427 328 331 331 360 371 389 425 493 496 488 461 479 422 442 424 460 459 471 447 474 447 458 439 461 431 429 427 424 435 452 437 445 446 451 455 460 460 465 394 470 366 358 460 326 283 444 403 260 430 482
367 368 365 374 376 366 364 353 347 376 360 359 345 338 340 341 340 353 342 333 334 385 388 366 413 328 333 332 421 429 377 408 371 434 413 435 384 329 339 332 350 402 466 471 401 390 413 433 479 447 414 448 456 429 472 461 464 453 455 464 442 436 428 424 426 454 445 439 441 445 462 449 451 454 462 460 390 286 309 339 360 327 466 307 292 438 472
359 370 375 379 379 376 356 364 363 382 361 350 353 341 339 333 330 357 328 370 400 403 394 418 419 416 407 323 322 438 406 343 411 435 419 438 353 333 348 364 340 364 500 469 432 383 387 395 442 461 410 482 471 398 458 464 437 457 391 459 461 449 433 412 415 472 434 435 460 441 386 381 431 453 459 460 430 330 272 326 356 355 462 469 410 293 470
367 367 378 384 385 366 368 372 366 359 375 362 356 345 340 335 336 358 386 409 412 411 392 371 419 409 429 426 359 398 412 425 429 428 406 421 430 338 348 367 415 401 439 499 460 450 415 388 458 421 406 427 462 428 444 456 374 417 473 351 433 433 374 392 416 460 434 456 410 404 355 338 376 419 450 457 453 347 293 284 330 326 441 466 298 380 346
375 374 387 389 390 384 370 372 385 387 394 375 374 387 395 360 350 334 348 408 401 394 393 364 367 407 421 418 375 367 417 420 414 445 390 428 333 335 354 416 477 438 473 469 369 482 480 384 404 437 447 470 488 452 354 345 320 368 411 478 342 337 315 316 337 414 437 426 391 374 302 247 357 370 392 447 449 350 293 245 306 328 438 452 318 463 433
381 392 393 393 394 394 369 385 398 393 400 398 400 381 397 388 375 355 336 341 378 409 415 393 377 422 407 427 430 431 400 418 420 420 380 468 337 343 350 436 500 504 471 444 377 400 433 418 386 398 483 431 477 462 350 310 308 323 383 463 465 456 420 447 323 407 461 393 380 306 302 236 357 377 407 411 358 317 239 200 318 376 452 453 385 444 441
386 397 398 399 398 398 401 401 394 394 392 399 366 346 356 344 355 341 345 401 411 412 373 364 373 386 426 424 433 436 441 439 446 425 403 439 355 381 366 410 495 359 367 368 425 445 376 470 441 391 413 447 441 394 350 327 306 312 365 412 418 381 433 330 415 459 426 382 306 264 253 302 285 345 353 346 340 313 195 210 298 372 454 394 363 446 423
402 401 402 404 404 405 406 394 384 391 371 388 361 353 395 355 342 376 380 339 357 354 341 415 412 422 402 401 353 358 370 405 445 414 387 331 338 350 359 422 486 363 367 396 385 434 380 478 477 434 403 405 444 446 378 353 321 304 316 320 325 337 425 423 423 418 399 374 271 403 422 308 277 227 314 284 278 239 309 276 303 401 453 318 443 385 377
406 406 407 409 409 410 408 391 388 393 387 375 364 350 372 352 347 354 346 346 342 336 348 401 392 393 354 363 364 355 362 353 443 397 358 337 350 392 432 363 436 494 467 454 460 371 475 463 411 488 472 451 400 487 408 378 340 309 303 314 401 451 355 424 411 402 391 303 295 445 442 416 434 228 246 237 288 342 348 357 331 412 397 308 440 406 335
412 412 413 414 415 415 410 402 391 415 413 404 409 398 372 361 347 344 349 405 397 366 366 396 417 375 365 349 357 365 349 425 432 421 346 339 348 411 465 440 385 392 414 391 414 400 418 410 440 423 437 460 467 405 491 475 362 311 302 303 464 384 429 424 348 325 317 321 433 405 423 424 416 417 269 216 272 347 358 416 413 407 317 291 400 416 390
415 419 419 419 413 419 416 416 415 418 408 417 414 397 352 400 401 389 404 369 408 394 405 394 410 404 401 346 373 428 434 431 390 331 333 348 362 394 462 470 482 434 453 393 418 421 429 445 461 410 447 452 466 460 418 490 359 321 299 340 481 409 434 420 348 422 452 413 378 378 372 361 418 405 413 216 306 329 326 322 421 363 326 293 297 397 372
421 421 415 416 414 420 423 426 419 411 409 403 390 359 370 400 403 366 346 369 383 350 408 399 393 415 416 416 425 405 334 325 326 328 331 384 402 383 431 356 362 361 356 356 381 487 435 457 447 444 480 395 389 405 438 478 385 326 299 299 456 465 379 409 451 378 358 340 350 374 351 321 353 365 342 218 246 292 320 322 371 315 299 295 295 391 279
428 427 414 424 428 429 428 429 428 423 424 411 362 361 363 398 359 400 398 404 403 344 341 407 355 353 419 404 423 400 335 328 332 332 357 380 450 420 432 370 389 349 360 376 404 395 362 474 438 375 420 330 401 408 460 362 317 310 303 303 333 379 483 391 428 375 311 323 340 348 336 320 350 397 256 224 212 329 331 325 332 287 299 283 289 389 278
431 432 421 432 433 432 433 434 432 431 416 399 377 374 360 361 359 358 361 377 348 363 353 398 411 340 391 391 416 360 326 333 343 342 363 423 415 453 443 453 453 355 389 392 402 375 360 470 465 374 440 372 328 343 366 382 325 293 294 295 298 309 314 414 358 377 305 309 343 323 330 368 403 387 297 249 222 273 324 329 311 243 264 293 285 343 275
435 436 439 439 438 437 433 423 434 430 437 423 432 407 396 398 382 389 403 426 429 400 381 354 383 339 401 371 360 344 330 341 352 388 368 368 434 372 407 449 422 361 387 365 399 468 463 464 466 433 377 418 343 327 325 335 342 312 294 305 302 301 346 373 344 301 307 307 307 320 343 388 439 366 294 221 214 204 290 321 305 281 296 289 318 339 269
429 440 433 423 434 440 441 442 443 442 442 441 436 439 430 428 428 428 420 441 433 403 395 347 395 352 394 382 349 342 352 365 398 392 379 435 437 356 368 348 383 351 360 388 349 427 455 357 361 369 377 380 441 404 340 324 314 318 291 301 307 305 294 300 303 307 306 307 307 337 400 429 400 370 317 239 218 233 312 264 190 254 294 288 280 268 284
443 444 444 446 436 440 444 444 445 436 438 444 414 441 440 434 443 437 435 444 437 425 377 365 383 411 346 396 345 350 393 415 419 386 414 426 386 339 340 335 338 341 364 384 366 450 455 440 405 405 385 389 413 432 385 311 297 298 292 295 306 310 312 314 313 306 302 303 305 315 316 374 437 319 293 270 215 240 212 196 192 201 284 285 279 269 251
449 448 451 448 439 445 443 446 450 450 450 449 449 450 448 448 448 440 448 448 443 430 380 411 380 356 376 373 379 387 414 419 422 390 400 380 336 334 334 350 369 358 361 380 343 399 420 352 392 407 379 370 419 387 343 327 308 290 286 291 296 308 310 314 311 302 301 302 303 306 307 374 385 427 429 419 226 212 204 201 262 184 180 193 182 270 256
451 450 455 452 454 445 443 453 453 450 450 451 448 448 451 422 425 444 449 451 452 449 451 444 436 419 409 415 359 371 417 378 415 414 408 396 327 328 355 324 354 369 372 364 376 398 382 350 371 318 294 306 318 298 308 305 301 287 295 297 290 294 302 308 308 303 298 300 303 307 307 310 319 371 422 226 217 212 226 307 272 202 196 209 274 269 249
444 455 456 457 455 447 441 448 447 457 437 429 439 418 415 382 440 445 444 427 446 445 365 430 453 409 404 431 390 388 404 350 357 380 416 380 329 325 338 309 324 361 355 352 337 401 342 360 383 317 280 284 286 282 285 283 282 286 292 292 288 285 293 302 301 299 297 298 302 305 306 319 318 355 348 294 366 321 348 198 192 187 187 201 266 266 265
452 460 462 462 461 457 456 452 437 454 428 427 412 386 409 398 402 422 425 403 414 435 370 371 444 442 369 438 417 358 412 412 357 322 327 340 321 343 317 301 301 317 364 344 356 373 353 383 388 393 300 284 280 285 281 284 286 291 291 291 295 284 285 286 290 292 294 299 303 301 362 442 380 378 242 236 222 213 205 212 229 255 193 210 261 268 257
461 464 464 462 464 465 464 465 458 463 454 430 409 389 401 392 411 447 426 420 421 401 381 386 410 449 389 370 409 403 362 399 389 328 324 317 318 340 344 313 298 356 358 346 337 361 337 363 374 389 393 368 298 284 279 280 290 294 283 282 288 286 285 287 289 293 302 296 299 301 401 321 266 254 244 235 227 217 207 241 246 268 269 265 270 247 244
467 463 468 469 466 466 466 467 467 466 459 453 443 427 417 431 442 452 432 398 408 414 407 392 444 446 397 384 367 387 369 400 326 347 315 316 318 332 337 350 342 354 348 333 342 332 344 343 353 375 379 392 391 310 309 296 291 279 282 284 283 285 284 285 287 290 293 307 322 387 369 333 268 273 271 265 260 262 257 260 255 260 258 263 269 252 260
465 471 466 471 472 468 469 468 458 472 471 471 462 442 440 434 454 456 440 406 412 394 430 379 379 434 417 384 410 372 385 364 319 315 330 347 313 332 344 347 350 352 352 352 346 343 351 347 347 358 371 372 388 393 400 336 318 305 310 320 302 286 287 286 288 291 292 294 307 443 301 281 268 269 263 272 257 252 263 242 245 258 218 252 266 259 236
465 473 468 472 473 474 476 475 474 475 474 470 445 453 455 470 471 455 440 450 437 423 431 395 397 382 438 393 408 409 400 312 312 311 317 327 313 326 342 344 337 337 338 351 334 350 348 363 361 344 364 384 389 393 387 400 400 361 332 308 283 287 284 286 292 298 304 294 300 316 311 290 270 256 257 247 231 257 249 213 227 240 210 249 264 258 230
466 477 475 478 477 480 479 480 478 479 477 477 463 460 473 476 473 472 467 466 453 431 440 396 406 408 429 428 384 401 407 388 315 320 307 318 309 329 332 341 339 331 335 335 336 359 359 361 363 361 364 369 364 387 360 395 402 402 328 297 284 288 283 286 288 292 307 310 322 371 365 281 271 267 262 256 237 238 232 203 198 213 217 224 258 243 209
478 477 480 479 479 482 483 483 466 463 480 481 480 475 477 479 467 429 437 468 454 429 437 399 404 409 397 424 406 386 405 410 343 306 316 315 312 309 316 338 339 328 332 331 337 352 348 361 364 369 371 376 372 385 390 391 398 402 358 311 299 282 284 286 288 289 292 298 304 368 322 293 266 279 266 274 246 248 238 205 217 224 233 237 259 257 180
479 476 481 483 482 486 483 484 479 471 483 483 483 484 482 481 480 479 405 422 433 460 432 419 404 401 403 391 392 390 405 308 399 311 318 317 321 316 304 321 332 338 331 343 343 348 345 337 359 365 368 369 373 380 385 386 382 394 384 364 309 289 286 288 288 290 294 298 297 362 328 287 266 262 258 252 256 248 266 216 246 253 251 254 257 240 182
