wc0.5/Cropped/bio16_28.asc
NCOLS 282 
NROWS 470 
XLLCORNER 79.525 
YLLCORNER 5.91666666666667 
CELLSIZE 0.00833333333333331 
NODATA_value -32768 
[rows 190 to 227 of 470, columns 86 to 171 of 282]
642 648 649 652 657 661 663 667 671 673 678 678 683 686 691 694 699 700 701 703 707 709 714 714 719 721 723 726 728 731 732 734 737 740 743 745 747 751 754 758 762 761 764 766 769 773 775 778 780 784 789 792 794 795 795 797 799 799 801 805 809 813 816 822 820 824 830 831 833 834 836 838 839 837 838 840 845 846 844 850 848 848 848 847 849 853
642 646 649 652 656 659 662 667 670 673 676 681 683 686 688 693 697 699 701 703 705 708 712 715 717 720 723 724 727 732 732 735 737 740 741 744 747 750 754 756 758 761 763 767 767 772 776 779 782 784 786 789 794 795 797 797 799 800 802 803 809 813 817 821 822 825 830 828 831 832 833 837 838 837 836 837 841 843 844 845 847 851 847 849 851 853
641 645 647 650 654 658 661 664 669 673 676 679 682 685 688 691 695 699 701 704 705 708 710 715 718 721 723 724 727 729 733 735 736 741 742 744 747 749 751 755 757 760 764 767 768 771 775 778 781 784 788 791 793 796 796 798 800 800 801 806 808 813 819 822 824 830 830 828 829 831 832 835 836 836 837 837 839 842 841 844 847 857 849 849 854 852
639 643 647 648 653 655 661 664 669 672 676 678 682 686 687 690 694 697 701 703 704 707 710 713 716 721 723 724 728 729 730 736 736 739 743 743 748 749 752 753 756 760 764 766 769 770 773 777 780 784 786 789 792 796 796 798 798 801 803 809 809 813 817 823 829 839 828 829 827 831 831 834 836 838 839 839 842 839 840 842 848 847 849 850 852 852
638 642 645 648 652 655 659 663 666 670 673 675 679 685 687 693 694 696 699 704 705 706 709 712 715 718 723 724 729 728 730 733 737 739 742 743 747 750 750 753 757 758 762 766 769 771 773 776 778 782 786 789 793 795 797 797 800 800 803 805 810 815 817 821 830 830 827 826 827 828 830 834 838 842 840 846 848 841 839 842 845 847 850 853 853 853
639 641 645 648 650 656 660 663 665 667 671 675 679 682 685 690 694 697 699 702 705 707 708 711 717 719 721 725 727 728 729 733 737 738 741 744 746 748 751 753 755 760 763 766 770 773 774 777 779 783 785 788 791 794 798 798 799 801 803 804 810 811 815 821 826 829 825 825 826 826 828 832 839 839 842 844 841 841 841 842 842 845 848 850 853 854
639 642 643 647 651 654 658 660 664 666 670 674 677 681 685 690 692 697 698 702 706 709 709 712 714 720 722 726 727 729 729 734 735 739 742 742 745 749 752 752 755 758 762 765 769 772 776 777 780 783 785 787 790 794 798 800 799 801 802 805 808 812 815 819 823 828 824 825 824 826 829 833 837 836 838 846 840 842 841 842 842 845 846 850 853 854
638 641 643 647 650 655 657 659 662 666 670 672 677 680 684 689 692 697 700 703 705 706 708 710 714 717 720 724 727 728 729 732 736 738 742 743 744 748 753 752 755 758 761 766 769 773 777 778 782 785 786 787 790 795 797 800 804 801 803 806 810 812 816 819 820 823 823 823 824 824 828 834 839 836 838 853 842 844 845 841 844 843 844 849 851 855
638 639 642 646 649 652 655 659 664 667 669 673 676 680 684 686 691 695 697 702 707 709 710 712 713 718 721 725 727 728 730 733 737 737 743 743 744 748 752 753 754 758 763 765 768 771 775 779 783 786 786 789 791 794 798 799 801 800 803 807 810 814 816 820 817 821 822 822 822 824 828 832 835 832 836 857 843 843 845 840 840 843 845 848 850 855
638 640 642 645 649 652 656 659 664 667 669 673 676 680 684 685 689 692 697 701 704 707 709 712 714 719 721 726 729 727 728 733 738 738 744 744 744 748 753 751 754 757 760 763 767 771 774 798 790 786 788 790 791 794 798 798 798 801 804 806 811 814 818 819 819 817 820 822 822 824 828 828 831 830 833 836 839 844 843 840 840 844 845 847 850 852
639 641 643 646 650 652 656 659 665 667 671 674 675 679 682 684 687 691 694 699 703 705 708 713 715 717 722 726 728 727 728 734 738 738 741 742 745 747 752 753 754 757 761 764 769 771 775 787 787 788 789 792 792 794 799 799 799 803 804 806 811 815 820 820 819 820 820 820 821 822 824 827 828 830 833 836 837 838 838 840 841 844 844 846 848 852
638 641 645 646 650 654 657 660 662 666 670 673 675 677 680 682 686 689 695 698 701 702 708 713 715 717 721 725 725 727 729 733 735 740 742 743 744 747 751 753 754 756 760 765 767 772 775 779 784 788 791 793 794 796 800 799 801 805 806 806 811 814 820 820 820 820 820 820 822 822 823 824 827 829 834 834 837 838 838 839 839 843 844 843 846 849
638 640 643 645 649 652 656 658 661 666 668 670 673 675 679 682 685 688 693 695 698 702 707 710 713 716 719 723 726 727 729 732 736 740 743 743 745 748 752 764 756 757 760 764 767 770 774 778 783 794 794 796 795 796 799 800 801 810 805 806 811 813 822 820 819 819 818 822 822 823 824 826 828 828 830 833 835 836 838 838 840 843 845 844 847 849
637 640 643 644 648 651 654 658 661 662 667 670 672 676 678 680 685 689 692 695 697 702 707 709 711 716 718 724 724 726 729 731 735 738 743 744 745 748 752 756 755 756 760 764 769 771 774 778 785 838 811 795 795 797 798 802 802 807 805 808 813 817 821 826 818 816 820 822 823 825 826 826 830 830 830 832 834 835 839 839 840 843 844 844 847 848
638 640 643 645 648 651 653 656 659 661 664 667 672 673 677 681 686 688 690 694 699 703 704 706 709 713 718 721 723 726 728 731 734 736 741 750 748 751 752 757 755 757 759 763 765 770 774 777 798 875 858 796 798 798 802 802 803 809 807 809 813 817 823 823 818 817 820 822 823 827 825 828 844 835 832 832 833 834 837 838 841 842 844 845 848 848
638 641 642 645 649 650 653 656 657 661 664 666 670 672 675 680 682 686 690 695 697 701 703 705 710 715 717 721 722 724 728 729 732 735 739 747 748 750 751 755 757 758 759 762 766 770 775 779 786 909 824 798 798 799 803 808 806 810 807 809 814 818 826 819 819 818 822 824 826 827 827 830 834 832 838 838 832 834 835 839 840 842 846 847 846 849
639 641 643 644 647 650 653 655 659 661 664 668 669 672 676 679 682 685 688 693 695 699 701 705 709 712 717 719 720 725 728 728 733 736 740 742 750 750 753 756 757 758 762 763 768 769 773 777 823 910 838 800 800 800 805 808 808 810 810 809 814 818 821 819 817 820 826 826 825 826 828 832 834 835 833 833 833 835 834 838 840 843 846 845 847 850
639 642 644 647 647 651 655 657 660 661 664 669 670 673 675 679 684 686 689 692 695 697 702 704 708 711 713 718 721 723 726 728 732 735 739 744 750 750 754 758 758 759 760 764 769 770 772 777 817 892 927 799 797 802 805 811 807 808 808 810 815 819 818 820 817 823 825 830 829 830 829 835 836 840 840 835 835 837 836 838 846 844 845 847 850 851
640 641 646 648 649 650 654 657 660 661 663 667 670 672 676 678 681 686 688 693 696 700 703 705 710 712 714 717 722 723 725 727 731 734 741 744 746 751 753 758 758 761 763 764 768 772 773 783 789 788 808 794 798 802 805 809 808 811 810 812 815 820 820 818 820 823 828 832 850 835 833 854 840 838 842 836 836 837 837 841 847 846 846 848 850 849
642 643 646 648 649 650 653 656 663 662 663 667 670 676 676 679 681 685 687 691 693 697 700 704 709 710 714 719 722 725 728 730 730 735 740 742 745 747 752 759 759 761 763 764 769 772 773 777 780 784 788 793 797 800 804 810 810 813 809 815 816 821 820 820 836 825 831 833 836 834 839 855 858 853 835 836 836 838 838 842 848 848 846 849 850 850
643 644 646 648 648 649 652 657 660 661 665 667 670 672 676 679 683 686 687 689 694 696 700 703 705 709 712 715 719 725 727 730 732 736 739 741 744 747 753 756 761 762 763 764 769 777 774 777 781 784 788 790 794 798 802 810 810 811 811 815 816 821 821 823 826 827 839 838 850 833 840 848 867 851 838 837 837 838 839 843 854 852 847 850 850 851
656 644 652 648 649 651 652 655 658 661 666 668 672 673 677 680 686 686 690 692 695 700 700 704 706 709 711 714 719 722 728 729 731 735 738 743 747 747 752 755 761 763 765 767 769 775 782 778 781 785 787 791 797 801 804 807 811 813 814 817 817 822 825 825 825 829 831 832 834 832 837 842 852 837 837 839 839 839 843 846 855 848 848 852 850 851
645 646 649 650 651 650 652 656 659 660 664 668 673 674 676 679 682 685 690 694 697 699 701 703 709 710 712 714 718 723 727 727 730 734 741 743 746 751 754 756 761 764 766 768 770 775 779 778 782 785 789 792 795 800 803 805 810 815 818 819 818 822 825 829 828 831 832 846 832 830 841 842 848 838 837 836 837 838 842 846 851 847 847 850 849 850
646 647 647 648 650 652 653 656 658 660 663 666 671 673 676 679 682 685 689 691 696 699 703 705 708 710 712 715 717 720 723 726 731 735 740 744 749 752 753 757 758 763 764 770 772 775 784 780 785 786 789 792 795 799 802 806 809 814 820 820 819 824 827 829 830 833 830 853 840 830 837 848 836 835 835 835 837 840 842 848 861 847 852 849 851 852
644 647 648 648 650 653 653 656 660 663 664 667 670 673 675 680 685 686 690 696 698 699 703 705 710 711 712 716 718 721 724 727 732 735 739 743 749 751 752 756 757 761 764 769 772 776 781 782 784 789 791 795 796 799 804 809 811 817 820 820 820 823 828 831 833 829 828 837 846 830 835 852 836 836 838 835 839 840 842 847 843 846 847 848 849 852
644 649 650 649 651 653 654 657 661 663 666 666 670 672 677 681 686 689 689 695 698 700 702 708 711 713 713 719 719 721 724 728 731 734 738 743 747 750 752 755 757 761 765 768 771 778 781 785 787 789 794 798 798 800 807 812 815 819 823 821 821 827 828 833 835 832 827 837 840 831 831 856 835 836 835 839 839 841 842 841 841 843 848 847 849 853
645 646 647 651 653 653 654 657 661 665 667 668 671 672 676 680 685 690 692 694 699 701 702 708 710 714 716 719 721 723 723 726 730 733 737 744 746 749 751 756 757 761 763 769 772 779 780 785 789 792 798 798 799 803 806 812 817 822 824 820 823 830 833 833 835 830 827 829 833 831 832 846 836 835 834 835 837 839 837 839 841 845 844 847 850 851
643 645 647 648 653 654 655 658 660 664 667 668 670 672 676 681 685 690 693 697 699 703 705 707 709 713 717 720 722 725 726 728 731 735 739 742 746 748 750 755 758 761 766 767 771 776 780 783 788 790 799 799 800 803 808 812 815 821 822 822 825 828 833 836 839 830 827 828 831 829 831 832 834 833 836 837 839 842 847 843 843 856 846 848 851 852
642 645 645 647 651 654 655 660 662 664 667 670 672 673 676 680 686 688 691 697 701 703 704 706 712 714 717 721 723 725 726 728 732 734 737 742 746 749 751 754 758 762 764 767 770 775 779 785 793 792 800 799 803 805 810 814 817 822 823 822 827 831 834 837 840 837 829 828 830 831 833 841 837 837 836 839 841 844 857 852 846 862 850 851 851 852
641 643 645 647 651 653 656 659 662 667 668 670 672 674 676 679 683 689 692 696 706 705 707 707 711 713 718 720 722 726 728 731 735 737 740 744 746 750 752 757 758 762 765 768 771 776 781 786 789 794 799 800 804 808 813 820 819 824 826 825 826 833 838 841 841 839 832 832 831 832 839 848 841 841 840 839 841 845 850 848 847 855 852 851 851 854
641 642 645 647 648 652 654 659 661 664 669 670 671 673 678 680 682 687 692 695 700 707 707 708 710 716 719 722 725 727 731 732 734 736 741 744 746 753 754 756 759 762 767 773 774 777 781 785 790 798 802 804 807 809 816 823 822 826 825 826 828 834 838 842 843 842 842 834 833 836 845 864 839 841 842 843 842 848 851 853 851 853 850 851 853 854
641 642 643 645 647 652 654 656 660 666 671 672 673 675 679 682 684 686 692 696 699 703 709 709 712 717 720 725 724 728 733 733 735 736 740 745 748 752 755 756 760 763 768 772 777 779 783 788 793 801 806 807 808 813 817 820 826 831 827 828 830 834 839 843 844 843 842 836 835 837 850 849 840 842 842 842 843 848 851 858 850 855 852 853 855 859
639 642 643 646 651 652 657 657 661 666 670 671 672 676 679 683 685 688 690 695 701 704 710 713 714 718 722 723 726 731 733 734 736 739 743 745 747 751 756 758 761 764 767 774 776 781 786 791 797 803 812 811 813 817 821 822 827 826 827 829 832 835 838 844 846 848 851 855 838 841 850 843 844 845 844 843 845 854 858 859 856 859 855 858 860 859
641 642 643 645 652 654 656 659 662 665 670 673 673 676 679 684 688 689 691 694 698 702 708 712 715 719 725 724 728 733 736 735 739 738 744 745 749 752 757 760 762 765 768 771 776 780 785 792 801 827 820 814 814 821 825 828 829 829 828 834 836 837 843 845 848 851 850 863 844 845 855 848 863 845 846 845 848 857 860 864 869 869 860 858 861 861
643 644 643 645 649 654 656 657 660 664 668 673 675 677 679 684 696 691 693 697 699 704 707 712 717 720 725 726 729 733 736 738 738 741 746 747 750 751 756 761 763 766 769 772 775 779 785 794 801 833 829 817 820 823 829 828 828 831 832 838 837 840 850 848 851 852 853 860 843 848 872 864 872 849 848 849 852 857 861 856 863 862 862 861 863 861
642 641 643 646 651 653 654 656 660 664 669 672 674 679 681 685 692 720 694 698 699 704 707 712 714 718 724 729 732 736 749 744 741 744 746 747 751 754 756 761 764 768 769 773 776 781 786 794 801 832 818 815 815 824 825 828 826 829 833 840 841 843 849 850 849 850 850 846 851 861 862 857 854 850 848 851 856 858 858 860 872 874 864 861 863 863
642 642 644 645 648 652 654 657 661 666 667 669 674 678 682 686 691 717 695 699 704 703 708 711 715 718 723 728 733 738 747 742 744 745 745 748 751 757 758 762 765 770 772 774 777 780 787 794 800 811 813 814 812 821 824 825 825 831 832 837 842 842 847 851 854 849 849 850 854 869 884 854 853 852 852 853 857 862 861 864 879 868 866 865 864 865
644 643 644 646 648 651 653 658 662 664 666 669 675 678 684 686 805 695 697 701 703 705 708 714 717 723 727 727 732 738 753 751 744 746 746 749 753 758 761 763 766 770 775 775 779 782 788 791 798 813 808 810 812 816 821 825 826 827 831 836 841 845 848 852 856 854 855 858 869 887 875 853 854 855 855 860 860 864 865 866 886 868 866 864 865 865
