wc0.5/Cropped/bio13_28.asc
NCOLS 282 
NROWS 470 
XLLCORNER 79.525 
YLLCORNER 5.91666666666667 
CELLSIZE 0.00833333333333331 
NODATA_value -32768 
[rows 342 to 379 of 470, columns 0 to 86 of 282]
-32768 -32768 -32768 -32768 -32768 -32768 -32768 -32768 -32768 -32768 -32768 -32768 -32768 -32768 -32768 -32768 -32768 -32768 -32768 -32768 -32768 -32768 -32768 -32768 -32768 -32768 -32768 -32768 -32768 -32768 -32768 -32768 -32768 -32768 -32768 -32768 -32768 -32768 -32768 -32768 -32768 -32768 357 359 361 363 365 367 369 372 375 378 381 383 385 388 388 391 397 402 404 408 410 413 418 422 425 426 429 434 438 437 442 445 450 461 458 459 480 480 477 470 472 494 484 513 509
-32768 -32768 -32768 -32768 -32768 -32768 -32768 -32768 -32768 -32768 -32768 -32768 -32768 -32768 -32768 -32768 -32768 -32768 -32768 -32768 -32768 -32768 -32768 -32768 -32768 -32768 -32768 -32768 -32768 -32768 -32768 -32768 -32768 -32768 -32768 -32768 -32768 -32768 -32768 -32768 -32768 357 359 361 362 364 367 369 371 373 377 380 382 384 387 390 390 394 400 401 406 409 412 414 420 423 427 431 434 438 438 442 446 449 452 455 459 464 484 491 478 473 478 476 497 483 525
-32768 -32768 -32768 -32768 -32768 -32768 -32768 -32768 -32768 -32768 -32768 -32768 -32768 -32768 -32768 -32768 -32768 -32768 -32768 -32768 -32768 -32768 -32768 -32768 -32768 -32768 -32768 -32768 -32768 -32768 -32768 -32768 -32768 -32768 -32768 -32768 -32768 -32768 -32768 -32768 357 359 360 362 364 366 368 371 373 375 378 381 383 387 389 391 392 398 403 404 408 412 411 419 430 428 429 433 435 440 441 444 451 458 467 463 467 470 484 501 476 482 480 483 496 484 486
-32768 -32768 -32768 -32768 -32768 -32768 -32768 -32768 -32768 -32768 -32768 -32768 -32768 -32768 -32768 -32768 -32768 -32768 -32768 -32768 -32768 -32768 -32768 -32768 -32768 -32768 -32768 -32768 -32768 -32768 -32768 -32768 -32768 -32768 -32768 -32768 -32768 -32768 -32768 -32768 359 360 362 364 366 368 370 372 374 377 380 383 385 388 390 392 396 401 403 406 409 413 414 418 426 427 430 434 437 441 444 449 451 458 474 481 484 475 472 503 487 487 486 484 486 510 553
-32768 -32768 -32768 -32768 -32768 -32768 -32768 -32768 -32768 -32768 -32768 -32768 -32768 -32768 -32768 -32768 -32768 -32768 -32768 -32768 -32768 -32768 -32768 -32768 -32768 -32768 -32768 -32768 -32768 -32768 -32768 -32768 -32768 -32768 -32768 -32768 -32768 -32768 -32768 -32768 360 362 363 365 367 369 371 374 376 378 381 384 386 389 391 395 397 401 404 406 409 412 418 421 427 430 433 436 439 443 450 453 455 460 463 473 478 480 492 504 493 501 492 491 490 495 551
-32768 -32768 -32768 -32768 -32768 -32768 -32768 -32768 -32768 -32768 -32768 -32768 -32768 -32768 -32768 -32768 -32768 -32768 -32768 -32768 -32768 -32768 -32768 -32768 -32768 -32768 -32768 -32768 -32768 -32768 -32768 -32768 -32768 -32768 -32768 -32768 -32768 -32768 358 360 361 363 365 367 369 371 373 375 377 380 383 385 388 391 394 396 400 403 406 408 413 418 420 425 429 433 434 438 443 448 453 455 460 466 468 472 482 480 483 487 493 501 495 492 500 504 526
-32768 -32768 -32768 -32768 -32768 -32768 -32768 -32768 -32768 -32768 -32768 -32768 -32768 -32768 -32768 -32768 -32768 -32768 -32768 -32768 -32768 -32768 -32768 -32768 -32768 -32768 -32768 -32768 -32768 -32768 -32768 -32768 -32768 -32768 -32768 -32768 -32768 -32768 359 361 363 364 366 368 370 372 373 377 379 382 385 386 390 393 397 397 402 406 408 411 416 418 424 427 429 434 438 440 444 450 454 458 464 469 479 492 493 496 504 490 497 513 500 495 497 496 507
-32768 -32768 -32768 -32768 -32768 -32768 -32768 -32768 -32768 -32768 -32768 -32768 -32768 -32768 -32768 -32768 -32768 -32768 -32768 -32768 -32768 -32768 -32768 -32768 -32768 -32768 -32768 -32768 -32768 -32768 -32768 -32768 -32768 -32768 -32768 -32768 -32768 -32768 359 362 364 366 368 369 370 372 375 378 381 384 386 388 392 396 398 399 405 408 411 414 417 421 423 430 430 436 441 443 446 453 455 462 466 474 479 489 497 511 518 503 513 527 535 504 501 511 515
-32768 -32768 -32768 -32768 -32768 -32768 -32768 -32768 -32768 -32768 -32768 -32768 -32768 -32768 -32768 -32768 -32768 -32768 -32768 -32768 -32768 -32768 -32768 -32768 -32768 -32768 -32768 -32768 -32768 -32768 -32768 -32768 -32768 -32768 -32768 -32768 -32768 -32768 -32768 362 364 366 368 369 372 373 376 379 383 385 387 391 392 398 398 401 407 409 411 415 419 422 425 429 433 437 440 444 448 452 455 465 467 472 480 483 510 514 512 512 528 536 545 507 505 510 524
-32768 -32768 -32768 -32768 -32768 -32768 -32768 -32768 -32768 -32768 -32768 -32768 -32768 -32768 -32768 -32768 -32768 -32768 -32768 -32768 -32768 -32768 -32768 -32768 -32768 -32768 -32768 -32768 -32768 -32768 -32768 -32768 -32768 -32768 -32768 -32768 -32768 -32768 -32768 363 365 367 368 370 372 374 377 380 383 385 389 392 394 399 400 405 408 413 415 416 423 425 429 431 434 439 441 447 453 457 458 462 469 479 480 489 501 511 516 526 527 541 549 504 506 510 554
-32768 -32768 -32768 -32768 -32768 -32768 -32768 -32768 -32768 -32768 -32768 -32768 -32768 -32768 -32768 -32768 -32768 -32768 -32768 -32768 -32768 -32768 -32768 -32768 -32768 -32768 -32768 -32768 -32768 -32768 -32768 -32768 -32768 -32768 -32768 -32768 -32768 -32768 -32768 364 366 367 369 371 373 376 378 381 383 387 390 394 397 400 402 407 409 414 415 418 425 427 432 432 437 439 443 448 455 460 467 466 475 473 483 492 509 505 526 531 533 535 545 506 505 514 513
-32768 -32768 -32768 -32768 -32768 -32768 -32768 -32768 -32768 -32768 -32768 -32768 -32768 -32768 -32768 -32768 -32768 -32768 -32768 -32768 -32768 -32768 -32768 -32768 -32768 -32768 -32768 -32768 -32768 -32768 -32768 -32768 -32768 -32768 -32768 -32768 -32768 -32768 -32768 -32768 367 368 370 372 374 377 379 382 385 388 392 394 399 402 404 409 413 415 416 419 426 430 430 436 439 441 447 452 468 465 466 469 472 492 480 485 516 514 524 534 540 541 512 510 512 511 514
-32768.000000000000000 -32768 -32768 -32768 -32768 -32768 -32768 -32768 -32768 -32768 -32768 -32768 -32768 -32768 -32768 -32768 -32768 -32768 -32768 -32768 -32768 -32768 -32768 -32768 -32768 -32768 -32768 -32768 -32768 -32768 -32768 -32768 -32768 -32768 -32768 -32768 -32768 -32768 -32768 -32768 368 369 372 372 375 379 380 382 385 390 393 397 400 405 405 411 413 416 420 421 427 431 432 439 443 443 447 453 467 468 474 471 475 478 482 501 518 509 530 535 540 545 536 527 520 536 516
-32768 -32768 -32768 -32768 -32768 -32768 -32768 -32768 -32768 -32768 -32768 -32768 -32768 -32768 -32768 -32768 -32768 -32768 -32768 -32768 -32768 -32768 -32768 -32768 -32768 -32768 -32768 -32768 -32768 -32768 -32768 -32768 -32768 -32768 -32768 -32768 -32768 -32768 -32768 -32768 369 370 373 375 377 379 381 385 386 390 395 399 402 405 407 412 415 417 422 423 429 434 438 441 444 445 449 457 467 474 473 476 478 483 487 499 519 507 528 532 537 533 533 523 522 528 533
-32768 -32768 -32768 -32768 -32768 -32768 -32768 -32768 -32768 -32768 -32768 -32768 -32768 -32768 -32768 -32768 -32768 -32768 -32768 -32768 -32768 -32768 -32768 -32768 -32768 -32768 -32768 -32768 -32768 -32768 -32768 -32768 -32768 -32768 -32768 -32768 -32768 -32768 -32768 -32768 369 371 374 375 378 379 383 386 388 391 395 399 403 407 411 414 417 419 424 427 431 436 442 444 446 450 451 458 469 468 469 478 482 485 488 490 500 508 526 530 529 541 524 533 547 556 515
-32768 -32768 -32768 -32768 -32768 -32768 -32768 -32768 -32768 -32768 -32768 -32768 -32768 -32768 -32768 -32768 -32768 -32768 -32768 -32768 -32768 -32768 -32768 -32768 -32768 -32768 -32768 -32768 -32768 -32768 -32768 -32768 -32768 -32768 -32768 -32768 -32768 -32768 -32768 -32768 370 374 375 375 377 381 383 386 390 392 397 399 404 409 411 415 419 422 426 431 434 439 442 446 447 453 455 461 466 470 473 484 490 492 495 498 514 511 516 532 532 537 536 542 557 554 536
-32768 -32768 -32768 -32768 -32768 -32768 -32768 -32768 -32768 -32768 -32768 -32768 -32768 -32768 -32768 -32768 -32768 -32768 -32768 -32768 -32768 -32768 -32768 -32768 -32768 -32768 -32768 -32768 -32768 -32768 -32768 -32768 -32768 -32768 -32768 -32768 -32768 -32768 -32768 -32768 369 373 374 375 377 382 383 388 391 394 398 402 405 410 412 417 421 425 429 433 436 440 443 447 451 456 457 462 466 472 478 480 490 495 499 503 513 512 526 537 539 533 549 548 558 548 518
-32768 -32768 -32768 -32768 -32768 -32768 -32768 -32768 -32768 -32768 -32768 -32768 -32768 -32768 -32768 -32768 -32768 -32768 -32768 -32768 -32768 -32768 -32768 -32768 -32768 -32768 -32768 -32768 -32768 -32768 -32768 -32768 -32768 -32768 -32768 -32768 -32768 -32768 -32768 -32768 370 373 375 376 379 381 384 388 391 394 398 403 407 410 412 418 420 426 430 434 438 443 446 451 457 463 459 465 470 473 477 480 484 490 496 504 505 527 526 536 540 533 551 548 557 522 525
-32768 -32768 -32768 -32768 -32768 -32768 -32768 -32768 -32768 -32768 -32768 -32768 -32768 -32768 -32768 -32768 -32768 -32768 -32768 -32768 -32768 -32768 -32768 -32768 -32768 -32768 -32768 -32768 -32768 -32768 -32768 -32768 -32768 -32768 -32768 -32768 -32768 -32768 -32768 -32768 -32768 375 376 377 379 384 386 387 391 396 398 404 408 412 415 418 423 428 430 434 439 445 449 453 459 462 463 465 469 475 481 482 488 492 497 501 505 528 522 538 543 535 547 549 555 527 544
-32768 -32768 -32768 -32768 -32768 -32768 -32768 -32768 -32768 -32768 -32768 -32768 -32768 -32768 -32768 -32768 -32768 -32768 -32768 -32768 -32768 -32768 -32768 -32768 -32768 -32768 -32768 -32768 -32768 -32768 -32768 -32768 -32768 -32768 -32768 -32768 -32768 -32768 -32768 -32768 -32768 375 377 378 380 385 385 388 393 397 401 405 409 413 417 419 426 429 432 438 441 447 453 455 461 464 464 470 475 478 483 487 493 495 500 501 511 530 535 533 544 548 538 556 554 557 542
-32768 -32768 -32768 -32768 -32768 -32768 -32768 -32768 -32768 -32768 -32768 -32768 -32768 -32768 -32768 -32768 -32768 -32768 -32768 -32768 -32768 -32768 -32768 -32768 -32768 -32768 -32768 -32768 -32768 -32768 -32768 -32768 -32768 -32768 -32768 -32768 -32768 -32768 -32768 -32768 -32768 376 378 380 381 383 386 391 394 398 401 404 410 413 418 420 427 429 434 441 444 450 455 459 461 463 466 474 477 481 493 492 495 498 498 504 519 529 535 532 544 541 546 510 559 558 541
-32768 -32768 -32768 -32768 -32768 -32768 -32768 -32768 -32768 -32768 -32768 -32768 -32768 -32768 -32768 -32768 -32768 -32768 -32768 -32768 -32768 -32768 -32768 -32768 -32768 -32768 -32768 -32768 -32768 -32768 -32768 -32768 -32768 -32768 -32768 -32768 -32768 -32768 -32768 -32768 -32768 376 378 381 382 384 389 389 394 398 402 405 410 414 419 422 427 431 437 442 447 452 457 460 463 468 473 476 478 484 489 495 495 499 501 509 518 530 536 535 541 546 538 554 555 561 546
-32768 -32768 -32768 -32768 -32768 -32768 -32768 -32768 -32768 -32768 -32768 -32768 -32768 -32768 -32768 -32768 -32768 -32768 -32768 -32768 -32768 -32768 -32768 -32768 -32768 -32768 -32768 -32768 -32768 -32768 -32768 -32768 -32768 -32768 -32768 -32768 -32768 -32768 -32768 -32768 -32768 -32768 379 382 384 386 391 392 396 399 402 406 410 415 419 423 428 432 439 443 449 454 458 463 468 469 474 480 483 487 491 497 498 500 504 510 513 529 537 540 541 546 524 555 545 564 554
-32768 -32768 -32768 -32768 -32768 -32768 -32768 -32768 -32768 -32768 -32768 -32768 -32768 -32768 -32768 -32768 -32768 -32768 -32768 -32768 -32768 -32768 -32768 -32768 -32768 -32768 -32768 -32768 -32768 -32768 -32768 -32768 -32768 -32768 -32768 -32768 -32768 -32768 -32768 -32768 -32768 -32768 380 383 387 386 392 392 397 401 402 409 411 416 420 424 431 436 440 446 451 455 459 465 470 472 479 482 486 487 493 498 501 503 507 514 522 531 538 541 542 547 523 549 541 562 556
-32768 -32768 -32768 -32768 -32768 -32768 -32768 -32768 -32768 -32768 -32768 -32768 -32768 -32768 -32768 -32768 -32768 -32768 -32768 -32768 -32768 -32768 -32768 -32768 -32768 -32768 -32768 -32768 -32768 -32768 -32768 -32768 -32768 -32768 -32768 -32768 -32768 -32768 -32768 -32768 -32768 -32768 381 383 385 388 390 396 398 400 405 408 411 417 421 426 432 438 444 447 452 456 461 468 472 476 481 485 489 491 496 497 502 504 511 512 516 531 537 542 542 549 545 525 536 558 557
-32768 -32768 -32768 -32768 -32768 -32768 -32768 -32768 -32768 -32768 -32768 -32768 -32768 -32768 -32768 -32768 -32768 -32768 -32768 -32768 -32768 -32768 -32768 -32768 -32768 -32768 -32768 -32768 -32768 -32768 -32768 -32768 -32768 -32768 -32768 -32768 -32768 -32768 -32768 -32768 -32768 -32768 -32768 384 386 389 391 397 400 403 404 408 413 417 422 428 434 439 444 448 452 459 465 469 473 480 484 486 491 492 496 500 504 509 514 521 522 533 533 542 544 548 533 524 534 552 563
-32768 -32768 -32768 -32768 -32768 -32768 -32768 -32768 -32768 -32768 -32768 -32768 -32768 -32768 -32768 -32768 -32768 -32768 -32768 -32768 -32768 -32768 -32768 -32768 -32768 -32768 -32768 -32768 -32768 -32768 -32768 -32768 -32768 -32768 -32768 -32768 -32768 -32768 -32768 -32768 -32768 -32768 -32768 385 388 390 393 395 397 404 404 409 414 420 425 430 433 438 445 451 457 461 466 470 476 482 486 488 495 498 498 505 508 519 515 524 525 521 534 538 545 547 533 526 556 566 541
-32768 -32768 -32768 -32768 -32768 -32768 -32768 -32768 -32768 -32768 -32768 -32768 -32768 -32768 -32768 -32768 -32768 -32768 -32768 -32768 -32768 -32768 -32768 -32768 -32768 -32768 -32768 -32768 -32768 -32768 -32768 -32768 -32768 -32768 -32768 -32768 -32768 -32768 -32768 -32768 -32768 -32768 -32768 -32768 388 394 395 396 398 403 405 410 414 420 425 430 434 443 447 453 459 461 466 474 479 485 489 493 494 500 503 510 518 516 526 528 522 522 541 541 550 551 535 532 557 565 568
-32768 -32768 -32768 -32768 -32768 -32768 -32768 -32768 -32768 -32768 -32768 -32768 -32768 -32768 -32768 -32768 -32768 -32768 -32768 -32768 -32768 -32768 -32768 -32768 -32768 -32768 -32768 -32768 -32768 -32768 -32768 -32768 -32768 -32768 -32768 -32768 -32768 -32768 -32768 -32768 -32768 -32768 -32768 -32768 390 394 395 397 399 403 406 410 415 423 427 431 436 445 450 456 462 465 469 475 482 487 492 495 501 501 507 512 515 521 529 531 527 524 527 537 551 552 555 529 529 551 553
-32768 -32768 -32768 -32768 -32768 -32768 -32768 -32768 -32768 -32768 -32768 -32768 -32768 -32768 -32768 -32768 -32768 -32768 -32768 -32768 -32768 -32768 -32768 -32768 -32768 -32768 -32768 -32768 -32768 -32768 -32768 -32768 -32768 -32768 -32768 -32768 -32768 -32768 -32768 -32768 -32768 -32768 -32768 -32768 392 394 396 399 405 407 407 411 416 423 429 434 439 445 452 457 461 467 470 476 486 490 492 500 502 506 509 514 517 517 519 529 525 526 530 529 529 548 550 543 528 529 530
-32768 -32768 -32768 -32768 -32768 -32768 -32768 -32768 -32768 -32768 -32768 -32768 -32768 -32768 -32768 -32768 -32768 -32768 -32768 -32768 -32768 -32768 -32768 -32768 -32768 -32768 -32768 -32768 -32768 -32768 -32768 -32768 -32768 -32768 -32768 -32768 -32768 -32768 -32768 -32768 -32768 -32768 -32768 -32768 -32768 395 401 400 406 407 407 414 417 423 428 435 441 446 452 459 464 468 472 479 490 491 495 498 502 508 510 517 520 523 523 524 541 526 537 531 531 530 532 530 531 528 531
-32768 -32768 -32768 -32768 -32768 -32768 -32768 -32768 -32768 -32768 -32768 -32768 -32768 -32768 -32768 -32768 -32768 -32768 -32768 -32768 -32768 -32768 -32768 -32768 -32768 -32768 -32768 -32768 -32768 -32768 -32768 -32768 -32768 -32768 -32768 -32768 -32768 -32768 -32768 -32768 -32768 -32768 -32768 -32768 -32768 397 401 404 405 409 409 414 418 423 428 436 441 448 453 457 464 469 474 482 488 495 500 505 509 511 517 521 525 524 526 526 529 531 529 532 534 540 557 561 560 531 563
-32768 -32768 -32768 -32768 -32768 -32768 -32768 -32768 -32768 -32768 -32768 -32768 -32768 -32768 -32768 -32768 -32768 -32768 -32768 -32768 -32768 -32768 -32768 -32768 -32768 -32768 -32768 -32768 -32768 -32768 -32768 -32768 -32768 -32768 -32768 -32768 -32768 -32768 -32768 -32768 -32768 -32768 -32768 -32768 -32768 399 402 404 407 407 410 414 420 423 428 437 443 446 453 461 464 470 482 485 491 498 504 507 513 519 518 527 530 527 530 531 545 547 532 539 552 539 557 563 566 549 531
-32768 -32768 -32768 -32768 -32768 -32768 -32768 -32768 -32768 -32768 -32768 -32768 -32768 -32768 -32768 -32768 -32768 -32768 -32768 -32768 -32768 -32768 -32768 -32768 -32768 -32768 -32768 -32768 -32768 -32768 -32768 -32768 -32768 -32768 -32768 -32768 -32768 -32768 -32768 -32768 -32768 -32768 -32768 -32768 -32768 -32768 403 405 408 410 413 416 420 424 429 437 443 446 453 460 467 473 480 493 495 502 504 510 517 518 522 526 528 530 539 535 536 539 539 556 556 560 562 564 565 560 556
-32768 -32768 -32768 -32768 -32768 -32768 -32768 -32768 -32768 -32768 -32768 -32768 -32768 -32768 -32768 -32768 -32768 -32768 -32768 -32768 -32768 -32768 -32768 -32768 -32768 -32768 -32768 -32768 -32768 -32768 -32768 -32768 -32768 -32768 -32768 -32768 -32768 -32768 -32768 -32768 -32768 -32768 -32768 -32768 -32768 -32768 404 407 408 411 415 414 419 424 430 437 441 448 454 460 471 477 483 493 500 503 505 513 519 522 528 530 531 537 543 538 538 540 555 549 559 561 563 565 562 565 562
-32768 -32768 -32768 -32768 -32768 -32768 -32768 -32768 -32768 -32768 -32768 -32768 -32768 -32768 -32768 -32768 -32768 -32768 -32768 -32768 -32768 -32768 -32768 -32768 -32768 -32768 -32768 -32768 -32768 -32768 -32768 -32768 -32768 -32768 -32768 -32768 -32768 -32768 -32768 -32768 -32768 -32768 -32768 -32768 -32768 -32768 -32768 408 411 411 412 415 419 425 430 436 442 448 455 461 472 479 483 492 500 506 511 515 522 530 533 536 539 543 545 545 542 545 557 550 560 561 562 566 565 562 569
-32768 -32768 -32768 -32768 -32768 -32768 -32768 -32768 -32768 -32768 -32768 -32768 -32768 -32768 -32768 -32768 -32768 -32768 -32768 -32768 -32768 -32768 -32768 -32768 -32768 -32768 -32768 -32768 -32768 -32768 -32768 -32768 -32768 -32768 -32768 -32768 -32768 -32768 -32768 -32768 -32768 -32768 -32768 -32768 -32768 -32768 -32768 409 412 413 415 417 419 425 431 437 443 450 456 462 469 477 485 500 506 507 514 520 525 530 534 539 540 544 541 546 545 542 549 551 559 563 562 566 564 565 570
-32768 -32768 -32768 -32768 -32768 -32768 -32768 -32768 -32768 -32768 -32768 -32768 -32768 -32768 -32768 -32768 -32768 -32768 -32768 -32768 -32768 -32768 -32768 -32768 -32768 -32768 -32768 -32768 -32768 -32768 -32768 -32768 -32768 -32768 -32768 -32768 -32768 -32768 -32768 -32768 -32768 -32768 -32768 -32768 -32768 -32768 -32768 410 413 416 416 418 420 425 431 437 443 451 459 466 474 484 488 500 509 508 515 523 526 535 541 544 547 545 544 544 549 545 550 560 559 565 565 568 568 568 570
