wc0.5/Cropped/bio10_28.asc
NCOLS 282 
NROWS 470 
XLLCORNER 79.525 
YLLCORNER 5.91666666666667 
CELLSIZE 0.00833333333333331 
NODATA_value -32768 
[rows 342 to 379 of 470, columns 87 to 173 of 282]
271 279 276 275 274 270 268 270 270 279 267 266 268 262 262 246 269 271 271 266 272 272 251 267 276 263 262 269 260 241 238 223 223 226 231 226 220 216 196 190 194 200 210 211 218 226 218 212 208 193 174 178 179 171 178 171 173 169 165 167 170 175 169 162 163 168 171 171 169 168 173 177 176 182 196 198 193 194 193 207 206 209 211 216 225 233 229
272 276 276 277 275 272 272 270 266 271 264 264 259 252 236 242 259 263 264 260 262 267 252 246 270 270 246 269 264 248 235 232 225 219 220 222 217 209 192 190 189 193 202 212 223 223 212 203 205 203 188 180 172 168 172 169 169 165 166 167 164 175 175 175 176 175 176 169 167 173 185 193 187 196 205 201 205 204 206 214 218 222 214 218 225 228 233
279 277 279 279 274 275 272 275 271 273 269 263 258 250 242 254 259 269 263 262 263 259 255 243 261 271 257 246 262 261 249 230 228 221 213 217 217 209 200 192 189 201 206 211 214 223 217 210 209 204 204 198 186 168 172 173 164 162 172 173 169 172 175 176 174 175 178 174 172 173 191 200 209 209 210 212 212 211 208 219 221 224 225 225 228 241 237
277 280 278 275 272 272 271 273 272 272 269 267 265 261 259 263 266 269 263 256 258 260 259 256 268 269 258 243 250 256 247 230 221 224 217 216 216 211 198 202 199 201 209 213 212 217 221 215 213 208 208 205 201 191 190 184 180 175 176 176 176 171 175 175 174 174 173 178 181 190 187 199 213 217 219 218 219 220 220 222 222 223 223 225 230 235 229
271 276 280 279 276 271 271 270 267 274 273 273 268 264 264 262 268 268 265 257 259 255 263 249 248 264 261 244 236 251 243 226 220 219 222 224 216 210 205 202 205 204 206 207 210 211 211 212 212 211 209 209 207 207 202 194 191 186 187 188 183 177 176 175 175 175 172 173 178 195 206 209 211 217 217 220 219 219 221 219 221 223 219 223 228 232 223
270 275 280 279 272 271 276 277 271 277 277 270 264 266 266 271 273 267 264 266 263 260 263 254 241 250 265 255 237 235 240 218 217 218 221 222 215 210 205 205 209 209 210 206 212 209 211 207 208 214 209 205 203 204 208 206 201 196 192 185 175 170 173 175 177 177 179 174 176 180 204 216 208 213 217 217 216 220 219 217 219 221 218 224 227 227 222
269 276 279 277 271 274 276 272 272 277 277 271 267 266 271 275 273 273 270 269 266 262 263 254 239 233 262 261 247 240 238 229 212 221 218 213 219 208 208 205 208 210 210 210 211 203 205 206 206 209 208 209 210 202 197 201 205 201 191 182 177 169 174 173 174 177 180 180 182 189 199 212 215 217 218 219 217 219 219 216 216 219 220 220 232 224 220
273 271 276 278 279 276 276 271 267 265 277 276 277 268 271 277 267 258 261 269 265 260 262 253 241 233 253 260 256 247 232 234 224 219 212 213 214 220 214 205 206 210 209 211 210 201 199 202 204 203 202 205 207 204 203 202 203 202 195 188 182 174 174 173 173 174 173 167 177 190 203 206 214 219 219 220 219 220 220 217 219 219 221 222 230 229 216
278 279 278 276 269 272 269 269 268 266 277 277 272 273 276 272 272 273 249 256 260 266 259 257 242 243 242 248 249 248 232 219 231 221 210 211 210 212 219 212 207 207 209 207 207 206 198 197 200 202 205 206 206 202 203 201 199 201 198 196 186 178 171 171 174 175 176 165 175 188 202 209 214 217 218 218 220 220 222 219 222 223 223 225 227 224 217
278 279 280 277 273 265 268 267 266 270 277 275 274 270 274 266 272 266 259 264 260 266 255 257 248 235 236 231 241 239 233 215 223 228 218 211 208 207 206 213 211 208 207 208 203 198 196 203 203 205 207 207 209 207 205 202 201 203 198 190 188 184 177 176 175 173 175 179 181 188 194 205 204 212 215 217 217 218 220 221 223 219 220 220 221 225 216
271 278 280 279 277 267 267 263 264 273 269 275 276 268 260 257 268 272 266 268 269 263 258 256 239 223 224 220 219 231 234 230 213 211 228 211 209 206 207 208 209 208 208 198 193 198 194 198 198 201 199 201 204 204 205 206 206 201 204 198 188 182 181 176 176 175 175 175 182 193 188 194 199 213 213 215 218 218 220 220 220 215 214 217 223 221 219
279 275 280 279 279 269 270 269 269 269 268 273 270 268 266 257 265 261 264 266 266 270 265 260 254 243 236 227 217 204 224 231 221 210 209 220 216 207 207 207 209 209 211 205 204 205 194 177 189 193 193 200 200 203 201 201 200 199 197 186 189 190 186 178 178 176 176 175 181 191 208 206 207 212 215 217 218 218 217 215 219 217 213 215 222 220 219
278 272 272 277 279 275 267 270 275 273 271 269 266 267 268 258 259 259 258 263 264 254 258 254 244 235 220 217 217 203 219 228 230 214 208 204 218 219 206 205 207 208 210 209 207 205 197 192 186 193 189 202 203 204 203 200 196 191 187 180 177 178 177 177 178 177 176 176 176 186 193 211 214 215 215 216 215 218 217 215 214 216 215 219 220 216 217
278 274 274 274 272 275 278 277 268 273 271 264 266 257 267 263 255 255 256 262 267 261 251 250 234 232 216 215 208 205 198 212 217 226 212 202 207 215 217 213 209 210 213 210 209 206 204 195 192 198 200 203 203 203 201 200 199 196 186 187 177 176 171 174 173 176 177 177 176 179 203 207 208 210 214 212 209 215 212 212 214 215 216 218 221 218 215
278 279 279 273 271 265 278 272 269 264 273 266 266 261 266 256 258 254 255 252 248 257 247 247 236 227 204 198 211 204 202 205 218 224 219 209 202 206 215 220 219 216 209 207 209 206 202 196 190 197 200 201 202 203 203 201 201 199 195 193 190 190 179 176 172 172 176 176 174 174 185 194 203 207 210 210 211 211 212 211 212 214 217 218 219 221 219
278 279 278 272 268 264 269 273 270 268 270 268 266 259 258 255 252 257 256 241 238 237 236 231 237 229 208 192 195 198 201 201 205 213 212 215 206 198 202 219 219 218 217 207 205 206 205 202 185 178 197 199 198 192 194 192 196 198 198 199 201 197 189 181 172 166 168 176 175 174 176 187 200 208 207 211 210 209 211 211 211 210 218 215 216 216 218
279 279 279 277 268 267 272 276 278 268 270 268 266 264 261 268 252 264 264 250 231 231 234 215 225 230 214 190 189 191 187 192 190 181 209 215 212 206 204 207 211 219 218 212 207 206 203 200 188 175 183 193 188 189 185 191 194 191 188 189 193 197 196 189 181 174 162 168 174 174 172 183 195 201 206 209 209 203 211 211 212 212 215 215 214 218 217
279 279 279 279 278 275 277 278 278 270 270 264 264 265 257 265 257 269 269 263 243 237 231 210 206 223 215 206 188 180 177 185 193 199 205 215 214 214 214 209 200 205 212 218 218 209 207 205 196 191 176 168 185 179 185 188 193 195 189 190 187 183 191 185 180 173 162 158 165 167 171 194 196 205 207 208 209 210 209 211 210 212 209 217 206 212 217
278 279 279 279 279 276 278 279 275 271 269 265 263 272 262 270 265 263 266 267 261 252 243 227 215 211 206 207 190 181 179 195 198 208 210 215 215 215 212 211 206 201 206 212 217 213 208 206 201 196 188 172 172 185 185 189 189 195 185 190 187 182 177 176 172 165 160 157 161 166 175 172 188 196 199 206 209 210 211 212 209 208 215 216 209 211 214
277 278 278 279 279 279 279 279 279 271 273 265 263 274 268 272 264 255 256 262 260 246 228 223 219 212 208 207 194 188 198 207 210 211 204 215 215 214 211 209 210 204 202 203 212 211 212 206 205 201 194 189 180 182 192 190 189 185 194 187 181 176 170 166 166 164 160 160 160 168 180 183 187 183 176 200 207 209 211 213 213 207 220 213 212 211 214
271 273 279 278 277 279 277 275 278 279 269 270 266 272 273 270 266 250 249 254 257 250 235 210 209 209 205 196 186 175 183 187 191 196 200 214 215 215 215 210 208 206 206 200 200 205 207 208 207 208 204 198 191 190 190 191 188 185 187 183 174 170 165 155 161 163 161 161 161 160 160 174 185 191 193 196 203 210 211 213 218 217 212 212 212 214 216
269 269 278 279 280 280 279 276 279 279 276 269 277 273 274 272 261 248 236 241 246 250 249 243 225 224 209 191 182 174 184 183 185 190 199 215 213 208 209 206 205 206 205 204 199 195 197 201 202 206 208 208 199 192 184 185 188 184 179 178 173 160 159 160 161 160 161 161 161 159 164 168 172 182 191 201 206 209 213 216 215 213 216 213 212 206 206
274 271 278 279 280 279 279 278 275 279 279 271 278 277 279 274 264 252 237 240 248 255 257 253 248 235 218 201 179 183 184 185 200 198 202 204 205 188 179 198 201 202 204 204 204 196 189 192 197 202 204 207 205 201 190 181 180 180 171 167 164 152 153 159 161 161 162 161 162 161 159 179 180 172 175 183 196 206 214 213 213 210 213 213 214 199 204
274 266 276 279 279 280 279 280 278 279 280 279 279 279 279 274 265 260 251 253 258 264 264 261 259 248 227 229 189 185 189 191 191 193 197 195 196 185 175 175 196 201 205 205 202 197 187 184 190 195 200 203 202 202 195 191 186 182 171 165 166 166 161 160 164 162 164 164 165 184 180 200 188 174 180 178 187 199 208 209 209 210 210 215 209 203 196
274 267 278 279 279 279 280 280 279 279 279 279 279 279 279 277 269 257 256 261 267 266 266 266 262 251 239 226 189 192 185 183 192 191 183 178 179 181 177 179 199 204 201 197 205 201 194 182 184 187 190 197 195 198 196 194 193 193 178 169 165 164 161 163 162 175 184 173 187 204 198 212 220 207 204 177 188 205 197 197 203 205 208 212 208 202 185
275 263 272 279 279 280 278 279 280 279 278 279 279 279 279 279 276 260 263 269 272 269 274 271 270 262 252 233 216 213 202 197 190 191 194 179 180 178 178 174 194 192 198 196 198 201 192 182 171 174 183 190 191 192 192 192 188 185 180 177 167 160 167 166 170 199 189 185 205 216 225 230 224 223 216 213 214 214 217 197 191 190 198 205 207 198 191
270 272 262 278 279 279 279 280 279 279 279 279 279 279 279 280 277 274 265 271 275 276 277 272 263 267 262 250 239 230 224 218 209 216 221 209 189 184 188 185 178 178 181 195 196 192 189 186 178 173 174 181 194 192 189 187 183 182 182 177 177 190 174 179 199 210 192 172 195 205 219 233 235 229 225 224 222 224 228 223 219 216 206 203 211 206 201
273 277 270 279 279 279 280 280 277 279 279 279 279 279 279 279 279 274 265 271 274 278 279 272 263 264 263 255 253 251 242 227 224 228 227 216 204 210 209 207 199 205 201 201 195 189 187 179 174 177 178 195 199 194 189 192 193 201 191 197 206 208 189 181 218 205 181 181 206 217 226 233 239 238 228 230 236 237 239 234 232 231 230 227 225 223 223
272 280 278 273 279 279 279 280 275 277 279 279 279 279 279 279 279 273 263 266 275 276 279 277 268 267 264 259 256 253 245 241 238 235 235 221 211 216 221 219 220 217 210 209 202 193 187 183 191 212 190 189 209 213 205 208 211 214 219 219 223 213 200 214 222 204 191 216 220 229 233 235 236 233 236 238 244 243 243 244 243 246 243 239 228 236 236
279 279 279 276 279 279 279 279 278 278 279 279 279 279 280 280 279 274 263 259 274 275 279 276 273 265 262 261 261 256 253 244 240 237 234 229 222 220 224 226 233 231 233 227 217 207 210 205 210 215 212 215 219 221 220 215 213 218 224 228 232 228 223 229 222 213 225 224 226 237 242 248 249 250 248 248 246 247 246 249 250 251 252 250 248 247 248
279 279 279 277 278 279 278 279 280 279 277 278 278 279 279 278 279 276 265 255 264 272 279 272 273 260 258 253 251 250 251 247 241 237 237 234 229 227 220 217 228 238 238 238 233 230 224 220 221 228 234 230 226 229 222 218 212 213 212 221 233 237 237 236 231 233 234 238 239 244 245 245 255 248 249 248 247 246 248 250 251 255 258 254 253 252 257
274 275 269 279 278 279 279 279 279 279 279 276 277 279 280 279 279 277 267 262 256 266 276 279 269 259 257 257 255 249 255 251 250 246 247 244 237 228 228 223 220 221 230 242 243 240 234 224 230 233 237 239 239 240 244 231 234 228 215 209 225 240 244 242 242 243 243 245 244 249 251 253 255 256 248 247 247 251 260 257 258 258 264 262 261 256 256
265 275 270 278 279 276 279 279 279 279 280 279 276 279 279 279 278 275 268 268 259 270 279 274 264 265 262 259 259 264 265 261 260 261 260 250 240 239 239 237 232 222 223 220 233 245 246 244 246 245 245 245 250 248 247 245 241 234 235 226 232 242 246 246 246 247 247 249 249 250 255 256 258 258 261 259 252 257 265 263 262 262 264 261 254 249 247
263 268 272 273 278 275 279 277 275 275 279 279 279 280 279 279 277 279 274 266 269 279 278 278 275 270 270 272 272 271 275 271 270 270 267 261 257 256 252 244 243 241 234 234 239 244 243 246 246 247 248 248 247 245 243 250 251 247 251 248 245 249 249 249 246 248 247 249 255 256 256 250 253 258 260 265 263 262 263 263 263 268 256 250 250 247 249
263 259 271 268 277 270 267 274 279 271 278 279 279 279 279 279 277 279 279 274 271 278 272 271 274 273 275 272 275 275 270 269 263 255 265 268 263 255 250 248 247 240 234 231 239 244 250 249 249 249 249 248 249 246 242 242 244 246 250 251 251 253 250 249 249 252 248 248 251 250 247 247 255 253 254 252 257 268 265 267 267 266 261 261 260 258 246
267 254 272 269 273 271 262 270 278 273 274 278 280 279 274 278 279 279 279 279 279 269 265 262 269 271 272 276 272 271 265 261 256 250 253 266 263 261 255 254 246 241 234 224 230 239 247 245 250 248 249 249 249 249 247 246 245 245 250 251 250 252 253 253 253 252 251 249 248 251 245 250 248 250 247 250 257 257 260 266 270 269 263 262 261 261 259
269 256 261 270 266 279 270 266 275 277 269 277 279 279 278 272 279 279 279 279 279 270 257 265 271 271 269 267 274 268 266 259 248 247 252 254 253 253 253 259 248 242 235 226 228 231 231 233 235 244 246 251 250 247 248 248 247 246 247 250 250 250 250 254 253 254 254 252 251 254 256 249 249 259 260 257 260 260 261 265 269 263 263 260 259 260 260
266 256 261 267 265 269 272 257 266 277 279 274 279 278 279 279 275 279 279 279 279 279 267 268 276 273 267 269 269 269 269 261 247 254 249 251 248 250 242 238 240 239 235 229 225 226 228 227 234 237 246 246 248 250 249 248 248 246 246 248 248 245 246 251 253 253 255 255 255 256 259 259 254 259 262 265 264 255 268 272 272 269 265 263 260 260 259
