wc0.5/Cropped/bio11_28.asc
NCOLS 282 
NROWS 470 
XLLCORNER 79.525 
YLLCORNER 5.91666666666667 
CELLSIZE 0.00833333333333331 
NODATA_value -32768 
[rows 304 to 341 of 470, columns 174 to 260 of 282]
255 256 255 255 253 254 254 254 253 252 252 251 252 250 250 248 248 248 248 247 248 250 248 246 246 246 247 247 248 249 248 247 246 243 231 221 246 250 250 249 250 251 248 245 248 234 229 231 249 250 250 249 235 230 242 250 250 250 250 247 243 249 249 251 251 251 237 245 252 252 252 251 251 251 252 253 254 254 254 254 253 254 254 254 253 253 254
254 255 255 254 254 254 254 254 252 252 252 252 252 250 250 248 249 248 248 248 248 249 249 247 247 246 248 248 248 248 248 248 245 238 237 228 248 250 248 247 249 232 250 248 243 243 231 227 240 250 244 241 247 230 234 250 250 250 249 242 243 249 249 250 251 252 250 251 252 252 251 251 253 253 253 253 253 254 254 254 254 254 254 254 254 254 254
253 254 255 255 254 255 254 254 253 252 253 246 249 252 250 247 249 249 247 247 248 248 249 248 247 246 248 247 247 248 248 246 229 227 234 245 249 249 249 245 230 227 240 248 248 245 230 228 249 245 229 222 228 249 248 240 251 251 250 244 247 240 248 251 251 252 251 251 251 252 252 252 252 252 253 253 252 253 254 254 254 254 254 254 254 254 254
251 254 255 255 254 255 253 254 254 253 252 251 251 250 250 250 249 247 247 248 247 248 248 248 243 247 248 247 246 247 249 247 231 232 244 240 244 250 249 236 236 235 232 247 245 243 237 238 249 236 228 215 220 236 249 250 251 251 250 249 243 238 241 250 251 252 251 251 252 252 252 252 253 252 253 252 252 252 253 254 254 254 254 254 254 255 254
250 253 255 255 254 247 249 253 253 253 253 252 251 250 249 250 249 248 247 247 247 247 248 249 241 245 247 247 245 247 248 248 239 245 244 237 230 249 245 237 230 224 234 244 244 244 241 242 249 236 225 210 226 240 248 249 251 251 251 247 242 243 248 250 251 252 251 251 251 252 253 252 253 253 253 252 252 252 254 254 254 254 254 254 254 255 254
243 253 254 254 254 250 249 250 253 253 252 251 250 250 250 249 249 249 244 246 246 246 247 248 246 244 247 246 243 245 247 247 246 247 244 234 235 248 241 241 236 224 240 244 245 243 239 243 225 237 231 225 238 250 250 250 251 251 251 249 240 250 251 251 252 252 252 251 251 252 253 253 252 254 254 253 253 253 254 254 254 254 254 254 254 255 254
248 253 254 255 254 255 255 253 254 253 252 251 250 248 248 249 249 249 224 244 245 246 246 248 246 244 245 245 239 244 245 247 247 246 241 235 239 242 240 242 241 241 244 244 245 243 242 243 231 237 224 228 235 250 251 251 251 252 251 250 246 249 250 251 252 253 252 253 252 253 253 254 253 254 253 253 253 253 254 254 254 254 254 254 255 255 255
252 252 254 255 254 254 254 254 254 253 251 250 248 237 234 248 248 249 233 236 238 244 246 247 247 245 240 245 239 244 246 247 246 244 242 240 242 243 244 243 241 241 243 243 245 243 244 244 224 223 223 219 237 249 250 251 252 252 251 251 239 249 250 252 252 252 253 253 253 253 252 254 254 254 254 254 253 253 253 253 254 254 254 254 255 255 254
249 253 253 254 254 254 253 253 253 252 252 250 243 241 239 247 248 248 242 230 226 246 246 247 246 245 240 237 236 247 247 244 246 246 240 242 243 243 244 243 242 242 242 244 246 244 245 244 235 230 225 229 221 250 250 251 251 252 251 251 240 248 251 251 252 252 252 253 254 253 252 253 254 254 254 253 253 253 253 254 253 254 254 254 254 254 253
253 254 254 255 255 254 252 251 252 252 251 244 241 239 238 238 247 247 245 241 232 245 246 247 246 246 240 234 243 246 244 244 245 244 241 242 243 243 243 244 243 243 240 245 245 245 245 244 244 243 231 229 221 250 251 251 251 252 253 250 242 250 251 252 251 251 251 253 254 253 253 254 254 254 254 254 254 253 253 253 254 254 254 254 254 254 254
255 254 255 255 254 253 253 252 253 252 250 246 244 242 244 232 246 246 248 245 238 245 244 245 244 245 244 239 245 237 239 243 242 242 241 241 243 244 244 245 245 244 235 243 244 246 245 245 245 241 235 237 220 249 251 252 251 252 252 252 239 253 252 252 252 252 252 253 253 254 253 253 253 254 254 254 253 253 251 253 254 254 252 253 254 253 253
252 254 255 254 252 254 254 253 253 253 251 249 243 248 241 236 236 244 243 246 241 240 242 245 237 236 242 243 243 242 241 241 242 243 241 242 243 244 245 245 244 245 236 230 245 246 246 244 246 246 245 238 220 232 251 251 252 252 252 252 252 252 252 252 252 252 252 251 251 251 253 252 254 254 254 254 252 253 251 252 253 253 253 253 253 253 253
248 248 254 254 251 252 251 249 253 252 251 250 247 248 235 234 233 238 244 245 247 236 241 244 228 226 237 240 242 243 242 244 243 243 242 242 242 243 242 243 243 244 244 244 245 246 246 246 246 247 246 245 245 243 252 252 253 252 252 252 252 252 252 252 252 251 251 252 251 251 252 252 253 253 253 253 252 252 251 252 253 253 252 252 252 253 253
241 238 251 253 252 251 250 251 254 253 252 251 249 248 232 217 227 226 240 245 246 238 241 242 240 242 237 237 243 243 243 243 245 242 241 240 242 241 242 241 241 241 244 244 246 245 245 247 247 247 247 250 250 249 251 251 251 251 252 250 252 252 252 251 252 252 251 251 252 252 252 253 253 253 252 253 252 252 253 254 253 252 251 253 253 253 253
235 241 253 253 252 250 249 236 251 252 251 250 247 242 228 206 195 222 234 237 246 245 241 241 242 241 241 242 241 242 242 243 244 244 242 242 243 242 242 242 241 242 244 246 245 245 245 246 247 248 248 250 249 248 249 250 251 251 252 252 252 252 252 252 252 252 252 250 251 251 250 254 253 252 252 252 248 253 253 253 253 252 251 252 252 253 253
229 240 252 252 253 249 248 236 243 252 252 250 242 235 227 206 194 204 221 231 239 243 241 242 242 242 243 242 240 242 241 243 243 245 244 244 243 243 243 241 238 239 244 245 246 245 244 240 246 248 248 249 249 247 250 251 251 250 251 252 252 252 252 252 252 250 251 250 252 252 253 254 252 252 252 251 252 253 253 253 252 252 252 252 252 253 254
230 249 252 250 247 249 243 225 235 251 252 251 243 241 227 213 201 190 211 225 234 241 240 241 241 241 243 243 241 242 243 244 244 245 245 245 243 244 244 245 234 240 245 246 245 245 245 246 246 247 248 246 248 246 250 250 251 251 251 252 251 251 252 252 252 251 250 250 251 253 253 252 253 251 251 252 253 253 253 252 252 252 252 253 254 253 254
216 247 249 252 247 251 231 213 237 250 252 249 243 237 230 212 191 181 194 221 234 238 239 241 242 242 242 243 242 242 244 243 245 245 245 246 244 242 245 245 243 245 245 245 244 244 245 245 247 248 244 247 245 245 248 249 251 252 252 252 250 250 252 252 252 252 250 251 253 253 253 253 251 250 252 252 252 253 252 253 252 252 253 252 254 254 254
220 240 250 244 248 236 216 217 237 246 250 250 248 241 224 209 196 181 195 210 222 231 238 241 242 241 242 243 244 243 244 245 244 245 245 245 245 245 245 246 246 244 245 245 244 244 244 245 247 248 243 247 247 244 244 250 249 252 252 252 249 251 252 250 250 250 248 244 250 253 253 252 251 251 251 248 251 251 252 252 252 252 253 252 252 254 253
219 242 248 244 249 242 224 220 239 245 250 251 250 242 233 209 193 185 187 189 216 225 233 241 240 239 239 243 242 244 244 245 246 245 246 245 245 246 244 244 245 244 245 245 244 244 244 246 247 241 246 249 245 243 247 251 251 252 250 250 250 249 251 249 246 250 251 250 251 253 252 252 251 251 250 249 250 250 252 252 252 252 252 252 253 253 253
218 242 248 243 249 243 238 226 240 242 248 249 249 242 241 215 197 186 191 185 195 217 224 235 241 240 235 239 242 244 244 245 246 246 246 246 244 244 242 243 245 245 245 244 243 242 245 246 246 229 238 248 246 245 248 251 252 252 251 247 249 249 250 245 239 249 251 250 252 252 252 250 251 250 251 250 249 246 246 251 252 252 251 252 253 252 252
225 243 247 245 249 238 241 238 236 242 240 244 247 245 233 220 203 188 195 188 180 198 208 220 236 237 236 234 241 245 243 243 245 245 246 244 245 241 230 243 246 245 244 244 243 244 245 243 238 226 237 243 251 249 251 252 251 250 251 239 241 249 250 240 238 249 251 252 252 251 251 251 251 246 250 249 248 247 235 243 251 251 251 252 253 253 252
233 245 239 240 247 234 218 244 232 231 233 234 241 248 235 231 204 186 195 189 179 183 201 220 217 224 229 239 242 243 243 245 246 245 244 244 244 243 243 245 245 245 244 242 243 241 244 243 238 243 244 250 250 251 252 251 248 252 250 239 243 249 250 230 232 248 252 252 252 251 250 250 250 250 250 249 248 248 246 244 251 251 252 252 252 253 253
240 243 235 242 246 234 210 234 241 231 230 214 222 239 248 233 206 196 196 192 185 181 186 212 207 214 217 237 236 231 241 244 245 245 243 244 245 245 246 243 245 243 240 236 241 240 245 249 248 246 247 249 250 251 251 249 247 250 247 239 226 244 248 234 222 234 253 252 250 250 248 250 250 250 250 250 250 249 250 244 252 252 252 253 253 253 253
236 236 241 244 244 242 225 220 240 243 226 196 211 235 247 226 208 206 209 203 187 181 175 204 209 201 211 221 227 220 230 242 244 245 243 244 243 245 245 241 238 231 236 235 241 237 241 249 250 246 249 251 251 251 251 250 250 250 251 245 242 240 242 238 226 235 251 252 251 250 249 248 248 248 248 249 250 250 249 248 252 253 253 252 253 252 253
237 227 234 231 238 240 220 225 240 239 231 212 206 221 239 247 229 232 230 213 190 188 183 192 192 188 202 214 220 221 217 236 242 244 243 244 244 245 243 238 233 235 236 236 235 244 244 248 250 249 249 250 251 250 251 250 249 243 251 250 249 235 240 233 227 251 252 252 251 250 250 249 249 249 249 244 248 250 252 249 253 253 252 252 252 252 253
234 221 231 228 234 235 230 223 236 242 216 212 205 210 230 245 233 237 239 219 215 204 189 185 194 187 201 213 220 217 219 238 242 244 244 244 244 245 244 232 218 229 234 238 238 247 249 250 250 250 250 250 250 250 251 250 249 250 251 251 247 234 238 247 251 252 252 252 251 250 250 249 250 250 249 244 250 247 252 252 249 252 251 251 252 252 250
235 220 216 223 225 229 216 221 234 239 226 211 208 201 215 230 243 238 230 216 220 209 198 188 199 195 204 212 210 212 224 230 243 243 243 244 243 244 244 235 243 228 235 243 240 248 249 248 249 251 250 250 245 249 246 250 249 245 250 251 249 232 242 250 250 252 249 251 250 249 249 250 250 251 251 250 251 251 250 250 248 252 251 251 251 251 250
231 224 204 210 214 225 210 207 221 233 239 219 212 196 197 218 235 238 220 208 202 198 193 187 201 201 208 207 205 204 222 219 236 242 244 243 243 244 245 243 243 225 229 243 244 249 248 248 249 251 250 250 245 240 236 244 244 245 250 250 249 242 245 250 252 251 247 251 250 249 249 249 249 250 250 250 251 250 249 250 250 251 250 250 251 251 252
219 210 196 200 202 202 199 195 210 234 235 223 218 205 196 218 217 234 207 193 187 187 184 181 197 206 206 213 203 205 222 217 237 241 243 244 242 244 244 244 232 224 222 236 249 248 245 249 251 249 250 249 244 232 230 233 231 243 248 248 250 249 249 250 251 250 242 242 249 248 248 249 249 249 250 249 250 250 249 250 251 252 251 249 249 251 251
216 207 197 193 191 190 192 198 207 226 234 226 215 207 199 203 221 234 218 207 190 184 179 179 192 206 208 210 202 210 224 223 217 239 242 243 243 243 241 244 236 234 235 242 248 245 246 249 249 249 249 246 242 232 231 234 227 228 247 249 250 246 250 250 251 249 245 243 250 249 249 249 250 249 249 251 251 251 250 251 252 252 251 250 251 251 252
207 210 200 184 175 182 198 204 211 227 234 224 223 215 201 198 211 227 225 210 189 181 180 178 186 198 207 210 205 222 226 223 210 232 239 243 244 239 233 244 242 239 240 246 232 236 248 249 248 249 249 241 240 232 236 237 234 231 239 249 251 250 250 251 250 245 248 246 239 250 250 250 250 250 251 251 252 250 250 250 251 253 253 251 252 252 251
207 204 193 184 182 192 202 214 218 231 225 219 213 215 210 198 198 212 229 222 202 188 180 177 181 194 208 211 204 216 231 231 218 237 242 244 242 242 236 242 243 236 229 240 234 234 241 244 250 249 241 236 233 232 230 238 238 238 243 249 250 250 251 251 249 248 249 249 241 238 251 251 251 251 251 251 252 251 250 252 251 253 253 252 252 252 252
207 196 195 192 191 199 208 216 221 218 220 214 202 203 199 197 196 197 217 228 211 190 177 177 181 184 210 210 205 220 230 228 219 237 243 242 243 241 236 243 244 235 235 235 241 239 244 250 250 249 248 240 238 238 236 236 232 244 248 249 249 251 251 250 249 249 249 249 239 241 250 251 252 252 252 252 253 252 251 251 252 253 253 252 253 252 253
207 201 209 203 201 199 203 211 212 210 211 209 187 195 194 188 193 197 217 226 211 191 182 183 186 193 207 211 208 225 232 228 224 239 240 241 242 239 239 238 243 242 238 242 243 244 247 249 248 250 246 247 246 245 244 237 234 248 249 250 249 251 251 250 250 249 247 250 246 240 248 251 250 251 252 253 253 252 251 252 252 253 253 253 253 253 253
219 215 211 205 201 194 199 197 206 212 216 203 196 202 197 196 192 192 205 221 209 195 184 179 186 198 208 211 206 220 231 224 233 240 240 238 241 240 232 241 243 240 234 242 244 246 248 249 247 249 249 248 240 246 243 240 229 230 244 248 250 250 251 251 250 250 244 250 249 242 248 250 250 251 252 253 253 252 251 252 252 253 253 253 253 253 253
218 218 210 203 203 197 197 202 206 216 214 208 208 199 194 195 195 185 195 209 226 204 189 183 182 189 206 212 211 219 230 221 234 237 241 238 240 240 231 241 243 241 235 234 246 247 248 248 246 246 247 240 247 247 245 247 246 233 238 249 251 251 251 251 250 250 249 250 251 250 251 250 251 251 252 252 252 253 252 251 252 252 252 253 253 254 253
209 219 211 201 205 202 197 201 210 216 216 216 213 204 203 195 193 190 192 204 218 215 198 188 188 184 206 214 207 219 233 218 234 237 238 239 239 242 233 238 242 242 231 227 247 248 247 246 245 246 247 246 248 246 245 248 247 247 236 249 251 251 251 251 251 250 250 250 251 252 252 252 252 252 252 253 253 253 252 252 252 252 252 253 253 253 254
