wc0.5/Cropped/bio12_28.asc
NCOLS 282 
NROWS 470 
XLLCORNER 79.525 
YLLCORNER 5.91666666666667 
CELLSIZE 0.00833333333333331 
NODATA_value -32768 
[rows 36 to 71 of 470, columns 81 to 161 of 282]
1285 1286 1292 1295 1298 1300 1305 1306 1310 1314 1317 1320 1321 1325 1328 1331 1334 1337 1339 1343 1347 1350 1351 1355 1357 1358 1363 1366 1367 1370 1372 1375 1377 1380 1383 1386 1388 1392 1393 -32768 -32768 -32768 -32768 -32768 -32768 -32768 -32768 -32768 -32768 -32768 -32768 -32768 -32768 -32768 -32768 -32768 -32768 -32768 -32768 -32768 -32768 -32768 -32768 -32768 -32768 -32768 -32768 -32768 -32768 -32768 -32768 -32768 -32768 -32768 -32768 -32768 -32768 -32768 -32768 -32768 -32768
1286 1288 1290 1296 1298 1301 1304 1307 1308 1312 1315 1320 1322 1324 1328 1332 1335 1337 1339 1343 1344 1348 1350 1354 1356 1359 1362 1366 1368 1369 1372 1374 1376 1379 1382 1384 1389 1391 1394 1396 -32768 -32768 -32768 -32768 -32768 -32768 -32768 -32768 -32768 -32768 -32768 -32768 -32768 -32768 -32768 -32768 -32768 -32768 -32768 -32768 -32768 -32768 -32768 -32768 -32768 -32768 -32768 -32768 -32768 -32768 -32768 -32768 -32768 -32768 -32768 -32768 -32768 -32768 -32768 -32768 -32768
1287 1290 1293 1295 1297 1301 1303 1307 1309 1312 1316 1321 1322 1325 1328 1330 1335 1337 1338 1341 1344 1347 1350 1354 1355 1358 1361 1364 1367 1368 1372 1374 1375 1380 1381 1383 1387 1389 1391 1395 1399 1399 -32768 -32768 -32768 -32768 -32768 -32768 -32768 -32768 -32768 -32768 -32768 -32768 -32768 -32768 -32768 -32768 -32768 -32768 -32768 -32768 -32768 -32768 -32768 -32768 -32768 -32768 -32768 -32768 -32768 -32768 -32768 -32768 -32768 -32768 -32768 -32768 -32768 -32768 -32768
1287 1289 1293 1293 1298 1301 1304 1305 1311 1312 1316 1320 1322 1324 1328 1330 1332 1336 1339 1341 1345 1347 1351 1353 1357 1359 1360 1364 1367 1368 1370 1375 1377 1381 1383 1384 1387 1390 1392 1395 1396 1399 1403 -32768 -32768 -32768 -32768 -32768 -32768 -32768 -32768 -32768 -32768 -32768 -32768 -32768 -32768 -32768 -32768 -32768 -32768 -32768 -32768 -32768 -32768 -32768 -32768 -32768 -32768 -32768 -32768 -32768 -32768 -32768 -32768 -32768 -32768 -32768 -32768 -32768 -32768
1286 1289 1292 1294 1297 1302 1305 1309 1312 1312 1313 1318 1321 1324 1326 1328 1331 1338 1339 1341 1345 1347 1349 1353 1356 1358 1361 1363 1368 1369 1372 1374 1378 1379 1383 1383 1386 1389 1390 1394 1395 1399 1402 1406 -32768 -32768 -32768 -32768 -32768 -32768 -32768 -32768 -32768 -32768 -32768 -32768 -32768 -32768 -32768 -32768 -32768 -32768 -32768 -32768 -32768 -32768 -32768 -32768 -32768 -32768 -32768 -32768 -32768 -32768 -32768 -32768 -32768 -32768 -32768 -32768 -32768
1284 1288 1291 1294 1297 1300 1303 1306 1310 1313 1314 1318 1321 1325 1327 1330 1332 1336 1340 1342 1345 1347 1348 1352 1355 1357 1360 1363 1366 1370 1371 1374 1376 1379 1381 1383 1386 1389 1391 1395 1396 1399 1402 1404 1406 1410 -32768 -32768 -32768 -32768 -32768 -32768 -32768 -32768 -32768 -32768 -32768 -32768 -32768 -32768 -32768 -32768 -32768 -32768 -32768 -32768 -32768 -32768 -32768 -32768 -32768 -32768 -32768 -32768 -32768 -32768 -32768 -32768 -32768 -32768 -32768
1284 1288 1290 1293 1296 1300 1302 1305 1309 1312 1314 1318 1321 1323 1327 1330 1332 1335 1337 1340 1342 1346 1348 1351 1354 1358 1363 1365 1366 1370 1372 1375 1377 1380 1383 1384 1386 1387 1392 1394 1396 1397 1401 1403 1405 1408 1412 -32768 -32768 -32768 -32768 -32768 -32768 -32768 -32768 -32768 -32768 -32768 -32768 -32768 -32768 -32768 -32768 -32768 -32768 -32768 -32768 -32768 -32768 -32768 -32768 -32768 -32768 -32768 -32768 -32768 -32768 -32768 -32768 -32768 -32768
1284 1287 1291 1294 1297 1298 1303 1306 1310 1313 1316 1317 1321 1325 1329 1329 1332 1334 1339 1340 1344 1347 1348 1351 1356 1357 1362 1362 1365 1371 1371 1374 1375 1379 1381 1384 1386 1390 1392 1395 1396 1396 1402 1402 1404 1407 1410 1413 1416 -32768 -32768 -32768 -32768 -32768 -32768 -32768 -32768 -32768 -32768 -32768 -32768 -32768 -32768 -32768 -32768 -32768 -32768 -32768 -32768 -32768 -32768 -32768 -32768 -32768 -32768 -32768 -32768 -32768 -32768 -32768 -32768
1283 1286 1290 1294 1296 1301 1302 1305 1308 1312 1314 1317 1321 1323 1328 1331 1333 1336 1339 1342 1344 1348 1350 1353 1356 1358 1361 1364 1364 1369 1372 1372 1378 1379 1384 1385 1386 1389 1392 1395 1396 1398 1402 1403 1405 1408 1413 1412 1417 1418 -32768 -32768 -32768 -32768 -32768 -32768 -32768 -32768 -32768 -32768 -32768 -32768 -32768 -32768 -32768 -32768 -32768 -32768 -32768 -32768 -32768 -32768 -32768 -32768 -32768 -32768 -32768 -32768 -32768 -32768 -32768
1286 1288 1292 1294 1295 1299 1302 1304 1308 1312 1314 1319 1321 1324 1327 1331 1331 1336 1336 1340 1343 1347 1349 1353 1355 1358 1361 1364 1365 1368 1373 1372 1376 1378 1381 1385 1387 1389 1390 1392 1395 1397 1400 1403 1406 1408 1411 1412 1415 1417 1419 -32768 -32768 -32768 -32768 -32768 -32768 -32768 -32768 -32768 -32768 -32768 -32768 -32768 -32768 -32768 -32768 -32768 -32768 -32768 -32768 -32768 -32768 -32768 -32768 -32768 -32768 -32768 -32768 -32768 -32768
1284 1286 1291 1293 1296 1299 1303 1304 1308 1313 1316 1319 1320 1323 1327 1330 1333 1335 1338 1342 1346 1348 1351 1353 1357 1358 1361 1365 1366 1369 1373 1376 1378 1381 1382 1384 1386 1389 1392 1395 1397 1398 1400 1404 1405 1408 1411 1412 1414 1416 1420 1423 -32768 -32768 -32768 -32768 -32768 -32768 -32768 -32768 -32768 -32768 -32768 -32768 -32768 -32768 -32768 -32768 -32768 -32768 -32768 -32768 -32768 -32768 -32768 -32768 -32768 -32768 -32768 -32768 -32768
1285 1288 1291 1294 1296 1300 1303 1306 1309 1310 1315 1317 1320 1323 1325 1329 1333 1335 1338 1341 1345 1346 1351 1354 1356 1359 1362 1365 1369 1370 1374 1374 1376 1379 1381 1385 1387 1388 1392 1394 1398 1399 1402 1404 1404 1409 1410 1413 1415 1416 1416 1424 1425 1427 -32768 -32768 -32768 -32768 -32768 -32768 -32768 -32768 -32768 -32768 -32768 -32768 -32768 -32768 -32768 -32768 -32768 -32768 -32768 -32768 -32768 -32768 -32768 -32768 -32768 -32768 -32768
1283 1286 1290 1294 1296 1300 1304 1305 1308 1310 1314 1319 1320 1323 1326 1330 1334 1336 1338 1341 1344 1348 1349 1353 1355 1358 1362 1364 1367 1369 1372 1375 1377 1379 1381 1385 1386 1388 1392 1396 1398 1401 1403 1404 1408 1409 1411 1416 1414 1417 1420 1422 1422 1426 1429 -32768 -32768 -32768 -32768 -32768 -32768 -32768 -32768 -32768 -32768 -32768 -32768 -32768 -32768 -32768 -32768 -32768 -32768 -32768 -32768 -32768 -32768 -32768 -32768 -32768 -32768
1284 1286 1290 1292 1297 1299 1302 1305 1310 1310 1313 1317 1320 1323 1326 1328 1330 1335 1336 1339 1343 1347 1351 1355 1357 1362 1362 1366 1369 1371 1372 1377 1378 1380 1383 1384 1389 1390 1393 1395 1398 1401 1403 1405 1407 1410 1413 1416 1418 1420 1423 1422 1424 1428 1429 1431 -32768 -32768 -32768 -32768 -32768 -32768 -32768 -32768 -32768 -32768 -32768 -32768 -32768 -32768 -32768 -32768 -32768 -32768 -32768 -32768 -32768 -32768 -32768 -32768 -32768
1284 1288 1290 1295 1297 1302 1303 1306 1309 1311 1315 1318 1321 1323 1327 1328 1331 1336 1339 1339 1344 1346 1350 1353 1356 1360 1363 1364 1368 1371 1371 1376 1377 1380 1382 1384 1388 1391 1394 1395 1399 1399 1401 1404 1407 1411 1413 1417 1418 1420 1424 1425 1425 1427 1429 1432 1434 -32768 -32768 -32768 -32768 -32768 -32768 -32768 -32768 -32768 -32768 -32768 -32768 -32768 -32768 -32768 -32768 -32768 -32768 -32768 -32768 -32768 -32768 -32768 -32768
1285 1288 1291 1293 1297 1299 1302 1306 1309 1311 1313 1319 1322 1325 1328 1330 1334 1338 1339 1342 1344 1348 1351 1353 1356 1359 1362 1363 1368 1370 1372 1375 1379 1380 1384 1385 1388 1391 1394 1395 1398 1400 1402 1405 1409 1411 1413 1417 1418 1420 1420 1423 1427 1429 1428 1433 1434 1437 -32768 -32768 -32768 -32768 -32768 -32768 -32768 -32768 -32768 -32768 -32768 -32768 -32768 -32768 -32768 -32768 -32768 -32768 -32768 -32768 -32768 -32768 -32768
1285 1287 1290 1293 1298 1300 1302 1305 1310 1312 1318 1320 1322 1325 1328 1330 1333 1336 1338 1344 1347 1349 1351 1356 1358 1360 1363 1363 1367 1369 1374 1376 1379 1380 1384 1386 1388 1392 1393 1395 1397 1400 1403 1406 1408 1412 1413 1416 1420 1421 1422 1423 1427 1428 1431 1435 1434 1437 1438 -32768 -32768 -32768 -32768 -32768 -32768 -32768 -32768 -32768 -32768 -32768 -32768 -32768 -32768 -32768 -32768 -32768 -32768 -32768 -32768 -32768 -32768
1284 1289 1291 1293 1297 1301 1304 1309 1310 1312 1316 1319 1322 1324 1328 1331 1336 1338 1342 1345 1348 1351 1353 1356 1360 1361 1365 1365 1368 1372 1374 1377 1379 1382 1385 1385 1386 1391 1393 1397 1399 1403 1404 1406 1408 1410 1413 1416 1417 1421 1422 1425 1428 1430 1432 1433 1434 1438 1438 1441 -32768 -32768 -32768 -32768 -32768 -32768 -32768 -32768 -32768 -32768 -32768 -32768 -32768 -32768 -32768 -32768 -32768 -32768 -32768 -32768 -32768
1280 1286 1288 1296 1300 1302 1306 1307 1311 1315 1317 1320 1323 1326 1328 1331 1335 1337 1341 1344 1348 1352 1354 1362 1361 1362 1366 1367 1370 1372 1377 1376 1378 1381 1385 1385 1390 1393 1395 1397 1400 1402 1405 1407 1409 1412 1415 1418 1420 1421 1423 1425 1427 1430 1432 1431 1434 1437 1438 1440 1442 -32768 -32768 -32768 -32768 -32768 -32768 -32768 -32768 -32768 -32768 -32768 -32768 -32768 -32768 -32768 -32768 -32768 -32768 -32768 -32768
1281 1288 1290 1294 1297 1301 1304 1308 1311 1313 1316 1319 1323 1325 1328 1333 1335 1338 1345 1346 1350 1352 1355 1360 1362 1363 1367 1369 1368 1372 1375 1377 1382 1383 1387 1392 1395 1397 1396 1400 1402 1406 1407 1404 1409 1415 1416 1420 1420 1421 1423 1427 1428 1429 1432 1434 1435 1436 1441 1442 1442 1446 -32768 -32768 -32768 -32768 -32768 -32768 -32768 -32768 -32768 -32768 -32768 -32768 -32768 -32768 -32768 -32768 -32768 -32768 -32768
1284 1287 1290 1292 1297 1301 1305 1308 1312 1313 1315 1317 1323 1325 1328 1335 1337 1341 1341 1347 1350 1352 1356 1360 1363 1363 1364 1369 1369 1370 1375 1379 1383 1384 1387 1389 1395 1396 1397 1400 1402 1405 1406 1408 1413 1411 1415 1418 1418 1421 1423 1424 1426 1429 1433 1432 1436 1441 1442 1441 1443 1446 1447 -32768 -32768 -32768 -32768 -32768 -32768 -32768 -32768 -32768 -32768 -32768 -32768 -32768 -32768 -32768 -32768 -32768 -32768
1283 1285 1288 1294 1297 1302 1305 1307 1311 1314 1316 1321 1324 1327 1330 1336 1336 1340 1343 1345 1348 1355 1357 1363 1365 1363 1366 1369 1370 1373 1375 1381 1383 1385 1388 1392 1394 1399 1395 1400 1405 1405 1408 1410 1412 1415 1417 1416 1420 1423 1424 1427 1427 1429 1433 1437 1436 1439 1440 1441 1443 1445 1446 1450 1451 -32768 -32768 -32768 -32768 -32768 -32768 -32768 -32768 -32768 -32768 -32768 -32768 -32768 -32768 -32768 -32768
1284 1287 1291 1295 1298 1300 1304 1306 1314 1317 1318 1321 1325 1327 1332 1335 1340 1341 1343 1347 1352 1352 1360 1363 1363 1366 1366 1371 1372 1372 1377 1381 1386 1385 1392 1393 1396 1396 1398 1405 1406 1405 1410 1410 1413 1414 1417 1416 1421 1421 1424 1428 1430 1432 1434 1437 1438 1440 1439 1443 1445 1445 1447 1449 1452 1454 -32768 -32768 -32768 -32768 -32768 -32768 -32768 -32768 -32768 -32768 -32768 -32768 -32768 -32768 -32768
1285 1288 1290 1293 1298 1303 1306 1307 1312 1316 1318 1321 1327 1327 1333 1337 1340 1343 1345 1350 1353 1353 1356 1358 1363 1364 1368 1374 1376 1374 1376 1383 1387 1387 1391 1394 1397 1396 1398 1402 1403 1408 1411 1410 1414 1417 1416 1417 1422 1424 1425 1430 1433 1432 1434 1437 1437 1443 1442 1442 1445 1449 1451 1450 1452 1455 1456 -32768 -32768 -32768 -32768 -32768 -32768 -32768 -32768 -32768 -32768 -32768 -32768 -32768 -32768
1284 1288 1293 1297 1297 1302 1304 1308 1311 1316 1319 1322 1327 1328 1330 1339 1342 1342 1347 1348 1352 1357 1357 1360 1363 1366 1368 1372 1375 1376 1377 1384 1389 1391 1391 1397 1396 1395 1397 1404 1402 1406 1410 1411 1417 1419 1417 1420 1425 1423 1424 1430 1433 1432 1438 1435 1437 1443 1443 1446 1450 1449 1449 1451 1453 1456 1456 1462 -32768 -32768 -32768 -32768 -32768 -32768 -32768 -32768 -32768 -32768 -32768 -32768 -32768
1284 1286 1291 1293 1296 1302 1306 1310 1313 1317 1321 1322 1325 1328 1332 1340 1342 1343 1349 1348 1351 1354 1357 1361 1363 1366 1371 1373 1374 1374 1378 1381 1387 1390 1391 1395 1396 1394 1399 1403 1404 1410 1413 1417 1419 1418 1416 1422 1425 1425 1430 1430 1434 1434 1438 1439 1439 1444 1445 1448 1449 1448 1450 1452 1453 1455 1456 1459 1464 -32768 -32768 -32768 -32768 -32768 -32768 -32768 -32768 -32768 -32768 -32768 -32768
1284 1289 1292 1295 1299 1303 1305 1309 1312 1318 1320 1322 1329 1330 1332 1338 1341 1345 1349 1349 1352 1355 1359 1362 1364 1367 1373 1374 1373 1375 1378 1383 1384 1387 1392 1395 1396 1397 1401 1405 1406 1408 1412 1416 1419 1417 1416 1425 1427 1425 1433 1433 1434 1437 1437 1442 1443 1446 1444 1447 1450 1449 1452 1452 1453 1456 1457 1459 1463 1465 1468 -32768 -32768 -32768 -32768 -32768 -32768 -32768 -32768 -32768 -32768
1286 1288 1291 1296 1303 1306 1308 1311 1316 1319 1324 1324 1328 1333 1333 1336 1340 1343 1347 1349 1353 1355 1360 1363 1364 1368 1372 1374 1372 1375 1379 1383 1385 1387 1394 1397 1396 1397 1402 1406 1409 1410 1412 1415 1416 1418 1417 1426 1425 1429 1433 1436 1437 1439 1439 1442 1447 1448 1448 1450 1451 1454 1455 1451 1452 1455 1458 1460 1463 1465 1467 1470 -32768 -32768 -32768 -32768 -32768 -32768 -32768 -32768 -32768
1288 1291 1295 1297 1301 1304 1309 1315 1319 1322 1324 1326 1329 1334 1331 1336 1339 1342 1347 1349 1354 1358 1361 1364 1366 1372 1374 1372 1373 1375 1377 1385 1386 1387 1391 1396 1396 1400 1403 1405 1407 1409 1412 1416 1417 1418 1422 1425 1428 1430 1435 1435 1433 1442 1444 1445 1447 1448 1451 1451 1453 1453 1450 1451 1452 1457 1457 1461 1464 1463 1467 1470 1472 -32768 -32768 -32768 -32768 -32768 -32768 -32768 -32768
1288 1290 1294 1298 1304 1308 1310 1313 1318 1322 1325 1329 1332 1335 1334 1336 1342 1345 1347 1349 1355 1358 1363 1365 1368 1372 1373 1374 1375 1376 1380 1382 1386 1390 1395 1396 1396 1401 1403 1406 1407 1410 1413 1415 1418 1418 1422 1426 1428 1429 1433 1433 1434 1445 1444 1445 1447 1450 1452 1453 1451 1447 1450 1451 1455 1457 1457 1461 1463 1463 1465 1469 1472 -32768 -32768 -32768 -32768 -32768 -32768 -32768 -32768
1289 1291 1297 1298 1304 1310 1312 1312 1316 1322 1326 1327 1334 1334 1333 1336 1342 1346 1349 1350 1354 1357 1364 1367 1369 1372 1374 1374 1375 1376 1378 1383 1385 1389 1394 1395 1396 1399 1405 1408 1408 1413 1414 1417 1418 1418 1422 1427 1430 1431 1434 1434 1436 1444 1447 1447 1444 1452 1451 1452 1449 1449 1451 1453 1456 1456 1457 1460 1461 1464 1466 1469 1473 1474 -32768 -32768 -32768 -32768 -32768 -32768 -32768
1289 1291 1295 1297 1303 1306 1311 1315 1319 1320 1325 1326 1335 1335 1336 1338 1341 1345 1347 1352 1353 1359 1361 1365 1369 1369 1374 1375 1375 1377 1379 1384 1389 1393 1397 1397 1398 1400 1404 1409 1411 1413 1418 1416 1419 1421 1421 1425 1429 1432 1436 1435 1435 1441 1444 1444 1448 1452 1453 1450 1445 1449 1452 1454 1462 1463 1467 1464 1463 1466 1468 1469 1473 1473 -32768 -32768 -32768 -32768 -32768 -32768 -32768
1291 1295 1296 1301 1306 1308 1310 1313 1318 1318 1324 1327 1330 1334 1338 1338 1342 1346 1349 1351 1355 1358 1362 1367 1368 1370 1371 1375 1378 1378 1379 1385 1387 1392 1393 1398 1399 1403 1407 1411 1412 1413 1415 1418 1418 1420 1421 1428 1433 1437 1434 1435 1440 1443 1440 1448 1450 1453 1453 1450 1446 1450 1450 1460 1465 1467 1465 1467 1470 1468 1467 1470 1472 1475 1477 -32768 -32768 -32768 -32768 -32768 -32768
1291 1297 1300 1302 1307 1310 1314 1314 1316 1318 1322 1328 1331 1334 1336 1341 1342 1345 1351 1352 1355 1358 1361 1366 1369 1368 1371 1376 1376 1378 1381 1384 1387 1391 1394 1397 1398 1402 1406 1412 1412 1415 1418 1418 1420 1422 1425 1427 1430 1434 1436 1442 1439 1440 1447 1451 1452 1453 1453 1449 1448 1451 1460 1464 1469 1466 1465 1467 1469 1470 1470 1470 1472 1476 1477 -32768 -32768 -32768 -32768 -32768 -32768
1294 1297 1299 1302 1303 1314 1315 1317 1317 1321 1324 1327 1330 1336 1337 1341 1344 1350 1350 1351 1358 1359 1365 1367 1371 1374 1373 1377 1378 1381 1382 1383 1389 1392 1396 1398 1400 1403 1406 1411 1412 1415 1419 1419 1420 1424 1427 1428 1432 1436 1438 1439 1441 1443 1448 1450 1454 1450 1447 1448 1450 1452 1457 1469 1469 1467 1468 1470 1470 1471 1469 1471 1474 1476 1480 1481 -32768 -32768 -32768 -32768 -32768
1295 1298 1300 1304 1306 1309 1312 1316 1318 1319 1324 1330 1332 1335 1337 1341 1344 1349 1352 1353 1356 1360 1363 1368 1371 1374 1375 1374 1377 1381 1381 1383 1387 1390 1396 1399 1402 1402 1405 1409 1412 1418 1416 1419 1423 1425 1428 1428 1432 1438 1439 1440 1442 1444 1448 1447 1442 1446 1446 1447 1450 1451 1455 1471 1468 1470 1472 1469 1470 1471 1470 1472 1472 1476 1480 1482 1484 -32768 -32768 -32768 -32768
