wc0.5/Cropped/bio12_28.asc
NCOLS 282 
NROWS 470 
XLLCORNER 79.525 
YLLCORNER 5.91666666666667 
CELLSIZE 0.00833333333333331 
NODATA_value -32768 
[rows 324 to 359 of 470, columns 0 to 80 of 282]
-32768 -32768 -32768 -32768 -32768 -32768 -32768 -32768 -32768 -32768 -32768 -32768 -32768 -32768 -32768 -32768 -32768 -32768 -32768 -32768 -32768 -32768 -32768 -32768 -32768 -32768 -32768 -32768 -32768 -32768 -32768 -32768 -32768 -32768 -32768 -32768 -32768 1987 1989 1997 2005 2021 2044 2056 2092 2103 2108 2122 2177 2198 2209 2249 2281 2300 2308 2338 2364 2395 2386 2418 2445 2469 2507 2526 2575 2612 2641 2667 2694 2725 2757 2796 2802 2832 2831 2884 3007 3047 3065 3089 3078
-32768 -32768 -32768 -32768 -32768 -32768 -32768 -32768 -32768 -32768 -32768 -32768 -32768 -32768 -32768 -32768 -32768 -32768 -32768 -32768 -32768 -32768 -32768 -32768 -32768 -32768 -32768 -32768 -32768 -32768 -32768 -32768 -32768 -32768 -32768 -32768 -32768 -32768 1998 2008 2026 2035 2050 2073 2096 2107 2127 2152 2194 2209 2205 2261 2284 2314 2309 2341 2359 2411 2404 2434 2493 2523 2549 2584 2608 2634 2659 2660 2728 2761 2782 2817 2799 2856 2848 2911 3050 3044 3007 2992 3127
-32768 -32768 -32768 -32768 -32768 -32768 -32768 -32768 -32768 -32768 -32768 -32768 -32768 -32768 -32768 -32768 -32768 -32768 -32768 -32768 -32768 -32768 -32768 -32768 -32768 -32768 -32768 -32768 -32768 -32768 -32768 -32768 -32768 -32768 -32768 -32768 -32768 -32768 2020 2025 2042 2053 2065 2082 2114 2123 2135 2154 2176 2199 2253 2274 2298 2314 2353 2358 2394 2394 2424 2451 2492 2528 2559 2595 2613 2633 2664 2709 2743 2783 2814 2839 2826 2859 2894 2927 2951 2973 3013 3103 3201
-32768 -32768 -32768 -32768 -32768 -32768 -32768 -32768 -32768 -32768 -32768 -32768 -32768 -32768 -32768 -32768 -32768 -32768 -32768 -32768 -32768 -32768 -32768 -32768 -32768 -32768 -32768 -32768 -32768 -32768 -32768 -32768 -32768 -32768 -32768 -32768 -32768 -32768 2041 2042 2056 2068 2080 2104 2131 2143 2156 2172 2202 2233 2234 2258 2309 2335 2346 2375 2383 2409 2454 2468 2494 2533 2583 2600 2628 2674 2693 2719 2768 2801 2827 2837 2865 2887 2917 2950 3030 3110 3118 3062 3226
-32768 -32768 -32768 -32768 -32768 -32768 -32768 -32768 -32768 -32768 -32768 -32768 -32768 -32768 -32768 -32768 -32768 -32768 -32768 -32768 -32768 -32768 -32768 -32768 -32768 -32768 -32768 -32768 -32768 -32768 -32768 -32768 -32768 -32768 -32768 -32768 -32768 -32768 -32768 2062 2072 2085 2099 2122 2145 2162 2182 2185 2207 2228 2261 2272 2297 2324 2348 2376 2398 2433 2476 2511 2527 2549 2588 2620 2664 2702 2738 2773 2781 2826 2840 2851 2926 2937 2994 3068 3151 3219 3226 3173 3202
-32768 -32768 -32768 -32768 -32768 -32768 -32768 -32768 -32768 -32768 -32768 -32768 -32768 -32768 -32768 -32768 -32768 -32768 -32768 -32768 -32768 -32768 -32768 -32768 -32768 -32768 -32768 -32768 -32768 -32768 -32768 -32768 -32768 -32768 -32768 -32768 -32768 -32768 -32768 2076 2087 2101 2114 2137 2160 2176 2184 2225 2251 2259 2269 2294 2315 2336 2361 2400 2430 2467 2502 2535 2559 2582 2631 2659 2690 2720 2751 2796 2812 2839 2887 2921 2956 2972 3021 3057 3249 3266 3289 3220 3279
-32768 -32768 -32768 -32768 -32768 -32768 -32768 -32768 -32768 -32768 -32768 -32768 -32768 -32768 -32768 -32768 -32768 -32768 -32768 -32768 -32768 -32768 -32768 -32768 -32768 -32768 -32768 -32768 -32768 -32768 -32768 -32768 -32768 -32768 -32768 -32768 -32768 -32768 -32768 2096 2103 2116 2133 2152 2175 2195 2224 2220 2278 2269 2285 2324 2330 2352 2376 2399 2422 2455 2502 2539 2582 2626 2659 2681 2819 2742 2781 2836 2856 2889 2918 2962 2976 3035 3088 3107 3257 3315 3339 3299 3315
-32768 -32768 -32768 -32768 -32768 -32768 -32768 -32768 -32768 -32768 -32768 -32768 -32768 -32768 -32768 -32768 -32768 -32768 -32768 -32768 -32768 -32768 -32768 -32768 -32768 -32768 -32768 -32768 -32768 -32768 -32768 -32768 -32768 -32768 -32768 -32768 -32768 -32768 -32768 -32768 2123 2131 2149 2173 2192 2202 2252 2254 2290 2322 2314 2363 2377 2368 2394 2439 2477 2502 2508 2537 2596 2642 2698 2737 2839 2790 2825 2882 2902 2921 2938 2993 3010 3043 3137 3178 3139 3342 3337 3374 3413
-32768 -32768 -32768 -32768 -32768 -32768 -32768 -32768 -32768 -32768 -32768 -32768 -32768 -32768 -32768 -32768 -32768 -32768 -32768 -32768 -32768 -32768 -32768 -32768 -32768 -32768 -32768 -32768 -32768 -32768 -32768 -32768 -32768 -32768 -32768 -32768 -32768 -32768 -32768 -32768 2138 2148 2162 2187 2210 2234 2257 2272 2308 2337 2323 2384 2400 2401 2446 2486 2512 2527 2530 2583 2587 2659 2694 2787 2740 2809 2830 2874 2920 2947 2940 3013 3021 3087 3133 3186 3212 3352 3406 3453 3465
-32768 -32768 -32768 -32768 -32768 -32768 -32768 -32768 -32768 -32768 -32768 -32768 -32768 -32768 -32768 -32768 -32768 -32768 -32768 -32768 -32768 -32768 -32768 -32768 -32768 -32768 -32768 -32768 -32768 -32768 -32768 -32768 -32768 -32768 -32768 -32768 -32768 -32768 -32768 -32768 2151 2162 2180 2205 2227 2236 2277 2297 2336 2324 2375 2394 2427 2428 2466 2504 2527 2521 2568 2616 2653 2641 2682 2714 2790 2825 2869 2910 2945 2976 2978 3029 3026 3109 3141 3190 3251 3313 3484 3473 3526
-32768 -32768 -32768 -32768 -32768 -32768 -32768 -32768 -32768 -32768 -32768 -32768 -32768 -32768 -32768 -32768 -32768 -32768 -32768 -32768 -32768 -32768 -32768 -32768 -32768 -32768 -32768 -32768 -32768 -32768 -32768 -32768 -32768 -32768 -32768 -32768 -32768 -32768 -32768 -32768 2166 2181 2196 2222 2243 2257 2304 2332 2350 2366 2398 2421 2448 2442 2491 2521 2552 2561 2604 2630 2683 2704 2734 2762 2792 2853 2846 2925 2959 2986 2997 3048 3073 3111 3191 3229 3261 3277 3477 3550 3550
-32768 -32768 -32768 -32768 -32768 -32768 -32768 -32768 -32768 -32768 -32768 -32768 -32768 -32768 -32768 -32768 -32768 -32768 -32768 -32768 -32768 -32768 -32768 -32768 -32768 -32768 -32768 -32768 -32768 -32768 -32768 -32768 -32768 -32768 -32768 -32768 -32768 -32768 -32768 -32768 2188 2195 2213 2229 2261 2291 2309 2324 2364 2409 2408 2452 2471 2498 2525 2554 2567 2607 2620 2646 2689 2733 2772 2810 2819 2877 2919 2944 2987 2996 3024 3062 3102 3131 3175 3249 3246 3368 3415 3516 3589
-32768 -32768 -32768 -32768 -32768 -32768 -32768 -32768 -32768 -32768 -32768 -32768 -32768 -32768 -32768 -32768 -32768 -32768 -32768 -32768 -32768 -32768 -32768 -32768 -32768 -32768 -32768 -32768 -32768 -32768 -32768 -32768 -32768 -32768 -32768 -32768 -32768 -32768 -32768 -32768 -32768 2210 2227 2248 2275 2296 2313 2333 2378 2394 2436 2461 2501 2508 2541 2565 2600 2639 2659 2681 2719 2763 2793 2847 2849 2905 2952 2975 3009 3026 3015 3091 3126 3142 3256 3317 3262 3407 3483 3402 3592
-32768 -32768 -32768 -32768 -32768 -32768 -32768 -32768 -32768 -32768 -32768 -32768 -32768 -32768 -32768 -32768 -32768 -32768 -32768 -32768 -32768 -32768 -32768 -32768 -32768 -32768 -32768 -32768 -32768 -32768 -32768 -32768 -32768 -32768 -32768 -32768 -32768 -32768 -32768 -32768 -32768 2226 2241 2262 2294 2308 2315 2338 2389 2424 2453 2496 2497 2531 2547 2584 2609 2648 2703 2709 2730 2779 2819 2863 2878 2940 2966 3004 3053 3061 3036 3120 3172 3145 3235 3344 3319 3553 3568 3542 3593
-32768 -32768 -32768 -32768 -32768 -32768 -32768 -32768 -32768 -32768 -32768 -32768 -32768 -32768 -32768 -32768 -32768 -32768 -32768 -32768 -32768 -32768 -32768 -32768 -32768 -32768 -32768 -32768 -32768 -32768 -32768 -32768 -32768 -32768 -32768 -32768 -32768 -32768 -32768 -32768 -32768 2241 2259 2276 2302 2325 2333 2358 2421 2427 2449 2493 2509 2526 2570 2584 2623 2671 2699 2723 2759 2804 2859 2904 2895 2958 2967 2991 3044 3079 3058 3139 3206 3189 3260 3436 3339 3469 3542 3582 3454
-32768 -32768 -32768 -32768 -32768 -32768 -32768 -32768 -32768 -32768 -32768 -32768 -32768 -32768 -32768 -32768 -32768 -32768 -32768 -32768 -32768 -32768 -32768 -32768 -32768 -32768 -32768 -32768 -32768 -32768 -32768 -32768 -32768 -32768 -32768 -32768 -32768 -32768 -32768 -32768 -32768 2261 2289 2304 2314 2332 2350 2370 2391 2447 2491 2516 2499 2558 2607 2600 2632 2683 2703 2730 2743 2810 2933 2904 2947 2974 3003 3032 3053 3091 3122 3118 3207 3190 3293 3377 3339 3382 3622 3551 3595
-32768 -32768 -32768 -32768 -32768 -32768 -32768 -32768 -32768 -32768 -32768 -32768 -32768 -32768 -32768 -32768 -32768 -32768 -32768 -32768 -32768 -32768 -32768 -32768 -32768 -32768 -32768 -32768 -32768 -32768 -32768 -32768 -32768 -32768 -32768 -32768 -32768 -32768 -32768 -32768 -32768 2276 2305 2315 2330 2348 2391 2419 2408 2464 2497 2511 2538 2580 2612 2633 2626 2699 2702 2745 2780 2839 2880 2916 2950 2988 3002 3063 3090 3128 3151 3167 3238 3209 3310 3380 3376 3356 3615 3485 3562
-32768 -32768 -32768 -32768 -32768 -32768 -32768 -32768 -32768 -32768 -32768 -32768 -32768 -32768 -32768 -32768 -32768 -32768 -32768 -32768 -32768 -32768 -32768 -32768 -32768 -32768 -32768 -32768 -32768 -32768 -32768 -32768 -32768 -32768 -32768 -32768 -32768 -32768 -32768 -32768 -32768 2294 2319 2327 2352 2370 2382 2420 2434 2489 2475 2500 2557 2615 2639 2649 2671 2712 2707 2778 2833 2851 2908 2925 2970 3003 3036 3078 3147 3130 3177 3159 3218 3225 3343 3398 3468 3373 3755 3681 3652
-32768 -32768 -32768 -32768 -32768 -32768 -32768 -32768 -32768 -32768 -32768 -32768 -32768 -32768 -32768 -32768 -32768 -32768 -32768 -32768 -32768 -32768 -32768 -32768 -32768 -32768 -32768 -32768 -32768 -32768 -32768 -32768 -32768 -32768 -32768 -32768 -32768 -32768 -32768 -32768 -32768 -32768 2320 2344 2369 2389 2407 2433 2457 2491 2522 2555 2592 2620 2636 2666 2660 2690 2768 2823 2848 2886 2906 2940 2994 3041 3070 3074 3103 3156 3200 3188 3242 3274 3329 3449 3412 3422 3666 3660 3622
-32768 -32768 -32768 -32768 -32768 -32768 -32768 -32768 -32768 -32768 -32768 -32768 -32768 -32768 -32768 -32768 -32768 -32768 -32768 -32768 -32768 -32768 -32768 -32768 -32768 -32768 -32768 -32768 -32768 -32768 -32768 -32768 -32768 -32768 -32768 -32768 -32768 -32768 -32768 -32768 -32768 2318 2341 2355 2370 2394 2419 2447 2469 2488 2541 2577 2591 2617 2657 2679 2678 2717 2796 2802 2859 2891 2917 2940 3003 3033 3079 3118 3153 3190 3190 3225 3275 3301 3328 3363 3405 3461 3694 3767 3604
-32768 -32768 -32768 -32768 -32768 -32768 -32768 -32768 -32768 -32768 -32768 -32768 -32768 -32768 -32768 -32768 -32768 -32768 -32768 -32768 -32768 -32768 -32768 -32768 -32768 -32768 -32768 -32768 -32768 -32768 -32768 -32768 -32768 -32768 -32768 -32768 -32768 -32768 -32768 -32768 2324 2336 2350 2367 2389 2413 2434 2461 2489 2504 2549 2577 2595 2638 2668 2690 2692 2766 2819 2822 2867 2913 2890 2987 3131 3086 3088 3134 3146 3199 3211 3238 3314 3392 3490 3441 3474 3501 3667 3863 3577
-32768 -32768 -32768 -32768 -32768 -32768 -32768 -32768 -32768 -32768 -32768 -32768 -32768 -32768 -32768 -32768 -32768 -32768 -32768 -32768 -32768 -32768 -32768 -32768 -32768 -32768 -32768 -32768 -32768 -32768 -32768 -32768 -32768 -32768 -32768 -32768 -32768 -32768 -32768 -32768 2335 2347 2363 2380 2404 2424 2447 2469 2495 2529 2566 2589 2607 2655 2664 2680 2733 2795 2811 2843 2879 2913 2922 2966 3057 3063 3092 3134 3160 3196 3229 3282 3295 3374 3572 3642 3666 3540 3512 3864 3668
-32768 -32768 -32768 -32768 -32768 -32768 -32768 -32768 -32768 -32768 -32768 -32768 -32768 -32768 -32768 -32768 -32768 -32768 -32768 -32768 -32768 -32768 -32768 -32768 -32768 -32768 -32768 -32768 -32768 -32768 -32768 -32768 -32768 -32768 -32768 -32768 -32768 -32768 -32768 -32768 2346 2364 2374 2393 2414 2437 2460 2487 2508 2534 2566 2597 2617 2656 2667 2718 2738 2776 2809 2831 2858 2891 2960 2996 3058 3094 3116 3140 3175 3214 3286 3316 3329 3385 3410 3521 3573 3589 3720 3865 3713
-32768 -32768 -32768 -32768 -32768 -32768 -32768 -32768 -32768 -32768 -32768 -32768 -32768 -32768 -32768 -32768 -32768 -32768 -32768 -32768 -32768 -32768 -32768 -32768 -32768 -32768 -32768 -32768 -32768 -32768 -32768 -32768 -32768 -32768 -32768 -32768 -32768 -32768 2327 2348 2355 2372 2386 2404 2426 2448 2472 2497 2518 2551 2583 2600 2637 2668 2698 2726 2762 2803 2828 2851 2905 2963 2977 3033 3069 3116 3121 3156 3209 3267 3310 3327 3377 3445 3455 3494 3597 3564 3598 3637 3692
-32768 -32768 -32768 -32768 -32768 -32768 -32768 -32768 -32768 -32768 -32768 -32768 -32768 -32768 -32768 -32768 -32768 -32768 -32768 -32768 -32768 -32768 -32768 -32768 -32768 -32768 -32768 -32768 -32768 -32768 -32768 -32768 -32768 -32768 -32768 -32768 -32768 -32768 2340 2356 2374 2386 2402 2420 2436 2458 2473 2511 2534 2569 2611 2609 2661 2691 2729 2730 2785 2828 2853 2881 2929 2954 3015 3047 3067 3117 3153 3175 3217 3276 3313 3346 3410 3463 3573 3738 3742 3755 3847 3659 3727
-32768 -32768 -32768 -32768 -32768 -32768 -32768 -32768 -32768 -32768 -32768 -32768 -32768 -32768 -32768 -32768 -32768 -32768 -32768 -32768 -32768 -32768 -32768 -32768 -32768 -32768 -32768 -32768 -32768 -32768 -32768 -32768 -32768 -32768 -32768 -32768 -32768 -32768 2349 2365 2384 2401 2428 2428 2443 2462 2496 2525 2568 2600 2615 2624 2676 2721 2748 2745 2813 2852 2874 2902 2934 2981 2997 3075 3067 3126 3179 3198 3225 3298 3310 3389 3430 3510 3563 3683 3776 3944 4004 3805 3919
-32768 -32768 -32768 -32768 -32768 -32768 -32768 -32768 -32768 -32768 -32768 -32768 -32768 -32768 -32768 -32768 -32768 -32768 -32768 -32768 -32768 -32768 -32768 -32768 -32768 -32768 -32768 -32768 -32768 -32768 -32768 -32768 -32768 -32768 -32768 -32768 -32768 -32768 -32768 2373 2394 2411 2427 2436 2458 2474 2507 2539 2582 2600 2626 2665 2668 2748 2731 2764 2835 2857 2864 2912 2951 2984 3009 3057 3096 3138 3164 3206 3242 3277 3303 3417 3430 3481 3560 3592 3946 3964 3922 3906 4073
-32768 -32768 -32768 -32768 -32768 -32768 -32768 -32768 -32768 -32768 -32768 -32768 -32768 -32768 -32768 -32768 -32768 -32768 -32768 -32768 -32768 -32768 -32768 -32768 -32768 -32768 -32768 -32768 -32768 -32768 -32768 -32768 -32768 -32768 -32768 -32768 -32768 -32768 -32768 2393 2405 2419 2435 2445 2467 2484 2519 2555 2573 2600 2649 2679 2699 2754 2747 2818 2843 2900 2917 2917 2997 3016 3058 3076 3098 3150 3171 3227 3295 3325 3330 3364 3438 3555 3554 3657 3807 3923 3965 4060 4051
-32768 -32768 -32768 -32768 -32768 -32768 -32768 -32768 -32768 -32768 -32768 -32768 -32768 -32768 -32768 -32768 -32768 -32768 -32768 -32768 -32768 -32768 -32768 -32768 -32768 -32768 -32768 -32768 -32768 -32768 -32768 -32768 -32768 -32768 -32768 -32768 -32768 -32768 -32768 2399 2418 2427 2439 2460 2476 2515 2529 2559 2577 2631 2661 2706 2733 2771 2780 2831 2844 2912 2906 2929 3017 3037 3086 3078 3127 3144 3177 3237 3306 3357 3432 3411 3510 3471 3581 3694 3918 3834 4075 4115 4106
-32768 -32768 -32768 -32768 -32768 -32768 -32768 -32768 -32768 -32768 -32768 -32768 -32768 -32768 -32768 -32768 -32768 -32768 -32768 -32768 -32768 -32768 -32768 -32768 -32768 -32768 -32768 -32768 -32768 -32768 -32768 -32768 -32768 -32768 -32768 -32768 -32768 -32768 -32768 -32768 2427 2440 2452 2476 2486 2531 2540 2566 2610 2641 2677 2693 2758 2780 2800 2863 2899 2916 2913 2945 3026 3074 3057 3124 3156 3162 3223 3277 3500 3413 3417 3430 3464 3740 3535 3582 3993 3943 4051 4158 4190
-32768.000000000000000 -32768 -32768 -32768 -32768 -32768 -32768 -32768 -32768 -32768 -32768 -32768 -32768 -32768 -32768 -32768 -32768 -32768 -32768 -32768 -32768 -32768 -32768 -32768 -32768 -32768 -32768 -32768 -32768 -32768 -32768 -32768 -32768 -32768 -32768 -32768 -32768 -32768 -32768 -32768 2434 2445 2476 2483 2506 2557 2553 2573 2608 2666 2702 2735 2763 2828 2808 2888 2894 2914 2963 2964 3031 3079 3073 3152 3191 3174 3212 3280 3462 3452 3520 3455 3491 3513 3548 3812 4032 3871 4128 4171 4211
-32768 -32768 -32768 -32768 -32768 -32768 -32768 -32768 -32768 -32768 -32768 -32768 -32768 -32768 -32768 -32768 -32768 -32768 -32768 -32768 -32768 -32768 -32768 -32768 -32768 -32768 -32768 -32768 -32768 -32768 -32768 -32768 -32768 -32768 -32768 -32768 -32768 -32768 -32768 -32768 2446 2458 2494 2516 2538 2566 2578 2623 2618 2667 2730 2772 2798 2817 2833 2886 2922 2922 2987 2983 3049 3104 3139 3164 3198 3192 3232 3314 3455 3531 3480 3502 3511 3571 3603 3773 4031 3839 4088 4187 4150
-32768 -32768 -32768 -32768 -32768 -32768 -32768 -32768 -32768 -32768 -32768 -32768 -32768 -32768 -32768 -32768 -32768 -32768 -32768 -32768 -32768 -32768 -32768 -32768 -32768 -32768 -32768 -32768 -32768 -32768 -32768 -32768 -32768 -32768 -32768 -32768 -32768 -32768 -32768 -32768 2446 2468 2502 2516 2547 2564 2604 2643 2645 2673 2725 2763 2817 2855 2889 2920 2938 2952 3008 3024 3075 3122 3188 3203 3212 3242 3245 3320 3461 3423 3420 3523 3564 3584 3606 3618 3746 3851 4059 4189 4050
-32768 -32768 -32768 -32768 -32768 -32768 -32768 -32768 -32768 -32768 -32768 -32768 -32768 -32768 -32768 -32768 -32768 -32768 -32768 -32768 -32768 -32768 -32768 -32768 -32768 -32768 -32768 -32768 -32768 -32768 -32768 -32768 -32768 -32768 -32768 -32768 -32768 -32768 -32768 -32768 2455 2505 2516 2517 2540 2591 2614 2645 2673 2693 2750 2749 2830 2880 2887 2934 2962 2985 3026 3076 3105 3154 3186 3209 3204 3269 3283 3348 3402 3427 3458 3606 3703 3694 3697 3729 3954 3900 3935 4108 4088
-32768 -32768 -32768 -32768 -32768 -32768 -32768 -32768 -32768 -32768 -32768 -32768 -32768 -32768 -32768 -32768 -32768 -32768 -32768 -32768 -32768 -32768 -32768 -32768 -32768 -32768 -32768 -32768 -32768 -32768 -32768 -32768 -32768 -32768 -32768 -32768 -32768 -32768 -32768 -32768 2448 2496 2508 2520 2544 2595 2616 2672 2707 2717 2758 2811 2837 2890 2890 2956 2985 3029 3062 3108 3122 3159 3185 3209 3253 3294 3288 3341 3378 3454 3514 3525 3668 3731 3765 3828 3944 3902 4054 4168 4162
-32768 -32768 -32768 -32768 -32768 -32768 -32768 -32768 -32768 -32768 -32768 -32768 -32768 -32768 -32768 -32768 -32768 -32768 -32768 -32768 -32768 -32768 -32768 -32768 -32768 -32768 -32768 -32768 -32768 -32768 -32768 -32768 -32768 -32768 -32768 -32768 -32768 -32768 -32768 -32768 2456 2491 2513 2529 2561 2591 2630 2673 2702 2711 2768 2814 2862 2883 2888 2959 2964 3030 3071 3104 3147 3189 3201 3260 3325 3399 3299 3370 3416 3442 3477 3499 3546 3610 3680 3820 3772 4094 4046 4144 4181
