wc0.5/Cropped/bio12_28.asc
NCOLS 282 
NROWS 470 
XLLCORNER 79.525 
YLLCORNER 5.91666666666667 
CELLSIZE 0.00833333333333331 
NODATA_value -32768 
[rows 396 to 431 of 470, columns 162 to 242 of 282]
1605 1585 1569 1541 1522 1497 1483 1462 1449 1439 1431 1423 1422 1414 1399 1402 1395 1401 1446 1397 1374 1358 1354 1348 1339 1327 1318 1317 1308 1302 1301 1298 1300 1298 1297 1309 1299 1295 1288 1285 1279 1274 1269 1268 1269 1265 1261 1264 1262 1260 1260 1265 1264 1258 1256 1255 1256 1254 1248 1247 1248 1249 1245 1244 1242 1241 1246 1242 1244 1245 1254 1250 1253 1258 1255 1254 1247 1245 1245 1243 1239
1592 1573 1546 1525 1511 1489 1471 1452 1437 1430 1420 1419 1405 1399 1390 1390 1383 1386 1402 1393 1366 1355 1342 1332 1320 1317 1314 1313 1300 1297 1289 1285 1285 1285 1288 1290 1293 1283 1275 1276 1273 1264 1261 1258 1260 1257 1254 1253 1254 1252 1254 1252 1253 1255 1253 1247 1242 1247 1242 1238 1237 1235 1237 1233 1233 1232 1237 1233 1236 1247 1248 1243 1243 1243 1245 1243 1245 1246 1246 1244 1254
1574 1561 1540 1512 1494 1473 1455 1443 1436 1418 1408 1405 1392 1380 1382 1379 1363 1367 1367 1383 1356 1350 1340 1324 1318 1311 1310 1304 1300 1290 1282 1275 1275 1278 1282 1282 1277 1274 1267 1261 1261 1255 1250 1249 1246 1250 1246 1242 1242 1241 1244 1243 1245 1249 1242 1239 1235 1235 1237 1233 1231 1229 1228 1227 1226 1226 1225 1226 1232 1236 1242 1234 1234 1235 1236 1236 1232 1236 1239 1233 1232
1561 1547 1531 1500 1477 1458 1449 1438 1423 1406 1400 1395 1381 1374 1371 1365 1354 1351 1351 1438 1396 1334 1328 1321 1319 1315 1307 1293 1283 1274 1269 1268 1266 1267 1272 1267 1265 1265 1256 1251 1249 1245 1242 1242 1237 1240 1238 1236 1232 1234 1236 1234 1239 1242 1235 1236 1230 1225 1225 1226 1228 1224 1220 1220 1218 1218 1217 1222 1223 1225 1231 1232 1227 1226 1230 1228 1223 1230 1236 1231 1223
1557 1544 1521 1496 1469 1449 1437 1425 1408 1398 1388 1381 1368 1364 1356 1345 1342 1345 1348 1363 1349 1328 1315 1313 1309 1307 1300 1287 1271 1265 1261 1257 1259 1263 1258 1254 1252 1255 1249 1246 1243 1242 1234 1233 1228 1227 1229 1225 1224 1227 1224 1229 1231 1231 1231 1229 1228 1218 1215 1218 1217 1217 1216 1217 1211 1210 1209 1212 1217 1220 1225 1221 1218 1229 1224 1220 1218 1218 1216 1214 1212
1543 1534 1516 1489 1465 1439 1422 1411 1397 1389 1384 1378 1363 1352 1344 1340 1339 1341 1338 1327 1334 1327 1308 1298 1296 1299 1287 1278 1265 1264 1250 1247 1251 1257 1247 1241 1239 1240 1242 1243 1239 1232 1229 1227 1220 1221 1222 1220 1218 1217 1214 1224 1227 1221 1221 1216 1219 1215 1212 1207 1205 1208 1206 1210 1207 1204 1203 1207 1208 1209 1209 1213 1213 1214 1211 1208 1209 1206 1205 1209 1207
1533 1521 1497 1485 1455 1430 1411 1403 1388 1376 1378 1366 1355 1338 1331 1330 1332 1329 1320 1324 1315 1314 1303 1285 1284 1288 1283 1267 1266 1258 1243 1239 1242 1244 1240 1232 1229 1232 1230 1237 1234 1230 1225 1219 1213 1214 1213 1214 1212 1208 1210 1218 1214 1213 1209 1207 1210 1213 1208 1203 1200 1201 1200 1199 1199 1195 1198 1199 1202 1202 1202 1206 1205 1206 1204 1202 1201 1201 1199 1200 1199
1519 1497 1488 1478 1445 1425 1404 1386 1377 1374 1368 1357 1343 1332 1322 1322 1318 1310 1311 1303 1303 1295 1296 1276 1277 1278 1270 1261 1250 1240 1234 1230 1235 1238 1229 1225 1220 1219 1220 1226 1223 1224 1219 1213 1211 1206 1203 1204 1204 1202 1205 1208 1207 1203 1198 1198 1201 1206 1203 1199 1197 1196 1193 1192 1191 1192 1193 1194 1194 1199 1194 1199 1198 1196 1198 1197 1197 1196 1196 1191 1192
1502 1494 1483 1468 1452 1421 1397 1378 1367 1359 1352 1342 1333 1321 1319 1316 1304 1304 1299 1287 1291 1279 1274 1266 1267 1263 1264 1250 1244 1235 1223 1221 1223 1228 1223 1215 1211 1211 1212 1215 1220 1216 1213 1212 1208 1200 1199 1196 1195 1197 1198 1198 1198 1199 1190 1191 1194 1196 1196 1191 1188 1191 1186 1184 1183 1185 1185 1190 1190 1191 1188 1191 1189 1190 1191 1190 1189 1186 1187 1187 1185
1487 1485 1467 1451 1436 1415 1396 1372 1357 1352 1340 1329 1319 1311 1325 1308 1298 1289 1296 1278 1271 1265 1258 1260 1255 1254 1259 1249 1239 1227 1217 1213 1216 1216 1213 1208 1200 1203 1205 1204 1207 1209 1206 1204 1199 1198 1194 1188 1188 1188 1190 1190 1192 1188 1188 1184 1185 1190 1187 1186 1180 1182 1180 1178 1178 1178 1179 1183 1186 1183 1183 1182 1181 1185 1186 1186 1183 1183 1182 1180 1182
1499 1477 1458 1435 1422 1407 1387 1370 1347 1341 1326 1317 1310 1306 1306 1304 1290 1278 1279 1271 1256 1255 1257 1249 1246 1247 1245 1231 1227 1220 1211 1205 1208 1209 1202 1196 1194 1193 1198 1197 1200 1199 1201 1195 1190 1187 1189 1185 1181 1180 1181 1183 1181 1180 1179 1176 1179 1183 1180 1179 1177 1176 1174 1173 1173 1173 1173 1175 1179 1176 1176 1177 1173 1180 1179 1179 1174 1177 1182 1179 1180
1484 1470 1446 1420 1411 1395 1385 1362 1342 1326 1323 1312 1309 1307 1299 1297 1285 1268 1265 1265 1248 1246 1242 1243 1244 1239 1232 1221 1213 1206 1200 1199 1199 1203 1194 1188 1187 1186 1189 1187 1191 1187 1189 1190 1186 1180 1179 1177 1173 1174 1175 1173 1174 1173 1173 1171 1172 1173 1172 1170 1173 1172 1169 1165 1166 1168 1172 1168 1172 1172 1167 1171 1168 1171 1171 1170 1168 1172 1175 1177 1178
1476 1456 1435 1407 1390 1383 1373 1352 1337 1319 1309 1303 1297 1293 1288 1287 1281 1260 1253 1249 1238 1235 1239 1235 1231 1226 1222 1216 1205 1198 1194 1191 1194 1197 1187 1181 1179 1183 1180 1179 1178 1179 1182 1182 1177 1176 1177 1173 1169 1167 1168 1168 1168 1165 1167 1164 1165 1166 1166 1163 1164 1166 1165 1161 1158 1160 1165 1162 1164 1165 1162 1163 1163 1167 1163 1167 1162 1166 1169 1170 1173
1460 1438 1428 1403 1380 1377 1370 1339 1325 1310 1307 1301 1293 1290 1294 1279 1265 1257 1244 1238 1233 1238 1234 1222 1223 1214 1212 1205 1201 1195 1191 1185 1185 1188 1177 1174 1170 1174 1173 1171 1171 1174 1178 1177 1175 1175 1176 1170 1166 1166 1162 1165 1161 1161 1160 1159 1159 1159 1159 1156 1157 1158 1156 1156 1157 1154 1156 1155 1154 1157 1155 1155 1155 1158 1159 1159 1159 1160 1162 1162 1168
1441 1435 1419 1395 1369 1357 1354 1334 1308 1304 1300 1290 1291 1282 1272 1268 1258 1246 1235 1227 1233 1236 1226 1216 1208 1208 1199 1197 1196 1184 1180 1177 1176 1176 1177 1168 1162 1160 1167 1160 1166 1168 1167 1172 1171 1171 1170 1167 1167 1161 1161 1160 1160 1155 1154 1154 1155 1154 1154 1153 1153 1153 1153 1151 1152 1151 1152 1150 1151 1151 1154 1151 1151 1151 1154 1152 1152 1154 1156 1158 1161
1434 1418 1415 1382 1362 1345 1342 1326 1302 1294 1287 1286 1277 1274 1264 1261 1255 1238 1226 1221 1220 1221 1220 1209 1203 1194 1189 1188 1188 1184 1173 1173 1169 1165 1164 1160 1157 1155 1155 1155 1155 1161 1162 1168 1174 1170 1165 1167 1166 1162 1160 1156 1152 1148 1152 1151 1151 1151 1152 1148 1148 1147 1146 1147 1145 1148 1148 1148 1146 1146 1147 1150 1147 1148 1147 1149 1147 1147 1151 1152 1155
1412 1412 1400 1376 1359 1330 1323 1307 1295 1284 1285 1281 1268 1259 1250 1255 1251 1238 1229 1215 1212 1213 1201 1199 1196 1186 1180 1185 1184 1178 1173 1166 1163 1159 1158 1154 1154 1150 1150 1148 1147 1150 1158 1161 1169 1170 1167 1167 1162 1168 1164 1151 1151 1150 1150 1214 1152 1152 1148 1145 1143 1144 1142 1142 1140 1143 1143 1143 1144 1144 1144 1143 1141 1143 1145 1143 1144 1143 1145 1146 1148
1403 1401 1380 1373 1351 1324 1312 1300 1288 1289 1282 1267 1255 1249 1254 1248 1237 1228 1220 1208 1205 1203 1195 1193 1189 1179 1174 1177 1173 1178 1173 1167 1164 1159 1154 1154 1153 1148 1144 1143 1143 1147 1153 1150 1167 1157 1165 1156 1153 1155 1153 1146 1146 1149 1299 1302 1161 1152 1142 1143 1142 1141 1139 1138 1137 1140 1141 1145 1150 1148 1141 1138 1140 1137 1139 1140 1142 1137 1139 1140 1144
1398 1383 1360 1356 1342 1327 1300 1294 1292 1274 1270 1259 1250 1247 1240 1242 1234 1220 1211 1200 1197 1195 1188 1183 1180 1173 1169 1168 1169 1176 1171 1165 1163 1162 1155 1152 1150 1143 1142 1141 1142 1139 1138 1142 1146 1153 1164 1150 1144 1149 1149 1163 1152 1196 1206 1149 1148 1143 1141 1156 1144 1139 1138 1135 1136 1138 1141 1147 1155 1147 1138 1140 1141 1133 1134 1135 1136 1142 1135 1136 1139
1375 1361 1354 1342 1332 1332 1306 1285 1272 1262 1269 1260 1244 1238 1234 1233 1223 1215 1202 1192 1193 1191 1180 1175 1170 1163 1165 1166 1168 1166 1164 1166 1156 1152 1155 1152 1148 1144 1138 1136 1136 1135 1134 1138 1138 1150 1143 1141 1138 1154 1160 1153 1163 1155 1145 1143 1149 1140 1140 1142 1140 1138 1134 1132 1132 1138 1137 1146 1144 1139 1137 1139 1137 1132 1129 1132 1133 1133 1131 1133 1133
1364 1363 1340 1327 1323 1324 1298 1275 1265 1264 1263 1254 1245 1240 1231 1228 1224 1203 1194 1187 1185 1180 1171 1167 1160 1157 1159 1160 1157 1159 1156 1163 1153 1150 1143 1140 1140 1145 1133 1131 1130 1130 1127 1131 1133 1148 1129 1130 1133 1196 1141 1144 1151 1150 1143 1143 1136 1140 1140 1139 1136 1131 1131 1134 1131 1132 1130 1134 1130 1133 1136 1137 1133 1132 1129 1126 1126 1129 1127 1129 1131
1362 1347 1334 1315 1310 1306 1287 1274 1257 1251 1242 1246 1245 1245 1235 1227 1208 1201 1193 1182 1175 1170 1170 1157 1154 1152 1154 1154 1152 1152 1146 1147 1150 1143 1137 1132 1131 1133 1131 1126 1119 1121 1121 1121 1121 1124 1129 1124 1132 1141 1131 1136 1151 1134 1141 1128 1128 1129 1131 1134 1131 1130 1127 1131 1125 1126 1127 1124 1122 1128 1129 1130 1133 1128 1124 1122 1123 1122 -32768 -32768 -32768
1367 1344 1326 1308 1301 1288 1275 1262 1254 1249 1243 1239 1230 1234 1231 1220 1214 1202 1190 1180 1173 1165 1159 1152 1146 1146 1147 1150 1148 1145 1140 1143 1144 1142 1134 1131 1128 1123 1127 1123 1119 1116 1116 1114 1116 1115 1117 1122 1122 1125 1128 1126 1124 1125 1127 1122 1121 1124 1125 1124 1125 1122 1122 1125 1124 1126 1122 1125 1119 1122 1119 1123 1127 1122 1120 1118 1119 -32768 -32768 -32768 -32768
1375 1345 1327 1302 1292 1289 1271 1261 1253 1244 1245 1243 1233 1226 1220 1207 1211 1201 1186 1175 1169 1162 1153 1147 1143 1139 1140 1138 1139 1133 1133 1144 1142 1135 1129 1126 1119 1119 1118 1119 1120 1118 1112 1110 1112 1112 1130 1117 1117 1119 1121 1119 1119 1117 1119 1124 1116 1118 1117 1119 1115 1116 1117 1123 1123 1123 1125 1122 1116 1116 1113 1111 1116 1115 1116 1113 -32768 -32768 -32768 -32768 -32768
1356 1332 1314 1295 1286 1277 1265 1255 1246 1245 1244 1233 1219 1214 1211 1199 1200 1200 1186 1175 1167 1160 1156 1149 1140 1134 1135 1138 1132 1129 1132 1134 1141 1133 1130 1122 1117 1112 1110 1116 1110 1114 1112 1108 1108 1108 1108 1109 1112 1130 1153 1114 1113 1110 1112 1116 1112 1112 1111 1111 1110 1110 1114 1118 1120 1117 1116 1120 1123 1118 1113 1111 1108 1109 1110 -32768 -32768 -32768 -32768 -32768 -32768
1343 1324 1307 1291 1280 1270 1254 1258 1244 1241 1236 1222 1208 1207 1199 1197 1190 1190 1183 1178 1164 1157 1157 1144 1139 1131 1127 1125 1124 1125 1129 1130 1124 1123 1125 1123 1116 1112 1105 1105 1105 1110 1103 1105 1102 1103 1104 1104 1106 1127 1111 1109 1104 1106 1103 1107 1107 1107 1105 1106 1106 1108 1113 1115 1117 1107 1109 1113 1118 1111 1109 1109 1107 1105 -32768 -32768 -32768 -32768 -32768 -32768 -32768
1343 1326 1307 1288 1271 1260 1251 1247 1245 1237 1224 1212 1204 1196 1191 1188 1184 1183 1175 1173 1171 1162 1143 1136 1130 1129 1122 1119 1120 1122 1120 1117 1115 1114 1117 1118 1113 1108 1106 1100 1099 1099 1100 1100 1101 1098 1100 1098 1099 1103 1105 1103 1099 1100 1100 1099 1101 1101 1100 1097 1105 1107 1107 1107 1108 1108 1102 1107 1106 1109 1106 1106 1108 1103 -32768 -32768 -32768 -32768 -32768 -32768 -32768
1357 1336 1313 1285 1267 1254 1253 1242 1229 1221 1218 1202 1190 1185 1181 1184 1180 1175 1167 1164 1173 1169 1152 1138 1127 1122 1115 1119 1116 1117 1117 1110 1112 1108 1109 1108 1114 1106 1105 1099 1097 1095 1097 1097 1099 1097 1095 1098 1096 1097 1098 1094 1094 1096 1094 1101 1098 1097 1096 1096 1102 1103 1101 1099 1102 1097 1097 1102 1101 1100 1099 1098 1102 -32768 -32768 -32768 -32768 -32768 -32768 -32768 -32768
1353 1326 1312 1285 1266 1250 1236 1232 1225 1203 1197 1193 1191 1183 1185 1174 1166 1164 1157 1160 1154 1150 1146 1131 1126 1115 1112 1114 1111 1115 1112 1108 1105 1103 1102 1107 1108 1103 1099 1093 1091 1092 1090 1090 1092 1092 1091 1092 1090 1094 1092 1090 1088 1089 1093 1098 1101 1093 1093 1091 1090 1098 1095 1095 1100 1098 1097 1092 1092 1092 -32768 -32768 -32768 -32768 -32768 -32768 -32768 -32768 -32768 -32768 -32768
1347 1316 1299 1275 1256 1243 1230 1221 1205 1202 1200 1192 1188 1175 1184 1165 1159 1156 1152 1149 1143 1145 1135 1126 1120 1110 1109 1110 1106 1107 1103 1099 1097 1094 1100 1103 1103 1100 1100 1092 1091 1093 1089 1089 1089 1088 1090 1089 1087 1089 1086 1085 1087 1088 1088 1093 1096 1101 1097 1091 1089 1090 1092 1089 1091 1093 1091 1090 -32768 -32768 -32768 -32768 -32768 -32768 -32768 -32768 -32768 -32768 -32768 -32768 -32768
1345 1316 1301 1275 1258 1246 1226 1212 1202 1202 1197 1191 1179 1174 1166 1158 1151 1154 1143 1139 1135 1135 1140 1128 1122 1111 1105 1101 1102 1103 1103 1095 1093 1096 1094 1099 1102 1093 1095 1094 1090 1089 1089 1088 1084 1086 1088 1090 1085 1084 1085 1084 1082 1087 1090 1093 1096 1099 1089 1094 1088 1084 1087 1085 1087 1086 1088 -32768 -32768 -32768 -32768 -32768 -32768 -32768 -32768 -32768 -32768 -32768 -32768 -32768 -32768
1346 1321 1301 1279 1253 1238 1219 1211 1200 1195 1187 1181 1171 1169 1157 1153 1157 1142 1140 1133 1126 1129 1135 1123 1115 1110 1103 1099 1102 1094 1093 1092 1089 1088 1091 1095 1095 1090 1092 1094 1088 1084 1087 1085 1085 1085 1085 1085 1082 1082 1079 1082 1080 1080 1087 1089 1088 1089 1088 1088 1089 1085 1083 1080 1084 1081 1083 -32768 -32768 -32768 -32768 -32768 -32768 -32768 -32768 -32768 -32768 -32768 -32768 -32768 -32768
1330 1312 1294 1278 1258 1239 1218 1202 1193 1189 1184 1173 1165 1159 1150 1150 1149 1139 1131 1123 1121 1124 1126 1118 1118 1105 1098 1096 1090 1095 1090 1086 1085 1083 1086 1090 1091 1086 1088 1091 1091 1086 1087 1084 1084 1080 1081 1079 1079 1079 1079 1078 1081 1081 1085 1087 1084 1082 1089 1083 1084 1082 1087 1083 1080 1081 -32768 -32768 -32768 -32768 -32768 -32768 -32768 -32768 -32768 -32768 -32768 -32768 -32768 -32768 -32768
1308 1306 1287 1268 1250 1236 1213 1196 1187 1180 1172 1167 1155 1152 1152 1150 1139 1131 1125 1119 1125 1123 1119 1122 1110 1104 1096 1089 1090 1089 1082 1083 1081 1079 1080 1084 1079 1082 1087 1085 1083 1083 1085 1084 1079 1078 1078 1077 1075 1074 1076 1077 1077 1082 1079 1077 1080 1082 1077 1073 1076 1077 1079 1077 1077 -32768 -32768 -32768 -32768 -32768 -32768 -32768 -32768 -32768 -32768 -32768 -32768 -32768 -32768 -32768 -32768
1300 1281 1276 1260 1234 1223 1208 1195 1182 1173 1162 1158 1156 1158 1157 1146 1130 1128 1117 1121 1115 1110 1112 1118 1114 1101 1094 1088 1086 1081 1081 1081 1078 1074 1080 1075 1080 1085 1083 1078 1080 1079 1080 1079 1080 1074 1073 1074 1074 1071 1072 1071 1073 1072 1073 1074 1076 1073 1075 1072 1074 1072 1075 1073 -32768 -32768 -32768 -32768 -32768 -32768 -32768 -32768 -32768 -32768 -32768 -32768 -32768 -32768 -32768 -32768 -32768
1301 1273 1258 1260 1234 1213 1199 1188 1176 1171 1166 1156 1156 1148 1141 1139 1126 1122 1113 1117 1108 1106 1106 1108 1128 1099 1093 1090 1086 1081 1080 1080 1076 1073 1074 1075 1075 1076 1076 1073 1074 1077 1075 1075 1075 1074 1075 1069 1071 1070 1068 1069 1069 1070 1073 1071 1075 1073 1074 1073 1071 1070 -32768 -32768 -32768 -32768 -32768 -32768 -32768 -32768 -32768 -32768 -32768 -32768 -32768 -32768 -32768 -32768 -32768 -32768 -32768
