wc0.5/Cropped/bio15_28.asc
NCOLS 282 
NROWS 470 
XLLCORNER 79.525 
YLLCORNER 5.91666666666667 
CELLSIZE 0.00833333333333331 
NODATA_value -32768 
[rows 336 to 377 of 470, columns 95 to 189 of 282]
39 39 41 43 43 43 43 42 44 42 44 44 44 44 45 35 34 38 36 36 33 40 44 43 42 41 38 31 31 29 29 29 29 32 28 30 28 29 31 31 30 30 25 35 33 33 32 30 30 30 30 29 29 29 29 34 37 27 30 29 28 29 29 29 30 37 46 51 50 44 41 41 42 47 45 43 44 39 45 45 45 49 59 60 51 47 51 50 46 47 51 53 53 52 49
39 40 38 41 39 42 43 43 44 43 43 40 39 42 43 45 37 40 35 39 40 42 44 42 41 35 38 38 30 34 31 29 30 33 29 34 28 30 30 31 31 30 28 27 35 33 32 32 31 29 29 30 30 30 28 27 28 29 30 30 30 29 29 29 33 39 46 52 52 54 42 41 42 44 43 44 41 39 45 46 47 47 50 52 46 48 52 49 51 50 53 49 49 49 49
38 38 37 38 39 38 40 41 40 40 41 37 39 43 43 45 36 40 36 38 43 43 42 40 35 35 37 30 30 36 34 35 32 34 31 29 32 29 29 31 30 30 30 28 24 28 33 32 30 30 30 30 30 30 29 30 30 30 30 30 30 28 28 30 36 38 43 52 51 47 41 44 55 45 43 44 44 46 44 46 45 47 46 46 46 47 51 52 51 52 52 57 49 49 55
37 40 40 38 43 39 39 40 38 40 40 37 39 41 45 45 38 34 45 36 44 43 36 33 32 36 33 31 34 37 37 36 36 35 31 30 32 29 29 29 26 26 27 27 26 25 29 31 30 30 29 30 30 30 31 31 31 30 30 30 30 29 29 28 32 43 46 48 52 46 50 54 58 51 43 43 44 45 47 46 49 49 47 46 48 47 47 49 53 54 49 48 49 48 48
38 38 38 37 38 37 37 37 37 40 37 37 38 41 45 43 45 46 45 45 39 38 33 33 32 36 35 36 39 38 36 33 32 32 31 30 33 30 29 31 29 26 31 32 25 29 33 33 31 30 30 30 30 30 31 31 31 30 30 30 30 30 30 28 29 31 33 33 48 51 52 56 48 56 56 52 54 44 47 48 48 48 46 47 47 47 47 49 54 54 52 52 48 49 48
39 40 40 39 40 40 39 43 43 40 38 37 36 38 37 39 40 42 42 42 46 41 33 39 33 33 34 35 39 38 33 39 35 31 31 33 29 30 31 31 28 37 33 35 36 32 33 32 31 30 30 30 30 30 30 30 30 30 30 30 30 30 30 30 30 29 33 51 51 54 53 43 47 57 57 49 44 45 48 47 48 49 46 47 47 47 47 52 54 54 55 55 50 50 48
41 37 42 43 42 44 44 42 42 41 41 43 40 40 46 42 37 43 43 40 44 38 35 43 42 39 33 37 40 38 37 39 39 33 32 32 34 30 33 29 27 37 30 31 31 30 30 30 30 30 30 29 30 30 30 30 30 30 30 30 30 30 30 29 29 29 39 45 37 41 38 53 54 53 53 50 44 45 45 46 48 47 46 48 49 46 47 54 55 55 54 52 54 53 48
43 41 43 43 44 44 36 39 45 44 44 45 44 43 47 44 40 40 44 40 42 46 34 34 43 42 42 42 40 35 39 39 39 39 32 33 34 32 30 29 27 27 36 31 30 29 30 30 29 30 30 30 30 30 30 30 30 29 29 30 30 30 27 31 28 36 48 50 51 52 52 48 47 45 51 49 44 45 46 49 48 46 46 47 50 49 50 52 49 55 53 48 52 53 52
41 40 42 43 44 44 39 45 44 42 44 44 44 45 46 41 44 40 45 44 43 43 47 37 38 44 39 41 40 35 36 39 39 34 32 32 33 33 33 29 28 27 27 30 35 30 30 30 30 29 30 30 29 30 29 30 30 29 29 29 30 30 28 41 43 44 45 46 47 48 51 45 45 44 44 44 44 48 48 49 46 50 49 47 49 51 52 48 50 53 55 49 48 48 49
40 41 42 42 43 44 44 44 43 42 44 45 45 45 45 46 42 41 45 42 48 45 45 37 45 45 41 41 40 36 37 34 36 34 33 34 33 34 34 31 30 28 27 26 27 36 35 32 30 30 30 29 30 30 30 30 30 29 30 29 28 27 27 39 42 42 42 43 43 43 44 44 44 44 44 44 45 47 45 46 46 52 53 52 50 52 51 48 52 54 53 54 49 59 56
42 39 40 40 42 43 44 44 43 43 44 45 45 46 44 46 46 43 44 42 36 48 41 45 45 44 45 44 41 36 35 35 34 33 33 32 32 32 31 31 30 29 27 27 26 26 25 31 33 32 32 31 29 29 29 30 29 29 30 30 29 31 40 41 42 42 43 42 43 44 43 45 45 44 47 45 45 46 46 49 49 52 52 46 47 50 51 48 47 51 53 51 47 57 56
41 38 38 42 43 43 43 41 40 43 44 43 44 44 44 47 40 48 43 46 36 36 38 45 43 44 46 45 40 37 35 35 35 34 34 32 33 31 31 29 29 30 28 27 26 26 26 25 25 28 30 31 30 30 30 29 29 29 28 29 29 28 40 40 42 43 43 44 45 43 44 47 46 45 48 45 45 45 47 52 53 53 53 48 52 48 53 48 47 47 53 53 48 52 59
41 38 38 41 43 43 41 38 40 40 42 42 43 44 44 47 38 37 43 43 46 39 37 40 41 47 45 39 44 37 36 35 35 35 34 34 33 31 31 30 29 29 28 27 28 26 29 25 25 25 31 30 29 29 29 29 29 29 28 28 28 27 36 40 41 42 42 43 45 45 45 48 49 48 47 47 46 46 48 52 52 53 53 50 53 47 51 51 50 50 48 49 47 50 59
43 43 38 38 38 42 41 38 43 44 44 42 44 44 44 47 40 37 47 44 45 46 36 35 49 46 40 40 40 45 39 35 35 36 35 34 33 32 33 30 29 29 28 27 27 26 26 26 25 25 28 31 29 30 30 29 29 29 30 30 29 27 38 40 42 41 42 42 44 44 45 48 47 46 46 46 46 46 51 54 53 51 52 53 54 55 49 48 51 48 47 47 53 57 58
42 43 38 38 41 40 38 40 40 40 45 45 44 43 44 45 41 42 40 49 49 48 37 47 37 48 39 39 38 39 44 37 35 34 35 33 33 32 33 34 30 29 28 28 27 27 26 26 26 25 26 27 30 29 30 29 29 29 29 30 29 27 38 40 41 42 43 43 43 44 43 47 45 44 45 45 45 46 51 53 53 51 53 53 55 55 54 49 47 49 47 48 58 54 54
42 42 38 38 39 42 40 43 40 43 44 44 44 43 46 45 47 37 37 38 39 37 36 44 49 42 46 39 37 37 36 38 37 35 35 34 32 33 34 30 30 29 29 28 28 27 26 26 26 25 26 31 30 29 29 29 29 29 29 29 28 27 31 39 41 42 44 44 46 46 44 44 44 47 46 48 47 46 52 53 53 53 53 54 56 55 55 53 49 51 51 48 55 58 55
42 39 42 38 38 42 44 44 42 40 43 42 41 44 44 45 38 47 47 48 48 38 36 39 42 40 41 40 38 37 37 36 36 36 35 35 36 33 35 32 32 30 30 28 27 27 27 27 26 26 26 26 30 29 29 29 29 29 29 29 28 28 27 31 38 42 44 45 45 46 45 46 46 50 51 50 46 47 49 53 53 53 52 51 50 52 53 49 48 50 47 48 51 51 59
42 42 42 39 41 42 43 44 43 43 43 43 43 41 43 44 46 42 37 43 46 38 48 38 49 40 39 48 44 37 37 37 36 36 36 34 33 33 35 32 37 34 34 29 28 27 27 26 26 26 26 31 30 29 29 29 29 29 29 29 28 27 38 39 40 42 44 45 45 46 48 48 47 49 50 51 46 48 50 51 53 54 53 50 48 48 48 49 49 49 50 48 48 49 58
38 39 41 42 42 42 42 43 43 43 44 43 43 45 44 45 42 37 47 45 45 38 48 41 39 43 39 37 46 46 37 36 36 36 36 35 34 33 33 35 36 34 36 28 28 27 27 27 28 31 32 29 29 29 29 29 29 29 29 29 29 27 29 40 41 42 44 45 46 46 48 48 49 50 50 49 48 51 51 52 53 54 55 54 53 51 49 48 49 48 50 50 49 49 58
41 39 40 42 42 43 42 43 44 44 44 43 42 43 46 46 37 38 44 43 40 39 38 42 46 44 41 37 37 42 44 39 37 36 37 36 35 33 32 33 34 30 29 29 28 27 27 27 27 27 31 31 29 29 29 29 29 29 29 29 29 29 37 39 40 41 43 44 45 47 47 48 49 49 50 49 48 50 52 52 53 54 54 54 53 48 51 49 49 49 49 49 49 53 55
41 42 39 42 42 43 42 43 43 44 44 44 43 44 44 43 37 42 39 38 41 38 38 38 47 45 48 38 36 37 41 45 44 40 36 35 35 34 32 32 36 31 30 29 28 28 27 27 27 27 27 28 29 28 29 29 29 29 29 29 29 29 28 31 39 41 42 43 45 46 47 48 49 49 50 49 49 48 49 52 52 53 54 54 48 49 51 49 56 50 53 53 51 52 58
40 41 40 41 42 42 43 43 43 43 43 38 36 36 36 37 36 39 40 38 38 38 38 37 38 42 41 43 37 36 36 45 44 42 40 35 34 33 32 31 35 32 30 29 29 31 30 31 28 27 27 27 27 27 28 28 29 30 30 29 29 29 29 28 38 41 42 44 45 45 47 47 48 49 49 50 50 51 50 50 50 53 53 52 49 51 53 51 50 57 58 55 50 49 53
37 41 40 41 41 42 42 41 43 42 42 43 36 37 36 43 43 39 43 38 38 38 37 38 38 35 39 43 40 37 36 36 38 43 40 36 35 33 32 31 35 31 33 32 34 33 32 31 29 30 31 30 27 27 27 28 28 29 30 30 29 29 30 28 33 39 42 43 44 45 47 47 48 49 50 50 51 50 51 52 52 52 53 49 52 51 52 54 53 56 56 58 57 57 51
37 40 40 41 41 41 42 41 42 40 40 42 40 35 36 40 39 44 43 39 37 35 34 37 37 37 37 42 42 41 40 37 34 35 37 40 39 34 33 32 31 33 31 30 33 31 32 32 29 28 30 29 29 29 28 28 28 29 30 30 30 30 30 32 34 40 42 43 44 45 46 47 48 49 49 49 51 52 50 52 52 52 52 52 52 53 53 52 51 53 58 57 59 59 57
38 39 40 41 41 39 41 40 41 41 41 40 42 43 39 39 42 40 39 39 37 36 35 37 36 38 39 43 42 41 39 38 36 34 35 36 38 35 33 32 30 31 34 30 30 32 32 32 31 28 30 29 29 29 29 29 29 30 30 30 30 30 29 30 30 36 39 43 44 45 46 47 48 48 49 50 50 51 52 50 52 52 52 53 53 53 53 50 51 52 58 58 58 58 59
37 39 39 41 41 38 40 39 41 42 42 41 41 41 37 42 43 41 39 38 37 37 37 38 39 40 37 42 42 40 38 37 36 35 34 33 36 35 34 32 31 30 31 33 31 32 30 31 31 30 28 29 29 29 29 30 29 30 30 30 30 30 29 29 30 29 30 41 44 45 46 47 48 48 47 50 50 51 51 51 52 52 53 53 54 54 52 51 50 51 57 59 58 59 59
37 37 40 39 40 38 38 39 40 41 41 42 41 42 34 40 39 39 38 37 37 33 36 36 36 36 36 41 41 41 40 37 36 35 35 33 32 33 33 33 32 32 30 29 31 31 31 30 31 30 30 29 29 29 29 30 30 30 30 30 30 30 30 30 29 33 35 39 43 45 46 47 47 48 49 50 50 50 50 51 52 52 53 50 47 53 51 52 54 53 59 59 58 60 60
37 37 37 39 37 38 37 38 41 40 33 36 39 41 41 38 39 40 39 37 36 33 36 36 36 36 35 41 39 37 37 36 35 35 34 33 32 32 31 31 31 31 31 31 29 30 31 31 30 30 29 29 29 30 30 30 30 30 30 30 30 30 30 30 30 30 33 42 43 44 46 47 47 48 48 49 50 50 51 51 52 52 49 38 46 54 52 54 55 52 56 59 59 59 61
37 36 36 38 36 36 36 37 40 40 33 35 40 41 40 41 41 34 42 37 35 36 36 36 36 35 36 36 36 35 33 34 34 34 34 34 33 31 33 32 30 30 30 30 30 29 31 30 30 29 29 29 29 30 30 30 30 30 30 30 30 30 30 29 29 30 30 31 40 44 46 46 47 48 49 49 50 50 51 50 40 41 36 37 39 50 54 55 54 58 59 59 60 61 61
37 36 36 36 36 36 36 37 39 40 40 40 40 39 39 39 39 40 37 36 36 36 36 36 36 36 35 35 35 35 32 32 33 33 34 33 32 31 33 33 32 30 30 30 30 29 29 30 30 30 29 29 29 29 30 30 30 30 30 30 30 29 29 38 31 30 30 30 33 43 45 46 47 47 48 49 50 50 49 42 46 47 46 37 38 38 54 54 52 57 60 59 60 62 61
36 36 36 36 36 36 36 36 38 40 40 40 38 38 38 38 39 40 35 37 36 36 36 35 36 36 35 33 34 34 33 33 33 34 33 32 33 32 31 32 32 32 31 30 30 29 29 29 29 29 29 29 30 29 30 29 30 29 28 29 29 37 36 39 40 41 42 30 33 44 45 45 47 47 48 49 49 50 38 48 51 51 51 46 42 53 54 54 52 54 58 60 60 62 61
36 36 36 36 36 36 36 36 36 39 39 38 37 37 36 36 37 38 39 34 40 39 36 35 35 35 35 33 34 33 33 32 33 33 32 32 32 32 32 32 30 30 32 31 30 30 30 30 30 30 29 29 29 30 29 30 29 33 29 29 36 38 39 42 41 41 42 43 44 45 45 45 40 40 48 49 49 50 44 51 51 50 52 52 50 52 53 53 54 52 60 60 61 62 61
36 36 36 36 36 36 36 36 36 36 38 37 36 35 35 36 38 37 38 38 34 34 38 40 37 39 39 37 35 34 34 34 32 32 33 32 32 32 32 32 31 30 30 31 30 30 30 30 30 29 29 29 29 29 29 29 32 35 31 30 33 37 39 44 45 43 43 43 44 45 47 46 46 47 48 49 49 50 51 51 50 58 51 51 53 51 52 52 54 53 60 60 62 63 63
36 36 36 36 36 36 36 36 35 36 38 37 36 35 34 36 38 37 37 38 38 38 35 35 37 35 35 39 35 36 36 35 33 34 33 32 32 32 32 31 30 30 31 30 30 30 30 30 30 30 29 30 32 32 29 29 35 34 29 29 37 38 40 44 46 47 45 46 49 50 51 52 51 51 51 49 49 49 50 54 58 59 53 52 56 52 53 52 52 54 60 60 63 63 64
37 36 36 36 36 36 35 35 35 36 38 37 35 35 34 34 36 36 37 37 37 37 35 34 33 32 32 38 36 37 37 37 36 36 34 34 32 32 32 32 31 32 31 31 31 32 31 31 32 32 32 33 33 33 32 34 35 34 31 37 38 41 43 45 46 46 48 49 49 50 51 51 52 53 54 55 51 57 58 58 57 57 59 59 60 56 58 54 53 61 60 61 62 63 64
36 36 36 36 36 36 35 35 35 36 38 38 35 35 34 34 35 36 37 36 36 37 36 35 33 32 32 33 36 37 34 33 32 32 32 32 35 33 33 32 32 33 32 32 32 32 32 32 32 32 33 34 36 35 34 37 35 35 37 38 39 44 45 46 46 47 48 49 49 50 51 51 52 52 52 53 54 55 55 55 57 57 58 59 59 61 61 61 61 61 61 61 63 64 64
36 36 36 36 36 36 36 35 35 35 37 37 37 35 34 35 35 37 37 36 36 36 36 35 33 32 32 32 32 33 36 36 32 32 32 32 31 32 32 33 33 32 32 32 32 32 32 32 32 32 32 33 36 38 39 39 38 40 41 43 44 45 46 47 46 48 48 49 50 51 51 51 52 52 53 53 54 55 55 56 56 57 59 59 59 59 60 61 61 61 61 62 64 64 65
36 36 36 36 36 36 35 35 35 35 37 37 37 36 34 34 35 36 36 36 36 35 35 35 35 34 34 33 32 33 33 34 35 34 32 33 33 33 32 32 32 32 33 34 34 35 36 33 35 33 33 33 34 39 41 41 42 43 43 44 45 45 46 46 46 47 49 49 50 50 51 51 52 53 54 55 55 55 56 56 57 57 58 58 59 59 60 60 60 61 62 63 64 65 65
36 36 36 36 36 35 35 35 35 35 36 36 37 35 34 34 36 35 36 36 35 35 34 35 35 34 34 34 32 32 32 32 31 34 33 34 32 34 34 34 35 35 35 36 37 37 38 38 37 35 36 34 37 40 42 42 43 44 44 45 45 46 46 46 47 47 48 49 50 50 52 52 53 54 55 55 55 56 57 57 57 58 58 59 59 59 60 61 61 61 62 63 64 65 65
36 36 36 36 36 35 35 35 35 35 35 36 35 34 34 34 34 34 34 33 33 33 33 33 33 33 33 34 34 34 34 33 33 32 31 32 32 34 34 35 35 36 36 37 37 37 37 38 39 40 40 41 41 42 42 43 43 44 45 45 45 45 46 47 48 48 49 50 51 51 52 53 54 56 54 55 56 57 57 57 58 59 59 60 60 60 60 61 61 61 63 63 64 65 65
36 36 36 36 36 35 35 35 35 35 34 35 35 34 34 34 34 34 33 33 33 33 33 33 34 34 33 32 33 34 33 33 34 32 31 31 32 34 35 35 36 36 37 37 38 38 37 38 39 40 41 41 41 41 43 43 44 44 45 46 46 47 48 48 48 49 49 50 50 53 53 55 55 56 55 56 56 57 58 59 58 59 59 60 60 60 60 61 62 63 63 64 64 65 66
36 36 36 36 35 35 35 35 35 35 34 34 34 35 35 35 34 34 33 33 33 33 34 34 34 34 34 33 33 33 33 33 33 32 31 32 31 33 35 35 36 37 37 38 38 39 39 39 40 40 41 41 42 42 42 43 44 45 45 46 47 47 48 48 49 50 51 51 51 52 52 55 56 57 56 56 57 58 58 58 58 59 59 60 60 61 61 62 62 63 64 65 66 66 66
