wc0.5/Cropped/bio19_28.asc
NCOLS 282 
NROWS 470 
XLLCORNER 79.525 
YLLCORNER 5.91666666666667 
CELLSIZE 0.00833333333333331 
NODATA_value -32768 
[rows 190 to 227 of 470, columns 174 to 260 of 282]
591 595 596 598 601 603 606 610 612 615 618 620 623 625 629 631 634 637 640 641 644 646 651 654 656 659 664 667 669 674 676 679 681 681 683 687 690 692 695 699 700 703 705 708 709 709 711 713 716 718 720 722 -32768 -32768 -32768 -32768 -32768 -32768 -32768 -32768 -32768 -32768 -32768 -32768 -32768 -32768 -32768 -32768 -32768 -32768 -32768 -32768 -32768 -32768 -32768 -32768 -32768 -32768 -32768 -32768 -32768 -32768 -32768 -32768 -32768 -32768 -32768
592 596 597 600 601 604 606 612 615 617 620 623 626 628 628 631 635 638 641 643 646 651 651 656 659 661 666 669 671 675 678 680 683 683 687 689 691 695 697 700 702 705 709 709 710 712 713 716 717 721 723 725 -32768 -32768 -32768 -32768 -32768 -32768 -32768 -32768 -32768 -32768 -32768 -32768 -32768 -32768 -32768 -32768 -32768 -32768 -32768 -32768 -32768 -32768 -32768 -32768 -32768 -32768 -32768 -32768 -32768 -32768 -32768 -32768 -32768 -32768 -32768
593 597 599 600 603 606 609 611 615 616 620 623 625 628 629 632 635 640 641 646 648 653 656 658 661 662 665 670 673 675 680 682 684 687 689 692 694 696 699 703 704 706 709 712 713 715 717 719 721 722 723 727 728 -32768 -32768 -32768 -32768 -32768 -32768 -32768 -32768 -32768 -32768 -32768 -32768 -32768 -32768 -32768 -32768 -32768 -32768 -32768 -32768 -32768 -32768 -32768 -32768 -32768 -32768 -32768 -32768 -32768 -32768 -32768 -32768 -32768 -32768
593 594 597 602 603 605 607 612 613 616 619 621 625 628 631 634 639 641 644 648 651 654 657 657 662 665 667 671 675 678 681 684 685 689 689 693 696 698 701 706 706 708 710 713 715 718 718 719 724 724 726 728 731 -32768 -32768 -32768 -32768 -32768 -32768 -32768 -32768 -32768 -32768 -32768 -32768 -32768 -32768 -32768 -32768 -32768 -32768 -32768 -32768 -32768 -32768 -32768 -32768 -32768 -32768 -32768 -32768 -32768 -32768 -32768 -32768 -32768 -32768
593 595 598 599 602 605 607 610 613 617 620 624 628 629 634 636 640 644 647 649 654 657 659 659 663 667 669 672 676 680 684 686 688 690 693 695 698 703 703 706 707 708 711 714 716 719 720 722 723 726 728 730 732 -32768 -32768 -32768 -32768 -32768 -32768 -32768 -32768 -32768 -32768 -32768 -32768 -32768 -32768 -32768 -32768 -32768 -32768 -32768 -32768 -32768 -32768 -32768 -32768 -32768 -32768 -32768 -32768 -32768 -32768 -32768 -32768 -32768 -32768
595 598 599 601 603 607 609 612 615 618 621 628 629 630 637 641 643 646 649 651 654 657 659 663 666 668 671 674 678 681 685 687 690 693 695 697 701 704 707 706 709 709 711 715 718 719 721 723 726 727 730 732 735 735 -32768 -32768 -32768 -32768 -32768 -32768 -32768 -32768 -32768 -32768 -32768 -32768 -32768 -32768 -32768 -32768 -32768 -32768 -32768 -32768 -32768 -32768 -32768 -32768 -32768 -32768 -32768 -32768 -32768 -32768 -32768 -32768 -32768
593 595 598 603 605 607 610 614 617 622 623 628 631 632 638 643 646 649 651 654 656 658 663 665 668 671 672 676 680 685 685 688 691 694 697 699 702 705 708 711 711 714 714 715 718 720 723 726 727 729 731 733 736 739 -32768 -32768 -32768 -32768 -32768 -32768 -32768 -32768 -32768 -32768 -32768 -32768 -32768 -32768 -32768 -32768 -32768 -32768 -32768 -32768 -32768 -32768 -32768 -32768 -32768 -32768 -32768 -32768 -32768 -32768 -32768 -32768 -32768
594 598 600 602 605 608 613 614 619 624 624 629 632 635 638 644 648 651 652 655 658 662 665 668 669 672 674 677 681 687 687 690 694 696 698 702 704 707 711 711 712 715 717 718 719 722 726 727 729 732 733 736 739 741 -32768 -32768 -32768 -32768 -32768 -32768 -32768 -32768 -32768 -32768 -32768 -32768 -32768 -32768 -32768 -32768 -32768 -32768 -32768 -32768 -32768 -32768 -32768 -32768 -32768 -32768 -32768 -32768 -32768 -32768 -32768 -32768 -32768
596 597 600 603 605 610 613 615 620 626 629 632 634 637 642 647 649 653 655 657 660 664 668 669 669 673 676 678 683 688 689 691 695 698 700 703 708 710 711 712 715 716 719 721 722 725 728 729 731 733 736 737 741 742 744 -32768 -32768 -32768 -32768 -32768 -32768 -32768 -32768 -32768 -32768 -32768 -32768 -32768 -32768 -32768 -32768 -32768 -32768 -32768 -32768 -32768 -32768 -32768 -32768 -32768 -32768 -32768 -32768 -32768 -32768 -32768 -32768
598 599 601 604 608 612 615 618 624 626 630 634 637 640 645 649 651 653 656 658 661 666 669 670 673 676 679 682 686 687 691 695 697 700 702 705 713 715 714 715 716 720 721 724 725 726 730 732 733 736 737 740 742 745 747 -32768 -32768 -32768 -32768 -32768 -32768 -32768 -32768 -32768 -32768 -32768 -32768 -32768 -32768 -32768 -32768 -32768 -32768 -32768 -32768 -32768 -32768 -32768 -32768 -32768 -32768 -32768 -32768 -32768 -32768 -32768 -32768
596 599 605 606 610 615 616 620 625 628 632 636 639 644 646 649 650 654 658 661 665 667 670 675 674 678 680 684 687 689 692 696 699 702 706 709 715 714 716 718 721 721 724 726 728 728 733 733 735 735 737 742 745 747 749 -32768 -32768 -32768 -32768 -32768 -32768 -32768 -32768 -32768 -32768 -32768 -32768 -32768 -32768 -32768 -32768 -32768 -32768 -32768 -32768 -32768 -32768 -32768 -32768 -32768 -32768 -32768 -32768 -32768 -32768 -32768 -32768
599 600 604 610 613 617 617 621 625 629 631 636 640 644 648 650 652 654 659 661 663 670 671 674 676 679 683 685 688 691 695 698 701 704 709 714 715 717 720 722 724 725 725 728 729 729 734 737 737 738 740 744 746 749 751 -32768 -32768 -32768 -32768 -32768 -32768 -32768 -32768 -32768 -32768 -32768 -32768 -32768 -32768 -32768 -32768 -32768 -32768 -32768 -32768 -32768 -32768 -32768 -32768 -32768 -32768 -32768 -32768 -32768 -32768 -32768 -32768
597 601 604 607 613 618 620 623 628 629 631 636 639 644 649 651 653 655 658 661 665 668 672 675 678 680 685 688 691 694 696 700 704 707 710 715 718 720 722 724 725 727 726 729 730 733 735 738 738 740 742 744 749 751 753 -32768 -32768 -32768 -32768 -32768 -32768 -32768 -32768 -32768 -32768 -32768 -32768 -32768 -32768 -32768 -32768 -32768 -32768 -32768 -32768 -32768 -32768 -32768 -32768 -32768 -32768 -32768 -32768 -32768 -32768 -32768 -32768
597 602 605 607 612 618 621 623 631 631 633 635 640 643 647 650 654 656 659 662 667 670 673 677 680 684 688 689 694 697 699 702 706 709 711 716 719 721 723 726 726 728 730 731 733 735 737 741 742 742 745 746 750 753 755 757 -32768 -32768 -32768 -32768 -32768 -32768 -32768 -32768 -32768 -32768 -32768 -32768 -32768 -32768 -32768 -32768 -32768 -32768 -32768 -32768 -32768 -32768 -32768 -32768 -32768 -32768 -32768 -32768 -32768 -32768 -32768
598 601 605 609 612 617 620 624 627 631 635 637 641 646 646 650 654 659 660 664 669 672 676 678 681 686 689 691 695 698 701 704 707 710 714 717 720 723 724 726 727 730 731 734 736 738 742 744 745 747 747 750 753 755 757 759 -32768 -32768 -32768 -32768 -32768 -32768 -32768 -32768 -32768 -32768 -32768 -32768 -32768 -32768 -32768 -32768 -32768 -32768 -32768 -32768 -32768 -32768 -32768 -32768 -32768 -32768 -32768 -32768 -32768 -32768 -32768
598 602 606 608 613 617 621 624 628 631 636 637 643 646 651 652 655 658 663 668 671 674 677 680 685 687 690 695 698 700 702 707 710 714 717 720 723 725 727 727 729 731 734 736 739 742 744 747 748 749 751 752 753 757 759 761 -32768 -32768 -32768 -32768 -32768 -32768 -32768 -32768 -32768 -32768 -32768 -32768 -32768 -32768 -32768 -32768 -32768 -32768 -32768 -32768 -32768 -32768 -32768 -32768 -32768 -32768 -32768 -32768 -32768 -32768 -32768
600 603 606 610 613 617 621 625 628 632 636 639 642 647 652 654 656 661 665 669 672 675 679 683 686 690 694 696 699 702 705 708 712 716 720 724 726 727 728 731 733 734 737 740 742 745 748 750 751 753 753 755 758 758 761 763 765 767 -32768 -32768 -32768 -32768 -32768 -32768 -32768 -32768 -32768 -32768 -32768 -32768 -32768 -32768 -32768 -32768 -32768 -32768 -32768 -32768 -32768 -32768 -32768 -32768 -32768 -32768 -32768 -32768 -32768
601 604 607 612 614 619 622 627 629 634 637 641 644 648 652 656 659 664 669 671 675 678 681 686 688 692 695 700 703 707 710 711 716 721 723 725 725 728 733 734 736 739 741 743 745 748 749 751 752 755 755 757 758 759 763 765 767 770 -32768 -32768 -32768 -32768 -32768 -32768 -32768 -32768 -32768 -32768 -32768 -32768 -32768 -32768 -32768 -32768 -32768 -32768 -32768 -32768 -32768 -32768 -32768 -32768 -32768 -32768 -32768 -32768 -32768
603 606 609 614 617 621 624 628 631 635 638 643 646 649 653 657 660 665 670 675 678 680 684 687 692 694 697 701 705 709 713 714 719 723 725 726 729 732 736 737 738 742 745 746 749 749 752 752 754 756 757 759 761 763 765 767 770 771 -32768 -32768 -32768 -32768 -32768 -32768 -32768 -32768 -32768 -32768 -32768 -32768 -32768 -32768 -32768 -32768 -32768 -32768 -32768 -32768 -32768 -32768 -32768 -32768 -32768 -32768 -32768 -32768 -32768
606 607 614 616 618 622 625 630 633 636 640 644 648 652 656 659 663 666 671 676 679 683 686 690 693 696 699 702 707 712 716 718 723 725 726 729 733 735 738 740 743 746 749 749 750 752 752 754 756 758 760 761 763 766 767 769 771 774 -32768 -32768 -32768 -32768 -32768 -32768 -32768 -32768 -32768 -32768 -32768 -32768 -32768 -32768 -32768 -32768 -32768 -32768 -32768 -32768 -32768 -32768 -32768 -32768 -32768 -32768 -32768 -32768 -32768
604 608 612 615 620 625 626 631 634 639 644 646 650 655 658 661 666 671 674 677 682 685 689 693 697 699 702 706 710 714 718 722 726 727 729 732 735 738 743 743 745 747 749 750 752 754 755 757 760 760 763 763 767 769 770 772 775 776 -32768 -32768 -32768 -32768 -32768 -32768 -32768 -32768 -32768 -32768 -32768 -32768 -32768 -32768 -32768 -32768 -32768 -32768 -32768 -32768 -32768 -32768 -32768 -32768 -32768 -32768 -32768 -32768 -32768
605 609 613 616 621 625 628 632 637 641 645 649 653 658 659 663 668 672 677 681 684 687 691 695 699 702 706 712 713 716 719 724 729 731 731 734 739 739 741 744 746 749 749 752 753 756 759 761 761 764 766 769 769 771 772 774 777 779 780 -32768 -32768 -32768 -32768 -32768 -32768 -32768 -32768 -32768 -32768 -32768 -32768 -32768 -32768 -32768 -32768 -32768 -32768 -32768 -32768 -32768 -32768 -32768 -32768 -32768 -32768 -32768 -32768
608 611 614 618 622 627 632 635 638 643 647 653 656 658 662 665 670 675 679 682 687 690 693 698 701 705 711 714 715 719 722 726 730 733 735 737 738 740 743 745 747 750 752 755 758 760 762 766 765 768 769 771 773 773 774 776 778 780 782 -32768 -32768 -32768 -32768 -32768 -32768 -32768 -32768 -32768 -32768 -32768 -32768 -32768 -32768 -32768 -32768 -32768 -32768 -32768 -32768 -32768 -32768 -32768 -32768 -32768 -32768 -32768 -32768
608 612 617 619 624 629 633 638 643 646 652 652 657 660 664 669 673 677 681 686 688 693 696 700 703 707 712 716 721 724 726 729 734 734 737 741 743 744 747 748 750 751 754 758 759 763 767 767 770 771 772 773 776 776 777 778 780 783 783 -32768 -32768 -32768 -32768 -32768 -32768 -32768 -32768 -32768 -32768 -32768 -32768 -32768 -32768 -32768 -32768 -32768 -32768 -32768 -32768 -32768 -32768 -32768 -32768 -32768 -32768 -32768 -32768
609 614 618 623 628 630 635 640 644 649 654 656 662 663 667 670 675 679 683 687 692 695 698 701 705 712 716 719 726 728 730 736 738 738 740 741 744 748 751 753 752 754 758 762 763 766 768 769 771 772 772 775 776 777 779 780 782 784 787 787 -32768 -32768 -32768 -32768 -32768 -32768 -32768 -32768 -32768 -32768 -32768 -32768 -32768 -32768 -32768 -32768 -32768 -32768 -32768 -32768 -32768 -32768 -32768 -32768 -32768 -32768 -32768
612 615 620 624 629 636 641 644 648 653 655 659 662 667 670 674 677 681 686 690 693 698 700 704 710 714 719 723 729 732 734 739 741 742 742 745 749 753 755 753 755 758 762 764 768 770 770 770 773 773 776 777 778 780 782 783 786 786 788 791 -32768 -32768 -32768 -32768 -32768 -32768 -32768 -32768 -32768 -32768 -32768 -32768 -32768 -32768 -32768 -32768 -32768 -32768 -32768 -32768 -32768 -32768 -32768 -32768 -32768 -32768 -32768
613 618 622 627 634 639 643 646 649 652 658 659 663 668 672 676 680 685 689 692 697 700 705 706 711 715 722 727 732 735 740 740 743 743 746 748 750 755 758 761 761 761 766 769 772 771 773 774 774 777 779 780 781 783 784 786 788 789 791 794 794 -32768 -32768 -32768 -32768 -32768 -32768 -32768 -32768 -32768 -32768 -32768 -32768 -32768 -32768 -32768 -32768 -32768 -32768 -32768 -32768 -32768 -32768 -32768 -32768 -32768 -32768
615 620 625 634 638 641 644 651 654 655 659 661 665 669 673 678 683 688 692 695 698 703 708 710 714 720 724 729 734 738 741 744 746 747 748 751 754 759 761 764 765 765 768 773 776 775 777 778 780 781 781 782 786 786 787 790 792 790 793 795 796 -32768 -32768 -32768 -32768 -32768 -32768 -32768 -32768 -32768 -32768 -32768 -32768 -32768 -32768 -32768 -32768 -32768 -32768 -32768 -32768 -32768 -32768 -32768 -32768 -32768 -32768
618 625 630 635 639 641 645 649 653 658 661 665 669 672 677 682 686 691 694 701 702 706 711 716 716 721 727 732 735 742 742 745 747 752 751 754 758 762 763 763 765 767 774 777 775 777 780 783 784 784 785 787 788 788 791 791 792 794 794 797 797 800 -32768 -32768 -32768 -32768 -32768 -32768 -32768 -32768 -32768 -32768 -32768 -32768 -32768 -32768 -32768 -32768 -32768 -32768 -32768 -32768 -32768 -32768 -32768 -32768 -32768
621 631 630 635 642 643 646 650 655 660 664 667 670 674 679 685 689 692 697 702 705 707 712 717 720 723 728 733 738 741 746 749 752 754 755 756 763 764 765 766 768 770 775 778 781 785 790 791 789 790 792 790 790 793 793 795 795 796 797 798 801 801 804 -32768 -32768 -32768 -32768 -32768 -32768 -32768 -32768 -32768 -32768 -32768 -32768 -32768 -32768 -32768 -32768 -32768 -32768 -32768 -32768 -32768 -32768 -32768 -32768
625 627 631 636 641 645 649 655 657 662 666 670 674 678 683 688 693 696 701 705 708 713 716 718 726 728 731 734 739 743 748 753 755 756 757 760 765 768 768 769 774 776 779 780 785 785 790 790 791 791 793 794 793 797 797 800 800 800 799 801 802 804 805 808 -32768 -32768 -32768 -32768 -32768 -32768 -32768 -32768 -32768 -32768 -32768 -32768 -32768 -32768 -32768 -32768 -32768 -32768 -32768 -32768 -32768 -32768 -32768
628 629 637 642 643 648 652 657 661 665 668 672 679 681 685 690 696 701 703 708 709 713 717 723 728 731 735 740 742 747 750 756 758 762 763 766 768 771 772 775 775 776 781 781 783 786 789 794 795 797 795 798 798 803 803 804 802 802 803 805 811 810 808 809 811 -32768 -32768 -32768 -32768 -32768 -32768 -32768 -32768 -32768 -32768 -32768 -32768 -32768 -32768 -32768 -32768 -32768 -32768 -32768 -32768 -32768 -32768
630 636 641 649 649 653 658 660 665 669 674 677 684 686 689 694 699 702 707 710 713 717 720 725 730 735 740 745 747 751 756 760 762 764 765 765 768 771 775 779 779 778 781 783 785 788 788 796 796 799 804 802 802 807 803 805 805 804 806 809 811 810 812 812 812 815 -32768 -32768 -32768 -32768 -32768 -32768 -32768 -32768 -32768 -32768 -32768 -32768 -32768 -32768 -32768 -32768 -32768 -32768 -32768 -32768 -32768
634 639 647 651 653 659 663 664 671 672 676 679 686 687 692 697 701 705 709 712 718 719 724 728 731 736 742 749 754 755 760 763 762 766 766 769 770 772 774 778 782 781 783 785 787 789 792 797 795 798 803 806 806 804 806 804 807 811 810 813 813 813 813 813 814 816 818 -32768 -32768 -32768 -32768 -32768 -32768 -32768 -32768 -32768 -32768 -32768 -32768 -32768 -32768 -32768 -32768 -32768 -32768 -32768 -32768
641 644 650 656 656 657 665 670 673 677 682 687 688 691 695 702 705 710 713 716 720 726 728 731 735 739 744 752 753 756 758 761 762 767 768 771 772 774 779 780 782 784 785 787 789 791 793 794 796 798 801 805 807 808 808 808 810 814 814 818 814 814 816 816 818 818 819 822 -32768 -32768 -32768 -32768 -32768 -32768 -32768 -32768 -32768 -32768 -32768 -32768 -32768 -32768 -32768 -32768 -32768 -32768 -32768
641 646 653 658 660 661 665 669 674 678 684 687 690 694 698 705 708 713 716 721 724 727 732 735 740 743 748 754 756 759 759 762 767 768 770 773 774 776 779 782 783 785 788 788 791 794 795 797 799 801 804 805 809 809 810 812 815 817 816 817 817 817 820 820 820 821 823 823 -32768 -32768 -32768 -32768 -32768 -32768 -32768 -32768 -32768 -32768 -32768 -32768 -32768 -32768 -32768 -32768 -32768 -32768 -32768
643 651 657 658 663 664 667 671 675 679 687 690 693 698 703 708 712 714 718 723 727 730 734 741 744 747 754 757 757 759 764 765 769 769 772 775 777 780 781 784 786 789 789 792 795 795 798 799 801 804 805 809 811 813 811 814 816 818 818 820 821 821 824 824 822 824 825 825 827 -32768 -32768 -32768 -32768 -32768 -32768 -32768 -32768 -32768 -32768 -32768 -32768 -32768 -32768 -32768 -32768 -32768 -32768
649 656 659 660 664 667 672 675 679 683 687 692 695 701 708 711 714 718 722 725 730 735 738 741 749 752 754 759 760 763 766 769 771 772 775 777 780 782 785 786 789 791 793 795 796 799 801 802 804 805 807 811 812 813 815 815 817 817 819 820 821 823 823 825 825 826 826 828 829 830 831 -32768 -32768 -32768 -32768 -32768 -32768 -32768 -32768 -32768 -32768 -32768 -32768 -32768 -32768 -32768 -32768
