wc0.5/Cropped/bio10_28.asc
NCOLS 282 
NROWS 470 
XLLCORNER 79.525 
YLLCORNER 5.91666666666667 
CELLSIZE 0.00833333333333331 
NODATA_value -32768 
[rows 418 to 455 of 470, columns 87 to 173 of 282]
266 270 266 264 267 262 271 271 273 275 275 273 269 269 271 271 268 269 269 272 273 261 255 257 252 248 252 256 261 261 259 251 248 251 252 256 256 255 251 252 253 248 249 236 241 244 243 252 250 245 243 250 254 262 266 269 265 264 271 271 270 269 270 270 267 270 270 272 272 273 273 273 274 275 275 275 276 275 276 275 275 275 275 275 275 275 274
271 269 272 265 260 261 268 270 273 273 275 275 273 269 269 269 270 265 256 266 271 271 266 263 255 250 248 245 256 256 257 258 256 256 256 251 252 254 252 248 239 237 244 248 252 254 253 254 254 255 256 254 249 251 248 259 268 265 271 270 270 271 269 270 271 271 268 271 272 272 273 273 274 274 274 274 275 275 276 276 276 275 275 275 275 274 274
275 272 271 264 264 260 255 272 274 272 269 274 272 269 268 268 269 265 257 250 267 272 271 268 265 252 243 242 244 254 255 253 256 256 247 247 251 259 254 249 249 251 256 259 258 257 256 254 255 256 256 255 255 254 255 256 264 267 267 270 269 270 271 271 270 272 271 271 272 273 273 273 274 274 275 275 275 275 275 276 275 275 275 275 275 273 274
274 267 268 269 265 265 264 275 274 271 267 273 275 267 265 265 267 265 262 260 263 269 270 272 269 260 238 239 240 249 252 256 256 247 245 265 266 266 258 255 249 260 259 259 258 258 254 257 257 256 252 253 251 246 252 257 262 267 269 270 271 270 269 271 271 272 271 272 272 273 273 274 274 274 275 275 275 275 275 275 275 276 275 275 274 274 274
272 267 266 267 268 267 268 275 275 271 265 264 272 275 265 260 265 267 268 267 265 264 262 262 251 258 256 244 241 249 251 256 256 253 255 269 269 266 258 257 260 257 257 261 257 257 257 256 256 256 257 255 253 253 256 263 266 268 267 262 265 269 268 267 271 271 271 272 273 273 273 274 274 274 275 274 275 275 275 276 276 275 275 274 274 274 275
273 271 267 272 266 266 267 274 275 273 274 267 266 273 271 265 266 269 268 268 269 265 259 259 261 262 255 251 254 253 251 255 255 245 257 269 267 260 260 259 258 258 262 259 254 256 257 256 250 246 246 249 257 252 256 265 264 267 262 259 260 268 269 271 268 271 271 272 273 273 274 274 274 274 274 274 274 274 275 276 276 275 275 275 275 274 275
274 275 269 269 270 267 267 274 275 274 271 267 265 268 272 269 267 269 269 270 270 268 267 254 261 270 271 261 249 254 255 255 246 251 264 269 270 268 264 260 261 261 261 258 256 256 257 256 259 263 262 257 264 265 266 265 264 264 265 264 267 267 269 270 270 271 271 272 273 273 272 273 273 274 273 274 274 274 275 276 276 276 276 275 276 275 275
275 275 272 269 269 265 261 273 275 272 264 268 265 261 262 273 273 274 270 269 272 267 269 266 265 265 270 269 264 254 249 244 246 255 258 270 270 270 270 264 262 263 263 257 255 256 256 252 258 258 256 270 269 270 266 263 264 267 269 267 267 268 270 270 270 271 270 272 272 272 272 273 273 273 273 274 275 275 276 276 277 277 276 276 276 276 276
274 275 274 274 272 267 269 275 275 266 269 264 259 256 260 263 273 272 273 268 272 273 269 268 269 269 263 270 270 267 264 243 259 266 269 270 270 269 267 264 262 263 262 258 259 257 256 243 250 251 262 266 270 270 269 269 268 269 269 268 269 270 270 270 271 270 270 271 272 272 273 273 273 274 273 274 274 274 275 275 275 276 276 276 276 275 275
274 273 274 274 274 269 261 264 274 269 253 265 263 260 264 263 272 273 273 273 269 270 270 267 268 269 271 268 270 271 271 268 269 269 270 268 269 269 266 261 265 264 262 258 258 259 259 251 255 265 269 270 270 271 270 268 269 269 269 268 268 268 269 269 270 270 271 271 271 273 273 273 273 274 274 273 274 275 274 275 275 276 276 275 276 276 275
275 274 273 273 274 274 265 262 274 273 262 258 267 264 265 264 265 272 273 273 269 269 263 265 263 270 267 269 272 272 272 271 269 263 261 262 265 262 262 260 267 263 264 262 262 261 255 255 260 270 270 270 270 270 270 269 270 270 268 268 268 269 269 268 269 270 270 271 272 272 273 273 273 274 274 274 274 274 274 274 275 275 276 276 276 275 276
274 275 274 274 273 275 274 262 274 274 270 267 264 264 264 263 267 267 265 271 273 269 265 264 263 270 269 270 271 270 270 269 265 259 254 259 262 258 258 261 267 265 264 261 260 249 234 249 268 269 270 269 270 270 270 270 271 269 268 269 268 269 269 267 269 270 271 271 271 272 272 272 273 274 275 274 274 274 274 274 274 275 276 276 276 276 276
275 273 274 274 274 274 276 267 273 274 269 269 258 268 268 262 264 263 265 271 273 269 269 265 266 266 270 264 270 271 271 265 264 260 259 259 254 256 260 267 264 263 263 264 257 244 241 256 267 268 270 270 270 271 271 269 270 270 270 270 270 269 270 270 269 270 270 271 271 271 272 271 271 273 274 275 275 274 274 275 275 276 276 276 277 277 277
274 274 274 274 274 276 274 271 275 272 269 269 264 267 268 268 266 263 262 265 273 273 273 270 266 267 267 267 270 271 268 268 263 264 262 256 261 266 267 267 267 260 264 261 249 240 256 269 270 268 268 269 269 271 270 270 269 271 267 269 269 268 270 270 270 270 270 271 271 270 271 272 272 273 274 274 275 275 274 276 276 276 276 276 276 276 276
274 275 275 274 275 274 274 275 274 274 275 267 266 270 267 269 265 265 266 267 272 272 273 269 264 266 267 273 273 273 270 263 263 264 262 267 267 268 265 269 263 262 263 259 252 252 264 271 267 267 270 268 269 270 270 268 270 271 270 269 270 269 270 271 271 270 271 271 271 272 273 273 273 274 274 275 275 275 276 274 276 276 276 277 276 276 277
275 274 273 274 274 273 274 275 272 274 273 268 268 264 265 268 268 262 260 262 264 268 271 272 270 268 269 274 272 273 273 270 264 265 268 267 267 269 269 267 258 260 260 254 251 263 271 270 270 267 269 266 266 270 272 272 271 271 272 270 270 270 270 269 271 270 272 267 272 273 273 273 274 274 274 275 275 276 275 275 275 275 276 276 276 275 276
275 273 273 274 273 274 274 274 274 275 275 273 270 267 266 263 268 267 263 263 263 263 272 272 273 271 271 275 273 269 273 270 266 268 269 270 273 272 268 258 257 259 253 241 250 266 270 271 270 271 269 266 266 270 271 272 272 272 272 270 269 270 270 270 271 272 272 267 272 273 273 274 274 274 275 275 275 275 275 276 275 275 276 276 276 275 276
274 274 271 274 274 274 274 275 273 273 274 275 268 267 266 263 259 267 263 265 261 263 266 271 273 272 274 274 275 270 270 274 269 264 267 267 265 260 257 259 261 260 250 246 257 272 270 269 269 269 271 268 271 271 270 271 272 273 272 272 271 272 271 271 272 273 273 273 273 273 273 274 274 274 275 275 275 275 275 276 275 275 276 276 276 276 277
274 273 274 274 274 274 272 274 274 274 271 270 274 268 266 266 265 265 271 262 262 263 266 272 273 273 274 272 271 274 275 269 270 269 266 259 260 265 261 260 260 259 254 257 266 271 270 269 269 269 271 271 272 271 271 270 271 271 273 273 272 272 272 273 273 273 273 274 272 274 273 273 274 274 275 275 275 275 275 276 275 275 276 277 277 277 277
275 274 274 274 273 271 273 272 271 270 268 266 266 274 270 268 267 263 267 266 264 266 271 272 274 274 274 273 267 266 270 267 263 259 257 259 263 262 266 260 259 256 260 263 272 271 268 269 268 270 270 271 272 272 271 271 271 271 272 273 273 273 274 274 274 274 274 274 275 275 274 274 274 275 275 275 276 275 275 276 276 275 275 277 277 277 277
275 274 272 271 272 274 272 270 271 270 268 267 268 267 274 267 269 267 266 271 268 265 265 268 272 274 275 274 269 263 262 264 263 262 259 259 261 257 257 267 262 260 264 264 269 271 269 269 266 267 271 272 271 273 273 273 273 273 274 274 274 274 274 273 274 274 274 275 275 275 275 274 275 275 275 276 276 276 276 277 277 276 276 276 276 276 276
271 275 270 272 274 271 273 271 270 272 269 269 268 267 267 272 266 270 269 271 273 271 269 272 275 275 275 275 272 270 268 262 255 255 256 256 255 256 258 262 269 264 269 273 273 270 269 269 268 266 271 271 272 273 273 273 273 273 273 273 274 274 275 273 275 274 274 274 275 275 275 275 274 275 275 275 276 276 277 277 277 277 276 276 277 276 277
274 273 275 274 273 271 271 271 271 272 271 269 271 270 268 270 273 270 267 267 274 274 267 271 274 274 275 275 275 273 270 269 269 268 265 266 261 268 267 269 274 273 273 273 272 271 270 271 268 267 271 271 273 273 273 274 272 273 273 273 274 275 274 274 274 274 275 275 275 274 275 275 275 274 274 274 275 275 275 276 276 277 276 276 276 276 277
274 273 272 273 273 271 271 270 273 271 272 269 270 270 267 270 271 272 272 267 271 270 269 268 266 268 272 274 274 274 273 271 272 271 272 272 273 270 271 273 274 274 274 273 272 272 270 269 268 268 270 271 273 272 271 271 273 274 273 274 274 275 274 275 274 275 275 275 275 275 276 276 275 274 274 274 274 275 275 276 276 276 276 276 276 276 276
273 273 273 272 273 271 270 265 267 273 272 270 271 267 268 266 269 268 269 274 274 269 269 268 260 271 275 274 274 274 273 273 271 269 272 274 274 274 274 273 272 272 275 274 272 271 271 270 269 270 270 270 274 273 271 272 272 272 272 272 273 273 274 274 273 274 274 275 275 276 275 276 276 276 276 275 275 274 274 276 276 276 276 276 275 277 277
274 272 272 273 273 273 272 272 270 269 270 272 270 265 267 271 264 268 268 274 274 272 272 273 272 273 274 274 275 274 273 275 274 272 273 274 274 274 273 274 273 273 273 273 273 273 272 272 270 269 270 271 273 274 274 274 273 272 272 272 273 273 273 274 274 274 273 274 275 275 276 276 276 275 275 276 276 274 275 275 276 277 277 276 276 276 277
274 274 274 272 274 272 272 271 273 272 271 272 271 272 267 272 266 256 263 269 274 273 271 275 271 275 274 275 275 275 274 274 274 273 272 274 274 274 275 273 272 274 271 272 273 268 270 271 270 271 270 274 274 275 273 273 274 273 272 273 274 274 273 274 274 275 274 275 276 275 276 277 275 275 276 277 275 275 277 276 276 277 277 277 276 277 277
273 274 274 273 273 272 271 273 273 274 273 274 273 272 271 270 272 267 264 269 274 274 273 273 275 275 275 275 275 274 273 272 272 274 274 273 273 274 275 273 275 273 267 267 271 270 269 269 270 272 273 274 275 275 274 273 274 271 270 271 272 273 274 274 274 275 274 274 275 276 276 276 275 276 276 276 276 275 276 276 277 277 278 278 277 277 277
273 273 272 273 273 273 272 272 274 273 273 273 274 269 267 269 272 269 270 273 275 272 270 272 274 275 275 275 275 274 272 271 272 273 273 274 274 274 273 275 273 271 263 266 268 270 269 272 273 272 271 272 274 275 275 274 273 274 273 273 273 274 274 275 274 275 274 274 275 275 276 276 276 276 276 276 276 276 276 276 277 277 277 278 278 277 277
273 273 272 271 272 272 272 273 274 273 274 274 274 268 268 273 272 274 274 272 270 269 268 269 274 273 274 275 275 275 274 274 272 272 273 273 273 274 272 273 272 267 270 266 270 269 272 272 271 270 269 269 272 271 274 274 274 274 274 273 273 273 274 274 274 275 275 275 274 275 275 276 276 276 276 276 275 275 276 276 277 277 277 277 277 277 277
272 272 273 272 271 271 272 272 270 270 270 271 274 274 274 274 273 273 272 272 272 268 267 265 269 271 274 275 275 275 274 272 274 273 274 273 274 274 274 274 272 271 271 269 268 269 271 274 274 267 266 267 267 269 272 275 274 274 274 274 274 273 273 274 275 274 275 275 275 275 275 275 275 275 276 276 276 275 275 275 277 277 277 277 277 277 278
274 272 272 272 271 273 272 269 269 273 272 273 273 274 274 273 272 272 272 271 270 270 266 265 265 271 274 275 274 273 273 274 274 273 273 274 275 274 275 274 271 272 270 269 269 270 272 274 274 273 272 269 270 271 273 274 274 274 273 274 274 274 275 274 275 274 274 276 276 275 275 275 275 275 276 276 276 277 276 276 277 277 277 277 277 277 277
274 273 271 271 272 272 272 271 271 269 270 271 272 273 274 272 270 270 264 267 271 267 267 263 265 274 275 274 275 275 274 275 272 272 273 274 274 275 275 273 273 272 273 271 271 274 274 274 274 274 274 274 274 274 274 274 274 274 274 275 275 275 275 275 276 276 275 275 276 276 276 275 275 276 277 277 277 276 277 276 277 276 277 278 -32768 -32768 -32768
274 274 273 272 273 273 273 272 270 269 268 269 269 272 274 273 270 273 268 267 268 269 266 263 264 273 274 273 275 275 275 275 275 275 274 274 274 275 274 275 274 272 273 271 269 271 270 269 271 274 275 274 274 274 275 274 275 275 275 276 276 276 276 275 275 276 275 275 276 277 276 275 277 276 277 277 277 276 276 276 277 -32768 -32768 -32768 -32768 -32768 -32768
274 274 273 273 273 270 272 270 267 268 268 268 268 273 273 273 274 273 271 272 273 272 271 269 269 271 275 275 275 274 275 275 275 274 274 274 275 274 274 274 272 271 271 275 271 271 269 271 272 272 272 272 273 273 275 275 274 275 276 275 275 276 276 276 276 277 276 276 276 277 276 277 276 276 277 277 277 276 277 -32768 -32768 -32768 -32768 -32768 -32768 -32768 -32768
273 273 273 273 272 274 270 269 267 268 271 270 269 271 273 274 272 274 271 273 273 270 271 267 268 273 273 273 273 274 275 275 275 274 274 274 274 275 274 274 272 271 270 274 274 274 273 268 268 271 272 271 272 270 270 272 273 274 274 274 275 275 276 276 276 276 276 276 277 276 276 276 277 276 277 -32768 -32768 -32768 -32768 -32768 -32768 -32768 -32768 -32768 -32768 -32768 -32768
273 273 273 271 273 273 274 274 272 273 271 270 273 272 274 274 274 275 274 275 273 271 270 272 271 269 274 274 274 274 274 274 275 274 274 274 274 274 273 273 273 272 274 275 275 274 270 266 268 268 271 271 271 272 272 271 272 274 274 275 275 276 276 276 276 276 276 276 276 276 276 276 276 276 -32768 -32768 -32768 -32768 -32768 -32768 -32768 -32768 -32768 -32768 -32768 -32768 -32768
274 273 273 273 273 273 274 274 272 273 272 272 271 274 272 274 274 273 274 273 269 269 266 270 272 270 273 274 274 274 274 275 275 275 274 274 274 273 272 272 273 273 273 274 273 270 270 269 268 269 270 272 272 271 273 272 272 273 274 275 275 274 275 275 275 276 276 276 -32768 -32768 -32768 -32768 -32768 -32768 -32768 -32768 -32768 -32768 -32768 -32768 -32768 -32768 -32768 -32768 -32768 -32768 -32768
