wc0.5/Cropped/bio12_28.asc
NCOLS 282 
NROWS 470 
XLLCORNER 79.525 
YLLCORNER 5.91666666666667 
CELLSIZE 0.00833333333333331 
NODATA_value -32768 
[rows 252 to 287 of 470, columns 162 to 242 of 282]
1928 2009 1967 1950 1937 1937 1937 1937 1939 1937 1932 1936 1932 1926 1925 1929 1938 1934 1925 1922 1920 1917 1921 1927 1928 1929 1933 1947 1959 1945 1959 1961 1961 1951 1960 1947 1941 1942 1945 1951 1958 1953 1947 1938 1940 1936 1942 1946 1954 1949 1955 1968 2017 1981 2005 1972 1961 1953 1958 1925 1925 1911 1900 1904 1888 1898 1889 1875 1872 1870 1868 1862 1860 1859 1856 1852 1847 1843 1840 1836 1836
1923 1947 1933 1935 1935 1935 1938 1936 1934 1930 1930 1937 1937 1929 1927 1929 1935 1937 1934 1929 1924 1929 1925 1930 1939 1946 1937 1957 1986 1957 1957 1967 1960 1958 1956 1957 1953 1950 1952 1960 1959 1952 1944 1943 1945 1960 1956 1949 1953 1957 1961 1974 2048 1975 1960 1962 1961 1957 1986 1930 1926 1931 1916 1897 1902 1892 1885 1882 1879 1875 1873 1871 1866 1862 1861 1857 1851 1848 1845 1840 1831
1939 1941 1939 1931 1932 1931 1934 1931 1933 1932 1934 1931 1929 1930 1929 1939 1943 1944 1939 1932 1932 1936 1931 1935 1942 1949 1946 1951 1985 1973 1965 1971 1968 1966 1962 1958 1953 1950 1958 1965 1959 1953 1950 1949 1949 1954 1971 1963 1959 1959 1964 1971 1968 1973 1968 1965 1961 1948 1945 1946 1926 1923 1988 1903 1897 1895 1892 1887 1884 1881 1876 1875 1871 1869 1865 1860 1855 1850 1842 1838 1835
1939 1957 1936 1929 1935 1934 1933 1937 1942 1939 1936 1934 1939 1939 1933 1938 1948 1943 1941 1938 1939 1941 1937 1939 1945 1958 1954 1958 2008 1983 1977 1975 1969 1963 1962 1966 1960 1963 1972 1970 1978 1965 1955 1954 1961 1963 1977 1981 1978 1972 1966 1966 1976 1981 1973 1954 1954 1963 1962 1964 1941 1927 1925 1920 1906 1899 1902 1896 1887 1884 1882 1881 1876 1871 1867 1867 1859 1853 1847 1843 1840
1980 2008 1934 1933 1933 1938 1942 1944 1940 1939 1935 1937 1942 1940 1937 1938 1950 1954 1948 1945 1951 1949 1944 1945 1948 1955 1961 1972 1994 1988 1982 1978 1979 1977 1968 1966 1960 1986 2039 2021 1994 1974 1970 1962 1968 1967 1973 1977 1994 1999 1980 1974 1987 1989 1979 1964 1953 1967 1959 1951 1953 1938 1921 1915 1912 1908 1910 1896 1892 1889 1886 1884 1880 1878 1874 1873 1864 1859 1864 1855 1842
1970 1952 1933 1933 1932 1934 1937 1941 1937 1937 1938 1943 1947 1938 1938 1941 1945 1953 1950 1958 1957 1953 1947 1952 1962 1959 1980 1979 1987 1986 1988 1980 1983 1987 1975 1970 1969 1977 2031 2083 1977 1976 1973 1967 1972 1988 1985 1988 1991 1999 1991 1982 1980 1984 1979 1970 1971 1954 1961 1962 1941 1951 1925 1928 1917 1921 1911 1902 1898 1893 1890 1889 1886 1888 1878 1872 1869 1864 1874 1863 1848
1945 1934 1934 1929 1933 1935 1937 1939 1940 1942 1948 1947 1946 1942 1939 1943 1948 1959 1961 1962 1960 1956 1952 1958 1964 1979 1986 2035 2025 1997 1989 1983 1981 1979 1976 1974 1975 1986 2071 2107 2061 1977 1975 1970 1982 1982 1985 1988 1990 1999 2002 1989 1984 1973 1968 1963 1967 1964 1958 1977 1945 1936 1941 1927 1924 1915 1912 1906 1902 1898 1897 1892 1889 1891 1888 1880 1879 1880 1869 1863 1850
2079 1935 1935 1936 1937 1932 1938 1941 1942 1947 1945 1942 1942 1942 1942 1945 1945 1952 1958 1970 1970 1957 1957 1960 1970 1972 1980 2005 2008 1994 1990 1987 1985 1990 1980 1980 1984 1997 2030 2073 1987 1979 1979 1977 1987 1986 1998 1991 1997 2013 2006 1999 1996 1986 1980 1967 1962 1978 1967 1967 1960 1941 1936 1933 1926 1922 1917 1910 1910 1902 1900 1897 1894 1899 1902 1895 1883 1890 1883 1862 1854
2002 1948 1941 1936 1936 1940 1942 1945 1940 1943 1944 1945 1952 1946 1950 1945 1948 1952 1954 1959 1973 1972 1964 1964 1986 1976 1985 1988 1994 2001 2000 1996 1994 1999 1990 1986 1998 2004 2004 2002 2053 1983 1989 1991 1991 1989 1997 1998 2002 2000 2007 2009 1997 1986 1980 1979 1970 1963 1958 1955 1953 1945 1941 1942 1932 1925 1936 1926 1915 1909 1906 1899 1903 1904 1904 1899 1884 1882 1876 1864 1860
2015 1955 1952 1939 1942 1943 1934 1936 1943 1939 1951 1946 1948 1952 1949 1953 1954 1963 1962 1965 1967 1974 1968 1969 1981 1988 1992 1997 2002 2007 2003 2000 2006 1999 1989 1990 2000 2009 2005 2006 2008 1990 1999 1995 1996 1999 2006 2005 2003 2011 2023 2018 2004 1996 1982 1981 1970 1972 1972 1971 1956 1961 1953 1941 1941 1946 1941 1924 1916 1913 1910 1906 1905 1899 1899 1903 1893 1880 1878 1876 1871
2039 1981 1942 1946 1948 1941 1940 1935 1935 1936 1941 1952 1952 1952 1949 1956 1957 1967 1964 1973 1972 1971 1973 1977 1982 1988 1993 2001 2010 2007 2001 2001 1997 1993 1993 1997 2006 2015 2011 2002 2005 1994 2002 2000 2002 2011 2011 2019 2019 2021 2025 2021 2009 1996 2000 1984 1979 1979 1979 1986 1977 1971 1958 1952 1948 1941 1943 1930 1922 1918 1915 1912 1907 1902 1912 1911 1896 1883 1885 1894 1876
2007 1966 1943 1943 1943 1941 1941 1939 1942 1939 1938 1944 1947 1951 1952 1956 1959 1972 1969 1975 1980 1979 1983 1981 1982 1990 1994 1998 2011 2011 2013 2014 2009 2002 2005 2011 2015 2016 2015 2016 2018 2016 2008 2009 2016 2021 2083 2089 2041 2037 2029 2020 2018 2010 1996 1993 1989 1999 1994 1992 1976 1968 1967 1959 1944 1940 1944 1932 1931 1924 1919 1914 1913 1906 1918 1913 1898 1893 1888 1898 1883
1989 1953 1952 1940 1938 1941 1946 1945 1941 1946 1942 1944 1947 1950 1958 1963 1964 1973 1982 1987 1989 1979 1981 1987 1990 1997 2006 2012 2020 2025 2018 2016 2012 2012 2007 2019 2024 2008 2012 2015 2018 2021 2017 2013 2026 2030 2038 2047 2047 2034 2032 2024 2022 2017 2016 2017 2008 1994 2001 1985 1978 1969 1959 1954 1954 1947 1943 1938 1933 1928 1926 1920 1916 1910 1909 1914 1910 1899 1894 1890 1883
1987 1969 1943 1943 1938 1935 1943 1941 1941 1944 1943 1944 1951 1953 1960 1971 1966 1972 1977 1975 1984 1990 1998 2002 1992 2007 2011 2049 2055 2026 2023 2019 2019 2017 2014 2027 2020 2015 2009 2013 2021 2020 2022 2021 2034 2028 2039 2040 2040 2033 2029 2022 2027 2012 2012 2004 2012 1996 1991 1985 1974 1970 1963 1960 1957 1951 1945 1941 1935 1930 1938 1933 1917 1913 1908 1913 1916 1909 1898 1888 1886
1998 1955 1952 1950 1943 1934 1935 1937 1942 1939 1941 1943 1950 1953 1954 1964 1965 1969 1973 1975 1985 1982 1996 2003 2005 2010 2020 2120 2102 2070 2031 2025 2022 2022 2031 2030 2019 2016 2022 2025 2026 2030 2043 2042 2042 2055 2044 2034 2032 2046 2032 2025 2013 2019 2006 1996 2008 1990 1983 1986 1976 1972 1966 1965 1960 1955 1950 1945 1944 1941 1944 1942 1923 1918 1914 1911 1919 1909 1901 1888 1884
2102 1966 1945 1946 1949 1941 1939 1943 1939 1942 1944 1946 1947 1952 1957 1961 1962 1967 1970 1974 1981 1981 1991 1995 1997 2008 2030 2042 2089 2066 2033 2026 2020 2018 2030 2027 2029 2023 2027 2022 2028 2028 2034 2149 2049 2040 2045 2040 2029 2035 2032 2025 2016 2009 2009 2000 2001 1994 1993 1986 1980 1976 1972 1967 1964 1959 1959 1948 1957 1955 1959 1947 1937 1923 1920 1915 1915 1914 1902 1892 1887
1953 1941 1941 1942 1937 1938 1944 1945 1941 1947 1951 1949 1951 1954 1959 1960 1963 1971 1970 1974 1977 1980 1990 1992 2012 2018 2034 2040 2036 2031 2034 2036 2023 2022 2021 2022 2024 2026 2027 2023 2032 2035 2036 2047 2037 2033 2046 2045 2033 2028 2025 2012 2018 2011 2008 2007 1999 1995 1993 1990 1983 1981 1977 1977 1977 1967 1965 1955 1948 1959 1968 1958 1943 1930 1922 1921 1922 1920 1905 1893 1896
1984 1941 1948 1946 1945 1944 1952 1951 1944 1955 1953 1949 1954 1957 1962 1970 1966 1978 1974 1982 1978 1983 1988 1993 2002 2013 2030 2040 2039 2048 2052 2031 2036 2030 2032 2024 2028 2028 2030 2027 2035 2036 2037 2050 2044 2035 2035 2049 2043 2026 2024 2022 2015 2014 2010 2006 2005 2000 2000 1997 1989 1985 1990 1995 1982 1972 1978 1973 1956 1962 1967 1950 1939 1934 1929 1933 1927 1909 1909 1900 1897
2067 1951 1950 1948 1947 1946 1944 1945 1956 1950 1950 1951 1953 1958 1964 1971 1967 1971 1984 1989 1984 1989 1991 2002 1997 2014 2010 2031 2039 2068 2039 2039 2040 2038 2037 2038 2029 2033 2031 2036 2037 2049 2055 2055 2047 2043 2037 2045 2049 2039 2035 2029 2035 2031 2029 2012 2007 2010 2008 1998 1995 1992 2005 2008 1980 1983 1991 1967 1967 1976 1955 1952 1950 1943 1942 1926 1923 1914 1918 1907 1904
2215 1953 1956 1954 1955 1957 1957 1946 1950 1946 1950 1950 1952 1967 1977 1979 1967 1972 1981 1991 1990 1992 1993 2018 2012 2012 2015 2028 2038 2050 2040 2078 2037 2030 2024 2030 2031 2028 2031 2038 2056 2064 2069 2078 2047 2042 2040 2036 2048 2062 2055 2049 2036 2031 2021 2017 2021 2024 2008 2003 1999 2011 2020 1996 1994 1992 1992 1980 1973 1980 1968 1968 1965 1963 1949 1938 1924 1932 1921 1914 1912
2118 1954 1950 1953 1955 1956 1954 1954 1951 1952 1949 1953 1955 1968 1969 1972 1970 1976 1977 1984 1998 1995 1997 2013 2017 2024 2063 2037 2042 2044 2050 2040 2037 2032 2026 2028 2032 2033 2031 2033 2052 2052 2063 2064 2061 2057 2052 2038 2038 2050 2062 2060 2047 2054 2025 2026 2029 2014 2013 2009 2016 2017 2019 2007 2000 2001 2004 1993 1988 1974 1969 1976 1984 1975 1960 1940 1925 1928 1932 1930 1924
2117 2049 1963 1964 1950 1947 1955 1958 1947 1948 1948 1953 1957 1964 1964 1972 1973 1974 1979 1983 1993 2005 2008 2022 2032 2056 2161 2053 2052 2053 2047 2034 2043 2023 2037 2039 2032 2036 2035 2034 2040 2054 2066 2084 2067 2061 2068 2050 2043 2040 2075 2075 2058 2045 2032 2046 2029 2019 2015 2021 2027 2020 2025 2014 2020 2013 2010 2014 1992 1990 1983 1982 1983 1968 1948 1944 1933 1933 1935 1942 1931
2210 2032 1976 1990 1952 1945 1957 1977 1949 1953 1952 1954 1959 1961 1972 1975 1976 1974 1980 1983 1988 1997 2003 2016 2039 2053 2156 2045 2046 2061 2051 2046 2039 2032 2045 2036 2038 2032 2036 2038 2042 2049 2066 2080 2071 2056 2063 2057 2043 2040 2063 2062 2058 2038 2036 2048 2049 2030 2019 2016 2021 2030 2035 2022 2031 2029 2026 2017 2002 1992 1985 1980 1983 1975 1969 1958 1933 1928 1930 1933 1948
2039 1998 1949 1948 1948 1943 1948 1951 1954 1955 1953 1956 1963 1974 1981 1974 1981 1978 1978 1993 1995 2005 2020 2029 2044 2044 2041 2042 2064 2085 2081 2044 2039 2034 2044 2038 2031 2043 2042 2039 2041 2064 2062 2059 2064 2060 2062 2048 2058 2052 2042 2058 2057 2043 2051 2055 2051 2035 2029 2024 2042 2033 2037 2033 2027 2034 2036 2015 2007 1997 1997 1986 1985 1985 1972 1960 1937 1941 1933 1942 1951
2075 1963 1956 1951 1949 1946 1944 1948 1949 1951 1951 1954 1957 1964 1968 1969 1976 1975 1980 1982 1991 2007 2015 2023 2041 2033 2032 2047 2056 2053 2081 2041 2038 2035 2045 2042 2040 2041 2047 2041 2047 2059 2046 2053 2062 2061 2051 2052 2060 2053 2050 2046 2047 2062 2060 2062 2047 2039 2031 2028 2030 2030 2030 2023 2032 2037 2035 2029 2020 2009 2007 1999 1992 1972 1970 1947 1956 1954 1939 1942 1943
2244 2063 1951 1948 1955 1952 1959 1950 1953 1950 1953 1957 1960 1962 1965 1974 1992 1979 1980 1983 1998 2013 2013 2009 2032 2015 2028 2048 2043 2079 2051 2044 2044 2036 2049 2045 2046 2051 2043 2040 2046 2055 2054 2044 2064 2060 2057 2060 2050 2053 2045 2048 2062 2072 2067 2056 2057 2042 2034 2031 2025 2027 2031 2027 2027 2040 2051 2049 2087 2015 1995 1994 1987 1974 1954 1950 1963 1965 1948 1941 1949
2190 2059 1960 1956 1964 1964 1958 1951 1968 1950 1950 1956 1959 1965 1967 1972 1986 1986 1981 1982 1990 1992 2006 2008 2011 2011 2016 2033 2049 2093 2096 2047 2043 2042 2045 2056 2051 2043 2036 2035 2049 2056 2051 2040 2052 2050 2052 2048 2042 2047 2055 2051 2068 2078 2071 2067 2058 2046 2051 2040 2027 2025 2033 2042 2036 2074 2074 2030 2025 2013 2004 1980 1969 1967 1958 1973 2049 2004 1958 1957 1952
2167 2063 1962 1984 1988 1961 1949 1955 1955 1954 1953 1954 1958 1967 1968 1971 1979 1990 1981 1983 1987 1992 2005 2009 2016 2029 2040 2049 2064 2161 2048 2042 2041 2048 2047 2047 2046 2044 2042 2038 2049 2059 2059 2051 2044 2046 2042 2041 2054 2054 2055 2064 2062 2078 2074 2064 2059 2045 2047 2048 2032 2025 2033 2051 2045 2072 2039 2028 2023 2019 1998 1988 1982 1984 1963 2047 2059 1980 1967 1946 1948
2161 2107 2021 2138 2121 1959 1958 1957 1962 1952 1955 1955 1961 1974 1973 1974 1980 1994 1986 1982 1988 1993 2009 2020 2023 2041 2062 2061 2052 2230 2046 2047 2045 2044 2049 2038 2045 2045 2032 2045 2058 2053 2055 2045 2040 2038 2038 2047 2053 2052 2054 2066 2064 2071 2068 2061 2060 2043 2039 2047 2036 2027 2042 2065 2043 2068 2100 2129 2022 2004 2000 2004 2003 1971 1970 2070 2006 1979 1965 1946 1942
2258 2204 2094 2035 2094 1956 1949 1949 1948 1952 1954 1954 1958 1962 1975 1972 1975 1983 1990 1984 1990 2002 2008 2007 2026 2063 2167 2354 2288 2056 2053 2049 2052 2047 2045 2039 2035 2037 2040 2046 2062 2051 2044 2038 2033 2036 2045 2056 2049 2050 2063 2071 2070 2073 2067 2055 2050 2044 2039 2040 2040 2031 2025 2088 2138 2050 2040 2080 2020 2154 2110 2020 1995 1974 1994 1984 1992 1975 1962 1957 1943
2196 2085 2092 1997 2079 1952 1952 1953 1954 1953 1952 1951 1957 1963 1984 1974 1975 1988 1993 1984 1987 1995 2010 2006 2027 2145 2305 2269 2051 2061 2062 2054 2048 2046 2046 2034 2031 2039 2032 2037 2058 2064 2036 2040 2039 2035 2050 2053 2053 2060 2073 2071 2068 2058 2059 2054 2060 2054 2042 2038 2041 2039 2026 2123 2092 2043 2046 2120 2082 2160 2134 2007 1990 1981 1984 1990 1986 1990 1969 1952 1935
2024 1994 1989 1994 2040 1951 1956 1967 1959 1958 1952 1955 1955 1969 1988 1983 1983 1982 1984 1982 1987 1997 2001 2004 2010 2094 2059 2026 2034 2049 2059 2043 2039 2045 2033 2031 2038 2040 2035 2043 2042 2042 2043 2047 2037 2041 2051 2066 2061 2057 2065 2079 2064 2060 2065 2062 2057 2045 2037 2043 2038 2041 2027 2081 2077 2057 2128 2141 2061 2135 2076 2034 2005 1988 1997 2002 2034 2056 1974 1958 1944
2061 2125 2105 1982 1990 2028 2046 1967 1953 1955 1964 1954 1958 1964 1983 1981 1988 1994 1992 1985 1986 1999 2000 1995 2005 2008 2012 2018 2031 2045 2053 2045 2044 2034 2033 2035 2041 2044 2032 2041 2035 2042 2068 2049 2040 2033 2055 2074 2068 2062 2067 2075 2061 2066 2063 2057 2053 2037 2045 2041 2049 2046 2026 2027 2096 2129 2164 2152 2113 2105 2023 2013 1996 1990 1996 1994 2005 2001 1975 1962 1949
2238 2358 2283 1984 1987 2024 1966 1963 1955 1951 1951 1954 1956 1963 1972 1974 1985 1986 1999 1984 1990 2003 2002 1998 2000 2006 2022 2024 2031 2042 2051 2050 2039 2028 2038 2037 2031 2027 2025 2046 2047 2044 2048 2045 2034 2030 2045 2053 2066 2064 2075 2091 2058 2068 2063 2059 2046 2037 2050 2042 2048 2050 2036 2023 2031 2153 2170 2162 2120 2091 2016 2006 1994 1998 1994 2095 2015 1985 1978 2004 1957
2464 2513 2484 2297 2073 2045 2020 1973 1965 1960 1958 1954 1953 1962 1975 1970 1974 1985 1999 1986 1988 1998 1998 1996 2004 2007 2010 2017 2029 2042 2050 2036 2036 2034 2040 2042 2036 2020 2038 2157 2035 2037 2033 2032 2038 2026 2031 2048 2055 2063 2077 2070 2069 2087 2059 2047 2033 2042 2057 2040 2049 2054 2056 2026 2033 2160 2177 2115 2098 2024 2023 2003 1999 2003 2077 2135 2132 1980 1971 1956 1944
2577 2608 2518 2404 2204 2047 2025 1997 1976 1958 1956 1953 1955 1970 1971 1967 1974 2001 1984 1988 1992 1988 1992 1991 1998 1996 2012 2024 2030 2047 2038 2045 2039 2033 2034 2028 2020 2019 2139 2249 2111 2033 2034 2027 2023 2031 2030 2038 2051 2058 2052 2059 2086 2058 2062 2037 2033 2064 2057 2049 2052 2062 2057 2024 2037 2079 2151 2044 2035 2031 2020 2002 2009 2005 2008 1994 1992 1971 1972 1956 1945
