wc0.5/Cropped/bio10_28.asc
NCOLS 282 
NROWS 470 
XLLCORNER 79.525 
YLLCORNER 5.91666666666667 
CELLSIZE 0.00833333333333331 
NODATA_value -32768 
[rows 304 to 341 of 470, columns 87 to 173 of 282]
281 280 278 275 278 277 282 280 282 276 276 274 276 278 279 280 281 280 279 279 280 273 273 277 277 259 242 251 253 253 252 249 250 253 244 252 255 254 252 254 250 250 258 257 254 253 256 252 258 256 258 257 256 257 258 257 256 254 254 258 260 260 258 252 243 241 252 254 247 239 238 230 232 234 244 249 243 240 233 241 231 236 231 233 251 269 276
278 280 277 274 278 280 280 282 281 281 275 273 275 278 278 278 281 280 280 281 280 278 276 275 277 277 259 256 254 254 253 255 255 253 254 253 255 254 252 250 257 249 258 257 255 257 257 256 249 257 258 257 257 256 258 258 258 254 254 254 256 256 259 259 248 247 252 252 245 229 223 221 236 242 252 250 248 244 233 247 227 233 228 228 253 267 273
282 283 279 276 278 278 279 280 280 279 273 270 275 275 277 279 281 279 277 276 278 279 279 276 276 277 276 259 253 253 255 255 254 256 256 255 255 255 256 253 259 258 258 257 258 252 247 244 249 248 260 258 256 256 257 258 259 256 253 257 256 257 258 259 254 258 256 255 247 234 230 227 236 252 255 250 246 231 240 249 236 233 238 234 250 266 269
283 282 282 278 278 278 278 280 275 277 275 270 270 271 276 280 279 279 278 277 273 274 274 273 272 276 273 258 257 252 254 254 256 255 255 255 255 255 255 254 256 258 258 257 249 243 239 234 246 253 255 253 258 259 259 258 259 258 254 255 258 257 255 259 259 246 250 254 241 231 222 224 236 251 258 251 243 233 246 254 238 232 239 240 245 265 263
281 281 282 279 282 280 274 274 276 275 271 269 271 269 278 280 278 277 277 274 268 272 274 274 273 272 270 271 263 257 248 248 250 256 255 255 255 254 256 255 256 258 252 251 245 232 233 231 241 248 252 256 257 255 255 257 259 259 257 257 258 256 257 257 257 247 253 249 244 229 218 224 234 256 255 248 242 239 249 257 239 227 245 245 241 260 262
282 281 280 277 275 277 281 276 275 277 273 274 273 276 278 280 279 277 279 279 274 273 274 274 274 272 268 273 272 260 256 257 251 249 256 254 255 255 255 257 258 258 252 246 242 227 238 245 250 254 255 253 257 254 252 252 247 258 259 259 258 250 256 259 260 257 255 245 232 233 225 225 250 262 257 248 241 241 255 261 241 233 246 245 253 262 252
278 281 276 275 275 276 275 271 274 272 274 276 275 276 276 275 273 271 270 271 271 271 273 273 273 273 273 273 273 272 269 253 250 252 255 253 255 255 255 255 257 257 246 238 233 227 234 242 244 245 244 251 255 251 252 252 254 255 255 259 259 258 247 258 259 253 249 247 235 238 231 227 248 259 259 252 247 250 255 261 246 235 244 254 267 266 256
278 281 275 276 279 278 278 276 273 270 271 275 273 273 273 271 268 270 267 268 268 270 272 273 273 272 273 271 269 272 269 270 252 253 254 251 253 253 254 253 255 256 249 235 226 219 227 236 238 236 240 247 249 251 252 256 257 255 259 256 251 257 252 248 257 253 252 243 244 247 234 227 250 262 257 248 244 260 257 260 248 235 252 260 265 267 262
277 280 278 279 275 275 276 275 272 270 271 274 275 275 274 269 267 266 267 268 266 270 271 273 273 273 273 272 270 272 271 267 264 255 254 255 247 253 254 253 255 255 257 242 236 224 217 224 231 227 228 239 243 251 252 254 253 253 250 252 251 253 253 239 249 261 256 246 255 251 239 249 262 264 257 244 254 259 265 265 252 234 260 261 268 263 270
274 281 279 275 275 276 276 274 271 271 271 273 274 273 273 275 273 272 269 269 270 270 272 272 273 272 273 273 271 258 261 261 252 256 257 250 252 255 255 256 254 255 258 250 241 235 219 227 223 227 226 231 241 240 241 248 251 254 251 250 250 254 257 248 248 251 261 250 255 259 249 243 265 262 258 256 262 270 266 269 255 247 265 263 260 269 273
279 281 281 281 277 275 275 272 272 269 271 272 274 274 273 273 268 271 268 268 271 270 270 270 273 272 272 271 271 265 253 263 252 252 253 252 251 255 255 255 255 256 258 256 247 240 228 223 231 232 233 229 220 222 233 239 245 250 252 246 245 248 250 248 244 243 261 252 254 258 253 258 262 260 252 269 259 270 270 269 257 251 269 268 268 273 268
278 280 279 278 276 275 276 273 276 274 271 271 273 275 276 272 268 264 264 267 269 269 269 270 273 272 273 272 271 270 263 261 255 249 255 251 252 252 255 256 256 256 258 249 250 247 244 227 231 237 236 234 221 214 224 223 230 242 250 248 243 240 249 246 243 252 269 257 265 262 268 258 263 262 253 270 270 270 270 270 269 273 274 274 274 274 273
278 281 279 281 282 281 282 275 279 274 267 270 271 274 275 274 268 258 242 257 266 264 262 270 270 272 270 271 271 272 266 251 254 254 248 250 251 252 252 255 255 255 257 253 250 247 241 233 229 238 235 235 227 217 211 220 228 234 241 247 246 248 246 246 243 248 260 267 269 269 269 261 268 268 269 269 268 269 269 270 269 274 270 274 274 275 276
281 281 281 280 279 282 278 282 282 276 268 267 271 273 270 278 267 263 250 245 257 256 254 262 271 270 272 271 271 271 271 255 258 254 249 241 252 250 255 253 254 255 257 252 244 248 247 244 240 236 232 232 230 222 215 221 225 228 236 243 248 248 242 239 238 237 250 257 266 269 267 268 269 266 265 270 270 269 266 270 257 248 264 272 267 269 271
278 275 277 278 276 279 275 275 275 279 275 270 272 277 272 275 271 268 264 258 258 265 267 271 271 272 271 271 269 270 271 270 262 266 246 242 249 246 252 257 257 257 254 248 245 244 245 246 240 230 227 217 226 224 223 228 229 228 232 245 246 246 243 237 230 236 236 242 238 259 260 266 251 257 267 270 270 269 270 266 254 243 260 270 269 258 260
274 278 278 276 281 280 276 270 270 278 269 278 273 278 276 274 275 277 274 269 269 271 271 269 272 271 271 271 268 269 270 270 268 266 258 241 256 252 256 256 254 251 249 243 241 238 241 243 243 232 230 222 215 225 228 234 234 237 243 246 242 241 245 237 232 214 209 224 233 250 264 262 246 254 263 269 270 269 264 258 244 229 240 259 271 272 249
276 278 279 274 280 279 272 269 267 276 269 266 271 274 272 268 268 270 269 267 259 257 269 262 270 270 269 268 268 268 268 270 270 260 258 240 254 256 256 257 252 245 243 240 238 233 236 239 243 237 229 220 212 215 227 232 239 241 246 241 233 231 234 235 227 212 207 221 231 252 266 263 250 251 261 266 268 269 264 254 231 222 241 256 262 267 261
276 277 278 279 279 281 270 270 270 269 268 265 267 270 272 269 268 262 268 267 255 240 246 252 268 271 271 269 269 267 261 254 262 252 242 232 252 256 257 255 249 239 232 236 235 234 233 227 234 240 235 222 213 208 222 230 237 240 244 241 233 228 224 232 227 220 210 222 237 253 263 260 255 257 263 257 268 263 262 248 231 223 239 242 257 270 255
276 275 278 281 281 275 267 265 271 274 268 267 265 265 271 271 268 267 266 264 252 231 243 248 268 271 271 270 270 271 264 245 251 249 245 247 251 255 256 254 248 241 235 240 242 238 233 223 225 235 234 223 212 204 204 223 231 236 241 236 242 234 226 221 228 222 218 227 239 257 263 257 258 252 246 256 261 247 247 247 230 231 252 258 261 267 259
275 278 280 281 282 275 271 272 275 279 272 271 269 272 272 271 269 265 260 255 256 240 241 258 264 268 271 269 268 252 256 241 243 245 238 235 239 255 254 255 249 248 245 241 234 234 228 231 229 222 225 221 209 198 202 218 227 229 234 230 235 230 228 228 232 235 237 236 247 259 258 246 255 253 253 266 255 234 233 245 228 222 246 262 267 260 255
278 278 276 281 282 276 276 271 268 280 274 273 269 266 267 267 267 272 268 264 251 242 241 245 238 251 265 265 238 237 244 240 245 238 241 238 244 255 251 254 250 243 236 228 224 222 224 225 228 225 219 215 208 194 203 215 215 215 221 224 227 227 219 227 233 237 244 248 257 257 242 247 249 247 256 252 238 219 222 230 237 230 250 265 265 259 252
270 276 278 281 281 278 269 273 272 280 272 268 270 265 264 261 255 246 257 244 238 238 225 230 235 236 238 256 257 230 240 247 240 237 240 238 248 253 249 247 252 248 232 228 226 219 222 222 225 226 221 207 200 191 203 212 203 201 211 218 222 221 220 218 229 238 248 251 241 238 231 231 239 245 257 253 242 225 218 228 237 238 250 254 260 264 253
273 272 277 282 282 271 272 275 271 269 275 271 268 264 262 259 261 246 240 235 231 230 226 221 235 228 233 236 246 241 239 238 238 238 241 239 239 251 249 247 241 243 239 233 232 229 224 220 210 216 219 216 212 195 195 197 187 192 201 208 216 218 213 217 222 237 247 241 234 234 221 220 231 239 245 254 244 231 221 221 232 232 247 253 264 261 261
274 273 282 281 281 276 271 271 276 277 282 272 272 277 279 268 266 256 248 231 229 226 226 218 221 227 229 236 244 245 239 239 239 235 243 239 252 252 248 241 234 239 235 228 222 228 227 220 216 212 213 210 205 198 186 184 177 187 191 199 206 209 207 205 212 232 245 235 229 223 215 210 225 232 236 247 244 233 221 216 225 233 247 258 263 255 257
274 279 282 282 280 279 268 275 281 277 282 281 281 273 279 274 271 266 257 248 242 236 231 226 222 231 239 235 234 236 241 239 239 239 244 232 250 250 248 238 232 232 228 226 217 214 225 224 220 218 207 197 201 198 186 175 171 179 189 197 198 196 191 195 211 224 238 229 224 214 215 207 226 234 239 240 234 224 215 210 228 242 250 251 261 251 253
274 279 281 280 280 279 281 280 276 276 275 277 266 259 248 259 264 251 249 237 233 234 222 221 222 224 233 230 231 231 233 235 234 238 241 237 247 244 246 241 229 220 218 218 209 205 221 227 225 221 215 198 198 192 187 180 172 176 187 192 192 188 193 206 223 238 235 221 214 205 205 217 215 226 230 230 229 224 208 212 224 242 253 245 261 254 256
281 282 282 281 280 281 281 274 270 273 266 272 262 249 238 248 255 243 241 256 246 246 249 235 236 232 227 226 216 220 222 226 230 239 242 251 250 248 247 239 229 218 217 212 215 202 222 235 228 225 222 216 198 198 191 187 180 170 178 179 180 180 202 221 232 232 229 220 207 197 190 199 201 207 221 218 218 214 224 221 226 245 254 238 256 259 258
281 282 281 282 281 280 278 271 270 271 269 266 261 256 244 259 257 260 258 258 248 251 247 229 227 226 218 221 206 213 210 219 234 241 246 249 247 242 238 246 239 232 228 230 227 222 232 236 242 233 231 226 221 207 195 192 185 177 171 178 191 202 208 224 229 221 222 211 204 194 193 194 192 206 212 213 219 232 236 240 236 247 246 235 253 250 261
281 281 282 282 280 280 276 273 268 278 278 274 276 271 264 260 253 252 249 232 238 244 244 240 233 224 222 217 221 205 218 229 235 237 247 249 248 239 234 237 244 243 241 244 241 242 241 241 238 240 239 236 230 221 206 201 190 179 171 171 198 210 219 225 212 210 211 203 192 188 190 190 189 189 200 208 218 235 239 246 246 247 238 226 249 254 251
281 279 279 279 275 278 276 277 275 278 273 276 276 269 254 236 231 227 231 224 234 239 237 239 236 228 227 217 223 230 233 236 242 249 249 247 246 242 234 233 232 238 236 243 241 240 240 237 236 243 238 237 235 228 214 204 190 181 172 184 200 213 219 219 206 192 196 190 185 185 183 181 194 187 191 206 223 230 231 231 247 243 241 229 237 256 250
281 277 274 275 273 276 277 279 274 272 272 269 265 255 245 231 233 223 215 224 226 247 236 228 227 232 235 231 232 239 248 249 251 250 250 243 240 243 227 221 221 222 221 220 223 231 225 227 237 238 231 222 220 222 211 201 194 183 175 175 198 203 209 217 200 187 184 181 182 185 181 172 180 181 196 205 214 222 229 232 244 236 229 232 239 251 240
280 281 272 275 277 281 278 281 276 274 275 270 253 249 248 237 248 237 238 236 236 250 250 231 222 221 233 238 233 239 248 248 249 248 246 243 233 238 227 222 224 218 215 213 207 210 218 233 238 221 210 189 198 214 208 192 183 181 178 178 184 191 200 214 202 188 176 178 181 181 179 173 180 194 200 202 207 231 235 236 239 225 232 226 234 253 233
281 281 272 281 281 281 280 280 276 276 270 264 259 259 252 249 254 248 256 261 250 258 256 239 231 212 227 240 230 245 250 248 247 248 245 237 227 230 235 233 229 215 207 200 203 213 218 232 234 220 205 195 189 192 194 195 185 171 171 174 176 179 180 204 208 188 172 175 182 177 178 183 188 194 198 200 210 219 233 237 233 219 222 238 240 248 234
281 281 278 279 278 280 274 271 275 273 278 271 274 266 263 264 261 263 265 273 273 266 262 255 227 218 229 243 245 247 249 247 246 242 244 245 235 224 226 230 227 222 206 198 205 232 233 230 230 227 215 200 193 189 188 190 190 181 170 157 161 166 186 190 184 174 166 169 172 177 181 187 192 195 198 205 207 205 222 236 230 224 232 238 245 249 236
272 281 272 268 273 275 280 277 278 278 280 278 274 276 272 271 272 271 269 278 274 265 264 251 228 222 240 242 247 248 246 244 240 241 243 233 230 223 224 221 224 221 212 205 218 227 234 218 218 220 222 215 204 199 193 188 184 184 176 161 154 160 174 168 166 162 164 167 171 181 189 191 195 195 197 200 209 215 229 221 208 221 232 234 235 238 245
276 280 276 277 272 273 274 276 280 272 273 276 265 274 274 272 276 273 273 278 274 269 258 257 242 232 249 239 248 246 240 237 236 242 237 230 226 220 221 217 219 220 210 203 222 230 231 228 207 208 213 213 210 202 197 184 180 180 178 167 154 152 147 147 152 162 168 170 171 177 177 186 192 197 198 199 206 215 212 208 203 213 227 228 228 235 242
276 281 277 281 271 272 272 273 279 278 278 279 278 279 279 279 280 273 279 278 274 270 258 265 259 253 259 258 242 241 236 231 235 241 240 226 220 220 215 212 204 210 210 203 217 226 227 218 201 206 198 197 201 198 195 191 184 178 173 169 165 154 151 145 152 166 169 170 172 171 171 186 187 191 191 190 211 209 209 201 196 207 207 214 211 227 237
280 280 279 281 277 272 271 274 275 273 274 274 273 273 275 265 266 272 275 279 279 275 277 273 270 267 264 266 254 244 235 226 231 237 238 227 218 217 208 193 199 205 204 200 207 226 223 217 211 193 183 188 192 183 186 184 182 177 164 162 170 167 162 155 156 164 172 171 170 167 171 174 176 185 191 203 205 201 199 194 196 201 202 217 227 233 238
