wc0.5/Cropped/bio16_28.asc
NCOLS 282 
NROWS 470 
XLLCORNER 79.525 
YLLCORNER 5.91666666666667 
CELLSIZE 0.00833333333333331 
NODATA_value -32768 
[rows 342 to 379 of 470, columns 86 to 171 of 282]
1326 1415 1236 1338 1357 1405 1486 1518 1509 1517 1249 1558 1566 1561 1567 1567 1402 1536 1483 1475 1559 1404 1408 1550 1497 1227 1508 1500 1394 1493 1238 1141 1358 1341 1250 1068 1190 1153 1059 1063 1039 1068 995 912 895 916 961 886 834 815 1014 703 708 711 701 707 702 701 703 709 706 704 702 707 713 713 711 708 710 713 714 715 729 727 765 890 916 865 889 863 892 902 872 847 826 855
1372 1416 1318 1325 1342 1399 1460 1491 1534 1566 1532 1574 1580 1565 1502 1183 1286 1582 1597 1595 1587 1584 1552 1584 1461 1427 1424 1440 1401 1466 1510 1112 1110 1388 1207 1236 1266 1107 998 1061 1012 1008 1059 969 907 953 954 840 876 827 831 924 719 699 701 700 701 702 705 705 705 709 700 701 703 706 704 707 710 712 711 774 850 790 874 894 934 913 921 901 818 816 830 824 819 846
1231 1255 1304 1286 1255 1419 1397 1461 1409 1567 1500 1593 1599 1571 1495 1296 1571 1603 1584 1617 1610 1606 1602 1616 1367 1571 1394 1580 1473 1508 1501 1553 1199 1265 1314 1074 1140 1105 1002 1036 1055 998 993 932 907 903 947 869 823 812 821 814 899 880 700 698 697 704 707 699 698 701 699 699 701 702 705 714 707 709 710 813 901 846 839 834 825 821 834 866 812 818 838 843 843 859
1455 1307 1250 1309 1376 1486 1485 1540 1478 1534 1554 1622 1635 1639 1620 1611 1638 1648 1611 1638 1623 1621 1617 1614 1625 1531 1486 1587 1383 1622 1568 1516 1198 1358 1447 1143 1112 1096 1014 1047 1005 1029 982 930 927 895 901 916 843 826 806 802 810 813 925 905 779 711 696 699 699 700 698 698 700 701 702 703 718 733 799 779 892 813 799 801 803 805 809 812 818 819 828 830 840 861
1470 1460 1341 1258 1307 1401 1564 1587 1610 1638 1429 1481 1480 1648 1657 1659 1653 1655 1637 1662 1638 1637 1648 1627 1598 1584 1578 1578 1422 1181 1664 1367 1488 1340 1264 1373 1388 1116 1014 999 1007 975 968 940 922 897 877 855 834 828 814 802 797 803 806 814 857 863 809 798 796 719 701 702 699 699 703 701 704 717 848 857 826 822 792 793 802 798 800 812 803 809 823 801 826 853
1357 1491 1413 1256 1298 1535 1548 1401 1372 1613 1357 1354 1651 1666 1683 1688 1565 1488 1681 1676 1676 1662 1648 1642 1670 1347 1691 1573 1644 1206 1175 1262 1264 1194 1226 1329 1360 1097 1022 1000 990 971 956 939 928 906 883 860 851 821 823 803 799 804 806 799 808 813 790 805 763 697 699 696 698 703 709 714 703 708 725 866 786 829 796 785 785 784 799 799 785 795 806 794 821 846
1285 1510 1375 1307 1353 1571 1472 1380 1580 1588 1371 1358 1634 1699 1701 1625 1387 1530 1509 1615 1616 1688 1662 1660 1690 1295 1225 1600 1581 1571 1292 1214 1302 1110 1407 1235 1069 1238 1015 1001 990 975 963 943 926 906 913 883 859 835 806 802 795 792 802 822 806 808 812 807 710 696 698 695 695 697 703 716 719 730 779 864 797 780 780 782 784 778 784 784 779 780 787 792 800 863
1310 1452 1510 1380 1346 1326 1412 1430 1632 1678 1679 1363 1413 1367 1691 1627 1373 1709 1673 1686 1652 1705 1671 1666 1707 1359 1229 1705 1605 1635 1618 1197 1167 1603 1287 1080 1079 1088 1235 1038 990 978 966 946 929 909 934 938 883 852 838 829 792 788 797 799 802 805 808 779 784 710 694 694 696 696 697 700 704 710 775 857 841 782 782 779 791 779 785 784 772 780 789 800 806 855
1337 1334 1284 1329 1379 1638 1566 1695 1716 1706 1700 1378 1383 1601 1541 1384 1568 1549 1534 1629 1683 1684 1713 1673 1678 1395 1442 1380 1739 1762 1716 1203 1327 1200 1387 1063 1062 1035 1039 1189 1002 979 965 949 937 919 903 937 939 878 844 807 791 786 791 794 796 795 802 797 781 744 699 696 696 696 698 701 704 704 766 851 809 773 767 770 773 782 781 803 771 797 809 812 822 837
1433 1310 1313 1298 1356 1511 1635 1679 1687 1693 1700 1391 1441 1480 1675 1529 1738 1580 1741 1693 1726 1690 1729 1698 1683 1680 1239 1245 1257 1336 1259 1195 1206 1531 1355 1259 1057 1024 1012 1000 1019 988 967 952 938 926 939 950 872 853 826 798 792 789 781 786 792 794 797 791 785 757 715 698 696 696 697 699 709 725 759 819 833 843 775 761 759 758 760 785 792 810 777 785 780 795
1293 1493 1339 1299 1327 1380 1654 1672 1655 1674 1507 1720 1425 1412 1723 1696 1675 1712 1551 1745 1698 1637 1707 1686 1696 1296 1480 1519 1426 1396 1260 1198 1278 1128 1084 1302 1063 1032 1009 1000 991 979 965 952 959 973 930 949 907 892 841 849 803 782 782 782 780 784 792 794 792 752 707 705 697 697 697 699 701 721 797 763 814 848 766 763 753 760 758 772 774 775 757 767 763 809
1295 1316 1401 1300 1311 1316 1649 1662 1690 1703 1708 1716 1513 1664 1717 1740 1682 1743 1716 1741 1737 1730 1600 1711 1677 1716 1474 1236 1413 1258 1050 1525 1227 1412 1061 1051 1349 1139 1007 998 989 977 965 949 938 918 904 936 704 931 908 902 809 785 778 779 784 783 784 778 753 750 737 717 700 698 699 700 700 719 770 800 816 808 768 751 747 753 754 747 750 763 753 765 759 796
1299 1330 1490 1488 1374 1318 1448 1661 1629 1458 1535 1647 1701 1728 1725 1706 1687 1698 1704 1699 1725 1728 1706 1687 1707 1485 1240 1369 1247 1235 1045 1345 1319 1250 1135 1036 1011 1214 1208 994 980 975 964 948 934 928 903 909 926 870 899 905 784 778 775 776 777 765 794 769 696 692 695 694 696 700 701 700 702 702 739 794 762 751 748 745 742 747 748 740 749 753 747 752 758 774
1355 1335 1443 1434 1449 1527 1429 1330 1416 1674 1508 1595 1710 1722 1670 1723 1728 1676 1682 1690 1715 1700 1696 1702 1714 1236 1256 1219 1176 1068 1045 1022 1111 1238 1389 1078 1002 1005 1098 1132 1019 973 960 960 929 917 907 878 897 900 842 814 782 777 772 773 774 775 759 766 752 692 691 690 692 693 697 700 701 701 712 815 793 793 769 745 756 778 739 763 763 751 748 745 752 774
1294 1302 1312 1316 1488 1531 1623 1331 1526 1639 1682 1511 1706 1713 1701 1721 1677 1690 1674 1684 1681 1597 1687 1623 1581 1256 1364 1047 1024 1090 1034 1027 1029 1266 1385 1252 1015 988 988 1064 1172 1114 1011 942 936 917 910 870 877 899 844 810 783 772 771 770 771 774 773 753 744 722 724 698 695 692 693 698 699 698 700 734 795 817 795 765 774 764 761 757 762 758 748 744 752 758
1361 1328 1310 1337 1504 1574 1616 1597 1503 1617 1653 1615 1669 1704 1678 1681 1662 1634 1684 1682 1363 1273 1247 1235 1248 1246 1281 1065 995 1003 1011 1015 1011 1016 1094 1064 1110 988 968 964 1148 1116 1071 1016 931 912 892 871 846 838 708 818 785 776 814 782 793 756 765 769 774 779 777 723 704 692 696 696 698 700 699 705 750 819 779 788 755 762 774 759 760 759 767 743 744 746
1299 1308 1293 1303 1380 1565 1597 1524 1425 1362 1655 1602 1654 1687 1702 1687 1665 1641 1709 1705 1631 1209 1225 1215 1188 1337 1260 1172 966 956 981 946 975 963 848 1015 1104 1031 976 960 960 968 1078 1014 923 910 888 858 840 872 684 792 825 834 824 775 783 737 756 746 728 741 770 764 723 702 692 698 695 698 698 700 725 797 818 790 772 772 813 755 754 750 747 738 739 742
1321 1296 1297 1305 1312 1341 1446 1368 1341 1381 1583 1580 1679 1686 1690 1653 1688 1665 1601 1597 1687 1438 1232 1214 1091 1042 1326 1157 1029 939 847 803 906 972 978 986 1090 1067 1039 1028 952 923 924 939 992 965 877 866 837 829 851 684 686 780 686 760 783 741 746 737 714 703 700 728 709 701 692 698 703 698 698 698 788 798 788 782 775 763 756 763 754 758 751 767 743 798
1381 1314 1310 1324 1320 1334 1386 1356 1330 1434 1536 1620 1665 1676 1562 1683 1592 1678 1685 1664 1629 1666 1642 1426 1251 1161 1083 1031 1030 951 858 823 971 974 991 1009 1093 1083 1053 992 965 932 904 912 914 949 878 855 833 808 803 830 683 683 765 761 775 760 744 719 708 702 695 690 692 690 694 699 703 700 698 702 700 755 802 812 785 766 757 751 744 760 771 733 735 767
1373 1328 1326 1327 1319 1312 1329 1328 1319 1324 1533 1517 1652 1664 1450 1623 1517 1670 1639 1645 1663 1653 1521 1210 1256 1238 1097 1040 1018 968 927 974 995 1015 1024 967 1077 1066 1031 965 942 928 907 888 878 890 862 844 824 808 792 789 810 703 733 759 762 750 715 733 700 692 689 688 691 692 694 698 699 701 695 709 722 742 729 710 812 770 758 743 732 735 776 752 735 737
1370 1452 1443 1303 1339 1375 1334 1360 1435 1339 1318 1590 1583 1641 1492 1468 1544 1635 1561 1553 1624 1635 1591 1184 1065 1045 1033 1007 975 906 767 864 905 936 945 947 1040 1058 1041 1016 937 917 903 892 860 846 845 835 818 804 789 777 768 782 771 759 742 737 705 705 692 686 687 691 701 696 694 697 698 700 700 701 700 734 769 781 804 800 753 741 737 738 735 741 741 740
1385 1466 1476 1332 1313 1298 1319 1326 1429 1309 1328 1410 1581 1368 1464 1436 1482 1645 1520 1168 1303 1469 1558 1570 1407 1218 1227 1034 938 854 760 882 862 885 920 935 1045 996 934 926 912 899 891 880 861 835 822 815 807 796 786 781 776 750 753 734 719 728 690 688 688 686 694 696 695 696 697 696 697 699 700 698 697 700 723 766 801 773 754 735 731 730 732 732 733 744
1409 1416 1464 1337 1306 1299 1312 1313 1341 1414 1311 1312 1510 1324 1348 1286 1417 1628 1563 1173 1270 1523 1598 1594 1578 1529 1168 1157 971 825 866 876 876 942 930 934 932 926 883 776 882 878 871 866 853 837 818 823 806 791 782 771 772 762 747 740 686 687 687 685 686 690 700 701 696 695 695 696 696 698 699 700 709 715 701 707 732 802 773 729 730 733 750 732 732 732
1415 1408 1495 1385 1311 1302 1297 1328 1295 1328 1307 1290 1310 1332 1284 1287 1431 1605 1615 1555 1567 1594 1580 1568 1565 1556 1472 1173 1155 912 876 908 912 907 911 914 902 894 844 725 720 859 857 857 843 831 814 808 776 793 776 766 758 753 748 729 726 703 687 685 688 687 688 693 695 692 694 693 694 695 718 712 786 742 702 717 718 753 805 754 754 756 753 744 731 759
1418 1406 1485 1332 1300 1330 1310 1301 1303 1309 1299 1294 1290 1290 1290 1281 1325 1536 1592 1581 1592 1532 1530 1517 1516 1535 1507 1222 1159 901 915 861 842 902 894 840 774 778 802 744 762 855 855 843 827 832 815 798 745 759 769 763 753 744 739 735 725 724 714 686 685 689 690 693 692 694 691 709 693 721 767 779 733 761 759 777 712 751 776 807 810 791 781 762 738 759
1437 1397 1500 1454 1300 1315 1299 1333 1311 1295 1309 1319 1298 1286 1283 1272 1285 1341 1586 1576 1496 1410 1459 1366 1386 1417 1500 1489 1117 1080 1026 932 914 886 886 889 772 783 760 752 702 838 829 831 820 814 811 790 738 681 681 732 749 743 733 725 715 703 692 687 686 686 693 688 690 689 762 721 713 758 736 801 851 798 788 734 730 729 730 735 807 784 778 813 780 765
1449 1458 1448 1503 1329 1312 1304 1304 1296 1317 1297 1300 1310 1298 1275 1281 1275 1333 1375 1549 1427 1318 1293 1265 1389 1494 1441 1466 1433 1191 1097 1118 1075 946 1025 1078 918 852 815 834 811 735 733 756 813 807 794 780 763 682 681 680 691 738 730 718 701 688 688 689 686 687 712 687 692 758 735 743 692 757 755 755 874 884 841 809 794 779 798 825 788 747 735 773 792 746
1455 1425 1340 1466 1321 1324 1313 1297 1313 1351 1309 1306 1308 1278 1285 1292 1278 1293 1378 1533 1424 1343 1265 1209 1351 1480 1459 1445 1442 1419 1388 1215 1082 1084 1063 1056 1000 879 902 885 862 838 842 826 818 801 779 766 700 680 681 682 742 737 726 716 711 720 741 711 740 740 736 709 696 745 750 702 702 750 742 812 876 898 893 846 852 885 887 887 880 867 858 849 816 802
1395 1433 1300 1338 1429 1307 1302 1303 1306 1390 1337 1302 1289 1301 1273 1261 1262 1258 1392 1530 1500 1324 1288 1212 1229 1407 1398 1428 1425 1404 1380 1262 1186 1090 1048 1041 1028 912 957 987 962 953 912 835 826 808 786 759 731 762 784 745 736 763 770 746 747 750 753 777 773 799 733 750 735 782 749 731 737 757 849 878 888 894 878 886 891 889 887 885 881 881 874 876 880 829
1315 1312 1308 1308 1377 1303 1299 1318 1317 1315 1315 1305 1320 1295 1276 1258 1268 1259 1383 1515 1510 1337 1301 1192 1248 1316 1415 1419 1403 1387 1368 1333 1222 1109 1060 1040 1007 1004 984 979 960 999 978 990 939 847 799 791 776 779 800 779 786 805 825 805 770 756 775 818 846 889 844 798 854 786 734 811 797 822 899 905 900 895 891 892 889 887 883 882 874 870 864 860 860 862
1315 1308 1305 1310 1337 1316 1302 1324 1298 1299 1288 1342 1325 1323 1279 1271 1280 1244 1316 1488 1469 1477 1366 1197 1332 1298 1424 1406 1373 1338 1315 1297 1249 1137 1061 1055 1024 989 974 955 908 961 1025 1016 1009 968 944 894 845 844 908 939 910 876 886 825 785 752 751 743 793 892 915 914 905 872 885 887 905 906 907 905 902 885 894 888 887 885 884 878 871 867 855 841 851 851
1423 1396 1385 1469 1306 1337 1303 1311 1301 1303 1293 1300 1379 1325 1270 1251 1270 1254 1295 1461 1480 1458 1434 1268 1184 1367 1408 1384 1373 1342 1265 1313 1270 1230 1185 1178 1129 1037 970 961 935 911 900 957 1026 1015 1000 963 883 926 938 952 955 949 949 957 885 908 850 754 732 816 923 929 924 921 919 916 914 911 904 899 893 884 879 890 888 885 877 846 852 847 844 816 819 822
1312 1472 1382 1453 1324 1310 1372 1309 1307 1299 1283 1275 1277 1365 1273 1254 1263 1267 1338 1443 1432 1455 1374 1190 1283 1398 1380 1379 1364 1349 1326 1301 1299 1281 1261 1244 1181 1060 1049 1039 1016 980 893 903 869 968 1014 1005 992 985 979 974 971 970 965 960 955 944 909 906 832 888 931 930 926 923 920 916 912 908 904 892 883 873 870 856 859 875 859 821 829 829 824 809 825 844
1392 1466 1464 1437 1427 1321 1382 1306 1339 1371 1372 1281 1279 1269 1252 1251 1249 1283 1244 1327 1438 1399 1203 1203 1198 1235 1310 1300 1252 1246 1244 1158 1204 1199 1180 1202 1213 1192 1168 1128 1063 1042 1024 983 976 997 1006 996 992 985 983 980 974 968 962 957 958 953 947 945 940 937 933 930 926 923 919 916 911 898 890 890 896 886 870 857 831 836 839 829 826 821 792 845 858 856
1411 1464 1448 1443 1469 1344 1450 1477 1388 1302 1443 1314 1271 1271 1264 1256 1253 1297 1219 1224 1313 1364 1226 1327 1333 1259 1253 1202 1241 1184 1180 1228 1224 1258 1232 1204 1166 1178 1151 1107 1070 1062 1023 982 957 997 1005 1003 995 991 984 980 973 969 963 954 952 951 948 945 940 936 931 929 926 922 916 916 912 905 904 902 900 883 882 877 877 859 804 816 803 797 803 820 818 820
1459 1458 1378 1425 1456 1410 1445 1476 1450 1333 1402 1375 1288 1268 1260 1353 1280 1238 1217 1214 1216 1202 1373 1398 1390 1340 1297 1270 1181 1230 1226 1274 1271 1246 1187 1188 1175 1173 1159 1126 1103 1055 1019 979 892 938 985 996 990 991 985 980 975 969 964 960 956 951 948 944 940 936 931 925 920 918 915 912 911 909 901 906 896 895 890 892 880 859 854 839 798 778 783 808 810 812
1454 1446 1401 1456 1443 1470 1305 1442 1474 1368 1322 1448 1319 1258 1254 1287 1385 1231 1225 1215 1208 1200 1361 1368 1368 1298 1283 1303 1300 1192 1258 1259 1261 1170 1145 1177 1174 1148 1124 1109 1112 1059 1022 982 907 913 936 929 938 944 979 977 976 969 964 960 956 952 949 944 940 937 932 928 920 916 911 907 907 905 893 884 896 894 860 851 860 842 836 828 808 782 810 806 817 823
1453 1456 1381 1450 1455 1466 1448 1416 1432 1462 1325 1282 1374 1270 1268 1242 1240 1324 1215 1214 1201 1180 1177 1359 1348 1205 1233 1312 1280 1251 1230 1221 1253 1155 1198 1137 1138 1098 1093 1043 1015 1019 1008 980 933 896 889 899 897 936 956 978 973 968 966 960 956 952 948 945 940 937 935 931 924 916 911 903 897 895 888 872 867 878 854 839 815 820 856 788 765 761 777 795 804 809
