wc0.5/Cropped/bio1_28.asc
NCOLS 282 
NROWS 470 
XLLCORNER 79.525 
YLLCORNER 5.91666666666667 
CELLSIZE 0.00833333333333331 
NODATA_value -32768 
[rows 304 to 341 of 470, columns 174 to 260 of 282]
268 269 269 269 268 268 268 268 267 266 266 265 266 265 265 263 263 262 262 262 263 265 264 261 261 262 262 263 264 265 263 263 261 259 248 238 262 266 266 265 265 267 264 261 265 251 246 249 266 267 266 265 253 248 259 267 267 267 267 264 260 266 267 268 268 268 254 262 269 269 269 268 269 269 270 271 271 271 271 271 271 272 272 272 271 271 272
268 268 269 269 269 268 267 267 266 266 266 267 266 265 264 263 263 263 262 263 263 264 265 263 262 262 264 263 263 264 264 263 262 254 253 244 264 266 264 264 265 248 266 264 260 260 248 245 257 266 261 258 264 248 251 267 267 267 266 259 260 266 267 267 268 269 268 269 269 269 268 268 270 270 270 271 271 271 271 272 271 272 272 272 272 272 272
267 268 269 269 269 269 268 268 267 266 267 261 263 266 264 262 264 263 262 262 263 263 264 263 262 261 263 263 263 264 264 262 246 244 251 261 264 266 265 261 247 245 256 264 264 261 246 246 266 262 246 239 245 266 265 257 268 268 267 260 264 258 265 268 268 269 268 268 268 270 269 269 269 269 270 270 270 270 271 272 272 272 272 272 272 272 272
264 268 269 269 269 268 266 268 268 267 266 265 265 265 265 265 264 261 262 263 262 263 264 263 258 262 263 263 262 263 264 263 247 249 260 257 259 265 265 253 253 251 249 263 262 260 255 254 265 253 245 233 238 253 265 266 267 268 267 266 260 256 258 268 268 269 268 268 269 270 269 269 270 269 270 270 269 270 271 272 272 272 272 272 272 272 272
263 267 268 269 269 261 263 267 267 267 267 266 265 264 264 264 264 263 261 262 262 262 263 264 257 260 262 262 261 263 263 263 255 261 260 253 246 264 261 253 247 241 250 260 260 260 257 258 265 253 242 228 243 257 265 265 267 268 267 265 259 261 265 268 268 269 268 268 268 270 270 269 270 270 270 270 270 269 271 271 272 272 272 272 272 272 272
257 266 268 268 269 264 263 265 266 267 266 265 264 264 264 264 264 263 259 261 261 261 262 263 262 259 262 261 258 261 263 263 262 262 260 250 251 264 256 257 253 242 257 260 261 259 255 259 242 254 248 242 255 266 266 266 268 268 268 265 258 267 268 269 269 269 269 268 269 270 270 270 269 271 271 271 271 270 271 271 271 272 271 271 272 272 272
262 266 267 268 268 269 268 266 268 267 266 265 264 263 263 264 264 264 240 259 260 261 261 263 262 260 261 260 254 259 261 263 262 262 257 251 256 258 256 259 258 258 260 261 261 259 259 259 248 254 241 245 252 266 267 267 268 268 268 267 263 266 267 268 269 270 269 270 269 270 271 271 270 270 270 271 271 271 271 272 271 271 271 271 272 272 272
265 265 267 268 268 268 267 267 267 267 265 264 262 252 249 262 263 263 249 251 253 259 262 262 263 260 255 260 255 259 262 263 262 260 258 256 258 259 260 260 258 258 259 260 262 259 260 261 242 240 240 236 254 266 267 267 268 269 268 268 256 266 267 268 269 269 270 270 270 270 270 271 271 271 271 271 271 271 271 270 271 271 271 272 272 272 271
263 267 266 267 268 268 267 266 266 266 266 264 258 256 253 262 262 263 257 246 242 261 261 262 262 260 255 253 252 262 262 260 261 261 256 258 258 259 260 260 258 259 258 260 262 260 261 260 251 248 242 246 239 266 266 267 268 268 268 268 257 265 267 268 268 269 269 270 271 270 270 270 271 271 271 271 271 271 270 271 271 271 271 272 271 272 271
266 267 267 268 268 268 266 266 266 266 265 259 255 254 253 253 261 262 260 256 247 260 261 261 262 261 255 250 258 261 260 260 261 260 257 258 259 259 259 260 260 260 257 261 261 261 261 260 260 259 247 245 238 266 267 267 267 268 269 267 259 266 268 269 268 268 268 270 271 270 271 271 271 271 271 271 271 271 270 271 271 271 271 271 271 272 271
268 267 268 268 268 267 267 267 267 266 264 260 258 257 258 248 261 260 262 260 253 259 259 260 260 260 259 255 260 252 255 258 258 258 257 257 259 259 260 261 261 260 251 260 260 262 261 261 262 258 251 253 237 266 267 268 267 269 269 269 256 270 269 269 269 269 269 270 270 271 270 270 271 271 271 271 270 270 269 270 271 271 270 271 271 271 270
266 267 268 267 266 267 267 267 267 267 264 263 258 262 255 251 251 259 258 260 256 255 258 260 252 252 257 258 258 257 256 257 258 258 257 257 259 260 261 260 260 261 252 248 261 262 262 260 262 262 262 254 237 249 267 267 268 269 269 269 268 269 269 269 269 269 269 268 268 268 269 270 271 270 270 270 269 270 269 269 271 271 270 270 270 271 270
261 261 267 267 264 265 265 263 267 266 265 264 261 262 250 249 248 254 259 260 261 252 256 259 244 242 253 256 257 258 257 259 259 258 257 257 258 258 258 259 260 260 261 260 261 262 262 262 262 263 263 262 262 259 269 269 269 269 269 269 268 269 269 269 269 269 269 268 268 268 269 269 271 270 270 270 269 269 269 269 271 270 269 269 269 270 270
254 252 264 266 265 264 264 264 267 267 265 265 263 262 248 234 243 241 254 259 261 253 257 258 255 256 253 253 258 258 259 259 260 257 256 257 258 257 257 257 256 257 261 260 262 261 261 263 263 263 264 266 266 265 267 267 267 267 268 267 269 269 269 268 269 269 269 268 269 269 269 270 270 270 269 269 269 269 270 271 271 270 269 270 270 271 270
248 254 266 266 265 264 263 251 265 266 265 265 261 256 244 223 212 239 249 252 260 259 256 256 257 257 257 257 257 257 257 258 259 260 257 258 259 257 257 257 257 258 260 262 261 261 261 262 263 264 265 266 265 264 265 266 267 267 268 269 269 269 269 269 269 269 269 267 268 269 267 271 270 270 268 268 266 270 270 270 270 270 269 269 270 270 270
243 253 266 265 266 262 262 250 257 265 266 264 256 249 243 223 211 221 237 246 254 258 256 257 257 258 258 257 255 257 257 259 259 260 259 259 259 259 259 257 254 256 260 261 262 261 260 256 262 264 265 265 265 263 266 267 267 266 267 268 269 269 269 269 269 267 267 267 269 269 270 270 269 269 269 268 269 270 270 270 269 270 269 270 270 271 271
244 262 265 263 261 262 257 240 249 264 265 264 257 256 242 230 217 207 228 241 249 256 256 256 256 257 258 258 256 257 258 259 259 260 260 260 259 260 260 260 250 257 261 262 261 261 261 262 262 263 264 263 264 263 266 266 267 267 267 269 268 267 268 269 269 268 266 267 268 270 270 269 270 268 268 269 269 269 270 269 269 269 269 270 271 271 271
232 260 263 265 260 265 246 229 251 264 265 263 257 252 246 229 208 196 211 237 249 253 254 256 256 256 256 258 257 257 259 259 260 260 261 261 260 257 260 260 259 260 261 261 260 260 261 261 263 264 260 263 261 262 264 265 267 268 269 269 267 266 268 268 268 268 267 268 269 270 270 270 269 268 268 269 269 269 268 269 269 269 270 270 271 271 271
235 254 263 257 261 250 232 233 251 260 264 264 261 255 240 226 213 197 212 227 238 247 253 256 257 256 256 258 259 258 260 260 259 260 260 261 261 261 261 261 261 260 261 261 260 260 260 261 262 264 259 264 263 260 261 266 266 268 269 268 266 267 269 267 266 267 264 260 268 270 270 269 269 269 268 265 268 268 269 269 269 269 270 269 270 271 271
234 255 262 257 262 256 239 236 253 258 263 264 264 256 248 226 209 201 203 206 233 242 249 255 256 254 254 258 258 259 258 260 261 260 261 261 261 261 260 260 260 260 261 261 260 260 260 262 263 257 262 265 261 259 263 266 267 269 267 266 266 265 267 265 262 266 267 267 268 270 269 269 268 269 267 266 267 267 268 268 268 269 269 269 270 270 271
233 256 261 256 262 257 252 241 254 256 262 263 263 256 255 231 214 202 207 201 211 234 240 250 256 255 250 254 258 259 259 260 261 261 260 261 260 260 258 259 261 261 261 261 259 258 261 262 262 246 254 264 262 261 264 267 268 269 267 264 265 265 266 262 255 266 268 267 269 269 268 267 268 268 268 267 267 263 263 268 269 268 268 269 270 269 270
240 256 259 258 262 252 254 252 250 256 254 258 261 259 248 236 219 205 212 204 196 215 226 236 251 252 252 250 257 259 258 259 260 260 260 260 260 257 246 259 261 261 260 260 259 260 261 259 254 243 254 259 267 266 266 268 267 266 267 255 258 265 266 257 255 265 267 269 269 268 268 267 267 263 267 266 265 264 252 261 268 268 268 269 270 270 270
247 258 252 253 260 249 234 257 246 246 248 249 255 262 250 246 221 203 212 206 195 199 218 236 234 240 245 254 257 257 259 260 261 260 260 259 259 259 259 261 260 261 260 258 259 257 259 259 254 259 260 266 267 267 268 267 264 268 267 256 259 265 266 247 248 264 268 269 268 268 267 267 267 267 267 266 265 265 263 262 268 268 269 269 270 270 270
253 256 249 255 259 249 227 248 255 246 245 230 238 253 262 248 223 212 214 209 201 197 202 229 224 231 234 252 251 247 256 258 259 260 259 260 260 260 261 258 260 259 256 253 257 256 261 264 264 262 262 265 266 267 267 265 263 266 264 256 243 261 265 251 240 251 269 269 267 266 265 266 266 266 266 267 267 266 267 261 269 269 269 270 270 270 270
250 250 254 257 257 255 240 235 254 256 241 213 228 250 261 242 224 223 226 221 203 197 190 221 227 218 229 237 243 237 246 258 258 260 258 260 259 260 261 257 254 247 252 251 257 254 257 264 265 262 265 267 267 267 267 266 266 266 267 262 259 257 258 255 243 251 267 268 267 267 265 265 264 264 264 266 267 267 266 265 269 269 269 269 269 269 270
250 241 248 245 251 254 235 240 254 253 246 229 223 237 253 260 244 247 245 230 206 204 199 208 209 205 219 231 236 238 234 252 258 259 258 259 260 260 258 254 249 251 252 252 251 260 259 264 265 264 265 266 266 266 267 266 265 260 267 266 265 252 257 249 244 267 269 269 268 267 267 265 265 265 265 261 265 267 268 266 269 270 268 269 269 269 270
248 237 246 242 247 248 244 239 250 256 233 229 222 226 244 259 248 252 253 235 232 222 206 201 212 204 219 230 237 234 236 253 257 259 259 260 260 260 260 248 235 246 250 254 254 263 264 265 265 266 266 266 266 266 267 266 265 265 267 267 263 251 254 264 267 268 269 268 267 267 266 266 267 266 266 261 267 264 269 269 266 269 268 268 268 268 267
249 235 232 238 240 244 232 237 247 253 241 227 225 217 232 245 258 253 245 233 236 226 215 205 216 213 221 230 228 230 241 246 258 258 258 259 258 259 259 251 259 245 251 258 257 264 265 263 264 266 265 265 261 265 262 266 265 261 266 266 265 249 258 266 267 268 265 267 266 266 265 266 266 267 267 267 268 268 267 267 265 268 268 267 268 268 267
244 239 220 227 230 240 227 223 237 248 253 236 229 213 214 234 250 252 237 225 220 215 211 203 218 218 225 225 223 221 238 237 251 257 258 258 258 259 260 259 259 241 246 258 260 265 264 263 264 266 266 265 261 256 253 260 260 261 265 266 266 258 261 266 268 268 263 267 266 266 265 265 265 266 266 267 267 267 266 267 267 268 267 267 267 268 268
235 227 213 217 219 219 216 212 226 248 250 239 235 222 212 234 234 249 224 211 204 204 200 196 214 223 224 230 221 222 239 234 252 256 258 259 257 259 259 259 248 241 240 252 264 264 261 264 266 264 265 265 260 248 247 250 248 259 263 265 265 265 265 266 268 267 259 259 266 265 265 265 265 265 266 265 267 267 266 267 268 268 268 266 266 267 268
231 223 214 209 207 206 209 214 223 241 248 241 231 223 216 220 237 249 235 224 208 200 194 194 209 223 225 228 219 227 240 240 234 254 257 259 259 258 256 259 252 250 251 257 263 260 262 264 265 264 264 262 258 248 248 251 244 246 263 265 266 262 266 267 267 265 262 260 266 266 266 265 266 266 265 268 268 267 267 267 269 268 268 267 268 268 268
223 226 217 199 189 198 214 220 228 242 248 239 239 232 218 215 228 242 241 228 206 196 196 194 203 216 225 227 223 239 243 240 228 248 254 258 259 255 250 260 257 254 256 262 249 252 263 265 264 264 264 256 255 248 253 254 250 248 256 265 266 266 266 267 266 261 264 262 256 266 267 266 266 266 267 268 268 266 267 267 268 269 269 268 268 268 268
223 220 209 199 198 208 218 230 234 246 240 235 230 233 226 216 215 229 245 239 220 204 196 192 196 212 225 229 221 233 246 247 235 252 257 259 258 257 252 257 259 251 246 256 250 250 257 259 265 264 257 252 250 248 247 254 254 255 259 264 265 266 267 267 265 264 265 265 258 255 267 267 267 267 267 267 268 267 267 268 268 269 269 268 269 268 269
223 212 211 208 207 216 224 233 237 235 237 231 219 220 216 215 214 215 233 244 228 207 192 191 196 200 227 227 222 237 246 244 236 252 257 257 258 257 252 258 259 251 250 251 257 255 259 265 265 264 263 256 254 254 252 253 248 260 264 265 265 266 266 266 265 265 265 266 256 257 266 267 268 268 268 268 268 268 267 268 268 269 269 268 269 268 269
223 218 225 220 217 215 220 228 229 226 228 226 203 213 211 204 210 214 234 242 228 209 198 198 203 210 225 228 226 242 248 245 240 254 255 256 257 255 254 254 258 258 253 258 259 260 263 264 264 264 261 262 261 261 260 253 251 264 265 266 265 266 267 266 266 266 263 266 262 257 264 267 266 267 268 269 269 268 267 268 269 270 270 269 269 269 269
234 231 227 222 218 210 215 214 223 228 233 220 214 219 214 214 209 209 223 238 226 212 199 195 201 216 225 228 223 237 246 241 249 254 255 253 256 255 249 257 258 255 250 257 260 261 264 264 262 264 264 263 256 262 259 256 246 246 260 264 266 266 267 266 267 266 260 266 265 259 264 266 266 267 268 268 269 269 267 268 269 269 269 269 269 269 270
234 234 226 220 220 213 214 219 223 233 231 225 224 216 211 213 212 202 212 226 242 222 206 198 198 206 223 230 228 236 246 238 250 252 256 253 255 255 247 256 258 256 250 250 261 262 264 263 261 262 263 256 262 262 261 263 262 250 254 265 266 266 267 267 266 266 265 266 267 266 267 266 267 267 268 268 268 269 268 267 268 269 268 269 270 270 270
226 235 227 217 221 218 214 218 227 232 233 233 230 221 220 212 211 206 208 221 235 232 216 205 204 200 224 231 225 236 248 235 249 252 253 254 254 257 249 253 258 257 248 243 262 263 263 262 260 261 262 261 263 262 261 263 262 263 252 264 266 267 267 267 267 266 266 266 267 267 268 267 268 268 268 269 269 269 268 268 268 268 268 269 270 270 270
