wc0.5/Cropped/bio13_28.asc
NCOLS 282 
NROWS 470 
XLLCORNER 79.525 
YLLCORNER 5.91666666666667 
CELLSIZE 0.00833333333333331 
NODATA_value -32768 
[rows 380 to 417 of 470, columns 87 to 173 of 282]
553 464 530 569 563 567 530 569 501 566 518 519 503 498 497 488 511 489 500 467 463 458 477 486 485 477 472 466 456 473 470 468 461 426 419 385 416 407 382 380 338 319 324 371 337 325 315 369 364 376 401 401 400 398 397 395 393 393 392 391 390 389 385 385 381 376 378 380 380 373 361 349 347 340 343 320 318 317 315 314 322 329 327 332 341 346 342
569 555 533 562 561 542 568 552 549 543 563 515 523 504 492 497 484 519 500 503 480 472 456 491 509 503 493 481 466 447 465 462 445 436 444 422 417 419 402 407 397 341 299 285 284 283 283 297 342 378 399 402 400 399 398 396 394 394 391 390 391 390 388 386 383 379 383 382 381 371 372 369 349 353 352 319 315 315 314 313 322 315 316 328 342 349 354
566 571 568 569 569 542 545 530 565 460 559 530 506 513 512 499 485 489 511 504 500 463 457 470 508 454 439 488 467 448 441 434 446 432 430 433 418 420 417 418 416 410 410 360 335 312 283 282 300 336 364 398 401 400 398 397 394 394 392 390 390 389 387 386 384 377 383 383 374 378 380 375 357 357 361 321 313 312 312 312 312 314 314 322 327 339 357
564 562 556 538 561 564 542 540 560 517 507 558 529 501 521 505 486 481 522 497 516 496 457 453 485 491 421 421 445 467 443 434 427 430 421 418 424 413 420 411 413 402 396 414 411 380 357 408 400 400 404 400 397 400 396 398 397 395 395 392 387 386 386 385 378 381 381 379 382 381 372 370 361 359 349 313 312 311 311 311 311 311 312 314 313 315 314
556 565 568 559 545 544 562 535 552 557 416 485 548 503 498 541 505 482 502 501 515 516 497 491 444 452 481 442 425 447 463 450 428 418 412 405 405 408 409 419 407 383 379 386 389 411 403 408 398 393 395 389 395 395 393 397 397 396 395 394 393 392 391 387 385 383 382 385 384 383 376 365 361 359 338 312 310 310 309 308 308 309 310 309 310 311 316
543 542 559 548 520 548 538 559 534 559 519 413 474 546 505 531 527 522 492 485 498 511 490 487 452 459 456 480 475 419 423 428 447 437 416 407 396 389 400 400 386 379 374 377 372 370 389 379 379 380 406 403 400 400 401 400 397 397 396 392 392 392 391 390 389 386 387 386 385 384 371 367 364 366 343 310 309 309 309 308 307 307 308 308 309 309 319
568 570 568 561 551 565 563 562 533 532 555 482 444 532 537 532 535 528 507 475 473 468 491 501 458 439 436 453 463 466 416 393 425 437 424 413 394 393 386 382 378 374 373 370 366 360 359 370 407 408 404 402 355 372 392 401 399 398 397 396 393 389 388 387 387 388 387 385 377 376 373 365 373 359 309 309 308 307 308 309 308 306 307 308 307 307 324
568 569 561 563 566 562 557 559 558 550 534 551 439 451 520 530 511 526 511 494 488 470 486 478 466 481 483 432 443 453 455 439 426 426 427 413 404 400 392 385 377 375 368 364 361 360 357 370 375 392 399 405 391 370 371 400 400 399 398 396 395 392 388 387 383 381 382 380 376 372 367 368 376 313 308 307 306 307 309 309 308 308 307 307 304 304 304
554 565 567 566 565 563 561 547 554 526 552 539 509 421 472 524 515 507 518 500 475 466 459 455 455 441 455 432 425 438 425 447 441 429 422 414 400 393 385 384 384 383 365 363 366 367 370 394 399 395 393 404 406 390 396 397 398 399 397 397 390 388 386 384 380 381 378 376 373 371 369 372 358 310 306 306 307 307 307 306 306 305 305 304 302 301 300
566 564 565 564 561 559 553 511 553 539 508 542 542 524 477 459 522 506 500 504 498 483 461 458 452 442 463 454 442 421 416 433 437 430 424 409 403 397 384 388 386 376 363 365 358 373 381 382 386 397 403 408 404 390 397 395 388 387 396 396 393 383 389 327 360 349 325 357 326 315 326 323 311 306 305 305 305 304 304 305 304 304 304 302 299 301 302
558 567 562 557 556 558 558 515 548 551 519 545 542 536 534 516 500 507 518 494 508 504 486 459 448 444 438 465 458 446 436 420 413 409 412 409 402 382 377 370 369 364 361 376 376 358 362 365 378 382 382 358 371 392 392 388 378 367 365 371 353 343 332 326 324 321 319 317 314 313 312 313 308 305 304 304 303 302 303 304 302 302 303 301 297 297 298
552 561 564 546 559 558 558 547 512 545 530 542 540 535 527 516 498 480 466 509 489 491 496 488 476 449 440 452 434 435 431 437 426 406 413 392 397 391 381 370 368 363 367 375 379 376 369 369 371 371 394 401 355 396 388 382 382 396 397 371 366 336 344 333 325 321 319 318 314 311 309 308 306 304 304 303 304 304 303 302 300 301 300 301 296 295 296
535 532 565 564 562 551 544 506 525 517 541 527 535 534 524 522 521 517 471 466 491 484 486 488 475 478 467 441 441 452 446 439 432 425 417 421 425 417 388 373 375 369 366 364 383 391 387 386 381 384 372 405 389 344 377 369 379 384 382 386 382 372 356 334 328 324 327 320 316 312 310 307 304 302 302 302 303 301 301 300 298 298 297 297 294 293 295
534 536 558 562 557 553 545 551 527 514 543 539 529 532 517 503 504 513 510 493 449 483 492 474 471 451 467 464 457 447 438 425 428 419 416 425 429 423 398 375 373 371 381 381 383 369 380 393 409 383 368 351 366 354 355 360 372 373 384 381 376 376 348 338 325 325 335 317 315 313 310 307 304 301 300 301 300 300 298 297 296 296 295 294 292 291 292
551 533 532 541 559 558 533 540 529 525 514 540 534 531 526 516 480 513 510 504 485 438 475 485 480 437 436 434 450 449 440 433 427 420 415 410 430 423 397 388 370 375 372 374 400 384 380 380 392 376 357 348 348 341 339 356 374 379 383 386 371 344 353 330 327 326 325 316 311 310 308 304 302 300 300 299 298 298 297 295 296 294 293 292 291 290 289
546 535 530 560 543 554 554 547 542 530 520 538 535 531 526 517 507 509 509 504 497 494 446 477 473 466 443 436 436 435 440 431 425 418 412 428 413 415 404 396 379 371 371 383 390 405 400 396 400 399 399 355 350 341 338 336 337 372 380 387 384 328 328 337 325 324 317 314 310 306 305 302 300 299 299 299 299 297 295 295 293 292 290 290 289 288 288
539 547 530 547 558 555 553 544 538 541 537 532 533 530 518 521 515 512 507 502 487 485 482 479 474 465 459 453 437 432 430 425 423 417 410 402 399 406 406 401 386 371 379 380 381 390 387 401 399 400 388 356 360 347 338 335 332 331 350 361 345 324 322 331 321 321 314 312 307 304 303 299 298 298 298 298 297 297 294 293 291 290 288 287 288 288 287
532 548 549 530 556 549 542 529 518 510 537 491 523 528 524 519 515 510 505 496 494 439 447 471 468 468 457 454 450 434 428 431 433 427 410 402 395 398 405 412 388 374 382 380 379 378 383 381 383 379 373 364 367 355 345 334 331 329 332 344 335 323 320 319 317 313 312 311 305 302 301 298 298 298 297 297 296 294 292 292 290 289 287 286 287 286 287
530 534 540 549 551 542 537 543 520 490 534 511 517 514 521 515 513 508 503 499 489 473 427 424 438 438 441 441 439 440 433 428 433 428 408 401 393 388 404 412 400 392 391 376 372 371 369 372 380 366 369 361 360 354 345 350 331 329 325 323 322 320 318 315 313 312 309 305 304 300 298 298 298 298 296 295 295 293 290 289 287 286 286 287 284 284 285
531 530 549 552 548 544 546 532 534 479 511 507 510 519 504 512 512 503 492 474 439 483 464 439 432 422 411 417 429 433 438 427 427 432 419 413 398 402 390 395 403 409 413 407 394 376 369 363 358 362 369 362 368 352 350 348 334 330 328 323 321 318 316 315 311 308 307 304 301 298 297 298 297 296 294 293 293 293 289 287 286 286 286 285 283 283 283
531 527 550 555 553 551 546 526 537 527 483 515 519 501 500 481 498 506 501 482 430 436 440 457 442 434 396 391 374 404 374 405 427 436 435 433 430 424 403 406 399 402 400 406 392 395 380 365 362 355 357 358 356 350 348 354 336 336 343 329 322 319 315 313 310 308 305 304 300 296 297 298 296 293 293 293 293 291 289 286 284 284 284 282 282 281 281
535 525 553 552 551 545 545 540 533 530 523 513 497 462 497 489 470 504 495 487 437 431 436 440 457 442 436 422 386 387 383 378 371 364 407 424 432 434 434 427 425 412 400 407 417 388 386 370 367 372 365 353 351 347 343 353 343 346 336 330 323 319 315 312 309 305 303 301 300 295 295 296 292 292 292 291 292 291 288 286 283 281 281 280 280 280 281
528 527 528 550 549 548 545 542 521 532 529 476 462 469 461 509 476 461 479 488 448 439 438 411 436 436 434 438 439 440 437 437 413 371 349 350 380 413 428 429 433 426 414 421 414 415 398 387 391 377 377 372 355 351 341 337 339 335 334 334 337 320 316 314 307 305 303 300 297 295 294 293 291 290 290 290 290 288 288 284 282 280 280 279 278 280 279
540 528 535 543 543 545 543 540 536 532 523 503 456 490 466 439 503 464 463 480 483 472 440 416 435 440 440 433 431 436 435 429 439 435 430 381 333 347 373 398 382 431 427 418 416 428 427 426 410 401 414 413 390 369 341 342 334 333 328 328 342 334 315 310 307 306 304 300 297 294 292 291 290 290 290 288 287 287 287 283 281 279 277 277 277 278 277
542 531 538 539 540 542 541 533 533 529 500 514 485 475 485 460 464 491 470 472 466 477 457 439 440 438 433 438 437 430 430 429 432 432 439 433 412 396 373 359 379 419 431 420 412 425 424 401 412 422 421 420 410 402 386 374 344 323 325 345 372 361 321 310 306 304 301 297 296 294 291 289 289 289 286 286 286 286 286 285 281 278 276 275 275 275 274
530 522 520 536 541 537 535 530 530 530 507 515 510 484 467 464 429 450 482 465 451 474 468 448 439 440 435 431 438 432 430 429 436 440 437 434 419 410 398 378 380 346 344 344 354 381 362 349 374 371 366 406 418 411 413 411 393 321 319 345 383 381 333 309 305 302 300 296 295 293 290 288 287 285 285 284 285 284 283 282 280 278 275 273 274 272 272
551 533 528 518 524 537 538 529 525 528 517 508 505 490 436 468 460 439 440 473 460 448 462 460 455 437 414 410 431 441 442 430 430 437 408 389 387 373 342 308 310 310 306 326 345 374 400 426 417 416 409 408 387 412 415 412 409 391 363 314 327 375 339 308 304 300 300 296 294 292 287 286 286 286 285 286 284 283 281 280 279 277 275 272 272 270 269
551 533 519 523 534 528 532 531 529 527 516 493 479 480 444 433 450 440 467 451 462 440 439 443 452 447 436 439 441 436 442 431 431 435 440 373 343 318 297 303 309 305 299 299 324 356 392 416 426 425 423 421 419 415 412 413 396 405 393 333 309 312 306 306 302 299 298 294 292 290 288 287 286 285 284 284 283 281 278 278 277 277 274 271 269 270 269
549 529 520 532 527 526 528 529 524 523 521 497 437 477 461 438 439 457 440 440 439 438 455 441 450 439 442 427 427 430 430 431 430 433 438 441 419 396 365 364 349 331 341 338 370 398 421 428 425 424 424 422 402 375 416 412 402 355 395 341 314 306 304 303 303 299 295 295 291 289 287 287 283 282 283 283 281 279 276 275 275 274 272 270 268 267 267
525 526 523 532 516 525 527 529 522 519 513 516 512 483 459 443 424 438 439 439 438 430 441 435 437 432 432 440 440 426 437 431 430 434 434 430 443 438 424 404 392 373 355 332 373 402 424 428 421 408 383 417 420 397 363 375 372 354 383 364 320 306 302 300 301 298 292 293 291 287 282 283 282 281 281 280 278 278 275 273 274 274 269 268 266 267 267
545 521 521 519 526 514 523 526 523 517 516 509 481 496 436 467 452 429 446 438 439 440 417 432 440 441 440 440 435 419 414 391 427 438 440 443 430 405 394 382 360 341 330 330 342 361 413 432 426 426 389 385 381 388 384 358 343 324 336 395 363 315 302 300 296 294 292 289 288 288 283 280 281 281 278 277 278 276 274 271 270 271 269 265 265 265 265
538 528 530 529 514 514 513 519 520 515 508 509 490 469 500 497 479 446 434 438 439 440 440 420 435 436 438 439 422 402 395 351 368 350 357 386 378 339 334 339 344 341 341 336 334 340 362 406 364 412 425 388 375 377 368 366 334 321 332 345 366 323 302 298 295 291 290 287 285 284 280 279 280 278 276 276 275 276 272 270 268 268 267 264 263 263 264
527 533 535 524 530 516 513 509 514 515 498 500 501 492 497 481 477 479 453 437 439 439 439 440 439 434 439 429 419 411 408 396 390 361 359 366 361 341 339 340 341 343 340 335 337 336 350 351 366 405 424 412 384 375 369 369 366 323 314 312 309 332 305 303 296 294 292 287 281 279 278 277 279 278 274 273 274 273 271 269 265 265 263 262 261 263 263
529 522 531 511 527 503 506 498 515 514 510 499 500 491 488 480 476 480 475 451 437 437 440 440 439 441 438 442 439 442 427 393 398 387 418 419 396 378 350 341 356 355 343 348 321 322 323 313 314 378 403 406 421 405 374 367 363 365 373 348 326 361 386 306 296 294 291 290 284 280 279 275 275 276 272 271 272 270 270 268 264 263 262 261 262 262 260
528 529 529 510 522 508 500 495 513 510 509 490 491 484 483 478 482 471 478 472 469 442 437 440 437 435 439 441 440 431 435 419 413 411 428 442 423 416 403 366 395 420 385 401 381 382 342 333 333 340 357 382 418 411 372 367 366 360 347 365 361 345 361 312 300 294 292 290 284 281 279 275 272 272 271 270 269 267 267 266 264 261 261 261 259 259 258
522 525 526 520 520 516 498 492 493 508 498 487 484 496 489 482 477 472 467 467 447 450 448 450 445 439 425 421 437 442 443 442 443 442 438 430 424 438 446 444 433 443 428 429 436 423 398 386 376 374 390 412 390 360 366 370 364 352 360 348 334 365 331 306 303 295 292 287 285 283 277 274 271 269 269 266 265 265 264 264 265 261 259 258 257 259 258
513 516 522 514 518 516 508 489 487 488 494 499 488 479 490 475 476 477 469 468 465 438 437 439 435 428 429 425 415 434 408 420 414 413 422 428 435 445 438 439 438 445 445 444 440 438 432 408 402 417 420 407 363 362 359 360 363 346 337 327 322 313 347 318 302 306 292 291 286 284 278 276 271 268 267 264 265 262 262 262 263 260 257 256 257 258 257
508 516 508 517 514 460 506 506 488 485 492 495 487 477 485 481 482 472 466 460 465 446 437 438 432 439 432 422 412 411 406 421 422 443 436 434 438 444 419 416 421 422 426 434 441 437 404 395 393 398 396 421 383 362 352 356 356 321 322 315 313 307 313 304 308 312 293 288 286 282 280 276 271 267 265 263 262 261 259 259 260 258 256 254 254 253 255
