wc0.5/Cropped/bio15_28.asc
NCOLS 282 
NROWS 470 
XLLCORNER 79.525 
YLLCORNER 5.91666666666667 
CELLSIZE 0.00833333333333331 
NODATA_value -32768 
[rows 378 to 419 of 470, columns 95 to 189 of 282]
36 36 36 36 35 35 35 35 35 35 34 34 34 35 35 34 34 33 34 34 33 33 33 34 33 33 33 33 33 33 33 33 33 33 32 32 31 32 32 32 33 36 37 38 39 40 40 41 41 41 42 42 43 43 44 43 44 45 45 46 47 47 47 49 50 49 50 51 51 52 53 55 56 56 57 56 57 58 58 58 59 60 60 60 60 61 62 62 63 64 66 66 66 66 67
36 36 36 36 35 35 35 35 35 34 34 34 34 34 34 34 33 33 34 33 33 33 32 33 33 33 33 33 33 33 32 32 32 32 32 31 32 32 32 32 33 34 38 39 40 40 41 41 42 42 42 43 44 44 44 45 44 45 45 46 46 47 47 48 49 50 51 52 53 52 55 57 58 58 57 57 57 58 58 59 59 61 62 61 62 62 62 63 64 64 64 66 66 66 67
34 36 36 35 35 35 35 35 35 34 34 34 34 34 33 33 33 33 33 32 32 32 33 33 33 33 32 31 32 32 31 31 32 33 32 31 32 32 32 32 32 33 37 40 40 41 41 42 42 41 43 44 44 44 45 45 46 45 47 47 48 48 48 49 49 51 51 54 55 56 57 57 58 58 58 58 57 58 58 59 60 62 63 64 61 62 62 65 65 64 64 66 66 67 67
35 35 36 35 35 35 35 35 34 34 34 34 34 33 33 33 34 34 33 33 32 32 32 32 32 31 32 33 32 33 32 32 32 32 33 33 32 32 32 32 32 33 36 41 41 42 42 43 43 43 43 44 44 44 45 46 46 46 48 48 49 48 49 49 50 51 51 54 55 56 57 58 58 59 60 59 58 58 58 59 61 61 62 63 65 63 64 64 66 64 64 67 67 67 67
36 32 35 35 35 35 35 35 34 34 34 34 34 33 33 33 34 33 33 33 32 32 32 31 32 31 31 32 33 33 33 34 34 33 34 31 32 32 32 32 32 32 33 37 42 42 43 43 43 44 44 44 45 45 46 46 47 46 48 48 48 49 50 50 50 51 52 55 56 57 58 58 59 60 60 60 60 59 59 59 63 64 62 61 62 65 66 65 65 64 64 66 67 68 68
36 34 34 35 35 35 35 34 34 34 34 34 34 33 33 33 33 33 31 31 33 32 31 31 31 31 31 31 32 32 33 32 33 33 33 35 35 32 32 37 35 36 41 39 39 43 42 44 44 44 44 45 44 45 46 46 46 47 48 48 49 50 50 50 50 51 52 56 56 57 58 59 60 61 61 61 62 62 63 64 64 65 65 62 62 66 66 67 67 67 67 67 68 68 68
36 35 29 33 35 35 35 34 34 34 34 34 33 33 33 33 33 32 33 32 32 33 32 31 31 31 31 31 31 31 32 34 33 31 32 32 33 36 35 38 35 35 36 36 38 39 40 43 44 45 45 43 46 46 46 47 47 48 48 48 49 49 50 50 51 51 53 56 57 58 59 59 60 61 62 62 62 63 63 64 64 65 66 66 66 66 67 67 67 67 67 68 68 68 68
35 35 34 29 32 35 34 34 34 34 34 34 33 33 33 33 33 32 32 32 32 31 31 32 32 31 30 31 31 31 31 32 31 31 31 32 32 32 34 33 34 34 39 39 38 39 42 44 44 45 45 45 46 46 47 47 48 48 48 48 49 50 50 50 51 52 53 57 58 58 59 60 61 62 62 63 63 64 63 63 61 66 66 66 67 66 67 67 68 67 68 68 68 68 68
35 35 35 32 31 34 34 34 34 34 34 33 33 33 33 33 32 32 32 32 32 32 31 30 32 32 31 31 31 31 31 31 31 31 32 32 32 33 33 33 38 39 38 38 34 36 38 42 44 45 45 45 46 46 47 47 48 48 48 50 49 50 50 51 52 52 56 57 58 59 60 61 61 62 63 63 64 64 62 62 66 66 66 67 67 68 68 64 67 68 68 68 69 68 69
35 35 35 35 31 31 33 34 34 34 33 33 33 33 33 32 32 32 32 32 31 31 32 32 32 32 32 31 31 31 31 31 31 31 32 32 32 33 33 33 34 36 37 42 37 36 36 41 42 45 45 44 46 47 47 47 47 48 49 49 50 50 50 51 52 56 57 58 59 59 60 61 61 62 63 64 64 65 66 66 66 66 67 67 67 68 68 67 67 68 69 69 69 69 69
35 34 35 35 33 30 32 33 34 34 33 33 33 33 33 32 32 32 32 32 32 31 31 31 31 31 31 31 30 31 31 31 31 32 32 32 32 33 33 35 36 36 36 40 43 39 41 42 44 45 43 44 45 46 46 47 47 48 49 49 49 50 51 52 52 57 57 58 59 60 61 62 62 63 63 64 65 66 66 66 67 67 67 67 68 68 68 68 68 69 69 69 69 70 69
34 34 33 34 34 33 32 31 33 33 33 33 33 33 33 32 32 32 32 31 31 32 31 31 31 31 31 31 31 31 31 31 32 32 32 32 32 33 34 34 35 36 39 42 41 39 41 42 41 42 45 46 46 45 47 46 46 47 49 48 51 53 53 54 56 57 58 59 60 60 61 62 63 64 64 65 66 66 67 67 67 67 68 68 68 68 69 69 69 69 69 69 69 70 69
34 34 33 34 34 34 34 33 33 33 33 33 33 33 32 32 32 32 32 31 31 31 31 31 31 31 31 31 31 31 31 31 31 32 32 32 33 33 33 34 34 35 36 36 37 39 40 40 40 40 41 42 43 44 46 47 48 49 50 51 52 53 54 55 56 57 58 59 60 61 62 63 63 64 65 66 66 67 67 67 67 68 68 68 68 69 69 69 69 69 69 69 69 69 69
33 34 33 34 34 33 33 33 32 32 32 33 33 32 32 32 32 32 32 31 31 31 31 31 31 31 31 31 31 31 31 31 31 32 32 32 33 33 33 34 34 35 37 39 37 40 39 40 40 44 45 42 43 45 45 47 48 49 50 52 52 54 55 56 57 58 59 60 60 62 62 63 64 64 65 66 66 67 68 68 68 68 68 69 69 69 69 69 69 70 69 69 70 70 70
33 33 34 33 33 33 33 33 33 33 32 32 32 32 32 32 32 32 31 31 31 31 31 31 31 31 31 32 32 32 31 31 31 32 32 32 33 34 34 34 35 35 36 40 38 38 39 39 40 41 42 44 44 44 45 47 48 49 50 52 53 54 55 56 57 58 59 60 61 62 63 64 64 65 66 67 67 68 68 68 68 69 69 69 69 70 70 70 70 70 70 70 70 70 70
33 33 34 34 33 33 33 32 32 33 32 32 31 32 32 32 32 31 32 31 31 31 31 31 32 31 31 32 33 33 32 31 32 32 32 33 33 33 34 35 37 36 36 37 37 38 39 39 40 41 42 43 43 45 45 47 49 49 49 52 53 54 55 56 57 59 60 60 61 62 63 64 65 66 67 67 67 68 69 68 69 69 69 69 70 69 70 70 70 70 70 70 70 70 70
33 33 33 34 33 33 33 33 32 33 32 32 32 31 32 32 32 31 31 31 31 31 31 31 31 31 31 32 33 33 32 32 31 32 32 33 34 34 34 35 35 36 36 37 38 39 39 39 40 41 43 44 43 45 45 48 49 50 51 52 54 55 56 57 58 59 60 61 62 63 64 64 65 66 67 67 68 68 69 69 69 69 69 69 69 70 70 70 70 70 70 70 70 70 70
34 33 33 34 33 33 33 33 32 32 32 32 32 32 31 32 32 31 31 31 31 31 31 31 31 31 31 32 32 32 32 32 32 32 32 33 33 35 35 35 36 37 38 37 38 39 40 41 41 41 42 44 44 46 47 47 49 50 51 53 54 55 56 57 58 59 60 61 62 63 64 65 65 66 67 68 68 69 69 69 70 70 70 70 69 69 70 70 71 71 70 70 70 70 70
33 34 33 33 33 33 33 33 32 32 32 32 32 32 32 32 31 31 31 31 31 31 31 31 31 31 31 31 31 32 32 32 32 32 32 33 33 34 34 35 36 37 37 37 38 39 40 41 42 43 42 43 44 47 48 48 50 51 52 53 55 56 56 58 59 60 61 61 62 63 64 65 66 67 67 68 69 69 69 70 70 70 70 70 70 70 70 71 70 71 71 71 71 71 71
33 32 33 32 33 33 33 33 32 32 32 32 32 31 31 31 31 31 31 31 31 31 31 31 31 31 31 31 31 31 32 32 32 32 32 33 33 34 34 35 35 36 36 37 38 39 40 41 42 43 44 43 45 47 48 49 50 51 52 54 55 56 57 58 59 60 61 62 62 64 64 65 66 67 67 68 69 69 69 69 70 70 71 70 70 71 70 71 71 71 70 70 71 71 71
33 32 33 32 32 32 33 32 32 32 32 32 32 31 30 30 31 31 31 31 31 31 31 31 31 31 31 31 31 31 32 32 32 32 33 33 33 34 34 35 35 36 36 37 38 39 40 40 42 43 45 45 46 48 49 50 51 52 53 54 55 57 57 59 59 60 61 62 63 63 64 65 66 66 67 68 68 69 69 69 70 70 71 71 71 71 70 70 71 71 71 71 71 71 71
33 31 32 32 32 33 32 32 32 32 32 31 30 31 31 31 31 31 31 31 31 31 31 31 31 31 31 31 31 32 32 32 32 33 34 34 34 34 34 35 35 36 37 37 38 39 40 41 42 43 44 46 47 48 49 50 51 52 53 55 56 57 58 59 60 61 61 62 63 64 64 65 66 67 68 68 68 69 69 69 70 70 71 71 71 71 70 70 71 71 71 71 71 71 71
33 33 31 32 32 32 32 31 32 32 32 31 30 30 31 31 31 31 31 31 31 31 31 31 32 32 32 32 32 32 32 32 32 33 33 34 34 34 34 35 35 36 37 37 38 39 40 40 42 43 43 45 47 48 49 50 51 53 54 55 56 57 58 59 60 60 62 62 63 64 65 65 66 67 68 68 69 69 69 69 70 70 70 71 70 71 71 71 71 71 71 71 71 71 71
33 33 33 32 32 31 32 31 31 32 32 31 30 30 30 31 31 31 31 31 31 31 31 32 32 32 32 33 33 33 33 33 33 33 33 34 34 34 34 35 35 36 37 38 38 39 40 40 42 42 44 45 47 48 49 50 52 53 54 55 56 58 58 59 60 61 62 63 63 64 65 65 67 67 68 68 69 69 70 69 70 69 71 70 71 71 71 71 71 71 71 71 71 71 71
33 33 33 31 31 31 31 32 31 31 31 31 31 30 30 31 31 31 31 31 31 31 31 31 32 32 32 32 33 33 33 34 33 33 33 34 34 35 35 35 36 36 37 37 38 39 40 41 42 43 44 45 45 48 49 50 52 53 54 55 57 58 59 60 60 61 62 63 63 64 65 65 66 67 67 68 68 69 70 70 70 70 70 70 71 70 71 71 71 71 71 71 71 71 71
34 33 33 32 31 31 31 30 32 31 31 31 31 31 30 31 31 31 31 31 31 31 31 31 31 32 32 32 32 33 33 34 34 34 34 34 34 36 36 36 36 36 37 38 38 39 41 41 42 43 45 45 45 46 49 51 52 53 54 56 57 58 59 60 61 61 62 63 64 64 65 65 66 67 67 68 68 68 69 70 69 70 70 70 70 70 71 71 71 71 71 71 71 71 71
34 34 32 32 31 31 31 31 31 31 31 31 31 31 31 30 31 31 31 31 31 31 31 31 31 31 32 33 33 33 33 33 34 35 34 35 36 36 36 37 37 38 38 39 39 39 39 40 42 44 45 44 43 45 48 51 52 54 55 56 57 58 59 60 61 61 62 63 63 64 65 65 66 67 67 68 68 69 69 69 69 70 70 70 70 70 71 71 71 70 71 71 71 71 71
34 33 32 32 32 31 31 31 30 30 31 31 31 31 31 31 31 31 31 31 31 31 31 31 31 31 32 33 33 34 34 34 34 34 34 34 35 36 35 35 36 37 37 39 39 39 40 40 41 45 46 44 43 44 47 51 53 54 55 56 57 58 59 60 61 62 62 63 64 64 65 65 66 66 67 67 68 68 69 69 69 70 69 70 70 70 70 71 71 71 70 71 71 71 71
34 33 32 32 32 31 30 31 31 30 30 31 31 31 31 31 31 31 31 32 31 31 31 31 31 32 33 33 33 33 33 33 34 34 34 34 35 35 36 36 37 38 38 39 39 40 40 40 41 41 42 47 46 44 46 51 52 54 55 56 57 58 60 60 61 62 62 63 63 64 65 65 66 67 67 67 68 68 68 69 69 69 70 70 70 70 70 70 70 71 70 71 71 71 71
34 33 32 32 31 31 30 30 31 30 31 31 31 30 31 31 31 31 31 31 31 31 31 31 31 31 31 33 33 33 34 33 34 34 34 34 34 35 36 37 36 37 37 38 39 39 40 40 40 41 42 45 48 49 50 51 53 54 55 56 57 59 59 60 61 61 62 63 63 64 65 65 66 66 67 67 68 68 68 68 69 69 69 69 70 70 70 70 71 70 71 71 71 71 71
34 33 33 32 30 31 31 30 30 31 30 30 30 30 31 31 31 31 31 31 31 31 31 31 31 31 31 32 33 34 34 34 34 34 34 34 35 36 36 36 37 36 37 38 38 39 39 40 40 42 42 44 48 50 51 52 52 54 55 56 58 58 60 60 61 62 62 62 63 64 64 65 66 66 67 67 68 67 68 68 69 69 69 70 69 69 69 70 70 70 71 71 70 70 70
34 34 34 33 33 31 31 31 31 30 30 30 30 31 30 30 31 30 30 31 31 32 32 31 31 31 31 31 32 33 34 34 35 35 35 35 36 36 36 35 35 36 37 37 38 38 39 40 40 42 42 43 47 50 51 52 53 54 56 56 57 58 60 60 61 62 62 63 63 64 65 65 66 66 66 67 67 68 68 68 69 69 69 69 69 69 69 70 70 70 70 70 70 70 70
33 34 33 33 31 32 30 31 31 31 31 30 31 30 32 31 31 31 30 31 32 32 33 33 33 32 32 32 33 34 34 34 34 34 35 35 35 36 37 35 35 36 36 37 38 38 39 40 42 44 44 42 43 48 51 52 54 54 56 57 58 58 60 61 61 61 62 62 63 63 64 65 65 66 66 66 67 67 68 68 68 68 69 69 69 69 69 70 69 69 70 70 70 70 70
34 33 34 32 32 31 32 32 31 30 31 31 30 31 31 32 31 31 31 31 32 33 33 33 33 33 33 34 34 34 34 34 34 35 35 35 35 35 36 37 37 38 36 37 38 38 39 40 42 44 44 44 43 47 51 52 53 55 56 57 58 59 60 60 60 61 62 63 63 64 64 65 65 66 66 66 67 67 67 68 68 68 68 69 69 69 69 69 69 70 70 69 69 69 69
34 33 34 33 32 32 32 33 33 31 31 30 31 31 31 31 31 31 31 32 32 33 33 33 33 33 33 34 34 34 34 34 35 35 35 35 35 36 36 36 37 38 36 37 38 38 39 40 40 44 46 47 48 46 50 51 53 54 55 56 58 59 60 60 60 61 62 63 63 63 64 64 65 65 66 66 66 67 67 67 68 68 68 68 68 68 69 68 69 69 70 69 69 69 69
33 33 33 33 33 33 33 33 33 31 31 31 31 31 31 31 31 31 31 31 31 31 33 33 34 34 33 34 34 34 34 34 35 35 35 35 35 36 36 36 36 38 38 39 37 38 39 40 40 41 41 43 46 44 44 50 52 53 55 56 57 59 59 60 61 61 62 63 63 63 64 64 65 65 65 66 66 67 67 67 67 68 68 68 68 69 68 68 69 69 69 69 69 69 69
33 33 33 33 33 33 33 33 32 32 32 31 31 31 31 31 30 32 31 31 31 32 32 33 33 33 33 32 34 34 35 35 35 35 36 36 36 37 36 36 37 37 38 39 38 37 39 40 40 41 42 42 43 44 44 49 52 53 54 55 57 58 59 60 61 61 62 62 62 63 63 64 64 65 65 65 66 66 67 66 67 67 67 68 68 68 68 68 69 68 68 68 69 69 69
34 33 33 33 33 32 32 33 32 32 32 32 31 31 31 31 31 31 31 31 31 31 31 32 32 31 33 31 31 31 31 32 34 32 34 35 34 36 37 37 38 38 38 38 37 39 39 39 40 41 42 43 44 43 46 49 50 53 54 55 56 57 59 60 60 61 62 62 62 63 63 63 64 65 65 65 65 66 66 66 66 67 68 68 67 67 67 68 68 68 68 68 68 68 68
34 34 33 33 33 33 32 33 32 32 32 32 31 31 31 31 30 31 30 31 31 31 31 31 31 31 31 31 31 31 31 31 31 31 31 32 32 33 35 37 38 37 37 36 38 38 39 40 40 41 43 44 45 47 45 48 50 51 53 54 55 56 58 58 60 60 61 62 62 63 63 63 63 64 64 65 65 65 66 66 66 66 67 67 67 67 68 68 68 68 68 68 68 68 68
34 34 33 33 33 33 32 32 32 32 32 32 31 31 31 31 32 31 30 31 31 31 31 31 31 31 31 31 31 31 32 32 32 32 32 32 32 33 37 37 38 38 38 36 37 38 39 40 40 43 44 45 46 47 47 49 49 49 52 54 55 56 57 58 59 60 61 61 62 62 63 63 64 64 64 65 65 65 66 66 66 67 66 67 66 67 67 67 67 67 67 67 67 67 67
34 34 33 33 33 32 32 32 32 32 32 32 32 31 31 31 30 31 31 31 31 31 31 31 31 31 31 31 31 31 31 32 32 31 32 36 35 34 35 34 34 35 36 36 37 38 40 42 41 41 45 46 46 47 48 50 49 51 52 54 55 56 57 57 59 60 60 61 61 62 62 63 63 63 63 64 64 65 65 65 66 66 66 66 66 66 66 67 66 67 66 67 67 67 68
33 33 33 33 33 32 32 32 32 31 31 31 32 31 31 31 31 31 31 32 31 31 31 31 31 31 31 31 31 31 31 31 35 35 33 32 33 34 34 34 35 35 36 36 36 37 38 39 42 42 45 45 47 47 48 49 50 52 51 53 55 55 57 58 59 59 59 60 61 61 62 62 62 63 63 64 64 64 65 65 65 66 66 66 66 66 67 66 67 66 66 66 67 66 67
