wc0.5/Cropped/bio13_28.asc
NCOLS 282 
NROWS 470 
XLLCORNER 79.525 
YLLCORNER 5.91666666666667 
CELLSIZE 0.00833333333333331 
NODATA_value -32768 
[rows 114 to 151 of 470, columns 87 to 173 of 282]
322 323 323 323 324 324 325 325 325 325 326 326 327 327 328 328 328 328 329 329 330 330 330 330 331 331 332 332 332 332 332 332 332 332 332 333 333 333 333 334 334 334 334 334 334 335 335 335 335 335 335 335 335 335 335 335 335 335 336 336 336 336 337 337 338 338 339 339 340 341 341 342 342 343 344 345 345 346 347 347 348 349 349 350 351 351 352
321 321 321 322 322 322 323 323 324 324 324 324 325 325 326 326 326 326 327 327 328 328 328 328 328 329 329 329 330 330 330 330 330 330 330 330 331 331 331 332 332 332 332 332 333 333 333 333 333 333 333 333 333 333 333 333 334 334 334 334 334 335 335 335 336 336 337 338 338 339 340 340 341 342 342 343 344 345 345 346 347 348 348 349 350 350 351
319 320 320 320 321 321 321 322 322 322 322 323 323 323 324 324 324 324 325 325 326 326 326 326 326 326 327 327 327 328 328 328 328 328 328 328 329 329 329 330 330 330 330 330 331 331 331 331 331 331 331 331 331 331 331 332 332 332 332 332 333 333 333 334 334 335 335 336 337 337 338 339 340 340 341 342 343 343 344 345 346 346 347 348 349 349 350
318 318 318 318 319 319 320 320 320 320 320 321 321 322 322 322 323 323 323 323 324 324 324 324 324 324 325 325 325 326 326 326 326 326 326 326 326 327 327 327 328 327 328 328 329 329 329 329 329 329 329 329 329 329 330 330 330 330 330 330 331 331 331 332 332 333 334 334 335 336 337 337 338 339 340 341 341 342 343 344 345 345 346 347 348 348 349
316 316 317 317 317 317 318 318 318 319 319 319 320 320 320 320 321 321 321 321 322 322 322 322 323 322 323 323 323 323 323 323 324 324 324 324 324 325 325 325 326 326 326 326 326 327 327 327 327 327 327 327 328 328 328 328 328 328 328 329 329 329 330 330 331 331 332 333 334 335 335 336 337 338 339 339 340 341 342 343 343 344 345 346 347 347 348
315 315 315 315 315 316 316 316 317 317 317 317 318 318 318 318 319 319 319 319 320 320 320 320 320 320 321 321 321 321 321 321 321 322 322 322 322 323 323 323 323 324 324 324 324 325 325 325 325 325 326 326 326 326 326 326 326 326 326 327 327 327 328 328 329 330 331 331 332 333 334 335 336 337 337 338 339 340 341 342 342 343 344 345 346 346 347
313 313 313 314 314 314 314 315 315 315 315 316 316 316 316 317 317 317 317 317 317 318 318 318 318 318 319 319 319 319 319 319 319 320 320 320 321 321 321 321 321 322 322 322 323 323 323 323 323 324 324 324 324 324 324 324 324 324 325 325 325 325 326 327 327 328 329 330 331 332 333 333 334 335 336 337 338 339 340 340 341 342 343 344 345 345 346
311 312 312 312 312 313 313 313 313 313 314 314 314 314 314 315 315 315 315 315 315 315 316 316 316 316 316 317 317 317 317 317 318 318 318 318 319 319 319 319 320 320 320 320 321 321 321 322 322 322 322 322 322 322 323 323 323 323 323 323 323 324 324 325 326 327 328 329 329 330 331 332 333 334 335 336 337 338 338 339 340 341 342 343 344 344 345
310 310 311 311 311 311 311 311 311 312 312 312 312 312 313 313 313 313 313 313 313 314 314 314 314 314 314 315 315 315 315 315 315 316 316 316 317 317 317 317 318 318 318 319 319 319 320 320 320 320 320 321 321 321 321 321 321 321 321 321 321 322 323 323 325 325 326 327 328 329 330 331 332 333 334 335 336 336 338 339 340 341 342 343 344 345 346
309 309 309 309 309 309 310 310 310 310 310 310 311 311 311 311 311 311 311 311 311 312 312 312 312 312 312 312 312 313 313 313 313 314 314 314 315 315 315 316 316 316 317 317 317 318 318 318 318 319 319 319 319 320 319 320 320 320 320 320 320 320 321 322 323 325 326 326 327 328 329 330 331 333 334 334 335 337 338 339 340 341 342 343 345 345 346
307 307 307 308 308 308 308 308 308 309 309 309 309 309 309 309 309 310 310 310 310 310 310 310 310 310 310 310 310 310 311 311 311 311 312 312 313 313 313 314 314 315 315 315 316 316 316 316 317 317 317 317 318 318 318 318 318 318 318 319 319 319 320 321 322 324 325 326 327 328 329 331 334 334 334 335 336 337 338 340 341 342 343 344 345 346 347
305 306 306 306 306 306 307 307 307 307 307 307 307 307 307 307 308 308 308 308 308 308 308 308 308 308 308 308 308 308 308 309 309 310 310 310 311 311 312 312 312 313 313 314 314 314 315 315 315 315 316 316 316 317 317 317 317 317 317 318 318 319 320 321 322 324 325 326 327 328 330 330 332 334 333 335 336 337 339 340 341 342 344 345 346 347 348
304 304 304 305 305 305 305 305 305 305 305 306 306 306 306 306 306 306 306 306 306 306 306 306 306 306 306 306 306 306 306 307 307 307 308 308 309 309 310 310 311 311 312 312 312 313 313 313 314 314 314 315 315 315 315 315 316 316 316 317 318 320 320 321 322 324 325 326 327 329 330 330 331 332 333 335 336 338 339 341 342 344 345 345 346 348 348
302 303 303 303 303 303 303 303 304 304 304 304 304 304 304 304 304 304 304 304 304 304 304 304 304 304 304 304 304 304 304 305 305 306 306 307 307 308 308 309 309 310 310 310 311 311 312 312 312 313 313 313 313 314 314 314 315 315 315 317 320 321 320 321 322 324 325 326 328 329 330 331 331 332 334 335 337 338 339 341 342 344 346 346 349 349 349
301 301 301 301 302 302 302 302 302 302 302 302 303 303 303 303 303 303 303 303 303 303 302 302 302 302 302 302 302 302 302 303 303 304 304 305 306 306 307 307 307 308 308 309 309 310 310 310 311 311 311 312 312 312 313 314 315 316 316 317 320 321 321 321 323 325 326 327 329 330 330 331 332 333 334 335 338 338 340 342 343 346 346 346 349 349 350
299 300 300 300 300 300 300 300 301 301 301 301 301 301 301 301 301 301 301 301 301 301 301 301 301 300 300 300 300 300 300 301 301 302 303 303 304 304 305 305 306 307 307 308 308 308 309 309 309 310 310 310 311 311 313 314 315 315 316 318 320 320 321 322 323 326 326 328 329 329 330 331 332 333 334 336 338 339 340 342 344 346 347 347 349 349 349
298 298 298 298 299 299 299 299 299 299 299 299 299 299 300 299 300 300 300 300 300 299 299 299 299 299 299 299 298 298 299 299 300 300 301 302 302 303 304 304 305 305 306 306 306 307 307 308 308 308 309 310 311 311 312 313 314 315 317 318 319 320 321 322 324 325 327 327 329 329 330 332 334 333 334 336 337 339 341 343 344 348 347 348 349 349 350
296 297 297 297 297 297 297 297 298 298 298 298 298 298 298 298 298 298 298 298 298 298 298 298 298 297 297 297 297 297 297 298 298 299 300 300 301 302 302 303 303 304 304 305 305 305 306 306 307 307 308 309 310 311 311 313 314 316 323 320 319 320 321 322 324 325 326 327 328 330 331 333 334 334 335 336 337 339 341 344 345 347 347 348 348 350 350
295 295 295 295 296 296 296 296 296 296 296 296 296 297 297 297 297 297 297 296 296 296 296 296 296 296 296 296 296 296 296 297 297 298 298 299 299 300 301 302 302 302 303 303 304 304 304 305 305 306 307 308 309 311 312 313 317 319 319 319 319 320 321 323 324 326 326 327 328 329 331 333 335 334 335 337 338 339 342 344 345 348 349 349 349 349 351
294 294 294 294 294 294 294 295 295 295 295 295 295 295 295 295 295 295 295 295 295 295 295 295 295 295 295 295 295 295 295 295 296 296 297 298 298 299 300 300 300 301 301 302 302 303 303 304 305 306 307 308 309 310 312 315 319 318 317 318 319 321 321 323 325 326 326 328 334 330 331 333 333 334 336 337 338 340 342 343 345 349 349 349 349 350 351
292 292 292 293 293 293 293 293 293 293 293 294 294 294 294 294 294 294 294 294 294 294 294 294 294 294 294 294 294 294 294 294 295 295 296 296 297 297 298 299 299 300 300 301 301 301 302 304 305 306 307 308 309 311 314 317 317 318 318 318 320 321 322 323 325 326 326 327 329 330 332 334 333 335 336 337 339 340 341 344 345 349 349 349 350 352 352
291 291 291 291 291 291 292 292 292 292 292 292 292 292 292 292 292 292 292 292 292 292 292 292 292 292 292 292 293 293 293 293 294 294 295 295 296 296 297 297 298 298 299 300 300 301 303 304 304 305 307 309 309 311 314 316 316 317 318 319 320 321 322 323 325 326 327 327 329 330 335 333 334 335 337 337 339 340 342 345 346 349 348 350 352 353 353
289 289 290 290 290 290 290 290 290 291 291 291 291 291 291 291 291 291 291 291 291 291 291 291 291 291 291 291 291 292 292 292 293 293 293 294 295 295 296 296 297 297 297 298 299 301 302 303 304 306 308 309 310 313 316 315 316 317 318 319 320 321 322 324 326 326 327 328 329 331 333 333 334 336 337 338 340 341 342 345 346 347 348 350 352 353 353
288 288 288 288 289 289 289 289 289 289 289 289 289 289 290 290 290 290 290 290 290 290 290 290 290 290 290 290 290 291 291 291 291 292 292 293 293 294 294 295 296 296 297 299 299 301 302 303 304 306 308 308 312 314 313 314 316 317 318 319 320 321 322 324 326 327 327 328 330 331 335 334 335 336 338 339 340 341 343 344 345 347 348 350 352 354 354
287 287 287 287 287 287 287 287 288 288 288 288 288 288 288 288 288 288 288 288 288 288 289 289 289 289 289 289 289 289 290 290 290 291 291 292 292 293 293 294 296 297 298 298 300 300 302 303 304 306 308 310 312 312 313 314 315 316 317 319 320 321 323 325 325 327 328 329 330 332 333 334 335 337 339 340 340 342 343 344 346 347 349 350 352 354 355
285 285 285 286 286 286 286 286 286 286 286 286 287 287 287 287 287 287 287 287 287 287 287 287 288 288 288 288 288 288 289 289 289 290 290 291 291 292 292 293 297 296 297 298 300 300 302 303 304 306 308 311 310 311 312 314 315 316 317 319 320 322 323 325 326 327 328 329 330 333 333 334 336 338 338 341 341 342 344 345 347 348 349 351 353 355 356
284 284 284 284 284 285 285 285 285 285 285 285 285 285 285 286 286 286 286 286 286 286 286 286 286 287 287 287 287 287 288 288 288 289 289 290 290 291 291 293 296 296 297 298 299 301 302 303 304 307 309 311 310 311 312 313 315 316 318 319 321 322 324 325 327 328 329 329 331 334 334 335 337 338 339 341 342 343 344 345 348 348 350 352 354 356 358
282 283 283 283 283 283 283 283 284 284 284 284 284 284 284 284 284 284 285 285 285 285 285 285 285 285 286 286 286 286 287 287 287 288 288 289 289 290 293 294 297 297 297 298 299 301 303 303 308 307 312 309 310 311 312 313 317 317 318 320 321 322 324 326 327 328 329 330 332 334 334 336 338 339 340 341 342 343 344 347 348 349 350 353 355 357 360
281 281 281 282 282 282 282 282 282 282 282 283 283 283 283 283 283 283 283 283 284 284 284 284 284 284 285 285 285 285 286 286 286 287 287 287 288 289 291 293 295 296 297 297 299 301 302 303 307 307 309 309 310 311 312 314 316 317 318 320 321 323 325 327 327 329 329 330 333 333 336 338 338 339 339 341 342 343 345 347 349 349 351 354 356 361 359
280 280 280 280 280 281 281 281 281 281 281 281 281 282 282 282 282 282 282 282 282 283 283 283 283 283 284 284 284 284 285 285 285 286 286 287 287 288 290 292 294 296 297 298 300 301 302 303 305 306 307 309 310 311 312 313 315 317 319 320 322 325 327 329 329 328 329 331 333 334 337 338 339 339 340 341 342 344 345 346 350 351 352 355 360 358 358
279 279 279 279 279 279 279 280 280 280 280 280 280 280 280 281 281 281 281 281 281 281 282 282 282 282 282 283 283 283 284 284 284 285 285 286 286 288 290 292 294 295 297 299 299 300 302 303 304 306 307 308 309 310 312 313 315 318 319 321 323 330 329 329 328 329 331 332 335 336 338 337 338 339 340 342 343 344 346 347 349 352 354 355 357 358 358
277 277 278 278 278 278 278 278 278 279 279 279 279 279 279 279 280 280 280 280 280 280 281 281 281 281 281 282 282 282 283 283 283 284 284 284 285 287 289 291 292 294 296 298 299 301 303 303 304 307 306 308 309 311 312 314 316 319 321 322 324 327 330 326 328 330 332 333 335 336 338 338 338 340 341 342 343 344 346 348 349 351 353 355 356 357 358
276 276 276 276 277 277 277 277 277 277 277 278 278 278 278 278 278 279 279 279 279 279 280 280 280 280 280 281 281 281 282 282 282 283 283 284 285 287 288 290 292 294 296 297 300 303 301 303 303 305 306 309 309 311 312 314 316 320 321 325 324 328 328 327 330 333 333 335 335 336 338 339 339 341 341 342 343 345 346 348 350 352 354 354 356 356 358
275 275 275 275 275 276 276 276 276 276 276 276 277 277 277 277 277 278 278 278 278 278 279 279 279 279 279 280 280 280 281 281 282 282 282 283 285 287 289 290 292 294 295 297 300 303 301 302 303 305 306 308 309 311 312 314 316 321 323 324 326 330 326 328 333 334 334 335 335 336 337 338 339 341 341 342 343 346 347 349 350 353 355 355 357 357 358
274 274 274 274 274 274 274 275 275 275 275 275 275 276 276 276 276 276 277 277 277 277 277 278 278 278 279 279 279 279 280 280 281 281 282 283 285 287 288 291 291 292 295 297 301 302 301 302 303 305 307 307 309 311 312 314 316 319 322 323 326 328 326 328 329 332 333 335 334 335 337 338 339 341 341 342 344 345 348 351 351 352 355 356 356 359 360
272 272 273 273 273 273 273 273 274 274 274 274 274 274 275 275 275 275 276 276 276 276 276 277 277 277 278 278 278 278 279 279 279 280 281 282 283 285 287 290 290 292 294 297 301 300 301 302 303 305 306 308 309 311 313 314 316 318 322 323 326 325 326 327 329 332 332 334 335 336 336 338 338 340 341 342 344 346 349 351 352 353 354 355 356 362 361
271 271 271 272 272 272 272 272 273 273 273 273 273 273 274 274 274 274 274 275 275 275 275 276 276 276 277 277 277 277 278 278 279 279 280 281 283 285 287 289 290 292 295 297 300 299 300 302 303 305 307 308 309 311 313 315 316 318 322 322 324 324 325 327 329 331 333 333 335 336 336 338 339 339 341 342 344 346 348 350 352 353 354 357 356 360 360
270 270 270 270 271 271 271 271 271 271 272 272 272 272 272 273 273 273 273 274 274 274 274 275 275 275 276 276 276 276 277 277 278 278 279 280 282 284 286 287 289 292 294 301 297 298 299 302 303 306 306 307 309 311 313 318 316 318 320 322 323 325 326 327 328 331 332 334 334 337 337 338 339 340 341 342 344 346 347 350 352 353 355 356 357 361 363
