wc0.5/Cropped/bio4_28.asc
NCOLS 282 
NROWS 470 
XLLCORNER 79.525 
YLLCORNER 5.91666666666667 
CELLSIZE 0.00833333333333331 
NODATA_value -32768 
[rows 360 to 395 of 470, columns 162 to 242 of 282]
967 997 1004 1029 1051 997 991 1066 1062 1028 1065 1087 1069 1046 1089 1073 1039 1035 1065 1093 1097 1104 1117 1041 933 916 955 961 1025 1062 1089 1032 934 915 879 922 917 1004 991 947 926 941 893 922 912 913 951 932 948 973 902 963 935 978 982 909 964 962 992 996 977 983 989 992 972 991 962 989 1007 1001 1001 1019 1005 1006 991 1022 1000 1015 1028 1051 1025
901 983 994 1011 1036 1020 1002 1026 1032 1045 1083 1057 1039 1078 1033 1009 1063 968 1027 1092 1099 1090 1107 1050 1013 954 882 944 914 974 980 959 1020 927 877 947 913 984 967 906 890 901 920 905 905 923 1006 938 941 976 945 943 947 960 948 963 930 926 959 957 983 951 975 982 965 994 960 991 981 1015 996 995 1009 1019 1005 982 1005 999 1032 1022 1025
842 895 997 1011 1054 1071 1027 1035 1039 1051 1060 1077 1057 1027 992 935 871 814 1040 1072 1102 1058 1066 1020 965 903 835 851 897 928 865 893 904 890 891 904 919 996 941 881 907 882 918 913 903 922 977 931 921 928 915 929 947 941 910 977 925 934 992 984 996 975 989 959 974 975 995 982 1010 1000 990 1005 995 989 1004 996 1008 1027 1031 1072 1013
912 941 1005 1048 1018 1037 1049 1038 1026 1067 991 983 986 1009 919 818 759 797 978 1037 1022 945 1064 1071 977 933 895 881 864 852 854 883 862 892 929 880 929 943 893 882 889 872 884 897 905 916 980 943 866 938 935 957 941 936 946 969 1005 949 920 978 985 932 971 981 1002 1016 963 969 996 1011 989 989 1001 1009 998 1000 1004 1006 1024 1006 1007
739 850 963 1020 1039 1053 1027 1040 1033 1036 921 971 880 753 745 723 704 775 889 960 976 1039 1049 986 888 890 878 825 846 874 889 858 912 871 850 874 891 868 877 892 891 883 876 891 894 908 1016 901 932 896 941 970 950 944 931 1005 1000 973 989 973 935 970 978 968 997 993 1001 977 987 1010 1008 990 992 1014 1007 975 1021 999 1014 1008 1054
687 766 860 985 998 1016 1036 1030 1057 1000 953 848 785 825 829 832 714 742 717 966 990 1066 1071 1021 879 875 800 831 876 844 844 855 874 845 872 842 882 858 863 902 901 899 900 907 889 907 1015 906 893 932 923 931 910 948 936 995 1016 1022 953 914 928 981 942 966 941 963 984 974 963 1008 994 1025 999 1010 993 1009 994 1016 1024 993 983
714 798 960 858 853 922 971 993 1061 1020 926 764 844 959 1066 891 834 798 976 1008 984 1086 1070 1042 895 872 825 875 851 863 852 838 914 859 853 842 848 871 862 883 894 881 891 926 891 904 927 874 918 887 902 927 968 910 912 932 1001 1006 944 925 928 968 989 918 990 927 941 949 964 1000 1002 1018 1005 1008 989 1002 1010 1008 1007 1026 1013
1018 1025 1036 1007 866 813 780 868 984 973 882 795 884 1039 1036 971 916 869 1068 1015 1060 1015 1063 983 893 882 796 882 850 881 890 859 828 876 865 867 822 883 890 876 867 859 861 883 891 889 894 939 931 900 889 895 911 889 935 945 970 926 923 968 982 950 970 956 946 978 969 944 967 1017 958 992 1003 1024 986 1020 989 991 976 1019 1029
989 996 948 948 993 996 1005 961 911 1058 971 960 996 1019 1002 1064 1074 1065 1048 1075 1090 1013 1071 955 887 840 809 828 831 870 832 876 839 853 806 814 869 862 850 844 884 867 880 883 873 903 922 866 876 887 897 894 898 954 909 897 934 909 956 922 963 957 972 947 981 965 934 940 944 963 1004 986 989 1005 1006 999 977 1010 1005 997 1010
925 910 907 892 887 928 950 999 1003 1014 1011 1003 1008 940 954 1031 1026 1008 1028 1048 1055 1056 1045 916 885 826 791 831 815 818 847 855 837 839 833 852 824 840 849 855 857 855 855 907 898 892 917 926 902 905 905 904 947 964 897 929 955 923 936 940 963 940 967 976 966 935 954 996 949 972 982 1014 972 987 981 1004 1020 1020 1002 984 1026
885 868 876 878 852 890 874 869 925 1011 937 992 938 912 900 938 975 977 1005 1011 1074 1050 1025 886 873 803 834 810 810 789 834 830 801 782 814 832 871 884 834 856 877 884 891 866 884 868 891 880 892 897 905 904 906 969 931 930 900 925 932 933 911 969 941 986 948 925 965 991 943 988 975 1010 1023 987 1024 992 1015 995 1010 994 1001
847 827 849 824 850 832 804 795 839 838 866 865 843 864 878 906 927 936 996 1002 973 984 968 819 885 839 807 802 804 834 847 803 840 809 806 837 867 854 840 846 850 855 854 854 886 882 899 924 895 888 916 911 896 942 960 952 929 939 936 919 924 928 941 966 939 975 927 950 972 950 970 1006 1011 1011 984 984 1009 992 996 988 1010
814 815 841 823 812 805 800 759 799 806 802 800 784 817 864 898 918 906 888 937 981 975 888 855 840 797 804 790 782 824 838 840 822 819 832 864 854 833 834 845 871 875 845 854 877 882 907 910 869 898 906 911 910 935 945 892 948 928 920 887 927 928 934 912 960 919 952 976 975 953 984 978 984 1000 978 966 972 990 937 991 1001
815 803 755 730 777 756 756 703 746 740 762 788 768 788 845 843 863 849 839 855 910 859 849 857 780 781 784 800 826 830 825 806 831 808 840 837 841 842 843 839 848 872 868 893 893 863 906 873 892 890 880 881 945 910 927 875 901 925 952 944 938 938 951 944 925 928 935 926 983 962 967 971 993 963 997 988 968 955 976 953 1023
712 736 733 686 738 724 733 714 757 781 876 861 784 808 832 830 894 876 815 815 865 870 846 818 820 811 776 806 783 812 902 829 808 841 816 823 828 860 848 852 853 841 877 882 874 885 871 888 899 874 901 894 902 909 884 903 941 889 905 947 933 942 919 958 939 931 932 930 930 926 989 953 992 1003 942 963 977 999 999 987 1011
710 698 724 704 727 703 701 784 801 838 857 823 842 831 870 867 892 882 862 835 825 848 837 805 823 835 766 799 776 822 885 828 801 796 827 814 803 839 856 846 830 847 852 834 834 854 871 912 893 867 879 912 897 890 916 903 892 905 892 921 908 949 958 938 941 923 927 935 930 939 962 979 944 971 992 949 963 969 971 978 995
736 743 649 690 682 686 730 734 738 758 746 836 889 823 778 850 878 876 877 851 820 831 814 798 810 802 774 784 826 784 911 869 779 810 798 828 821 855 823 859 845 855 852 851 849 864 869 891 872 902 888 913 905 895 900 891 907 890 901 910 957 957 946 946 930 925 917 932 939 975 963 998 934 937 978 953 990 1000 985 958 1003
749 758 722 717 660 670 702 715 725 753 748 750 755 788 748 839 832 869 861 837 788 789 817 774 783 774 788 782 819 812 827 821 796 813 806 820 811 843 830 845 852 858 850 862 852 860 860 891 847 894 894 875 897 908 914 896 888 904 915 896 901 956 957 917 922 942 917 922 946 975 960 961 958 987 939 957 978 983 988 987 964
725 714 715 691 684 672 706 720 762 772 743 759 797 768 726 787 798 815 871 801 814 789 781 794 745 778 785 796 813 822 778 799 788 802 828 846 855 838 820 856 823 832 866 844 850 862 876 872 886 866 866 893 888 914 892 899 881 883 895 925 927 937 946 892 927 917 938 947 953 969 952 962 949 955 944 943 955 996 947 958 976
660 695 725 671 661 664 738 714 734 755 740 755 766 756 751 750 773 811 763 787 801 772 771 784 748 782 790 791 803 797 801 793 817 805 809 820 821 834 852 843 810 810 819 837 844 849 853 848 886 899 899 894 872 918 878 899 894 893 897 906 931 936 924 944 925 917 925 949 946 937 953 959 961 969 971 944 985 980 991 982 973
656 661 670 679 670 678 674 724 715 752 750 788 731 732 745 752 738 774 782 785 769 757 779 794 785 778 797 780 780 757 789 808 790 794 806 812 820 802 812 810 819 833 845 824 846 866 874 876 883 862 921 847 918 884 892 893 878 896 884 898 929 949 936 922 936 909 917 924 923 923 943 942 954 962 934 954 967 960 933 945 970
638 644 647 661 670 681 677 698 712 738 768 802 748 734 743 788 748 755 795 762 779 748 795 810 757 790 765 774 784 775 793 781 789 785 815 811 833 814 840 826 811 860 848 864 846 854 867 869 869 887 884 902 926 874 919 897 907 888 898 876 911 927 937 933 938 942 896 936 929 905 920 939 940 934 936 934 954 924 939 962 953
636 636 639 661 655 659 678 722 705 693 714 806 804 700 733 717 790 741 735 763 763 757 794 801 769 739 792 777 791 778 792 761 780 814 798 811 785 796 812 806 817 860 828 837 837 842 875 848 855 900 888 880 880 880 901 867 867 868 885 901 927 929 904 930 938 920 908 918 940 912 940 939 931 946 973 947 954 952 961 937 941
650 644 646 642 677 668 667 664 687 668 680 712 695 692 694 677 808 823 750 734 727 745 760 731 750 762 783 780 791 774 769 791 794 797 816 811 805 809 826 813 822 809 802 818 826 838 832 864 865 861 883 893 867 852 860 885 870 901 909 884 922 926 921 912 938 902 911 908 902 940 936 938 950 953 921 969 959 966 954 967 969
650 641 633 633 678 656 644 665 660 685 685 685 722 715 706 715 720 723 744 741 717 724 740 734 760 755 793 788 793 773 775 794 802 778 810 796 815 820 813 820 822 834 837 825 833 867 846 850 841 872 844 866 867 904 865 841 866 882 904 918 924 923 929 915 902 895 915 899 946 925 935 938 938 957 967 946 935 931 962 926 962
641 661 633 660 642 653 658 648 659 705 705 699 689 749 698 706 707 730 756 727 731 744 744 768 759 750 751 763 769 769 780 788 779 762 795 791 780 816 808 838 794 837 837 836 847 861 848 824 847 879 846 872 860 888 841 841 898 875 909 876 904 923 908 891 910 897 906 911 928 907 943 910 925 963 925 951 948 950 925 927 941
623 650 642 633 664 664 661 650 682 660 700 727 692 658 678 700 719 749 763 742 751 744 708 736 755 758 780 782 794 775 780 761 762 750 787 818 794 830 788 803 796 821 831 843 866 847 871 838 857 866 868 866 862 874 871 882 849 862 920 920 910 929 879 897 892 916 907 901 907 892 920 955 938 930 949 945 948 963 954 974 975
613 626 648 660 653 675 680 672 662 682 694 677 683 687 697 713 731 741 697 710 735 753 730 731 728 776 768 774 755 788 770 761 761 763 790 793 787 799 794 799 825 806 809 827 811 839 857 860 845 868 868 873 861 885 874 872 863 900 919 874 889 910 902 910 890 882 909 914 927 942 946 960 913 930 953 949 924 975 957 967 956
609 640 668 637 660 670 668 689 686 702 706 708 675 689 717 714 747 742 686 700 713 745 737 754 768 769 766 782 765 782 751 761 783 790 790 787 791 802 802 806 810 789 817 803 811 796 839 827 846 871 874 852 881 866 853 841 867 862 867 933 898 881 917 912 910 907 891 906 889 938 905 947 947 955 931 921 943 920 927 946 924
620 614 624 643 633 663 665 684 671 675 675 692 686 681 702 718 705 715 673 694 721 705 721 727 726 783 753 740 747 747 744 761 758 805 782 785 811 816 802 809 830 817 818 839 811 830 813 853 852 824 874 877 850 852 859 867 875 875 874 887 908 905 887 909 883 904 893 905 904 909 917 927 926 944 919 924 915 925 945 942 908
629 647 645 655 646 648 654 676 675 651 654 685 705 704 715 702 721 710 693 695 733 706 707 722 720 730 729 745 734 761 759 760 748 794 783 810 810 800 778 810 788 824 813 824 826 802 808 837 823 850 867 874 871 847 849 839 862 857 858 893 848 887 884 860 917 902 893 888 935 904 929 947 945 936 923 919 912 960 946 962 953
646 645 654 641 633 649 640 638 680 643 649 666 688 688 674 706 709 691 701 703 727 702 715 715 758 735 764 742 745 761 755 748 768 754 792 810 801 764 768 786 815 817 814 828 826 809 831 804 845 838 841 874 874 861 859 840 845 853 876 866 887 906 894 903 909 899 899 876 909 889 911 921 917 947 950 949 939 922 920 935 949
644 627 640 664 664 659 667 676 660 665 656 675 681 681 670 705 699 693 691 701 725 704 721 755 735 757 752 746 765 743 734 724 761 770 797 774 779 764 762 771 800 809 802 804 806 826 844 829 859 859 878 823 830 833 832 848 858 865 883 887 892 887 889 905 889 883 877 893 886 892 925 907 932 936 926 894 948 915 912 912 939
644 623 645 634 653 665 663 659 663 653 653 665 670 691 657 705 696 699 709 720 741 703 717 725 749 747 735 745 744 738 729 753 778 779 773 772 790 774 792 805 813 813 798 813 812 822 814 839 858 835 842 867 827 874 846 858 843 879 887 879 887 895 874 873 881 865 876 873 870 913 914 907 927 932 922 907 934 937 926 938 945
641 632 642 635 624 642 644 652 639 645 656 671 679 703 691 701 697 704 710 717 731 698 716 701 746 740 718 730 734 740 743 749 763 752 762 775 777 769 797 801 790 800 818 772 831 814 814 827 841 841 825 878 864 815 815 877 862 874 879 867 887 863 872 866 900 871 876 863 892 909 892 914 921 918 910 922 911 921 929 945 932
640 613 621 625 649 620 621 651 657 644 658 650 662 689 709 695 694 706 718 700 703 718 731 724 712 715 717 709 709 733 742 754 774 784 786 753 795 775 797 818 794 770 788 814 818 796 825 807 823 823 856 850 850 831 856 880 852 839 833 874 873 897 871 906 895 867 893 872 866 870 909 921 932 925 917 902 911 922 945 955 936
