wc0.5/Cropped/bio4_28.asc
NCOLS 282 
NROWS 470 
XLLCORNER 79.525 
YLLCORNER 5.91666666666667 
CELLSIZE 0.00833333333333331 
NODATA_value -32768 
[rows 216 to 251 of 470, columns 162 to 242 of 282]
1274 1296 1295 1291 1302 1317 1302 1321 1339 1328 1319 1305 1328 1329 1305 1315 1338 1327 1361 1328 1382 1352 1325 1344 1371 1358 1351 1366 1376 1384 1399 1355 1364 1371 1373 1416 1410 1359 1374 1397 1382 1386 1368 1363 1367 1368 1381 1377 1383 1394 1368 1389 1416 1426 1413 1404 1406 1402 1442 1454 1440 1425 1429 1446 1445 1435 1432 1419 1436 1419 1435 1445 1461 -32768 -32768 -32768 -32768 -32768 -32768 -32768 -32768
1301 1313 1274 1290 1267 1300 1295 1290 1302 1319 1323 1294 1301 1329 1329 1330 1332 1326 1324 1346 1333 1355 1343 1343 1341 1344 1349 1352 1385 1385 1372 1363 1349 1364 1394 1399 1401 1355 1374 1397 1369 1357 1395 1389 1367 1380 1364 1402 1367 1402 1355 1392 1407 1432 1409 1408 1418 1406 1394 1442 1410 1432 1417 1450 1417 1446 1435 1437 1443 1446 1418 1438 1455 -32768 -32768 -32768 -32768 -32768 -32768 -32768 -32768
1286 1278 1295 1294 1289 1279 1308 1293 1315 1319 1329 1279 1284 1320 1324 1328 1335 1300 1315 1327 1361 1335 1340 1346 1341 1326 1337 1368 1344 1367 1384 1340 1363 1357 1375 1338 1382 1385 1359 1371 1384 1362 1362 1362 1395 1365 1368 1358 1392 1385 1374 1399 1379 1403 1412 1433 1404 1401 1406 1406 1397 1432 1426 1436 1431 1446 1441 1429 1437 1429 1438 1430 1452 1451 -32768 -32768 -32768 -32768 -32768 -32768 -32768
1288 1285 1267 1314 1283 1267 1287 1306 1285 1287 1319 1307 1325 1280 1300 1326 1342 1300 1306 1346 1358 1360 1360 1311 1304 1335 1325 1360 1344 1352 1370 1353 1355 1357 1357 1360 1346 1356 1355 1365 1391 1360 1371 1371 1365 1372 1361 1368 1375 1392 1365 1380 1382 1395 1405 1404 1417 1405 1396 1406 1420 1426 1439 1427 1431 1437 1418 1430 1423 1437 1428 1442 1454 1445 1428 -32768 -32768 -32768 -32768 -32768 -32768
1266 1245 1278 1266 1276 1267 1295 1306 1297 1295 1309 1313 1304 1298 1306 1325 1324 1314 1299 1301 1358 1351 1321 1316 1298 1293 1316 1340 1363 1347 1353 1353 1370 1350 1331 1367 1351 1346 1350 1345 1377 1368 1363 1357 1380 1390 1368 1351 1387 1391 1385 1369 1358 1372 1390 1391 1396 1411 1399 1396 1429 1420 1430 1409 1421 1446 1415 1428 1416 1437 1431 1434 1444 1454 1446 1456 -32768 -32768 -32768 -32768 -32768
1266 1266 1265 1272 1268 1269 1267 1276 1274 1286 1294 1302 1307 1299 1305 1311 1312 1315 1314 1300 1307 1334 1323 1316 1337 1323 1281 1325 1346 1335 1353 1353 1364 1357 1334 1331 1333 1351 1361 1375 1383 1352 1363 1341 1379 1341 1368 1350 1371 1366 1381 1392 1370 1382 1392 1391 1413 1404 1400 1410 1418 1430 1398 1406 1420 1431 1457 1453 1405 1424 1420 1433 1443 1447 1465 1435 1456 -32768 -32768 -32768 -32768
1229 1277 1279 1275 1279 1245 1292 1253 1300 1295 1297 1305 1326 1307 1319 1307 1320 1320 1306 1293 1311 1308 1313 1326 1313 1340 1301 1342 1346 1347 1339 1353 1358 1357 1343 1341 1339 1341 1364 1325 1370 1379 1364 1368 1371 1373 1372 1362 1366 1359 1386 1380 1383 1391 1370 1371 1411 1400 1405 1398 1406 1439 1406 1424 1420 1426 1422 1414 1411 1424 1424 1441 1433 1435 1406 1452 1455 1466 -32768 -32768 -32768
1257 1257 1237 1247 1252 1289 1268 1268 1279 1276 1307 1273 1300 1295 1303 1298 1313 1315 1297 1302 1315 1328 1307 1351 1339 1324 1319 1348 1346 1347 1346 1346 1340 1350 1349 1345 1332 1333 1341 1345 1332 1366 1376 1383 1348 1350 1367 1355 1364 1356 1354 1367 1391 1380 1391 1373 1412 1403 1398 1403 1410 1419 1432 1437 1416 1420 1429 1413 1453 1416 1441 1436 1426 1441 1429 1453 1464 1443 1466 -32768 -32768
1242 1251 1264 1258 1260 1271 1259 1239 1268 1268 1290 1276 1265 1287 1303 1267 1291 1315 1300 1271 1299 1311 1317 1324 1328 1316 1321 1306 1338 1346 1355 1331 1345 1333 1349 1345 1338 1334 1331 1348 1325 1327 1338 1347 1371 1348 1362 1348 1368 1328 1357 1377 1368 1378 1400 1400 1383 1391 1417 1402 1416 1419 1404 1399 1430 1414 1404 1421 1423 1429 1416 1440 1426 1447 1456 1418 1434 1449 1437 1461 -32768
1235 1220 1250 1259 1261 1251 1267 1244 1263 1232 1260 1298 1283 1306 1287 1302 1293 1315 1309 1300 1296 1286 1326 1307 1307 1324 1325 1313 1338 1312 1355 1316 1320 1344 1346 1330 1312 1318 1317 1344 1312 1327 1335 1354 1342 1365 1355 1359 1368 1349 1339 1356 1398 1401 1404 1381 1383 1385 1412 1419 1402 1403 1416 1395 1388 1406 1406 1404 1431 1450 1415 1388 1427 1420 1442 1452 1414 1427 1429 1440 -32768
1242 1243 1220 1212 1220 1260 1258 1225 1268 1277 1268 1284 1283 1291 1287 1266 1265 1307 1294 1283 1273 1288 1287 1285 1307 1307 1316 1307 1295 1336 1341 1347 1311 1335 1319 1304 1330 1317 1322 1325 1347 1355 1347 1376 1377 1348 1352 1370 1370 1355 1359 1365 1378 1395 1396 1404 1381 1378 1377 1417 1410 1406 1428 1415 1391 1398 1406 1404 1420 1422 1401 1401 1407 1409 1427 1447 1447 1433 1442 1427 1460
1244 1230 1230 1229 1241 1251 1260 1251 1253 1247 1248 1252 1270 1273 1294 1300 1305 1270 1300 1269 1274 1287 1284 1271 1294 1312 1321 1314 1307 1323 1346 1347 1288 1299 1305 1314 1348 1347 1322 1330 1325 1331 1344 1327 1370 1341 1369 1358 1371 1362 1357 1337 1369 1388 1417 1396 1373 1377 1377 1377 1416 1413 1403 1412 1395 1406 1405 1406 1414 1411 1413 1421 1415 1413 1413 1446 1443 1430 1442 1432 1468
1249 1208 1227 1216 1240 1217 1257 1263 1231 1225 1254 1248 1279 1262 1274 1291 1300 1278 1299 1296 1275 1266 1281 1278 1278 1282 1284 1314 1298 1300 1331 1288 1292 1310 1285 1303 1325 1333 1326 1312 1314 1325 1335 1338 1343 1365 1372 1377 1346 1353 1340 1329 1346 1382 1395 1412 1400 1368 1376 1370 1392 1421 1410 1406 1412 1423 1396 1397 1394 1426 1452 1447 1424 1413 1421 1429 1421 1449 1457 1433 1458
1234 1222 1239 1227 1194 1230 1258 1251 1260 1228 1240 1270 1272 1263 1245 1275 1297 1264 1270 1286 1262 1281 1273 1267 1271 1258 1268 1285 1286 1288 1292 1322 1296 1293 1276 1289 1318 1325 1336 1311 1305 1325 1315 1344 1346 1369 1361 1338 1367 1347 1364 1373 1360 1337 1365 1364 1412 1385 1364 1382 1355 1401 1403 1396 1414 1423 1426 1398 1393 1412 1449 1424 1435 1447 1421 1424 1434 1448 1445 1473 1448
1207 1235 1235 1209 1233 1218 1222 1260 1261 1247 1253 1262 1261 1270 1263 1263 1294 1284 1278 1292 1284 1269 1269 1269 1285 1282 1269 1291 1306 1285 1301 1278 1287 1315 1307 1299 1276 1317 1330 1327 1298 1314 1332 1344 1349 1329 1360 1325 1383 1359 1368 1387 1360 1374 1374 1384 1401 1399 1362 1370 1385 1402 1409 1416 1406 1410 1423 1410 1400 1419 1408 1449 1460 1435 1426 1421 1435 1448 1448 1471 1471
1192 1230 1201 1227 1232 1220 1230 1238 1236 1237 1255 1253 1262 1261 1256 1267 1291 1278 1263 1269 1278 1306 1312 1291 1301 1303 1275 1273 1299 1311 1300 1272 1299 1310 1302 1288 1284 1318 1324 1327 1316 1316 1310 1331 1336 1329 1327 1346 1338 1390 1344 1354 1342 1360 1369 1360 1384 1412 1376 1377 1381 1375 1404 1407 1420 1411 1420 1419 1416 1419 1412 1425 1442 1420 1419 1436 1412 1439 1448 1456 1471
1172 1222 1218 1227 1232 1228 1198 1222 1246 1243 1255 1254 1255 1269 1252 1246 1269 1285 1283 1264 1269 1277 1290 1298 1306 1302 1282 1275 1292 1298 1285 1279 1299 1292 1274 1284 1261 1309 1324 1340 1326 1316 1321 1317 1319 1329 1360 1344 1330 1342 1340 1371 1362 1356 1353 1368 1384 1399 1412 1377 1380 1391 1390 1375 1419 1417 1411 1423 1412 1415 1415 1425 1421 1424 1429 1419 1422 1441 1438 1456 1461
1200 1223 1215 1221 1232 1205 1212 1208 1253 1246 1239 1216 1256 1236 1272 1270 1254 1257 1280 1267 1269 1277 1284 1290 1291 1302 1277 1286 1268 1301 1290 1279 1279 1274 1287 1300 1285 1262 1324 1324 1327 1326 1317 1303 1296 1315 1317 1349 1342 1361 1325 1348 1350 1355 1362 1368 1357 1341 1412 1400 1377 1394 1386 1395 1394 1407 1391 1411 1410 1397 1419 1429 1412 1426 1420 1427 1442 1441 1441 1447 1442
1187 1207 1216 1197 1226 1219 1195 1225 1229 1236 1255 1231 1207 1209 1251 1231 1254 1270 1276 1263 1249 1238 1269 1276 1282 1293 1246 1267 1259 1280 1272 1285 1286 1282 1277 1301 1295 1262 1261 1287 1345 1332 1322 1312 1319 1295 1337 1317 1346 1337 1338 1334 1362 1352 1367 1366 1356 1335 1393 1407 1366 1370 1378 1384 1394 1375 1417 1415 1437 1413 1416 1406 1415 1422 1431 1440 1431 1442 1441 1443 1442
1197 1175 1189 1195 1205 1210 1212 1196 1238 1230 1253 1202 1242 1215 1228 1249 1253 1239 1247 1285 1254 1250 1240 1253 1267 1275 1262 1237 1251 1262 1266 1285 1282 1273 1277 1287 1261 1271 1312 1296 1338 1327 1330 1310 1308 1301 1331 1334 1353 1343 1351 1351 1356 1362 1364 1374 1374 1368 1380 1393 1406 1386 1376 1406 1374 1416 1408 1415 1415 1409 1396 1406 1404 1413 1422 1440 1427 1420 1418 1437 1453
1215 1180 1180 1209 1215 1201 1187 1210 1213 1215 1237 1249 1220 1224 1262 1229 1256 1225 1261 1270 1276 1263 1230 1236 1256 1289 1280 1243 1278 1250 1240 1220 1265 1265 1278 1295 1287 1294 1293 1271 1290 1321 1316 1314 1305 1299 1331 1329 1333 1327 1338 1351 1350 1341 1370 1362 1348 1368 1348 1352 1393 1401 1376 1376 1389 1387 1403 1408 1401 1398 1411 1404 1413 1413 1415 1418 1437 1403 1420 1403 1447
1186 1195 1195 1194 1180 1200 1189 1190 1195 1216 1216 1223 1224 1235 1224 1238 1250 1243 1230 1263 1257 1254 1228 1230 1271 1282 1276 1246 1227 1267 1233 1272 1256 1282 1280 1273 1291 1273 1309 1266 1292 1309 1325 1325 1319 1316 1325 1323 1328 1311 1290 1317 1362 1362 1356 1357 1357 1355 1339 1354 1370 1393 1389 1376 1390 1379 1394 1400 1393 1385 1409 1415 1400 1410 1410 1405 1416 1413 1414 1428 1433
1196 1193 1194 1179 1173 1195 1181 1172 1183 1198 1203 1231 1236 1235 1216 1232 1234 1226 1224 1237 1248 1270 1245 1228 1230 1268 1231 1227 1227 1279 1286 1250 1269 1282 1281 1276 1267 1297 1280 1266 1271 1290 1311 1303 1315 1310 1306 1304 1295 1314 1339 1303 1354 1367 1338 1332 1368 1372 1342 1343 1360 1363 1399 1386 1374 1368 1370 1363 1401 1367 1394 1395 1417 1415 1411 1399 1404 1423 1406 1434 1426
1181 1158 1147 1191 1175 1207 1194 1181 1165 1174 1189 1215 1230 1229 1192 1219 1232 1227 1224 1230 1247 1279 1250 1236 1230 1258 1248 1225 1235 1237 1257 1278 1239 1261 1280 1266 1273 1276 1285 1290 1271 1290 1292 1319 1325 1318 1301 1288 1301 1304 1339 1303 1325 1309 1363 1318 1328 1342 1362 1340 1334 1331 1365 1383 1380 1376 1381 1368 1389 1398 1358 1394 1417 1378 1398 1421 1419 1413 1410 1422 1414
1186 1177 1195 1160 1155 1159 1187 1209 1198 1167 1218 1203 1217 1215 1209 1203 1231 1236 1224 1239 1224 1263 1270 1214 1236 1240 1224 1235 1235 1237 1284 1208 1241 1271 1284 1277 1288 1285 1268 1267 1289 1277 1286 1294 1325 1321 1307 1299 1289 1287 1283 1311 1337 1298 1336 1328 1317 1351 1342 1348 1348 1355 1335 1364 1379 1361 1361 1358 1366 1398 1404 1384 1413 1410 1431 1393 1394 1413 1398 1431 1419
1152 1141 1168 1182 1146 1174 1181 1179 1176 1188 1195 1197 1180 1200 1185 1221 1198 1216 1224 1232 1240 1246 1276 1226 1250 1209 1220 1238 1257 1275 1282 1230 1282 1253 1257 1245 1237 1254 1284 1291 1294 1298 1296 1292 1325 1301 1283 1274 1291 1296 1310 1310 1330 1325 1336 1348 1344 1334 1349 1330 1316 1334 1333 1365 1374 1379 1368 1370 1376 1352 1353 1391 1413 1410 1387 1416 1423 1425 1411 1420 1429
1153 1159 1159 1182 1154 1183 1166 1173 1186 1196 1184 1184 1180 1185 1211 1210 1180 1226 1242 1248 1223 1221 1241 1263 1242 1222 1214 1244 1228 1227 1259 1228 1281 1261 1245 1271 1282 1273 1249 1273 1287 1272 1265 1284 1279 1310 1282 1290 1296 1296 1304 1313 1310 1313 1319 1298 1289 1325 1359 1346 1337 1347 1316 1324 1382 1380 1362 1357 1360 1387 1411 1409 1395 1410 1397 1390 1390 1378 1384 1415 1406
1156 1145 1125 1149 1182 1153 1156 1166 1193 1168 1195 1197 1190 1181 1210 1185 1195 1219 1199 1233 1216 1183 1213 1238 1245 1195 1202 1239 1243 1230 1232 1237 1244 1284 1251 1245 1270 1279 1240 1279 1279 1286 1272 1272 1280 1287 1267 1293 1279 1293 1276 1309 1283 1300 1353 1289 1284 1309 1337 1361 1329 1349 1314 1328 1332 1386 1359 1367 1370 1377 1379 1408 1362 1416 1385 1398 1390 1378 1388 1377 1416
1151 1145 1156 1145 1183 1153 1154 1146 1180 1195 1180 1180 1171 1176 1168 1228 1233 1185 1240 1231 1239 1216 1213 1222 1254 1240 1225 1211 1213 1238 1218 1245 1243 1262 1260 1248 1270 1231 1233 1263 1263 1295 1282 1290 1283 1270 1254 1284 1266 1282 1291 1309 1298 1322 1306 1346 1336 1307 1328 1339 1341 1323 1354 1345 1319 1371 1384 1363 1353 1370 1359 1396 1345 1358 1362 1394 1398 1392 1398 1385 1381
1159 1140 1142 1143 1174 1171 1146 1153 1176 1188 1195 1189 1173 1154 1183 1194 1224 1177 1220 1240 1186 1181 1151 1186 1208 1215 1226 1193 1214 1215 1235 1237 1251 1238 1244 1291 1238 1267 1266 1253 1257 1263 1257 1288 1256 1251 1254 1262 1278 1254 1278 1282 1301 1309 1296 1306 1349 1297 1319 1323 1337 1309 1352 1318 1328 1341 1381 1384 1376 1370 1368 1344 1344 1352 1374 1370 1407 1398 1390 1396 1414
1128 1159 1128 1109 1151 1187 1151 1133 1164 1171 1162 1146 1196 1149 1181 1175 1203 1164 1204 1234 1188 1181 1201 1203 1193 1198 1243 1224 1201 1206 1222 1245 1211 1238 1253 1248 1247 1250 1234 1235 1235 1247 1251 1287 1251 1249 1260 1280 1306 1268 1278 1289 1272 1283 1296 1305 1316 1299 1300 1328 1322 1337 1328 1317 1328 1328 1331 1371 1375 1365 1365 1332 1353 1382 1388 1375 1367 1404 1401 1399 1415
1109 1093 1117 1130 1154 1168 1162 1134 1170 1195 1180 1182 1194 1169 1175 1174 1177 1195 1177 1190 1178 1181 1160 1177 1188 1167 1211 1226 1226 1221 1211 1207 1235 1238 1247 1253 1290 1250 1248 1230 1255 1230 1265 1286 1280 1259 1282 1279 1271 1300 1299 1308 1270 1279 1287 1287 1292 1295 1319 1323 1328 1361 1338 1309 1321 1328 1331 1378 1364 1346 1340 1353 1365 1389 1403 1353 1360 1413 1398 1389 1415
1122 1095 1117 1120 1108 1121 1189 1134 1155 1175 1161 1167 1181 1148 1189 1159 1196 1180 1187 1166 1170 1166 1183 1193 1152 1207 1184 1205 1207 1208 1192 1206 1221 1229 1214 1238 1277 1231 1244 1252 1275 1249 1246 1270 1276 1263 1255 1252 1284 1254 1255 1250 1298 1280 1301 1287 1306 1296 1290 1312 1310 1321 1332 1347 1301 1345 1331 1364 1336 1358 1356 1384 1371 1384 1379 1383 1396 1413 1411 1398 1400
1111 1122 1114 1143 1147 1115 1167 1109 1153 1126 1127 1170 1186 1147 1181 1143 1165 1170 1184 1164 1156 1181 1182 1162 1159 1168 1205 1217 1211 1215 1184 1243 1191 1195 1252 1253 1262 1245 1224 1232 1248 1259 1264 1248 1257 1272 1243 1254 1256 1268 1258 1272 1256 1291 1277 1268 1288 1303 1312 1303 1286 1316 1327 1337 1318 1302 1340 1335 1369 1356 1373 1346 1365 1358 1372 1369 1390 1395 1401 1408 1385
1077 1086 1110 1111 1162 1121 1181 1110 1164 1106 1162 1183 1175 1167 1194 1128 1178 1183 1193 1204 1171 1167 1179 1168 1161 1158 1180 1195 1210 1214 1212 1216 1202 1214 1227 1232 1241 1224 1258 1255 1250 1278 1213 1233 1246 1248 1274 1275 1243 1269 1277 1251 1301 1266 1298 1270 1297 1294 1313 1296 1323 1268 1264 1325 1316 1309 1318 1331 1367 1331 1375 1362 1358 1365 1379 1360 1378 1381 1391 1405 1395
1120 1104 1084 1105 1118 1108 1129 1181 1123 1157 1115 1149 1183 1190 1190 1180 1182 1141 1182 1188 1186 1175 1173 1200 1183 1151 1182 1199 1211 1188 1213 1201 1187 1228 1186 1195 1197 1220 1247 1262 1257 1233 1221 1219 1286 1251 1287 1253 1238 1240 1257 1289 1300 1248 1261 1280 1278 1281 1318 1309 1279 1328 1274 1309 1312 1312 1309 1358 1372 1343 1353 1353 1368 1358 1357 1368 1362 1384 1397 1401 1392
