wc0.5/Cropped/bio4_28.asc
NCOLS 282 
NROWS 470 
XLLCORNER 79.525 
YLLCORNER 5.91666666666667 
CELLSIZE 0.00833333333333331 
NODATA_value -32768 
[rows 180 to 215 of 470, columns 162 to 242 of 282]
1421 1426 1440 1455 1433 1483 1472 1488 1468 1477 1477 1482 1473 1459 1478 1450 1493 1500 1491 1472 1491 1482 1482 1492 1497 1506 1501 1463 1461 1518 1527 1501 1501 1506 1516 1528 1518 1507 1541 1547 1538 1550 1540 1545 1545 1546 1541 1528 1501 1487 1548 1513 1543 1541 1527 1537 1532 1509 1529 1564 1559 1554 -32768 -32768 -32768 -32768 -32768 -32768 -32768 -32768 -32768 -32768 -32768 -32768 -32768 -32768 -32768 -32768 -32768 -32768 -32768
1420 1434 1476 1451 1482 1446 1460 1486 1482 1462 1463 1463 1457 1460 1484 1455 1475 1489 1492 1480 1463 1473 1488 1513 1519 1494 1497 1500 1477 1518 1503 1472 1501 1506 1528 1525 1529 1532 1519 1533 1550 1525 1550 1535 1509 1499 1548 1547 1537 1548 1518 1524 1559 1504 1541 1558 1518 1515 1522 1541 1554 1556 -32768 -32768 -32768 -32768 -32768 -32768 -32768 -32768 -32768 -32768 -32768 -32768 -32768 -32768 -32768 -32768 -32768 -32768 -32768
1433 1419 1411 1419 1489 1439 1463 1449 1496 1461 1464 1452 1458 1464 1472 1484 1457 1479 1508 1471 1471 1481 1509 1482 1507 1508 1503 1512 1486 1497 1518 1514 1484 1487 1496 1525 1516 1525 1524 1511 1520 1535 1523 1548 1534 1500 1531 1552 1541 1544 1548 1504 1507 1507 1539 1564 1536 1519 1521 1525 1541 1537 -32768 -32768 -32768 -32768 -32768 -32768 -32768 -32768 -32768 -32768 -32768 -32768 -32768 -32768 -32768 -32768 -32768 -32768 -32768
1432 1441 1447 1440 1426 1461 1427 1453 1489 1466 1447 1440 1472 1472 1460 1479 1444 1452 1475 1480 1495 1468 1470 1480 1468 1501 1485 1509 1490 1485 1502 1500 1527 1475 1475 1509 1518 1522 1506 1528 1544 1544 1535 1514 1535 1519 1527 1531 1535 1548 1557 1527 1497 1502 1518 1519 1551 1532 1532 1521 1534 1521 -32768 -32768 -32768 -32768 -32768 -32768 -32768 -32768 -32768 -32768 -32768 -32768 -32768 -32768 -32768 -32768 -32768 -32768 -32768
1436 1440 1429 1413 1399 1451 1468 1450 1471 1449 1455 1471 1440 1464 1467 1482 1442 1449 1466 1488 1471 1466 1479 1470 1478 1494 1479 1509 1493 1492 1479 1479 1506 1480 1476 1484 1489 1512 1509 1503 1496 1534 1537 1526 1516 1511 1526 1490 1519 1545 1525 1534 1500 1501 1507 1527 1527 1522 1532 1520 1534 1534 1541 -32768 -32768 -32768 -32768 -32768 -32768 -32768 -32768 -32768 -32768 -32768 -32768 -32768 -32768 -32768 -32768 -32768 -32768
1441 1453 1440 1413 1410 1450 1469 1437 1442 1442 1466 1437 1478 1460 1465 1469 1453 1458 1471 1474 1474 1453 1462 1448 1468 1461 1473 1505 1489 1475 1485 1472 1492 1504 1476 1476 1498 1499 1521 1522 1499 1494 1503 1517 1526 1524 1490 1509 1478 1484 1491 1516 1491 1488 1514 1535 1513 1525 1525 1529 1534 1524 1534 -32768 -32768 -32768 -32768 -32768 -32768 -32768 -32768 -32768 -32768 -32768 -32768 -32768 -32768 -32768 -32768 -32768 -32768
1404 1438 1413 1407 1458 1449 1461 1437 1477 1458 1422 1415 1432 1476 1468 1447 1448 1453 1444 1459 1471 1480 1462 1452 1468 1454 1493 1488 1466 1469 1472 1486 1493 1497 1495 1490 1464 1499 1514 1507 1531 1506 1510 1516 1485 1486 1484 1532 1487 1487 1482 1528 1536 1525 1522 1518 1517 1499 1506 1525 1526 1534 1508 -32768 -32768 -32768 -32768 -32768 -32768 -32768 -32768 -32768 -32768 -32768 -32768 -32768 -32768 -32768 -32768 -32768 -32768
1424 1416 1419 1422 1456 1436 1413 1439 1453 1442 1444 1401 1469 1458 1451 1460 1455 1445 1440 1464 1466 1478 1466 1456 1441 1501 1430 1480 1464 1458 1460 1463 1458 1447 1484 1501 1490 1495 1497 1506 1507 1524 1511 1503 1494 1487 1499 1492 1492 1487 1478 1498 1516 1526 1524 1538 1521 1511 1486 1499 1513 1533 1517 1508 -32768 -32768 -32768 -32768 -32768 -32768 -32768 -32768 -32768 -32768 -32768 -32768 -32768 -32768 -32768 -32768 -32768
1417 1453 1418 1414 1424 1434 1435 1447 1413 1451 1454 1401 1460 1478 1476 1471 1434 1446 1437 1430 1440 1476 1458 1473 1458 1459 1506 1477 1497 1471 1501 1481 1465 1446 1474 1492 1495 1485 1502 1514 1507 1507 1515 1475 1490 1507 1493 1498 1469 1474 1487 1482 1516 1516 1515 1521 1518 1498 1486 1486 1486 1500 1517 1526 -32768 -32768 -32768 -32768 -32768 -32768 -32768 -32768 -32768 -32768 -32768 -32768 -32768 -32768 -32768 -32768 -32768
1385 1403 1424 1398 1445 1434 1444 1437 1428 1462 1440 1428 1422 1437 1453 1415 1471 1464 1457 1412 1416 1485 1477 1464 1462 1460 1454 1465 1457 1480 1477 1467 1465 1444 1439 1485 1500 1495 1489 1475 1504 1507 1457 1444 1459 1513 1505 1507 1507 1478 1502 1498 1502 1499 1506 1515 1521 1504 1507 1498 1486 1486 1486 1517 -32768 -32768 -32768 -32768 -32768 -32768 -32768 -32768 -32768 -32768 -32768 -32768 -32768 -32768 -32768 -32768 -32768
1442 1431 1439 1448 1411 1436 1429 1422 1426 1430 1445 1444 1431 1452 1429 1438 1445 1440 1440 1443 1416 1449 1475 1485 1447 1451 1440 1449 1473 1472 1501 1477 1462 1453 1439 1437 1494 1495 1493 1481 1494 1464 1466 1460 1524 1499 1478 1496 1498 1491 1515 1495 1502 1497 1497 1515 1513 1517 1507 1502 1474 1486 1486 1509 -32768 -32768 -32768 -32768 -32768 -32768 -32768 -32768 -32768 -32768 -32768 -32768 -32768 -32768 -32768 -32768 -32768
1435 1410 1426 1390 1399 1445 1436 1438 1432 1429 1437 1429 1442 1431 1411 1445 1459 1449 1431 1453 1447 1439 1449 1450 1441 1458 1458 1451 1477 1461 1472 1477 1492 1480 1439 1453 1481 1485 1455 1456 1474 1455 1453 1476 1476 1510 1497 1500 1481 1487 1497 1502 1510 1500 1491 1488 1513 1505 1519 1507 1486 1504 1488 1501 -32768 -32768 -32768 -32768 -32768 -32768 -32768 -32768 -32768 -32768 -32768 -32768 -32768 -32768 -32768 -32768 -32768
1438 1424 1409 1414 1424 1385 1433 1440 1458 1438 1423 1439 1428 1422 1453 1445 1417 1454 1451 1437 1437 1452 1416 1430 1459 1458 1442 1458 1452 1461 1472 1477 1461 1471 1473 1442 1474 1485 1497 1469 1478 1446 1448 1453 1469 1460 1503 1501 1500 1502 1497 1472 1509 1507 1494 1491 1515 1519 1533 1523 1513 1513 1507 1496 1496 -32768 -32768 -32768 -32768 -32768 -32768 -32768 -32768 -32768 -32768 -32768 -32768 -32768 -32768 -32768 -32768
1421 1429 1418 1456 1433 1401 1421 1429 1437 1429 1432 1414 1429 1417 1415 1409 1431 1424 1417 1434 1414 1443 1434 1469 1467 1450 1451 1440 1453 1441 1459 1448 1482 1456 1473 1466 1455 1465 1479 1473 1476 1449 1450 1448 1469 1467 1494 1504 1494 1482 1500 1482 1519 1496 1500 1510 1506 1504 1523 1506 1542 1512 1495 1507 1487 -32768 -32768 -32768 -32768 -32768 -32768 -32768 -32768 -32768 -32768 -32768 -32768 -32768 -32768 -32768 -32768
1398 1401 1440 1441 1416 1412 1429 1415 1457 1439 1396 1431 1423 1425 1423 1436 1443 1396 1410 1442 1455 1468 1434 1449 1456 1468 1469 1463 1440 1436 1448 1471 1437 1456 1456 1452 1480 1448 1465 1471 1455 1463 1463 1439 1448 1476 1467 1467 1498 1462 1491 1501 1497 1476 1488 1509 1512 1489 1507 1493 1494 1512 1518 1489 1487 -32768 -32768 -32768 -32768 -32768 -32768 -32768 -32768 -32768 -32768 -32768 -32768 -32768 -32768 -32768 -32768
1399 1403 1435 1441 1407 1397 1420 1442 1452 1414 1432 1400 1391 1414 1410 1430 1434 1441 1412 1390 1418 1425 1428 1415 1419 1468 1444 1419 1438 1426 1444 1448 1446 1453 1456 1456 1464 1452 1455 1457 1455 1455 1441 1442 1463 1476 1476 1467 1464 1470 1466 1483 1491 1475 1474 1488 1500 1477 1480 1510 1493 1471 1509 1484 1496 1487 -32768 -32768 -32768 -32768 -32768 -32768 -32768 -32768 -32768 -32768 -32768 -32768 -32768 -32768 -32768
1404 1405 1377 1426 1415 1405 1415 1430 1422 1404 1432 1406 1413 1416 1412 1417 1430 1417 1404 1416 1390 1446 1394 1429 1396 1459 1452 1442 1445 1435 1412 1436 1437 1463 1451 1447 1467 1478 1445 1434 1432 1439 1471 1463 1460 1434 1439 1467 1464 1460 1470 1473 1471 1492 1475 1472 1478 1468 1469 1503 1481 1472 1477 1475 1509 1510 -32768 -32768 -32768 -32768 -32768 -32768 -32768 -32768 -32768 -32768 -32768 -32768 -32768 -32768 -32768
1392 1384 1399 1396 1391 1431 1397 1385 1388 1414 1443 1387 1390 1410 1429 1407 1412 1390 1419 1389 1425 1442 1409 1423 1422 1407 1422 1460 1457 1432 1415 1413 1438 1424 1435 1437 1468 1471 1456 1434 1434 1431 1464 1455 1467 1460 1479 1439 1457 1453 1474 1485 1467 1478 1474 1468 1492 1475 1480 1479 1473 1492 1465 1459 1516 1515 -32768 -32768 -32768 -32768 -32768 -32768 -32768 -32768 -32768 -32768 -32768 -32768 -32768 -32768 -32768
1402 1377 1391 1404 1414 1415 1390 1384 1403 1414 1449 1422 1363 1410 1399 1414 1399 1406 1417 1405 1409 1407 1420 1443 1415 1410 1436 1437 1439 1466 1429 1401 1421 1411 1416 1435 1419 1460 1471 1448 1425 1417 1457 1447 1467 1459 1442 1455 1473 1466 1459 1502 1457 1482 1469 1475 1468 1489 1491 1485 1469 1499 1463 1466 1522 1512 1515 -32768 -32768 -32768 -32768 -32768 -32768 -32768 -32768 -32768 -32768 -32768 -32768 -32768 -32768
1379 1354 1399 1368 1412 1386 1414 1409 1393 1424 1411 1421 1421 1397 1422 1399 1376 1400 1401 1429 1407 1405 1421 1425 1439 1430 1400 1404 1443 1437 1424 1442 1403 1433 1408 1423 1448 1460 1466 1464 1446 1420 1457 1443 1469 1467 1460 1442 1442 1464 1475 1490 1471 1504 1470 1472 1462 1482 1485 1499 1475 1501 1472 1466 1500 1518 1522 -32768 -32768 -32768 -32768 -32768 -32768 -32768 -32768 -32768 -32768 -32768 -32768 -32768 -32768
1362 1398 1387 1354 1396 1400 1392 1373 1399 1398 1413 1407 1372 1384 1371 1394 1401 1417 1399 1405 1398 1396 1407 1426 1426 1395 1400 1454 1401 1444 1409 1416 1412 1394 1434 1414 1474 1460 1455 1466 1460 1443 1420 1445 1468 1468 1465 1465 1461 1457 1453 1479 1480 1502 1490 1470 1453 1468 1476 1491 1498 1503 1503 1488 1497 1496 1505 -32768 -32768 -32768 -32768 -32768 -32768 -32768 -32768 -32768 -32768 -32768 -32768 -32768 -32768
1371 1380 1387 1382 1396 1404 1390 1361 1373 1373 1415 1411 1371 1382 1392 1362 1377 1400 1399 1393 1401 1391 1397 1396 1417 1419 1423 1439 1401 1431 1431 1424 1474 1425 1443 1457 1471 1446 1464 1450 1464 1458 1467 1438 1457 1475 1449 1458 1444 1457 1469 1464 1442 1484 1451 1476 1463 1490 1479 1467 1489 1494 1494 1483 1492 1481 1483 -32768 -32768 -32768 -32768 -32768 -32768 -32768 -32768 -32768 -32768 -32768 -32768 -32768 -32768
1362 1376 1366 1388 1388 1402 1411 1378 1373 1371 1380 1405 1401 1395 1404 1392 1418 1395 1391 1412 1401 1377 1404 1407 1419 1437 1424 1388 1409 1423 1455 1458 1447 1442 1423 1419 1446 1469 1455 1459 1458 1450 1438 1449 1420 1422 1436 1472 1431 1436 1457 1452 1467 1486 1451 1438 1448 1480 1479 1467 1491 1496 1485 1486 1494 1489 1483 -32768 -32768 -32768 -32768 -32768 -32768 -32768 -32768 -32768 -32768 -32768 -32768 -32768 -32768
1364 1343 1372 1379 1372 1382 1411 1387 1363 1351 1391 1405 1397 1396 1391 1373 1371 1424 1411 1364 1387 1402 1378 1403 1383 1426 1427 1408 1409 1431 1439 1440 1440 1437 1438 1423 1462 1406 1419 1436 1429 1441 1454 1460 1420 1420 1449 1437 1454 1444 1451 1457 1490 1497 1469 1451 1455 1448 1464 1447 1474 1489 1496 1489 1492 1492 1472 1483 -32768 -32768 -32768 -32768 -32768 -32768 -32768 -32768 -32768 -32768 -32768 -32768 -32768
1358 1346 1355 1365 1374 1381 1402 1359 1357 1360 1387 1404 1377 1393 1391 1364 1362 1364 1369 1379 1360 1394 1429 1405 1395 1393 1413 1416 1398 1435 1417 1431 1422 1447 1423 1425 1424 1408 1429 1446 1436 1438 1438 1447 1470 1460 1429 1437 1434 1455 1464 1470 1451 1480 1455 1469 1455 1451 1477 1468 1457 1465 1502 1500 1494 1494 1500 1481 -32768 -32768 -32768 -32768 -32768 -32768 -32768 -32768 -32768 -32768 -32768 -32768 -32768
1367 1351 1350 1356 1365 1368 1370 1404 1379 1354 1368 1386 1392 1393 1361 1379 1341 1362 1374 1388 1394 1422 1429 1417 1378 1435 1367 1413 1402 1410 1400 1427 1431 1417 1447 1411 1423 1413 1426 1420 1411 1436 1437 1431 1459 1434 1421 1400 1432 1440 1455 1445 1444 1464 1471 1471 1478 1473 1485 1478 1468 1457 1447 1481 1511 1488 1492 1478 -32768 -32768 -32768 -32768 -32768 -32768 -32768 -32768 -32768 -32768 -32768 -32768 -32768
1378 1362 1329 1324 1374 1364 1373 1372 1351 1359 1348 1357 1384 1393 1363 1359 1357 1379 1382 1394 1390 1412 1401 1417 1417 1378 1420 1406 1388 1394 1412 1427 1437 1450 1439 1427 1401 1434 1415 1418 1418 1414 1417 1429 1459 1404 1404 1412 1412 1427 1460 1462 1456 1464 1462 1476 1484 1488 1478 1478 1490 1473 1447 1481 1466 1479 1485 1487 1471 1467 -32768 -32768 -32768 -32768 -32768 -32768 -32768 -32768 -32768 -32768 -32768
1343 1323 1360 1354 1349 1363 1365 1346 1376 1363 1348 1360 1359 1370 1337 1367 1365 1350 1379 1390 1389 1396 1419 1399 1395 1385 1387 1392 1406 1403 1429 1413 1427 1426 1451 1424 1413 1419 1420 1410 1421 1420 1401 1439 1410 1431 1417 1405 1427 1430 1409 1431 1457 1478 1484 1473 1487 1475 1469 1485 1464 1464 1435 1446 1484 1498 1485 1488 1483 1480 -32768 -32768 -32768 -32768 -32768 -32768 -32768 -32768 -32768 -32768 -32768
1348 1310 1335 1301 1318 1348 1350 1348 1353 1359 1359 1361 1348 1356 1379 1366 1345 1344 1351 1384 1383 1390 1404 1409 1388 1372 1365 1392 1392 1412 1433 1389 1427 1424 1414 1415 1408 1415 1420 1425 1403 1413 1411 1409 1414 1415 1440 1431 1424 1418 1424 1423 1457 1444 1430 1471 1451 1468 1474 1474 1442 1430 1444 1446 1439 1463 1463 1486 1483 1490 -32768 -32768 -32768 -32768 -32768 -32768 -32768 -32768 -32768 -32768 -32768
1360 1360 1323 1348 1309 1327 1356 1357 1326 1345 1362 1348 1352 1364 1370 1363 1354 1357 1359 1364 1384 1375 1382 1415 1410 1395 1365 1346 1378 1421 1423 1407 1425 1431 1414 1426 1424 1435 1400 1413 1406 1408 1383 1403 1400 1402 1436 1420 1408 1410 1410 1415 1418 1425 1419 1460 1461 1452 1464 1464 1439 1425 1434 1435 1446 1465 1453 1473 1483 1494 -32768 -32768 -32768 -32768 -32768 -32768 -32768 -32768 -32768 -32768 -32768
1302 1317 1349 1331 1346 1341 1341 1349 1348 1339 1339 1357 1329 1346 1345 1361 1385 1354 1356 1355 1387 1389 1395 1375 1417 1410 1360 1351 1398 1409 1409 1407 1438 1425 1424 1408 1408 1426 1387 1425 1404 1415 1401 1390 1410 1402 1407 1417 1435 1417 1453 1400 1418 1427 1450 1460 1450 1445 1467 1444 1483 1422 1430 1449 1427 1454 1457 1463 1467 1478 -32768 -32768 -32768 -32768 -32768 -32768 -32768 -32768 -32768 -32768 -32768
1318 1319 1302 1326 1329 1334 1302 1357 1348 1343 1344 1357 1326 1339 1333 1369 1385 1385 1363 1356 1357 1377 1389 1372 1386 1399 1410 1360 1400 1419 1407 1403 1388 1420 1411 1388 1388 1418 1379 1401 1392 1394 1409 1392 1424 1400 1385 1405 1439 1440 1434 1406 1415 1429 1454 1437 1450 1441 1441 1459 1461 1478 1480 1489 1438 1415 1457 1452 1449 1469 1484 -32768 -32768 -32768 -32768 -32768 -32768 -32768 -32768 -32768 -32768
1304 1288 1299 1318 1333 1335 1317 1333 1342 1307 1340 1357 1347 1318 1325 1361 1394 1389 1379 1359 1348 1378 1365 1347 1380 1369 1382 1368 1380 1390 1396 1398 1398 1404 1400 1402 1388 1404 1399 1385 1391 1390 1404 1398 1419 1376 1391 1409 1389 1422 1446 1455 1430 1419 1424 1454 1466 1446 1476 1462 1449 1471 1465 1465 1463 1423 1444 1448 1447 1452 1488 -32768 -32768 -32768 -32768 -32768 -32768 -32768 -32768 -32768 -32768
1303 1293 1272 1307 1294 1312 1302 1355 1345 1319 1327 1349 1326 1312 1325 1327 1375 1380 1379 1365 1327 1338 1343 1365 1375 1373 1398 1377 1387 1367 1382 1394 1406 1404 1404 1394 1397 1388 1382 1394 1401 1390 1380 1370 1425 1390 1383 1391 1413 1409 1411 1422 1432 1429 1412 1439 1469 1449 1436 1464 1447 1420 1462 1473 1452 1448 1408 1454 1448 1458 1481 -32768 -32768 -32768 -32768 -32768 -32768 -32768 -32768 -32768 -32768
1314 1323 1301 1289 1309 1308 1285 1320 1335 1305 1297 1326 1333 1317 1297 1339 1332 1376 1367 1342 1345 1328 1330 1349 1331 1372 1366 1384 1385 1379 1377 1396 1388 1392 1404 1387 1395 1368 1380 1391 1394 1400 1406 1376 1380 1421 1392 1400 1388 1407 1407 1414 1418 1419 1423 1404 1442 1432 1442 1454 1457 1435 1446 1444 1444 1428 1426 1421 1419 1444 1463 1483 -32768 -32768 -32768 -32768 -32768 -32768 -32768 -32768 -32768
1307 1302 1300 1287 1317 1321 1299 1287 1317 1323 1314 1319 1342 1321 1317 1306 1306 1343 1364 1333 1317 1338 1333 1354 1349 1368 1365 1397 1391 1383 1364 1396 1401 1381 1397 1374 1381 1368 1377 1366 1384 1362 1412 1385 1384 1413 1371 1392 1380 1374 1404 1425 1441 1443 1399 1386 1402 1405 1442 1432 1421 1429 1448 1442 1408 1412 1422 1424 1437 1433 1439 1442 -32768 -32768 -32768 -32768 -32768 -32768 -32768 -32768 -32768
