wc0.5/Cropped/bio4_28.asc
NCOLS 282 
NROWS 470 
XLLCORNER 79.525 
YLLCORNER 5.91666666666667 
CELLSIZE 0.00833333333333331 
NODATA_value -32768 
[rows 72 to 107 of 470, columns 81 to 161 of 282]
1403 1409 1436 1399 1401 1419 1414 1409 1426 1459 1447 1439 1462 1465 1471 1471 1487 1456 1456 1457 1464 1479 1497 1472 1462 1451 1448 1504 1502 1484 1513 1522 1547 1499 1509 1527 1518 1518 1485 1489 1541 1512 1529 1542 1539 1546 1551 1570 1555 1550 1532 1562 1539 1565 1590 1574 1634 1591 1570 1591 1595 1577 1590 1568 1600 1627 1625 1632 1616 1634 1609 1627 1605 1623 1608 1609 1624 -32768 -32768 -32768 -32768
1419 1412 1399 1405 1377 1410 1404 1409 1412 1446 1444 1433 1451 1463 1471 1471 1471 1464 1433 1436 1463 1470 1472 1450 1496 1481 1465 1512 1512 1486 1520 1499 1516 1508 1508 1522 1518 1520 1512 1519 1549 1548 1545 1527 1539 1544 1548 1560 1553 1555 1558 1581 1552 1552 1573 1565 1598 1591 1589 1591 1599 1594 1590 1568 1582 1608 1615 1615 1606 1613 1610 1614 1607 1611 1633 1614 1616 1625 -32768 -32768 -32768
1398 1407 1417 1395 1389 1403 1422 1421 1417 1416 1436 1446 1452 1446 1480 1441 1431 1447 1411 1453 1457 1452 1456 1447 1445 1463 1457 1470 1507 1497 1521 1521 1499 1501 1485 1522 1493 1508 1513 1553 1549 1503 1541 1521 1510 1518 1560 1553 1564 1558 1546 1555 1582 1559 1590 1565 1607 1594 1600 1610 1633 1584 1586 1578 1592 1601 1585 1594 1612 1606 1608 1647 1606 1619 1615 1614 1610 1622 -32768 -32768 -32768
1424 1382 1388 1394 1417 1416 1430 1467 1448 1428 1436 1458 1433 1471 1445 1443 1436 1446 1465 1478 1478 1451 1447 1450 1454 1524 1467 1486 1497 1495 1528 1536 1499 1516 1500 1520 1510 1536 1542 1541 1530 1545 1525 1512 1542 1528 1553 1537 1539 1560 1549 1569 1568 1601 1576 1569 1597 1594 1600 1593 1622 1593 1598 1598 1583 1584 1584 1629 1608 1610 1622 1607 1600 1624 1621 1614 1603 1616 -32768 -32768 -32768
1382 1388 1399 1389 1403 1419 1468 1476 1438 1431 1423 1425 1465 1424 1433 1442 1435 1440 1476 1459 1461 1436 1445 1447 1467 1493 1464 1471 1484 1496 1495 1527 1497 1519 1502 1520 1524 1531 1547 1567 1524 1525 1516 1552 1537 1564 1542 1555 1566 1566 1569 1561 1569 1577 1608 1569 1589 1575 1606 1605 1615 1604 1608 1589 1562 1581 1560 1595 1592 1619 1614 1615 1631 1611 1605 1653 1621 1614 -32768 -32768 -32768
1411 1377 1374 1407 1415 1457 1468 1444 1438 1431 1425 1425 1463 1422 1453 1435 1478 1458 1471 1478 1452 1476 1495 1466 1512 1494 1449 1483 1517 1498 1513 1529 1542 1528 1509 1523 1524 1558 1550 1560 1557 1520 1552 1504 1537 1562 1535 1555 1566 1567 1557 1567 1557 1567 1567 1578 1601 1601 1586 1586 1604 1582 1585 1593 1594 1577 1588 1608 1589 1590 1606 1623 1641 1629 1631 1619 1636 1631 1603 -32768 -32768
1396 1403 1386 1390 1430 1449 1462 1438 1404 1406 1425 1439 1445 1433 1446 1465 1473 1458 1453 1478 1460 1482 1502 1493 1515 1519 1506 1504 1508 1514 1520 1528 1537 1528 1539 1545 1519 1559 1566 1557 1550 1547 1519 1570 1545 1555 1563 1560 1551 1556 1557 1590 1568 1575 1575 1569 1578 1572 1592 1575 1582 1615 1621 1615 1627 1595 1592 1599 1605 1612 1637 1598 1611 1629 1622 1649 1621 1631 1612 -32768 -32768
1381 1413 1401 1419 1419 1462 1454 1422 1410 1402 1426 1453 1456 1446 1451 1444 1457 1487 1456 1487 1478 1502 1495 1515 1528 1510 1491 1519 1535 1499 1515 1534 1537 1510 1520 1545 1528 1525 1513 1554 1514 1565 1540 1545 1554 1548 1551 1521 1572 1564 1567 1556 1559 1580 1581 1563 1566 1584 1569 1559 1585 1599 1621 1627 1601 1585 1605 1573 1596 1607 1619 1617 1623 1637 1639 1637 1642 1631 1606 1623 -32768
1374 1392 1429 1419 1444 1456 1417 1408 1402 1403 1461 1453 1426 1453 1462 1467 1487 1487 1455 1489 1487 1478 1500 1473 1503 1490 1460 1496 1499 1500 1493 1525 1534 1531 1533 1529 1508 1508 1531 1518 1500 1576 1523 1542 1581 1558 1550 1570 1565 1553 1568 1582 1562 1566 1565 1583 1571 1583 1569 1578 1597 1591 1591 1595 1606 1623 1598 1601 1611 1626 1621 1621 1629 1621 1615 1605 1621 1629 1635 1614 -32768
1382 1415 1430 1449 1430 1433 1423 1407 1404 1419 1417 1469 1435 1434 1434 1453 1480 1467 1491 1482 1483 1495 1452 1454 1498 1510 1458 1468 1477 1471 1497 1517 1539 1554 1502 1530 1514 1519 1505 1533 1572 1537 1536 1542 1574 1540 1560 1550 1555 1548 1565 1574 1575 1567 1567 1581 1571 1569 1579 1579 1585 1605 1611 1611 1605 1602 1610 1583 1613 1595 1625 1611 1596 1627 1639 1606 1637 1629 1625 1606 1610
1380 1406 1401 1416 1425 1419 1441 1441 1441 1445 1413 1405 1453 1459 1442 1470 1465 1447 1496 1458 1475 1494 1458 1468 1475 1488 1498 1488 1471 1489 1490 1491 1525 1499 1509 1490 1514 1513 1521 1569 1537 1572 1544 1534 1534 1540 1531 1552 1557 1561 1575 1561 1568 1561 1580 1594 1588 1561 1579 1583 1597 1614 1613 1622 1617 1607 1629 1629 1586 1617 1622 1608 1622 1609 1630 1628 1628 1639 1616 1604 1615
1397 1384 1412 1421 1407 1414 1428 1433 1450 1447 1460 1453 1458 1436 1456 1454 1473 1468 1484 1487 1462 1454 1462 1476 1509 1488 1470 1487 1480 1472 1512 1520 1523 1505 1490 1513 1515 1525 1547 1530 1545 1556 1529 1558 1532 1548 1558 1563 1553 1545 1568 1567 1575 1577 1566 1574 1589 1588 1586 1588 1569 1572 1600 1598 1623 1614 1619 1606 1583 1609 1611 1601 1607 1615 1621 1621 1628 1639 1614 1604 1606
1403 1404 1402 1411 1386 1402 1410 1407 1435 1447 1420 1452 1452 1456 1447 1462 1481 1479 1469 1459 1461 1437 1460 1456 1501 1463 1496 1503 1472 1485 1491 1482 1496 1482 1514 1514 1516 1523 1516 1528 1515 1533 1558 1523 1556 1541 1557 1552 1546 1560 1567 1567 1555 1566 1587 1592 1593 1598 1581 1556 1604 1572 1576 1586 1614 1603 1601 1604 1592 1610 1617 1619 1604 1622 1622 1622 1630 1615 1613 1641 1626
1409 1411 1401 1396 1424 1420 1429 1417 1429 1426 1458 1444 1452 1446 1450 1456 1466 1439 1489 1461 1437 1467 1477 1507 1510 1498 1480 1502 1478 1523 1493 1517 1483 1489 1498 1528 1523 1524 1524 1521 1521 1530 1528 1528 1536 1566 1546 1546 1541 1569 1564 1556 1588 1556 1583 1579 1575 1580 1587 1577 1595 1580 1576 1560 1555 1574 1600 1588 1589 1614 1631 1628 1600 1608 1608 1618 1622 1625 1628 1621 1626
1391 1386 1394 1392 1414 1460 1455 1428 1427 1455 1459 1435 1447 1441 1490 1451 1441 1431 1483 1444 1489 1488 1503 1482 1474 1522 1469 1513 1505 1511 1509 1517 1499 1524 1528 1546 1545 1535 1534 1521 1548 1511 1530 1530 1530 1549 1557 1556 1539 1567 1549 1557 1568 1576 1568 1568 1589 1598 1571 1581 1589 1590 1554 1576 1555 1580 1591 1612 1598 1599 1608 1603 1621 1613 1611 1615 1636 1647 1615 1621 1618
1416 1380 1378 1424 1425 1457 1436 1428 1414 1453 1439 1448 1435 1476 1465 1483 1432 1415 1462 1459 1474 1494 1492 1496 1501 1507 1472 1496 1498 1496 1519 1528 1533 1545 1528 1537 1536 1548 1533 1532 1562 1554 1551 1521 1549 1542 1527 1560 1533 1552 1568 1564 1564 1565 1568 1558 1581 1581 1592 1608 1579 1572 1592 1576 1597 1599 1613 1612 1612 1590 1608 1627 1597 1603 1622 1609 1631 1634 1634 1630 1611
1378 1387 1411 1428 1429 1424 1429 1415 1416 1416 1439 1447 1442 1434 1479 1483 1425 1464 1468 1464 1484 1492 1498 1477 1471 1495 1492 1504 1483 1490 1511 1540 1545 1535 1539 1548 1554 1532 1549 1565 1565 1563 1570 1561 1557 1549 1561 1548 1548 1561 1569 1557 1580 1566 1570 1576 1583 1595 1580 1580 1594 1602 1572 1550 1594 1597 1600 1614 1621 1590 1585 1585 1633 1610 1621 1609 1620 1653 1627 1630 1647
1401 1405 1411 1402 1413 1438 1433 1422 1416 1437 1429 1430 1449 1449 1441 1449 1412 1456 1465 1470 1465 1488 1481 1489 1496 1493 1506 1496 1519 1501 1508 1510 1524 1550 1496 1509 1530 1532 1542 1552 1548 1569 1566 1569 1537 1585 1566 1559 1558 1578 1564 1552 1578 1578 1579 1579 1579 1594 1592 1603 1580 1608 1601 1586 1601 1589 1598 1597 1616 1613 1595 1598 1619 1610 1607 1626 1629 1618 1615 1647 1622
1371 1403 1401 1438 1432 1433 1411 1396 1415 1405 1429 1460 1478 1449 1446 1444 1473 1437 1458 1475 1489 1465 1477 1501 1524 1493 1497 1494 1507 1510 1495 1502 1510 1507 1510 1527 1522 1537 1547 1543 1555 1548 1559 1529 1535 1564 1567 1534 1556 1550 1569 1567 1584 1554 1581 1585 1560 1575 1556 1614 1572 1603 1601 1594 1595 1595 1588 1626 1627 1617 1616 1601 1619 1619 1613 1622 1609 1616 1616 1647 1659
1397 1436 1432 1419 1426 1411 1430 1423 1403 1433 1457 1443 1442 1467 1489 1481 1470 1463 1514 1467 1483 1467 1482 1506 1502 1500 1502 1504 1507 1511 1535 1496 1467 1467 1525 1498 1532 1521 1528 1550 1557 1532 1532 1557 1554 1564 1558 1579 1587 1554 1575 1569 1569 1561 1569 1563 1579 1555 1601 1605 1615 1603 1594 1576 1625 1571 1620 1595 1618 1631 1610 1607 1613 1613 1632 1617 1609 1614 1643 1621 1632
1413 1404 1435 1401 1428 1428 1423 1432 1425 1438 1442 1449 1438 1431 1432 1448 1444 1453 1498 1473 1468 1483 1483 1502 1509 1523 1510 1496 1528 1524 1510 1484 1510 1518 1527 1536 1537 1526 1537 1540 1548 1516 1533 1522 1536 1544 1567 1569 1550 1551 1577 1577 1572 1566 1576 1578 1570 1577 1576 1611 1581 1629 1603 1614 1617 1606 1613 1601 1614 1604 1608 1612 1608 1623 1617 1613 1605 1603 1620 1616 1619
1407 1393 1416 1407 1424 1423 1415 1415 1441 1452 1456 1466 1465 1432 1433 1475 1501 1444 1451 1475 1459 1486 1500 1507 1483 1490 1487 1515 1507 1481 1511 1529 1502 1536 1541 1539 1557 1524 1526 1529 1529 1526 1524 1524 1539 1542 1550 1552 1579 1579 1579 1564 1578 1560 1599 1582 1586 1582 1575 1611 1563 1601 1629 1586 1582 1587 1583 1590 1629 1630 1623 1624 1612 1601 1606 1633 1613 1621 1610 1645 1646
1404 1394 1411 1398 1402 1395 1424 1448 1452 1456 1453 1444 1460 1483 1457 1466 1480 1456 1465 1492 1470 1494 1494 1497 1491 1495 1502 1516 1522 1507 1507 1531 1487 1501 1552 1524 1530 1553 1499 1546 1548 1559 1553 1537 1558 1534 1541 1542 1553 1586 1577 1566 1564 1581 1549 1605 1576 1582 1592 1590 1560 1621 1608 1571 1583 1609 1580 1583 1607 1610 1632 1620 1601 1607 1626 1604 1615 1609 1617 1619 1632
1401 1401 1396 1405 1411 1415 1432 1464 1456 1456 1440 1437 1464 1465 1471 1439 1490 1440 1459 1460 1484 1490 1503 1483 1505 1483 1499 1507 1507 1512 1519 1526 1522 1515 1515 1531 1530 1549 1540 1570 1539 1562 1555 1545 1565 1558 1562 1562 1543 1543 1542 1594 1571 1551 1558 1549 1569 1552 1573 1594 1594 1573 1626 1579 1602 1594 1579 1570 1578 1584 1613 1602 1621 1616 1614 1601 1622 1621 1611 1616 1632
1385 1403 1402 1435 1402 1433 1437 1443 1457 1442 1422 1432 1468 1481 1487 1432 1488 1485 1469 1487 1485 1503 1493 1467 1495 1467 1513 1512 1513 1534 1517 1536 1514 1510 1501 1532 1526 1544 1541 1557 1553 1549 1556 1557 1576 1563 1538 1557 1540 1562 1536 1579 1576 1571 1590 1581 1589 1576 1578 1600 1558 1607 1611 1596 1592 1594 1580 1579 1574 1552 1593 1601 1604 1601 1615 1614 1621 1623 1605 1616 1636
1405 1410 1407 1411 1397 1410 1414 1436 1412 1424 1438 1470 1475 1488 1475 1447 1453 1470 1481 1496 1457 1473 1500 1472 1478 1528 1525 1492 1503 1511 1494 1509 1507 1532 1526 1555 1553 1525 1557 1568 1566 1538 1550 1574 1565 1569 1562 1572 1552 1560 1527 1538 1529 1576 1579 1587 1584 1581 1582 1605 1552 1607 1580 1568 1624 1592 1624 1625 1598 1599 1612 1629 1604 1610 1616 1634 1621 1579 1619 1608 1620
1402 1410 1394 1397 1421 1419 1437 1427 1441 1440 1465 1454 1480 1462 1486 1458 1463 1475 1480 1469 1479 1465 1472 1496 1522 1488 1506 1510 1489 1487 1510 1500 1529 1511 1531 1560 1561 1543 1539 1536 1555 1566 1539 1543 1545 1557 1563 1597 1591 1582 1556 1531 1578 1571 1590 1571 1563 1575 1611 1568 1596 1612 1612 1588 1565 1571 1632 1592 1600 1575 1586 1614 1629 1616 1607 1624 1615 1604 1601 1599 1618
1420 1408 1404 1415 1397 1429 1415 1426 1451 1420 1443 1432 1468 1439 1485 1489 1481 1485 1475 1476 1462 1472 1479 1524 1517 1483 1476 1496 1495 1501 1514 1505 1522 1528 1539 1539 1516 1529 1552 1554 1547 1532 1539 1554 1554 1563 1547 1539 1585 1570 1570 1589 1566 1557 1576 1577 1580 1573 1612 1581 1582 1610 1561 1612 1618 1597 1589 1633 1585 1583 1599 1606 1622 1615 1626 1634 1634 1607 1590 1604 1618
1416 1424 1415 1430 1419 1415 1427 1417 1451 1454 1439 1450 1464 1467 1494 1484 1458 1461 1452 1472 1490 1516 1475 1514 1490 1526 1488 1515 1510 1526 1529 1527 1532 1527 1531 1521 1518 1523 1542 1548 1553 1531 1525 1536 1548 1582 1563 1561 1552 1556 1590 1578 1575 1578 1570 1581 1579 1619 1579 1612 1595 1578 1627 1588 1585 1636 1625 1626 1595 1584 1599 1600 1602 1617 1621 1634 1611 1613 1609 1618 1618
1431 1403 1415 1449 1399 1422 1427 1434 1438 1435 1441 1432 1465 1470 1494 1492 1476 1458 1461 1488 1479 1502 1510 1526 1457 1499 1527 1519 1515 1494 1526 1520 1512 1517 1537 1524 1539 1537 1517 1547 1529 1538 1551 1555 1553 1561 1553 1551 1534 1572 1557 1598 1571 1569 1578 1580 1593 1569 1587 1595 1598 1609 1582 1580 1611 1609 1626 1625 1636 1598 1611 1613 1609 1631 1612 1606 1629 1605 1612 1603 1628
1415 1426 1430 1410 1396 1407 1430 1438 1434 1442 1440 1474 1480 1473 1487 1465 1478 1481 1452 1486 1502 1521 1500 1514 1484 1492 1534 1512 1529 1523 1513 1512 1516 1523 1552 1525 1545 1531 1536 1549 1550 1545 1559 1598 1578 1587 1531 1552 1538 1522 1547 1579 1589 1576 1577 1572 1590 1604 1564 1567 1604 1595 1624 1605 1579 1618 1594 1623 1631 1606 1605 1611 1609 1627 1605 1619 1638 1629 1612 1619 1638
1386 1429 1424 1406 1411 1423 1434 1448 1444 1476 1464 1441 1444 1420 1448 1475 1467 1494 1499 1499 1493 1503 1514 1490 1494 1468 1528 1476 1518 1521 1508 1544 1552 1510 1546 1543 1546 1556 1552 1576 1549 1547 1581 1551 1591 1545 1562 1564 1577 1532 1538 1555 1596 1588 1572 1589 1591 1588 1578 1570 1586 1575 1603 1606 1627 1577 1629 1596 1631 1615 1599 1603 1605 1627 1618 1603 1632 1641 1629 1609 1629
1395 1414 1456 1415 1411 1438 1442 1432 1436 1444 1414 1430 1446 1438 1464 1481 1481 1495 1512 1490 1472 1491 1500 1468 1518 1508 1508 1517 1520 1523 1524 1512 1501 1510 1539 1549 1516 1552 1545 1581 1533 1538 1577 1572 1547 1598 1569 1561 1582 1539 1539 1548 1596 1584 1588 1576 1568 1568 1604 1609 1564 1583 1568 1593 1590 1591 1629 1584 1634 1640 1597 1605 1603 1627 1627 1611 1640 1629 1638 1607 1611
1429 1430 1409 1401 1430 1429 1455 1444 1421 1438 1453 1461 1451 1496 1482 1481 1505 1490 1491 1479 1514 1474 1467 1488 1529 1536 1514 1501 1503 1495 1539 1510 1545 1537 1560 1540 1541 1541 1532 1538 1531 1567 1577 1591 1563 1536 1571 1572 1597 1592 1598 1562 1603 1576 1561 1574 1581 1569 1596 1605 1585 1597 1603 1629 1608 1572 1618 1600 1614 1617 1618 1597 1603 1612 1627 1609 1618 1638 1625 1593 1612
1415 1418 1407 1397 1407 1450 1434 1427 1468 1454 1424 1440 1481 1495 1473 1489 1495 1484 1481 1477 1465 1488 1499 1512 1514 1527 1538 1512 1513 1509 1525 1513 1514 1520 1529 1533 1540 1541 1530 1561 1526 1535 1564 1574 1550 1569 1577 1564 1592 1598 1586 1562 1572 1570 1579 1628 1592 1587 1583 1575 1613 1581 1605 1612 1571 1595 1576 1592 1603 1625 1618 1610 1605 1612 1610 1621 1628 1629 1628 1608 1612
1391 1395 1397 1413 1429 1449 1431 1438 1434 1452 1431 1438 1469 1478 1463 1469 1468 1472 1477 1488 1512 1533 1530 1550 1518 1539 1503 1503 1520 1497 1515 1505 1533 1511 1538 1558 1540 1541 1571 1544 1574 1576 1551 1543 1552 1580 1584 1558 1582 1568 1599 1571 1569 1558 1593 1589 1592 1569 1570 1600 1575 1610 1620 1599 1588 1632 1588 1583 1605 1617 1625 1610 1617 1608 1616 1628 1617 1629 1623 1622 1617
