wc0.5/Cropped/bio5_28.asc
NCOLS 282 
NROWS 470 
XLLCORNER 79.525 
YLLCORNER 5.91666666666667 
CELLSIZE 0.00833333333333331 
NODATA_value -32768 
[rows 380 to 417 of 470, columns 87 to 173 of 282]
309 299 306 313 322 314 327 315 302 319 328 328 330 330 330 330 327 330 328 330 330 330 328 326 325 325 325 324 325 320 318 315 315 304 297 287 295 292 286 286 279 276 277 285 279 278 275 285 283 286 294 298 297 298 298 299 299 294 297 297 297 295 299 298 299 301 299 297 296 299 305 308 308 310 308 314 314 314 314 315 312 309 310 308 304 300 302
315 310 306 311 322 325 319 323 309 308 317 327 327 329 330 329 330 325 327 325 329 329 330 324 317 311 319 320 322 325 319 318 321 321 312 302 296 298 290 292 290 280 272 265 266 263 264 271 279 286 292 298 298 298 297 298 299 298 300 298 295 295 296 297 298 300 296 296 296 301 299 300 307 305 305 314 315 315 315 315 311 313 313 309 303 300 296
321 317 314 315 318 324 325 327 316 298 313 326 329 328 327 328 330 329 325 325 325 329 330 327 315 301 300 311 322 324 324 324 320 321 320 315 304 301 303 299 296 293 304 282 278 275 266 266 272 279 283 292 298 298 298 297 299 298 298 299 298 297 298 297 298 301 296 294 300 297 294 297 304 304 301 313 315 315 315 314 314 313 313 310 308 303 294
321 322 310 306 312 320 325 325 319 304 303 316 324 329 325 327 328 329 322 326 321 324 329 329 323 309 294 294 302 319 323 323 323 321 321 320 314 310 299 293 294 308 309 299 295 286 281 295 292 292 299 302 302 297 301 297 298 297 295 297 300 300 299 299 302 299 298 298 295 295 300 300 303 303 305 315 315 315 314 315 314 313 313 312 312 311 311
322 321 314 311 308 308 320 325 322 312 293 301 319 328 328 319 326 328 325 325 320 318 322 322 328 327 308 301 295 304 316 319 323 323 322 322 320 317 307 298 306 318 317 312 310 300 304 300 305 305 304 307 303 303 302 299 297 297 297 293 296 295 295 297 298 297 297 293 292 290 298 302 303 303 308 315 315 314 314 314 314 313 314 313 312 312 310
324 324 322 324 304 309 307 319 324 317 305 291 300 318 327 322 321 322 327 327 324 319 323 323 327 325 324 317 314 293 295 301 310 316 321 321 322 321 316 310 317 318 319 316 315 315 309 312 310 310 295 294 292 292 295 296 299 296 295 299 297 295 295 295 295 296 293 292 293 291 299 301 302 300 307 316 316 314 314 314 314 313 313 313 313 312 308
318 317 318 321 323 317 317 317 324 325 315 301 297 309 320 320 316 318 323 327 327 327 322 317 326 328 327 323 319 313 293 287 297 311 318 319 322 320 320 318 319 319 318 317 317 318 317 313 300 295 293 292 281 284 289 294 296 296 295 294 297 299 298 298 297 294 293 295 299 299 299 302 298 302 315 316 315 314 314 313 313 313 313 312 312 312 307
314 316 312 320 315 318 312 314 316 320 323 316 297 297 307 320 324 318 322 324 324 326 322 323 324 319 315 326 324 320 316 306 303 301 310 318 318 317 317 317 318 317 319 319 319 317 317 313 311 306 303 298 287 283 283 293 293 295 295 292 294 297 298 298 300 300 298 298 299 300 301 301 295 314 315 315 314 314 313 314 313 312 312 312 312 312 312
310 313 315 315 317 317 315 310 313 306 316 321 304 292 300 309 322 323 319 323 326 327 327 326 326 326 323 325 325 323 324 315 314 317 317 317 319 319 318 316 314 313 319 318 316 314 313 306 304 305 305 300 297 304 301 300 299 296 292 292 299 300 300 300 300 299 300 300 300 301 301 298 303 314 315 315 314 314 313 313 313 312 312 312 313 313 313
319 312 314 314 313 319 311 304 313 310 304 319 313 308 300 299 310 323 323 321 321 323 325 326 325 326 321 322 323 325 324 320 316 315 314 318 317 316 318 313 313 315 319 317 318 313 310 309 308 304 302 297 299 304 301 301 303 303 298 297 297 301 298 314 306 309 313 305 312 315 311 312 314 315 315 315 314 314 314 313 313 313 312 313 313 312 311
320 314 312 312 312 318 314 305 311 314 306 314 316 319 313 308 305 307 316 323 317 315 321 325 325 325 325 318 318 319 320 322 322 321 318 317 316 320 320 320 319 319 319 313 312 316 314 313 310 308 308 313 310 303 303 304 305 308 308 306 310 311 314 314 314 315 315 315 315 315 314 314 315 315 315 315 314 314 313 313 313 312 312 312 313 312 312
321 319 318 322 312 314 315 310 305 311 308 312 313 312 310 308 305 302 300 311 322 320 315 317 320 324 324 320 323 321 321 316 318 322 317 321 317 317 318 319 318 318 315 313 311 311 313 312 311 311 305 302 313 302 304 305 304 299 298 306 306 313 310 313 314 314 314 314 314 315 315 315 315 315 315 314 314 313 313 313 313 312 312 312 312 312 312
323 323 317 315 316 311 309 304 306 305 311 308 311 313 309 310 311 311 301 301 307 321 319 315 307 313 317 322 321 314 313 312 310 312 308 304 302 304 312 317 314 315 315 314 310 308 308 308 309 308 309 300 304 315 307 308 305 303 303 302 302 304 308 312 313 313 312 313 314 314 314 315 315 315 314 314 314 314 313 313 313 312 312 312 312 312 312
323 323 319 317 312 312 310 312 307 305 313 312 310 312 308 305 306 310 311 306 299 306 312 320 306 303 310 312 313 316 307 304 303 307 309 302 296 302 309 315 314 314 312 311 310 312 310 306 301 307 310 314 310 312 312 310 306 306 302 303 304 303 309 311 313 313 310 313 314 313 314 314 315 315 315 314 313 314 314 313 314 312 312 312 312 312 312
320 322 322 321 316 316 308 309 307 307 305 314 313 312 311 309 302 311 312 311 305 299 305 314 313 298 299 302 307 313 315 308 309 308 310 307 298 303 309 311 315 312 313 312 305 309 309 308 305 308 313 314 313 315 315 311 306 304 303 301 305 310 308 312 312 312 312 313 314 314 314 315 315 314 315 314 314 313 314 313 312 312 312 312 312 312 312
320 322 322 316 320 317 314 311 310 308 307 314 314 314 312 310 308 310 313 312 311 312 300 308 317 317 302 300 298 304 311 315 314 314 312 301 306 305 307 309 312 314 313 310 308 303 304 305 303 303 302 312 313 315 315 315 314 306 303 301 301 313 313 311 313 312 313 313 314 315 315 315 315 314 315 314 314 313 313 313 313 313 313 312 312 312 312
321 320 322 320 313 315 314 311 310 312 311 310 313 314 309 312 312 312 312 313 307 308 309 310 310 317 316 307 299 295 302 306 308 313 313 313 309 307 307 307 310 313 311 310 309 307 307 303 303 303 305 312 311 313 314 314 315 314 310 307 310 314 314 311 313 312 313 314 315 314 315 315 315 314 314 313 313 313 313 313 313 313 313 313 312 312 312
321 319 319 322 313 311 319 307 305 304 312 302 309 314 313 312 312 312 312 309 311 298 301 307 308 314 317 314 311 305 303 301 300 302 310 312 310 308 306 304 310 313 310 310 310 310 308 308 307 308 308 309 309 311 312 314 315 315 313 310 311 314 314 313 313 314 314 313 315 315 314 315 314 314 313 313 313 313 313 313 313 313 313 313 312 312 312
321 321 320 318 317 309 309 311 306 302 311 305 307 308 312 310 312 312 311 312 308 305 292 290 299 299 303 304 305 309 307 309 300 302 308 311 312 311 306 304 307 308 308 311 311 311 310 310 307 310 309 310 310 311 312 310 314 314 314 315 315 314 314 314 314 314 314 314 314 315 315 314 314 313 313 313 313 313 313 313 313 314 312 312 312 312 311
321 321 318 311 310 309 311 308 309 300 305 305 306 310 306 310 313 309 307 303 297 308 304 297 292 290 287 289 292 293 298 303 303 300 304 305 309 307 310 308 306 304 302 303 307 309 310 311 312 310 308 310 308 311 311 311 313 313 313 314 314 314 314 314 314 315 314 314 314 315 315 314 314 314 314 313 313 313 313 314 313 312 312 312 312 312 311
320 321 317 315 312 314 312 307 310 308 301 307 309 305 306 302 307 312 312 305 291 294 297 303 301 293 284 283 281 286 281 286 291 295 295 299 300 301 306 305 306 306 306 304 306 305 308 311 311 312 311 311 310 311 310 309 312 312 310 313 313 314 314 314 314 315 314 314 314 315 314 313 314 314 313 313 313 313 312 314 313 313 312 312 312 312 312
319 320 316 316 314 311 311 311 309 309 308 307 304 299 305 304 302 312 309 308 295 291 294 297 305 303 301 289 282 283 282 281 280 278 286 290 293 294 297 300 300 303 305 303 300 306 306 309 310 308 309 310 311 311 312 309 311 309 311 312 313 313 314 314 314 314 314 314 314 315 314 314 315 314 314 313 313 312 312 313 313 313 313 313 312 312 311
319 320 319 315 315 313 314 313 306 311 311 300 299 301 300 310 302 301 304 308 300 296 294 287 294 300 301 299 295 296 293 294 287 280 276 276 281 287 291 292 296 299 302 300 301 300 303 306 304 307 306 307 309 310 312 312 311 312 311 311 310 313 313 313 314 314 314 314 314 315 315 314 314 314 313 313 312 312 313 312 313 313 313 313 312 312 312
318 319 318 316 316 315 314 313 315 311 309 304 298 304 301 296 310 301 301 306 308 306 298 287 293 298 296 301 301 300 300 301 297 292 291 281 272 276 280 285 282 293 299 300 300 293 294 294 300 302 298 298 303 306 312 311 312 311 312 311 308 309 313 313 313 313 313 314 314 315 315 314 314 313 313 313 313 312 313 312 313 313 313 312 312 312 312
316 318 317 317 316 315 315 315 315 315 304 308 303 301 304 299 300 307 303 304 303 309 303 300 295 293 292 293 300 302 301 302 300 301 296 292 287 284 279 278 281 289 293 289 287 291 292 286 288 292 294 294 298 300 302 304 309 313 312 308 302 304 311 313 313 313 314 314 313 314 314 314 313 313 313 313 312 312 312 312 312 313 313 312 313 312 313
318 319 319 317 315 316 315 316 315 313 306 308 308 302 300 300 291 298 306 302 300 308 307 302 298 295 292 290 293 301 301 301 298 296 292 292 288 287 284 281 281 275 274 274 277 282 278 276 280 280 278 287 294 297 295 295 300 314 314 308 300 300 308 313 313 314 314 314 313 313 314 314 314 314 313 313 312 312 312 312 312 313 313 313 312 312 312
314 317 317 318 317 315 313 316 316 312 308 306 306 304 294 301 300 296 297 305 302 301 305 307 306 301 286 286 290 297 295 301 301 292 286 282 282 279 273 267 268 268 266 271 275 280 285 292 289 289 288 288 282 290 294 294 295 299 304 313 310 301 307 313 313 313 313 313 313 313 314 314 313 313 313 312 312 312 313 312 312 313 312 312 312 312 312
312 316 317 318 315 316 309 314 313 312 308 304 301 302 297 292 298 297 303 300 303 299 294 302 306 306 299 298 294 291 295 301 300 299 297 279 274 269 264 266 267 265 264 264 270 276 283 288 293 294 295 293 292 290 290 292 299 295 298 309 314 313 313 313 313 313 313 313 313 314 313 313 313 313 313 312 312 313 312 313 312 312 312 312 313 312 312
311 316 317 315 316 316 315 314 315 314 311 304 296 302 299 296 295 300 297 298 294 299 304 297 305 303 307 302 301 300 300 301 301 300 298 293 287 283 278 278 275 271 273 272 279 284 289 292 291 296 293 293 299 304 292 291 298 306 298 307 312 314 314 313 312 313 313 313 313 313 314 313 314 314 313 313 313 313 313 312 312 312 312 312 313 313 312
316 316 316 315 317 315 314 312 314 314 315 311 311 303 299 297 289 294 297 295 293 290 296 299 299 300 300 293 297 288 291 301 301 299 299 299 294 292 288 285 283 279 276 272 279 285 290 296 297 299 304 296 293 300 305 303 303 306 301 303 310 313 313 313 312 313 314 313 313 314 315 313 313 314 313 312 312 312 312 313 312 311 313 313 313 312 312
311 316 316 316 315 316 315 313 310 314 313 314 302 307 294 301 299 290 300 298 294 294 287 290 294 296 297 293 290 287 286 282 289 291 292 293 289 285 283 280 277 274 271 271 273 277 287 293 295 295 302 303 303 301 301 306 308 311 308 297 303 311 313 313 313 313 313 314 313 312 313 314 314 312 313 312 312 312 312 313 313 312 312 313 312 312 312
313 307 314 313 316 316 315 314 313 313 315 309 305 301 312 312 305 298 291 294 296 294 294 287 291 292 292 292 287 284 282 275 277 275 276 281 280 273 272 273 273 273 273 272 272 273 277 286 277 287 294 302 303 303 304 304 309 311 308 306 302 309 312 313 313 314 314 313 313 313 314 313 313 313 313 312 312 312 312 313 313 312 312 313 312 312 312
314 308 310 314 311 315 315 315 314 312 316 315 308 306 313 316 316 306 300 297 295 295 294 294 292 291 293 289 287 285 284 282 281 276 276 277 277 272 273 272 272 273 273 272 273 271 274 275 278 286 294 297 302 303 303 303 303 310 311 311 311 307 311 311 313 313 313 313 314 314 314 314 313 312 313 313 312 312 312 313 313 312 312 312 312 313 311
313 314 309 315 310 316 315 316 312 312 309 314 314 315 315 316 316 307 307 301 292 292 295 293 292 294 291 294 296 293 288 282 283 281 286 286 283 279 275 272 275 276 273 274 269 269 269 267 266 280 285 286 293 297 302 303 304 303 301 305 308 302 297 310 312 312 313 313 313 313 313 314 313 313 313 313 312 313 312 313 313 312 312 312 312 311 312
312 312 309 315 308 315 315 316 312 311 311 316 315 316 315 316 314 315 309 309 310 301 292 303 297 290 292 295 297 289 290 286 285 285 288 292 287 286 284 277 283 287 280 284 280 281 273 271 272 273 276 281 290 296 303 303 303 303 305 302 302 304 301 309 311 311 311 311 312 313 313 313 313 313 313 313 312 313 312 312 312 313 312 312 312 312 312
312 312 310 312 308 312 315 316 315 311 314 315 315 312 313 314 315 315 315 314 302 304 305 308 308 307 300 303 297 294 293 293 293 295 291 298 299 296 294 292 290 292 289 290 291 288 283 281 280 279 283 287 300 304 304 302 303 304 302 304 306 300 306 310 310 312 311 312 312 312 313 313 313 313 313 313 313 312 312 312 311 312 313 313 313 311 311
314 313 310 312 311 310 313 316 316 315 314 312 314 315 312 315 314 313 314 313 309 295 296 294 297 303 299 307 302 298 303 301 301 301 299 298 297 295 296 295 295 294 294 293 294 292 291 286 285 288 290 298 304 304 304 303 303 305 306 308 308 309 303 308 310 309 311 310 311 311 312 313 313 313 313 313 312 313 313 312 311 312 313 313 312 311 311
313 312 305 309 311 298 312 312 315 315 314 312 313 315 313 313 311 314 315 314 310 304 294 294 289 295 297 301 303 302 303 300 300 294 296 297 296 295 299 299 298 298 297 295 292 292 284 283 282 284 284 293 300 304 305 304 304 309 308 309 309 310 308 310 308 307 310 311 311 311 311 311 312 313 313 313 313 313 313 313 312 312 312 312 313 313 312
