wc0.5/Cropped/bio5_28.asc
NCOLS 282 
NROWS 470 
XLLCORNER 79.525 
YLLCORNER 5.91666666666667 
CELLSIZE 0.00833333333333331 
NODATA_value -32768 
[rows 418 to 455 of 470, columns 87 to 173 of 282]
307 311 308 306 308 304 312 312 314 315 315 314 311 310 312 313 310 311 311 313 314 304 300 300 297 294 297 300 304 304 302 296 294 296 297 299 299 299 296 297 297 294 294 285 288 290 290 297 295 291 290 295 298 304 307 310 306 305 311 311 310 308 309 310 308 309 309 311 311 312 311 311 312 313 313 312 313 313 313 313 312 312 312 312 312 311 312
311 310 312 306 302 303 309 311 313 313 315 315 314 310 310 311 312 307 300 308 313 312 308 306 299 295 294 291 300 300 301 301 300 300 299 296 297 298 297 294 287 286 291 294 296 298 298 298 298 299 299 298 294 295 293 301 308 306 311 310 310 310 309 310 310 310 308 310 311 311 311 311 312 312 312 312 312 313 312 312 313 312 312 312 311 312 310
314 312 311 305 306 302 298 312 314 312 310 315 312 310 309 309 309 307 300 295 309 313 312 310 307 297 290 289 290 298 299 298 300 299 293 292 296 302 298 294 294 296 299 302 301 300 300 298 299 299 299 298 298 298 298 300 306 308 307 310 309 310 310 310 310 310 310 310 310 312 311 311 311 312 313 313 312 312 312 312 312 312 312 312 311 310 311
313 307 308 310 306 306 306 314 314 311 308 313 315 308 307 306 309 307 304 302 305 310 311 313 310 303 286 287 288 294 296 300 300 293 291 307 308 308 301 298 294 302 302 301 300 300 298 300 300 299 295 297 295 291 296 299 303 308 309 310 310 309 309 310 311 310 310 310 311 311 311 311 312 312 312 312 312 312 312 312 312 312 311 311 311 310 311
311 307 306 308 308 308 309 314 314 311 306 306 312 314 306 302 307 308 309 308 307 306 304 304 296 301 299 291 288 294 295 299 300 297 299 309 310 307 301 300 302 300 300 303 300 300 299 299 299 299 299 298 297 296 299 304 307 308 307 304 305 309 308 307 310 310 311 310 311 311 311 312 312 311 312 312 312 312 312 312 312 312 311 311 311 311 311
311 310 307 311 307 306 308 314 314 313 313 307 307 313 311 306 307 310 309 309 310 306 302 301 303 304 299 296 298 297 295 298 299 291 299 310 308 303 302 301 301 301 303 301 297 299 300 299 295 292 291 293 299 296 298 305 304 308 303 301 302 308 308 309 307 309 309 310 311 311 312 312 311 311 311 312 311 311 312 312 312 312 311 312 312 311 312
313 313 309 309 309 307 307 313 313 313 310 307 306 308 312 309 308 309 309 310 310 309 307 298 302 310 311 303 294 298 298 298 292 295 305 310 310 309 305 302 303 303 303 300 299 299 300 299 301 304 303 300 305 306 306 306 305 305 305 304 307 307 308 309 309 309 310 310 311 311 310 311 310 311 311 312 311 311 312 312 312 312 312 312 312 311 311
313 313 311 308 308 306 302 312 313 311 304 308 305 302 304 312 312 312 310 309 312 308 309 306 305 306 310 309 305 298 294 290 291 298 300 310 309 309 310 304 303 304 304 299 298 299 299 296 300 300 299 309 308 310 306 304 305 307 308 307 307 308 309 310 309 309 309 310 310 310 310 310 311 310 310 311 311 311 312 312 313 313 312 312 311 312 312
312 312 312 311 310 307 308 312 313 306 308 304 300 298 301 304 312 311 312 308 311 312 309 308 309 309 304 310 310 307 305 290 300 306 309 310 310 309 307 305 303 304 303 300 301 299 298 289 294 295 303 306 309 309 309 308 307 308 308 307 307 309 308 308 309 308 308 309 310 310 311 311 310 310 310 310 311 311 312 312 312 312 312 312 311 311 310
312 311 312 312 312 307 301 304 312 308 296 305 303 301 304 304 311 312 312 311 309 310 309 307 308 309 311 308 309 311 311 308 309 309 310 308 309 308 306 302 306 304 302 299 299 301 301 295 298 305 308 309 309 309 309 308 308 308 308 308 307 307 307 307 308 308 309 309 309 311 310 310 310 311 311 310 311 311 310 311 311 311 311 311 311 311 310
312 311 311 311 312 312 304 302 312 311 302 299 306 304 305 304 305 310 312 312 309 309 303 305 304 310 307 309 310 311 311 310 308 304 302 303 305 303 303 301 306 304 304 302 302 302 297 298 301 309 309 308 309 308 308 307 308 309 307 307 307 308 307 306 307 308 308 309 310 309 310 310 309 311 311 311 311 311 311 310 311 311 311 312 311 311 311
311 312 311 311 310 312 312 302 312 312 309 306 304 304 303 303 307 306 305 310 311 308 305 304 304 309 309 309 309 309 309 309 305 300 297 300 303 299 300 302 306 304 304 302 301 293 282 293 307 307 308 308 308 308 308 308 309 308 306 307 307 308 307 305 307 308 309 309 309 309 309 309 310 311 311 311 311 310 310 310 310 311 312 312 311 311 311
311 310 311 311 311 311 313 305 311 312 308 307 299 307 307 302 304 303 305 309 312 308 309 304 305 305 309 304 309 310 310 305 304 301 300 300 297 298 301 307 304 303 303 304 299 289 286 299 306 307 308 308 309 309 309 308 308 308 308 308 308 308 308 308 307 308 307 308 308 309 308 308 308 310 310 311 311 310 310 311 311 311 311 312 312 312 312
310 311 310 311 311 312 311 309 311 310 307 307 303 306 306 306 305 302 302 304 310 311 311 309 305 306 306 307 308 310 307 307 303 304 302 298 301 305 306 306 306 301 303 302 293 286 298 307 308 307 307 308 308 309 308 308 308 309 306 307 307 307 308 308 307 308 308 308 308 307 308 309 309 310 310 310 311 311 310 311 311 311 311 312 312 311 310
311 311 311 311 312 311 311 311 311 311 311 306 305 308 306 307 304 304 305 306 310 310 311 307 304 305 306 311 311 311 309 303 303 304 302 306 306 307 305 307 303 302 303 300 294 295 304 309 306 306 308 307 307 308 308 306 308 308 308 307 307 307 307 308 308 307 308 308 308 309 309 310 309 311 310 310 311 311 311 310 311 311 311 312 312 310 312
311 310 310 310 311 310 311 311 309 311 310 306 306 303 304 306 306 302 300 301 303 307 309 310 308 306 307 312 309 311 310 308 303 304 306 306 306 307 308 305 300 301 300 296 294 303 309 308 308 305 307 305 304 308 309 309 309 308 309 308 307 307 308 307 308 307 309 305 309 310 309 309 310 310 310 311 311 311 311 311 311 311 311 312 311 310 311
310 309 309 310 310 310 310 310 311 311 311 309 307 305 304 302 306 305 302 302 302 302 309 309 310 309 308 311 310 307 311 308 305 306 308 308 310 309 306 299 299 300 295 286 293 305 308 308 308 309 307 305 305 308 308 309 309 309 309 308 307 308 307 308 308 309 309 305 309 309 309 310 310 310 311 310 311 311 311 311 311 310 311 311 311 310 311
309 310 307 310 309 310 310 311 309 310 311 311 305 305 304 301 299 305 302 304 300 302 305 309 310 310 311 311 311 308 307 311 307 303 306 306 304 300 298 299 301 300 294 290 298 309 308 307 307 307 309 306 309 309 308 308 309 310 310 309 308 308 308 308 308 309 309 309 309 309 309 310 310 310 311 310 311 310 310 312 310 311 311 311 311 311 311
310 309 310 310 310 309 308 309 310 310 308 307 310 305 304 304 303 303 308 301 301 302 305 309 310 310 311 309 308 310 311 306 308 307 305 299 300 303 301 300 300 299 296 298 304 308 308 307 307 307 308 308 309 309 308 308 308 308 310 309 309 309 309 309 309 309 309 309 308 310 309 309 310 310 311 310 310 311 310 310 310 311 310 311 311 311 311
310 310 310 309 308 307 308 308 307 306 305 304 304 309 306 306 304 302 304 304 302 304 308 309 310 311 311 309 306 304 308 305 302 299 297 299 302 301 304 300 299 297 300 302 309 308 306 306 306 307 307 308 309 309 308 308 308 308 308 309 309 309 310 309 310 310 310 310 310 310 310 310 309 311 310 310 310 310 310 311 310 310 310 311 311 311 311
310 309 308 307 308 309 307 306 307 307 305 304 305 304 310 304 306 304 303 307 305 303 303 306 309 310 311 311 306 302 301 302 302 301 299 299 300 297 297 305 301 300 302 303 306 308 306 306 304 305 308 308 308 309 309 309 309 309 310 310 310 310 310 309 310 310 309 310 311 311 310 309 311 310 310 310 310 311 310 311 311 311 310 310 310 310 310
307 309 306 308 309 306 308 307 306 307 305 305 305 304 304 308 303 306 306 307 309 307 306 309 311 310 311 311 309 307 306 301 296 296 297 296 296 297 298 301 307 303 307 309 309 307 306 306 305 304 307 307 309 309 309 309 309 309 309 309 310 310 310 309 311 310 309 309 311 310 310 310 309 310 310 310 311 311 311 311 311 311 310 310 311 310 311
309 308 309 308 307 307 306 306 306 307 307 306 307 306 305 307 308 307 304 304 309 309 305 308 309 310 311 311 311 309 306 306 306 306 303 304 300 305 304 306 310 309 309 309 308 308 306 308 305 304 308 308 309 309 309 310 309 309 309 309 309 311 310 310 310 310 310 310 310 310 310 310 310 309 309 309 310 310 310 311 310 311 310 310 310 310 311
308 307 307 308 307 307 306 306 308 307 307 305 305 306 303 306 307 308 308 304 307 306 305 305 303 305 308 309 309 310 309 308 308 308 309 308 309 306 308 310 310 309 310 309 308 308 307 306 305 305 306 308 309 309 307 308 309 309 309 309 309 311 310 310 310 310 310 310 310 310 310 310 310 309 309 309 309 310 310 311 310 310 310 311 311 310 311
308 307 308 306 308 306 305 302 303 307 307 305 306 303 304 303 305 305 305 309 309 305 305 304 299 308 310 310 310 310 309 309 308 306 308 310 310 310 310 309 309 308 310 309 308 307 307 307 306 307 306 307 310 309 308 308 308 308 308 308 309 309 309 309 308 309 310 309 310 310 310 311 311 310 310 310 310 309 309 310 310 310 310 310 309 311 311
307 306 307 307 307 307 307 306 305 304 305 306 305 302 303 306 301 304 305 309 309 307 308 308 307 309 309 310 310 310 309 310 310 308 309 309 309 309 309 309 308 308 308 309 309 309 308 308 306 306 306 307 309 309 309 309 309 308 308 308 308 308 308 309 309 309 309 309 309 310 310 311 310 310 310 310 311 309 310 310 311 310 310 310 310 310 310
307 307 307 307 308 307 307 305 307 306 305 307 305 307 304 306 302 296 300 305 309 308 307 310 307 310 309 310 310 310 309 309 309 309 307 309 309 309 309 309 308 309 308 308 309 304 306 307 306 307 306 309 309 310 308 308 309 309 307 308 309 308 308 309 309 309 309 309 310 309 310 311 310 309 310 310 309 309 311 309 310 310 310 310 310 310 310
306 307 307 307 306 306 305 307 307 308 308 308 307 306 306 305 307 304 301 304 309 309 308 308 310 309 309 310 310 309 308 307 308 309 309 308 308 309 310 308 310 308 303 303 306 306 305 305 306 307 309 309 310 310 309 308 309 307 306 307 307 308 309 309 309 310 309 309 309 310 310 310 309 309 310 310 309 309 310 309 310 310 311 311 310 310 310
306 306 305 306 306 306 306 307 308 307 307 307 308 304 302 304 306 304 305 308 309 307 305 307 309 309 309 310 310 308 308 306 308 308 308 309 308 309 308 309 308 307 300 303 304 306 305 307 309 308 307 308 309 310 310 309 308 309 308 308 308 308 309 309 309 309 309 309 309 309 310 310 310 310 310 310 309 309 310 310 310 310 311 311 311 310 310
306 306 305 304 305 305 305 306 307 306 307 307 307 303 303 307 306 308 308 306 306 304 304 304 308 308 308 310 309 309 308 308 307 307 308 308 308 309 307 307 307 303 306 302 306 305 307 307 306 306 304 305 307 307 309 309 308 309 308 308 308 308 309 309 309 310 309 309 308 310 309 310 310 310 310 310 309 309 309 310 310 311 311 311 310 310 310
305 305 306 305 304 304 305 305 304 304 304 306 307 307 308 307 307 307 306 306 306 303 302 301 304 306 309 309 309 309 308 307 308 308 309 308 309 309 309 309 307 306 306 305 304 305 307 309 309 303 303 304 304 305 307 309 309 309 309 309 308 308 308 308 309 309 309 309 309 309 309 309 309 309 310 310 309 309 308 309 310 311 311 310 310 310 311
306 305 305 305 305 306 305 303 303 306 305 306 306 307 307 307 306 306 306 306 305 304 302 301 301 306 308 308 309 307 308 308 308 307 308 309 309 308 309 308 306 307 305 305 305 306 307 308 308 308 307 305 306 306 308 308 308 309 308 309 308 308 309 308 309 308 309 310 310 309 309 309 309 309 310 310 310 310 310 310 310 310 311 310 310 310 310
306 305 304 304 305 305 305 305 305 303 304 304 305 306 307 306 304 304 300 303 305 302 302 299 301 308 308 308 309 308 309 309 306 307 307 308 308 309 309 308 308 307 308 306 306 308 308 308 308 308 308 308 309 308 308 308 308 308 308 309 309 309 309 309 310 309 309 309 310 310 310 309 309 309 310 310 310 310 310 310 310 309 310 311 -32768 -32768 -32768
306 306 305 305 305 305 306 305 304 303 302 303 303 306 307 307 304 306 302 302 303 304 301 299 301 306 308 308 308 308 309 309 309 309 308 308 308 309 309 309 308 307 308 306 305 306 305 305 306 308 309 308 309 309 309 308 309 309 309 310 310 310 310 309 309 309 309 309 309 310 310 309 310 310 310 310 310 309 310 309 311 -32768 -32768 -32768 -32768 -32768 -32768
305 305 305 305 305 303 304 303 301 302 302 302 302 306 306 306 307 307 305 305 307 306 305 304 304 306 308 309 309 308 308 309 309 308 307 308 308 308 308 308 307 306 306 309 306 306 305 306 306 306 306 307 307 307 309 309 308 309 309 309 308 310 310 310 310 310 309 309 310 310 309 310 309 309 310 309 309 309 310 -32768 -32768 -32768 -32768 -32768 -32768 -32768 -32768
304 304 305 305 305 306 303 303 301 302 304 303 303 304 306 307 306 307 305 306 306 304 305 302 303 307 307 306 307 308 308 309 308 308 308 308 308 308 308 308 307 306 305 308 308 308 308 304 304 305 306 306 306 305 305 307 308 308 308 308 309 309 310 309 310 309 309 310 310 309 309 309 309 309 310 -32768 -32768 -32768 -32768 -32768 -32768 -32768 -32768 -32768 -32768 -32768 -32768
305 304 304 304 305 305 306 306 304 305 304 304 305 305 306 307 307 308 307 307 307 305 304 306 305 303 307 307 308 307 307 308 309 308 308 308 308 308 306 307 306 305 308 308 308 308 305 302 303 304 305 306 306 307 307 306 306 308 308 309 309 309 309 309 309 309 309 309 309 309 309 309 309 309 -32768 -32768 -32768 -32768 -32768 -32768 -32768 -32768 -32768 -32768 -32768 -32768 -32768
305 304 304 304 304 305 306 306 304 305 304 305 304 307 305 306 307 306 307 306 303 303 301 304 305 304 306 308 307 307 307 309 309 308 308 308 308 307 306 306 307 306 307 307 307 305 305 304 304 304 304 306 306 305 307 306 306 307 308 309 308 308 309 308 309 309 309 309 -32768 -32768 -32768 -32768 -32768 -32768 -32768 -32768 -32768 -32768 -32768 -32768 -32768 -32768 -32768 -32768 -32768 -32768 -32768
