wc0.5/Cropped/bio5_28.asc
NCOLS 282 
NROWS 470 
XLLCORNER 79.525 
YLLCORNER 5.91666666666667 
CELLSIZE 0.00833333333333331 
NODATA_value -32768 
[rows 266 to 303 of 470, columns 174 to 260 of 282]
325 325 325 324 325 324 324 324 324 324 323 323 323 323 322 315 316 319 322 322 323 323 322 322 322 323 323 324 323 324 322 323 323 322 323 325 325 324 325 326 327 326 327 328 327 329 328 329 329 329 330 330 329 330 330 331 331 330 330 330 331 331 331 331 331 331 331 332 332 332 332 332 332 332 333 333 333 333 333 334 334 334 334 334 334 334 335
325 325 325 325 325 325 325 324 324 324 324 323 324 323 321 320 317 319 322 322 323 323 322 323 322 323 323 323 323 323 324 313 322 324 323 324 325 325 325 326 327 327 328 328 328 329 329 328 329 330 330 330 330 330 330 331 330 329 329 330 330 331 331 331 331 331 331 332 332 331 332 331 332 332 332 333 333 333 333 333 333 334 334 334 334 334 335
325 325 324 325 325 324 324 324 324 324 324 324 322 322 321 321 321 322 322 322 323 323 323 323 323 323 323 323 324 324 324 323 324 325 324 324 325 326 326 327 327 328 328 327 328 329 329 328 329 329 330 329 329 330 330 330 330 329 329 329 330 331 331 331 330 330 331 332 331 330 330 331 332 332 331 332 333 333 333 333 333 333 333 334 334 334 334
324 325 324 324 324 324 324 324 324 324 324 324 323 322 321 321 321 320 320 322 322 322 322 323 323 323 323 323 323 323 324 323 324 325 324 324 325 326 327 327 327 328 327 328 328 329 329 329 329 329 329 328 329 330 329 329 330 329 329 330 330 331 331 330 330 331 331 331 331 330 330 331 331 331 332 332 332 332 333 332 333 333 333 333 334 334 334
325 324 324 324 324 324 323 323 324 324 324 323 323 323 323 322 321 319 321 321 322 322 322 322 323 323 323 323 323 323 322 322 323 324 325 324 324 325 326 327 326 327 327 328 328 328 328 329 329 329 328 327 329 329 328 330 329 329 330 330 330 330 330 331 331 331 330 331 331 330 330 331 331 330 331 331 331 332 332 332 333 333 333 333 334 334 334
325 324 323 323 324 324 324 323 323 323 323 322 322 323 323 322 321 321 321 319 322 322 323 323 323 323 323 323 322 321 321 320 324 324 325 325 325 324 324 325 326 327 328 328 328 328 329 329 329 328 327 329 329 329 328 329 329 328 329 329 329 329 329 330 331 330 330 331 330 331 329 330 330 331 331 331 331 331 332 332 333 333 333 333 334 334 334
324 323 324 324 324 324 324 323 323 323 323 322 322 322 320 321 321 321 320 321 322 322 323 323 323 323 323 324 322 322 322 322 322 323 324 325 326 325 324 324 326 325 328 328 327 328 328 328 328 328 327 328 328 328 328 328 328 329 329 328 327 329 329 330 331 330 330 329 329 330 330 329 330 331 329 330 331 331 332 332 332 333 333 333 333 333 333
324 324 324 324 324 324 324 324 323 322 322 321 321 320 313 320 320 320 321 322 321 323 322 322 323 323 323 323 323 322 321 320 322 323 323 324 325 326 323 323 325 326 327 326 328 328 328 328 327 328 327 328 327 327 327 326 328 328 328 328 328 329 330 330 330 330 329 329 330 329 330 329 330 330 330 330 331 331 332 332 333 333 333 333 333 333 333
324 324 323 323 323 324 324 323 323 323 323 322 321 320 314 321 321 320 321 321 322 322 322 322 322 323 323 323 323 323 321 320 321 324 323 324 326 326 324 325 325 327 327 326 326 328 328 328 328 327 326 327 326 326 326 327 327 328 328 328 328 328 328 329 330 330 330 329 329 325 328 328 329 329 329 330 331 331 332 332 332 332 332 333 332 332 333
324 323 323 323 323 324 324 323 323 322 322 321 320 320 321 321 319 319 319 321 322 322 321 322 323 322 323 323 323 321 322 323 322 323 323 325 324 325 326 325 326 327 327 326 326 327 328 328 326 327 326 326 327 327 325 328 327 328 327 328 328 327 328 329 330 329 330 329 329 329 329 329 328 330 330 330 331 331 331 332 332 332 332 332 332 332 333
324 324 324 324 323 323 323 323 323 322 322 322 321 321 321 320 320 320 319 321 322 322 321 322 322 322 322 323 322 322 323 323 323 323 324 324 324 325 326 326 327 326 326 326 327 327 328 328 328 327 327 327 326 327 327 327 326 328 328 327 327 328 328 330 329 328 329 330 328 329 330 330 329 330 331 330 331 329 331 331 332 332 333 333 333 333 332
324 324 324 323 322 323 323 323 322 321 322 322 321 322 322 320 321 319 320 321 321 322 321 321 322 321 322 323 322 322 322 324 322 323 324 324 325 325 326 326 326 325 326 327 326 327 328 328 328 328 327 327 327 327 325 325 320 326 329 327 329 328 329 329 328 329 330 330 329 329 330 330 330 328 329 330 331 330 330 330 332 332 332 333 333 333 332
324 323 324 323 322 323 323 323 323 323 322 322 322 322 322 321 320 318 317 321 321 321 321 320 321 322 322 323 322 322 323 324 323 324 324 325 326 326 325 326 325 324 325 326 326 327 327 327 328 328 327 326 326 323 323 327 327 326 327 328 329 329 329 329 322 326 328 329 329 328 329 329 330 329 330 330 330 329 330 331 331 332 332 332 332 333 333
324 323 323 323 323 323 323 323 323 323 322 322 321 321 321 320 319 313 320 321 321 321 321 321 321 322 322 323 322 321 322 323 324 324 325 325 325 325 326 325 325 324 324 326 326 327 327 326 327 328 327 326 325 323 325 327 326 326 327 328 328 329 329 323 322 328 327 329 328 327 328 329 330 329 330 330 329 325 330 329 331 332 332 332 332 333 333
323 322 323 323 323 322 323 323 323 323 321 321 321 321 319 319 320 310 320 320 320 320 320 321 321 321 323 322 321 322 322 323 324 325 325 325 324 325 325 324 325 324 325 326 326 327 327 326 327 327 326 325 325 324 321 316 326 327 327 328 328 329 328 321 326 328 329 330 328 329 328 330 330 330 329 328 325 321 327 330 331 332 332 332 332 332 333
323 323 323 323 323 322 322 323 323 322 322 321 321 319 313 302 306 320 320 320 321 321 321 321 322 322 322 322 320 322 323 324 324 324 324 323 324 325 324 323 324 324 325 326 326 327 327 327 327 327 327 322 316 326 325 322 326 311 318 326 327 328 328 328 327 327 329 329 329 328 329 329 330 330 327 327 323 320 330 331 331 331 331 332 332 332 332
323 323 322 323 323 322 322 322 322 322 322 322 321 314 307 309 320 319 319 320 320 321 321 321 322 321 322 322 321 320 323 323 324 324 323 323 324 323 322 323 325 325 325 326 325 326 326 327 326 326 327 319 321 326 326 318 322 309 315 328 327 328 327 328 328 327 327 328 329 328 328 329 329 330 330 329 324 329 331 331 331 331 331 331 332 332 332
323 323 322 322 322 323 323 322 322 322 321 322 322 317 319 321 320 320 319 320 320 320 321 321 321 321 322 321 322 322 322 322 323 323 323 322 324 323 323 323 325 324 324 324 325 326 326 326 326 326 327 323 323 325 317 315 324 315 323 325 328 327 328 327 324 322 328 329 329 329 329 329 327 330 330 327 330 330 331 331 332 332 332 332 332 332 332
323 323 322 322 323 322 322 323 323 322 322 322 322 322 321 322 320 320 319 320 320 321 321 321 321 321 322 321 322 322 320 321 323 324 322 320 321 324 322 322 324 323 324 326 325 326 327 326 325 325 328 328 322 317 310 313 319 320 327 327 327 327 328 326 327 327 328 329 328 329 328 328 326 330 330 330 331 331 331 331 331 331 332 332 332 332 332
324 323 323 323 322 323 322 322 322 321 321 322 322 322 321 321 321 320 319 320 320 321 320 320 321 321 322 320 320 321 321 321 323 323 322 322 321 323 322 320 324 324 323 324 325 326 326 327 326 326 327 326 326 314 308 310 318 321 327 326 327 328 328 320 326 328 328 326 329 329 329 322 321 330 331 330 331 331 331 331 331 331 331 331 331 331 332
323 323 322 323 323 322 322 322 322 321 322 322 321 321 322 321 320 320 319 320 320 320 320 320 320 322 321 312 321 321 322 322 322 323 323 322 322 322 321 322 323 321 323 326 326 325 325 325 326 324 325 326 326 311 306 319 321 326 326 328 328 327 322 313 313 328 328 329 330 330 329 330 329 330 330 330 330 331 331 330 331 331 330 331 331 332 332
323 322 322 323 322 321 322 322 322 322 322 322 322 322 321 320 320 319 320 319 320 320 321 321 321 321 314 307 315 321 321 322 323 323 323 323 323 321 322 322 320 323 324 325 325 324 324 324 325 324 324 326 326 322 314 325 326 326 327 328 327 327 327 326 327 329 327 329 329 330 329 329 329 330 329 331 329 331 330 330 330 331 331 331 331 332 332
323 322 323 323 322 323 322 321 322 322 322 322 322 321 321 320 319 320 319 319 321 321 321 321 321 321 321 312 310 321 321 321 322 322 323 322 322 323 323 323 323 324 323 325 325 325 324 321 323 324 325 326 325 325 324 325 325 326 327 326 326 327 326 328 327 327 329 325 328 329 330 330 330 330 329 329 330 329 331 329 331 331 331 331 332 332 332
323 323 323 323 323 323 322 322 321 322 321 322 322 321 320 320 320 320 319 319 320 320 320 321 320 320 321 310 305 315 321 319 322 323 323 322 322 321 323 323 323 324 325 325 324 324 322 317 319 324 325 326 326 321 322 319 324 327 327 326 325 320 327 328 327 327 328 326 328 328 329 330 329 329 329 330 330 329 330 330 330 330 331 331 331 331 331
323 323 323 323 323 322 323 321 321 321 321 322 322 321 321 320 320 319 319 319 320 320 320 321 320 320 321 312 304 315 321 321 323 322 322 323 320 322 322 325 324 324 325 325 324 324 324 318 320 324 324 326 324 307 311 312 325 326 316 312 316 318 327 324 322 327 328 327 326 327 328 329 327 328 327 329 330 329 331 330 331 331 331 331 331 331 331
323 323 322 316 322 322 321 321 320 321 321 321 322 321 321 321 321 320 319 319 320 320 321 321 320 320 321 319 320 320 320 321 321 322 323 323 321 322 324 323 323 323 325 326 324 321 316 316 320 324 325 325 326 317 312 316 326 326 306 309 315 321 326 326 325 326 328 327 326 328 326 328 327 327 327 329 329 330 329 330 331 331 331 331 330 331 331
323 323 320 319 322 323 320 321 321 321 321 322 321 322 320 318 319 320 320 319 320 320 320 320 320 320 321 320 320 319 320 321 320 321 323 321 322 322 323 322 323 323 325 324 324 318 316 315 319 323 324 325 326 326 322 324 326 325 316 311 312 311 324 326 326 327 326 327 325 326 326 326 323 324 329 330 329 329 331 330 330 331 331 330 330 330 331
323 323 322 321 322 322 321 321 321 321 321 321 321 322 320 320 318 320 319 319 319 319 319 320 320 320 320 321 320 318 319 320 321 321 322 321 321 323 322 322 323 324 324 324 325 324 317 315 316 324 324 325 326 325 325 324 325 324 317 308 308 306 314 326 325 324 322 326 327 326 326 318 321 329 328 329 329 330 331 330 330 330 331 330 330 330 330
323 322 323 317 322 322 321 322 321 322 321 321 321 321 321 321 319 319 319 319 320 320 319 319 320 320 320 321 319 319 319 321 321 321 321 321 322 323 322 322 322 324 324 324 323 319 324 316 316 323 324 325 326 324 324 325 324 324 309 306 300 301 306 308 320 323 323 327 327 327 328 327 329 329 330 329 329 330 330 330 331 330 331 330 329 329 329
323 323 322 319 322 322 322 322 322 322 322 321 321 321 321 321 321 321 320 320 320 320 318 319 320 320 320 321 319 319 318 319 319 320 320 321 322 322 321 323 320 323 324 323 314 308 313 321 322 317 323 325 325 324 324 325 322 315 321 313 317 305 306 312 325 323 327 327 327 328 329 329 328 328 330 329 329 330 330 329 329 330 330 330 329 329 331
323 322 322 322 322 322 322 322 322 322 322 321 320 321 320 320 320 321 321 320 319 319 318 318 318 318 320 320 319 318 315 311 318 318 319 320 322 321 321 322 323 324 322 314 316 315 308 320 320 322 323 325 325 324 322 324 324 324 322 317 321 320 325 326 326 326 327 327 327 328 327 327 327 329 330 330 328 329 329 330 330 330 330 329 330 330 331
322 322 322 322 321 322 322 321 321 322 322 321 320 320 320 319 319 320 320 320 320 319 317 319 318 319 320 320 319 319 314 315 317 319 319 321 321 319 322 323 323 322 320 311 315 311 305 316 321 322 324 324 325 324 323 324 324 324 320 309 312 312 313 313 314 316 313 323 327 326 327 328 328 328 328 330 329 329 330 329 329 328 328 329 329 329 330
322 322 323 322 320 320 321 320 320 321 321 321 320 319 320 320 319 319 319 320 320 319 318 319 319 319 319 319 320 319 316 316 319 320 321 321 320 321 322 323 324 323 322 322 316 308 300 316 313 321 322 324 324 324 323 323 324 324 323 311 308 307 308 311 311 312 310 313 311 320 327 328 329 328 328 329 329 329 329 330 328 329 328 329 330 329 328
323 323 322 322 321 321 321 321 320 320 321 321 320 319 319 319 319 318 319 320 320 319 318 313 317 319 318 318 319 319 319 316 318 319 320 319 321 321 322 323 323 323 323 322 313 307 304 318 321 321 323 324 323 324 324 321 323 324 323 324 321 324 323 313 313 317 311 316 307 327 328 328 327 328 329 329 327 329 328 329 329 328 329 328 328 329 329
322 322 322 322 322 321 321 321 320 321 320 321 320 319 319 319 320 319 319 319 320 319 318 318 319 317 317 318 319 319 319 318 316 317 319 319 320 322 323 323 322 323 323 322 317 308 320 321 323 322 323 324 321 323 324 323 323 324 322 323 323 322 318 315 318 321 318 310 306 313 328 328 327 327 328 328 328 329 329 328 328 328 328 329 329 329 330
322 322 322 322 322 321 321 321 321 320 320 320 320 320 320 318 319 319 318 319 319 319 317 318 319 315 317 317 318 319 319 319 318 305 304 307 319 321 322 322 321 322 322 322 311 314 322 321 322 322 323 322 323 323 323 322 322 324 322 322 324 322 322 316 318 324 319 309 315 327 328 327 328 327 327 328 329 328 327 328 329 329 329 329 328 329 330
322 322 322 322 322 322 322 321 321 320 320 320 320 319 318 318 319 318 318 318 319 319 317 318 318 317 317 317 319 319 318 318 314 310 292 300 317 321 322 320 322 321 320 322 312 312 320 320 322 323 323 322 319 315 321 323 322 323 322 319 323 324 322 324 318 325 318 313 324 327 327 326 327 327 327 329 329 329 329 328 329 329 330 329 329 329 329
322 322 322 323 322 321 321 321 321 321 320 320 319 319 319 319 318 318 317 316 319 319 319 318 318 317 315 314 318 319 318 318 318 310 295 297 320 320 321 316 321 321 317 322 321 308 313 322 321 322 322 320 315 307 322 322 324 324 323 318 321 324 324 325 324 326 317 313 327 327 327 326 326 327 327 328 327 328 328 329 329 328 329 330 328 329 330
