wc0.5/Cropped/bio5_28.asc
NCOLS 282 
NROWS 470 
XLLCORNER 79.525 
YLLCORNER 5.91666666666667 
CELLSIZE 0.00833333333333331 
NODATA_value -32768 
[rows 266 to 303 of 470, columns 87 to 173 of 282]
341 341 341 342 342 342 341 336 341 341 341 341 341 341 341 340 340 340 339 309 339 339 337 334 338 336 335 336 336 335 335 334 334 331 321 321 330 309 294 286 314 317 319 317 314 320 321 323 323 324 322 318 310 303 300 298 308 308 312 312 312 317 319 319 310 310 318 320 324 325 324 324 323 320 312 318 322 323 323 324 325 325 325 325 325 325 325
341 341 341 341 342 342 342 340 341 341 341 341 341 341 341 340 341 340 339 323 338 339 337 337 337 336 335 336 336 336 336 334 333 332 319 317 327 324 292 281 307 315 318 316 312 320 320 320 320 323 315 312 305 291 293 285 284 284 302 308 306 311 318 319 313 308 317 324 324 325 324 323 323 321 314 313 321 324 324 323 324 325 325 324 325 325 325
342 341 342 342 342 342 342 341 342 342 341 341 342 341 341 342 341 340 340 339 339 338 339 337 337 337 335 336 336 336 336 334 332 332 323 322 329 317 291 302 318 317 317 315 316 320 316 318 319 322 319 314 303 298 293 276 284 290 302 308 310 317 317 320 315 306 312 323 324 324 324 324 323 322 316 322 324 324 324 324 325 325 325 324 325 324 325
341 341 342 341 342 342 342 342 331 341 342 342 342 341 341 342 342 340 340 339 339 339 339 338 338 337 337 336 336 337 336 334 334 334 332 332 330 331 298 302 314 319 319 317 318 319 317 321 322 323 321 315 295 289 283 279 291 296 305 313 316 316 315 314 316 307 312 321 322 324 324 323 323 322 320 320 324 324 324 324 324 324 324 325 324 324 325
340 340 341 342 342 342 342 342 342 336 342 342 341 342 341 341 341 341 338 338 340 340 331 338 338 338 337 335 337 337 336 335 336 334 332 333 333 328 309 299 313 318 318 317 316 320 315 321 322 323 320 309 298 294 291 285 297 312 313 314 309 312 311 309 311 306 311 320 324 324 323 323 322 321 315 315 324 324 323 324 324 325 325 324 324 324 324
341 341 342 335 342 342 342 342 342 342 334 342 342 341 341 341 342 342 341 337 337 339 326 338 338 337 336 335 336 337 337 335 334 334 334 330 328 328 314 317 319 319 315 316 320 322 321 323 323 316 315 312 304 300 298 284 301 302 310 311 307 310 311 306 311 303 310 321 321 323 323 322 322 320 319 309 323 324 323 323 323 324 325 324 325 324 324
341 342 341 341 342 342 342 342 341 342 341 339 342 342 341 341 341 341 341 340 340 341 335 338 338 339 335 337 337 337 336 336 332 333 334 333 333 324 317 318 319 319 313 316 317 319 318 319 323 312 310 309 303 294 285 287 300 293 305 305 298 308 310 305 309 303 309 319 318 321 321 322 321 322 321 313 323 324 323 323 323 324 324 324 324 324 324
342 341 342 342 341 342 343 342 342 342 342 342 342 342 342 341 341 342 341 340 341 340 338 338 339 339 335 337 337 337 337 336 332 330 334 333 329 326 312 316 318 318 314 313 318 318 319 322 321 315 307 307 304 294 282 283 289 279 294 299 294 302 305 308 308 305 308 318 316 318 322 319 321 321 318 313 317 323 323 324 324 324 324 324 324 324 324
342 342 342 342 342 342 343 343 342 342 342 341 338 342 342 341 341 341 342 341 340 341 339 339 339 338 337 338 337 337 336 336 334 331 332 333 324 318 314 316 318 319 307 313 317 319 320 318 320 322 310 314 299 298 284 281 281 271 289 289 292 298 306 308 304 310 309 320 323 322 323 322 320 321 320 310 318 322 321 324 324 324 322 324 324 324 324
342 342 342 343 341 342 343 342 342 341 342 342 341 334 342 341 341 341 341 341 341 340 340 339 339 338 338 338 337 335 336 335 334 335 332 330 329 312 315 315 319 319 296 309 319 320 321 322 319 322 311 313 304 305 301 291 288 278 284 295 296 307 307 304 303 314 318 321 320 320 323 322 321 321 321 318 320 324 324 324 325 325 324 324 324 324 324
342 342 342 342 342 341 342 343 342 341 341 342 341 340 342 342 341 341 341 341 341 340 341 340 339 340 338 337 334 333 335 336 336 335 333 329 328 321 305 311 316 318 304 312 318 320 321 321 318 320 318 317 306 308 304 301 290 276 281 286 299 305 297 297 310 315 322 313 307 314 321 319 318 319 318 316 323 324 324 324 325 325 325 324 324 324 324
342 342 342 342 342 341 342 343 342 342 341 341 342 342 342 342 341 341 341 341 341 341 341 339 340 338 338 338 338 335 335 333 336 333 333 327 328 325 308 308 316 318 310 313 320 318 320 320 316 318 319 317 314 308 297 292 286 278 276 287 299 302 286 291 310 319 318 309 305 311 318 318 316 317 317 310 317 324 324 324 324 324 325 324 324 324 324
342 342 342 343 342 342 342 342 342 342 342 343 339 341 336 342 341 340 341 341 340 341 340 340 339 338 338 330 336 333 335 336 336 334 332 327 326 328 309 312 318 318 306 310 318 320 322 321 313 315 318 307 316 310 306 298 294 285 277 287 298 294 298 311 320 318 313 307 304 308 317 319 313 317 317 312 317 323 324 323 323 324 324 323 324 324 324
342 341 341 342 342 341 342 342 342 342 342 343 341 342 342 343 341 339 339 341 340 341 341 340 339 339 338 328 336 326 331 335 335 332 335 333 328 323 307 307 314 317 307 312 320 320 321 321 316 317 319 318 308 307 303 295 290 285 276 284 295 290 296 312 319 306 302 299 302 311 315 314 312 311 315 313 317 324 322 322 324 324 324 324 324 324 324
341 341 342 341 342 341 342 342 342 342 342 342 341 342 342 343 341 340 340 340 340 340 340 339 340 340 338 326 319 312 323 334 335 331 326 334 329 321 304 294 301 308 293 300 320 320 320 317 314 317 318 312 302 303 301 288 277 276 272 287 292 290 297 309 312 297 288 295 305 307 308 308 309 313 316 313 316 320 315 315 324 324 324 324 324 324 324
341 341 342 341 341 341 342 342 343 342 342 342 342 343 337 343 341 340 339 340 340 340 340 339 339 338 339 336 314 304 322 334 335 332 325 327 319 322 306 283 284 298 284 296 319 319 322 318 316 317 316 311 299 301 297 288 274 264 272 284 279 293 301 308 308 297 286 293 290 293 304 303 306 309 312 310 313 316 319 317 324 325 325 324 324 324 324
342 341 342 342 342 341 341 342 342 342 342 342 342 342 343 341 342 341 339 339 340 340 340 339 340 338 337 334 313 309 326 335 335 334 329 327 312 308 308 294 296 299 291 305 319 318 318 319 315 311 311 312 296 290 288 289 277 265 275 278 278 285 292 310 306 293 284 281 286 290 298 297 297 304 309 313 317 317 321 318 324 324 324 324 324 324 324
341 341 341 341 342 341 342 342 342 342 343 342 342 343 343 340 341 341 337 338 338 339 340 339 338 338 337 335 314 317 333 334 335 333 330 321 320 307 301 297 298 305 302 319 320 321 319 318 313 310 308 308 296 284 284 278 270 264 272 267 269 288 297 299 303 289 276 271 274 293 295 293 296 299 312 320 321 322 322 319 324 324 323 324 324 324 323
341 341 342 341 342 341 341 342 342 342 341 343 341 341 341 341 342 340 338 337 337 339 340 339 339 338 337 337 327 316 332 331 335 331 321 322 314 310 302 303 307 316 310 320 320 321 318 318 309 307 309 302 301 287 277 279 273 266 262 260 271 290 286 286 298 291 281 272 270 285 277 290 305 310 318 318 316 316 323 322 320 319 323 324 324 323 323
340 341 341 341 342 341 341 342 341 342 340 340 339 341 342 340 341 341 333 335 338 340 339 338 338 339 338 337 335 315 322 334 334 332 313 307 309 302 305 305 303 312 320 321 320 320 318 321 313 303 301 298 295 290 278 282 280 274 261 251 262 275 275 281 289 281 280 276 281 289 298 301 303 314 318 313 309 311 323 323 320 323 323 324 324 324 324
340 340 341 342 342 341 341 342 341 341 341 341 340 337 340 338 333 338 330 325 338 339 337 338 338 337 337 337 330 320 320 333 334 333 323 303 299 305 308 301 319 320 320 321 320 319 319 321 315 308 303 295 287 281 277 281 283 278 269 259 258 258 273 277 279 275 270 275 291 299 305 311 306 318 311 304 301 303 311 318 319 320 323 323 323 323 323
341 340 340 342 341 341 341 341 341 341 341 340 339 339 337 338 338 337 327 320 336 339 336 338 338 337 337 337 336 321 317 333 332 333 330 317 306 300 307 303 310 321 320 319 321 320 314 319 313 313 304 298 291 283 277 281 284 281 276 266 269 259 261 263 268 269 272 274 289 287 295 310 315 314 309 296 290 301 308 314 319 320 321 323 323 323 323
341 341 340 340 341 340 341 341 341 341 341 340 340 339 335 333 338 338 316 306 337 338 336 337 338 336 337 337 336 335 321 323 332 333 332 324 309 303 304 305 301 300 301 320 320 319 318 320 313 311 309 301 296 286 277 272 283 285 282 275 273 271 268 261 260 266 276 295 295 296 296 308 315 306 300 294 285 298 305 312 318 320 320 322 323 323 323
340 339 339 339 341 341 341 341 341 341 341 341 339 336 335 334 339 331 319 322 336 337 335 335 337 336 336 336 336 336 325 316 315 330 330 326 305 301 301 308 303 304 309 312 318 319 318 320 315 310 308 302 294 282 275 272 281 287 286 285 278 277 273 268 259 261 267 278 286 302 307 310 312 307 293 288 282 291 296 308 316 320 320 321 324 323 323
339 340 340 340 340 341 340 341 341 340 341 340 340 340 340 338 338 335 322 322 331 337 334 329 337 337 336 336 336 335 335 320 312 310 324 318 314 301 303 306 304 305 310 307 312 318 318 319 318 312 304 297 291 279 276 274 278 289 291 289 279 283 281 273 276 274 264 270 285 288 300 310 303 307 296 286 271 282 286 301 308 314 318 320 324 323 323
337 340 340 341 340 340 340 339 339 340 339 340 340 340 338 336 339 330 309 330 333 337 335 337 335 336 336 328 327 335 335 334 328 311 310 315 309 312 306 304 310 308 307 308 308 309 312 319 318 314 308 298 291 284 274 274 281 288 295 293 287 289 288 286 281 271 265 256 261 271 291 304 297 286 291 282 277 283 280 289 298 308 316 323 323 323 323
339 340 341 341 340 341 340 339 340 339 339 336 340 337 337 333 337 339 323 332 337 337 337 336 334 333 335 334 324 321 334 334 333 316 310 312 309 308 306 306 311 306 306 309 308 307 302 304 316 316 312 300 288 281 269 271 282 287 289 300 297 294 290 282 277 269 262 253 274 284 297 294 289 272 275 280 287 289 290 284 288 306 314 321 323 323 323
339 340 340 341 341 340 340 340 340 340 338 334 334 334 333 337 336 337 319 328 339 339 337 336 333 331 333 334 330 319 315 329 330 315 313 313 312 310 308 306 309 311 309 307 309 310 308 302 306 316 306 297 284 274 280 276 278 290 293 302 298 292 286 280 269 266 264 263 272 283 295 284 273 269 268 286 292 297 300 297 290 300 311 320 322 322 323
337 337 338 339 340 340 340 340 341 341 337 335 335 336 338 338 339 338 328 335 334 336 334 333 332 330 332 329 330 330 323 329 329 327 314 312 313 311 310 311 312 312 311 308 311 312 308 308 305 317 310 295 288 287 284 278 279 295 298 303 298 292 282 285 281 275 276 266 263 265 282 274 268 275 271 292 290 299 304 305 305 307 318 320 322 323 323
336 333 335 331 339 340 341 340 340 341 337 335 333 339 340 339 338 336 323 339 333 328 332 330 328 331 330 328 325 328 330 328 328 328 315 312 314 312 314 312 311 312 314 312 313 312 311 309 309 310 314 302 297 297 294 294 291 300 303 307 299 293 288 294 288 285 273 266 259 258 273 284 279 285 291 297 298 301 306 306 309 315 319 321 321 323 323
338 331 336 332 338 340 340 340 340 340 341 339 339 339 334 340 339 337 330 340 333 332 328 328 324 326 330 329 328 324 327 327 328 326 315 312 312 310 314 313 313 314 314 314 314 308 309 309 308 308 312 309 299 301 299 296 295 303 306 304 300 298 296 290 283 274 263 261 272 271 269 282 288 290 297 300 301 301 306 304 311 317 322 322 324 323 323
340 334 334 335 338 339 340 340 340 340 339 336 338 339 338 340 339 339 338 339 337 336 330 329 324 329 331 328 332 328 322 324 326 326 319 311 312 311 311 312 313 313 313 315 313 312 309 311 310 310 309 311 304 303 301 297 297 301 305 301 300 292 288 284 281 277 275 272 274 275 274 284 292 297 300 303 302 300 298 301 315 321 322 323 323 323 323
339 338 336 332 336 339 340 340 339 338 334 335 337 335 340 339 338 340 340 336 333 333 334 332 326 329 331 332 332 327 325 321 323 325 324 313 313 312 313 311 313 313 314 314 314 313 312 312 311 311 310 311 308 302 302 299 298 305 309 301 298 298 289 284 279 283 277 271 277 272 266 283 281 292 290 298 303 300 294 301 313 317 322 320 323 322 322
339 339 338 331 329 334 340 340 339 339 339 337 339 339 339 340 339 340 339 337 338 331 332 335 334 333 335 333 330 328 325 315 307 315 322 310 312 312 311 311 312 312 312 314 314 314 314 312 312 312 311 310 308 308 299 293 297 300 307 301 298 296 291 286 286 290 284 282 279 270 270 266 276 280 286 296 300 294 290 297 306 314 313 314 318 308 321
337 339 339 339 339 339 339 340 340 339 337 337 339 339 339 339 339 338 338 336 336 333 331 333 331 334 334 334 332 331 328 324 318 318 312 308 309 310 310 309 310 311 312 313 314 315 314 313 313 311 311 311 310 307 306 300 296 298 304 307 302 297 294 297 293 299 291 291 281 280 274 271 267 278 292 297 295 288 287 292 300 301 306 314 317 312 320
339 338 338 339 338 339 340 340 339 339 339 339 338 339 339 339 339 338 338 335 333 335 322 322 328 328 330 329 331 330 331 330 329 326 318 304 309 309 307 306 309 310 311 313 314 315 313 314 313 312 311 311 310 310 309 308 300 301 309 312 308 300 295 297 300 303 300 295 287 281 273 267 266 280 289 293 289 282 283 286 292 283 297 310 311 313 320
338 338 339 339 340 339 340 338 339 338 337 333 339 339 338 339 339 338 337 333 335 335 334 328 318 320 322 327 320 319 318 329 328 325 316 307 306 308 307 305 300 311 312 313 314 313 314 314 312 311 310 311 311 310 310 309 305 306 309 312 310 308 303 301 300 302 303 298 287 280 271 267 268 278 294 290 286 290 286 287 291 289 288 299 306 314 321
338 337 336 338 337 337 339 338 339 335 333 331 336 336 334 339 338 338 336 334 335 336 332 335 316 298 306 319 308 305 305 316 314 309 305 299 303 308 311 306 306 308 314 313 314 310 311 313 313 312 311 311 312 311 310 309 307 307 308 311 312 311 308 304 295 291 304 301 290 281 281 281 283 281 292 298 297 295 290 290 290 294 295 294 306 319 320
