wc0.5/Cropped/bio6_28.asc
NCOLS 282 
NROWS 470 
XLLCORNER 79.525 
YLLCORNER 5.91666666666667 
CELLSIZE 0.00833333333333331 
NODATA_value -32768 
[rows 304 to 341 of 470, columns 87 to 173 of 282]
210 208 207 203 206 206 210 208 210 203 204 201 203 206 207 208 210 208 208 206 208 200 200 206 205 185 171 178 181 180 180 177 177 182 173 181 182 182 181 182 180 179 185 184 183 182 184 181 186 184 186 185 185 185 186 185 185 183 183 187 189 189 189 182 174 172 182 184 178 169 169 161 163 165 175 179 175 171 165 171 164 167 163 165 182 203 210
206 209 204 202 205 209 209 211 210 210 203 201 203 205 206 206 209 208 208 209 209 206 204 204 206 205 187 183 182 181 181 182 183 182 183 182 183 183 180 179 185 178 185 185 183 185 185 184 178 185 186 185 185 185 187 186 187 184 184 183 185 184 189 189 179 178 183 183 175 160 155 154 168 173 183 182 179 175 164 179 158 164 161 161 186 200 208
210 211 207 204 207 207 208 209 209 208 201 198 202 203 205 207 210 208 206 204 206 208 208 204 205 206 205 186 181 181 182 183 182 184 183 182 183 184 184 181 186 185 185 185 185 181 176 174 179 179 187 186 186 186 186 187 187 185 182 186 185 187 188 189 184 188 187 185 177 166 161 158 167 184 186 181 178 163 171 180 167 164 169 165 182 199 201
211 210 210 207 205 207 207 209 203 205 203 198 198 199 204 209 208 207 206 206 201 203 203 201 199 205 201 186 184 180 182 181 183 183 184 183 183 184 184 182 184 185 185 186 179 173 170 164 175 183 184 183 187 188 188 187 187 187 184 184 188 187 186 189 189 177 181 184 173 163 154 156 167 183 189 183 175 165 177 186 170 164 171 171 177 198 196
211 211 210 209 210 210 202 203 205 203 199 197 198 197 206 209 206 205 205 202 197 200 202 203 202 200 199 200 191 185 177 177 179 183 184 184 184 184 184 184 184 186 182 181 175 163 164 162 172 177 181 185 186 184 184 186 188 189 187 187 188 187 187 188 188 178 183 180 175 160 150 157 165 188 186 179 173 170 181 188 171 160 177 177 172 193 195
211 211 209 207 203 205 210 204 203 205 202 202 201 204 206 209 208 206 208 207 202 202 203 202 202 200 195 201 200 189 184 184 180 178 183 182 183 184 183 185 185 186 182 175 171 158 169 175 180 184 184 183 186 183 182 182 176 187 189 189 188 180 186 190 190 188 186 177 163 164 157 156 181 194 190 180 172 172 187 195 172 164 177 176 186 195 184
208 210 205 203 204 204 203 199 202 200 203 204 205 204 204 205 201 198 197 198 200 199 201 202 202 202 202 201 201 201 197 182 179 181 184 182 184 184 184 183 185 186 176 169 163 159 166 172 175 176 175 180 184 181 182 182 184 185 185 189 189 189 177 188 190 185 181 178 167 170 162 158 179 191 189 183 178 181 188 193 178 166 175 187 201 199 188
208 210 204 206 208 208 207 204 202 199 200 203 202 202 201 199 196 197 196 196 195 198 201 202 201 200 201 200 198 201 199 198 180 182 183 180 182 182 183 183 184 185 179 167 159 152 159 166 169 166 170 177 179 181 182 186 186 185 189 186 181 187 182 179 188 184 182 174 176 179 166 158 182 194 190 181 175 192 189 193 179 167 184 192 199 201 196
207 209 207 208 204 204 205 203 201 199 199 202 203 204 202 198 196 195 196 196 195 197 200 202 202 202 201 201 200 201 201 195 193 184 183 184 177 182 183 182 185 185 187 173 167 155 149 155 162 159 159 171 174 181 182 184 184 184 180 182 182 184 183 170 180 192 187 176 186 183 170 180 194 197 190 176 186 191 199 198 183 166 193 194 202 197 205
204 210 209 205 203 206 206 202 199 200 200 201 203 202 202 203 202 201 199 198 199 198 202 202 203 202 202 201 200 187 189 189 181 185 185 179 182 184 184 184 184 185 187 180 171 165 151 159 155 160 157 162 171 171 172 178 182 184 181 180 181 184 189 179 180 182 193 181 186 190 181 175 197 194 191 188 195 204 199 202 188 179 200 196 193 203 208
209 212 212 210 207 205 205 201 201 198 200 200 202 202 202 201 198 201 197 197 201 198 200 199 203 202 200 201 201 194 183 192 181 181 182 181 181 184 184 185 184 186 187 185 177 171 160 155 163 163 164 161 152 154 164 170 176 181 182 177 176 179 181 180 176 174 193 183 185 190 185 190 194 192 183 202 192 203 203 203 190 183 202 201 202 207 202
209 211 209 208 207 206 206 203 206 203 201 201 203 205 205 201 198 193 193 196 199 198 198 199 203 202 202 202 201 200 193 190 184 179 184 181 181 182 184 185 185 185 187 180 180 177 174 158 162 168 167 165 153 147 156 155 161 174 181 179 174 171 180 178 175 183 201 188 197 195 201 189 195 194 185 203 202 204 202 203 203 208 209 209 209 208 208
208 212 209 211 212 212 212 205 209 204 197 199 201 205 205 203 198 186 172 185 195 193 191 199 200 201 200 201 201 202 196 181 183 183 178 179 181 182 182 184 185 185 187 184 181 176 172 164 161 169 168 166 158 149 144 152 159 164 173 177 177 178 178 177 175 179 192 199 203 202 202 194 201 201 203 203 202 202 202 204 203 208 204 209 210 210 211
212 212 212 211 210 212 209 212 212 206 198 197 201 203 200 208 197 193 180 175 185 185 184 192 201 200 201 201 200 201 201 184 187 183 178 172 182 180 184 183 183 185 187 181 176 178 178 176 171 167 162 162 162 154 147 153 157 160 167 175 179 180 174 170 170 169 182 189 198 203 200 201 202 198 199 203 203 202 201 203 191 179 199 207 202 203 204
208 207 208 208 207 209 206 205 204 210 206 200 202 207 201 205 201 198 194 186 189 194 197 201 201 202 201 200 198 200 200 199 191 194 177 172 179 176 182 187 186 186 184 178 175 176 176 177 171 161 158 150 158 156 155 159 160 160 163 177 178 178 175 168 161 167 167 173 170 191 194 198 183 189 201 203 203 202 203 199 186 175 193 204 203 191 193
206 208 210 207 211 210 206 201 200 209 199 208 203 208 207 205 205 208 204 200 199 202 200 200 202 201 201 201 198 200 200 200 198 195 188 171 186 182 187 187 185 182 179 174 172 170 173 175 175 163 162 154 148 157 159 165 165 169 175 178 174 173 176 169 164 147 142 157 164 183 197 195 178 186 196 202 203 202 196 190 177 161 171 193 205 206 181
208 210 209 205 211 210 203 201 196 208 200 196 201 205 203 199 199 200 199 197 189 187 198 191 199 201 199 198 198 199 198 200 200 189 189 171 185 187 186 186 183 176 174 172 170 165 167 171 174 168 160 152 145 147 159 163 171 173 177 173 164 163 166 166 159 146 139 153 163 184 200 197 181 183 195 200 202 203 198 186 163 154 173 189 195 202 194
207 208 209 209 209 212 201 201 200 199 198 194 197 201 202 199 198 192 198 197 185 170 176 182 197 201 201 200 200 197 191 185 193 182 173 164 183 186 186 186 179 170 164 168 167 166 165 160 165 172 166 154 146 141 154 162 169 171 176 171 164 160 157 164 160 153 143 154 168 184 196 193 188 190 196 190 202 196 195 181 163 156 171 173 190 204 189
207 206 209 212 213 207 198 195 201 205 198 197 194 195 202 201 199 196 195 194 182 162 173 178 198 202 201 201 200 202 194 175 181 180 175 177 182 186 186 185 178 172 167 172 174 169 165 156 158 167 165 156 145 136 137 155 163 167 172 167 174 165 158 154 161 154 151 159 170 190 195 189 192 184 177 189 194 179 179 179 162 164 183 192 194 201 194
206 210 212 213 214 206 202 203 206 210 202 201 200 203 202 202 200 194 190 185 186 172 171 188 194 199 201 200 199 183 187 171 174 175 170 166 171 186 185 185 179 179 177 173 166 165 161 163 161 155 157 154 143 130 134 151 158 161 166 162 167 162 160 158 164 167 168 168 180 192 190 178 188 185 185 199 188 166 166 176 160 153 178 196 201 193 189
210 210 208 213 215 208 207 203 199 211 205 205 200 196 198 197 198 203 199 195 181 173 172 175 169 182 195 195 169 168 175 171 176 169 171 170 176 186 183 185 181 174 169 160 156 155 156 157 160 157 152 147 141 126 135 148 147 148 153 157 159 159 152 160 165 168 177 181 190 189 173 179 181 179 188 185 169 151 155 163 169 162 182 199 199 192 184
201 208 210 214 213 210 201 205 204 212 204 200 201 196 195 191 185 177 188 174 169 170 158 163 167 169 171 186 187 162 171 179 172 169 171 169 179 183 180 178 183 180 164 160 157 152 154 154 157 158 153 141 132 123 137 146 136 135 144 151 154 154 152 151 161 170 181 183 173 170 162 162 170 177 190 186 173 158 150 160 168 170 182 186 194 198 186
204 204 210 214 214 203 204 206 203 200 207 202 200 195 193 189 191 177 172 166 164 163 158 154 167 160 165 167 176 172 171 169 169 170 173 171 170 182 180 178 173 174 171 165 163 161 156 153 143 148 152 149 146 127 127 130 117 124 134 141 149 151 146 149 154 169 179 173 165 166 153 153 163 170 177 187 177 164 153 154 163 163 179 187 199 194 195
205 205 215 214 214 209 202 203 209 209 213 205 204 209 211 200 196 187 179 164 161 159 158 152 153 160 162 169 175 176 170 170 170 167 174 170 182 183 179 173 166 170 167 160 154 160 160 153 149 146 146 144 137 130 116 113 105 117 123 132 138 142 140 137 146 164 177 167 162 156 148 143 157 164 169 179 176 165 153 149 158 165 179 192 198 189 191
206 211 215 214 213 212 199 207 213 210 214 212 212 204 210 207 203 197 188 181 174 168 164 159 156 163 170 167 167 167 172 170 170 171 175 164 181 181 180 170 164 164 160 158 150 147 158 157 152 151 140 128 133 131 116 102 98 107 120 130 130 129 123 127 143 156 169 161 156 147 148 139 159 166 171 172 165 157 148 143 161 174 183 184 194 184 187
206 212 215 213 212 211 214 212 208 208 207 210 198 190 179 190 195 181 181 170 166 166 156 154 156 157 166 163 164 163 165 167 166 170 173 169 178 175 178 173 161 154 150 152 142 139 153 159 158 153 148 131 130 125 117 109 99 103 117 124 124 119 125 139 156 170 167 154 146 137 137 149 148 157 162 161 161 156 139 145 157 175 186 178 195 187 189
214 215 215 213 213 214 214 206 202 205 197 204 194 180 170 179 186 174 173 188 177 178 180 167 168 165 160 159 149 154 155 159 163 171 175 183 181 179 179 171 162 150 151 146 148 135 154 167 160 158 155 150 131 130 124 117 109 97 105 107 108 109 134 153 165 165 162 152 139 129 122 132 132 140 153 150 151 147 157 154 158 177 188 169 190 194 193
214 215 215 215 215 214 210 203 202 204 201 197 193 187 176 191 189 191 189 189 181 182 179 161 159 159 152 155 141 146 145 153 166 173 178 180 179 175 171 178 171 165 160 163 160 154 164 168 175 166 164 159 153 139 128 124 114 104 98 105 123 134 140 156 161 154 154 144 136 126 125 126 124 138 145 145 152 165 169 172 168 179 178 168 186 183 196
215 215 215 215 215 212 209 205 200 211 210 206 209 204 195 192 185 184 180 165 171 176 176 172 166 157 156 151 154 139 151 161 168 170 179 180 179 172 167 170 176 175 173 176 174 175 173 175 171 173 171 169 163 154 140 132 121 106 98 98 130 143 151 157 145 143 144 135 124 119 122 122 120 120 132 140 150 168 171 178 179 179 169 159 182 187 183
215 214 212 212 208 210 209 210 209 210 206 209 208 201 185 168 164 161 164 157 167 172 169 172 169 161 161 151 157 164 165 168 174 181 181 179 177 174 166 166 164 170 169 175 173 173 172 171 168 175 170 170 168 160 148 136 121 110 99 114 133 147 152 152 139 123 127 121 115 115 112 111 125 118 123 138 155 162 163 165 180 177 173 160 169 190 183
215 210 207 207 206 208 210 213 208 205 204 202 197 187 178 164 166 156 150 157 159 179 168 162 160 165 168 163 164 171 180 181 182 182 181 175 173 176 160 155 155 155 154 154 156 165 159 160 170 170 164 154 152 155 145 133 127 113 102 102 129 135 142 149 133 118 113 109 110 115 109 99 108 110 128 137 148 154 162 165 176 168 162 164 171 184 173
215 215 205 208 212 215 212 215 210 208 208 203 186 182 180 170 180 169 170 169 169 182 182 163 155 154 166 171 166 172 180 180 181 180 178 176 166 171 161 156 157 152 149 146 141 144 152 166 171 153 144 120 130 147 140 125 112 109 105 105 113 123 133 147 134 119 103 105 109 110 107 100 108 125 132 134 140 163 167 168 173 157 164 159 166 188 165
215 215 205 215 215 216 214 213 210 210 203 197 192 191 184 181 186 180 189 194 183 191 188 171 164 147 160 173 164 177 182 181 180 180 178 170 160 164 167 167 162 148 142 135 137 147 151 166 167 154 138 129 120 124 126 128 116 97 98 101 102 106 108 136 140 119 98 102 111 105 105 114 118 126 130 132 143 152 165 171 166 152 155 170 173 181 166
216 215 213 214 212 215 208 204 209 207 211 204 208 198 196 197 193 195 198 205 206 198 195 187 161 152 162 176 177 179 182 180 178 174 176 176 168 157 159 162 160 155 140 131 138 165 165 163 163 160 149 132 126 120 119 121 121 110 97 85 89 93 116 121 114 101 94 96 98 104 109 117 124 127 130 138 140 138 155 168 163 157 164 171 178 181 168
205 216 207 202 206 209 216 211 212 211 213 212 207 210 205 205 205 204 202 212 207 199 197 183 162 156 173 175 179 180 179 178 174 173 176 167 163 156 157 154 158 154 147 139 152 160 166 152 152 154 155 149 137 131 125 119 113 114 102 89 83 88 100 94 93 89 92 94 98 109 119 123 127 127 129 132 141 147 161 154 140 154 165 166 167 170 178
209 215 209 210 205 207 208 209 215 205 206 211 199 208 207 205 210 206 206 212 207 203 191 188 175 165 182 173 181 179 173 170 169 175 171 163 159 154 154 151 153 154 145 137 155 163 164 161 141 142 146 146 143 135 130 114 108 108 105 93 83 80 77 76 80 90 95 97 98 104 104 115 124 130 130 131 139 149 144 140 134 145 160 161 162 168 175
212 215 211 215 205 207 206 207 213 212 213 212 212 213 213 212 214 206 213 212 208 203 191 199 191 186 192 190 176 174 169 165 168 174 173 159 154 153 149 145 138 144 145 137 151 159 161 152 133 139 131 130 135 130 128 123 113 105 99 96 92 82 80 75 81 94 95 97 99 97 98 116 117 122 122 121 144 141 140 133 128 138 139 147 145 160 169
215 216 214 215 211 205 204 209 210 207 207 208 207 207 209 199 200 206 209 213 214 209 211 208 203 200 198 200 187 178 167 160 164 170 172 161 153 152 142 126 132 139 138 133 140 159 157 150 146 125 112 119 124 112 117 114 111 103 91 89 96 94 89 84 84 91 98 98 96 94 98 101 103 114 123 135 138 133 132 126 127 132 133 149 161 166 170
