wc0.5/Cropped/bio6_28.asc
NCOLS 282 
NROWS 470 
XLLCORNER 79.525 
YLLCORNER 5.91666666666667 
CELLSIZE 0.00833333333333331 
NODATA_value -32768 
[rows 418 to 455 of 470, columns 87 to 173 of 282]
213 217 213 211 214 207 218 218 220 222 222 221 216 215 218 218 215 215 216 219 219 208 201 203 198 193 198 203 208 208 205 196 192 195 198 201 201 201 195 198 199 193 195 180 185 188 188 198 195 190 188 195 200 208 212 216 211 210 217 217 216 214 217 218 215 216 217 218 219 219 220 220 221 222 222 222 221 222 223 222 222 222 222 222 222 221 221
218 217 220 212 206 207 215 217 219 219 222 222 220 216 216 216 218 212 203 213 218 218 214 210 201 195 194 190 202 202 203 204 202 202 201 195 196 199 199 193 183 181 189 194 197 200 199 199 199 202 201 199 194 196 193 205 214 211 217 217 217 217 217 218 218 218 215 218 219 219 220 220 222 221 220 220 222 222 223 223 222 222 222 222 222 221 220
223 220 218 210 211 206 201 220 221 219 216 223 218 217 214 215 215 212 204 195 214 219 218 215 212 198 189 187 189 200 201 199 203 202 192 192 198 206 199 195 194 196 202 206 204 203 203 201 202 202 202 201 201 200 199 202 212 214 213 217 217 218 219 218 218 219 218 218 219 219 221 219 221 220 222 222 223 223 223 223 222 222 222 222 221 220 221
222 214 216 216 212 212 211 223 221 218 214 221 223 215 212 211 214 212 208 205 210 216 217 220 215 206 182 184 186 195 198 203 203 193 190 212 214 214 203 201 194 207 206 206 204 204 201 203 202 202 198 198 197 191 198 203 208 214 216 218 218 217 217 218 219 219 218 219 219 219 219 221 222 222 223 223 223 223 223 223 223 223 222 222 222 221 222
220 215 213 215 216 215 216 223 223 219 213 212 220 223 213 207 212 215 214 215 212 211 209 208 198 206 203 191 186 195 197 203 203 199 202 216 216 213 205 204 206 204 204 207 203 204 203 202 202 201 202 202 200 199 204 209 213 216 215 210 212 217 216 215 218 218 219 219 220 220 221 221 222 222 222 222 222 222 223 223 223 223 222 221 222 222 222
220 218 215 219 215 214 215 223 223 221 222 214 214 221 218 211 214 217 216 216 217 213 207 206 208 209 202 198 201 199 197 202 202 191 203 217 215 207 207 205 205 205 209 205 200 202 204 203 196 192 192 195 202 198 202 212 210 215 209 205 206 216 216 217 215 218 218 219 221 221 221 220 222 222 222 221 222 222 223 224 223 223 223 223 223 222 223
223 224 217 217 218 215 215 223 222 222 219 215 213 215 220 217 215 216 217 218 218 216 214 201 208 217 218 209 194 201 201 201 193 197 211 217 217 216 211 208 207 208 209 205 201 202 205 202 206 209 209 205 211 213 214 213 212 212 212 211 214 215 217 217 218 218 219 220 221 219 220 221 221 222 221 221 222 222 222 223 224 224 223 223 224 224 223
224 224 221 217 217 213 209 222 224 220 211 216 212 208 210 221 221 221 218 216 220 215 217 213 212 213 217 217 211 201 196 190 191 201 205 217 217 217 217 210 209 210 209 203 203 204 203 198 204 204 204 217 217 218 213 210 212 215 216 215 215 216 217 218 218 218 218 220 220 220 220 221 221 221 221 221 222 222 223 224 224 224 224 224 224 223 223
223 224 223 222 220 215 217 223 224 213 217 211 206 203 207 211 221 219 220 216 220 220 217 216 217 217 211 218 218 214 211 190 206 213 217 217 218 218 215 211 209 211 208 205 206 204 203 188 197 198 210 213 217 218 217 217 216 217 217 215 216 217 217 218 219 217 218 219 220 220 221 221 221 221 221 221 222 222 222 222 222 224 224 224 223 223 223
223 222 223 223 223 217 208 213 222 216 200 212 210 208 211 211 221 222 222 222 217 219 218 215 215 218 220 217 218 220 220 215 217 217 219 215 216 217 214 209 212 210 209 205 205 207 207 197 203 213 218 218 217 219 217 216 217 217 217 216 215 216 216 216 218 218 219 219 219 221 221 221 221 222 221 221 221 221 223 222 224 224 224 224 224 223 223
223 224 222 222 223 223 213 211 223 221 209 205 215 213 214 212 212 220 222 222 218 218 210 212 212 219 216 218 220 220 220 220 217 210 208 209 211 210 211 208 215 211 211 209 209 208 201 203 207 217 218 218 218 218 217 216 217 219 216 217 217 217 217 216 217 218 218 219 220 220 221 221 220 222 223 221 221 222 221 223 223 224 224 224 224 223 224
224 224 223 222 222 224 223 210 224 223 219 216 213 213 213 212 216 215 213 220 222 217 214 212 212 218 218 218 219 219 218 218 213 205 202 206 211 206 206 210 215 213 212 210 208 197 178 195 216 217 217 217 218 217 217 217 219 218 215 218 217 218 217 215 217 218 219 219 219 220 220 220 222 222 222 222 222 222 223 223 223 224 224 224 224 224 224
224 223 224 224 223 223 225 216 223 224 219 218 207 217 217 210 213 212 214 220 222 217 218 213 214 214 218 213 218 220 220 213 213 208 207 206 202 204 209 216 212 211 212 211 205 190 187 204 215 216 217 219 218 219 218 217 218 218 219 218 218 218 219 218 217 218 218 219 219 219 220 219 219 222 221 223 223 223 223 224 224 224 224 224 224 224 224
223 224 223 224 224 225 224 221 224 222 218 219 212 216 216 217 214 211 210 213 222 221 221 220 214 215 215 216 218 221 216 216 212 213 210 203 209 214 215 215 215 208 211 208 196 187 203 217 219 216 217 218 217 220 218 219 218 220 215 217 217 217 218 219 218 218 218 219 219 217 219 221 221 221 222 223 224 224 223 223 224 224 224 224 224 224 224
224 224 224 224 225 224 224 224 224 224 224 216 216 219 217 219 215 214 214 215 222 221 223 218 213 215 216 223 223 223 220 211 212 213 210 215 216 217 214 217 211 210 211 207 200 199 212 218 216 217 217 217 217 219 219 217 219 219 219 218 218 217 218 219 219 218 219 220 220 221 221 222 222 223 223 223 224 224 224 223 223 224 225 224 224 224 225
225 223 224 225 225 223 225 225 222 225 222 218 217 212 215 218 218 212 209 210 212 218 221 222 218 217 217 224 220 223 222 219 212 214 216 217 214 217 219 216 206 208 209 202 198 211 220 219 218 216 218 215 215 218 221 221 220 220 220 219 219 218 218 218 220 219 221 215 221 222 222 222 223 223 223 224 224 224 224 224 224 224 224 224 224 225 224
225 224 224 225 224 225 225 225 225 224 224 222 219 217 215 212 217 216 212 212 211 211 221 221 222 221 220 224 223 218 223 219 216 217 219 220 222 221 217 207 205 208 200 188 199 214 220 220 219 220 218 215 215 219 219 220 221 221 220 219 218 220 218 220 219 220 221 216 221 222 222 223 223 223 224 223 224 224 224 224 224 223 224 224 224 225 225
224 223 221 225 224 225 225 224 223 224 225 225 217 217 215 212 209 216 213 215 209 212 216 221 222 222 223 224 224 220 219 223 218 212 217 217 214 209 206 206 211 209 199 193 206 221 219 218 218 218 220 217 221 220 219 220 220 221 221 221 221 220 220 220 221 222 222 222 222 222 223 223 223 224 224 224 224 224 224 225 224 224 225 225 225 225 226
224 224 225 225 225 224 223 224 224 224 222 220 224 217 215 216 214 214 220 212 211 213 216 221 223 222 224 222 220 223 224 218 220 219 216 208 210 214 211 210 210 207 202 205 214 220 219 218 219 218 220 221 221 220 221 219 221 221 222 223 222 221 222 222 222 223 222 223 222 223 222 223 223 223 224 224 224 224 225 224 225 224 225 225 225 226 226
224 226 224 224 223 221 223 221 222 220 218 217 217 224 220 219 216 213 217 215 213 216 221 223 225 225 225 222 217 215 220 216 213 208 206 208 212 211 215 210 208 205 209 212 222 221 217 218 217 219 220 220 220 222 220 221 221 221 222 223 222 222 223 223 223 223 223 223 224 223 223 223 223 224 224 224 224 225 225 226 224 225 224 226 226 226 225
225 226 224 223 223 224 222 220 221 221 219 218 218 217 224 217 219 217 215 221 217 215 215 219 223 224 225 225 218 212 211 213 212 210 208 208 209 206 205 215 210 210 213 213 219 220 218 218 214 215 219 221 220 223 221 223 222 222 223 223 223 224 223 223 223 223 223 223 224 224 224 223 224 224 224 224 224 225 224 226 226 225 225 225 225 225 226
223 226 222 224 225 221 224 221 222 222 219 219 219 218 217 222 216 220 220 221 224 221 219 223 225 225 225 225 223 220 219 212 205 203 204 204 203 205 206 212 219 213 218 223 223 220 218 219 218 217 221 221 222 223 222 223 223 223 223 223 223 223 224 223 224 224 223 223 224 224 224 225 224 225 225 225 225 226 226 226 226 226 225 225 225 225 225
226 225 225 225 224 223 222 221 220 223 221 219 221 222 219 222 223 221 217 217 224 224 218 222 224 225 225 225 225 223 220 219 219 219 215 217 210 217 217 220 224 223 223 223 222 221 220 221 218 217 221 222 223 223 223 223 223 224 222 222 224 224 224 224 224 224 224 224 225 225 225 225 224 223 223 223 225 225 225 226 226 226 226 226 225 225 225
226 224 224 225 224 223 223 222 224 223 223 219 221 222 217 220 223 224 224 218 221 220 219 219 216 219 223 224 224 224 223 221 222 222 223 222 224 220 221 224 224 224 224 223 222 222 221 219 217 218 219 221 223 222 221 221 223 224 223 224 224 224 224 224 224 224 224 225 225 226 225 225 226 224 224 223 224 225 225 226 226 226 226 226 226 225 226
226 226 226 224 225 222 220 217 217 224 223 221 222 217 219 218 219 220 219 225 224 219 219 218 211 223 226 226 226 225 223 224 222 220 223 224 224 224 224 223 223 222 224 224 222 222 221 221 219 220 220 220 223 223 221 222 222 221 221 222 223 223 224 224 223 224 225 225 225 226 226 226 226 226 225 226 225 224 224 225 225 226 226 226 225 226 225
226 225 223 225 225 225 222 224 221 220 221 223 221 217 219 221 215 218 220 225 225 223 224 224 222 225 224 225 226 226 224 226 225 223 224 224 224 224 224 225 223 223 223 223 223 223 221 221 220 220 220 221 222 225 224 223 222 222 221 222 223 222 224 223 223 224 224 224 225 225 225 226 225 225 225 226 226 224 225 225 226 226 227 226 226 226 226
226 225 226 225 225 223 225 222 225 223 222 224 222 223 219 223 216 207 213 221 226 224 223 226 223 226 225 226 226 226 226 225 225 224 223 225 225 224 226 223 222 224 221 224 224 218 219 221 220 220 220 223 223 224 224 223 223 222 223 223 223 224 224 223 223 225 224 225 225 225 225 226 225 225 226 226 225 225 226 226 226 227 227 227 226 227 226
225 225 225 225 225 224 223 225 225 226 224 226 225 224 222 220 223 219 215 220 226 225 224 225 226 225 226 226 226 226 224 223 223 225 225 225 224 224 224 223 224 223 217 217 221 220 219 219 219 222 223 225 224 224 224 224 224 222 221 222 223 224 223 224 224 225 225 224 225 226 226 226 225 226 226 226 225 225 226 226 226 227 227 227 227 226 226
224 224 224 226 225 225 224 225 225 225 225 226 225 219 218 220 223 220 221 225 227 223 221 223 225 226 226 226 226 225 224 222 224 224 224 225 225 225 224 226 224 223 213 215 218 219 220 222 223 223 222 223 225 225 224 224 224 224 224 223 224 224 225 225 225 226 225 225 225 225 226 226 226 226 226 227 226 225 226 226 227 227 227 227 227 227 227
226 227 224 224 223 224 224 225 226 225 226 226 226 219 220 225 224 226 226 223 222 220 219 220 225 224 225 226 226 226 225 225 224 224 224 224 224 226 222 224 223 217 221 216 220 220 223 223 222 220 218 220 223 220 224 226 224 224 224 224 224 224 224 225 225 226 225 226 225 225 225 226 226 226 226 227 226 225 226 227 227 227 227 228 227 227 227
225 224 227 225 223 223 223 225 222 222 222 223 226 226 226 226 225 225 223 223 223 219 218 216 220 222 226 226 226 226 224 223 224 224 225 224 225 225 225 225 223 221 222 220 219 220 223 224 224 218 218 218 219 219 222 226 224 224 224 224 225 224 224 225 225 225 225 226 225 225 225 225 226 226 227 227 226 226 225 225 227 228 228 228 227 227 228
226 225 225 225 225 226 225 221 221 226 224 225 225 226 226 225 224 224 224 224 221 221 217 216 216 223 225 227 227 224 225 227 225 224 224 225 225 225 225 225 222 222 221 220 219 221 223 225 224 224 224 220 221 222 223 225 225 224 224 225 225 225 225 225 225 225 225 226 226 226 225 225 226 226 226 227 227 227 227 227 227 228 228 228 228 228 227
227 226 225 225 225 225 224 225 222 221 222 223 224 226 226 225 222 222 215 218 223 218 218 214 216 226 227 227 227 227 227 227 223 223 224 225 225 227 226 225 225 224 223 222 221 224 225 224 225 225 225 224 224 224 224 225 225 225 225 225 226 226 226 226 226 227 225 226 226 226 227 226 225 227 227 227 228 227 227 227 228 227 228 228 -32768 -32768 -32768
228 226 225 226 225 225 225 225 222 222 220 221 221 226 227 227 222 225 220 219 221 221 218 214 215 225 226 226 226 227 227 227 227 227 226 225 225 225 226 226 225 223 224 223 221 221 221 220 222 224 225 226 226 226 226 226 227 227 225 226 226 226 226 227 226 227 226 226 227 226 227 226 227 227 226 228 228 227 227 227 228 -32768 -32768 -32768 -32768 -32768 -32768
228 227 227 225 225 222 225 222 219 221 222 220 220 224 225 224 226 227 222 223 225 225 223 222 222 224 227 227 227 226 227 227 227 225 226 225 227 225 225 226 223 223 224 226 222 224 221 223 222 222 222 222 225 224 227 227 225 225 227 225 226 226 226 226 227 227 227 227 227 228 227 227 227 227 227 227 227 227 228 -32768 -32768 -32768 -32768 -32768 -32768 -32768 -32768
227 227 227 227 227 226 223 221 221 219 223 223 221 223 226 227 226 226 225 226 225 223 223 219 221 225 225 225 225 226 226 227 227 227 226 226 226 227 226 226 225 224 220 227 224 225 226 220 220 223 222 224 222 221 221 222 224 226 226 226 225 227 226 226 226 228 228 227 227 226 227 227 227 227 228 -32768 -32768 -32768 -32768 -32768 -32768 -32768 -32768 -32768 -32768 -32768 -32768
227 227 227 226 227 226 226 228 225 226 224 224 225 224 227 227 226 227 227 227 227 225 222 226 223 221 226 226 226 225 226 227 227 227 226 226 226 227 225 225 223 222 225 226 227 226 223 217 218 220 223 224 224 223 222 222 224 226 226 225 227 226 227 227 228 228 228 227 227 227 227 227 227 227 -32768 -32768 -32768 -32768 -32768 -32768 -32768 -32768 -32768 -32768 -32768 -32768 -32768
227 227 227 227 227 227 226 226 224 225 225 225 224 226 226 227 226 226 227 225 222 221 219 223 223 222 224 227 226 226 226 227 227 227 226 227 226 225 224 224 225 224 225 226 225 223 222 219 221 219 222 224 222 223 223 224 224 225 226 226 227 226 226 227 227 227 227 227 -32768 -32768 -32768 -32768 -32768 -32768 -32768 -32768 -32768 -32768 -32768 -32768 -32768 -32768 -32768 -32768 -32768 -32768 -32768
