wc0.5/Cropped/bio6_28.asc
NCOLS 282 
NROWS 470 
XLLCORNER 79.525 
YLLCORNER 5.91666666666667 
CELLSIZE 0.00833333333333331 
NODATA_value -32768 
[rows 228 to 265 of 470, columns 87 to 173 of 282]
206 207 207 206 206 205 206 206 206 206 206 206 205 205 205 185 204 205 205 204 204 205 205 205 203 204 204 204 203 202 201 205 205 205 205 206 206 205 206 206 206 205 206 206 207 206 206 205 203 205 205 205 204 205 206 206 206 205 205 206 205 205 205 205 206 208 208 207 210 210 210 210 211 212 213 213 213 213 214 211 215 215 216 217 217 217 217
206 206 206 206 206 206 206 205 206 205 206 206 206 205 205 194 205 205 205 204 205 204 204 204 202 202 204 204 204 199 194 204 205 205 206 206 205 205 204 205 205 205 205 205 206 205 206 205 203 206 205 204 204 206 206 206 205 205 205 206 205 204 204 205 206 206 205 204 208 211 211 211 211 212 213 213 213 213 212 214 215 215 216 216 217 217 218
206 206 206 206 206 206 206 206 205 205 205 205 204 205 205 203 205 205 205 205 204 204 203 203 204 202 203 204 204 201 202 204 204 205 206 206 205 205 204 201 205 204 205 206 206 204 206 205 203 206 205 205 205 206 206 205 205 205 205 206 204 204 204 206 206 206 204 202 209 211 211 211 211 212 214 214 213 214 213 215 215 216 216 216 218 218 218
206 206 206 206 206 206 206 205 205 205 205 205 205 205 205 205 206 205 205 205 204 204 204 204 202 202 201 203 204 202 199 204 205 205 205 205 205 205 204 202 204 205 205 206 206 206 205 206 206 206 206 206 205 206 205 205 205 205 205 205 205 204 205 205 206 203 202 200 207 210 210 211 212 212 214 214 214 214 213 213 216 216 216 217 217 218 218
206 206 206 206 206 206 206 206 206 206 206 206 205 205 205 206 206 205 205 205 205 205 204 202 201 202 202 203 204 203 202 204 204 205 205 205 204 204 205 204 204 205 204 206 206 206 206 206 206 206 206 205 206 206 205 205 205 205 204 204 204 204 204 205 206 205 196 197 209 209 209 211 212 212 214 214 214 214 213 213 216 216 216 216 218 218 218
206 206 206 206 206 206 206 206 206 206 206 206 205 205 206 205 205 205 205 202 205 205 204 203 200 201 200 202 204 204 202 204 204 204 205 205 205 204 204 204 204 205 204 206 206 206 206 206 206 206 206 206 206 206 205 205 206 206 204 205 204 204 205 205 205 205 196 190 209 209 210 211 212 212 212 213 214 214 212 214 216 216 216 216 216 217 218
206 206 206 206 206 206 206 206 206 205 206 206 206 206 205 206 205 205 204 204 205 204 204 203 202 201 201 201 203 203 202 204 204 204 204 205 204 204 204 204 204 204 205 206 206 206 206 206 206 206 206 206 206 205 205 205 206 204 204 201 204 204 203 205 204 203 194 201 208 209 209 212 212 212 212 214 215 215 211 215 215 216 216 217 217 217 218
206 205 205 205 206 206 206 206 205 205 205 205 205 205 205 206 205 205 205 204 205 204 204 203 203 202 201 200 203 202 201 202 204 204 204 205 205 203 204 204 204 204 205 205 206 206 205 206 206 206 205 206 205 205 205 205 205 202 193 204 204 204 203 204 204 203 196 201 208 209 209 211 212 212 213 213 215 215 214 215 215 215 216 217 217 217 218
206 206 206 205 205 205 206 206 206 206 205 205 205 205 205 206 205 205 204 205 205 205 204 203 202 200 201 201 202 202 200 199 204 204 204 204 205 203 203 204 203 204 205 205 205 206 205 205 206 205 206 205 205 206 205 205 204 187 202 204 204 204 203 199 201 202 196 198 207 209 209 213 211 213 213 214 214 215 214 215 215 217 217 217 217 217 218
205 205 205 205 205 204 205 206 204 206 206 205 205 205 205 205 205 205 204 205 204 203 204 203 203 202 201 201 202 201 199 197 203 204 204 204 204 204 203 203 203 202 205 205 205 205 204 204 205 205 204 204 204 205 205 204 192 203 202 205 204 203 202 198 199 200 195 206 207 207 210 212 212 213 213 214 214 214 215 216 215 216 217 217 217 217 217
206 205 205 205 205 205 205 205 204 205 206 205 205 205 205 205 205 205 205 205 205 204 204 204 202 202 200 200 201 200 196 201 204 204 204 204 204 204 202 203 204 204 205 205 205 205 205 205 205 205 204 197 199 205 205 205 201 203 205 204 204 203 197 193 202 199 193 207 209 206 212 212 214 214 214 214 214 214 215 214 215 217 217 217 217 217 217
205 206 206 206 206 206 206 205 204 204 204 205 205 205 205 205 205 205 204 204 204 204 204 204 203 203 203 201 201 201 198 202 203 204 204 204 204 204 203 203 204 205 205 205 205 205 206 205 205 205 204 193 203 204 204 205 204 200 203 202 202 199 190 189 204 195 190 207 208 209 211 211 212 214 214 214 214 215 208 215 215 215 215 217 217 217 217
206 206 206 206 206 206 206 205 206 204 203 204 205 205 205 205 205 205 204 205 204 204 203 203 202 202 203 203 202 200 199 202 203 203 203 204 204 203 202 200 203 204 205 205 205 205 204 205 204 204 203 188 203 204 205 204 203 199 199 202 202 193 190 199 205 196 190 208 208 208 211 211 212 214 214 214 213 213 211 215 215 215 215 215 217 217 217
206 206 206 207 206 206 206 205 206 205 204 203 204 204 206 199 205 204 204 204 204 204 203 203 201 199 202 203 202 199 200 202 203 203 203 204 204 203 202 202 203 203 204 205 204 204 203 204 205 204 204 192 203 205 205 204 204 203 201 201 198 193 197 207 206 205 199 205 209 209 211 212 212 212 214 214 214 213 213 215 215 215 216 215 217 217 217
207 207 206 207 206 206 206 205 206 206 205 205 204 204 206 197 202 204 205 203 205 205 204 202 201 198 202 202 202 200 201 202 203 202 203 203 202 202 203 202 189 201 204 204 204 204 204 204 204 204 197 194 203 203 203 203 203 202 195 199 195 206 205 207 205 207 206 204 209 210 212 212 212 212 213 213 213 213 213 215 214 216 216 216 216 217 217
207 207 207 207 207 207 206 206 206 206 205 205 206 206 206 205 206 205 205 204 206 205 204 203 199 202 203 203 203 199 201 202 202 202 202 203 203 203 203 198 196 203 204 204 204 203 204 204 204 203 204 203 203 200 203 203 197 196 197 198 193 207 207 207 207 208 207 209 210 210 211 212 213 213 213 213 213 209 210 214 214 216 216 216 216 216 217
208 207 207 207 207 207 207 207 206 206 206 206 206 206 206 206 206 204 206 206 206 206 205 202 199 204 203 203 204 196 202 202 202 202 203 204 204 204 203 202 203 203 203 203 204 202 203 204 203 204 203 204 203 199 202 201 188 196 197 197 199 205 199 204 208 202 210 209 210 211 211 211 213 213 213 213 212 209 213 214 214 215 215 216 216 217 217
208 207 208 208 207 207 207 206 207 206 206 206 206 207 206 206 206 206 206 206 206 206 206 204 202 204 204 203 204 197 201 202 201 202 202 204 202 203 203 203 203 203 203 203 204 202 202 203 203 204 204 202 203 192 193 189 179 191 204 204 205 203 197 202 207 208 210 210 210 211 211 213 213 213 212 212 211 211 213 214 214 214 215 215 216 216 216
208 208 208 208 208 207 207 207 207 206 207 206 206 207 198 205 206 206 206 207 206 206 206 204 204 205 204 204 203 199 202 203 200 202 202 202 201 202 202 202 203 203 203 204 204 202 202 203 203 203 203 202 198 189 181 172 185 197 202 205 203 193 198 198 200 209 209 209 210 211 212 213 213 212 212 209 211 209 213 214 214 214 216 216 216 216 217
208 208 208 208 207 208 207 207 207 207 207 206 206 207 206 206 206 206 207 207 206 204 206 205 205 205 205 204 204 203 202 203 201 199 202 202 201 202 202 203 202 202 203 203 202 202 202 202 203 203 203 202 202 193 174 180 199 200 202 203 203 196 202 204 204 205 209 211 211 211 212 212 213 212 211 205 209 206 211 213 213 214 216 216 216 216 216
209 208 208 208 207 208 208 208 208 207 207 206 207 207 206 206 207 206 206 207 203 204 205 205 204 205 205 204 202 204 202 202 197 199 201 202 200 202 202 202 200 201 202 202 202 202 199 199 195 203 203 202 200 192 177 186 202 202 202 201 205 206 207 206 208 209 209 209 210 211 212 212 213 212 211 205 208 204 210 214 214 214 216 216 216 216 215
209 209 208 207 208 208 207 207 207 207 207 207 207 207 207 207 206 207 206 207 206 206 205 205 203 204 205 204 203 203 202 202 195 193 200 201 200 202 201 201 200 199 202 201 202 201 183 188 190 202 202 201 200 182 176 195 202 203 202 199 206 207 207 207 208 210 209 209 212 212 211 212 211 212 210 209 206 204 211 213 214 214 216 216 216 216 216
208 208 209 209 208 207 208 207 207 207 207 208 208 207 207 207 207 207 206 207 205 205 205 204 204 204 204 203 204 204 203 201 192 186 200 201 201 201 201 200 196 201 201 199 201 197 182 175 194 200 202 202 190 178 181 201 203 204 200 195 198 207 208 209 209 210 210 210 211 212 212 212 211 211 209 207 202 209 212 212 214 214 215 214 216 216 216
208 209 207 209 208 207 208 207 207 207 207 208 207 207 207 207 207 207 206 206 205 205 206 204 202 204 204 202 203 203 203 202 195 190 188 200 200 200 200 200 192 199 198 199 194 189 194 190 197 200 201 199 198 181 187 200 203 204 195 200 206 207 208 208 210 210 210 210 211 210 212 212 211 210 204 206 196 205 207 212 214 214 214 215 214 216 216
208 208 208 208 209 208 207 207 207 207 208 208 207 207 207 207 207 207 206 206 206 205 206 206 206 205 205 204 202 204 202 201 202 196 193 199 200 198 191 194 190 194 195 198 192 189 187 194 197 199 198 198 199 181 192 202 203 203 198 204 199 205 207 208 207 210 209 208 210 212 212 212 211 211 210 207 196 202 208 212 212 214 214 214 214 216 216
208 208 208 208 208 207 207 207 208 207 208 207 208 207 207 207 207 206 206 206 206 206 206 205 205 206 205 206 204 205 204 203 201 201 192 200 199 194 189 189 190 191 192 193 189 191 180 195 196 197 196 199 199 188 200 202 204 204 192 196 199 206 208 208 208 208 209 208 210 211 212 212 211 211 209 209 205 211 212 212 214 214 214 215 216 216 216
208 208 208 208 208 208 207 207 207 208 209 207 207 207 208 207 207 206 207 207 206 206 206 206 205 205 205 206 204 205 204 198 193 190 190 198 198 190 189 189 189 189 189 192 188 189 182 195 197 194 195 200 199 188 199 202 205 204 201 196 199 205 208 208 208 208 208 209 210 210 212 211 211 209 209 206 207 210 212 213 213 213 215 215 215 216 216
208 207 208 208 208 208 208 208 208 209 209 207 209 208 207 207 207 206 207 207 206 206 206 206 206 206 205 204 204 202 204 202 191 185 193 196 196 190 190 190 189 189 190 192 191 190 186 195 197 197 197 199 196 185 199 203 205 204 202 199 195 203 208 208 208 208 208 209 209 210 210 211 212 210 209 206 204 211 212 213 214 213 214 214 215 216 215
208 208 209 208 208 208 208 208 208 207 209 209 207 207 208 206 208 207 207 207 207 207 206 206 206 205 205 206 204 202 203 198 199 195 199 197 200 190 190 190 191 189 190 190 189 185 181 194 196 196 188 200 199 198 201 204 204 205 204 204 207 207 207 203 206 207 207 208 209 210 210 210 212 209 208 201 198 211 212 213 213 213 214 215 215 215 215
208 208 208 209 208 208 208 207 207 208 207 208 208 207 207 208 208 206 207 207 207 207 207 206 206 204 205 205 205 202 202 203 204 199 201 199 200 192 190 190 191 189 192 192 189 190 189 197 197 198 186 200 200 201 199 204 205 206 206 205 208 208 202 201 202 204 205 207 209 209 210 210 211 210 210 203 207 211 212 213 213 214 213 215 215 215 216
208 208 208 209 208 208 208 208 207 207 208 207 207 208 207 207 207 208 206 205 205 206 207 207 205 206 205 205 204 202 204 204 204 203 202 201 200 192 193 190 190 191 192 192 191 192 199 199 198 199 188 190 201 203 203 205 200 206 206 206 207 206 204 201 199 204 205 207 210 210 210 210 211 209 207 207 210 211 213 213 213 214 214 215 215 215 215
208 208 208 208 209 208 208 208 208 207 207 207 207 207 207 207 207 208 206 207 205 205 206 207 206 205 202 205 204 203 203 204 204 202 199 201 201 198 198 190 190 192 191 190 191 193 199 200 200 200 195 193 198 202 204 205 198 202 207 207 207 207 205 195 196 206 207 208 209 209 210 210 211 210 209 193 210 212 211 213 214 214 214 215 215 215 215
206 208 207 208 209 208 208 208 208 208 207 208 208 207 207 207 206 207 206 206 206 206 206 206 206 206 202 204 204 205 204 203 204 203 201 203 201 201 192 189 190 190 190 189 192 189 197 198 200 200 201 203 202 202 203 203 201 203 206 204 205 207 207 196 190 203 207 207 209 210 210 211 210 206 206 200 209 210 212 213 213 213 213 215 215 215 215
207 208 208 208 209 208 208 208 208 208 207 207 207 207 207 207 206 207 206 208 208 205 207 206 206 206 205 203 205 205 205 204 205 205 204 203 201 192 191 188 189 187 191 190 191 188 195 197 199 200 198 202 203 203 202 203 199 201 204 202 205 207 206 203 193 206 207 208 208 210 210 210 210 206 200 199 208 209 211 212 213 214 214 215 215 215 215
206 207 208 208 209 209 208 208 208 208 208 207 207 207 207 207 204 197 200 206 208 206 205 206 206 206 206 206 205 205 205 203 204 203 203 203 200 189 188 189 187 190 191 192 192 188 193 196 199 198 194 202 203 197 201 202 199 204 203 194 203 207 206 202 194 204 207 208 209 209 210 210 209 208 201 197 205 211 211 211 213 214 214 215 216 216 215
207 207 208 208 208 209 208 208 208 208 208 208 207 207 207 207 206 204 203 191 207 206 207 207 206 205 205 206 206 205 205 204 203 202 202 200 201 194 189 189 188 188 190 192 190 191 193 193 196 200 195 201 195 188 195 197 199 201 201 197 192 205 206 200 191 198 204 207 208 209 210 210 209 207 201 200 207 211 211 212 213 214 214 214 215 216 216
208 207 208 207 207 209 207 208 208 208 208 208 208 208 207 207 207 206 203 202 201 207 206 205 206 204 205 205 206 205 204 204 203 203 200 193 202 187 188 185 189 188 190 191 189 193 193 194 198 198 194 194 191 184 176 182 201 201 202 195 186 204 206 204 184 198 201 208 209 209 209 210 209 207 200 203 209 210 212 212 213 213 214 214 214 216 216
207 206 207 208 209 209 208 202 205 208 208 208 208 208 208 208 207 206 201 188 205 206 207 202 205 205 204 205 206 204 204 203 202 200 199 191 200 184 178 173 186 190 191 190 189 194 194 198 199 199 195 192 192 190 181 177 196 194 196 194 184 205 203 199 189 190 197 204 208 209 209 209 208 205 198 203 207 211 212 213 214 214 214 215 215 216 216
