wc0.5/Cropped/bio6_28.asc
NCOLS 282 
NROWS 470 
XLLCORNER 79.525 
YLLCORNER 5.91666666666667 
CELLSIZE 0.00833333333333331 
NODATA_value -32768 
[rows 342 to 379 of 470, columns 87 to 173 of 282]
204 215 210 210 209 204 202 204 204 214 201 199 202 196 195 180 203 205 204 200 207 205 184 201 210 196 195 203 192 175 172 158 158 160 164 160 154 150 130 123 127 135 144 145 152 160 151 146 142 125 102 106 107 98 105 97 100 96 92 94 96 101 96 89 90 95 98 97 96 95 100 105 103 112 128 129 124 127 124 139 138 141 144 149 158 166 162
207 212 212 212 210 206 206 204 199 205 198 197 194 184 170 175 192 197 198 193 195 201 184 179 205 204 179 203 198 181 170 166 159 152 154 156 151 143 126 122 120 126 136 147 157 157 146 136 138 137 119 108 99 95 98 96 96 92 93 94 91 101 101 101 102 101 102 96 94 100 116 125 118 127 138 133 137 135 137 147 151 155 147 150 158 161 166
215 213 214 215 209 210 207 209 204 207 203 197 192 184 176 187 193 203 197 195 196 193 187 177 195 206 191 180 195 195 182 163 162 155 147 152 151 144 134 126 121 135 141 145 149 157 150 144 142 137 136 131 117 95 99 99 91 90 98 100 96 98 102 102 100 102 105 101 98 100 122 131 141 143 142 144 145 143 140 152 153 157 158 158 161 174 170
214 216 214 211 206 207 207 208 206 206 203 202 199 195 193 197 199 203 197 190 193 194 193 190 202 203 192 177 183 190 181 165 155 159 151 150 150 145 131 136 132 136 143 148 146 151 155 148 146 142 142 139 134 123 121 113 109 101 103 103 103 98 101 101 100 100 100 106 109 122 118 132 145 151 152 152 153 154 154 155 155 156 156 158 163 169 162
207 212 216 214 210 205 205 206 202 210 208 208 203 199 198 197 202 202 199 191 193 188 197 182 182 198 195 178 169 184 177 161 154 154 156 159 151 144 140 136 139 138 141 141 144 145 144 146 147 145 142 143 140 140 135 127 123 117 117 120 112 103 103 101 101 102 99 100 105 128 137 142 142 150 151 153 152 153 155 153 154 156 153 156 161 165 156
204 210 216 215 206 206 211 212 207 212 212 204 199 201 200 206 208 201 198 200 197 195 196 189 176 185 199 189 172 168 174 153 151 152 156 156 150 145 139 139 143 144 144 141 146 143 144 141 142 147 143 139 136 137 141 139 133 128 124 116 102 96 99 101 104 105 106 101 103 108 136 150 141 145 151 150 149 153 153 150 152 154 151 156 160 160 155
204 212 215 213 207 209 212 208 208 212 213 206 201 201 205 211 207 207 204 204 200 195 198 188 174 168 196 197 181 175 173 163 148 156 153 147 154 143 143 140 142 145 144 145 145 137 139 140 140 142 142 142 144 135 130 134 138 133 123 110 104 96 100 99 100 104 108 108 111 120 131 144 149 151 151 152 151 152 152 148 148 152 152 153 166 157 153
209 207 213 213 215 211 211 206 202 201 213 211 212 204 206 211 202 193 195 203 199 194 196 187 176 168 188 194 191 181 167 169 159 154 147 148 149 155 148 139 139 145 144 146 144 134 133 136 137 136 135 137 140 137 136 134 135 135 127 119 110 101 100 99 99 101 100 94 105 121 135 138 146 152 152 154 152 153 152 149 151 153 155 155 164 162 148
214 216 215 212 205 207 205 204 204 202 213 212 207 208 212 207 207 207 185 191 194 200 194 191 177 178 177 184 184 183 168 154 166 156 145 147 145 146 154 145 142 141 143 140 141 140 131 130 134 135 138 139 139 135 136 134 132 133 131 127 116 105 97 97 101 102 103 92 102 119 134 141 146 150 151 152 153 153 156 151 155 157 156 158 160 157 150
215 215 216 214 208 201 203 203 202 205 212 211 210 205 208 202 207 202 194 199 194 202 190 191 183 170 172 166 175 174 168 151 158 162 153 146 143 142 141 148 146 141 142 141 136 132 129 137 137 139 140 140 142 140 138 135 134 136 131 122 119 115 105 103 102 100 102 106 111 119 127 137 136 145 148 150 150 150 154 155 157 152 154 152 155 159 147
208 215 216 215 214 203 203 199 199 209 205 211 212 203 195 192 203 207 201 203 204 198 193 191 173 158 159 155 156 166 169 164 149 146 163 147 144 141 142 143 143 143 143 132 127 132 128 131 131 135 132 135 137 138 138 139 139 134 137 131 119 111 109 104 103 102 103 103 111 125 119 127 132 145 146 148 151 151 153 153 153 147 146 149 157 155 152
215 212 216 216 216 205 205 205 205 204 205 209 207 204 202 193 200 196 200 202 202 205 201 195 188 179 170 163 152 140 159 166 157 146 145 156 151 142 142 142 143 143 144 140 137 139 128 105 122 127 126 133 133 137 133 135 133 132 130 118 121 122 117 107 106 105 103 104 110 122 139 138 139 144 148 150 151 151 150 147 152 150 145 147 156 154 151
215 209 209 214 216 211 203 206 211 209 206 204 202 203 205 194 195 195 194 198 200 189 193 189 179 170 156 152 152 138 155 164 165 150 144 139 153 153 141 139 141 142 144 143 141 139 131 126 117 126 122 136 137 138 137 133 130 123 118 108 105 106 104 104 106 106 105 105 104 117 126 144 148 148 148 149 147 152 150 146 146 149 147 151 153 148 150
215 211 212 211 209 213 215 213 204 210 207 200 202 193 203 199 190 190 191 197 203 197 186 186 169 167 151 150 144 141 132 148 153 161 148 136 141 151 153 148 143 145 148 146 144 140 138 128 126 132 133 137 137 137 135 133 132 129 118 119 106 104 98 102 100 103 105 105 104 108 135 139 139 143 147 144 141 148 143 143 145 146 148 150 154 151 147
216 216 216 210 208 201 216 209 206 200 209 203 202 198 203 192 194 189 190 188 182 193 182 182 172 162 140 133 147 140 137 141 154 159 154 143 136 141 150 155 154 150 143 142 143 140 137 129 122 130 132 134 135 137 136 135 134 132 128 126 122 122 108 105 99 100 104 104 102 101 116 126 135 139 142 141 142 143 143 142 143 145 150 151 151 154 152
215 216 216 208 205 201 205 210 206 205 207 204 202 195 195 191 187 193 192 177 174 172 171 166 172 165 144 127 130 132 136 137 140 149 148 151 140 132 136 154 154 154 152 142 140 139 139 136 115 106 130 132 131 125 127 125 130 131 131 131 134 130 121 111 99 94 96 104 104 102 104 119 132 140 139 143 142 141 143 142 143 142 150 146 149 149 151
216 217 217 214 204 203 208 213 215 204 207 205 203 200 196 205 188 200 199 185 167 166 169 152 160 164 151 124 122 126 121 126 124 112 145 151 148 141 139 141 147 155 152 147 143 139 137 133 121 103 114 126 121 121 116 124 126 124 119 121 126 130 128 121 110 102 91 96 103 102 100 113 127 133 138 141 141 136 143 143 142 144 146 147 146 150 148
217 217 217 217 216 212 215 216 214 207 207 200 200 202 192 202 192 207 206 199 179 172 167 147 142 158 151 141 121 112 108 118 128 133 140 150 150 149 149 143 134 139 149 153 153 144 140 138 130 124 105 96 116 108 116 120 126 129 121 122 118 113 124 116 110 101 90 87 93 95 99 127 127 137 139 140 141 142 141 142 142 143 140 150 138 143 148
216 217 216 217 216 214 215 216 212 208 205 202 200 208 198 206 202 199 203 204 197 187 179 163 152 148 143 143 124 113 110 130 133 142 146 151 151 150 149 147 141 136 140 148 152 148 143 139 136 130 120 100 101 116 117 121 121 129 117 123 119 112 105 104 100 94 89 86 89 94 104 100 120 129 131 138 140 141 143 143 141 140 146 148 141 141 145
216 216 216 217 217 216 216 217 216 208 209 202 199 211 205 209 201 191 192 198 196 182 165 159 156 149 145 143 129 121 132 143 146 147 140 151 151 150 146 145 144 139 137 138 148 146 146 139 138 135 128 121 109 113 125 123 123 116 127 119 111 104 98 95 95 92 89 89 89 97 110 114 118 114 105 133 139 141 143 145 144 139 153 144 143 141 146
209 211 217 216 215 216 215 212 216 217 206 206 203 209 210 207 203 186 185 190 193 187 171 147 146 145 141 132 119 105 115 120 125 131 134 149 151 152 150 145 144 141 142 135 135 139 141 142 141 142 138 132 124 124 124 124 120 116 119 113 102 98 94 84 89 92 90 89 89 89 88 103 116 123 125 129 135 142 143 144 150 150 143 143 143 144 148
206 207 216 217 218 217 217 213 217 216 213 206 214 211 211 209 198 185 172 177 182 186 186 180 162 161 146 125 114 105 117 116 118 125 133 150 148 144 144 142 141 141 140 138 133 129 131 135 136 140 142 142 133 125 116 116 121 115 108 108 101 88 88 89 89 89 90 90 89 88 93 97 101 112 123 133 138 141 144 149 148 144 148 144 142 137 138
212 209 216 218 218 217 217 216 213 217 216 209 216 215 217 212 201 188 173 176 185 193 194 190 185 171 154 137 111 116 117 118 135 132 137 139 140 122 110 132 136 137 139 139 137 130 122 125 131 136 139 141 139 135 123 111 110 110 100 96 92 82 83 88 90 90 91 90 91 89 89 109 111 101 104 114 129 138 147 145 144 141 144 144 146 132 136
212 204 214 218 218 218 217 218 217 217 217 217 216 217 217 211 202 197 188 189 195 201 201 198 196 184 164 165 124 118 124 125 125 128 132 130 130 117 106 106 131 136 140 139 136 131 120 116 123 129 134 137 136 135 128 124 119 112 100 94 95 95 90 89 93 91 93 93 93 115 111 132 120 103 110 109 120 132 141 141 141 141 142 147 140 135 129
213 205 217 218 217 218 218 218 218 218 217 217 217 217 217 215 206 195 193 198 204 204 205 204 199 187 176 163 123 127 118 115 127 125 116 110 111 113 108 109 134 139 136 132 141 136 128 113 115 119 123 131 129 132 130 127 127 126 107 98 94 93 90 92 91 104 115 102 118 136 131 145 155 139 136 107 120 137 131 129 135 137 140 144 140 135 116
213 201 210 218 218 218 217 218 217 218 216 217 217 217 217 217 214 197 201 206 210 207 211 209 207 200 190 170 153 150 137 132 124 125 129 110 111 110 109 104 128 127 133 130 132 136 125 113 101 104 115 123 124 126 126 125 121 117 111 106 96 89 96 95 99 132 121 117 138 150 160 166 159 158 150 145 147 145 150 129 124 123 131 137 138 130 124
208 210 200 217 218 218 218 217 217 217 217 217 217 218 217 217 215 212 202 209 213 214 215 209 201 204 200 187 176 167 160 155 145 152 158 145 123 117 121 117 109 109 112 129 130 126 123 118 108 102 103 111 128 126 122 119 114 113 113 107 106 123 103 109 132 144 126 101 128 139 154 168 170 164 160 158 157 160 163 158 153 149 137 135 141 139 134
211 216 209 217 217 218 219 218 215 218 218 217 218 217 217 217 216 212 203 209 212 215 217 210 201 201 201 194 191 188 179 164 161 164 164 153 140 147 146 143 134 140 136 135 129 122 120 110 104 107 109 128 134 129 123 126 127 135 125 131 139 142 121 112 151 138 112 112 139 152 161 169 176 174 165 165 171 174 176 171 168 167 166 161 159 158 159
211 218 217 212 218 218 218 218 214 216 217 218 217 218 218 218 218 211 201 204 213 214 217 215 206 205 201 196 193 191 183 179 175 171 171 157 148 153 157 155 156 154 145 144 138 127 120 114 126 147 123 124 144 148 139 142 146 149 155 155 159 148 134 149 158 138 124 149 154 164 169 171 173 170 171 175 180 179 179 181 179 182 180 175 163 173 172
218 219 218 215 218 219 218 218 218 218 217 216 217 218 218 218 218 212 201 197 212 213 217 215 211 203 201 200 199 194 190 182 176 174 172 165 159 157 162 164 170 168 171 164 154 143 145 140 145 151 147 150 154 157 156 151 148 154 160 164 168 164 159 165 158 148 161 159 162 174 179 186 187 188 184 183 184 184 184 187 187 189 190 187 186 185 185
219 218 218 217 218 218 218 219 217 219 216 216 216 218 218 217 218 215 203 193 202 210 217 211 212 198 195 192 189 188 188 186 179 175 174 170 166 164 157 153 165 176 176 175 169 167 161 157 157 165 171 167 162 165 158 154 147 148 147 157 169 174 174 173 167 170 170 174 176 181 183 182 193 185 186 185 185 184 186 188 189 193 197 192 191 191 195
214 214 208 218 217 218 218 218 217 219 217 214 216 218 218 218 218 216 205 200 195 205 214 217 207 197 194 196 192 186 194 190 187 185 185 182 174 166 165 160 157 159 167 181 180 178 171 160 167 170 175 177 176 177 182 167 170 164 150 143 161 176 181 180 180 181 180 183 181 187 189 191 194 195 185 185 185 189 199 196 197 197 204 202 200 196 194
204 215 209 218 218 215 218 218 219 219 218 219 214 218 218 218 217 213 206 207 198 209 218 213 203 204 201 198 198 202 203 199 198 200 199 188 178 177 176 173 169 159 160 158 170 184 184 182 184 183 183 184 188 187 185 184 178 171 170 162 169 180 184 183 183 184 185 186 188 188 193 195 197 197 199 199 191 196 205 202 201 202 205 200 193 186 184
201 208 211 212 218 215 218 217 215 215 219 219 218 219 218 218 217 218 213 205 207 218 217 216 215 210 209 211 211 210 214 210 209 209 206 201 196 194 190 183 180 178 172 171 176 182 182 185 185 186 187 187 186 182 181 189 190 185 189 186 182 188 187 187 184 186 184 187 193 195 194 188 192 197 200 205 203 201 203 202 203 208 194 189 188 184 187
202 198 210 207 217 209 207 214 218 210 217 218 218 218 218 218 216 219 218 214 210 216 211 210 213 213 215 212 214 213 209 208 202 194 204 207 202 192 189 186 186 178 172 169 178 183 187 188 189 188 188 187 187 184 179 180 183 185 189 190 190 192 188 187 187 190 186 186 190 188 185 185 193 192 192 191 196 209 205 208 207 206 201 201 199 198 185
207 194 212 209 213 210 202 209 217 213 214 217 218 218 213 217 218 219 219 218 218 208 203 201 207 210 211 215 211 210 204 199 196 189 191 205 202 200 193 192 185 178 172 160 167 177 185 183 188 188 189 188 187 187 187 185 183 184 190 190 188 192 192 193 191 190 189 188 187 190 182 188 187 188 184 189 195 197 200 207 212 210 204 202 201 201 199
209 196 200 210 205 218 209 204 215 217 209 217 218 218 217 211 218 218 218 218 218 208 195 205 210 210 207 206 213 207 205 198 187 186 191 193 192 191 193 199 187 180 173 164 165 168 168 170 173 183 184 189 188 186 187 186 186 184 185 189 189 189 188 193 192 193 193 191 189 194 196 188 188 199 200 196 200 200 202 206 210 203 203 200 198 200 201
206 195 200 208 205 209 212 197 206 217 219 214 219 219 218 218 213 219 218 218 219 218 207 206 215 213 206 207 209 209 209 201 187 193 188 190 187 189 181 177 179 178 173 167 163 163 165 165 172 175 184 186 187 189 188 187 187 185 184 187 186 184 185 190 193 192 195 195 194 195 199 199 194 200 202 206 204 195 210 214 213 209 205 202 200 200 199
