wc0.5/Cropped/bio7_28.asc
NCOLS 282 
NROWS 470 
XLLCORNER 79.525 
YLLCORNER 5.91666666666667 
CELLSIZE 0.00833333333333331 
NODATA_value -32768 
[rows 304 to 341 of 470, columns 0 to 86 of 282]
-32768 -32768 -32768 -32768 -32768 -32768 -32768 -32768 -32768 -32768 -32768 -32768 -32768 -32768 -32768 -32768 -32768 -32768 -32768 -32768 -32768 -32768 -32768 -32768 -32768 -32768 -32768 -32768 -32768 -32768 -32768 -32768 -32768 -32768 -32768 -32768 -32768 -32768 115 115 115 116 116 116 116 117 117 117 117 118 118 118 119 119 119 119 119 119 121 119 120 122 122 122 121 122 122 122 123 123 123 124 124 124 123 125 125 124 127 125 126 126 126 126 127 126 127
-32768 -32768 -32768 -32768 -32768 -32768 -32768 -32768 -32768 -32768 -32768 -32768 -32768 -32768 -32768 -32768 -32768 -32768 -32768 -32768 -32768 -32768 -32768 -32768 -32768 -32768 -32768 -32768 -32768 -32768 -32768 -32768 -32768 -32768 -32768 -32768 -32768 -32768 114 115 116 115 116 117 117 116 117 117 117 117 118 117 118 118 119 119 119 119 120 119 119 120 121 122 122 122 121 122 122 123 123 123 123 123 123 125 123 125 125 125 126 125 125 125 126 127 126
-32768 -32768 -32768 -32768 -32768 -32768 -32768 -32768 -32768 -32768 -32768 -32768 -32768 -32768 -32768 -32768 -32768 -32768 -32768 -32768 -32768 -32768 -32768 -32768 -32768 -32768 -32768 -32768 -32768 -32768 -32768 -32768 -32768 -32768 -32768 -32768 -32768 -32768 115 115 115 116 115 116 115 116 117 117 117 117 117 117 118 118 118 119 119 119 119 120 120 119 121 121 121 121 121 122 123 122 123 123 123 123 124 124 125 124 124 125 126 125 125 125 126 129 126
-32768 -32768 -32768 -32768 -32768 -32768 -32768 -32768 -32768 -32768 -32768 -32768 -32768 -32768 -32768 -32768 -32768 -32768 -32768 -32768 -32768 -32768 -32768 -32768 -32768 -32768 -32768 -32768 -32768 -32768 -32768 -32768 -32768 -32768 -32768 -32768 -32768 -32768 -32768 114 115 115 115 116 115 115 116 117 116 116 117 116 117 117 118 118 119 119 119 119 119 121 121 121 120 121 122 122 123 123 122 123 123 123 124 124 125 123 124 125 125 125 126 125 125 128 127
-32768 -32768 -32768 -32768 -32768 -32768 -32768 -32768 -32768 -32768 -32768 -32768 -32768 -32768 -32768 -32768 -32768 -32768 -32768 -32768 -32768 -32768 -32768 -32768 -32768 -32768 -32768 -32768 -32768 -32768 -32768 -32768 -32768 -32768 -32768 -32768 -32768 -32768 114 113 114 115 115 115 115 115 115 116 116 117 116 117 117 116 118 118 118 119 119 119 119 119 120 120 121 121 121 121 121 123 121 123 123 123 122 122 123 123 125 124 125 125 125 125 126 127 126
-32768 -32768 -32768 -32768 -32768 -32768 -32768 -32768 -32768 -32768 -32768 -32768 -32768 -32768 -32768 -32768 -32768 -32768 -32768 -32768 -32768 -32768 -32768 -32768 -32768 -32768 -32768 -32768 -32768 -32768 -32768 -32768 -32768 -32768 -32768 -32768 -32768 -32768 113 113 113 114 115 115 115 115 115 115 115 115 115 116 117 117 117 117 119 119 118 119 119 119 120 120 120 120 120 123 123 121 121 122 121 123 125 123 123 124 123 124 124 125 125 125 125 127 127
-32768 -32768 -32768 -32768 -32768 -32768 -32768 -32768 -32768 -32768 -32768 -32768 -32768 -32768 -32768 -32768 -32768 -32768 -32768 -32768 -32768 -32768 -32768 -32768 -32768 -32768 -32768 -32768 -32768 -32768 -32768 -32768 -32768 -32768 -32768 -32768 -32768 -32768 113 113 113 113 113 113 115 115 115 115 115 115 115 116 117 117 117 117 117 117 119 119 118 118 119 120 119 120 121 121 121 121 121 121 121 122 122 123 123 124 123 124 125 125 125 125 126 126 127
-32768 -32768 -32768 -32768 -32768 -32768 -32768 -32768 -32768 -32768 -32768 -32768 -32768 -32768 -32768 -32768 -32768 -32768 -32768 -32768 -32768 -32768 -32768 -32768 -32768 -32768 -32768 -32768 -32768 -32768 -32768 -32768 -32768 -32768 -32768 -32768 -32768 -32768 113 113 113 113 113 113 113 114 115 115 115 115 115 115 115 116 116 117 117 117 118 117 119 118 119 119 119 119 119 119 120 121 121 121 121 122 124 123 123 125 125 126 124 123 125 124 125 126 127
-32768 -32768 -32768 -32768 -32768 -32768 -32768 -32768 -32768 -32768 -32768 -32768 -32768 -32768 -32768 -32768 -32768 -32768 -32768 -32768 -32768 -32768 -32768 -32768 -32768 -32768 -32768 -32768 -32768 -32768 -32768 -32768 -32768 -32768 -32768 -32768 -32768 -32768 112 113 113 113 113 113 113 113 113 114 114 115 115 115 116 115 116 116 117 117 117 117 119 117 119 119 119 119 119 119 121 121 120 121 121 121 122 122 123 124 124 125 123 124 125 124 125 126 126
-32768 -32768 -32768 -32768 -32768 -32768 -32768 -32768 -32768 -32768 -32768 -32768 -32768 -32768 -32768 -32768 -32768 -32768 -32768 -32768 -32768 -32768 -32768 -32768 -32768 -32768 -32768 -32768 -32768 -32768 -32768 -32768 -32768 -32768 -32768 -32768 -32768 -32768 112 113 113 113 113 113 113 114 113 114 113 115 115 115 114 115 116 115 115 116 116 117 117 118 118 117 119 119 119 119 119 120 119 121 122 122 122 122 122 123 126 123 123 125 125 125 125 126 126
-32768 -32768 -32768 -32768 -32768 -32768 -32768 -32768 -32768 -32768 -32768 -32768 -32768 -32768 -32768 -32768 -32768 -32768 -32768 -32768 -32768 -32768 -32768 -32768 -32768 -32768 -32768 -32768 -32768 -32768 -32768 -32768 -32768 -32768 -32768 -32768 -32768 111 111 112 112 112 113 113 113 112 112 112 115 115 115 114 114 115 114 115 114 117 117 117 116 117 118 118 119 118 118 119 118 119 119 120 121 121 122 121 121 121 123 123 124 124 124 125 125 125 124
-32768 -32768 -32768 -32768 -32768 -32768 -32768 -32768 -32768 -32768 -32768 -32768 -32768 -32768 -32768 -32768 -32768 -32768 -32768 -32768 -32768 -32768 -32768 -32768 -32768 -32768 -32768 -32768 -32768 -32768 -32768 -32768 -32768 -32768 -32768 -32768 -32768 111 111 111 111 112 112 112 112 112 112 112 113 114 114 114 114 114 115 115 114 117 117 117 117 117 117 118 117 117 118 118 119 119 119 121 120 122 122 121 122 122 124 124 122 124 124 124 125 125 125
-32768 -32768 -32768 -32768 -32768 -32768 -32768 -32768 -32768 -32768 -32768 -32768 -32768 -32768 -32768 -32768 -32768 -32768 -32768 -32768 -32768 -32768 -32768 -32768 -32768 -32768 -32768 -32768 -32768 -32768 -32768 -32768 -32768 -32768 -32768 110 110 110 111 110 110 111 111 112 112 112 112 112 113 113 113 113 114 114 114 114 114 114 116 116 117 116 116 116 117 117 118 118 119 119 118 119 120 121 120 121 121 121 124 124 123 124 124 121 125 125 124
-32768 -32768 -32768 -32768 -32768 -32768 -32768 -32768 -32768 -32768 -32768 -32768 -32768 -32768 -32768 -32768 -32768 -32768 -32768 -32768 -32768 -32768 -32768 -32768 -32768 -32768 -32768 -32768 -32768 -32768 -32768 -32768 -32768 -32768 -32768 110 111 110 111 111 110 111 111 110 112 111 112 112 112 113 113 113 113 114 114 114 114 115 115 116 116 116 116 116 117 117 116 117 117 119 119 118 119 120 120 121 122 122 123 124 124 123 122 123 123 124 123
-32768 -32768 -32768 -32768 -32768 -32768 -32768 -32768 -32768 -32768 -32768 -32768 -32768 -32768 -32768 -32768 -32768 -32768 -32768 -32768 -32768 -32768 -32768 -32768 -32768 -32768 -32768 -32768 -32768 -32768 -32768 -32768 -32768 -32768 -32768 -32768 109 110 110 110 110 111 110 110 110 111 111 111 111 112 113 113 113 113 113 114 114 115 114 114 115 116 116 116 117 116 116 117 117 118 119 117 120 120 120 120 120 120 122 123 123 124 124 124 122 125 124
-32768 -32768 -32768 -32768 -32768 -32768 -32768 -32768 -32768 -32768 -32768 -32768 -32768 -32768 -32768 -32768 -32768 -32768 -32768 -32768 -32768 -32768 -32768 -32768 -32768 -32768 -32768 -32768 -32768 -32768 -32768 -32768 -32768 -32768 -32768 -32768 108 109 110 110 110 109 110 111 110 111 111 110 111 111 111 112 112 113 113 113 114 114 113 114 114 115 116 117 116 116 117 116 117 117 118 118 119 119 119 119 120 123 121 122 123 124 123 124 123 124 124
-32768 -32768 -32768 -32768 -32768 -32768 -32768 -32768 -32768 -32768 -32768 -32768 -32768 -32768 -32768 -32768 -32768 -32768 -32768 -32768 -32768 -32768 -32768 -32768 -32768 -32768 -32768 -32768 -32768 -32768 -32768 -32768 -32768 -32768 -32768 -32768 109 108 109 109 109 109 110 110 110 110 111 111 110 110 111 112 112 112 113 113 113 113 113 114 115 115 115 116 115 116 116 117 117 117 118 118 118 119 118 119 120 119 119 122 123 123 123 124 124 123 123
-32768 -32768 -32768 -32768 -32768 -32768 -32768 -32768 -32768 -32768 -32768 -32768 -32768 -32768 -32768 -32768 -32768 -32768 -32768 -32768 -32768 -32768 -32768 -32768 -32768 -32768 -32768 -32768 -32768 -32768 -32768 -32768 -32768 -32768 -32768 -32768 108 108 108 109 108 109 110 110 110 110 110 111 110 111 111 110 112 112 113 113 113 112 113 114 114 114 114 115 115 115 116 116 116 116 118 118 118 118 120 118 119 119 120 121 122 122 123 123 124 124 123
-32768 -32768 -32768 -32768 -32768 -32768 -32768 -32768 -32768 -32768 -32768 -32768 -32768 -32768 -32768 -32768 -32768 -32768 -32768 -32768 -32768 -32768 -32768 -32768 -32768 -32768 -32768 -32768 -32768 -32768 -32768 -32768 -32768 -32768 -32768 -32768 -32768 107 108 108 108 109 109 109 109 110 109 110 110 110 111 112 111 112 112 113 113 113 114 114 114 114 114 114 114 115 115 115 116 116 116 117 118 118 118 118 120 119 120 120 119 121 123 123 123 123 123
-32768 -32768 -32768 -32768 -32768 -32768 -32768 -32768 -32768 -32768 -32768 -32768 -32768 -32768 -32768 -32768 -32768 -32768 -32768 -32768 -32768 -32768 -32768 -32768 -32768 -32768 -32768 -32768 -32768 -32768 -32768 -32768 -32768 -32768 -32768 -32768 -32768 107 108 108 108 108 109 108 108 109 110 109 109 110 110 111 112 111 112 112 112 112 112 114 113 114 114 114 114 114 116 116 116 116 116 117 117 117 118 118 120 120 121 122 119 123 122 122 122 123 123
-32768 -32768 -32768 -32768 -32768 -32768 -32768 -32768 -32768 -32768 -32768 -32768 -32768 -32768 -32768 -32768 -32768 -32768 -32768 -32768 -32768 -32768 -32768 -32768 -32768 -32768 -32768 -32768 -32768 -32768 -32768 -32768 -32768 -32768 -32768 -32768 -32768 107 107 107 108 107 107 107 109 108 109 109 110 110 110 110 111 111 110 111 112 112 113 112 112 113 113 114 114 114 114 114 115 115 116 117 116 116 117 118 119 119 119 122 121 119 121 123 122 123 123
-32768 -32768 -32768 -32768 -32768 -32768 -32768 -32768 -32768 -32768 -32768 -32768 -32768 -32768 -32768 -32768 -32768 -32768 -32768 -32768 -32768 -32768 -32768 -32768 -32768 -32768 -32768 -32768 -32768 -32768 -32768 -32768 -32768 -32768 -32768 -32768 -32768 -32768 107 107 107 107 107 107 108 108 108 108 110 109 109 110 110 111 111 112 111 112 112 112 114 114 114 114 114 114 114 114 116 116 116 116 116 116 116 118 119 118 118 118 120 120 121 123 121 121 122
-32768 -32768 -32768 -32768 -32768 -32768 -32768 -32768 -32768 -32768 -32768 -32768 -32768 -32768 -32768 -32768 -32768 -32768 -32768 -32768 -32768 -32768 -32768 -32768 -32768 -32768 -32768 -32768 -32768 -32768 -32768 -32768 -32768 -32768 -32768 -32768 -32768 -32768 106 107 107 107 107 107 108 108 107 108 109 109 110 110 110 109 110 110 110 110 111 112 112 112 112 113 113 113 114 114 114 116 116 116 115 116 116 118 118 118 118 118 122 119 120 120 122 120 123
-32768 -32768 -32768 -32768 -32768 -32768 -32768 -32768 -32768 -32768 -32768 -32768 -32768 -32768 -32768 -32768 -32768 -32768 -32768 -32768 -32768 -32768 -32768 -32768 -32768 -32768 -32768 -32768 -32768 -32768 -32768 -32768 -32768 -32768 -32768 -32768 -32768 -32768 107 106 106 106 107 106 108 106 108 107 108 108 109 109 110 110 110 110 110 110 112 111 111 112 112 112 112 114 114 114 114 114 114 116 116 116 116 116 117 118 118 118 120 118 119 119 120 120 120
-32768 -32768 -32768 -32768 -32768 -32768 -32768 -32768 -32768 -32768 -32768 -32768 -32768 -32768 -32768 -32768 -32768 -32768 -32768 -32768 -32768 -32768 -32768 -32768 -32768 -32768 -32768 -32768 -32768 -32768 -32768 -32768 -32768 -32768 -32768 -32768 -32768 -32768 -32768 106 106 106 106 106 106 107 107 107 107 107 108 108 109 109 110 109 110 110 110 111 112 112 112 112 114 112 113 113 114 114 114 114 115 115 116 117 117 119 119 117 117 119 120 121 121 121 120
-32768 -32768 -32768 -32768 -32768 -32768 -32768 -32768 -32768 -32768 -32768 -32768 -32768 -32768 -32768 -32768 -32768 -32768 -32768 -32768 -32768 -32768 -32768 -32768 -32768 -32768 -32768 -32768 -32768 -32768 -32768 -32768 -32768 -32768 -32768 -32768 -32768 -32768 -32768 105 106 106 106 106 106 106 106 107 107 108 108 108 108 108 109 109 110 110 110 110 110 111 111 111 111 113 114 113 114 114 115 115 115 115 116 115 119 118 118 117 119 122 121 121 120 120 117
-32768 -32768 -32768 -32768 -32768 -32768 -32768 -32768 -32768 -32768 -32768 -32768 -32768 -32768 -32768 -32768 -32768 -32768 -32768 -32768 -32768 -32768 -32768 -32768 -32768 -32768 -32768 -32768 -32768 -32768 -32768 -32768 -32768 -32768 -32768 -32768 -32768 -32768 -32768 105 105 105 106 105 106 106 106 106 108 108 106 107 108 108 108 109 109 109 110 110 110 112 112 111 113 112 112 114 113 113 113 114 115 115 115 116 119 119 119 119 117 118 119 121 118 117 118
-32768 -32768 -32768 -32768 -32768 -32768 -32768 -32768 -32768 -32768 -32768 -32768 -32768 -32768 -32768 -32768 -32768 -32768 -32768 -32768 -32768 -32768 -32768 -32768 -32768 -32768 -32768 -32768 -32768 -32768 -32768 -32768 -32768 -32768 -32768 -32768 -32768 -32768 -32768 -32768 105 105 105 105 104 106 106 106 106 107 107 108 108 108 108 109 108 110 109 109 110 111 111 111 113 112 113 113 114 114 113 114 114 114 116 116 116 119 117 119 119 118 118 121 121 119 118
-32768 -32768 -32768 -32768 -32768 -32768 -32768 -32768 -32768 -32768 -32768 -32768 -32768 -32768 -32768 -32768 -32768 -32768 -32768 -32768 -32768 -32768 -32768 -32768 -32768 -32768 -32768 -32768 -32768 -32768 -32768 -32768 -32768 -32768 -32768 -32768 -32768 -32768 -32768 -32768 105 105 105 104 104 106 106 105 106 107 106 107 108 107 108 108 109 108 108 110 109 111 111 111 111 112 112 112 114 114 113 113 114 114 115 114 116 117 118 118 118 117 121 121 120 118 117
-32768 -32768 -32768 -32768 -32768 -32768 -32768 -32768 -32768 -32768 -32768 -32768 -32768 -32768 -32768 -32768 -32768 -32768 -32768 -32768 -32768 -32768 -32768 -32768 -32768 -32768 -32768 -32768 -32768 -32768 -32768 -32768 -32768 -32768 -32768 -32768 -32768 -32768 -32768 -32768 103 104 105 104 104 105 106 106 105 105 106 107 107 106 108 108 108 108 109 109 109 109 110 109 110 111 111 112 113 114 113 113 113 113 113 115 115 116 119 118 118 120 119 118 118 118 117
-32768 -32768 -32768 -32768 -32768 -32768 -32768 -32768 -32768 -32768 -32768 -32768 -32768 -32768 -32768 -32768 -32768 -32768 -32768 -32768 -32768 -32768 -32768 -32768 -32768 -32768 -32768 -32768 -32768 -32768 -32768 -32768 -32768 -32768 -32768 -32768 -32768 -32768 -32768 -32768 103 103 103 104 104 104 105 105 105 105 106 106 106 106 107 107 107 107 108 107 110 109 109 110 110 110 110 112 112 112 114 113 114 114 115 115 115 115 117 118 118 118 118 118 118 119 117
-32768 -32768 -32768 -32768 -32768 -32768 -32768 -32768 -32768 -32768 -32768 -32768 -32768 -32768 -32768 -32768 -32768 -32768 -32768 -32768 -32768 -32768 -32768 -32768 -32768 -32768 -32768 -32768 -32768 -32768 -32768 -32768 -32768 -32768 -32768 -32768 -32768 -32768 -32768 -32768 102 103 103 104 104 104 105 105 105 106 105 106 106 107 107 107 107 107 107 108 108 110 110 110 110 110 111 110 111 112 113 113 113 113 114 113 115 114 116 117 118 118 118 116 118 116 117
-32768 -32768 -32768 -32768 -32768 -32768 -32768 -32768 -32768 -32768 -32768 -32768 -32768 -32768 -32768 -32768 -32768 -32768 -32768 -32768 -32768 -32768 -32768 -32768 -32768 -32768 -32768 -32768 -32768 -32768 -32768 -32768 -32768 -32768 -32768 -32768 -32768 -32768 -32768 -32768 -32768 102 102 102 103 104 104 104 104 104 105 106 106 106 106 106 107 107 107 109 109 110 110 109 109 110 111 110 111 112 112 112 112 113 113 113 113 115 117 115 116 116 116 117 116 116 117
-32768 -32768 -32768 -32768 -32768 -32768 -32768 -32768 -32768 -32768 -32768 -32768 -32768 -32768 -32768 -32768 -32768 -32768 -32768 -32768 -32768 -32768 -32768 -32768 -32768 -32768 -32768 -32768 -32768 -32768 -32768 -32768 -32768 -32768 -32768 -32768 -32768 -32768 -32768 -32768 -32768 102 102 102 103 104 103 104 104 105 105 105 106 106 106 106 107 107 107 107 107 109 110 109 109 111 109 110 111 112 111 112 112 112 113 114 113 115 116 115 117 118 116 116 117 116 119
-32768 -32768 -32768 -32768 -32768 -32768 -32768 -32768 -32768 -32768 -32768 -32768 -32768 -32768 -32768 -32768 -32768 -32768 -32768 -32768 -32768 -32768 -32768 -32768 -32768 -32768 -32768 -32768 -32768 -32768 -32768 -32768 -32768 -32768 -32768 -32768 -32768 -32768 -32768 -32768 -32768 102 102 102 103 103 102 104 104 104 104 105 105 104 106 105 106 107 107 107 107 108 109 109 109 110 109 111 111 111 111 111 113 112 112 114 113 114 115 115 114 116 115 115 115 117 116
-32768 -32768 -32768 -32768 -32768 -32768 -32768 -32768 -32768 -32768 -32768 -32768 -32768 -32768 -32768 -32768 -32768 -32768 -32768 -32768 -32768 -32768 -32768 -32768 -32768 -32768 -32768 -32768 -32768 -32768 -32768 -32768 -32768 -32768 -32768 -32768 -32768 -32768 -32768 -32768 -32768 101 102 101 102 102 102 102 103 104 103 105 104 105 105 105 105 106 106 107 107 107 109 109 109 109 109 109 111 111 111 111 111 111 112 112 113 114 115 115 115 115 115 114 116 117 117
-32768 -32768 -32768 -32768 -32768 -32768 -32768 -32768 -32768 -32768 -32768 -32768 -32768 -32768 -32768 -32768 -32768 -32768 -32768 -32768 -32768 -32768 -32768 -32768 -32768 -32768 -32768 -32768 -32768 -32768 -32768 -32768 -32768 -32768 -32768 -32768 -32768 -32768 -32768 -32768 -32768 101 102 101 101 102 102 103 103 104 104 104 103 105 106 105 106 106 106 107 107 106 107 108 109 109 109 110 109 110 110 111 112 111 111 112 112 112 113 114 115 114 114 114 115 116 116
-32768 -32768 -32768 -32768 -32768 -32768 -32768 -32768 -32768 -32768 -32768 -32768 -32768 -32768 -32768 -32768 -32768 -32768 -32768 -32768 -32768 -32768 -32768 -32768 -32768 -32768 -32768 -32768 -32768 -32768 -32768 -32768 -32768 -32768 -32768 -32768 -32768 -32768 -32768 -32768 -32768 100 101 101 101 101 101 101 102 104 104 104 104 103 105 105 105 105 105 105 107 107 107 108 108 109 109 109 110 110 110 111 111 111 113 112 112 112 116 114 115 113 114 115 114 115 115
