wc0.5/Cropped/bio7_28.asc
NCOLS 282 
NROWS 470 
XLLCORNER 79.525 
YLLCORNER 5.91666666666667 
CELLSIZE 0.00833333333333331 
NODATA_value -32768 
[rows 342 to 379 of 470, columns 87 to 173 of 282]
119 115 117 117 117 119 120 119 119 117 120 121 119 121 121 121 120 119 120 120 119 121 121 120 120 121 121 120 121 122 122 125 125 125 124 125 126 127 134 137 135 132 129 128 126 124 127 128 129 137 148 147 147 148 148 149 149 148 147 147 149 150 148 147 147 148 149 149 148 148 148 147 147 143 134 134 136 134 136 128 129 128 126 123 121 118 119
117 116 116 117 117 118 119 119 121 119 120 120 120 122 123 122 121 120 120 121 121 120 122 122 119 120 121 120 120 121 122 123 125 127 126 126 126 129 135 138 139 137 132 127 125 125 128 132 132 131 140 146 148 148 149 148 148 148 148 148 147 150 150 150 150 150 149 148 147 148 141 136 140 135 129 132 130 130 130 125 123 122 125 123 120 120 119
115 116 116 115 117 117 118 118 120 119 120 120 120 120 121 122 120 120 120 121 121 121 122 121 120 118 121 120 121 119 121 124 124 126 128 125 127 128 132 136 138 132 129 128 126 124 127 128 130 132 132 134 141 148 148 149 147 146 149 149 148 150 150 150 150 150 148 149 149 148 138 133 129 126 128 127 127 127 128 123 123 121 121 120 120 119 118
114 114 115 116 118 118 118 117 118 119 120 119 120 120 120 120 121 120 121 120 119 120 120 121 120 120 120 121 121 120 120 122 126 124 126 127 127 129 134 132 134 131 129 126 128 126 125 128 128 129 130 130 132 138 139 143 145 149 149 149 149 149 150 150 149 149 149 147 145 138 140 132 127 123 124 123 122 122 122 121 121 121 121 120 119 118 119
116 116 114 116 118 118 119 118 119 117 118 118 119 119 120 120 120 120 120 120 120 121 120 120 120 121 120 121 123 120 121 123 126 125 126 124 126 129 129 132 131 131 129 130 128 128 129 128 127 127 129 129 130 130 132 135 137 141 141 139 144 149 149 150 149 149 149 148 147 134 131 128 129 124 124 123 123 122 121 122 121 120 121 121 120 118 120
118 116 114 114 118 118 116 116 116 118 118 119 119 119 119 119 119 120 120 120 120 119 120 119 120 119 119 120 121 123 122 125 126 126 124 125 126 128 131 131 129 128 129 129 128 128 129 129 129 128 129 130 131 131 129 130 133 135 137 141 149 148 149 149 148 148 147 149 148 146 131 124 128 126 123 124 124 123 122 123 123 121 123 120 120 119 121
116 115 114 115 116 116 116 116 116 117 117 118 119 119 119 117 119 119 119 119 120 120 119 119 121 122 120 119 119 120 121 123 127 125 125 127 125 129 128 129 129 127 129 127 128 131 130 130 130 130 129 130 128 132 134 133 131 133 137 145 148 148 150 149 149 148 146 146 144 139 132 127 125 123 123 123 123 122 122 124 124 122 123 122 118 120 121
115 115 114 116 115 116 117 118 118 118 117 117 117 118 118 118 119 119 120 119 120 120 120 119 120 122 119 120 119 120 123 122 124 125 127 127 126 124 127 131 131 128 128 127 128 132 133 131 131 132 133 132 130 131 131 133 132 131 136 140 145 148 149 149 149 148 148 148 147 138 131 129 126 123 123 122 123 122 123 124 123 122 120 121 118 119 124
114 114 114 116 116 117 116 119 116 118 116 117 117 117 117 119 119 119 118 119 119 120 119 120 120 120 120 118 119 119 121 125 122 124 128 127 128 128 124 128 129 129 129 130 129 130 134 134 132 133 131 130 130 131 131 132 133 133 133 136 141 147 149 149 148 148 148 147 148 139 132 128 126 124 123 122 123 123 121 123 121 120 121 120 120 120 122
114 114 114 114 116 116 117 116 118 118 116 117 117 119 119 117 117 117 119 118 119 118 119 120 119 121 120 123 121 120 122 125 124 124 125 127 128 129 130 127 127 130 128 130 132 132 135 131 131 129 130 130 129 130 130 132 132 131 133 138 140 142 147 148 148 148 148 146 143 139 134 130 131 126 125 124 124 123 121 121 120 123 121 121 120 119 124
114 113 114 114 114 117 116 117 118 117 116 117 117 119 118 118 119 119 118 118 119 118 119 118 121 124 124 125 124 122 122 123 126 128 122 127 129 130 128 128 129 128 128 133 135 132 134 134 134 131 132 132 130 130 130 130 130 132 130 133 140 143 145 147 147 148 148 147 144 136 139 134 132 126 125 124 123 123 122 122 122 124 125 123 120 119 121
114 114 114 113 113 116 117 116 116 117 117 117 116 118 117 118 118 118 117 118 118 118 118 119 119 119 122 122 126 129 124 121 123 126 127 123 125 128 128 129 128 129 129 129 131 129 135 146 138 135 136 132 133 130 133 131 132 133 133 140 138 137 140 145 146 146 147 146 143 137 129 129 128 127 125 124 123 123 123 124 122 123 125 124 119 120 122
113 114 115 114 113 115 116 117 116 116 117 117 118 118 117 117 118 118 117 118 118 118 118 118 119 122 124 125 125 130 124 122 122 126 128 129 124 125 128 130 129 129 128 129 129 130 133 136 140 135 138 131 131 130 130 132 133 137 140 145 147 146 147 147 145 146 146 146 146 140 134 126 124 125 124 124 124 122 123 125 125 123 124 122 121 124 122
113 114 113 115 114 114 114 115 117 115 117 118 117 117 116 117 118 118 118 118 117 117 118 118 121 122 125 125 127 128 132 126 125 122 125 131 129 124 124 126 129 127 126 126 127 129 129 134 135 132 132 131 131 131 132 133 133 133 139 139 146 146 147 147 147 147 145 146 146 144 130 129 129 126 125 126 127 124 126 126 126 124 124 122 120 122 124
112 113 113 114 115 116 113 115 116 116 117 117 118 116 117 117 117 118 118 117 119 117 119 118 120 123 129 131 126 129 130 128 124 123 124 129 130 129 126 124 124 126 129 128 128 129 130 134 137 133 133 131 131 130 131 131 131 132 135 135 137 137 145 146 147 146 146 146 146 147 140 135 131 128 127 127 127 127 126 128 126 125 122 122 122 121 120
113 113 112 115 114 116 117 115 116 116 116 117 116 117 116 117 117 117 117 119 120 120 120 122 120 121 127 133 132 132 130 130 129 125 125 125 129 132 131 124 124 123 125 128 128 130 129 130 141 145 133 132 133 135 135 136 133 132 132 133 131 133 137 143 147 146 146 146 145 146 145 138 131 128 128 127 127 128 126 127 125 126 122 124 123 122 121
112 112 112 113 116 116 115 114 114 116 116 116 116 117 117 117 117 117 118 118 121 122 121 124 123 123 125 134 136 134 136 134 135 141 126 124 125 129 129 129 125 123 125 127 127 130 130 132 138 146 141 135 138 137 140 136 136 136 139 137 135 133 134 138 144 146 145 146 146 146 146 141 134 131 128 127 127 129 125 125 127 125 124 124 124 122 123
112 112 112 113 113 114 113 113 115 116 116 116 116 116 117 116 117 115 116 116 118 120 120 125 127 123 124 128 136 140 141 137 133 132 128 125 124 126 126 128 132 129 124 123 123 127 130 130 133 135 145 145 140 144 140 138 135 133 137 137 139 141 136 140 143 146 145 144 146 145 146 133 134 129 128 128 127 127 127 127 126 125 127 122 128 125 123
112 112 112 112 113 114 113 114 115 115 116 115 115 116 117 116 116 116 115 116 117 117 118 121 124 125 127 127 134 139 141 132 131 129 125 124 124 125 124 126 128 130 129 125 125 125 127 130 130 133 137 146 145 140 140 137 137 133 139 136 138 142 145 145 146 145 144 143 144 146 145 145 137 133 132 128 127 127 126 126 127 127 124 123 126 127 125
111 112 112 112 112 113 113 113 113 116 116 115 116 115 116 115 116 116 116 117 117 117 121 122 123 125 126 127 132 136 132 127 126 125 129 124 124 124 127 126 127 129 129 129 125 126 127 130 130 130 133 137 143 141 135 136 136 139 134 138 142 145 146 145 145 145 145 144 144 145 142 140 138 140 144 130 127 127 126 126 126 128 120 126 126 127 123
113 112 112 113 112 113 113 114 113 113 115 116 115 116 116 116 116 116 117 116 117 115 119 125 125 126 128 131 137 142 138 136 135 132 131 125 124 123 125 127 127 128 127 130 130 129 128 128 128 127 129 132 136 136 136 135 137 139 138 141 145 146 145 143 145 145 144 145 144 144 144 144 139 135 134 132 129 126 126 125 123 122 125 125 125 125 123
113 113 112 112 112 113 112 114 113 114 114 115 115 115 116 116 116 116 119 118 117 116 116 117 120 121 126 134 138 141 137 138 137 134 131 125 125 127 127 127 127 128 128 129 132 133 132 130 130 129 128 128 131 135 139 140 137 140 144 143 145 145 143 144 145 144 144 144 144 144 144 144 144 141 135 131 128 127 126 122 123 125 123 126 126 128 128
112 112 111 111 112 112 113 113 114 113 114 114 114 114 114 115 115 116 118 119 116 114 115 115 116 119 124 129 139 138 137 137 130 132 129 128 128 135 141 131 129 129 128 128 130 133 136 135 132 130 128 128 129 130 136 141 142 142 145 145 145 143 142 144 144 144 144 144 144 144 143 142 141 144 143 139 131 128 123 124 125 127 125 126 124 129 128
113 113 112 111 111 112 112 112 112 113 113 113 114 114 114 116 115 115 116 116 115 115 115 115 115 116 120 120 134 137 134 134 134 133 130 132 132 138 142 142 132 130 128 129 130 132 137 139 136 133 130 129 129 130 133 135 138 141 145 145 145 144 144 144 144 144 144 144 145 139 141 131 136 144 141 141 136 130 126 126 126 126 125 123 127 129 130
111 113 111 111 112 111 112 112 112 112 113 114 114 114 114 114 115 114 115 115 116 115 114 114 115 116 118 120 134 132 136 137 132 134 138 140 140 139 141 141 130 129 129 131 127 130 133 140 139 138 135 132 133 131 132 134 133 134 143 144 144 144 144 144 144 144 139 143 138 129 131 125 120 128 129 142 136 128 130 132 129 128 126 124 127 128 136
112 113 112 111 111 112 112 112 113 112 113 114 114 114 114 114 115 115 114 115 115 115 115 115 115 114 115 118 123 123 129 131 134 134 132 140 140 140 141 142 133 133 131 132 132 129 134 140 143 143 139 136 135 133 134 134 136 138 141 143 144 144 144 144 144 131 136 137 128 122 118 116 119 120 122 124 123 124 122 132 133 133 130 128 128 131 132
112 112 113 111 111 111 112 113 113 113 113 113 114 112 114 114 114 115 115 115 115 115 114 115 114 115 114 115 117 118 121 121 126 123 120 125 134 137 136 138 140 141 140 133 132 134 135 138 142 144 143 141 133 134 135 138 140 140 140 142 143 135 144 142 131 125 133 143 132 127 121 117 117 117 119 119 119 118 117 118 120 122 128 128 126 126 128
112 111 112 111 112 111 111 112 113 112 112 113 112 114 114 114 114 115 114 115 115 115 114 115 114 115 114 113 114 115 117 119 120 120 120 122 128 124 125 126 130 128 129 130 132 136 136 141 142 142 141 134 130 131 135 134 133 130 134 131 128 126 136 140 123 128 140 140 128 121 118 116 114 114 116 117 115 114 113 114 115 116 115 117 118 117 117
111 110 110 112 111 111 112 112 113 113 113 112 113 113 113 113 113 115 113 114 115 115 114 114 114 115 114 114 114 113 115 116 117 119 118 122 124 122 121 122 122 122 126 126 128 133 136 139 134 125 135 134 126 124 128 126 125 123 120 121 120 123 129 123 119 128 134 124 121 117 116 115 115 115 115 113 113 113 113 112 113 112 111 113 117 112 114
109 108 110 111 111 110 111 111 111 111 113 114 114 113 113 113 113 114 113 114 115 115 114 114 115 113 112 112 114 113 114 115 117 117 117 119 120 120 119 118 118 117 117 119 122 126 126 127 125 122 125 123 121 120 121 122 124 121 119 118 118 118 119 117 119 124 118 119 117 115 113 111 111 111 112 113 111 112 111 110 111 110 109 111 109 110 110
108 110 109 110 110 111 111 111 113 111 113 113 114 113 113 114 114 114 113 113 113 114 114 114 114 113 114 112 113 114 114 113 115 116 117 118 119 119 120 122 119 116 115 116 118 118 119 120 121 118 116 117 119 118 120 121 124 123 124 120 116 115 115 114 117 115 116 114 113 113 111 112 110 112 111 111 110 111 110 110 109 108 107 108 108 108 108
110 111 111 110 110 111 110 111 113 111 113 113 113 112 114 113 113 113 113 113 112 113 114 114 114 114 114 112 114 114 113 112 114 113 114 115 117 117 118 120 120 119 118 114 114 115 117 120 117 117 115 115 116 115 113 117 117 117 123 126 118 115 113 113 113 112 113 112 113 110 110 110 109 108 111 110 111 109 107 108 107 107 104 105 106 106 108
111 110 111 110 110 111 111 111 111 111 113 111 113 113 113 113 114 114 113 112 112 113 113 114 113 112 112 112 112 113 113 113 112 112 112 114 115 116 116 117 117 120 120 119 117 113 113 114 113 113 113 113 112 112 113 112 115 116 117 118 115 113 112 113 113 112 111 112 110 111 109 108 108 108 108 106 108 107 105 106 107 105 104 106 107 110 110
111 110 111 111 110 111 110 111 112 111 111 111 112 112 113 113 113 113 114 112 114 113 113 114 113 112 113 113 112 112 112 112 112 112 112 111 111 112 113 113 115 116 116 117 116 113 113 113 112 112 112 112 112 114 113 111 111 112 111 112 113 111 111 111 112 111 112 111 110 109 109 110 109 107 106 105 105 106 105 106 105 104 108 108 108 110 108
111 111 111 111 110 112 110 111 110 111 112 112 112 112 112 113 113 113 113 113 113 114 113 112 113 112 112 112 113 113 112 112 112 112 112 112 111 113 112 113 113 115 116 117 114 113 113 111 111 111 112 112 112 113 114 113 112 112 111 111 110 110 111 111 111 111 111 111 109 110 111 111 109 109 109 108 108 103 105 103 104 103 105 105 106 105 108
110 110 110 109 110 111 110 112 111 111 112 113 112 112 114 113 113 113 113 113 113 112 112 112 113 112 112 112 112 112 112 112 111 112 113 111 111 111 112 112 113 114 116 120 117 115 112 113 112 111 111 111 112 112 111 111 112 112 110 110 111 109 110 109 111 111 110 110 110 110 112 110 110 110 111 109 108 106 105 104 101 102 104 104 105 104 105
110 110 111 110 110 110 112 112 111 111 111 111 112 112 113 112 113 112 113 113 113 113 112 111 113 113 113 112 112 111 111 111 113 113 111 112 111 111 110 109 112 114 115 117 117 117 117 116 114 112 112 112 112 112 111 112 112 112 112 110 110 110 111 109 109 109 109 109 110 108 107 110 109 106 106 107 106 106 104 103 102 104 104 105 105 105 103
110 110 111 109 110 110 110 110 111 111 110 111 111 111 112 112 114 112 113 113 112 112 111 113 113 112 112 113 111 111 110 111 111 111 112 112 112 111 113 114 113 113 115 116 117 118 117 117 115 115 112 111 111 111 110 111 111 111 112 111 111 111 111 110 109 109 108 108 108 108 106 106 108 106 105 104 105 107 102 100 101 103 103 105 105 104 105
