wc0.5/Cropped/bio7_28.asc
NCOLS 282 
NROWS 470 
XLLCORNER 79.525 
YLLCORNER 5.91666666666667 
CELLSIZE 0.00833333333333331 
NODATA_value -32768 
[rows 418 to 455 of 470, columns 87 to 173 of 282]
94 94 95 95 94 97 94 94 94 93 93 93 95 95 94 95 95 96 95 94 95 96 99 97 99 101 99 97 96 96 97 100 102 101 99 98 98 98 101 99 98 101 99 105 103 102 102 99 100 101 102 100 98 96 95 94 95 95 94 94 94 94 92 92 93 93 92 93 92 93 91 91 91 91 91 90 92 91 90 91 90 90 90 90 90 90 91
93 93 92 94 96 96 94 94 94 94 93 93 94 94 94 95 94 95 97 95 95 94 94 96 98 100 100 101 98 98 98 97 98 98 98 101 101 99 98 101 104 105 102 100 99 98 99 99 99 97 98 99 100 99 100 96 94 95 94 93 93 93 92 92 92 92 93 92 92 92 91 91 90 91 92 92 90 91 89 89 91 90 90 90 89 91 90
91 92 93 95 95 96 97 92 93 93 94 92 94 93 95 94 94 95 96 100 95 94 94 95 95 99 101 102 101 98 98 99 97 97 101 100 98 96 99 99 100 100 97 96 97 97 97 97 97 97 97 97 97 98 99 98 94 94 94 93 92 92 91 92 92 91 92 92 91 93 90 92 90 92 91 91 89 89 89 89 90 90 90 90 90 90 90
91 93 92 94 94 94 95 91 93 93 94 92 92 93 95 95 95 95 96 97 95 94 94 93 95 97 104 103 102 99 98 97 97 100 101 95 94 94 98 97 100 95 96 95 96 96 97 97 98 97 97 99 98 100 98 96 95 94 93 92 92 92 92 92 92 91 92 91 92 92 92 90 90 90 89 89 89 89 89 89 89 89 89 89 89 89 89
91 92 93 93 92 93 93 91 91 92 93 94 92 91 93 95 95 93 95 93 95 95 95 96 98 95 96 100 102 99 98 96 97 98 97 93 94 94 96 96 96 96 96 96 97 96 96 97 97 98 97 96 97 97 95 95 94 92 92 94 93 92 92 92 92 92 92 91 91 91 90 91 90 89 90 90 90 90 89 89 89 89 89 90 89 89 89
91 92 92 92 92 92 93 91 91 92 91 93 93 92 93 95 93 93 93 93 93 93 95 95 95 95 97 98 97 98 98 96 97 100 96 93 93 96 95 96 96 96 94 96 97 97 96 96 99 100 99 98 97 98 96 93 94 93 94 96 96 92 92 92 92 91 91 91 90 90 91 92 89 89 89 91 89 89 89 88 89 89 88 89 89 89 89
90 89 92 92 91 92 92 90 91 91 91 92 93 93 92 92 93 93 92 92 92 93 93 97 94 93 93 94 100 97 97 97 99 98 94 93 93 93 94 94 96 95 94 95 98 97 95 97 95 95 94 95 94 93 92 93 93 93 93 93 93 92 91 92 91 91 91 90 90 92 90 90 89 89 90 91 89 89 90 89 88 88 89 89 88 87 88
89 89 90 91 91 93 93 90 89 91 93 92 93 94 94 91 91 91 92 93 92 93 92 93 93 93 93 92 94 97 98 100 100 97 95 93 92 92 93 94 94 94 95 96 95 95 96 98 96 96 95 92 91 92 93 94 93 92 92 92 92 92 92 92 91 91 91 90 90 90 90 89 90 89 89 90 89 89 89 88 89 89 88 88 87 89 89
89 88 89 89 90 92 91 89 89 93 91 93 94 95 94 93 91 92 92 92 91 92 92 92 92 92 93 92 92 93 94 100 94 93 92 93 92 91 92 94 94 93 95 95 95 95 95 101 97 97 93 93 92 91 92 91 91 91 91 92 91 92 91 90 90 91 90 90 90 90 90 90 89 89 89 89 89 89 90 90 90 88 88 88 88 88 87
89 89 89 89 89 90 93 91 90 92 96 93 93 93 93 93 90 90 90 89 92 91 91 92 93 91 91 91 91 91 91 93 92 92 91 93 93 91 92 93 94 94 93 94 94 94 94 98 95 92 90 91 92 90 92 92 91 91 91 92 92 91 91 91 90 90 90 90 90 90 89 89 89 89 90 89 90 90 87 89 87 87 87 87 87 88 87
89 87 89 89 89 89 91 91 89 90 93 94 91 91 91 92 93 90 90 90 91 91 93 93 92 91 91 91 90 91 91 90 91 94 94 94 94 93 92 93 91 93 93 93 93 94 96 95 94 92 91 90 91 90 91 91 91 90 91 90 90 91 90 90 90 90 90 90 90 89 89 89 89 89 88 90 90 89 90 87 88 87 87 88 87 88 87
87 88 88 89 88 88 89 92 88 89 90 90 91 91 90 91 91 91 92 90 89 91 91 92 92 91 91 91 90 90 91 91 92 95 95 94 92 93 94 92 91 91 92 92 93 96 104 98 91 90 91 91 90 91 91 91 90 90 91 89 90 90 90 90 90 90 90 90 90 89 89 89 88 89 89 89 89 88 87 87 87 87 88 88 87 87 87
87 87 87 87 88 88 88 89 88 88 89 89 92 90 90 92 91 91 91 89 90 91 91 91 91 91 91 91 91 90 90 92 91 93 93 94 95 94 92 91 92 92 91 93 94 99 99 95 91 91 91 89 91 90 91 91 90 90 89 90 90 90 89 90 90 90 89 89 89 90 88 89 89 88 89 88 88 87 87 87 87 87 87 88 88 88 88
87 87 87 87 87 87 87 88 87 88 89 88 91 90 90 89 91 91 92 91 88 90 90 89 91 91 91 91 90 89 91 91 91 91 92 95 92 91 91 91 91 93 92 94 97 99 95 90 89 91 90 90 91 89 90 89 90 89 91 90 90 90 90 89 89 90 90 89 89 90 89 88 88 89 88 87 87 87 87 88 87 87 87 88 88 87 86
87 87 87 87 87 87 87 87 87 87 87 90 89 89 89 88 89 90 91 91 88 89 88 89 91 90 90 88 88 88 89 92 91 91 92 91 90 90 91 90 92 92 92 93 94 96 92 91 90 89 91 90 90 89 89 89 89 89 89 89 89 90 89 89 89 89 89 88 88 88 88 88 87 88 87 87 87 87 87 87 88 87 86 88 88 86 87
86 87 86 85 86 87 86 86 87 86 88 88 89 91 89 88 88 90 91 91 91 89 88 88 90 89 90 88 89 88 88 89 91 90 90 89 92 90 89 89 94 93 91 94 96 92 89 89 90 89 89 90 89 90 88 88 89 88 89 89 88 89 90 89 88 88 88 90 88 88 87 87 87 87 87 87 87 87 87 87 87 87 87 88 87 85 87
85 85 85 85 86 85 85 85 86 87 87 87 88 88 89 90 89 89 90 90 91 91 88 88 88 88 88 87 87 89 88 89 89 89 89 88 88 88 89 92 94 92 95 98 94 91 88 88 89 89 89 90 90 89 89 89 88 88 89 89 89 88 89 88 89 89 88 89 88 87 87 87 87 87 87 87 87 87 87 87 87 87 87 87 87 85 86
85 87 86 85 85 85 85 87 86 86 86 86 88 88 89 89 90 89 89 89 91 90 89 88 88 88 88 87 87 88 88 88 89 91 89 89 90 91 92 93 90 91 95 97 92 88 89 89 89 89 89 89 88 89 89 88 89 89 89 88 87 88 88 88 87 87 87 87 87 87 86 87 87 86 87 86 87 86 86 87 86 87 86 86 86 86 85
86 85 85 85 85 85 85 85 86 86 86 87 86 88 89 88 89 89 88 89 90 89 89 88 87 88 87 87 88 87 87 88 88 88 89 91 90 89 90 90 90 92 94 93 90 88 89 89 88 89 88 87 88 89 87 89 87 87 88 86 87 88 87 87 87 86 87 86 86 87 87 86 87 87 87 86 86 87 85 86 85 87 85 86 86 85 85
86 84 86 85 85 86 85 87 85 86 87 87 87 85 86 87 88 89 87 89 89 88 87 86 85 86 86 87 89 89 88 89 89 91 91 91 90 90 89 90 91 92 91 90 87 87 89 88 89 88 87 88 89 87 88 87 87 87 86 86 87 87 87 86 87 87 87 87 86 87 87 87 86 87 86 86 86 85 85 85 86 85 86 85 85 85 86
85 83 84 84 85 85 85 86 86 86 86 86 87 87 86 87 87 87 88 86 88 88 88 87 86 86 86 86 88 90 90 89 90 91 91 91 91 91 92 90 91 90 89 90 87 88 88 88 90 90 89 87 88 86 88 86 87 87 87 87 87 86 87 86 87 87 86 87 87 87 86 86 87 86 86 86 86 86 86 85 85 86 85 85 85 85 84
84 83 84 84 84 85 84 86 84 85 86 86 86 86 87 86 87 86 86 86 85 86 87 86 86 85 86 86 86 87 87 89 91 93 93 92 93 92 92 89 88 90 89 86 86 87 88 87 87 87 86 86 87 86 87 86 86 86 86 86 87 87 86 86 87 86 86 86 87 86 86 85 85 85 85 85 86 85 85 85 85 85 85 85 86 85 86
83 83 84 83 83 84 84 85 86 84 86 87 86 84 86 85 85 86 87 87 85 85 87 86 85 85 86 86 86 86 86 87 87 87 88 87 90 88 87 86 86 86 86 86 86 87 86 87 87 87 87 86 86 86 86 87 86 85 87 87 85 87 86 86 86 86 86 86 85 85 85 85 86 86 86 86 85 85 85 85 84 85 84 84 85 85 86
82 83 83 83 83 84 83 84 84 84 84 86 84 84 86 86 84 84 84 86 86 86 86 86 87 86 85 85 85 86 86 87 86 86 86 86 85 86 87 86 86 85 86 86 86 86 86 87 88 87 87 87 86 87 86 87 86 85 86 85 85 87 86 86 86 86 86 85 85 84 85 85 84 85 85 86 85 85 85 85 84 84 84 85 85 85 85
82 81 82 82 83 84 85 85 86 83 84 84 84 86 85 85 86 85 86 84 85 86 86 86 88 85 84 84 84 85 86 85 86 86 85 86 86 86 86 86 86 86 86 85 86 85 86 86 87 87 86 87 87 86 87 86 86 87 87 86 86 86 85 85 85 85 85 84 85 84 84 85 85 84 85 84 85 85 85 85 85 84 84 84 84 85 86
81 81 84 82 82 82 85 82 84 84 84 83 84 85 84 85 86 86 85 84 84 84 84 84 85 84 85 85 84 84 85 84 85 85 85 85 85 85 85 84 85 85 85 86 86 86 87 87 86 86 86 86 87 84 85 86 87 86 87 86 85 86 84 86 86 85 85 85 84 85 85 85 85 85 85 84 85 85 85 85 85 84 83 84 84 84 84
81 82 81 82 83 84 82 83 82 83 83 83 83 84 85 83 86 89 87 84 83 84 84 84 84 84 84 84 84 84 83 84 84 85 84 84 84 85 83 86 86 85 87 84 85 86 87 86 86 87 86 86 86 86 84 85 86 87 84 85 86 84 84 86 86 84 85 84 85 84 85 85 85 84 84 84 84 84 85 83 84 83 83 83 84 83 84
81 82 82 82 81 82 82 82 82 82 84 82 82 82 84 85 84 85 86 84 83 84 84 83 84 84 83 84 84 83 84 84 85 84 84 83 84 85 86 85 86 85 86 86 85 86 86 86 87 85 86 84 86 86 85 84 85 85 85 85 84 84 86 85 85 85 84 85 84 84 84 84 84 83 84 84 84 84 84 83 84 83 84 84 83 84 84
82 82 81 80 81 81 82 82 83 82 82 81 83 85 84 84 83 84 84 83 82 84 84 84 84 83 83 84 84 83 84 84 84 84 84 84 83 84 84 83 84 84 87 88 86 87 85 85 86 85 85 85 84 85 86 85 84 85 84 85 84 84 84 84 84 83 84 84 84 84 84 84 84 84 84 83 83 84 84 84 83 83 84 84 84 83 83
80 79 81 80 82 81 81 81 81 81 81 81 81 84 83 82 82 82 82 83 84 84 85 84 83 84 83 84 83 83 83 83 83 83 84 84 84 83 85 83 84 86 85 86 86 85 84 84 84 86 86 85 84 87 85 83 84 85 84 84 84 84 85 84 84 84 84 83 83 85 84 84 84 84 84 83 83 84 83 83 83 84 84 83 83 83 83
80 81 79 80 81 81 82 80 82 82 82 83 81 81 82 81 82 82 83 83 83 84 84 85 84 84 83 83 83 83 84 84 84 84 84 84 84 84 84 84 84 85 84 85 85 85 84 85 85 85 85 86 85 86 85 83 85 85 85 85 83 84 84 83 84 84 84 83 84 84 84 84 83 83 83 83 83 83 83 84 83 83 83 82 83 83 83
80 80 80 80 80 80 80 82 82 80 81 81 81 81 81 82 82 82 82 82 84 83 85 85 85 83 83 81 82 83 83 81 83 83 84 84 84 83 84 83 84 85 84 85 86 85 84 83 84 84 83 85 85 84 85 83 83 85 84 84 83 83 84 83 84 83 84 84 84 83 84 84 83 83 84 83 83 83 83 83 83 82 83 82 82 82 83
79 79 79 79 80 80 81 80 83 82 82 81 81 80 81 81 82 82 85 85 82 84 84 85 85 82 81 81 82 81 82 82 83 84 83 83 83 82 83 83 83 83 85 84 85 84 83 84 83 83 83 84 85 84 84 83 83 83 83 84 83 83 83 83 84 82 84 83 84 84 83 83 84 82 83 83 82 83 83 83 82 82 82 83 -32768 -32768 -32768
78 80 80 79 80 80 81 80 82 81 82 82 82 80 80 80 82 81 82 83 82 83 83 85 86 81 82 82 82 81 82 82 82 82 82 83 83 84 83 83 83 84 84 83 84 85 84 85 84 84 84 82 83 83 83 82 82 82 84 84 84 84 84 82 83 82 83 83 82 84 83 83 83 83 84 82 82 82 83 82 83 -32768 -32768 -32768 -32768 -32768 -32768
77 78 78 80 80 81 79 81 82 81 80 82 82 82 81 82 81 80 83 82 82 81 82 82 82 82 81 82 82 82 81 82 82 83 81 83 81 83 83 82 84 83 82 83 84 82 84 83 84 84 84 85 82 83 82 82 83 84 82 84 82 84 84 84 83 83 82 82 83 82 82 83 82 82 83 82 82 82 82 -32768 -32768 -32768 -32768 -32768 -32768 -32768 -32768
77 77 78 78 78 80 80 82 80 83 81 80 82 81 80 80 80 81 80 80 81 81 82 83 82 82 82 81 82 82 82 82 81 81 82 82 82 81 82 82 82 82 85 81 84 83 82 84 84 82 84 82 84 84 84 85 84 82 82 82 84 82 84 83 84 81 81 83 83 83 82 82 82 82 82 -32768 -32768 -32768 -32768 -32768 -32768 -32768 -32768 -32768 -32768 -32768 -32768
78 77 77 78 78 79 80 78 79 79 80 80 80 81 79 80 81 81 80 80 80 80 82 80 82 82 81 81 82 82 81 81 82 81 82 82 82 81 81 82 83 83 83 82 81 82 82 85 85 84 82 82 82 84 85 84 82 82 82 84 82 83 82 82 81 81 81 82 82 82 82 82 82 82 -32768 -32768 -32768 -32768 -32768 -32768 -32768 -32768 -32768 -32768 -32768 -32768 -32768
78 77 77 77 77 78 80 80 80 80 79 80 80 81 79 79 81 80 80 81 81 82 82 81 82 82 82 81 81 81 81 82 82 81 82 81 82 82 82 82 82 82 82 81 82 82 83 85 83 85 82 82 84 82 84 82 82 82 82 83 81 82 83 81 82 82 82 82 -32768 -32768 -32768 -32768 -32768 -32768 -32768 -32768 -32768 -32768 -32768 -32768 -32768 -32768 -32768 -32768 -32768 -32768 -32768
