wc0.5/Cropped/bio7_28.asc
NCOLS 282 
NROWS 470 
XLLCORNER 79.525 
YLLCORNER 5.91666666666667 
CELLSIZE 0.00833333333333331 
NODATA_value -32768 
[rows 304 to 341 of 470, columns 87 to 173 of 282]
127 128 128 129 129 128 129 129 129 131 129 130 131 129 129 129 128 129 128 130 129 131 130 128 129 132 128 130 129 130 128 129 130 128 127 128 129 129 128 128 126 127 130 129 127 127 128 126 127 127 127 127 126 127 126 126 125 125 124 124 123 123 121 123 123 123 123 122 123 124 123 126 124 124 122 122 121 122 123 122 122 122 122 122 119 112 110
128 127 130 129 130 127 128 128 127 128 130 130 130 130 129 130 129 129 129 129 128 129 130 129 128 129 130 130 129 130 130 130 129 128 128 128 129 128 128 127 129 127 129 128 128 128 128 127 126 127 127 127 126 125 125 125 124 124 124 124 124 124 122 122 123 123 121 122 124 126 126 125 123 123 121 120 121 121 123 119 124 122 122 122 117 114 110
127 127 128 129 127 128 128 128 128 128 130 130 130 129 129 129 128 128 128 129 129 127 128 129 128 128 128 130 129 128 130 129 129 128 129 130 129 127 128 128 129 129 129 128 128 127 126 126 125 124 127 127 124 124 125 124 125 124 125 124 123 122 121 122 123 121 121 122 123 124 125 125 124 120 120 120 121 123 121 121 122 122 122 123 119 114 114
127 127 127 128 129 127 128 127 129 129 129 130 130 130 129 127 128 129 128 128 129 129 129 129 130 128 129 129 129 129 129 130 129 129 128 129 129 128 128 128 128 129 129 127 125 126 126 127 126 125 126 125 126 125 125 125 125 124 124 124 122 122 122 122 122 123 122 122 123 124 126 125 124 120 120 120 121 123 120 118 121 122 121 121 119 114 115
125 125 127 126 127 126 129 128 128 129 130 129 130 130 129 128 129 129 129 130 129 129 129 128 128 129 128 128 129 129 128 127 127 129 128 128 128 127 128 127 129 128 126 126 126 128 127 127 125 126 126 125 125 125 125 124 125 123 123 123 123 122 122 121 121 123 122 122 123 125 127 125 124 119 120 121 122 122 119 118 121 123 119 119 121 115 115
125 125 126 126 128 129 127 129 129 129 129 129 128 129 129 128 128 128 128 128 129 128 128 129 128 129 130 128 128 128 130 129 128 127 129 128 128 128 129 128 129 128 126 126 127 128 126 125 124 125 126 124 125 125 124 124 125 125 123 122 122 123 123 121 121 121 121 122 125 125 125 126 121 117 117 120 122 121 118 115 121 123 120 120 117 115 117
126 126 128 129 127 129 129 129 129 129 128 129 127 129 129 127 129 130 130 130 128 129 128 128 128 128 128 129 128 127 128 128 127 128 128 128 128 127 127 127 128 127 125 126 128 127 126 126 125 125 125 125 125 124 124 124 123 124 123 123 122 121 124 121 121 121 122 122 123 123 124 125 121 119 120 120 120 120 118 117 120 122 121 117 113 114 116
125 126 127 126 126 126 127 127 128 128 128 129 128 128 129 129 129 130 129 129 130 128 128 128 128 128 128 128 127 127 127 128 128 128 127 127 127 127 127 126 127 127 126 126 127 129 127 127 126 127 126 124 124 124 124 124 124 123 123 122 123 122 122 123 121 122 122 123 122 121 123 125 121 118 118 119 122 118 119 116 120 121 118 117 113 113 114
126 125 127 126 127 127 127 128 128 128 129 129 129 128 128 128 129 129 129 129 129 130 128 128 128 128 128 128 127 128 127 128 127 127 127 127 126 127 127 127 126 126 126 125 126 128 129 129 127 127 127 124 124 124 124 123 123 122 124 123 122 122 123 124 123 120 121 123 121 121 123 121 118 117 118 121 119 117 115 114 119 122 115 115 113 114 111
126 125 124 126 128 126 126 128 128 128 127 128 128 128 128 128 128 128 127 128 128 129 127 127 127 127 127 128 128 128 129 128 128 127 129 127 127 127 127 128 126 126 126 125 126 127 129 127 128 126 127 126 126 125 125 124 123 123 123 123 123 123 121 123 122 122 119 122 121 120 121 121 117 118 117 119 116 113 115 114 117 119 113 115 116 113 110
124 123 123 125 125 126 126 128 128 127 127 128 128 128 127 128 127 127 128 128 127 128 127 128 127 127 128 127 127 128 127 128 127 127 127 127 126 127 127 126 127 126 126 126 125 125 127 127 126 127 127 126 128 128 126 125 124 123 123 123 123 122 122 122 122 123 119 121 121 119 121 119 118 118 120 115 117 114 114 113 117 119 114 114 113 112 112
124 124 124 124 125 125 126 126 126 127 127 127 127 126 128 128 127 128 128 127 127 127 127 127 126 126 127 126 127 127 127 128 127 126 127 126 127 126 127 126 126 126 126 124 125 125 126 128 127 126 126 127 128 129 127 127 126 123 123 123 124 124 122 122 122 121 117 120 118 117 116 120 118 117 119 114 115 113 115 114 114 111 111 110 110 110 110
124 123 124 124 124 123 124 125 126 126 127 127 127 126 125 127 127 129 127 129 128 128 128 127 127 127 126 126 127 126 126 126 127 127 126 126 126 126 125 126 126 125 125 124 124 126 125 126 127 125 124 126 127 129 129 128 127 126 124 123 123 124 122 122 123 122 119 117 115 116 116 118 116 115 114 114 114 115 115 113 113 112 112 110 109 109 109
123 123 123 123 123 124 125 124 124 126 127 127 127 126 127 125 127 126 127 126 128 127 127 126 126 127 127 126 127 125 127 127 128 127 127 126 126 126 127 126 126 125 125 125 124 125 124 124 125 125 127 127 125 128 130 127 126 126 125 123 123 122 123 124 123 123 121 119 118 115 116 116 115 117 115 114 114 115 113 114 116 120 113 111 112 112 112
124 123 124 124 125 124 125 125 127 124 125 127 126 126 127 125 126 127 127 128 127 128 127 126 126 126 127 127 127 126 127 127 127 127 125 127 125 125 125 125 126 126 125 125 126 124 124 125 125 127 127 128 127 127 127 127 126 126 125 122 122 122 123 124 126 124 124 123 123 119 117 117 119 118 114 114 114 114 114 115 118 120 115 112 113 115 115
123 124 122 124 124 124 125 125 126 124 127 125 126 125 124 125 125 125 125 126 126 126 127 126 126 126 126 125 127 125 125 125 126 127 127 127 126 125 125 125 124 124 125 125 125 125 124 123 124 126 125 128 129 127 127 125 125 124 123 122 122 122 123 123 124 128 129 124 124 120 116 117 121 118 116 114 114 114 116 117 119 123 121 114 111 111 118
123 122 124 124 123 124 125 124 127 123 126 127 126 125 125 126 126 126 127 126 126 127 127 127 127 125 126 127 126 125 126 125 125 127 125 126 125 125 126 126 124 125 125 124 125 126 125 125 124 125 127 128 129 129 126 126 123 124 123 122 125 124 124 124 125 127 130 126 124 120 115 116 121 120 116 115 114 113 114 118 122 124 120 116 114 111 115
123 123 123 124 124 122 124 125 126 126 126 127 126 125 125 126 127 127 126 126 126 127 126 127 127 126 126 125 125 126 127 124 126 125 125 127 124 126 126 125 125 126 125 125 126 126 126 126 126 124 126 127 128 130 128 125 124 124 123 125 125 125 125 124 124 126 129 126 123 120 117 117 118 118 116 117 114 116 116 118 122 123 120 120 116 112 115
123 123 123 122 122 123 125 126 125 123 126 126 127 127 125 125 126 127 127 126 127 128 126 126 126 125 125 125 126 124 126 126 125 124 126 125 124 124 125 124 125 125 126 124 124 125 125 127 126 124 125 126 130 132 132 127 125 125 123 124 122 124 125 126 124 126 126 125 122 118 117 119 116 119 121 118 116 119 119 119 121 121 119 114 115 112 113
123 122 121 121 120 123 124 125 123 123 125 125 125 125 125 125 125 127 126 126 126 125 126 126 126 125 125 125 126 126 125 126 125 126 125 127 125 124 124 125 125 123 123 124 125 126 126 126 126 127 127 127 130 136 134 127 126 125 124 125 123 125 125 127 124 123 123 123 120 117 118 120 118 119 119 115 117 121 121 120 123 125 119 114 112 115 116
121 122 122 122 119 123 123 124 125 123 123 124 124 126 125 126 126 125 125 125 126 125 125 126 126 125 126 125 126 126 125 126 125 126 126 125 123 124 123 124 124 125 124 126 127 126 127 127 126 126 127 129 130 137 133 128 128 128 127 125 126 125 126 124 123 123 121 120 118 119 122 120 120 120 118 117 122 126 123 122 120 121 118 113 113 115 118
123 121 122 120 120 122 124 123 123 121 124 124 124 125 125 126 126 125 125 126 126 125 128 126 126 125 125 126 126 127 126 124 125 125 126 126 124 125 124 124 124 123 127 126 127 128 128 128 127 127 128 130 135 138 131 128 132 132 129 127 126 126 127 126 124 123 120 120 122 122 123 123 122 120 117 117 120 123 126 123 121 120 118 117 114 113 117
123 122 121 120 120 123 123 123 123 124 123 124 124 125 125 126 126 125 125 126 126 126 128 128 126 127 126 126 126 125 125 126 126 125 124 125 126 124 124 124 124 124 125 125 127 126 127 127 131 129 127 129 129 137 137 134 141 137 133 130 127 126 128 127 125 123 121 122 123 122 125 124 123 121 120 117 119 121 125 123 122 122 119 116 112 115 113
122 121 119 120 120 121 123 123 121 123 122 122 123 122 122 124 126 126 125 126 127 127 127 128 128 127 126 125 124 124 125 125 126 126 125 125 124 124 123 124 126 125 126 126 128 127 126 127 128 128 129 129 132 135 142 143 146 142 138 134 132 129 130 132 127 123 121 123 123 124 126 128 124 122 121 120 120 121 125 126 122 121 119 114 112 115 115
121 120 119 120 120 121 124 121 120 121 121 122 122 124 123 122 124 124 125 123 124 126 126 126 127 127 125 126 126 126 125 125 125 125 125 127 124 123 123 125 125 125 126 127 129 129 126 125 128 127 130 137 135 134 142 148 148 146 140 134 135 135 138 136 129 125 123 124 125 127 126 130 123 122 120 121 122 122 125 128 121 120 118 117 114 117 116
121 120 119 120 121 121 120 121 121 121 121 121 124 124 124 124 125 125 123 125 125 126 127 128 127 127 125 126 126 127 126 126 126 125 124 125 124 124 123 124 126 127 129 127 131 131 128 126 126 128 129 134 135 137 142 145 148 147 141 137 137 140 137 130 125 123 122 125 128 131 131 126 126 124 122 123 122 124 130 126 122 119 117 119 114 116 116
119 119 119 119 120 120 120 121 123 122 124 122 124 124 125 124 124 125 125 124 125 123 124 125 126 125 126 127 129 127 128 126 125 125 123 123 123 124 123 125 125 129 127 128 129 133 128 124 126 125 126 127 134 135 138 141 145 148 147 146 146 145 133 126 122 123 124 125 130 134 138 132 133 129 125 126 125 126 122 123 122 119 116 121 115 113 114
119 118 118 118 119 119 121 122 122 122 123 124 124 125 124 124 124 124 124 125 123 125 123 127 127 127 128 127 130 130 129 127 126 124 123 124 123 123 124 123 124 124 126 125 126 127 126 124 122 124 124 125 127 131 135 138 143 147 148 147 138 133 130 125 124 125 125 128 131 136 137 135 136 130 127 127 124 121 120 120 121 118 119 119 117 117 113
117 118 119 119 118 120 121 122 123 120 121 122 120 122 124 123 124 123 124 125 124 123 123 124 125 127 126 128 128 131 128 126 124 125 123 123 124 124 124 124 123 123 123 123 123 123 124 122 123 122 124 123 124 126 130 135 140 147 148 148 135 129 126 125 128 129 128 132 137 139 138 138 139 139 133 130 125 120 120 118 118 119 120 122 118 116 118
117 118 119 119 120 121 121 120 120 121 121 121 121 122 124 125 126 126 125 127 125 124 125 124 124 127 126 128 127 125 126 125 123 123 123 122 123 124 125 125 125 124 123 123 123 123 123 123 124 122 124 122 123 125 127 132 139 145 148 143 133 127 126 126 130 138 136 139 142 142 143 144 137 140 137 130 123 122 121 120 118 118 120 122 121 115 118
117 119 120 121 120 121 119 119 120 122 122 122 123 124 122 125 125 127 128 127 126 123 125 125 127 125 125 126 125 124 123 123 123 123 123 123 123 122 126 126 126 126 127 126 126 123 125 125 122 124 124 127 127 126 128 135 136 144 149 148 136 133 129 127 132 140 143 145 145 142 145 147 145 144 134 131 125 123 121 120 119 120 120 120 120 117 120
116 117 120 120 118 117 119 118 119 120 121 122 123 123 123 124 123 125 125 124 124 123 123 126 127 127 125 124 125 124 123 123 122 123 122 122 125 124 125 126 126 127 128 129 130 129 126 124 122 127 129 140 135 128 131 137 144 146 148 148 143 138 133 126 133 140 148 147 145 144 146 148 145 136 133 132 128 122 120 120 118 122 120 120 120 115 120
117 117 120 117 117 116 119 119 119 120 122 122 122 122 122 123 122 123 122 122 123 122 123 124 125 129 126 123 125 123 123 122 122 122 122 124 125 124 124 123 125 129 129 132 131 128 127 123 124 125 131 135 139 138 137 135 142 149 148 149 149 147 146 132 130 140 149 148 144 147 147 142 140 135 134 132 127 124 121 119 120 123 122 120 119 118 120
115 117 117 117 118 117 120 120 120 120 119 121 120 122 122 122 122 123 122 122 122 122 122 123 125 127 125 123 123 123 122 122 123 123 123 123 124 126 126 126 126 127 130 135 132 124 125 124 125 125 127 135 137 139 140 140 139 145 148 146 146 147 142 140 143 149 147 148 149 147 145 140 137 135 134 129 128 129 123 120 120 121 120 119 119 118 120
119 116 118 120 120 119 116 119 119 119 119 118 120 119 120 121 121 122 121 119 120 121 122 122 125 126 123 122 123 123 122 121 122 124 122 123 126 126 126 126 125 126 127 131 127 125 125 126 126 125 125 126 131 134 137 140 143 143 149 146 145 146 149 148 148 147 146 148 148 145 140 137 135 135 134 132 128 126 121 123 128 121 120 120 120 120 119
119 117 119 119 120 120 119 120 117 120 120 118 120 120 120 120 120 120 121 119 120 120 122 123 123 125 121 122 122 123 123 123 124 122 122 124 125 126 127 127 126 126 128 131 127 125 124 125 129 130 128 128 129 132 135 143 146 146 148 148 145 144 142 143 144 146 148 149 148 147 148 142 137 133 134 133 129 124 127 128 131 126 120 121 119 120 119
116 116 117 116 120 118 120 120 118 118 117 119 119 118 118 119 118 120 119 120 120 121 122 120 122 122 121 123 122 123 124 124 124 123 123 125 126 127 127 129 131 129 128 131 127 125 123 126 133 132 134 134 132 136 135 138 143 148 149 148 147 144 143 143 144 147 149 148 148 149 148 141 140 137 137 138 127 128 129 131 134 130 128 124 125 120 120
115 115 116 116 118 120 120 118 118 120 120 119 120 120 119 121 120 120 120 118 117 120 120 119 121 121 121 120 121 121 125 125 124 123 122 124 126 126 129 136 133 131 131 134 131 125 125 127 127 137 144 140 138 144 142 143 145 149 148 147 149 148 147 144 145 147 149 149 149 147 148 148 147 142 137 131 129 132 132 135 135 132 132 124 120 118 120
