wc0.5/Cropped/bio8_28.asc
NCOLS 282 
NROWS 470 
XLLCORNER 79.525 
YLLCORNER 5.91666666666667 
CELLSIZE 0.00833333333333331 
NODATA_value -32768 
[rows 342 to 379 of 470, columns 174 to 260 of 282]
229 218 213 208 215 216 207 203 223 225 226 222 216 219 216 208 203 193 194 203 219 228 214 203 199 199 213 214 226 234 244 241 242 244 247 248 248 243 244 241 243 242 238 233 247 247 247 247 247 248 250 248 249 249 249 249 249 248 251 251 253 253 253 253 252 252 252 252 253 252 253 253 254 254 254 254 255 255 253 254 253 253 253 254 253 255 255
227 218 208 208 211 217 214 216 218 213 226 218 203 215 218 215 209 202 182 203 216 224 217 205 197 203 222 219 226 239 244 242 244 247 248 248 248 245 246 240 241 242 239 235 246 247 247 247 246 247 249 250 250 250 250 250 249 249 251 251 253 253 253 253 253 253 252 252 252 253 254 254 253 254 255 255 255 255 255 254 255 253 254 255 254 255 255
220 211 200 201 203 215 217 218 211 214 218 223 210 209 207 210 201 198 200 211 209 218 221 210 196 209 222 229 233 243 245 244 246 249 250 248 247 247 247 245 241 236 240 233 242 248 248 247 246 241 243 247 250 251 251 250 249 249 250 250 251 253 253 253 253 252 251 252 252 252 254 253 253 253 253 253 254 254 255 255 255 254 253 255 254 255 256
211 205 197 196 198 216 218 216 211 217 219 218 219 202 190 195 190 196 206 215 216 218 211 203 196 197 216 219 227 236 244 240 246 250 250 248 247 246 248 245 242 236 240 246 247 249 248 244 245 240 242 242 248 250 250 251 250 249 250 251 252 252 252 252 254 252 252 253 253 253 252 253 249 253 253 255 255 255 255 255 256 255 254 254 255 254 255
201 201 197 197 206 208 215 215 209 207 214 218 212 206 193 176 166 194 203 207 211 217 204 198 204 215 211 217 224 236 241 243 246 246 251 250 249 247 243 242 241 241 238 246 248 249 247 245 245 246 240 243 248 250 251 251 251 250 251 252 252 253 253 253 254 253 253 253 252 253 253 244 251 252 253 254 254 254 255 254 256 255 255 254 254 255 254
197 195 195 197 212 198 210 219 210 202 205 217 216 209 198 180 165 186 201 208 211 214 213 215 213 223 217 219 234 238 241 243 246 248 250 250 252 247 247 243 241 242 247 248 248 249 247 243 245 246 245 244 248 250 251 251 251 250 251 252 254 254 251 253 254 254 254 254 254 253 253 252 252 252 253 254 254 254 254 255 256 255 256 255 256 256 256
196 196 195 197 200 196 204 216 215 200 201 209 209 206 200 185 163 169 188 203 208 204 211 225 221 229 224 221 236 238 243 244 247 249 250 251 250 248 244 247 246 245 248 249 249 248 247 246 244 247 248 244 244 243 250 252 252 251 252 253 252 254 253 254 254 254 255 254 254 253 253 253 252 253 253 254 253 254 255 254 255 253 255 256 255 255 255
193 194 198 198 196 195 192 211 209 214 208 204 203 197 191 190 183 173 183 201 202 200 209 217 231 232 231 231 237 237 243 243 249 248 249 248 245 247 245 248 246 246 248 249 249 248 248 228 246 247 249 248 248 245 252 252 252 252 252 253 251 254 254 254 254 253 254 255 254 254 252 253 253 253 254 254 255 254 255 255 256 255 256 255 255 256 255
194 195 199 195 195 192 193 195 200 207 211 205 202 189 175 174 179 187 199 201 198 203 215 217 225 235 236 232 236 239 240 244 246 245 248 247 249 248 247 249 242 243 247 250 249 238 229 216 229 248 248 250 250 250 251 251 252 252 251 252 252 253 253 253 253 253 254 255 254 254 254 253 253 252 254 255 254 255 255 255 255 255 256 255 255 255 255
194 195 196 195 194 189 191 192 196 201 212 212 204 195 185 176 186 195 199 211 212 202 215 223 226 233 238 235 235 238 238 244 244 246 249 248 251 248 248 249 243 245 247 250 241 232 223 206 218 236 249 250 250 251 252 252 252 251 250 252 251 252 252 253 253 253 254 254 255 254 254 254 254 253 253 254 255 255 255 255 256 255 254 256 255 256 255
194 194 194 198 199 201 198 197 201 208 210 205 207 198 199 187 178 196 204 209 217 217 214 219 227 233 237 237 236 239 239 242 243 246 248 251 252 253 249 250 244 246 249 251 244 234 231 201 204 209 234 250 251 251 252 252 251 251 252 250 249 252 252 253 253 253 254 254 255 254 254 254 254 253 254 254 255 256 256 256 256 256 255 255 256 255 257
198 192 192 195 200 207 206 208 209 208 208 201 205 203 202 186 182 188 199 200 208 225 226 218 228 239 239 238 236 243 238 242 245 245 248 249 250 252 248 247 244 246 249 250 250 233 235 226 211 202 239 250 250 252 250 250 246 251 252 250 251 251 253 252 253 252 254 253 254 254 254 255 255 254 255 254 255 256 256 256 256 256 256 256 256 255 257
197 191 188 186 193 195 200 209 206 203 207 201 202 207 206 186 184 187 188 190 208 219 226 233 229 234 238 239 240 244 243 243 247 247 249 248 251 253 248 248 246 248 250 250 249 237 238 231 223 201 223 247 250 252 238 250 240 249 251 250 249 252 253 253 253 252 254 254 254 254 254 254 255 254 255 255 255 255 256 256 256 256 256 256 256 255 256
195 193 190 187 191 195 206 199 203 206 202 203 203 203 197 194 186 194 194 202 212 223 225 233 236 237 243 242 244 245 245 247 247 248 249 245 249 247 249 252 246 249 249 251 250 250 238 231 220 201 229 246 251 239 240 250 251 251 250 250 243 250 253 254 253 253 254 255 254 254 255 255 255 255 255 256 256 256 256 256 255 256 255 255 256 256 255
197 195 193 189 188 206 203 200 202 220 209 213 212 199 199 187 182 196 205 211 216 220 226 232 237 241 238 241 243 244 245 247 248 247 243 246 246 244 249 252 249 249 249 250 251 249 234 231 226 207 233 248 251 245 250 250 251 250 249 250 248 247 253 254 255 254 254 255 255 254 255 255 255 255 256 256 256 255 256 255 255 256 255 254 255 255 255
199 199 194 192 196 204 199 196 199 202 228 227 215 207 205 196 181 196 206 216 219 217 225 238 234 239 236 239 242 242 244 248 248 248 243 242 242 243 254 253 247 247 250 250 251 249 244 237 233 228 241 248 249 249 250 250 250 250 250 251 251 252 253 253 255 254 254 255 255 255 255 255 255 255 255 254 255 255 255 255 255 255 255 256 255 256 255
196 196 196 195 202 197 198 197 194 213 234 236 231 219 216 208 199 207 213 217 232 234 232 236 233 235 235 238 241 244 247 248 250 248 242 239 235 245 255 254 249 248 249 251 252 250 248 247 246 238 249 249 248 249 250 251 251 251 251 251 252 252 253 253 253 254 254 254 255 254 254 255 255 254 255 253 254 255 255 254 254 255 255 254 255 256 256
195 195 195 196 197 198 195 196 198 210 212 226 244 230 232 217 210 213 214 225 237 241 237 241 236 235 236 239 242 246 252 253 253 252 240 233 247 247 255 250 249 247 247 250 250 251 250 249 250 250 250 248 249 249 251 250 252 252 251 252 251 251 252 253 253 253 254 254 254 254 254 254 254 255 254 253 254 254 254 253 254 254 255 254 255 255 255
198 195 194 194 190 192 194 195 203 201 209 222 234 241 238 231 228 224 217 228 237 244 250 244 244 236 237 242 247 247 252 251 254 252 247 248 251 249 256 250 249 248 246 251 251 252 251 250 251 251 250 249 249 248 250 251 252 252 252 253 252 253 253 253 254 254 254 253 254 253 254 254 254 254 253 254 255 255 254 253 253 254 254 255 254 255 256
198 193 190 188 190 186 188 196 201 203 208 216 225 237 245 236 240 233 233 236 228 240 251 241 245 236 241 252 252 252 253 254 254 253 241 250 251 249 256 256 250 249 250 251 251 252 252 252 251 251 251 250 251 248 251 252 252 252 252 253 253 253 254 255 254 254 254 254 254 254 255 254 254 255 254 254 255 255 255 254 254 254 255 255 255 255 255
195 191 189 185 177 175 192 198 197 193 196 222 231 239 251 246 242 241 245 245 247 246 252 249 245 235 243 253 252 253 254 253 254 252 239 249 251 255 257 257 255 249 250 245 250 251 251 252 251 250 251 252 251 250 251 251 251 251 252 252 253 253 253 254 254 255 255 254 255 255 255 255 254 255 255 255 255 255 255 254 254 254 254 255 255 255 255
188 188 182 177 163 173 187 197 188 183 199 214 233 239 243 248 251 246 247 248 249 246 248 253 242 239 250 253 253 253 255 254 255 254 239 249 255 256 256 256 255 254 248 246 241 249 253 252 251 252 251 251 251 246 251 252 250 251 251 252 252 252 254 254 255 254 255 255 255 255 255 255 255 255 255 255 255 255 255 255 255 255 255 255 255 255 255
181 169 169 160 160 163 176 184 187 189 217 230 238 244 248 250 251 248 247 248 247 249 253 253 251 254 254 253 254 253 254 255 255 254 233 255 256 257 256 256 255 254 248 241 240 243 251 252 252 252 251 251 251 249 249 251 249 250 250 252 252 252 253 253 254 255 254 255 255 255 255 255 255 255 256 256 255 256 255 256 255 255 255 255 255 255 255
173 176 177 175 161 162 162 183 188 198 214 221 238 243 252 249 251 249 249 247 248 253 251 254 254 255 254 254 254 250 254 254 255 250 237 255 256 257 256 250 255 254 249 242 236 236 251 254 253 251 252 252 252 252 251 252 251 249 251 249 248 248 253 253 254 254 255 255 255 255 255 255 255 255 256 257 256 256 255 255 255 255 255 255 256 255 255
178 186 190 180 173 169 184 187 186 199 209 215 237 245 253 246 252 249 245 249 245 249 253 254 255 254 254 254 254 254 255 254 255 255 248 255 256 256 257 257 249 255 252 250 237 240 252 254 253 252 252 253 251 253 253 252 251 250 250 246 247 252 254 254 254 254 255 254 255 255 255 255 255 255 255 255 256 256 256 256 256 256 256 256 256 256 256
182 192 203 185 182 178 197 192 194 190 204 227 236 245 253 245 253 247 242 248 252 253 254 254 255 254 255 255 255 255 256 255 255 255 252 243 255 257 257 256 255 256 251 250 242 252 252 252 252 252 252 252 252 252 252 252 251 250 251 250 251 253 253 253 254 254 255 254 254 254 255 255 254 255 255 255 255 256 256 256 257 256 256 257 256 257 256
189 204 218 201 197 209 203 198 198 189 206 229 243 249 254 253 253 247 247 253 252 254 255 255 254 255 255 255 255 256 255 256 256 255 250 254 257 257 257 257 257 255 251 251 251 251 252 254 253 253 253 252 251 252 254 253 251 250 250 251 252 253 253 253 254 252 254 254 254 254 256 254 253 254 255 255 255 256 256 256 256 256 256 256 257 257 256
213 225 219 209 208 213 206 207 200 198 208 234 239 251 254 254 253 251 253 253 253 250 255 255 255 255 255 255 255 255 256 256 256 256 252 252 257 257 257 257 255 256 252 253 252 253 253 253 253 253 252 251 251 254 253 252 253 251 252 252 253 253 253 253 252 252 252 254 253 254 255 254 254 254 255 255 255 256 256 257 256 256 256 256 256 256 256
224 228 229 223 216 219 212 214 208 207 220 238 241 249 254 254 254 250 247 254 254 254 254 256 255 255 255 255 255 255 256 256 256 256 255 255 257 257 257 257 257 252 252 252 253 253 253 254 255 253 253 252 250 254 253 252 253 252 251 252 252 253 252 252 252 253 253 253 253 255 254 254 254 254 255 255 255 256 256 256 256 256 256 256 256 257 257
236 233 236 233 228 228 220 217 218 221 227 243 241 249 254 254 254 254 248 254 254 254 255 256 256 256 256 256 255 255 256 256 257 256 246 248 257 258 258 256 256 255 252 252 253 252 252 253 254 254 254 253 252 253 254 253 252 253 245 252 251 252 252 252 251 250 254 254 252 253 254 254 254 255 255 255 255 256 256 256 257 256 256 256 256 256 256
241 238 238 229 229 233 233 227 225 224 234 241 247 252 254 255 255 255 254 255 255 254 255 256 256 256 257 257 255 256 256 256 256 256 256 250 257 258 258 258 256 252 256 253 252 252 253 253 252 253 254 255 253 254 252 251 252 253 253 252 252 251 252 253 252 253 255 254 253 254 253 254 255 255 255 255 255 255 255 255 257 257 256 255 255 256 256
244 243 237 235 236 240 237 236 234 239 242 243 248 255 254 255 255 255 254 255 256 256 255 255 256 257 256 256 256 256 256 257 257 256 253 256 256 258 258 259 256 256 254 254 252 252 252 252 252 252 253 254 254 253 252 250 252 253 253 253 252 252 252 252 254 255 252 255 254 253 253 254 255 255 255 254 255 255 256 255 256 255 256 255 255 255 255
241 239 238 236 232 235 241 240 237 238 242 244 248 249 253 255 256 256 244 255 256 255 256 256 256 256 257 256 256 256 257 257 257 257 255 251 256 258 256 258 258 258 254 252 249 253 254 253 253 253 253 253 254 253 251 251 253 254 253 253 252 250 253 253 254 254 254 254 254 255 254 254 254 254 255 255 253 254 255 255 255 255 255 255 254 254 254
233 236 230 232 230 230 237 241 240 242 240 246 249 251 255 255 256 253 242 251 255 256 256 256 256 256 256 257 256 256 257 258 258 257 256 242 255 257 257 255 259 259 253 252 254 254 255 254 254 254 253 253 254 253 251 249 253 254 254 250 253 251 251 253 253 255 255 255 254 254 253 253 253 254 254 255 253 254 254 255 255 255 254 255 254 254 255
226 237 244 234 230 230 232 237 242 242 247 246 247 250 256 256 256 256 239 243 256 257 256 256 256 256 257 257 257 257 257 258 258 258 257 253 256 256 255 252 254 258 259 254 254 254 254 254 254 254 254 254 255 254 253 252 254 254 253 248 254 252 252 253 254 254 255 256 254 255 255 254 254 253 254 254 254 253 253 254 254 256 254 255 255 255 254
244 242 245 240 237 233 236 239 244 244 246 250 253 254 256 256 256 256 255 252 256 256 256 255 255 256 257 257 257 257 257 257 258 258 258 257 254 256 256 256 257 256 259 253 254 253 251 253 254 254 254 255 255 253 253 252 255 254 253 241 254 253 253 254 254 254 254 255 255 255 255 255 255 254 254 253 253 254 254 253 254 253 255 255 256 256 255
241 246 246 243 242 240 236 245 245 246 249 254 255 254 255 256 256 256 256 256 257 257 256 255 253 256 257 257 257 258 257 258 258 258 258 255 253 256 256 255 256 258 258 253 252 253 253 253 253 254 254 255 255 254 253 253 254 254 252 246 254 254 254 254 254 254 256 256 255 255 255 255 255 255 255 254 254 255 254 253 255 255 255 255 256 256 255
246 246 249 251 246 245 246 245 246 249 250 248 255 255 255 256 257 256 256 256 257 257 257 256 256 256 257 257 258 258 258 258 258 258 258 258 256 256 256 256 258 258 258 257 253 254 253 253 253 253 254 254 255 254 254 254 255 255 254 253 254 254 254 253 252 253 253 254 254 255 255 256 255 255 255 255 254 254 255 254 254 255 256 256 256 256 255
