wc0.5/Cropped/bio8_28.asc
NCOLS 282 
NROWS 470 
XLLCORNER 79.525 
YLLCORNER 5.91666666666667 
CELLSIZE 0.00833333333333331 
NODATA_value -32768 
[rows 228 to 265 of 470, columns 87 to 173 of 282]
263 263 263 263 263 262 262 262 261 261 261 261 261 261 261 241 260 260 260 260 260 259 259 259 257 258 258 259 258 256 256 259 258 259 258 259 259 258 259 259 259 258 259 259 259 258 258 257 255 257 257 257 255 256 256 256 256 256 256 255 255 255 254 254 255 256 257 256 258 257 258 258 259 258 260 260 260 260 259 258 261 260 261 262 262 262 262
263 263 263 263 263 263 263 262 262 261 261 261 261 261 260 249 260 261 261 260 259 259 259 259 257 256 258 258 258 254 248 258 259 259 259 259 259 257 258 258 258 258 258 258 259 258 258 257 255 257 257 256 256 257 257 256 256 256 256 255 255 254 254 255 255 255 253 253 257 258 258 259 259 260 260 260 260 260 259 260 261 260 261 261 262 262 263
263 263 263 263 263 263 263 262 262 261 261 261 261 261 260 258 261 260 261 260 260 259 258 258 258 257 257 258 258 255 256 257 258 258 259 259 258 259 258 254 258 257 258 258 259 257 258 257 256 257 256 256 256 257 256 255 255 256 256 255 255 254 254 255 255 255 254 251 258 258 259 259 259 260 259 260 260 260 260 260 261 262 261 261 261 263 263
263 263 263 263 263 262 262 262 261 261 261 261 261 261 261 261 261 261 261 260 260 260 259 259 257 257 256 257 258 257 254 257 259 259 259 259 259 259 257 255 257 257 257 259 259 259 258 258 258 258 257 257 256 257 256 256 255 255 255 255 255 255 255 255 255 252 252 250 255 258 259 258 259 260 260 261 261 261 260 260 261 262 262 261 261 263 263
263 263 263 262 263 263 263 262 262 262 262 262 261 261 261 261 261 261 261 260 260 260 259 258 256 257 257 258 258 257 256 257 259 259 258 258 258 258 257 258 258 257 257 259 259 259 259 258 258 257 257 257 257 257 256 255 256 255 255 254 255 255 255 255 255 255 246 247 258 258 257 259 260 260 260 260 261 261 260 260 261 261 262 261 262 263 263
262 262 262 263 262 263 262 262 262 262 262 262 262 262 261 261 260 261 261 257 260 260 259 258 255 256 256 257 258 258 257 257 259 259 259 259 258 258 257 258 258 258 257 259 259 258 258 258 258 258 258 258 257 257 257 256 256 256 254 255 255 254 254 255 255 254 246 239 257 258 258 259 259 260 260 261 261 261 259 261 261 262 262 261 261 261 261
262 262 263 262 262 262 262 262 262 261 262 262 262 262 261 261 261 261 259 259 260 260 259 258 257 256 256 255 258 258 256 258 259 258 258 259 257 258 258 256 258 258 257 258 258 259 258 258 258 258 258 258 257 257 257 256 256 254 254 252 255 254 254 254 254 253 243 250 256 257 257 259 259 259 260 261 261 261 257 261 261 262 262 261 262 263 263
262 261 261 261 262 262 262 262 260 260 260 261 261 261 261 260 261 261 259 259 260 259 259 258 258 257 256 255 257 257 255 257 259 259 258 259 258 257 257 257 257 258 258 258 258 258 258 258 258 258 257 258 256 257 257 256 256 253 244 253 254 254 253 252 253 253 246 251 256 257 258 259 259 260 260 260 261 261 261 261 261 262 262 261 262 262 262
262 262 262 261 261 261 261 261 262 261 261 261 261 261 260 261 261 259 260 260 260 259 259 258 256 255 256 256 257 256 255 254 258 258 258 258 259 257 257 257 256 256 258 258 258 258 256 257 258 257 257 257 257 257 257 256 255 238 253 253 254 253 252 248 252 253 245 247 256 256 257 260 259 260 261 261 261 261 260 261 262 262 262 263 262 262 263
262 262 262 262 261 261 260 261 260 261 261 261 260 261 261 261 261 260 260 259 260 259 259 258 258 257 256 255 256 255 254 252 258 258 258 258 258 258 257 257 256 256 258 258 258 258 257 256 258 257 256 256 256 257 257 255 243 254 253 254 254 253 252 248 248 250 246 256 256 255 258 260 260 260 261 261 261 261 261 262 262 262 262 262 262 262 262
262 262 261 261 261 261 261 260 260 260 261 261 260 260 261 261 260 261 261 259 260 259 258 259 257 256 255 255 256 255 251 256 258 258 258 258 258 258 256 257 257 257 258 258 258 258 257 257 257 257 256 249 251 257 257 256 252 254 254 254 253 252 247 244 252 248 242 256 256 255 260 260 260 261 261 261 261 261 261 261 262 262 262 262 261 261 261
263 262 262 262 262 262 261 261 261 261 260 261 261 260 260 260 261 260 260 260 260 259 258 259 258 257 257 255 256 256 253 257 257 258 258 258 258 258 256 256 257 257 258 257 258 258 258 257 257 257 256 245 255 256 256 256 255 251 254 253 252 249 241 239 254 245 241 257 257 256 260 259 260 261 261 262 261 261 255 261 261 262 261 262 262 261 262
262 263 262 263 262 262 262 261 262 260 260 259 261 260 261 260 260 260 260 259 259 259 258 258 257 257 258 257 257 255 253 257 258 258 257 258 258 257 256 254 257 257 257 257 258 258 257 257 256 256 255 240 255 256 256 255 254 250 250 253 252 244 240 249 255 246 240 256 258 257 259 259 260 260 261 261 260 260 258 261 261 261 261 262 262 262 262
263 264 264 264 263 262 262 261 262 261 260 259 260 260 261 256 260 260 259 259 259 259 258 258 257 255 257 258 257 253 254 257 258 258 257 258 257 257 256 256 256 257 257 258 257 257 256 257 257 256 255 243 255 255 256 255 255 254 252 252 250 243 249 257 256 255 249 254 258 258 258 260 260 260 260 261 260 260 260 261 261 262 262 254 255 256 256
263 263 262 263 262 262 262 262 262 262 261 261 260 261 261 253 258 260 259 259 261 259 259 258 256 254 257 257 257 254 256 257 257 257 257 257 256 256 256 256 243 255 257 257 257 257 257 257 256 255 249 245 255 255 255 255 254 252 245 249 245 255 255 257 254 256 255 253 259 258 259 260 261 261 261 261 260 259 260 261 261 262 255 255 255 256 256
263 263 263 263 263 263 262 262 262 262 261 262 262 262 262 261 262 260 259 260 260 260 260 258 255 257 258 257 257 253 255 256 257 256 257 257 257 257 256 251 250 257 257 256 256 256 256 256 256 256 255 255 255 251 254 254 249 248 249 248 244 256 257 257 257 257 258 258 259 259 259 259 261 262 261 261 260 256 258 260 261 262 255 255 256 255 255
264 263 264 263 263 263 263 263 262 263 262 262 262 262 262 262 262 261 260 261 261 260 260 258 255 259 258 258 258 251 256 256 256 256 257 257 257 257 256 256 257 257 257 256 256 254 256 256 255 256 256 255 254 251 254 253 240 248 247 247 249 256 250 253 258 252 259 259 259 259 260 260 261 261 260 260 260 258 259 260 261 255 255 255 255 255 256
264 263 264 264 263 263 263 263 263 263 263 262 262 263 262 262 262 262 261 262 260 260 261 259 257 259 259 259 259 252 255 256 255 256 256 257 256 257 256 256 257 257 256 256 256 254 255 255 255 256 255 255 254 245 244 241 226 243 254 255 256 254 248 253 256 258 259 259 259 259 260 260 261 261 261 259 260 258 260 260 261 254 255 254 255 255 255
264 264 264 264 264 263 263 263 263 263 262 263 262 263 254 262 262 262 262 261 261 261 261 260 259 260 259 259 258 255 256 256 254 255 256 256 255 256 256 256 256 256 256 256 256 256 255 255 255 256 255 255 251 242 234 218 237 249 253 255 253 245 248 249 251 259 259 259 259 259 260 260 260 260 259 256 258 257 259 260 254 254 255 255 255 256 256
264 264 264 264 263 263 263 263 263 263 264 263 262 263 263 262 262 262 262 261 261 260 261 260 260 259 259 259 258 256 257 256 255 254 256 256 255 256 256 256 255 255 256 256 255 255 255 254 255 255 255 254 254 245 220 226 251 252 253 253 253 246 253 255 254 254 259 260 260 259 260 260 260 260 259 253 257 254 260 259 253 254 256 255 255 255 255
265 265 264 264 263 264 263 264 264 264 264 263 263 263 262 263 263 262 262 262 259 260 261 260 259 260 260 259 257 258 256 257 253 253 255 256 255 256 256 255 255 254 256 256 256 254 252 253 248 255 255 254 252 245 223 239 253 253 253 253 255 257 258 257 258 259 259 259 260 260 261 260 260 259 258 253 256 251 258 260 254 254 256 255 255 255 255
265 265 264 264 264 264 263 263 264 264 263 263 263 263 263 263 263 263 262 262 262 261 261 260 259 260 260 260 258 258 258 257 250 248 254 256 255 255 255 255 255 253 255 255 255 255 237 241 242 254 255 253 252 235 222 247 253 254 253 250 257 257 258 258 257 259 258 259 260 260 260 260 259 259 258 256 255 251 258 259 254 254 255 255 256 256 255
265 265 265 264 264 264 263 263 264 263 263 264 264 263 263 263 262 263 262 262 261 261 261 260 259 259 259 259 259 259 258 257 248 241 254 255 255 254 255 253 250 254 255 252 255 251 236 223 247 254 254 254 243 225 233 253 254 255 251 247 249 258 258 258 258 260 260 260 260 260 261 260 259 259 258 255 250 256 260 259 254 254 255 254 255 255 255
265 265 264 264 264 264 263 264 264 263 263 264 263 263 263 263 263 263 263 262 261 262 261 261 256 259 259 257 258 258 258 256 250 245 242 255 254 255 254 254 246 254 253 252 247 242 248 243 250 254 253 252 250 234 240 251 254 255 246 251 256 257 258 259 259 259 259 260 260 260 261 261 260 259 253 255 245 253 254 260 254 254 254 255 254 255 255
265 265 265 265 264 264 264 264 264 263 264 264 263 263 263 263 263 263 261 262 262 261 261 262 261 260 260 259 257 258 257 256 257 251 247 254 254 253 245 248 245 249 249 251 246 243 241 248 251 252 250 251 251 233 245 254 255 255 250 255 251 255 258 259 258 259 258 258 260 260 261 260 259 259 258 256 239 250 256 253 254 254 254 254 254 256 255
265 265 265 265 263 264 264 264 263 264 264 264 264 263 262 263 261 262 262 262 262 262 261 261 261 261 260 261 258 260 259 258 256 256 248 255 255 248 243 243 244 245 247 247 243 244 233 248 249 250 249 251 251 240 252 254 255 255 244 246 250 256 259 258 258 259 259 258 259 260 261 260 260 259 258 258 253 258 259 260 255 255 254 255 255 255 256
264 264 265 265 265 264 264 264 264 264 264 264 264 264 263 263 262 261 262 263 261 262 262 262 261 261 261 261 259 260 258 252 248 244 245 253 254 245 244 244 244 243 243 246 242 243 237 248 249 247 248 253 252 241 252 255 256 255 252 247 250 256 258 258 258 259 258 259 259 259 260 260 260 257 258 255 256 258 259 260 254 254 255 255 255 256 256
264 263 264 265 265 265 265 264 264 263 264 264 264 263 262 263 262 261 263 263 262 262 262 262 262 261 261 260 258 258 259 256 246 239 248 250 252 244 245 244 244 243 244 245 245 244 240 248 250 249 249 252 248 238 251 255 256 255 253 250 247 254 258 258 258 258 258 258 258 259 260 260 260 259 257 256 253 258 259 260 255 254 255 254 255 255 255
264 264 265 265 265 263 264 263 264 264 264 264 264 264 262 263 262 263 263 262 262 262 262 262 262 261 261 260 259 256 257 252 254 250 253 252 254 245 245 245 245 243 245 244 243 239 234 248 249 250 242 253 252 251 254 256 256 256 255 256 258 258 257 254 256 257 257 257 258 259 259 260 260 258 256 249 247 259 259 260 254 255 255 254 255 255 255
264 264 264 265 265 265 264 264 263 264 264 264 264 264 263 263 262 263 262 263 262 262 262 262 261 260 260 260 259 257 258 258 258 254 256 254 254 247 244 245 246 244 246 246 244 244 243 250 250 251 240 253 254 254 252 256 257 257 257 256 259 258 253 252 253 254 255 257 258 258 259 259 259 258 258 251 255 259 260 261 254 255 254 255 255 255 255
264 264 264 265 264 264 265 264 263 263 264 263 263 264 264 263 263 263 262 262 262 262 262 262 260 261 260 260 259 258 259 258 258 258 256 255 255 247 247 245 244 245 246 246 245 246 252 252 251 252 242 244 253 255 255 257 252 256 258 257 257 257 255 252 250 254 255 257 259 259 259 259 260 258 256 256 259 259 260 260 254 255 255 255 255 254 255
263 263 264 264 265 264 265 264 264 263 263 263 263 263 263 263 263 263 262 262 261 261 262 262 262 261 257 260 259 258 259 258 258 256 254 255 255 252 253 244 245 246 245 245 245 247 252 253 253 253 248 246 250 254 256 257 250 254 258 258 258 258 256 246 246 256 257 257 258 258 259 259 260 258 257 237 258 259 259 260 255 255 255 256 255 255 255
264 263 264 264 265 264 264 265 264 264 263 263 263 263 263 263 262 263 262 262 261 261 261 261 261 261 257 259 259 260 259 258 258 257 255 257 255 256 247 243 245 245 244 243 246 243 251 252 253 253 254 255 255 254 256 255 252 255 256 255 256 258 257 248 242 254 257 257 258 259 259 259 259 255 255 249 257 259 260 260 254 254 254 256 255 255 255
263 263 264 264 265 264 264 264 265 264 263 263 263 263 263 263 262 263 262 263 263 262 262 261 261 261 260 258 260 260 260 259 259 259 258 257 255 247 246 243 244 241 245 244 246 243 249 251 253 253 251 255 256 255 254 256 251 253 256 253 256 258 257 253 245 256 257 258 258 259 259 259 259 255 250 249 256 257 259 260 254 256 255 255 255 255 255
263 263 264 264 265 265 263 264 264 263 263 263 262 263 263 263 261 252 256 262 263 261 261 261 261 261 260 260 260 260 260 258 258 258 257 257 254 244 242 243 242 244 245 246 246 242 247 250 253 251 247 255 256 251 253 255 252 256 255 246 255 258 257 252 246 255 257 257 258 259 259 259 258 257 250 247 253 260 259 253 254 255 255 256 256 256 255
263 263 263 264 265 265 263 263 264 264 263 263 263 263 263 263 262 260 259 247 262 262 262 261 261 260 260 260 260 260 259 259 258 257 257 255 255 248 244 244 242 243 245 246 244 245 247 247 249 253 249 254 249 243 249 250 251 254 254 249 244 255 257 252 244 249 255 257 258 258 259 259 258 256 251 250 255 259 259 260 254 255 255 255 256 256 256
263 263 263 264 264 265 264 263 263 263 264 264 263 264 263 263 263 261 259 258 257 263 261 261 262 261 260 260 260 260 259 259 258 258 255 249 257 241 243 240 244 243 245 245 243 247 247 248 252 252 248 248 244 237 223 235 253 253 254 248 239 254 255 255 236 249 252 257 259 259 258 259 258 257 250 252 257 258 261 260 254 254 255 255 255 257 256
262 263 263 264 265 265 264 258 261 264 263 263 263 264 264 263 263 262 257 245 261 261 263 258 260 261 260 260 260 259 259 258 257 255 254 247 255 239 234 227 241 245 245 244 243 248 248 251 253 253 248 245 245 244 235 224 249 247 249 246 237 256 255 251 240 242 248 255 257 259 258 258 257 255 248 252 256 259 259 260 255 255 255 255 256 256 256
