wc0.5/Cropped/bio8_28.asc
NCOLS 282 
NROWS 470 
XLLCORNER 79.525 
YLLCORNER 5.91666666666667 
CELLSIZE 0.00833333333333331 
NODATA_value -32768 
[rows 304 to 341 of 470, columns 87 to 173 of 282]
268 265 264 262 264 263 268 266 268 262 263 260 262 265 265 266 267 266 266 264 265 259 259 264 263 245 224 233 235 235 235 232 232 236 226 235 237 237 235 236 233 232 241 239 237 236 239 235 241 238 241 239 240 240 240 239 239 237 236 240 243 244 241 234 225 223 235 237 230 221 220 211 213 217 226 231 226 222 215 222 213 218 212 214 233 252 253
265 266 263 260 264 267 266 268 267 267 261 259 261 264 264 264 268 266 265 268 267 264 262 262 264 264 245 238 236 236 236 237 238 236 237 236 238 237 234 232 240 231 240 240 237 239 239 238 232 240 242 240 240 240 242 240 240 237 237 237 239 239 242 243 231 231 235 235 227 211 204 204 219 224 235 233 230 226 215 229 208 214 209 210 236 250 250
267 268 266 263 264 264 265 266 266 265 259 256 261 262 264 265 268 266 264 263 264 265 266 262 263 264 263 244 235 236 237 238 237 239 238 237 238 237 238 235 241 240 240 239 240 234 229 227 232 232 243 241 240 240 241 241 241 238 236 240 239 239 240 242 237 241 240 238 230 216 211 208 218 235 238 232 229 213 222 232 217 214 220 215 233 249 251
269 267 267 264 264 264 264 268 262 263 261 256 256 257 263 267 265 264 263 264 259 260 260 259 257 263 259 245 242 236 236 236 238 238 238 238 238 238 238 236 238 240 240 239 231 226 223 216 229 236 238 236 241 243 242 242 242 240 237 237 241 239 238 242 243 228 234 237 225 213 203 205 218 234 241 234 225 215 227 237 221 213 222 221 228 248 246
268 268 267 267 268 268 260 261 262 261 257 255 256 255 265 267 265 264 263 261 255 258 260 261 260 259 257 258 250 243 230 231 232 238 239 239 238 237 239 238 239 240 235 234 228 215 216 214 224 230 235 239 240 238 238 240 243 242 240 240 241 239 240 240 241 231 237 232 227 210 200 206 215 239 238 230 224 221 232 240 221 208 227 228 223 243 245
269 268 267 264 261 263 267 262 261 263 260 260 259 262 265 267 266 263 266 265 260 260 261 260 260 258 254 259 258 247 242 242 234 232 238 237 238 238 238 239 240 240 235 229 224 209 221 228 233 237 238 236 240 237 235 235 229 242 242 242 242 232 240 242 242 241 239 228 214 215 207 206 233 246 241 231 223 223 238 246 222 215 228 227 237 245 234
265 267 263 261 261 262 261 257 260 258 261 262 262 262 262 262 259 256 255 256 258 257 259 260 259 260 260 260 259 258 255 236 233 235 238 236 238 238 237 237 240 240 229 221 215 209 218 225 228 229 228 234 238 234 235 235 237 239 238 243 243 241 231 240 243 237 233 230 217 221 212 208 230 242 241 234 229 232 239 244 228 215 226 237 250 250 238
265 268 261 263 265 265 264 262 259 257 258 261 260 260 259 257 254 255 254 254 254 256 259 260 259 259 259 258 255 258 256 256 235 236 237 233 236 236 237 236 238 239 232 218 209 202 209 218 221 218 223 230 232 234 235 239 239 238 243 239 234 240 235 232 242 237 236 226 227 231 217 208 234 246 240 232 227 244 240 244 230 216 235 242 248 250 245
264 266 265 265 261 261 261 261 259 257 257 260 261 261 260 256 253 253 254 254 253 256 258 259 260 260 260 259 256 259 257 253 250 240 240 241 229 236 237 236 238 239 241 225 219 206 199 206 213 209 210 222 226 234 235 237 237 236 233 235 233 236 235 222 233 245 240 229 239 236 221 231 246 248 241 227 237 242 249 248 235 216 243 244 251 246 253
261 268 265 263 261 263 263 260 257 257 257 259 261 259 260 260 259 258 256 256 257 256 259 259 260 259 259 259 258 244 247 247 238 242 243 233 235 238 238 238 238 239 240 233 224 217 201 209 206 210 208 213 224 224 225 231 235 237 234 233 234 236 242 232 231 235 246 234 239 242 233 226 248 246 243 239 246 253 250 252 239 229 249 245 243 252 251
265 268 268 267 265 262 261 259 259 255 257 258 260 260 259 259 254 258 255 254 257 256 257 257 260 259 258 258 258 251 240 249 238 238 239 238 237 241 241 241 238 240 241 239 230 223 210 205 214 214 215 212 203 204 217 223 228 234 235 230 228 232 234 231 227 226 245 236 238 242 238 242 247 244 234 253 243 253 253 253 242 234 252 251 251 257 252
265 267 265 265 263 262 263 259 263 260 257 258 259 261 263 259 254 250 250 253 256 255 255 257 259 258 259 259 258 257 249 248 241 235 240 237 238 238 241 242 241 242 241 234 234 230 227 210 213 221 220 217 203 197 207 206 212 226 233 232 226 222 233 230 226 236 252 241 248 246 253 241 247 246 237 253 253 253 253 253 254 257 258 257 258 256 251
264 269 266 268 268 268 268 261 266 260 254 256 258 261 261 260 254 244 228 243 252 250 248 256 257 258 256 258 258 259 252 237 240 240 234 235 237 238 238 241 242 241 243 237 233 230 225 216 213 220 219 219 209 199 193 202 210 217 225 230 230 231 230 228 226 231 244 250 254 252 253 246 252 252 253 253 252 253 253 253 253 257 254 257 258 259 254
268 269 269 268 266 268 265 268 268 263 255 254 257 259 256 264 254 250 236 232 243 242 241 249 258 257 258 257 257 257 258 241 244 240 235 224 238 236 241 239 240 242 243 239 228 231 229 228 224 220 214 214 212 205 197 203 207 211 218 227 231 233 225 222 221 220 234 241 249 253 250 252 254 250 250 253 253 253 251 253 242 230 248 255 250 253 253
264 263 265 265 263 266 262 261 261 266 261 257 259 264 258 261 257 254 251 244 245 251 254 258 257 259 258 257 255 256 257 256 249 251 233 225 235 233 239 244 244 243 241 231 228 228 229 230 224 213 209 200 209 207 206 211 212 211 215 229 230 230 227 219 212 218 218 225 221 243 244 249 234 240 251 253 253 253 253 249 237 226 243 253 253 241 243
261 264 265 263 267 266 263 257 256 265 256 264 259 264 264 261 261 264 260 256 255 257 257 256 259 258 258 257 255 256 256 257 255 252 244 224 242 238 243 243 241 238 236 227 224 222 225 227 227 214 213 204 197 207 211 217 217 221 227 230 225 224 228 220 214 196 187 207 214 234 248 246 228 238 247 252 253 253 248 241 227 211 221 242 255 254 231
263 266 265 261 267 265 259 256 253 264 256 253 257 262 259 254 254 256 255 254 246 243 255 248 256 257 256 255 255 255 254 257 257 247 245 223 241 243 242 243 239 233 227 224 222 217 219 222 226 221 211 201 194 196 210 216 222 225 230 224 215 214 217 218 209 194 185 203 214 237 250 247 233 235 245 250 253 253 248 238 214 204 224 239 245 252 244
262 264 264 265 264 268 257 257 256 256 255 250 253 257 258 256 255 249 254 253 241 227 233 239 254 258 258 256 256 253 249 241 250 238 229 215 238 243 243 242 236 223 215 219 218 217 217 211 218 223 218 205 195 190 204 213 221 223 228 223 216 210 207 215 209 203 188 204 220 236 247 244 239 241 247 241 253 247 247 232 213 205 221 224 240 253 239
262 261 264 268 269 262 253 251 258 260 254 253 250 251 258 258 255 252 252 251 239 217 230 236 255 258 258 257 257 258 250 231 237 235 232 234 238 241 242 242 235 225 218 224 227 221 216 206 209 218 217 206 195 186 186 206 214 219 225 219 225 216 209 205 211 205 201 209 221 241 247 241 243 235 229 240 245 230 230 230 212 213 234 242 244 251 243
262 266 267 269 269 262 257 259 261 266 258 257 256 259 258 258 256 251 246 249 250 227 228 251 251 256 258 256 256 239 243 228 230 231 222 219 223 241 240 241 236 235 233 225 217 217 211 214 211 205 207 203 192 181 185 201 209 212 217 213 218 213 211 209 214 217 219 219 232 243 242 229 239 236 237 249 238 217 216 227 210 202 228 245 250 243 239
265 266 263 269 269 263 262 259 254 266 261 260 256 252 254 253 253 259 255 251 244 228 228 231 225 245 251 251 225 224 230 227 231 221 228 222 232 241 238 241 237 231 220 211 206 205 206 207 210 208 202 197 190 177 184 197 196 196 202 208 209 209 201 209 215 219 229 232 241 241 226 230 233 230 239 235 220 201 204 213 219 212 233 248 249 243 234
257 263 266 269 269 265 257 260 260 267 260 255 257 251 251 254 248 233 250 230 225 225 213 219 223 224 226 250 251 214 227 235 227 221 227 222 235 240 236 235 239 235 216 210 208 203 204 204 208 209 204 190 183 174 186 195 185 184 193 200 204 203 202 200 210 221 232 235 225 221 212 212 222 229 241 237 224 207 200 209 219 220 233 237 244 248 235
259 259 265 269 269 258 259 261 259 255 262 258 255 250 255 252 254 232 227 222 219 219 213 217 223 215 221 223 233 228 226 225 225 226 228 227 223 238 236 234 229 231 223 216 215 213 207 202 193 198 202 198 195 178 178 180 170 174 184 191 198 200 196 199 204 220 230 224 217 217 203 201 213 222 229 237 228 214 202 201 213 213 230 237 248 244 245
261 260 269 269 269 264 257 259 265 264 268 260 259 264 266 255 252 250 242 219 216 214 213 215 217 216 217 225 230 231 226 226 227 219 231 226 246 246 235 228 218 223 219 211 204 211 211 203 200 195 195 193 187 180 169 167 160 169 175 181 184 191 185 183 194 214 229 217 212 206 197 186 207 214 219 231 227 215 203 198 207 215 230 242 247 239 240
261 266 269 269 268 267 255 262 268 265 269 267 267 259 265 262 259 258 251 243 229 223 220 213 219 218 226 223 223 223 228 226 226 226 231 216 244 237 236 223 215 216 211 209 200 197 208 207 203 200 189 179 184 182 169 158 154 161 171 181 180 180 175 177 193 206 220 211 205 196 197 184 208 216 222 223 217 206 196 186 211 224 234 234 244 234 237
260 266 269 267 267 265 269 267 263 263 262 266 259 252 242 251 257 244 243 225 221 222 219 217 219 213 221 218 219 219 221 223 222 226 228 225 235 231 234 229 213 209 206 206 192 188 204 210 208 204 198 181 181 189 169 165 155 159 170 175 175 170 176 184 206 221 218 204 195 183 183 198 197 207 212 211 211 206 184 188 206 225 237 228 245 237 239
268 269 269 267 267 269 269 261 257 260 259 258 257 243 225 242 248 237 236 250 240 241 243 222 224 221 215 214 213 217 210 214 218 227 231 245 244 242 234 227 213 206 205 195 198 185 205 218 211 208 205 199 181 180 187 170 163 153 161 162 162 165 181 203 215 216 211 202 184 180 174 178 178 185 203 199 199 196 206 201 207 228 238 220 240 243 242
268 270 269 268 269 268 265 258 256 258 255 259 256 249 238 252 250 254 251 252 243 245 242 217 214 214 215 218 202 210 206 217 222 228 240 244 242 231 226 234 226 216 211 213 210 209 215 220 231 217 215 210 203 189 192 187 168 160 154 161 174 181 190 206 212 205 204 193 182 176 176 177 175 183 194 194 201 216 219 222 218 230 229 217 236 233 245
269 270 269 269 268 267 263 260 256 266 264 261 263 258 257 254 247 246 243 219 226 239 239 227 221 220 218 214 217 201 214 216 224 226 242 243 243 228 218 226 232 232 229 232 230 232 230 230 223 225 224 221 214 204 189 183 172 161 154 154 180 193 201 208 194 192 193 182 175 171 174 174 172 172 177 185 200 217 221 229 229 230 220 209 232 236 234
269 267 266 266 262 265 263 264 264 264 260 263 263 263 247 224 227 223 220 220 222 234 225 227 224 216 215 214 220 219 220 223 229 243 243 242 241 230 217 218 216 226 220 231 229 229 223 221 220 231 221 222 219 211 197 186 185 165 155 168 183 195 201 201 189 174 179 173 168 168 166 165 176 170 175 183 204 212 214 213 231 227 224 209 220 240 233
269 264 261 261 260 262 264 268 262 259 259 263 259 249 239 227 229 219 212 220 222 242 224 225 223 219 224 218 220 227 242 244 245 245 245 231 228 231 215 210 210 209 209 209 211 215 209 211 221 221 215 205 202 205 194 183 186 167 158 158 180 185 192 199 183 170 168 165 165 168 164 156 163 165 178 182 197 203 211 215 227 219 212 212 221 235 223
269 269 259 263 264 269 265 268 264 262 262 264 246 243 242 232 242 232 233 232 232 245 244 227 218 218 221 226 222 228 242 243 243 243 240 239 221 227 216 211 212 206 203 200 190 193 206 216 222 208 193 179 194 197 190 184 167 164 161 161 167 173 183 196 184 171 159 161 165 165 162 157 163 176 179 180 184 214 217 218 223 207 214 207 216 238 215
268 268 259 268 268 269 268 268 264 263 263 258 253 252 246 243 248 242 250 255 245 252 250 234 220 209 224 236 218 240 244 243 242 243 240 226 216 220 224 223 213 212 204 197 200 202 205 216 218 208 188 188 179 183 187 188 180 154 154 158 159 162 163 187 191 171 155 157 165 161 161 167 170 178 177 178 193 201 215 220 215 200 203 220 223 231 216
269 268 266 267 266 268 262 265 262 271 265 265 261 259 256 257 254 256 259 266 267 260 256 249 220 215 225 238 240 241 243 242 241 238 240 240 224 212 215 218 215 211 203 194 202 215 217 213 214 210 199 196 185 179 178 180 181 165 153 141 145 149 170 173 168 158 150 152 156 161 164 170 176 178 176 183 184 183 205 218 213 205 213 221 229 232 218
270 268 270 266 271 263 268 265 266 265 267 265 272 263 266 265 266 265 263 266 268 259 258 245 222 216 236 238 241 243 241 239 236 236 239 222 218 220 212 218 213 209 210 202 207 216 218 207 206 209 209 198 186 196 184 183 178 168 158 145 139 144 157 151 149 145 148 150 154 164 172 174 177 178 180 179 190 196 211 202 184 201 214 216 217 221 228
263 268 263 264 270 271 273 263 268 266 267 264 259 272 268 266 264 267 266 266 268 263 252 251 238 229 244 235 242 241 236 225 224 237 226 218 220 218 218 215 217 217 208 200 211 214 215 212 190 192 195 195 192 184 194 178 163 163 161 150 139 136 133 132 136 145 151 154 154 161 160 169 176 181 176 177 184 198 193 184 179 195 209 211 211 217 225
275 269 264 269 269 271 270 271 266 265 265 266 266 266 266 266 267 267 267 266 269 263 252 260 253 248 253 253 238 237 224 220 223 237 236 220 215 217 212 209 201 207 207 200 206 214 216 207 198 189 195 194 185 195 187 182 179 161 155 153 149 138 136 131 136 150 153 153 155 154 154 169 171 174 174 173 193 191 190 180 179 183 183 195 193 209 220
279 268 277 269 275 269 264 272 274 267 268 268 267 267 273 259 260 266 269 266 267 263 265 266 264 261 258 260 249 240 223 220 220 225 226 222 215 215 205 189 196 202 201 196 204 214 213 205 201 184 177 178 183 176 181 178 166 160 148 146 153 151 145 140 141 147 155 155 154 150 154 157 159 167 175 181 183 180 178 177 178 178 179 198 210 215 221
