wc0.5/Cropped/bio8_28.asc
NCOLS 282 
NROWS 470 
XLLCORNER 79.525 
YLLCORNER 5.91666666666667 
CELLSIZE 0.00833333333333331 
NODATA_value -32768 
[rows 418 to 455 of 470, columns 87 to 173 of 282]
265 269 265 263 266 260 270 269 271 274 274 272 268 267 269 270 267 268 268 271 271 260 243 247 241 236 241 245 250 250 247 239 235 238 240 244 244 244 239 240 241 236 236 223 228 231 231 240 238 233 231 238 243 250 253 257 253 253 259 259 257 256 259 259 257 258 259 260 261 260 261 261 263 263 263 263 263 263 264 263 263 263 263 263 263 262 262
271 268 271 263 259 260 267 269 272 271 274 274 272 268 268 268 269 264 247 266 270 270 265 263 243 238 237 232 245 245 246 246 244 244 244 239 239 242 241 236 226 224 232 237 240 243 241 242 241 245 244 242 237 239 236 248 257 253 259 258 260 260 259 259 259 259 256 259 261 261 262 262 263 263 262 262 263 263 264 264 263 263 263 263 263 262 261
274 271 270 262 263 258 244 271 273 271 268 273 271 268 266 266 268 264 248 237 266 271 270 267 265 241 232 230 232 243 244 242 244 244 234 235 240 248 242 237 237 239 244 248 246 245 245 243 244 245 244 243 243 242 242 246 253 256 255 258 259 259 259 259 259 260 259 259 260 260 262 261 262 262 263 263 264 263 264 264 263 263 263 263 263 262 262
273 266 267 268 264 264 263 274 273 270 267 272 274 267 264 264 266 264 261 249 262 268 269 271 268 250 225 227 229 237 240 245 244 235 233 253 255 254 246 243 237 248 248 247 246 246 243 245 245 245 239 241 239 234 240 245 250 257 257 258 259 258 258 260 260 260 259 261 261 261 261 262 263 263 263 263 263 264 264 264 264 264 263 263 263 262 263
271 265 264 266 267 266 266 274 274 271 264 263 272 274 264 260 264 267 266 266 264 263 261 252 239 247 243 232 229 236 239 244 244 241 244 257 256 255 247 246 248 246 246 249 245 246 245 244 245 244 245 244 243 240 246 251 255 257 257 251 253 258 257 256 259 259 260 260 261 262 262 262 263 263 263 263 263 263 263 264 264 264 263 262 263 263 262
272 269 266 270 265 265 266 273 274 272 273 266 265 272 269 263 265 268 267 267 268 265 249 249 251 252 244 240 242 241 239 243 244 233 245 258 256 248 248 247 246 246 250 247 242 245 246 245 239 234 234 237 245 240 244 253 252 256 251 247 248 258 257 258 257 259 259 261 262 262 262 262 263 262 262 262 262 263 263 264 264 263 263 263 263 262 263
273 274 268 268 269 266 266 273 274 273 269 266 265 266 272 268 266 268 268 269 269 267 266 242 251 269 269 250 236 243 243 243 235 239 253 258 258 257 253 249 248 250 250 246 244 244 246 244 248 251 250 246 253 254 255 254 253 253 254 253 256 257 257 258 258 260 260 261 262 260 260 262 262 262 262 262 262 262 263 264 264 264 263 263 264 264 264
274 274 271 267 267 264 261 272 274 271 263 267 264 260 261 273 273 273 269 267 271 266 269 265 254 264 269 268 252 243 238 233 234 243 246 258 258 258 257 252 250 251 251 245 244 245 245 240 246 246 245 258 257 259 254 251 253 256 257 256 256 257 258 259 259 259 259 261 260 261 260 261 261 261 262 262 263 263 264 264 264 264 264 264 264 263 263
273 274 273 273 271 266 267 274 274 265 267 263 249 247 250 262 273 271 272 268 271 272 269 268 269 269 254 270 270 254 252 232 247 254 257 258 258 258 255 252 251 252 250 246 247 245 245 231 239 240 250 254 258 259 258 257 256 257 257 256 257 258 258 259 259 259 258 260 260 260 261 261 262 262 262 262 262 262 263 263 263 264 264 264 263 263 263
273 272 273 273 273 268 250 263 273 267 241 263 253 251 253 263 271 272 272 273 268 269 269 266 268 269 271 267 269 260 260 256 256 258 258 256 257 257 254 250 253 252 250 246 246 248 248 239 244 254 258 259 258 259 258 257 259 258 258 258 256 257 257 257 258 258 259 260 260 261 262 261 262 262 262 262 262 262 263 263 264 264 264 264 264 263 263
274 274 273 272 273 273 264 253 273 272 252 248 266 263 265 254 264 271 272 272 268 268 253 255 254 269 258 269 271 260 259 260 257 251 249 251 252 250 251 248 255 252 252 250 250 249 243 244 248 258 259 258 259 258 258 257 259 259 258 258 257 258 257 256 257 259 259 260 260 260 261 261 261 262 263 262 262 262 262 263 263 264 264 265 264 263 263
274 274 273 273 272 273 273 251 273 273 269 266 264 254 254 254 266 266 255 271 272 268 256 254 254 269 269 269 270 259 257 258 253 247 242 247 251 246 246 250 255 253 252 250 249 237 221 237 256 258 258 258 259 258 258 258 259 259 256 258 257 259 258 255 257 259 259 259 260 260 260 261 262 262 263 263 263 262 263 263 263 264 265 265 264 264 264
274 273 274 274 273 273 274 266 272 273 269 268 249 267 268 252 254 254 255 270 272 267 268 255 256 256 268 255 258 260 259 253 253 249 247 247 243 245 249 256 252 251 252 252 246 232 229 245 256 257 258 259 259 259 259 258 258 258 259 258 259 258 259 258 258 259 258 259 260 259 260 260 260 261 262 263 263 263 263 264 264 264 264 265 265 265 265
264 273 273 274 274 275 274 270 274 271 268 269 254 266 267 267 255 253 252 255 272 272 272 270 256 257 257 259 258 259 256 256 252 253 250 244 249 254 255 255 255 249 252 249 237 229 245 258 259 257 257 258 258 260 259 258 258 259 256 257 258 258 258 259 258 258 258 260 259 258 260 261 261 262 262 263 263 264 263 263 264 264 264 265 265 264 264
264 264 265 265 265 265 273 274 274 274 274 258 257 269 266 269 256 254 256 257 272 270 272 269 255 257 259 264 264 264 259 252 252 253 250 255 255 256 254 257 251 250 252 248 239 241 253 259 256 257 258 257 257 258 259 256 259 259 259 258 258 257 258 259 259 259 259 259 259 261 261 262 261 263 262 263 264 264 263 263 263 264 265 264 265 264 264
264 263 263 264 265 264 264 264 263 264 271 258 258 254 256 258 267 253 251 252 254 268 270 272 269 258 260 265 260 264 261 257 252 253 256 256 255 257 258 255 247 249 248 243 240 252 259 258 258 256 257 255 254 258 260 260 260 260 260 259 258 258 258 258 260 259 260 256 260 262 262 262 263 263 263 263 264 264 264 263 264 263 264 264 264 264 264
264 263 263 264 263 264 264 264 264 265 265 263 260 258 256 253 258 257 253 253 253 253 271 271 272 270 270 265 263 256 264 258 254 256 258 258 260 260 255 246 246 248 241 229 239 254 259 260 258 259 258 255 255 259 259 260 260 261 260 259 257 259 258 259 259 261 261 256 261 262 261 263 263 263 264 263 263 264 264 264 263 263 264 264 264 264 264
264 262 261 264 263 264 264 264 262 263 264 264 257 257 256 253 251 256 254 256 252 253 257 271 272 263 265 265 265 259 258 264 257 252 256 256 253 249 246 247 251 248 239 234 246 260 258 257 258 258 259 257 260 260 259 259 260 262 261 260 260 261 260 260 261 261 262 261 262 262 262 263 263 263 263 264 263 263 263 264 264 263 265 265 265 264 265
264 264 264 265 265 264 262 264 264 263 261 260 264 257 255 256 254 255 260 253 252 254 257 262 264 263 265 263 261 264 265 257 259 258 254 247 249 253 250 250 250 247 243 245 254 259 259 258 258 258 260 261 261 261 260 259 260 260 261 262 261 261 261 262 262 262 262 263 262 263 261 262 263 263 264 264 264 263 264 264 264 263 264 265 265 265 265
264 264 264 264 262 260 262 261 261 260 259 256 256 264 261 259 257 254 257 255 254 257 261 263 265 265 265 263 258 257 261 258 252 247 246 247 251 250 254 249 248 245 249 251 261 259 257 258 257 259 260 260 261 261 261 260 260 260 261 262 261 261 262 262 262 263 262 262 263 262 263 263 263 263 264 263 264 264 264 265 264 264 264 265 265 265 265
264 264 262 261 262 264 262 260 260 261 258 258 259 256 263 256 260 256 256 260 258 256 256 259 263 264 265 265 259 254 252 255 252 250 248 247 249 245 245 255 250 249 252 253 257 260 258 258 254 255 259 261 261 261 262 262 262 261 262 262 262 263 262 262 262 263 262 263 263 264 263 262 263 263 264 264 264 264 264 265 265 265 264 264 265 264 266
261 264 261 262 263 261 263 261 261 261 259 259 258 258 258 262 256 260 259 260 264 261 259 263 265 265 265 265 263 260 259 253 244 243 244 244 243 245 246 251 258 253 258 261 261 258 258 258 257 256 260 260 261 261 261 262 261 261 261 262 262 262 263 262 263 263 262 262 263 263 263 263 263 263 263 264 264 265 265 265 265 265 265 265 265 264 265
265 263 264 263 262 261 261 261 260 262 260 259 260 261 258 261 263 261 257 258 264 264 258 262 264 265 265 265 265 263 261 259 259 259 253 255 250 256 255 258 262 261 261 262 260 259 258 259 257 256 259 260 261 262 261 262 261 262 261 261 263 263 263 263 263 263 263 263 264 263 263 263 263 263 263 263 264 264 264 265 265 265 265 265 264 265 264
264 263 262 264 262 261 262 261 263 261 262 259 261 261 257 260 262 263 263 259 261 261 260 259 257 259 263 265 264 264 263 261 262 263 264 263 265 258 259 262 262 262 262 261 260 260 259 257 256 257 258 260 261 261 259 260 262 262 262 263 263 263 263 264 263 263 263 264 264 265 265 264 264 263 263 263 263 263 264 265 265 265 265 265 265 264 265
264 264 264 262 264 261 259 255 257 262 262 260 261 257 257 257 258 259 259 265 264 260 259 258 251 262 265 264 265 264 264 264 263 261 263 265 265 265 262 261 262 261 262 262 260 260 259 259 258 259 258 259 262 262 260 260 261 260 260 261 262 262 263 263 262 263 264 264 264 265 265 265 264 265 264 265 264 263 263 264 264 265 265 265 265 265 265
263 263 262 263 263 263 261 262 260 258 260 262 260 255 258 261 255 258 259 264 264 263 263 263 263 264 265 266 265 264 263 265 264 263 264 264 264 265 262 262 261 261 261 262 262 262 260 259 258 258 258 260 261 263 263 262 261 261 260 261 262 262 262 263 263 263 263 263 264 264 264 265 264 264 263 265 264 264 264 264 265 265 266 265 265 265 265
263 263 264 263 263 263 263 261 263 262 261 262 261 261 257 262 256 245 253 259 265 263 262 265 262 266 265 266 266 265 265 265 265 264 263 264 265 265 266 262 261 262 260 261 262 256 258 260 258 259 259 263 263 263 262 262 262 261 261 262 262 262 262 263 263 263 263 264 263 264 264 265 264 264 265 265 264 264 265 264 265 266 266 265 265 265 265
263 264 264 263 263 262 261 263 263 264 264 264 263 262 261 260 262 258 254 260 265 265 263 264 265 265 266 265 266 265 264 263 262 265 264 265 263 265 266 262 263 262 255 255 259 259 257 258 258 261 262 263 264 264 263 262 263 260 259 260 261 262 263 263 263 264 263 263 264 264 265 265 264 264 265 265 264 264 265 264 265 265 266 266 265 265 265
263 263 261 262 262 263 262 263 263 263 263 264 264 258 258 259 262 260 260 264 265 263 260 263 264 266 266 265 266 265 264 262 264 264 264 265 265 266 264 265 262 260 251 254 257 258 258 261 262 261 260 261 263 264 263 262 262 263 262 262 262 262 263 263 263 264 264 264 264 263 265 265 265 264 265 265 264 264 265 265 265 266 266 266 265 265 265
263 263 262 260 261 262 261 262 263 263 264 264 265 258 258 263 262 264 264 263 261 259 259 259 265 264 265 265 266 266 265 265 264 264 264 264 264 266 262 263 260 256 259 255 258 257 261 261 260 259 257 258 261 260 262 263 263 262 262 262 262 262 262 263 263 264 263 264 263 264 264 264 264 265 265 265 264 264 264 265 265 266 266 266 265 265 265
262 261 263 262 261 261 261 261 260 260 260 262 264 264 264 265 263 263 262 263 263 258 257 255 259 261 265 265 266 266 264 263 264 264 265 264 265 265 264 264 260 259 259 258 256 258 260 262 262 256 256 257 257 258 260 263 262 262 262 262 263 262 262 263 263 263 264 264 263 263 263 264 265 264 264 265 264 264 263 264 265 266 266 266 265 265 266
263 262 262 262 262 264 261 259 259 262 262 263 263 264 264 263 262 262 262 262 261 261 257 255 255 261 265 265 265 264 264 266 265 264 264 265 266 266 266 265 259 260 259 258 257 259 261 262 261 261 261 258 259 260 261 263 263 262 262 263 263 263 263 263 263 263 263 264 264 264 263 264 263 264 265 265 265 265 265 265 265 266 266 266 266 266 265
264 263 261 261 262 262 262 262 260 259 260 261 262 263 264 263 260 260 254 258 261 257 257 253 255 265 265 265 266 265 265 266 263 263 264 265 265 266 266 265 265 261 261 260 259 262 262 262 262 262 262 262 262 262 262 263 263 263 263 263 264 264 264 264 264 265 263 264 264 264 264 264 264 264 265 265 265 265 265 265 266 265 266 266 -32768 -32768 -32768
263 263 262 263 262 262 263 263 260 259 258 259 259 263 263 264 260 264 258 257 259 259 256 253 256 263 265 265 265 265 265 265 266 266 264 266 265 266 265 266 266 261 261 261 258 259 259 257 259 262 263 262 263 263 263 263 264 264 263 264 264 264 264 263 263 265 264 263 265 265 264 264 264 264 265 265 265 264 265 264 266 -32768 -32768 -32768 -32768 -32768 -32768
263 264 263 262 262 259 262 259 257 258 259 258 258 262 263 263 265 264 261 262 263 264 261 260 260 263 266 266 266 265 265 265 265 265 265 266 266 266 266 265 264 260 260 263 260 261 259 260 259 259 259 260 262 262 264 264 263 263 264 264 263 264 265 265 265 265 265 265 265 265 265 264 265 264 265 265 265 265 266 -32768 -32768 -32768 -32768 -32768 -32768 -32768 -32768
263 263 263 264 262 263 260 258 258 258 260 260 259 261 263 264 263 265 262 264 263 262 262 257 259 264 264 263 264 265 265 265 265 265 265 264 265 266 265 265 263 260 258 263 262 263 263 258 257 260 260 260 260 259 259 260 262 263 263 263 263 264 264 265 264 265 265 265 264 265 265 265 265 264 265 -32768 -32768 -32768 -32768 -32768 -32768 -32768 -32768 -32768 -32768 -32768 -32768
263 263 263 261 263 262 263 263 263 263 261 261 263 261 264 264 264 265 265 265 265 263 261 263 261 260 264 265 265 264 265 266 265 266 264 265 266 266 264 264 264 260 262 263 264 263 260 254 256 257 260 261 261 261 260 260 261 263 263 263 264 265 265 265 265 265 265 265 264 265 265 266 265 265 -32768 -32768 -32768 -32768 -32768 -32768 -32768 -32768 -32768 -32768 -32768 -32768 -32768
264 263 263 263 264 263 263 264 262 263 262 262 261 264 263 264 264 263 265 263 259 260 258 262 262 260 263 265 265 265 265 266 265 266 265 265 265 264 264 263 264 261 262 263 261 260 260 257 258 257 259 261 260 260 261 261 261 262 263 263 264 263 264 264 264 265 265 265 -32768 -32768 -32768 -32768 -32768 -32768 -32768 -32768 -32768 -32768 -32768 -32768 -32768 -32768 -32768 -32768 -32768 -32768 -32768
