wc0.5/Cropped/bio9_28.asc
NCOLS 282 
NROWS 470 
XLLCORNER 79.525 
YLLCORNER 5.91666666666667 
CELLSIZE 0.00833333333333331 
NODATA_value -32768 
[rows 380 to 417 of 470, columns 87 to 173 of 282]
251 238 247 252 260 250 270 253 242 257 271 271 272 273 272 272 264 267 265 272 272 273 265 262 261 261 261 262 262 256 255 252 251 238 233 219 232 227 219 219 209 204 205 216 208 205 202 216 214 217 230 235 241 243 244 244 245 238 243 244 243 242 246 246 247 249 248 245 244 248 254 258 259 260 260 267 267 268 268 268 265 262 264 260 256 253 255
258 252 248 254 261 269 257 262 250 250 255 270 265 271 273 272 273 262 265 264 266 267 273 261 254 248 256 257 259 262 256 255 258 259 248 241 233 236 225 227 224 208 197 188 188 185 186 196 208 218 227 242 243 243 243 244 245 243 245 245 242 241 243 244 246 248 243 244 243 250 248 249 258 256 256 267 268 268 268 268 266 267 267 262 256 252 247
265 261 252 253 257 269 269 270 254 237 251 264 271 270 265 271 273 271 262 263 262 271 271 265 251 240 238 248 259 261 261 261 257 259 257 251 240 237 238 237 234 229 240 213 207 201 189 189 198 207 214 227 243 242 243 243 245 243 244 246 245 244 245 245 246 249 244 242 249 245 241 246 254 254 251 266 269 269 269 268 268 267 267 264 261 256 245
265 266 253 248 254 259 269 268 258 245 243 253 263 271 263 270 272 272 260 264 258 262 271 271 260 246 231 231 242 257 260 262 262 259 260 257 251 246 236 228 230 245 247 238 232 218 212 231 226 226 243 241 242 242 246 243 243 243 241 244 248 247 247 247 250 247 247 247 243 243 249 250 253 254 257 269 269 269 269 269 268 268 267 266 267 265 266
267 264 257 254 250 250 259 269 261 250 229 241 258 271 271 256 264 271 263 263 258 256 260 260 271 265 245 240 233 240 253 257 260 261 260 260 258 255 244 236 243 255 255 249 248 240 240 240 241 243 241 243 239 248 248 245 243 244 244 239 243 242 241 245 245 246 246 240 240 239 246 251 252 253 261 269 269 269 269 269 269 268 267 267 267 267 264
270 270 267 268 246 252 249 258 268 255 246 227 240 256 270 260 259 259 265 265 262 257 262 260 266 264 263 253 251 230 232 242 248 254 259 259 260 261 254 248 255 256 256 253 254 253 246 249 248 247 239 238 228 236 240 241 245 242 242 246 244 242 242 242 242 244 241 239 241 240 250 251 251 251 259 269 269 269 269 269 269 268 267 267 267 267 264
263 260 262 265 268 261 257 256 268 269 253 241 236 246 259 259 255 257 262 270 271 270 260 254 265 271 271 263 257 251 228 221 234 248 257 258 260 259 259 257 257 257 256 256 256 258 256 252 240 239 228 227 212 216 223 239 241 241 242 241 244 247 246 246 244 242 241 243 247 248 248 251 247 254 269 268 269 268 268 268 268 269 268 267 267 267 262
258 261 255 264 259 262 256 253 255 259 267 254 236 237 249 259 263 257 260 263 263 269 261 261 263 258 254 270 263 258 255 243 239 238 247 257 257 255 255 255 257 256 257 258 258 257 256 252 251 244 240 244 222 215 215 237 238 241 242 239 242 245 247 247 248 249 247 247 249 249 252 251 245 268 269 269 269 268 268 268 267 268 267 266 268 267 267
254 257 259 260 262 260 259 253 252 248 255 261 246 230 241 247 262 262 258 262 270 271 270 270 265 270 263 269 269 261 262 254 252 256 256 256 258 257 258 255 253 252 259 258 255 253 252 244 242 242 243 245 243 251 247 246 246 244 238 240 248 247 248 248 249 248 249 250 250 251 251 248 253 268 269 269 269 268 268 268 268 268 268 268 268 268 268
264 257 258 258 257 263 255 246 253 252 246 259 252 250 241 239 248 262 262 260 261 262 269 270 269 270 260 260 262 269 264 259 254 253 252 257 256 255 257 252 251 254 259 256 257 252 249 248 246 242 247 243 245 250 247 247 250 250 246 245 246 250 246 266 257 259 266 256 265 267 264 264 268 269 269 269 269 269 268 267 268 268 267 268 269 268 267
266 259 256 256 256 263 258 247 255 253 248 254 256 258 253 250 247 245 255 262 256 254 260 269 269 270 269 257 257 259 259 262 262 261 258 256 255 259 259 260 259 259 259 252 251 256 254 253 249 247 247 253 249 250 250 251 254 257 257 255 259 262 265 266 266 267 267 268 268 267 268 267 269 269 269 269 269 269 268 268 268 267 267 268 268 268 268
267 265 263 267 256 258 259 254 247 255 251 253 252 252 249 251 247 244 242 250 262 260 254 256 259 264 269 260 263 261 261 256 257 262 256 260 257 256 257 259 258 258 255 252 250 251 252 252 251 250 242 248 253 249 251 253 252 246 246 255 256 264 262 264 266 267 267 267 268 269 269 269 268 269 268 268 268 268 268 268 268 267 267 267 268 268 268
270 270 262 259 261 255 253 245 250 248 255 251 251 252 248 249 250 250 243 243 245 261 259 255 246 252 257 262 261 253 252 251 249 252 247 241 239 242 252 257 254 255 255 255 249 246 247 247 248 247 250 246 251 263 255 256 253 251 252 251 252 253 258 264 265 266 264 266 267 268 268 269 269 269 269 269 268 268 268 268 268 268 268 268 269 269 268
270 269 265 262 257 256 254 256 250 248 252 256 253 252 252 249 250 249 250 245 241 245 251 260 245 245 248 251 252 256 246 243 239 246 248 239 235 238 248 255 254 254 251 250 249 252 249 245 247 247 250 262 258 260 260 258 255 255 251 252 253 253 260 262 265 265 261 267 267 267 268 268 269 269 270 269 268 268 268 269 269 268 269 268 269 269 268
266 269 269 268 262 261 251 253 251 251 249 255 252 252 251 248 245 251 252 250 248 239 244 254 253 240 239 244 246 252 255 248 248 247 249 246 239 240 248 250 255 253 253 252 245 248 249 248 245 249 253 262 262 264 264 260 254 253 252 250 255 261 258 264 264 265 265 267 268 268 268 269 269 269 269 269 269 268 268 268 268 269 269 269 269 269 269
268 269 269 262 267 263 260 256 255 252 250 254 254 254 252 250 252 249 252 252 250 251 242 247 257 258 245 241 240 243 250 255 254 253 253 243 244 243 246 248 252 254 253 250 248 242 243 244 241 250 250 261 261 264 265 265 264 255 253 250 250 265 265 262 265 265 266 266 267 269 268 269 269 269 269 269 268 269 268 268 268 269 269 269 269 269 269
269 267 269 266 259 261 259 255 254 256 256 255 257 254 254 254 252 252 252 252 247 247 248 250 250 257 257 247 239 233 241 245 247 253 253 253 249 246 245 246 250 254 251 250 250 247 247 243 243 250 253 260 259 262 264 265 266 265 260 258 261 266 266 263 266 265 267 267 269 269 268 270 270 269 269 269 269 268 269 268 269 268 269 269 269 269 269
269 267 266 269 259 256 265 251 249 248 256 246 253 259 254 252 253 253 253 249 250 239 242 246 247 254 257 255 251 243 246 243 242 241 250 252 250 248 246 244 250 253 250 251 251 251 249 249 247 247 257 258 257 260 262 265 266 266 264 262 263 266 267 267 267 267 267 267 269 269 269 270 270 269 269 269 269 269 269 269 269 269 269 269 269 269 268
269 268 267 265 264 254 254 256 251 245 256 250 252 253 254 255 254 252 251 252 248 249 230 229 242 241 246 248 245 249 248 249 242 240 248 251 252 251 247 244 247 249 249 251 253 252 253 250 248 251 258 259 259 260 262 261 266 266 266 266 267 266 266 267 267 267 268 269 269 270 270 270 269 268 268 269 268 269 269 269 270 270 269 269 270 268 269
269 269 265 256 256 255 257 253 254 243 250 249 251 254 251 254 254 254 252 247 239 249 248 239 232 227 224 226 231 233 239 246 246 243 244 245 249 248 250 249 246 244 241 242 247 250 252 253 253 259 257 259 257 260 260 261 265 265 265 266 267 266 267 267 267 268 268 269 269 269 269 269 268 269 269 268 268 268 269 269 270 269 269 269 270 269 269
269 269 264 261 258 260 258 252 255 253 244 252 254 249 250 246 252 254 253 249 231 234 239 247 244 233 220 219 214 222 215 222 230 234 234 241 242 241 247 246 247 246 246 243 246 245 249 252 252 261 260 260 260 261 261 259 264 263 261 265 266 267 267 267 268 268 269 268 269 270 269 269 269 270 269 268 268 268 269 269 270 270 269 270 270 270 269
268 269 263 263 261 257 257 257 255 255 253 251 248 242 250 248 244 258 255 253 235 232 234 238 249 246 244 228 217 218 217 215 213 211 223 229 232 234 238 242 243 242 246 242 239 247 247 251 258 257 258 261 261 261 263 260 262 261 263 264 266 266 267 268 268 269 269 269 269 270 270 269 269 270 269 269 269 268 269 269 270 270 270 270 270 270 269
268 269 268 263 262 260 261 260 252 257 256 244 242 244 243 255 247 244 249 253 243 237 235 223 233 244 245 242 236 237 234 234 225 213 208 208 216 224 235 236 238 242 242 243 241 248 244 247 253 256 256 256 260 260 263 263 263 264 264 263 261 266 267 267 268 268 269 269 270 269 269 269 269 269 269 269 269 269 268 270 270 270 270 270 270 269 269
266 268 267 265 264 262 261 261 262 258 255 249 241 248 244 239 255 245 245 251 254 251 240 225 233 240 239 244 246 242 243 246 240 232 231 216 203 207 214 228 216 238 241 243 244 240 241 241 248 249 246 245 252 256 263 262 264 264 265 264 260 262 267 267 268 268 268 269 269 270 270 269 269 269 269 269 269 269 269 270 270 271 271 270 270 269 269
265 267 266 265 264 262 262 264 263 263 249 254 247 246 248 243 245 253 248 249 249 254 248 242 237 234 231 234 243 246 245 246 243 243 239 236 231 219 214 210 216 234 238 234 232 237 237 230 234 239 241 241 246 248 252 254 262 266 265 260 253 256 265 267 267 268 269 269 269 270 270 270 269 269 270 269 269 269 269 269 270 270 271 271 270 270 270
267 268 268 265 263 264 263 264 263 260 251 254 254 248 244 244 230 242 251 247 244 255 253 247 242 236 232 230 233 244 245 246 242 239 233 236 232 230 227 215 216 207 206 206 209 224 211 207 223 223 222 233 241 245 243 244 250 267 267 261 251 251 261 267 267 268 268 269 269 270 269 270 270 270 270 270 269 269 269 269 269 270 270 271 271 271 271
262 266 267 268 267 263 261 264 263 259 254 253 252 249 236 246 244 238 240 251 247 245 251 253 253 246 225 223 230 240 237 245 245 238 229 218 217 214 205 195 195 195 194 201 206 223 229 238 235 235 234 233 228 236 242 242 244 249 256 267 263 252 260 267 267 269 268 268 269 269 270 270 270 270 270 269 269 269 269 269 269 270 270 271 271 271 271
261 266 267 267 264 265 256 262 261 260 255 249 247 248 241 233 243 242 248 245 248 244 235 245 252 251 244 242 235 232 236 245 244 243 240 214 206 198 190 192 195 194 191 191 200 209 227 234 239 242 242 240 239 238 237 241 249 245 248 262 267 267 268 268 268 269 268 269 269 270 269 269 270 270 270 269 269 269 270 269 269 269 270 271 271 271 271
259 266 267 265 265 265 264 263 264 262 259 251 238 248 244 239 239 245 239 240 236 243 250 239 251 248 253 247 247 246 245 245 245 244 241 239 232 227 211 212 207 202 205 204 221 228 235 239 238 244 241 240 249 254 240 239 247 258 248 260 267 268 268 268 268 269 269 269 269 269 270 269 270 270 270 269 270 269 271 270 270 270 270 271 271 271 270
266 266 266 264 267 265 263 260 263 263 264 259 259 249 244 241 229 238 241 237 235 230 238 244 243 245 246 234 241 233 237 245 245 243 242 243 236 238 234 229 226 222 209 203 222 229 236 244 246 249 254 245 241 250 257 254 255 258 252 255 265 267 268 268 268 268 270 269 269 270 271 270 270 269 270 269 270 270 270 271 270 270 271 271 271 271 271
260 266 266 266 264 266 264 262 258 262 261 263 248 254 237 247 244 232 244 241 236 236 231 232 236 240 241 235 236 231 229 225 234 237 237 240 235 228 225 223 211 205 202 202 205 219 233 241 244 243 252 253 253 251 252 257 261 264 262 247 254 265 268 268 269 269 269 269 270 269 270 271 270 270 270 270 270 270 270 271 271 271 271 272 272 271 271
263 255 264 263 266 266 265 263 262 262 264 257 251 247 260 260 252 244 233 237 240 237 236 231 236 237 237 237 232 226 225 207 212 208 210 224 222 204 203 204 205 205 205 203 203 205 219 231 221 234 242 252 254 254 255 255 262 265 262 259 254 263 267 269 269 270 270 269 270 270 271 271 270 270 270 270 270 269 270 271 270 271 271 272 272 271 271
265 257 259 264 260 265 265 265 264 262 266 265 256 253 262 266 266 254 247 242 237 237 237 237 236 236 238 233 231 229 228 226 224 211 209 219 211 204 204 204 205 205 205 203 204 203 216 217 221 231 243 246 253 254 256 255 255 265 266 267 267 262 267 267 268 269 268 270 270 270 271 271 270 270 271 271 270 270 270 271 272 271 272 272 271 271 271
263 265 258 266 259 267 266 267 262 261 258 264 264 265 265 266 266 255 255 248 236 234 237 236 235 236 237 236 241 239 234 225 226 223 231 231 226 222 208 204 217 217 205 215 199 199 199 196 197 224 231 233 242 247 255 256 256 255 253 258 262 255 248 266 268 268 269 269 270 270 270 271 271 270 271 271 270 271 270 271 272 272 272 272 271 271 271
262 262 259 266 257 265 266 267 262 261 260 266 265 266 266 266 264 265 258 257 259 248 235 250 242 236 237 238 240 234 235 231 230 230 234 239 233 231 228 220 227 232 224 229 224 224 214 211 212 215 220 226 238 245 255 256 256 257 259 254 255 257 254 264 267 268 268 268 269 270 270 271 271 271 270 271 271 271 271 271 271 272 272 271 272 271 272
263 262 260 262 258 262 266 266 266 261 264 266 266 261 263 264 264 264 265 263 249 251 253 256 256 255 247 250 242 237 240 239 239 239 237 243 244 240 242 239 236 239 236 236 239 235 229 226 223 223 228 235 251 258 256 255 256 257 256 258 260 254 261 266 266 268 267 268 269 269 270 271 271 272 271 272 272 271 271 271 271 272 272 272 272 271 271
265 264 260 264 261 260 264 267 267 267 265 262 265 266 261 266 264 263 264 263 257 238 240 238 242 250 245 254 249 243 251 247 248 248 246 244 241 242 240 239 239 237 241 242 242 240 238 232 231 235 237 247 256 256 257 256 256 258 260 262 263 264 256 262 265 264 268 268 268 268 269 270 271 272 271 272 271 272 271 271 271 271 272 272 272 271 272
265 263 254 260 261 245 263 263 267 267 265 263 264 266 263 263 261 264 265 265 260 252 239 238 235 238 243 247 250 250 251 246 246 242 241 242 240 239 245 246 244 243 242 244 241 240 231 228 228 230 230 243 252 257 259 257 256 264 263 264 264 265 264 266 264 262 267 268 268 268 268 269 271 272 272 272 272 272 272 272 271 272 272 273 273 272 271
