wc0.5/Cropped/bio9_28.asc
NCOLS 282 
NROWS 470 
XLLCORNER 79.525 
YLLCORNER 5.91666666666667 
CELLSIZE 0.00833333333333331 
NODATA_value -32768 
[rows 266 to 303 of 470, columns 87 to 173 of 282]
278 277 278 278 277 278 277 270 277 277 277 278 277 277 277 276 276 275 275 244 275 276 273 269 274 272 272 272 273 272 272 271 270 269 257 257 268 244 229 219 250 255 257 256 252 258 260 263 262 264 262 258 249 242 238 236 247 248 253 253 254 261 264 264 252 252 264 268 273 274 274 273 272 269 259 267 273 274 275 276 278 279 279 279 280 280 280
278 277 277 278 277 278 276 275 277 277 277 277 277 277 276 276 275 276 275 257 274 276 273 273 274 273 272 273 273 273 272 272 270 269 255 253 265 262 226 213 244 252 255 254 251 259 258 259 260 263 254 253 244 228 230 221 220 220 241 249 246 254 263 264 256 250 262 272 273 274 273 272 272 270 262 259 272 275 276 276 278 278 279 279 279 280 280
278 278 277 277 278 277 277 276 277 277 276 277 276 277 277 276 276 275 275 274 275 273 275 274 273 273 271 272 272 273 273 271 269 269 259 258 267 252 225 237 254 254 254 253 255 258 254 257 258 262 259 253 241 236 229 208 220 226 241 248 252 261 262 266 259 248 256 271 272 274 274 273 272 271 263 273 275 275 276 277 277 278 278 279 279 279 280
267 268 268 268 278 278 276 277 257 276 277 277 276 277 277 276 276 275 274 273 274 274 274 275 274 273 273 272 272 273 272 271 270 270 270 269 268 268 233 239 250 255 256 254 256 257 255 260 262 263 261 254 232 225 219 212 228 233 245 254 259 259 258 258 260 247 256 269 271 273 273 273 272 270 269 269 275 275 276 276 277 277 278 279 278 279 279
266 266 267 268 268 278 277 277 276 262 276 277 276 276 276 276 276 275 272 271 274 274 264 274 274 274 274 271 273 273 272 272 272 271 267 270 270 265 245 235 249 253 254 253 253 258 253 259 261 262 260 248 235 231 228 219 235 251 254 257 250 254 253 250 254 248 255 266 272 273 273 272 271 270 261 263 274 275 276 276 277 278 278 278 279 279 278
268 268 268 260 268 268 269 268 268 268 260 277 277 276 275 276 276 276 275 270 270 274 260 274 275 272 272 270 272 273 273 272 270 271 270 267 265 264 249 253 254 255 252 253 258 260 259 262 262 254 254 250 241 237 234 220 239 241 251 252 247 250 252 246 253 243 252 269 268 271 272 271 270 269 268 253 274 274 275 275 276 277 278 278 279 279 278
268 268 268 267 268 268 269 268 267 268 267 265 268 268 268 266 267 268 275 275 274 275 268 272 274 274 271 272 273 273 272 272 267 269 271 270 270 260 253 253 254 255 249 251 254 256 256 257 262 250 249 248 241 230 221 223 237 230 244 245 236 250 251 246 251 244 251 265 264 269 269 270 270 271 270 260 274 275 275 276 276 277 277 278 278 279 279
269 268 269 268 267 268 269 268 268 268 268 268 268 268 267 268 267 268 268 267 267 275 273 272 275 274 270 273 274 272 272 272 268 266 269 270 264 262 247 251 253 253 249 249 255 256 256 261 260 252 244 246 242 230 217 218 225 214 232 237 233 242 245 249 250 246 249 264 261 264 270 267 270 269 265 260 265 274 274 276 277 277 277 278 279 279 279
269 269 269 269 268 268 269 269 269 269 269 268 264 268 268 268 267 267 268 268 267 267 266 273 275 273 272 274 274 272 272 272 270 266 267 269 260 253 250 252 254 254 244 249 254 256 258 255 258 261 248 251 236 235 218 214 214 203 226 227 230 236 246 248 245 252 251 266 270 270 271 271 267 269 268 254 267 272 272 276 277 277 275 278 278 278 279
269 269 269 269 267 268 269 269 268 267 268 268 267 261 268 268 267 268 267 268 267 267 266 266 274 274 272 274 273 271 272 272 271 270 268 265 264 247 250 251 254 254 232 244 256 257 258 260 257 261 249 251 242 242 239 228 224 212 219 232 234 247 248 244 243 258 263 268 266 267 271 270 269 270 269 266 270 275 276 276 277 277 278 278 278 278 279
269 269 269 268 268 268 269 269 268 268 267 267 267 266 268 268 267 267 267 268 268 267 267 267 266 266 274 272 270 269 271 271 271 270 268 264 263 256 241 246 252 254 241 247 255 257 258 259 255 258 256 255 244 247 242 239 227 207 215 222 237 245 236 236 251 258 268 256 248 259 267 265 265 265 266 263 273 274 275 276 277 278 277 278 278 278 278
269 269 269 269 268 267 269 269 268 268 266 267 268 267 268 268 267 267 267 268 267 268 268 266 266 266 266 274 273 270 270 268 271 269 268 261 263 261 243 244 251 253 245 248 256 255 257 258 253 256 258 255 251 246 234 227 221 212 207 223 238 242 223 229 252 263 262 252 247 254 265 264 261 264 265 253 265 275 276 275 277 276 277 278 278 278 278
269 269 269 269 269 268 269 269 269 268 267 268 265 266 262 268 267 266 267 267 267 268 267 267 266 266 265 256 271 266 270 272 271 269 268 262 261 263 243 247 253 253 242 245 254 256 258 258 250 252 256 244 254 247 244 235 230 220 209 223 237 232 237 253 265 261 257 248 246 251 263 265 258 264 264 256 266 274 275 275 275 276 277 276 278 278 278
269 268 268 269 269 268 268 269 269 268 268 268 267 267 267 268 267 265 265 268 267 268 268 267 266 266 266 255 264 254 264 269 269 266 270 269 262 258 242 242 249 252 243 246 256 257 258 258 253 254 257 256 245 245 241 231 226 220 209 220 234 227 234 254 263 246 243 239 242 254 259 260 257 256 262 259 265 274 273 273 276 277 277 277 278 278 277
268 268 268 268 269 268 268 269 268 268 268 268 267 268 268 268 267 266 266 267 267 267 267 267 267 267 266 252 247 245 251 269 270 265 261 269 264 255 239 228 236 242 227 235 256 256 257 254 251 253 255 249 238 240 237 223 210 209 203 223 229 227 235 249 254 236 226 235 246 248 250 251 252 258 263 260 262 269 262 263 276 276 277 276 277 278 277
268 268 268 268 268 268 268 269 269 268 268 268 268 269 262 268 267 266 265 266 266 266 267 267 266 266 266 264 247 238 249 262 270 268 259 262 252 256 241 214 216 232 215 232 255 255 258 255 252 254 253 248 236 238 234 223 206 189 203 220 213 230 239 249 250 236 224 233 229 233 246 245 248 252 256 255 258 264 268 265 275 277 277 277 278 278 277
269 268 269 269 268 268 268 268 268 268 268 268 268 268 269 267 268 267 266 265 266 266 267 267 267 266 265 261 246 242 253 263 264 269 257 262 246 243 242 228 232 234 225 241 254 254 254 255 251 248 248 249 233 226 222 225 210 192 208 210 211 221 230 251 245 232 222 217 224 229 239 237 238 247 252 258 265 264 271 266 276 277 277 277 278 278 277
268 269 268 269 269 268 268 268 268 268 269 268 268 269 269 266 267 267 263 264 264 266 267 267 266 266 265 262 241 245 261 262 264 262 258 249 248 241 235 232 232 240 237 254 256 257 255 254 248 246 245 244 234 217 217 210 200 189 202 195 198 225 235 238 244 226 210 202 208 233 234 233 237 241 257 269 271 272 272 269 276 276 275 277 276 278 277
268 268 269 269 268 267 268 269 269 268 268 269 267 268 268 268 268 267 265 264 264 266 267 266 267 266 265 265 254 244 259 259 263 259 248 250 247 243 237 237 241 250 245 255 256 256 254 254 245 242 246 239 237 221 209 211 205 195 188 184 202 227 223 223 237 230 217 205 201 223 212 229 248 254 266 266 262 264 273 272 270 269 275 277 277 276 277
267 268 269 269 269 267 268 269 268 269 267 267 266 267 268 267 267 267 260 261 265 267 266 266 265 266 265 265 263 242 249 262 262 260 245 241 243 236 240 239 238 246 249 256 256 255 253 257 249 239 238 235 231 224 212 215 213 206 186 172 188 209 208 216 226 217 215 211 217 228 239 242 246 259 265 257 253 257 273 273 270 275 275 277 277 278 277
268 268 268 269 269 268 268 269 268 268 268 268 267 264 267 265 259 265 257 252 266 266 264 265 266 265 265 265 258 247 247 261 263 261 252 238 234 239 241 236 248 249 249 250 254 255 255 257 251 244 240 232 221 213 210 215 215 210 199 182 181 183 205 211 215 208 201 209 229 239 247 255 248 266 256 247 244 247 257 267 269 270 274 275 276 276 277
269 268 268 269 268 268 268 268 268 268 268 267 266 266 264 265 265 264 254 246 263 266 263 266 265 265 265 265 264 248 245 260 261 262 259 245 240 235 241 237 243 249 249 248 249 255 249 254 249 249 241 235 225 216 209 214 216 213 209 194 198 184 187 189 198 200 204 207 227 226 235 254 259 260 252 237 231 244 252 261 268 270 272 274 276 277 277
269 269 268 268 268 267 268 268 268 268 268 267 267 266 261 259 265 265 243 234 264 266 263 265 265 265 265 265 265 263 248 250 261 262 261 253 242 237 238 239 236 234 235 249 249 255 252 256 248 246 244 238 232 218 209 202 215 217 214 207 205 201 197 186 185 194 210 234 235 236 236 250 259 250 242 235 224 240 249 257 268 270 271 275 277 276 277
268 267 267 266 268 268 268 268 268 268 268 268 266 263 261 261 266 258 246 248 263 264 262 262 265 264 265 264 264 264 253 244 243 258 259 255 239 236 236 242 238 239 243 245 248 249 253 255 251 246 244 238 231 214 206 202 213 221 222 217 211 210 205 197 184 186 196 213 224 242 249 254 255 250 234 227 220 232 238 253 264 270 270 272 276 277 277
267 268 268 269 268 268 268 268 268 267 268 268 268 267 268 265 265 262 250 249 258 264 260 257 264 264 264 265 265 264 263 248 240 238 252 247 243 236 238 239 238 240 244 241 245 248 253 254 254 248 241 234 227 210 208 204 211 224 228 226 212 215 214 205 210 208 191 201 223 228 240 254 244 249 237 225 205 220 227 244 253 262 267 271 276 276 276
264 269 268 269 269 268 268 267 267 267 266 268 268 267 265 263 266 257 236 257 260 265 263 265 263 264 264 256 255 264 264 262 256 238 238 243 237 240 240 239 243 241 241 242 242 243 246 255 254 249 244 235 226 216 206 205 212 223 232 230 222 226 225 222 215 202 193 179 187 203 231 245 237 226 231 220 214 222 219 230 241 254 264 275 275 276 276
267 269 269 269 269 269 268 267 267 267 267 263 267 264 264 261 265 266 251 259 264 266 265 265 262 261 264 263 252 248 263 263 262 244 238 240 237 236 240 239 240 240 241 243 242 241 238 240 251 251 247 237 222 212 196 201 213 221 224 238 235 231 227 215 211 200 188 175 207 221 237 235 229 206 211 218 227 230 232 225 229 251 262 272 274 276 276
268 268 269 269 269 268 268 268 268 268 266 261 261 261 260 264 264 264 246 255 268 268 266 265 262 259 262 263 258 246 243 257 258 243 241 241 240 238 236 241 238 240 243 241 243 244 243 238 240 252 242 233 216 204 210 209 210 226 230 240 235 230 219 215 200 195 192 189 204 220 235 221 207 201 198 226 233 239 242 240 231 243 259 270 275 275 276
265 266 267 267 268 269 268 269 270 270 266 262 263 264 266 267 267 266 255 263 262 264 262 262 260 259 260 257 259 259 252 258 258 255 243 240 241 239 239 240 240 241 240 242 244 245 242 242 241 252 244 231 221 220 216 210 211 233 234 241 236 230 215 218 215 208 211 195 190 194 219 209 199 210 205 233 231 242 248 248 250 252 268 272 274 275 276
264 260 263 259 268 268 269 270 269 269 264 263 261 266 269 268 266 264 251 268 262 256 260 258 256 260 259 256 254 256 259 257 256 256 244 240 242 241 242 241 240 241 243 241 241 241 244 243 243 245 249 238 234 234 231 230 228 238 240 245 237 231 224 232 225 220 206 195 184 182 206 221 215 224 231 239 240 245 250 251 254 263 268 273 273 275 276
267 259 264 261 267 268 270 270 269 269 269 268 268 268 262 269 268 266 257 269 261 260 257 256 253 254 259 258 256 253 255 256 257 255 244 240 241 239 242 242 241 242 243 242 244 238 243 243 243 242 246 244 236 238 236 232 232 240 244 242 238 237 234 228 216 207 190 187 205 204 199 219 228 231 239 243 244 244 250 249 258 266 273 273 275 275 276
270 262 263 264 267 267 270 270 270 269 268 265 267 268 267 269 268 268 267 268 266 264 258 257 252 258 260 256 260 256 250 253 255 255 247 239 241 239 240 241 242 242 242 243 242 241 239 241 244 244 244 246 240 239 238 234 234 239 243 239 238 230 225 217 213 211 208 204 208 209 208 223 232 237 242 244 245 243 241 245 262 272 273 274 275 275 275
269 268 265 260 265 267 270 270 269 268 263 264 266 263 269 268 268 269 269 265 261 262 263 261 254 258 260 262 261 257 253 249 251 253 253 242 242 240 241 240 242 242 243 243 242 242 242 241 241 245 245 245 244 239 239 237 236 242 248 240 237 236 226 216 214 216 211 202 213 205 196 220 220 232 231 239 244 243 236 244 259 266 273 269 274 274 275
269 269 268 260 257 263 270 270 269 269 268 266 268 268 269 269 268 269 269 267 268 260 260 264 264 263 265 263 259 257 254 244 235 244 251 239 240 241 240 240 241 241 241 243 243 243 243 242 242 246 241 240 239 238 236 230 234 238 238 239 237 234 230 224 218 229 217 220 215 203 201 195 211 218 225 237 241 235 231 239 248 262 262 263 268 256 274
267 270 270 270 270 269 270 271 270 269 266 267 269 269 269 269 269 268 268 265 266 262 259 262 260 264 263 264 262 260 257 253 246 246 240 238 238 239 239 238 239 241 241 242 243 245 244 242 243 242 242 242 240 238 236 237 234 236 236 239 240 236 231 235 231 239 230 230 218 217 208 205 197 214 233 239 236 230 228 234 244 245 247 263 267 259 272
269 269 269 270 269 269 270 270 270 269 269 269 268 270 269 269 269 268 268 265 262 265 251 251 257 258 259 258 260 260 261 259 259 255 247 234 238 238 236 235 238 240 240 242 243 245 243 244 243 242 241 241 241 240 240 239 238 239 240 244 240 239 234 236 238 233 240 235 226 219 207 197 196 217 229 234 231 222 223 227 234 223 241 257 259 260 271
262 269 270 270 270 269 270 270 269 268 267 262 269 269 268 269 269 268 267 262 265 264 263 257 246 249 252 256 249 247 247 258 257 255 245 235 234 236 236 234 228 241 241 242 244 243 244 244 243 242 241 242 242 241 241 240 236 236 241 244 242 240 234 240 239 232 234 238 225 217 204 198 197 214 235 230 226 231 227 228 233 230 231 242 252 263 272
263 268 267 269 268 267 269 270 270 265 262 260 266 266 263 269 269 268 266 263 265 265 261 265 244 224 234 247 236 233 234 245 243 238 234 226 232 237 240 236 236 237 244 242 243 240 240 244 244 242 242 242 243 242 241 240 238 238 239 243 244 243 241 236 233 230 235 231 229 218 218 219 222 220 233 240 238 237 231 233 232 236 238 239 248 270 272
