wc0.5/Cropped/bio9_28.asc
NCOLS 282 
NROWS 470 
XLLCORNER 79.525 
YLLCORNER 5.91666666666667 
CELLSIZE 0.00833333333333331 
NODATA_value -32768 
[rows 380 to 417 of 470, columns 174 to 260 of 282]
257 258 262 264 267 256 257 257 266 261 258 259 267 267 268 268 269 269 269 269 270 270 270 270 270 270 271 271 271 272 272 271 272 272 272 272 270 270 271 270 271 272 272 271 271 270 272 272 274 274 275 275 276 276 276 276 276 276 275 275 276 276 275 276 275 275 276 276 276 277 277 278 278 278 278 278 277 277 277 278 277 278 279 279 280 280 280
253 258 259 260 263 267 257 261 261 265 257 256 267 267 267 268 269 269 269 269 269 270 270 270 270 270 270 271 271 272 272 272 272 272 272 272 271 271 272 271 272 271 271 272 270 270 270 273 273 274 275 275 275 275 276 276 277 275 275 276 276 275 275 276 275 276 276 276 276 276 278 278 278 278 278 278 277 277 278 277 278 279 278 279 279 280 280
250 263 266 259 252 256 264 268 264 260 258 258 261 267 268 268 269 269 269 269 270 271 270 270 269 270 270 271 271 272 272 272 272 273 273 272 271 271 271 272 271 271 272 272 272 272 273 273 274 274 274 275 275 275 275 276 276 276 276 276 276 275 274 277 277 276 277 277 275 276 278 278 279 278 279 279 278 278 278 278 278 279 279 279 280 280 280
265 266 266 267 254 254 268 268 268 268 268 266 268 269 269 269 269 270 270 270 271 271 270 270 270 270 270 271 271 272 272 272 272 273 272 272 272 271 272 272 271 271 272 272 272 272 273 273 273 274 273 274 274 274 275 276 276 276 277 276 277 276 276 277 278 277 278 278 278 278 278 278 279 279 279 278 278 279 279 278 278 279 279 280 280 280 281
265 266 266 267 268 268 263 268 268 268 268 268 269 269 269 269 269 269 270 270 270 271 270 270 270 271 271 271 272 272 272 273 272 273 273 272 272 271 272 271 271 272 272 272 272 271 272 273 273 273 273 273 274 274 275 275 277 276 277 277 277 277 277 278 278 278 277 278 278 278 278 278 279 279 279 279 278 279 279 278 279 279 279 279 280 280 281
264 256 268 268 268 268 264 269 269 266 265 266 269 269 269 269 269 269 270 270 270 271 270 268 270 271 271 272 272 273 272 273 273 273 273 273 271 270 272 272 271 272 272 272 272 272 272 272 272 273 273 273 273 274 275 275 275 276 277 277 277 276 277 278 278 278 278 278 279 278 279 278 279 279 279 279 279 279 279 279 279 279 278 279 279 280 280
260 267 267 267 268 269 269 269 258 263 267 268 267 269 270 270 270 270 270 271 271 271 270 270 271 271 271 271 272 272 273 273 273 273 273 272 272 272 273 271 271 271 272 273 272 272 272 271 271 273 274 274 273 273 274 275 274 274 276 277 277 277 278 278 278 278 278 278 278 279 278 279 279 279 279 279 279 278 279 279 279 278 279 278 279 279 279
267 267 267 267 268 269 269 269 263 262 266 269 269 267 270 271 270 270 271 271 271 271 271 270 271 271 272 271 272 272 273 273 273 273 273 273 273 272 272 271 272 272 273 274 272 273 273 272 272 274 274 275 274 274 275 274 274 275 276 277 277 277 277 277 278 278 278 278 278 278 279 278 278 279 279 278 278 279 278 279 279 279 279 278 278 279 279
268 268 267 267 268 268 269 269 268 265 268 269 269 267 270 271 271 270 270 271 271 271 271 270 271 271 272 271 271 272 272 273 273 273 273 273 272 272 272 271 273 272 273 273 273 273 274 274 273 274 275 275 275 275 274 275 274 276 276 276 276 277 277 277 276 277 277 277 277 278 278 278 278 278 278 278 279 278 279 279 278 279 279 279 279 278 279
268 267 267 268 268 269 268 269 270 268 270 269 269 269 270 271 270 270 270 271 271 271 271 270 272 272 272 271 271 272 272 273 273 273 273 273 273 272 272 272 272 272 273 274 273 273 274 273 274 274 274 275 274 275 275 275 275 275 276 276 276 276 276 276 277 276 276 276 277 277 276 277 278 277 278 279 279 279 279 279 279 278 279 279 278 278 280
267 267 267 268 268 268 269 270 270 270 269 269 269 270 269 271 270 270 271 271 271 271 271 271 272 272 272 272 271 272 272 273 273 273 273 273 273 272 272 271 272 273 273 274 274 273 274 274 273 273 275 274 274 275 275 275 275 275 274 275 275 276 276 275 276 276 276 276 277 276 277 277 277 278 278 279 279 279 280 279 279 279 280 280 279 278 278
268 268 267 268 268 269 269 269 269 270 270 270 270 270 271 271 270 271 270 271 272 271 271 271 271 272 272 272 272 272 272 273 273 273 273 273 273 273 272 271 270 272 273 274 274 274 274 274 273 274 275 275 274 275 275 275 274 274 274 275 275 275 274 271 275 275 276 276 276 277 277 277 276 278 279 279 280 280 280 280 280 280 280 279 279 280 279
268 268 268 268 268 268 268 269 270 270 271 271 270 270 271 271 271 271 271 271 272 272 271 271 271 272 272 272 272 272 272 273 273 273 273 273 273 273 273 272 272 272 273 273 274 274 274 274 274 274 275 272 270 275 275 275 274 274 274 274 275 274 270 270 274 276 276 276 278 278 276 276 277 278 279 279 279 280 280 280 280 280 280 280 280 280 280
269 268 268 268 268 268 268 269 270 270 270 271 271 271 271 271 271 271 271 271 272 271 271 271 272 272 273 273 272 272 272 273 273 273 273 273 273 273 273 273 272 273 272 273 274 274 274 275 274 275 275 276 271 275 276 275 275 275 274 274 274 274 273 275 273 276 277 278 278 277 278 278 277 278 278 278 279 280 280 280 280 280 280 280 281 281 280
269 267 267 267 268 266 268 268 269 269 270 270 271 271 272 272 272 272 272 272 272 271 271 271 272 272 272 273 273 273 273 272 273 273 273 273 273 273 273 273 273 273 273 273 274 274 275 275 274 274 276 276 276 276 276 275 275 276 276 275 274 273 273 275 275 276 277 278 278 278 278 278 278 278 279 279 280 280 280 280 280 280 280 280 281 281 280
267 268 269 268 268 266 264 268 269 269 269 269 270 271 272 272 272 272 272 272 272 271 271 271 272 272 273 273 273 273 273 273 273 274 274 273 273 273 274 273 273 274 274 274 274 274 275 275 275 275 273 275 276 276 276 276 276 276 276 276 275 274 274 275 276 277 278 278 278 278 278 279 279 278 278 279 280 279 279 280 280 280 280 280 280 281 280
268 269 269 269 268 268 266 268 269 269 270 270 270 271 272 271 272 272 272 272 272 272 272 271 271 272 272 272 273 273 273 273 273 273 274 273 274 274 274 273 273 274 274 274 274 274 275 275 275 275 276 276 276 276 276 276 276 276 275 276 276 275 275 276 277 277 277 277 278 278 278 278 278 278 279 278 279 280 280 280 280 280 279 279 280 280 281
269 269 269 269 269 268 267 268 269 269 270 270 271 271 271 271 272 272 271 273 272 272 272 271 271 272 272 272 272 273 273 273 273 274 274 274 274 274 274 274 273 273 274 274 275 274 275 275 275 276 276 276 276 276 276 276 276 275 275 276 276 276 276 276 276 276 276 276 275 278 279 278 279 278 278 278 279 279 279 279 280 280 279 280 280 280 280
269 269 269 269 269 269 269 267 269 269 269 270 270 271 270 271 271 272 272 273 273 272 271 271 272 272 272 273 273 273 274 274 274 273 274 274 274 274 274 274 273 273 274 274 275 275 275 275 276 276 276 276 276 276 276 276 276 276 275 275 276 276 275 276 276 276 276 277 277 278 278 278 278 279 279 279 278 279 280 280 279 280 280 280 280 280 280
269 269 269 269 269 269 269 264 266 269 270 270 270 270 270 271 272 272 272 273 272 272 272 272 272 272 272 273 273 273 273 274 274 274 274 274 274 274 274 274 274 273 274 274 275 275 275 275 275 276 276 276 276 277 277 276 276 276 275 275 276 276 275 276 277 276 275 276 277 277 278 277 278 279 280 278 280 280 280 279 280 280 280 281 281 280 281
270 269 269 270 270 269 268 268 268 269 270 270 270 269 270 271 272 272 273 273 272 272 272 272 272 272 272 273 273 273 274 274 274 274 274 275 275 274 275 274 274 274 274 274 274 275 276 275 276 276 276 276 276 277 277 277 276 276 275 275 276 275 275 276 277 278 277 277 279 278 279 279 279 280 280 280 280 280 280 279 280 280 280 281 281 281 281
270 270 270 269 269 269 269 269 268 269 269 270 270 270 270 271 272 272 273 273 272 272 272 273 273 273 273 272 273 273 274 274 274 275 274 274 275 275 275 274 273 274 274 275 274 275 276 276 277 276 276 276 276 277 277 277 277 276 277 276 277 276 277 278 277 278 278 278 279 278 279 278 279 280 280 280 280 280 280 280 280 281 281 281 281 281 281
270 270 270 270 269 269 269 269 268 268 269 270 270 270 270 271 271 271 273 273 272 272 272 273 273 273 273 272 273 273 273 274 274 275 275 274 275 275 275 274 274 275 275 275 275 274 275 276 276 276 277 277 277 277 277 277 277 277 277 277 277 277 277 278 278 278 279 279 278 279 279 279 279 280 280 280 280 280 280 280 280 281 281 281 281 281 281
270 270 270 270 270 270 270 270 269 270 269 270 270 270 270 271 272 272 273 273 272 272 272 273 273 273 273 273 273 273 273 274 274 274 275 275 275 275 274 274 274 275 275 275 275 275 275 276 276 276 277 277 277 277 277 277 277 276 278 277 278 277 277 278 278 278 278 279 279 279 278 280 279 280 279 280 281 280 280 280 280 280 281 281 281 -32768 -32768
269 270 270 269 270 270 270 270 270 270 271 271 270 270 270 271 271 272 273 273 273 272 273 272 274 273 273 273 272 272 273 272 273 273 274 275 274 275 275 275 274 274 275 275 275 275 275 276 276 276 277 277 277 277 277 277 277 277 277 277 277 278 278 277 278 278 279 278 279 279 279 280 279 280 279 280 281 280 281 280 280 280 281 281 -32768 -32768 -32768
271 271 269 270 270 270 269 270 271 271 271 271 271 271 270 271 271 272 273 273 273 272 273 273 274 274 272 272 273 273 273 273 274 274 274 275 275 275 275 275 275 274 274 276 276 275 275 276 277 276 277 277 277 277 277 277 277 277 277 278 278 277 278 277 278 278 279 278 278 279 280 279 279 279 279 279 280 280 280 280 279 280 280 -32768 -32768 -32768 -32768
271 270 270 270 270 271 270 270 271 271 271 271 271 270 271 272 272 272 273 272 273 273 273 274 274 274 274 273 273 273 273 273 274 273 274 275 274 275 275 275 275 275 276 276 276 275 276 276 276 277 276 277 278 278 277 277 277 277 277 278 278 277 278 278 279 278 277 278 278 279 279 280 279 281 280 279 279 279 279 281 279 280 -32768 -32768 -32768 -32768 -32768
271 270 270 270 270 271 271 270 271 271 271 271 270 270 271 272 272 273 273 273 273 272 273 274 274 274 274 274 274 274 273 273 274 275 275 275 275 275 276 276 276 276 276 276 276 276 276 276 276 276 277 277 277 278 277 278 276 277 278 278 278 278 278 278 279 278 278 278 278 278 278 278 280 280 281 279 279 279 280 281 280 -32768 -32768 -32768 -32768 -32768 -32768
271 271 270 270 270 271 271 271 272 272 271 271 271 271 271 272 272 273 273 273 273 273 272 274 273 274 274 274 273 274 274 274 274 274 275 275 275 275 276 276 276 276 276 277 276 276 276 277 277 277 277 278 278 278 277 278 277 278 278 278 279 278 279 278 279 278 279 278 277 278 278 278 280 279 281 280 279 281 281 -32768 -32768 -32768 -32768 -32768 -32768 -32768 -32768
271 270 270 270 271 271 272 271 272 271 271 272 271 272 272 272 272 273 273 273 273 273 274 274 275 274 274 274 273 274 273 273 274 274 274 274 275 275 275 275 276 276 276 276 276 276 277 277 277 277 277 278 278 278 278 278 278 278 279 279 279 279 279 279 279 279 278 279 279 278 279 278 278 279 280 -32768 -32768 -32768 -32768 -32768 -32768 -32768 -32768 -32768 -32768 -32768 -32768
270 270 270 271 271 270 272 272 271 270 271 272 272 272 272 272 272 273 273 274 274 273 273 274 275 275 274 275 274 274 274 273 273 273 274 274 274 275 275 275 275 276 276 276 276 276 277 277 277 277 277 277 278 278 278 278 278 279 279 279 279 279 279 280 280 279 279 279 278 279 279 279 279 278 278 277 281 -32768 -32768 -32768 -32768 -32768 -32768 -32768 -32768 -32768 -32768
271 271 271 270 271 271 272 272 271 271 271 271 272 272 272 273 272 273 272 273 274 274 274 274 275 275 275 275 275 273 274 273 273 273 274 273 273 274 274 274 275 275 276 276 275 276 276 277 277 277 277 277 278 278 278 278 278 278 279 279 279 279 279 279 280 280 280 279 279 279 279 279 279 277 277 280 -32768 -32768 -32768 -32768 -32768 -32768 -32768 -32768 -32768 -32768 -32768
271 272 272 270 271 271 271 272 272 272 272 272 272 273 273 271 272 273 273 272 274 274 274 273 275 275 275 275 275 275 274 273 272 272 273 273 273 273 273 275 275 275 275 269 275 275 276 276 277 277 277 277 277 277 278 278 278 278 278 279 279 279 279 279 279 280 280 280 279 279 279 280 279 279 280 -32768 -32768 -32768 -32768 -32768 -32768 -32768 -32768 -32768 -32768 -32768 -32768
272 272 271 271 271 271 272 272 272 272 272 272 272 273 273 272 273 272 271 273 273 272 274 274 274 273 275 275 275 274 274 274 272 274 272 273 274 274 274 275 275 275 261 261 274 275 276 276 275 276 277 277 277 277 277 277 276 276 278 278 278 278 278 279 279 280 280 280 280 280 280 279 280 280 -32768 -32768 -32768 -32768 -32768 -32768 -32768 -32768 -32768 -32768 -32768 -32768 -32768
272 272 271 271 271 271 272 272 272 272 272 273 272 273 273 273 272 271 272 271 273 272 272 272 274 274 275 275 275 275 275 274 274 273 272 274 275 274 274 272 274 269 268 274 274 275 276 273 276 276 277 277 277 276 276 275 275 276 278 277 278 279 279 279 279 279 280 280 280 279 280 280 -32768 -32768 -32768 -32768 -32768 -32768 -32768 -32768 -32768 -32768 -32768 -32768 -32768 -32768 -32768
272 272 271 271 271 271 272 273 272 272 273 273 273 273 273 273 272 272 272 272 273 273 273 273 273 274 274 275 275 275 274 275 275 273 274 274 275 273 272 273 272 273 273 274 274 274 274 275 275 276 277 277 277 276 276 275 276 277 277 277 278 278 279 279 279 279 279 279 279 279 279 -32768 -32768 -32768 -32768 -32768 -32768 -32768 -32768 -32768 -32768 -32768 -32768 -32768 -32768 -32768 -32768
271 271 271 271 271 272 272 273 272 271 273 273 272 274 273 273 273 272 273 272 272 273 273 274 274 273 275 275 275 275 276 275 274 273 275 274 275 268 274 274 273 273 274 274 275 275 275 275 275 276 276 276 276 277 277 276 277 277 276 276 278 278 279 279 279 279 280 279 279 279 -32768 -32768 -32768 -32768 -32768 -32768 -32768 -32768 -32768 -32768 -32768 -32768 -32768 -32768 -32768 -32768 -32768
271 270 271 271 272 272 272 272 273 273 273 273 274 274 273 273 273 273 273 273 273 273 274 274 274 274 274 275 276 276 276 276 275 275 275 274 274 273 275 274 272 275 274 275 276 276 275 275 276 276 276 276 277 277 277 278 278 277 277 277 277 278 278 279 279 280 -32768 -32768 -32768 -32768 -32768 -32768 -32768 -32768 -32768 -32768 -32768 -32768 -32768 -32768 -32768 -32768 -32768 -32768 -32768 -32768 -32768
