wc0.5/Cropped/bio9_28.asc
NCOLS 282 
NROWS 470 
XLLCORNER 79.525 
YLLCORNER 5.91666666666667 
CELLSIZE 0.00833333333333331 
NODATA_value -32768 
[rows 304 to 341 of 470, columns 87 to 173 of 282]
261 267 266 262 265 265 270 268 270 263 263 261 263 265 266 268 269 268 267 266 267 260 260 265 264 245 227 236 239 238 238 235 235 239 229 238 240 240 238 240 236 236 244 243 240 239 242 238 244 241 243 243 242 242 242 241 241 239 238 243 244 245 243 236 236 235 236 238 231 233 232 225 226 230 239 231 238 235 229 236 227 232 228 229 246 265 272
265 267 264 261 265 268 268 270 269 269 263 261 263 265 265 266 268 267 267 268 268 265 264 263 265 265 246 242 240 239 239 240 242 239 240 240 241 240 237 236 243 234 244 243 241 243 243 241 234 243 244 243 242 242 244 242 243 240 239 239 240 240 244 244 232 231 237 237 239 224 218 217 232 237 236 234 230 239 229 242 222 229 224 225 235 262 270
262 263 266 264 266 266 267 268 268 267 260 257 262 262 264 266 269 267 265 263 265 267 267 263 264 265 264 245 239 239 240 242 240 242 241 241 241 241 242 238 245 243 244 243 243 238 232 229 235 234 245 243 242 242 243 243 244 241 237 242 240 242 243 244 239 242 241 239 229 229 225 222 231 236 239 233 229 227 235 231 231 228 234 230 232 262 264
262 261 262 266 265 266 266 268 262 264 262 257 257 258 263 268 267 267 265 265 260 262 262 260 259 264 260 245 243 239 240 240 241 241 241 241 241 241 242 240 242 243 243 243 234 228 224 217 230 239 241 239 244 245 244 243 244 243 239 240 243 242 241 244 244 230 234 238 236 226 218 219 231 234 242 236 238 229 240 237 234 228 235 235 240 260 259
263 263 261 267 269 268 261 262 264 262 258 256 258 256 266 268 266 265 264 262 256 259 261 262 261 259 258 259 250 244 234 234 235 241 242 242 241 241 242 242 243 244 238 237 230 216 217 214 226 233 237 242 243 240 240 242 245 245 242 242 243 242 242 243 242 231 237 233 227 224 214 220 230 240 239 230 236 234 233 240 235 223 240 240 237 255 258
262 263 260 265 262 265 269 263 263 265 261 261 260 263 266 268 267 265 267 266 261 261 262 261 261 259 254 260 259 247 243 243 238 235 241 240 241 242 242 243 244 244 239 231 226 210 223 230 235 240 241 239 243 239 237 237 231 244 245 244 243 234 241 245 244 242 240 229 227 228 220 220 233 247 241 231 236 236 237 246 236 229 241 240 236 258 233
260 262 264 263 263 264 263 258 261 259 262 263 263 264 263 263 260 258 257 258 259 258 260 261 261 261 261 260 260 259 256 239 236 238 241 240 241 242 241 240 243 244 232 223 216 210 219 227 229 231 229 236 240 236 238 237 239 241 240 244 244 244 231 243 244 239 233 230 230 233 226 222 230 244 242 234 229 233 238 244 242 231 240 237 263 262 238
260 262 262 264 266 266 265 263 261 258 259 263 261 261 260 258 255 257 255 255 255 257 260 261 260 259 260 259 256 259 257 257 238 240 241 237 239 239 240 239 241 242 235 220 210 202 210 219 222 219 224 232 234 236 238 242 242 240 245 241 236 242 236 233 242 238 236 226 227 231 230 222 233 246 242 232 239 244 240 244 229 231 234 242 261 263 258
258 261 259 260 262 263 264 262 260 258 258 262 263 263 261 257 255 254 255 255 254 257 259 261 261 261 260 260 258 260 259 254 251 242 240 242 232 239 240 239 242 242 244 228 220 206 200 207 214 210 210 224 228 236 237 240 239 239 234 237 235 238 237 234 234 246 241 229 240 236 234 232 246 259 242 239 237 242 260 260 234 230 243 256 264 259 267
262 262 260 263 262 264 264 261 258 259 258 260 262 261 261 262 261 260 257 257 258 257 260 260 261 260 260 260 259 245 248 248 239 242 244 236 239 242 242 242 241 242 244 236 226 219 202 210 206 211 208 214 225 225 226 232 237 240 236 235 235 238 244 232 233 236 247 234 239 243 232 226 249 246 243 240 246 265 262 264 239 229 261 258 243 265 269
260 263 263 262 265 263 263 260 260 256 259 259 261 261 261 261 256 259 256 256 259 257 258 258 261 260 259 259 259 252 240 250 238 238 239 238 237 242 242 242 242 243 244 242 232 225 211 206 215 215 226 212 203 204 228 223 229 235 237 231 229 232 235 233 228 227 247 236 238 244 237 242 247 245 234 264 243 265 265 264 241 233 264 264 264 268 264
260 262 260 259 265 264 265 261 265 262 259 259 262 263 264 260 257 252 252 255 257 256 256 258 261 260 261 260 259 258 251 248 241 235 241 238 238 238 241 242 242 242 244 235 236 232 228 210 214 221 220 228 203 208 206 206 224 227 234 233 227 223 234 231 227 237 263 242 250 247 263 242 247 247 236 264 264 265 265 265 265 269 270 270 271 270 268
259 263 260 263 263 263 262 263 268 262 255 258 259 263 263 262 256 245 228 244 254 252 249 257 259 259 258 259 259 260 254 238 240 240 234 236 237 238 238 241 242 241 244 240 236 231 226 216 213 222 220 218 209 199 206 202 222 228 225 231 230 232 231 230 226 232 246 252 263 263 263 247 262 263 264 265 264 264 264 265 265 269 266 270 271 271 272
263 264 264 263 261 263 260 263 263 265 256 256 260 261 259 266 255 251 237 231 244 243 242 250 259 258 260 259 258 258 259 241 245 241 235 227 238 236 242 240 240 241 244 238 230 233 233 230 225 220 225 226 224 205 197 202 208 222 230 228 233 233 226 233 233 232 235 242 252 264 260 262 264 261 260 264 265 264 262 264 241 229 260 267 262 265 266
259 258 259 259 258 260 264 263 263 268 264 259 260 266 259 263 259 256 252 245 246 252 255 259 259 260 259 259 257 258 259 258 249 253 233 227 235 231 238 244 243 243 241 233 230 230 230 231 224 224 209 199 209 207 206 222 224 223 227 230 231 231 228 231 225 231 231 224 234 244 246 260 234 241 263 264 264 264 265 261 237 239 244 265 265 240 255
257 259 261 258 262 261 264 259 258 267 258 266 261 266 265 263 263 266 262 258 257 260 259 258 260 259 259 258 256 257 257 257 256 253 245 226 243 238 244 244 241 238 234 228 227 223 227 229 229 226 224 205 197 207 223 228 228 221 228 231 226 225 229 232 227 209 204 219 228 235 250 247 228 237 248 263 264 264 259 241 240 226 236 243 267 267 245
259 261 260 256 262 261 261 258 255 265 258 254 259 263 261 257 257 258 258 254 247 245 257 249 258 258 257 257 256 256 256 257 258 247 246 225 242 244 243 244 239 231 228 226 223 218 220 223 228 221 211 202 205 196 210 227 222 225 231 225 227 226 230 230 223 207 201 216 227 237 260 249 233 235 246 260 264 264 258 237 228 220 237 239 257 264 257
258 259 260 260 260 263 259 259 258 257 256 252 255 259 260 257 257 250 256 255 242 225 232 239 256 259 259 257 257 255 249 241 251 238 228 217 238 243 244 242 234 224 216 221 220 219 218 211 227 225 228 204 195 200 204 225 221 223 229 224 228 223 220 227 223 215 205 218 232 237 249 245 240 242 248 241 264 257 257 231 228 220 235 238 239 266 238
258 257 260 263 263 258 256 253 259 262 256 255 252 253 260 259 257 254 253 251 239 215 229 234 256 259 258 258 258 259 252 230 237 235 230 232 237 242 243 241 233 227 220 225 228 223 227 207 209 219 228 206 194 195 196 205 226 219 224 230 226 229 222 217 224 218 215 223 234 242 248 242 243 236 228 240 246 229 229 229 227 229 233 242 257 263 256
257 261 263 264 264 257 260 261 257 261 260 259 258 261 260 260 258 252 248 242 243 226 226 245 252 256 259 257 257 240 244 226 229 230 224 220 225 242 241 242 234 234 231 227 219 218 212 225 223 205 207 204 202 189 194 200 222 224 228 225 230 225 224 223 227 230 232 231 231 244 242 229 240 236 237 260 239 230 230 241 225 219 242 258 262 256 238
261 261 259 264 265 259 258 260 257 262 263 263 257 254 255 255 256 261 257 252 238 228 227 231 224 239 253 253 223 222 230 226 231 223 226 224 230 242 238 241 237 228 221 211 206 205 207 208 211 208 202 196 201 177 194 197 209 210 203 219 222 223 214 223 228 231 229 233 242 242 224 230 232 230 240 236 234 216 220 227 234 227 232 261 261 255 233
252 258 261 264 264 261 258 256 261 263 262 257 258 254 252 249 242 233 245 230 224 224 210 216 221 223 225 243 244 215 226 235 226 223 225 223 234 239 235 233 239 235 226 211 208 203 204 205 208 209 203 201 191 175 196 207 195 194 206 200 203 217 216 214 224 221 232 236 224 233 226 227 235 228 241 237 238 222 215 225 234 235 231 236 256 260 234
255 255 261 265 265 254 255 257 260 258 258 260 257 252 251 247 248 233 227 220 217 216 210 205 220 213 218 221 232 227 225 223 223 224 227 225 224 238 235 233 227 228 224 227 226 224 207 203 192 197 202 198 195 178 187 189 172 175 194 203 212 214 209 212 218 232 231 224 230 230 217 216 227 235 228 237 227 228 218 217 228 229 243 236 261 257 258
256 256 265 265 265 260 253 254 260 260 263 256 261 260 262 257 254 244 235 217 214 211 211 203 205 212 215 222 230 231 224 224 225 221 228 224 238 239 234 226 219 223 220 211 205 211 222 203 199 195 195 193 195 181 170 169 162 170 175 190 201 204 202 199 208 228 229 230 226 221 211 206 222 229 233 229 226 230 218 213 222 230 243 254 259 251 253
257 262 265 265 264 263 256 258 263 261 264 262 263 262 261 264 261 254 245 236 229 221 217 211 208 216 225 220 220 221 226 224 224 225 229 217 237 236 235 224 216 216 211 210 200 198 208 207 202 201 189 180 192 189 170 160 157 163 173 188 188 187 183 186 207 219 233 225 219 210 212 202 224 230 235 236 231 221 212 206 226 238 233 233 257 248 250
257 262 265 264 262 261 265 263 259 259 258 261 255 247 234 247 252 238 236 224 219 220 208 205 208 209 219 215 217 216 218 220 219 224 227 223 233 230 232 227 214 204 200 202 192 188 203 211 209 203 197 182 181 176 171 166 157 162 171 175 175 172 185 200 219 220 231 218 210 200 200 212 211 222 226 226 227 221 203 209 221 239 236 242 257 251 252
264 265 265 264 264 265 265 257 253 256 254 255 251 236 224 234 242 229 228 245 233 233 235 220 222 218 212 211 200 205 207 210 215 224 228 238 236 234 234 225 213 200 201 195 197 185 204 219 223 208 205 199 182 181 176 172 165 156 163 164 164 165 195 217 228 228 225 216 202 191 181 194 195 203 218 215 215 211 222 217 223 242 237 235 252 255 254
264 265 265 265 265 265 261 254 253 255 252 254 250 244 231 248 246 248 245 246 236 238 234 214 211 212 203 206 191 197 194 203 219 227 232 235 234 228 224 233 224 217 212 224 211 205 226 221 228 217 226 209 202 189 179 175 170 163 157 163 176 195 202 221 224 218 218 207 198 185 184 187 183 202 208 209 217 229 232 236 233 243 243 232 250 247 257
264 265 265 265 265 262 260 256 251 261 261 257 259 255 252 249 241 240 236 218 224 231 231 226 219 209 207 202 205 189 202 214 221 224 234 235 234 226 219 223 230 229 226 230 226 228 226 227 224 226 223 220 225 203 197 191 174 164 157 156 189 206 214 221 208 206 206 198 183 179 182 182 181 180 194 204 215 232 236 242 242 243 235 224 246 249 247
265 264 263 263 258 260 259 260 260 261 257 260 259 252 241 222 217 213 218 209 220 226 223 226 222 213 213 201 208 216 218 221 228 236 236 233 232 228 219 218 215 223 221 229 226 226 225 223 220 228 222 221 219 210 197 194 174 167 158 169 191 209 215 215 201 183 186 181 170 169 168 166 187 179 184 201 220 227 228 229 244 240 238 226 235 252 247
265 260 258 257 257 258 261 263 259 256 255 252 254 243 232 218 219 208 201 209 211 234 222 214 212 217 221 216 217 224 235 236 237 237 236 229 226 229 212 204 206 205 203 204 206 216 210 211 222 222 214 204 201 205 193 184 177 168 161 160 188 196 205 213 194 172 169 166 167 169 166 158 165 166 190 201 212 220 226 230 241 233 227 229 236 248 238
265 264 255 258 261 265 261 264 261 259 259 254 242 237 235 224 235 223 224 222 223 237 237 216 206 205 219 224 219 225 235 235 235 235 232 229 219 224 212 207 207 202 199 195 190 193 201 217 223 203 192 173 181 196 190 176 168 165 163 163 169 174 191 210 196 172 161 163 166 166 164 159 165 186 194 198 204 228 231 233 237 223 229 224 232 250 231
264 264 255 265 265 265 264 263 261 260 254 254 248 247 240 236 241 235 244 250 238 246 244 224 218 197 212 226 216 232 237 235 234 234 232 223 212 216 219 219 213 198 191 185 187 195 200 217 218 203 188 180 174 175 178 179 169 157 156 160 161 164 166 199 204 172 159 160 167 163 163 168 171 187 192 195 208 217 230 234 229 217 220 234 237 245 232
265 265 262 263 262 265 258 255 260 257 261 255 259 249 253 253 249 252 254 256 257 255 251 243 212 203 214 230 232 234 236 234 232 228 231 231 220 208 211 214 211 205 190 182 188 216 217 214 214 210 198 183 177 174 172 174 175 167 156 144 148 152 170 174 169 160 153 155 159 163 166 171 183 189 193 201 204 201 220 233 228 222 229 235 242 245 233
255 265 257 252 257 259 265 261 263 262 263 262 258 260 256 256 256 255 253 263 258 255 253 238 214 207 226 229 233 234 233 232 226 227 229 219 215 206 208 204 208 204 196 188 201 210 218 201 201 203 204 197 187 181 177 172 169 170 162 148 142 147 160 154 152 148 150 153 157 166 172 183 188 189 192 195 206 211 226 219 205 219 230 232 233 236 242
259 265 259 260 256 258 258 260 265 256 257 261 249 259 258 256 261 257 257 263 258 253 247 245 229 218 236 226 235 233 226 223 222 228 224 215 210 204 204 201 202 203 194 187 205 214 215 211 190 191 195 195 192 185 180 170 165 165 163 153 142 139 135 135 139 149 154 157 157 163 162 170 183 191 193 193 202 213 209 205 198 211 224 226 227 233 240
261 264 261 264 255 257 257 257 263 263 262 263 263 263 263 263 265 257 264 263 259 253 247 255 247 241 247 247 230 228 222 217 220 227 226 210 204 203 198 194 188 193 193 187 200 209 211 201 184 189 181 181 185 181 178 175 169 163 158 156 152 141 138 134 139 153 156 156 158 156 157 170 171 182 183 182 208 206 205 196 190 203 204 212 209 225 235
264 265 264 264 260 256 255 260 261 257 258 259 258 258 260 250 250 257 260 263 264 260 262 258 259 256 254 255 242 232 220 211 216 223 224 212 202 201 191 178 183 189 187 183 189 209 207 199 194 176 168 173 176 168 171 169 167 163 151 149 156 154 148 142 143 150 158 158 156 153 156 160 161 169 184 200 202 196 195 188 190 197 197 215 226 231 236
