Validation points/black/Bungarus_ceylonicus-black.asc
NCOLS 267 
NROWS 469 
XLLCORNER 376490.070567719 
YLLCORNER 381033.488324056 
CELLSIZE 919 
NODATA_value -9999 
[rows 240 to 259 of 469, columns 132 to 175 of 267]
6.41841834988504e-10 1.09910119573894e-09 1.01349928397648e-09 6.57195475369786e-10 7.15969514742225e-10 1.16537657738004e-09 9.70543776332624e-10 6.52990765414419e-10 6.8402009510151e-10 4.90459104448929e-10 4.99663350145187e-10 5.25777014985522e-10 5.38952433669008e-10 7.38290466390033e-10 8.19220427914524e-10 9.40579202577201e-10 1.01526202844516e-09 1.05625788970568e-09 9.80820047287525e-10 1.01479886953059e-09 6.9932402846382e-10 9.72751067557218e-10 8.88755721248751e-10 8.92970897644012e-10 8.42579535688839e-10 8.0398118227644e-10 7.86386868646147e-10 7.59967698417473e-10 7.67463992102376e-10 6.72173069357773e-10 4.47836061759612e-10 4.41273419878566e-10 4.35711113820184e-10 6.47738287339442e-10 4.14613249355668e-10 6.14030224241742e-10 5.20574467199962e-10 4.41343224763722e-10 4.06825486058688e-10 4.2721344949634e-10 4.41921605634788e-10 4.23315621248434e-10 3.9245069537515e-10 3.98175281652175e-10
7.97851758693669e-10 9.41125913779128e-10 6.6965855530449e-10 5.62427742272692e-10 6.36270220391142e-10 7.54109633592314e-10 8.2192115749397e-10 7.10952135306977e-10 7.13992950819216e-10 7.26140754361866e-10 5.14365288377632e-10 7.12721135108423e-10 7.88568263648856e-10 6.06135360461745e-10 9.36069946950901e-10 9.70043913259095e-10 1.03858413256745e-09 1.10093733656293e-09 1.08844644334809e-09 1.05035180921295e-09 1.02287748275399e-09 9.3069862224581e-10 9.59551697193933e-10 9.12626778685742e-10 8.6388862500043e-10 8.40753246013577e-10 8.16925840005628e-10 7.84923806973133e-10 7.61028032951051e-10 5.2706764475155e-10 4.74344236479802e-10 4.86335945746891e-10 5.239240135084e-10 4.3257112880162e-10 6.36546722375542e-10 6.42861812759026e-10 5.1307697658075e-10 4.3536395358201e-10 4.59150482296774e-10 4.78332988377856e-10 7.03822743086854e-10 4.2954785885584e-10 4.08524195179034e-10 4.17744294793695e-10
8.90424406921519e-10 1.25473458152109e-09 8.72673061898856e-10 5.88867015455348e-10 6.43938492520988e-10 6.94509442090414e-10 7.66399204729673e-10 7.80832801204613e-10 6.72270686642641e-10 9.85360435895446e-10 5.09204255356471e-10 5.48404085261931e-10 5.90939967982095e-10 8.44340078011391e-10 6.06656256746589e-10 9.77892957360914e-10 1.04894777398791e-09 1.10947598694048e-09 1.10972366246586e-09 1.06749012863779e-09 1.03101822803494e-09 9.80138514141324e-10 9.14053772636393e-10 8.80880770139683e-10 8.75631354778607e-10 8.62822914808436e-10 8.40967498966317e-10 5.33539251848412e-10 5.3713818936471e-10 5.80072399582361e-10 7.42499724141145e-10 7.28279996726654e-10 4.70235032719844e-10 4.55127656309862e-10 6.35236890336891e-10 7.30388229719822e-10 4.86309576760389e-10 4.6816171530693e-10 4.76809930658222e-10 5.64313289475706e-10 7.62002230406653e-10 4.51047827049941e-10 4.52056872216283e-10 4.58237320761129e-10
1.17149008205713e-09 8.16664448843399e-10 4.77339646016641e-10 5.8011841200073e-10 6.00579481226582e-10 6.72820069451242e-10 7.18873977203495e-10 7.22786647263397e-10 5.15496713246925e-10 7.03336327454178e-10 5.22247819621177e-10 8.19031062764888e-10 5.54790996906029e-10 5.73632925938502e-10 9.05051713633737e-10 9.64911703508825e-10 1.09101966216095e-09 1.12530639749856e-09 1.07124525814419e-09 1.05204824300034e-09 1.16831099374896e-09 1.01305822860604e-09 9.55667022494024e-10 9.53189973357753e-10 9.30285136533808e-10 7.54440718449301e-10 8.8197968000905e-10 8.47412794114684e-10 5.76358932044332e-10 5.52011367616032e-10 5.33476932878664e-10 5.29759595591464e-10 7.39330366471574e-10 4.70244397338537e-10 6.77512954058912e-10 4.90332228313323e-10 5.0372952366049e-10 4.94228500674311e-10 4.84035519718885e-10 5.04496382605582e-10 6.08595185944257e-10 4.73865175090845e-10 5.1378186435815e-10 4.83559861003891e-10
6.75707125911217e-10 6.72050401411262e-10 6.97429573435182e-10 6.18001169369808e-10 6.85664718795077e-10 7.61166463524319e-10 4.6136468039744e-10 4.60628077091915e-10 6.50051642839805e-10 7.29352619608643e-10 5.15334844147242e-10 6.01914081963107e-10 5.69027526589612e-10 9.08733532459039e-10 9.582454214742e-10 1.02402039027428e-09 1.09404645190307e-09 1.11066812829694e-09 1.07488391556743e-09 1.08277407458781e-09 1.03372291677124e-09 9.87905943295943e-10 1.01958939186748e-09 8.53214498712694e-10 8.71023492764559e-10 9.00867602588347e-10 8.81231244719988e-10 5.85645539985736e-10 5.93755224577569e-10 5.811242641637e-10 5.39674282643699e-10 5.44647990563087e-10 5.19688374865611e-10 4.93661609224671e-10 5.06938757392996e-10 5.12423670641347e-10 5.05807547861443e-10 4.9913491127551e-10 5.04214559253967e-10 5.20730355673592e-10 5.09441549084699e-10 5.11376916413582e-10 7.42098791031266e-10 4.91306716573034e-10
5.49552964808514e-10 7.37584439041727e-10 1.1588996040086e-09 1.03407970358741e-09 6.70487720117691e-10 6.75717088768592e-10 4.97985213159391e-10 4.90051264499062e-10 7.19329569804016e-10 7.85466967024507e-10 5.286952119064e-10 5.4840904113569e-10 5.70413898979627e-10 9.26473296269839e-10 9.91002806822159e-10 1.03940420164467e-09 1.10147591276338e-09 1.15664166401183e-09 1.11650311809377e-09 1.07687831960506e-09 1.06463500358437e-09 1.08392408072266e-09 1.10307291668582e-09 1.04202430503769e-09 9.40472281975682e-10 9.14533278312071e-10 8.97154526063475e-10 5.98411623841953e-10 5.9123889934232e-10 6.14626380178783e-10 6.04123673789899e-10 5.75120309348997e-10 5.53773341292659e-10 5.21694884509445e-10 5.44500763019197e-10 5.37235908340885e-10 6.00752161472563e-10 5.34574649809749e-10 5.45296336232194e-10 8.33134547764648e-10 7.22069369841403e-10 5.38191469372828e-10 5.95491405509045e-10 5.22566919013554e-10
7.9519148914972e-10 1.02217846038646e-09 9.76385107399521e-10 1.24889295998015e-09 1.09425640156461e-09 5.67316392780524e-10 4.76355960623369e-10 7.47196722148442e-10 1.16044526869322e-09 1.22384269133586e-09 5.34015366032253e-10 5.55007179544633e-10 9.1141096329037e-10 9.97450295390786e-10 1.08704660522877e-09 1.12191740486338e-09 1.15054198341631e-09 1.14191340309292e-09 1.12735878796957e-09 1.07768254422785e-09 1.06143921174848e-09 1.0481511961906e-09 1.04512803529154e-09 9.95846695686135e-10 7.27157590691545e-10 9.54385066375939e-10 9.11461513912241e-10 9.27487174563036e-10 6.0778706267741e-10 9.46084279996405e-10 6.40013164399788e-10 5.73363237633878e-10 5.76893095580655e-10 5.43927499152717e-10 5.31757200741897e-10 7.96602396120404e-10 7.50169132025648e-10 6.4581230355168e-10 5.71272428624577e-10 5.76609812506597e-10 5.54887748654358e-10 5.38568437272788e-10 5.37413592050776e-10 5.50058434240138e-10
1.06536242246033e-09 1.22146243240537e-09 7.2846418097305e-10 7.93714801076897e-10 8.4390969835555e-10 7.52622768230307e-10 7.24761731210758e-10 4.91706714308981e-10 7.28672776076497e-10 1.13320305052194e-09 1.05793075376849e-09 1.25861088830817e-09 9.26298267414283e-10 1.0202099087626e-09 1.15603707116323e-09 1.24478116341439e-09 1.24419885588547e-09 8.00072463769412e-10 1.16458837777259e-09 1.15849535354124e-09 1.10200441222571e-09 1.06142652339622e-09 1.05630874475162e-09 8.27313895894709e-10 9.85493525442776e-10 9.89568312649295e-10 1.0180651221394e-09 9.7780148147076e-10 6.31385304713771e-10 9.70684357487643e-10 6.34888167181252e-10 8.07841940730338e-10 5.86049175300924e-10 5.89441362240496e-10 6.91184926856898e-10 5.73352011368988e-10 6.12185397002486e-10 6.11292081343731e-10 5.84648185281118e-10 8.49316897806606e-10 5.9283681392582e-10 5.69152096279773e-10 8.86066596101275e-10 5.88494464317346e-10
6.60613606707647e-10 9.7812384412065e-10 1.48650434658645e-09 1.08450080722788e-09 7.14587317207593e-10 7.38895089788335e-10 7.86127262198795e-10 5.17690102341513e-10 5.52453022015682e-10 5.96532079533842e-10 5.89387801751067e-10 6.00993676862516e-10 9.56080902491002e-10 1.04898797356658e-09 1.20204043713636e-09 1.29047403592276e-09 1.33562742699829e-09 9.90147345944268e-10 1.20693041203377e-09 1.15607621077311e-09 1.12498790776095e-09 1.06404701455006e-09 1.0245943571228e-09 1.05703487631711e-09 1.034859306945e-09 1.05693374342884e-09 1.04608225388592e-09 9.83679834431395e-10 6.51000183756994e-10 9.97489285332727e-10 6.44755456931888e-10 6.15613367383598e-10 6.56065460166354e-10 7.90794374274805e-10 6.20987468822235e-10 6.14367234484893e-10 6.08138683521386e-10 8.41299984875274e-10 5.9970366933859e-10 6.1827419581397e-10 6.09316913365017e-10 6.05304153149455e-10 9.45993135915966e-10 6.12388484166166e-10
6.02182013576128e-10 6.71718705211772e-10 7.39582304671593e-10 1.05650804036892e-09 7.08237261910555e-10 7.00130995219173e-10 8.05046018361302e-10 5.26615949080874e-10 8.05159463322923e-10 5.5141243213953e-10 7.48070777827234e-10 1.70461707774873e-09 1.39859906484974e-09 1.07665026814788e-09 1.18514106313637e-09 1.27941188122318e-09 1.37806419966017e-09 1.2927207552032e-09 1.16145579530896e-09 1.13712383444702e-09 1.10791639903798e-09 1.08435430666387e-09 1.09164899758122e-09 1.07021546790993e-09 1.0832353305088e-09 1.08677544941293e-09 1.02370969274386e-09 1.00153639380851e-09 6.61460394919829e-10 6.74897373257899e-10 6.78453703696439e-10 6.6438509189374e-10 6.37305331892659e-10 9.36762715067921e-10 6.34422546450959e-10 6.91054717036032e-10 8.47935162480498e-10 9.2295051894263e-10 6.49725802663229e-10 9.80127713770024e-10 6.53279796524927e-10 6.56805635369684e-10 6.46625686243736e-10 6.38021586229289e-10
7.56258609315139e-10 9.16215387273723e-10 1.46907115708156e-09 1.58217217386795e-09 7.38632105947373e-10 4.58005941805596e-10 1.03047033296232e-09 7.74477816428841e-10 5.33202744490452e-10 8.12783772869306e-10 7.93524460442389e-10 1.8493118022796e-09 1.44420747260747e-09 1.06700464620379e-09 8.82207272681324e-10 1.40868025977169e-09 1.77244139384616e-09 1.61563405007721e-09 1.17738458447731e-09 1.17283775300463e-09 1.11392169755036e-09 1.09360932539825e-09 1.11983677777346e-09 1.12974229930978e-09 1.11239806052795e-09 1.05109542738307e-09 1.0329963982216e-09 1.01204462483694e-09 6.69648395623021e-10 9.45890335538212e-10 6.89206348543627e-10 6.73927997644037e-10 6.58388019851265e-10 6.54371342599074e-10 6.37840952820414e-10 6.27044804940447e-10 6.20288157383549e-10 6.38662222021148e-10 6.50046421148606e-10 6.30846025630652e-10 6.43855665233789e-10 6.52330881599123e-10 6.54740271419305e-10 6.52401953252052e-10
9.91571979600132e-10 1.0141045888869e-09 7.62637601354193e-10 1.07151037301635e-09 1.60051528536989e-09 7.38396049441987e-10 1.12840433291342e-09 1.27388534562236e-09 5.58688468002665e-10 5.64242731037778e-10 8.75477211160017e-10 9.8531566091821e-10 1.06588332792634e-09 1.22117598403529e-09 1.34514957058204e-09 1.50236813367972e-09 1.70912910730564e-09 1.78169617364314e-09 1.65520302499467e-09 1.18007313055045e-09 1.11235231526866e-09 1.11298415034623e-09 1.12619162847241e-09 1.15384139393453e-09 1.14456505286988e-09 1.08957792346539e-09 1.06602312823578e-09 1.02990904684344e-09 6.76128563487411e-10 7.24902396732001e-10 1.12830585705069e-09 7.21671379880744e-10 1.05753059684186e-09 1.03281086894131e-09 6.57966162761061e-10 6.35775320356837e-10 6.3774403824796e-10 6.4209659556436e-10 6.55929311078608e-10 8.58210304800938e-10 6.59372890262536e-10 1.00063598289087e-09 6.84852532309845e-10 6.74491801810447e-10
1.77220452996348e-09 1.17980004125492e-09 9.9240412915399e-10 1.61697504821619e-09 1.11648622346482e-09 1.20088994714424e-09 8.70638645082917e-10 9.11352156610233e-10 5.62528117335978e-10 5.58221836908748e-10 8.86309774315151e-10 9.75284301362692e-10 1.34626443841375e-09 1.97221532677776e-09 1.66942194234876e-09 1.59641381502426e-09 1.83956346819332e-09 1.58927267388291e-09 1.37787195743042e-09 1.2113413915176e-09 1.17747877071385e-09 1.16286738103813e-09 1.20886176334353e-09 1.21168981095584e-09 1.1732804198943e-09 7.40043590571007e-10 1.12873659686024e-09 1.08311634146768e-09 6.82427228547379e-10 6.958899857146e-10 7.10316772400399e-10 7.33271853748742e-10 7.27697642373191e-10 6.81627814419579e-10 6.62668514229128e-10 6.66864894593057e-10 6.59106790446255e-10 6.61924923132334e-10 6.88427103290535e-10 6.79200177076029e-10 6.65243099249524e-10 6.91675306578539e-10 1.05721854399143e-09 7.25376881439252e-10
1.34042147672092e-09 7.49940827323439e-10 7.59677440826505e-10 8.34551408287997e-10 1.08706090052346e-09 1.74387988474267e-09 1.12600290088771e-09 6.57609743736347e-10 5.89553352626129e-10 5.47164323283069e-10 8.67439328593679e-10 8.76489246512223e-10 1.06363496935861e-09 1.23788579160727e-09 1.28855676592343e-09 1.36684635818843e-09 1.4165674231879e-09 1.28790322196915e-09 1.259735670857e-09 1.22579649040082e-09 1.18732443182196e-09 1.15618949213785e-09 1.17255324245085e-09 1.16175088460267e-09 1.12435773395825e-09 1.13638127509097e-09 1.13256633343932e-09 1.10158422675235e-09 6.87483047425193e-10 6.99389076708148e-10 7.2084300305808e-10 7.34789412307684e-10 7.20061908560843e-10 7.00146047188666e-10 6.84741828409953e-10 7.74202343023384e-10 6.84508904435272e-10 6.69044076862414e-10 7.00290062616083e-10 7.26551867953283e-10 1.07365332082162e-09 7.04276023864807e-10 1.18365560711629e-09 7.87627904873471e-10
8.85420342024174e-10 1.06649033177223e-09 1.1276330761549e-09 7.68543621412241e-10 1.1813782360493e-09 1.8890347955511e-09 1.36263680121231e-09 6.25970908281789e-10 6.43340529662062e-10 5.81421538384077e-10 9.01833461081342e-10 9.23476806727281e-10 1.08172415911031e-09 1.23019609535252e-09 1.30076179967831e-09 1.40039482988857e-09 1.36821420811182e-09 1.26212695282274e-09 1.20896382908067e-09 1.18569508820259e-09 1.11818212799902e-09 1.12424935876242e-09 1.13744202219717e-09 1.17818776018148e-09 1.16996860855161e-09 1.14351731840317e-09 1.12173556883884e-09 1.0834782711325e-09 6.90818004982179e-10 7.17600596949316e-10 1.04243253316783e-09 7.56367380661373e-10 7.39974178279493e-10 7.30106159047058e-10 7.140954140555e-10 7.17494805512234e-10 7.07517896627416e-10 7.24455214867036e-10 7.06195924872288e-10 7.36559676295464e-10 7.50371277520243e-10 7.23807232573358e-10 7.58897424947817e-10 1.23303943940457e-09
1.58419966530759e-09 1.74411201648136e-09 1.61177883552232e-09 1.06469135222768e-09 1.2006169630661e-09 1.40814214827852e-09 9.67304701908024e-10 9.32204723310572e-10 5.94662518821178e-10 8.00593538437977e-10 1.28465693891871e-09 8.13653523694067e-10 1.05506199755016e-09 1.48683019300939e-09 1.74942925085598e-09 1.48375703548477e-09 1.45954618112912e-09 1.27934604450761e-09 1.2160299634575e-09 1.20344376269246e-09 1.17058445787999e-09 1.1477645481092e-09 1.19604416098643e-09 1.21415952409856e-09 1.18856336295872e-09 1.15100085767736e-09 1.14700494073901e-09 1.13918239076418e-09 1.0051989672473e-09 7.38478969596032e-10 7.71371067413522e-10 8.77977024767121e-10 7.57244975962614e-10 7.38464016093215e-10 7.25205436500147e-10 1.006701025241e-09 7.34116847752291e-10 7.21781773182877e-10 7.13143487909855e-10 8.21938080687161e-10 1.01991066656154e-09 7.79213738480484e-10 8.44770827157897e-10 1.1720504766797e-09
4.9523576072719e-10 8.46995861067589e-10 1.4390171913653e-09 1.00385438674488e-09 9.71171018055043e-10 9.89970636623221e-10 1.29943494598759e-09 1.37704567022966e-09 6.2709758971483e-10 6.65804540227259e-10 6.83289782736381e-10 6.76244891306789e-10 1.10814679367851e-09 1.59027251526298e-09 2.04485467719999e-09 1.8782454338125e-09 1.64130987417164e-09 1.2627574845082e-09 1.52079462384437e-09 1.60017489048785e-09 1.22404400379209e-09 1.21451055205718e-09 1.21710401088194e-09 1.15774601974373e-09 1.21359186808746e-09 1.18780831166585e-09 1.18221362786027e-09 1.15578565758298e-09 1.13258328770462e-09 7.46463326639517e-10 7.80804620683581e-10 1.04711994594118e-09 7.82881980564611e-10 7.73725805581662e-10 7.60846912430763e-10 7.6359461675847e-10 7.60708265767893e-10 7.53709975352684e-10 7.44511071889343e-10 7.4671433330379e-10 7.77794901309972e-10 7.96647705759793e-10 8.49682522964043e-10 8.63425808730555e-10
9.78961189731065e-10 1.34201665715696e-09 1.12160718747615e-09 1.1419021138677e-09 1.10143379389088e-09 1.07065062323259e-09 1.42866399431548e-09 1.83075207714943e-09 8.97948353890797e-10 6.65561239249031e-10 6.86021515017721e-10 6.9682331262315e-10 1.1311803507306e-09 1.28335250499331e-09 1.76945798351071e-09 1.97643984881612e-09 1.39833741635426e-09 1.2175543428712e-09 1.25358704683865e-09 1.23240697367273e-09 1.19390729321852e-09 1.19808700584007e-09 1.17792362740073e-09 1.20121334829166e-09 1.21950992892141e-09 1.19395006635112e-09 1.17537743248957e-09 1.16150252859838e-09 7.38946388257696e-10 7.51652094932058e-10 7.79317740100773e-10 7.96051462409343e-10 1.13317448881997e-09 7.86306904146794e-10 1.18294997040284e-09 8.00429029440812e-10 7.68669085470087e-10 7.63219909441777e-10 7.90595954879182e-10 7.61147973427834e-10 8.03512885953227e-10 1.22401956238564e-09 8.40404291246672e-10 8.43223800269795e-10
5.11603321797086e-10 9.21928493550008e-10 1.41522084294833e-09 2.2046542613229e-09 1.62799893085182e-09 1.09806407613335e-09 1.440474252961e-09 1.4838756061758e-09 1.03025105500648e-09 9.22221058228265e-10 6.7638297169341e-10 1.077589706275e-09 1.12269374649637e-09 1.55723666601063e-09 1.83964871206665e-09 1.42301185767249e-09 1.29274295920044e-09 1.24918277394516e-09 1.50810717417821e-09 1.59063989541741e-09 1.21846363066977e-09 1.19806685586101e-09 1.20497365670344e-09 1.23344936508366e-09 1.21626665900368e-09 1.18763190095268e-09 1.18141283454411e-09 7.68640528761245e-10 1.16267362172595e-09 7.54696727076022e-10 7.8491055049392e-10 8.21158511553838e-10 8.29754722010146e-10 8.24409077598327e-10 8.41237298814269e-10 8.2953667169419e-10 8.00128767145375e-10 7.83472424469071e-10 8.01948941667879e-10 7.98070949802832e-10 8.21505296126267e-10 1.41757575123557e-09 1.53796825340245e-09 9.31901955206368e-10
1.17155654421919e-09 8.3718860594315e-10 1.52077884468594e-09 2.27746843167538e-09 1.41999544399337e-09 1.06501574699242e-09 1.0807305128414e-09 1.39639846174838e-09 1.91108522664002e-09 1.4648061201892e-09 6.87516527728892e-10 8.60007587642485e-10 1.16142916709085e-09 1.28826562572766e-09 1.79429189723233e-09 1.8637570912439e-09 1.28693335898997e-09 1.25534039750743e-09 1.26260597604834e-09 1.24062684620778e-09 1.17484822233611e-09 7.62679124858772e-10 1.19868141848843e-09 1.22282830473185e-09 1.26271860194205e-09 1.25485868520031e-09 1.19553566986225e-09 8.7889831069307e-10 7.82032614594989e-10 7.59515154757629e-10 7.75811206653478e-10 7.76983820709047e-10 7.84227477610547e-10 8.30565427470628e-10 8.66171281843069e-10 8.45345557506277e-10 7.94746324769787e-10 7.89674322576905e-10 8.22188228407033e-10 8.17985166024023e-10 8.06820173614904e-10 8.68307478108292e-10 1.36022658079448e-09 9.05919108999825e-10
