Validation points/black/Bungarus_ceylonicus-black.asc
NCOLS 267 
NROWS 469 
XLLCORNER 376490.070567719 
YLLCORNER 381033.488324056 
CELLSIZE 919 
NODATA_value -9999 
[rows 200 to 219 of 469, columns 0 to 43 of 267]
-9999 -9999 -9999 -9999 -9999 -9999 9.49256956034272e-14 9.78699633374078e-14 1.06822371900115e-13 1.19035959055612e-13 1.13309216648158e-13 -9999 -9999 -9999 -9999 -9999 -9999 -9999 -9999 -9999 1.31052837627048e-13 1.58512140663453e-13 1.58519462254619e-13 2.43540196869805e-13 1.83625753409248e-13 2.28609245010679e-13 2.44188810311939e-13 2.49514177634647e-13 2.1985484999572e-13 2.48051177134646e-13 4.36597658264765e-13 4.97945096519376e-13 5.48735820466909e-13 4.20471377116841e-13 5.11562278218123e-13 5.14787837296556e-13 5.22324831185795e-13 5.32060844469641e-13 5.58897018969678e-13 5.29857496697195e-13 6.09241521505006e-13 6.08088541224701e-13 3.99213124686395e-13 6.56462288744067e-13
-9999 -9999 -9999 -9999 -9999 -9999 9.59076495823016e-14 9.7221502903586e-14 1.09890257312921e-13 1.10558959950753e-13 -9999 -9999 -9999 -9999 -9999 -9999 -9999 -9999 -9999 -9999 -9999 1.51162012260752e-13 1.67709151804757e-13 2.45516451951102e-13 1.79714939642171e-13 2.03541192941872e-13 2.18506076235347e-13 3.27240624662112e-13 3.4247240031371e-13 3.6827375040206e-13 4.72712988409599e-13 4.98196169631441e-13 3.86095200490319e-13 4.78624637364184e-13 5.11139811462146e-13 5.58601830486536e-13 5.59244093398089e-13 5.20580933825233e-13 3.79089051748519e-13 5.60655835117936e-13 6.6698734910161e-13 6.71881666793879e-13 6.02295313936811e-13 6.31696522435139e-13
-9999 -9999 -9999 -9999 -9999 -9999 1.08040442788827e-13 1.08680936725668e-13 1.09838041966694e-13 1.10533356201021e-13 -9999 -9999 -9999 -9999 -9999 -9999 -9999 -9999 -9999 -9999 -9999 1.45373494963883e-13 2.34584361107054e-13 2.58194497199312e-13 2.94460957993841e-13 2.00931039341843e-13 2.02561740463492e-13 2.14644619370116e-13 3.69984196979208e-13 4.13639934410393e-13 4.27545393422779e-13 4.54750872138508e-13 4.36173958083217e-13 5.00518709942009e-13 6.07441950066545e-13 5.61053128699658e-13 4.570887968997e-13 5.01834414846148e-13 4.03255848805848e-13 5.63325016123391e-13 5.69055377985741e-13 6.94006958212628e-13 6.46098105077389e-13 5.96968067731053e-13
-9999 -9999 -9999 -9999 -9999 -9999 1.05674750749029e-13 1.08199016457395e-13 1.08626823678559e-13 -9999 -9999 -9999 -9999 -9999 -9999 -9999 -9999 -9999 -9999 -9999 -9999 -9999 1.81523071341154e-13 2.66914973180873e-13 2.02138451348307e-13 2.21990143115522e-13 2.90833996764046e-13 3.89754464045404e-13 3.9281530356991e-13 4.07374616257636e-13 4.20068969690768e-13 4.28072208596277e-13 4.63761864783169e-13 5.88465217540171e-13 5.65749136299295e-13 5.01195624678313e-13 3.50907744446869e-13 3.64002521334528e-13 5.03445648651991e-13 3.65712648924434e-13 4.24187687414807e-13 6.0317608775718e-13 5.90120065311224e-13 6.82128442101543e-13
-9999 -9999 -9999 -9999 -9999 -9999 1.04673833654595e-13 1.13765910338482e-13 1.30731801997088e-13 -9999 -9999 -9999 -9999 -9999 -9999 -9999 -9999 -9999 -9999 -9999 -9999 2.62039541625532e-13 2.55002906723409e-13 1.78685000781839e-13 1.788299086958e-13 1.85201283508424e-13 3.1241548359314e-13 3.67892891193242e-13 3.88306043510499e-13 4.31550080456768e-13 4.17850359950377e-13 4.09346276798531e-13 4.62191216304191e-13 5.17978382065906e-13 4.84042736853321e-13 4.44644027133721e-13 4.58125722474832e-13 3.30590596376339e-13 3.60019831642867e-13 3.10392281754417e-13 4.48172146899852e-13 3.95297197116646e-13 5.70037305057305e-13 5.74761982005776e-13
-9999 -9999 -9999 -9999 -9999 -9999 1.12410426406933e-13 1.27161121270457e-13 1.28663206381003e-13 -9999 -9999 -9999 -9999 -9999 -9999 -9999 -9999 -9999 -9999 -9999 -9999 2.46201864200731e-13 1.65903187636194e-13 2.38205412672705e-13 1.87994551269602e-13 2.16210986135884e-13 3.49157693823281e-13 3.48219139712109e-13 3.69975556014782e-13 3.69030055908631e-13 3.72609241903818e-13 3.89112515390047e-13 4.28399234518582e-13 4.55525686602522e-13 4.00286286335072e-13 4.53434673897737e-13 4.76856214429841e-13 4.34258444402604e-13 4.07485364964651e-13 3.41144996183821e-13 3.93927041001092e-13 3.74840951923349e-13 3.96720182958343e-13 4.10547217504941e-13
-9999 -9999 -9999 -9999 -9999 -9999 1.24268318894696e-13 1.25346301726433e-13 1.31327884901191e-13 1.40786913055445e-13 -9999 -9999 -9999 -9999 -9999 -9999 -9999 -9999 -9999 -9999 1.60270259628941e-13 1.64849083859151e-13 2.62217118688421e-13 2.06919303949822e-13 2.06976516975731e-13 2.07273364077163e-13 2.13298958284772e-13 2.82761588590999e-13 2.27117792590579e-13 2.29524983072475e-13 3.61972289982562e-13 4.08609515196106e-13 4.55960415700348e-13 4.5666418186934e-13 4.54801711268476e-13 5.00404322525918e-13 5.26166156884359e-13 4.87475772394319e-13 5.04758954384879e-13 4.08824099689861e-13 6.47123064859176e-13 4.29364875089542e-13 4.94034282804026e-13 6.14988665173099e-13
-9999 -9999 -9999 -9999 -9999 -9999 1.23219730946562e-13 1.33716513731661e-13 1.4994580163675e-13 1.5212971620833e-13 -9999 -9999 -9999 -9999 -9999 -9999 -9999 -9999 -9999 -9999 1.92439464158511e-13 2.03640134396987e-13 2.97038563555013e-13 2.03759718727432e-13 2.03767493457085e-13 2.03775132076867e-13 2.03861086283139e-13 2.8790432981641e-13 2.23194379295682e-13 2.23202447347626e-13 2.38783456139617e-13 2.66390522300105e-13 3.47574047275836e-13 4.37804115847584e-13 4.82195400090896e-13 5.16207183338709e-13 5.17675305233829e-13 4.99358829582604e-13 3.89278147099325e-13 6.18123264791702e-13 6.17136125250709e-13 5.79744416002449e-13 4.2558884092954e-13 5.65966624922752e-13
-9999 -9999 -9999 -9999 -9999 -9999 1.29655837373659e-13 1.48165395156667e-13 1.54027442903028e-13 1.60949194907223e-13 -9999 -9999 -9999 -9999 -9999 -9999 -9999 -9999 -9999 1.85863489695018e-13 1.91260921169772e-13 2.01647734105003e-13 2.92629293849491e-13 2.71450684082169e-13 2.00390394822471e-13 2.0039790684516e-13 2.00405284998691e-13 2.00520822056466e-13 2.00740539443508e-13 2.23657868042468e-13 2.6411511170978e-13 3.93096497099942e-13 2.62147468523184e-13 4.07820532991653e-13 4.48283901661468e-13 4.73405837076239e-13 3.09964351314324e-13 4.61034156044281e-13 5.51510956029381e-13 4.65932785584027e-13 6.08673266229772e-13 6.10611551882095e-13 5.20707448276537e-13 4.6896537263457e-13
-9999 -9999 -9999 -9999 -9999 -9999 -9999 1.46151148931385e-13 1.52428080009891e-13 -9999 -9999 -9999 -9999 -9999 -9999 -9999 -9999 -9999 -9999 1.9007954372335e-13 1.97057921250823e-13 2.10917757579981e-13 2.35133224114788e-13 2.36550435317898e-13 2.67397043739352e-13 3.3392538067139e-13 2.38669516733701e-13 2.38576551799582e-13 3.51452952856179e-13 2.38904806246691e-13 3.42761689634422e-13 2.53687211905108e-13 2.53704703708814e-13 2.53925237794052e-13 2.81243829006139e-13 4.64974726243506e-13 3.23932475649198e-13 4.8078921793007e-13 4.64354053185303e-13 5.43566751671858e-13 5.66056673602981e-13 3.78391077623899e-13 3.8203389624438e-13 4.36772963108152e-13
-9999 -9999 -9999 -9999 -9999 -9999 -9999 1.58716529387042e-13 1.82886538173016e-13 1.76095584438422e-13 -9999 -9999 -9999 -9999 -9999 -9999 -9999 -9999 2.03632637148716e-13 1.95690690467975e-13 2.24629833688312e-13 3.64628657188087e-13 2.37667664097631e-13 2.35271774716125e-13 2.89901127676754e-13 2.35303274873167e-13 2.61745364398171e-13 3.25827059742414e-13 2.35329108149019e-13 3.73234433947679e-13 2.68575854795551e-13 2.69099706634892e-13 2.76318063518635e-13 2.66445629201023e-13 2.77013300963906e-13 2.68407800149698e-13 3.07693853597118e-13 4.97236344355056e-13 4.65634536069562e-13 3.49917410994737e-13 3.73757553585159e-13 3.90817510052377e-13 4.51024951836643e-13 4.63331665171684e-13
-9999 -9999 -9999 -9999 -9999 -9999 1.78840443329551e-13 1.78662395691178e-13 1.72081848585705e-13 1.72817066781722e-13 -9999 -9999 -9999 -9999 -9999 -9999 -9999 1.78017027656962e-13 1.79992567182416e-13 1.99602395785109e-13 2.35243428180285e-13 2.35264372791171e-13 2.35270514797558e-13 2.51547080126482e-13 3.77079890302671e-13 2.47401631834135e-13 2.56719622619497e-13 2.31395469748811e-13 2.36678730497333e-13 2.38186239230912e-13 2.36220830083897e-13 2.49759155097663e-13 2.67137305688079e-13 3.04046505090769e-13 3.0696188658745e-13 2.90697595018197e-13 2.92000576460799e-13 4.32307812377446e-13 3.99667677852143e-13 4.27190878471871e-13 3.75186875681855e-13 3.65706283998224e-13 4.16684651737278e-13 5.62860641094292e-13
-9999 -9999 -9999 -9999 -9999 -9999 1.67993870237584e-13 1.69053484124362e-13 1.7565045175317e-13 1.78666940400346e-13 1.71972451838605e-13 1.7376106591654e-13 -9999 -9999 -9999 -9999 -9999 -9999 2.31259975910356e-13 2.24605024576359e-13 2.22397530655621e-13 2.35263112912244e-13 2.50044875597036e-13 4.14257771594777e-13 2.76782349146266e-13 2.58991124443587e-13 2.81063530101301e-13 2.90557327947386e-13 2.90518625377242e-13 2.88558761825909e-13 4.14997529631605e-13 3.71830545771488e-13 2.86201647370129e-13 2.89025041025419e-13 3.00420671944971e-13 3.22181907482985e-13 3.36725843688535e-13 3.36252154040391e-13 3.57051304110874e-13 3.68672775009593e-13 3.47702975279827e-13 3.93655266675415e-13 6.17223297433022e-13 5.6368742050981e-13
-9999 -9999 -9999 -9999 -9999 -9999 1.70260820488175e-13 1.68140575066772e-13 1.67993870237584e-13 1.69068196072921e-13 1.71933086036883e-13 -9999 -9999 -9999 -9999 -9999 -9999 -9999 -9999 2.13234002502423e-13 2.1098596228088e-13 2.18788839955094e-13 2.3141762085907e-13 3.81979343344531e-13 2.81353796559776e-13 2.82757764893064e-13 2.86818632522275e-13 3.13604588237045e-13 3.60766137968343e-13 2.99631785897316e-13 4.09142846442641e-13 4.21913418774288e-13 2.82099091407778e-13 3.39952462444411e-13 4.41925864351812e-13 3.16104008220259e-13 3.27224231551713e-13 3.37292758882134e-13 4.73272404537937e-13 4.63188308563465e-13 5.9467727564266e-13 3.78844491828595e-13 3.80287921499768e-13 5.73141771877302e-13
-9999 -9999 -9999 -9999 -9999 -9999 -9999 1.71980510277575e-13 1.67848529336203e-13 1.68285042353091e-13 1.74438523106573e-13 -9999 -9999 -9999 -9999 -9999 -9999 -9999 -9999 -9999 2.11074534202529e-13 2.24418667990881e-13 2.54039487909573e-13 2.75699858167461e-13 3.11422477269398e-13 3.22211455303528e-13 3.20633265784503e-13 3.95122857058999e-13 4.05285733854736e-13 3.51425838698864e-13 4.26868300522999e-13 2.80158704321451e-13 2.77450337473788e-13 2.7745980958241e-13 3.72426043251502e-13 3.06073858762311e-13 4.74422451811352e-13 3.08666946607326e-13 3.44178944982916e-13 5.5575690738796e-13 5.80394719261854e-13 5.45265372082752e-13 5.70849159927097e-13 6.33307953563285e-13
-9999 -9999 -9999 -9999 -9999 -9999 -9999 1.62799499686793e-13 1.64391548860928e-13 1.78800462897878e-13 1.99901780182347e-13 -9999 -9999 -9999 -9999 -9999 -9999 -9999 -9999 -9999 2.4908062621495e-13 2.46577607276206e-13 2.54132694209642e-13 2.72273331696625e-13 2.73880110613733e-13 2.69971526038666e-13 3.22146324288711e-13 6.1104937477428e-13 6.14686110871686e-13 3.75268005580736e-13 3.43627827322549e-13 4.50133845160376e-13 4.95439503086233e-13 2.99030871905155e-13 2.68508255256783e-13 2.69306580589569e-13 2.9892760181664e-13 4.29561431631987e-13 4.06066409086731e-13 3.6150240046669e-13 4.27004187180424e-13 4.35451985009161e-13 5.92470866092433e-13 3.84396981407677e-13
-9999 -9999 -9999 -9999 -9999 -9999 -9999 1.92945741250602e-13 1.93870780687246e-13 1.95178517322389e-13 2.77484356385697e-13 -9999 -9999 -9999 -9999 -9999 -9999 -9999 -9999 -9999 -9999 2.64243321287212e-13 2.61584955166886e-13 2.72178140625681e-13 2.67842072927076e-13 2.96540173563454e-13 3.50391586755855e-13 3.87199003890434e-13 3.47183164928908e-13 3.1546034516326e-13 3.35421263663413e-13 4.35385037394619e-13 4.86956881378536e-13 4.58855453733443e-13 4.76682641742855e-13 4.74057309996692e-13 3.75304129830238e-13 5.16645739902036e-13 5.57331036520495e-13 5.74478221983928e-13 5.75062031843871e-13 5.83123727453459e-13 5.72491562144692e-13 4.1652085648511e-13
-9999 -9999 -9999 -9999 -9999 -9999 -9999 -9999 1.91163771457181e-13 1.92987851130971e-13 -9999 -9999 -9999 -9999 -9999 -9999 -9999 -9999 -9999 -9999 -9999 -9999 3.06403696245128e-13 3.16726086098745e-13 3.44352972438436e-13 4.75203876494397e-13 3.32894314697831e-13 4.86404880584174e-13 3.74024854413977e-13 3.84536985834592e-13 3.60499541157727e-13 3.07364890518061e-13 4.76327191048024e-13 3.22073229329823e-13 3.44353165706246e-13 5.31867049971018e-13 5.14902601048712e-13 5.42788165849199e-13 5.81960039665624e-13 6.02006771802233e-13 6.60585880829111e-13 6.51352001803146e-13 7.24147726991092e-13 7.21920547693777e-13
-9999 -9999 -9999 -9999 -9999 -9999 -9999 -9999 2.0500635867484e-13 2.26801026995665e-13 -9999 -9999 -9999 -9999 -9999 -9999 -9999 -9999 -9999 -9999 -9999 -9999 2.99396406111217e-13 3.08714886345424e-13 4.4852617668642e-13 4.2584034258091e-13 3.15551371804458e-13 3.34279231816551e-13 5.4953589108038e-13 3.77187317524447e-13 3.5394747773507e-13 4.26725010663783e-13 3.0224575271248e-13 3.11729280755103e-13 3.26040915845987e-13 4.8543414662854e-13 5.87047295882687e-13 6.73011241757797e-13 6.78861449330212e-13 4.25746983106957e-13 6.65515194161433e-13 6.94415230864609e-13 7.56842855554439e-13 9.27127691053512e-13
-9999 -9999 -9999 -9999 -9999 -9999 -9999 -9999 2.22200362362276e-13 2.28659436561206e-13 2.45787256867585e-13 -9999 -9999 -9999 -9999 -9999 -9999 -9999 -9999 -9999 -9999 3.11223456527736e-13 3.17885383313305e-13 3.57552618800188e-13 4.82764159578742e-13 4.16865575906673e-13 3.21925365192145e-13 3.73005982242583e-13 4.14814649588246e-13 3.87275731698563e-13 3.71724785533513e-13 3.52511514015196e-13 4.78343585009592e-13 3.59807384379122e-13 3.75953410976412e-13 3.79125328192872e-13 4.07663547305826e-13 4.34556559176662e-13 6.34434284084192e-13 6.9296404106239e-13 6.48615328256145e-13 5.61495685766083e-13 7.18453027343208e-13 8.71910757981438e-13
