Validation points/black/Bungarus_caeruleus-black.asc
NCOLS 267 
NROWS 469 
XLLCORNER 376490.070567719 
YLLCORNER 381033.488324056 
CELLSIZE 919 
NODATA_value -9999 
[rows 60 to 79 of 469, columns 44 to 87 of 267]
-9999 -9999 -9999 -9999 -9999 -9999 3.17005104954029e-09 1.2944520676497e-09 3.23143898767125e-09 3.44808093833554e-09 3.41725516183835e-09 3.28441824522683e-09 3.30392890315106e-09 3.18199136750991e-09 5.4790503436878e-10 4.47065249863787e-10 7.82419491279653e-10 6.34101959582733e-10 6.59670863870545e-10 7.19578939109407e-10 9.55663310059436e-10 3.34648532258204e-09 3.42672681898964e-09 3.38138351199263e-09 1.09740970422674e-09 1.72325806320302e-09 3.40133276395749e-09 8.36432929564993e-10 3.39545972205139e-09 9.5165101968327e-10 9.33872239206593e-10 3.53517645395605e-09 3.39846157126458e-09 3.55732310181966e-09 3.66297312661993e-09 2.78714942493348e-09 1.4436253095981e-09 1.16256547431607e-09 1.17993221493476e-09 2.45246217608166e-09 1.3239674141891e-09 3.66257981671585e-09 3.86787232656537e-09 1.52789947039648e-09
-9999 -9999 -9999 -9999 -9999 -9999 -9999 -9999 -9999 3.4480764821209e-09 3.36014100133809e-09 5.76760924635103e-10 8.0477079755636e-10 3.26433114505231e-09 3.17324692962931e-09 8.07001487439082e-10 4.62226989630934e-10 8.48459291842245e-10 6.89811875847068e-10 1.75650694657101e-09 7.2886816622416e-10 3.39377424402339e-09 3.43364168218348e-09 1.65193197936523e-09 3.3348324131341e-09 1.30375863497469e-09 8.95604162962083e-10 1.22620641211526e-09 3.08150172651765e-09 1.36356608001191e-09 9.75667523866383e-10 1.47120558429943e-09 3.40672939645861e-09 3.44462288680658e-09 3.62082506025873e-09 3.37410271792423e-09 2.14051231004222e-09 1.27414933484758e-09 2.00194991576838e-09 2.16885356468683e-09 1.46887120428091e-09 1.61160480545508e-09 3.47324987619142e-09 3.57040139176493e-09
-9999 -9999 -9999 -9999 -9999 -9999 -9999 -9999 -9999 -9999 -9999 4.70536653117315e-10 4.77805039636053e-10 1.39154997946986e-09 3.17869663540455e-09 3.34871874602895e-09 3.24884956323958e-09 2.93945519132333e-09 3.43102770193906e-09 3.3315703808042e-09 3.2933486768208e-09 3.37969456295398e-09 3.36250039195192e-09 3.36394244823099e-09 3.37284394135562e-09 3.35345465883757e-09 3.46198300360248e-09 3.38895750138621e-09 3.39748388269631e-09 1.28743396676112e-09 1.35825491599018e-09 1.15809493049033e-09 3.14343511821945e-09 3.42534284106314e-09 3.30195356854015e-09 3.67352914034086e-09 3.42678160606045e-09 1.21922377666995e-09 1.17465438380411e-09 1.2312402667059e-09 1.71573804562016e-09 1.31575047880619e-09 3.60203509022478e-09 1.59851249577592e-09
-9999 -9999 -9999 -9999 -9999 -9999 -9999 -9999 -9999 -9999 -9999 -9999 5.46237587849388e-10 3.21473020377968e-09 3.25238444981637e-09 3.3522755287925e-09 3.241697935682e-09 3.26290395838143e-09 3.36716869953017e-09 3.42401018434292e-09 2.12003282784494e-09 3.35697507463709e-09 1.92063515549897e-09 1.61597288188221e-09 3.33835948949964e-09 1.17036641738001e-09 1.19808720549681e-09 1.14205946111336e-09 1.98233725442122e-09 8.33747907505053e-10 1.3679411539656e-09 1.03330237124042e-09 3.49876187512602e-09 2.38872121392529e-09 3.48345612551764e-09 1.64613155462235e-09 3.40922807932082e-09 3.37142537153343e-09 3.50413254476192e-09 3.61340150593756e-09 3.73343798699703e-09 3.55350359866619e-09 3.49536175288464e-09 2.10435342908207e-09
-9999 -9999 -9999 -9999 -9999 -9999 -9999 -9999 -9999 -9999 -9999 -9999 -9999 1.22738082896213e-09 3.5720738599738e-09 3.54658818364701e-09 3.44943647470892e-09 1.03866800382492e-09 5.64222038452071e-10 1.13191634078271e-09 3.28760625310777e-09 3.30663379873889e-09 6.62126573298159e-10 6.48565851137384e-10 1.06022384130476e-09 1.13144567090014e-09 8.57552343808138e-10 8.11760380418771e-10 1.46108401726464e-09 8.65885364850218e-10 9.03226043089528e-10 8.71209138301679e-10 9.77266582854427e-10 1.89075454449778e-09 9.86354876726632e-10 2.55319582364891e-09 3.43189704193795e-09 3.34345178217525e-09 1.15030353827264e-09 2.9998082637249e-09 3.43799389649061e-09 3.4157092333839e-09 3.48702307246506e-09 1.65575480049255e-09
-9999 -9999 -9999 -9999 -9999 -9999 -9999 -9999 -9999 -9999 -9999 -9999 -9999 3.54380946216672e-09 3.51249814215209e-09 1.99042456130948e-09 3.50811437984463e-09 3.45286463666134e-09 3.39451612100803e-09 3.37768472564897e-09 6.17514286518196e-10 6.24960732905176e-10 7.51759693104176e-10 7.15834177577039e-10 8.13798229869724e-10 1.12502927695524e-09 8.59200417292809e-10 8.27736877311776e-10 7.79314956529838e-10 7.80518506454434e-10 8.47023577296924e-10 1.001861966055e-09 1.01607691713991e-09 3.53234969197965e-09 1.08519483194484e-09 1.00713168178039e-09 3.4442917562067e-09 3.3508264797424e-09 1.53890168748401e-09 1.10443839698837e-09 1.10320429487245e-09 1.42191288573429e-09 3.46091624001323e-09 3.72793552757201e-09
-9999 -9999 -9999 -9999 -9999 -9999 -9999 -9999 -9999 -9999 -9999 -9999 3.07644019268508e-09 3.14732827134796e-09 3.18189554091684e-09 3.16820482995998e-09 3.4611253441639e-09 3.11084275999681e-09 3.36640408876465e-09 8.44138064501985e-10 5.63434884855499e-10 7.37210694669964e-10 1.00020312589989e-09 7.87613800053165e-10 2.7517645519009e-09 7.57733029134876e-10 8.3625208317008e-10 7.88276744679316e-10 7.89296017713526e-10 1.06877362856472e-09 7.52321501398287e-10 1.00073292099793e-09 1.09602222972923e-09 3.76665934639166e-09 1.0969333630851e-09 1.37110084680188e-09 3.44336673293128e-09 3.35390736828676e-09 3.52292735062644e-09 1.1676611214598e-09 1.19475859139349e-09 3.46908316858961e-09 3.47220772467369e-09 1.336829958233e-09
-9999 -9999 -9999 -9999 -9999 -9999 -9999 -9999 -9999 -9999 -9999 -9999 7.58649945036673e-10 3.1591369852437e-09 1.48067471974865e-09 1.13050380895185e-09 2.69016544397641e-09 3.42449497517796e-09 3.36324015083634e-09 5.44441668838209e-10 5.98031391790639e-10 7.51354401989689e-10 1.25045036355143e-09 1.08543070326321e-09 1.96759001937277e-09 1.06429423497681e-09 1.25116933631267e-09 7.35220411386818e-10 7.37728473185163e-10 7.7662879580196e-10 9.48855326365764e-10 1.2171354223662e-09 1.01585188923623e-09 3.0942679901164e-09 1.11342700509539e-09 1.12990912763436e-09 3.46328670719195e-09 1.2639700125988e-09 3.45851082465446e-09 2.62548063468829e-09 1.54161821953415e-09 1.3506897134948e-09 3.76273214036943e-09 1.59637768714357e-09
-9999 -9999 -9999 -9999 -9999 -9999 -9999 -9999 -9999 -9999 -9999 -9999 3.12977210052961e-09 3.13502927114075e-09 3.18900188125935e-09 3.09215658359047e-09 1.66360806459018e-09 3.29786343024304e-09 3.38288654070649e-09 5.88431510983479e-10 6.15034965244937e-10 6.73471665636937e-10 5.9001565783012e-10 6.66208350130837e-10 6.84012512784829e-10 6.69921250096506e-10 7.28802572324028e-10 7.32929069389095e-10 8.47775791183787e-10 7.80982655257893e-10 1.23443302939122e-09 1.6087159641019e-09 1.28946431370163e-09 3.48278307254291e-09 3.69331274525779e-09 2.57517030970236e-09 3.53905938917419e-09 1.10678578993073e-09 1.0714755755249e-09 1.12374956231433e-09 2.46555778791143e-09 3.68590841754375e-09 2.49118921026118e-09 1.27532278463709e-09
-9999 -9999 -9999 -9999 -9999 -9999 -9999 -9999 -9999 -9999 -9999 -9999 -9999 2.27872354184793e-09 1.22319789380291e-09 3.15960623304368e-09 1.0308117513886e-09 7.84850281494238e-10 2.65869751689827e-09 5.44985267959673e-10 6.16828654894202e-10 6.88093475056786e-10 7.28820322328573e-10 7.46080513557901e-10 6.48053298332147e-10 7.65488720562959e-10 7.25412761846521e-10 6.92314418531845e-10 1.01834782407272e-09 1.12316446821566e-09 3.37679665490097e-09 3.40033514172812e-09 3.39738173354251e-09 3.41255157438821e-09 3.47253326639599e-09 1.84927611048437e-09 2.27400333900509e-09 1.49883636045244e-09 1.44511911942766e-09 1.38707186360903e-09 3.44351640834291e-09 3.45273110743593e-09 1.26683178843484e-09 2.19613600596179e-09
-9999 -9999 -9999 -9999 -9999 -9999 -9999 -9999 -9999 -9999 -9999 -9999 1.26432946565276e-09 3.33943495931971e-09 3.11185443658506e-09 3.22689048416645e-09 1.64603473687319e-09 6.28046142075753e-10 5.01729180223522e-10 5.7436410984912e-10 6.9829493554842e-10 6.32165366530005e-10 7.67060004303e-10 7.20271942748286e-10 7.34029613413645e-10 7.5616536578812e-10 2.66471286209488e-09 8.48906271579072e-10 1.34709285942935e-09 8.86063735885802e-10 3.38531751343268e-09 3.41776563095423e-09 3.37457792920286e-09 3.37073618451762e-09 2.78645346943293e-09 2.60096183302676e-09 2.37202265023942e-09 3.75800416920933e-09 1.34334468235853e-09 3.46585498505019e-09 2.0291860436421e-09 3.39406092875257e-09 3.57175560801551e-09 1.84322905641423e-09
-9999 -9999 -9999 -9999 -9999 -9999 -9999 -9999 -9999 -9999 -9999 -9999 7.9301278409818e-10 2.79415664633655e-09 3.12651907506195e-09 1.77859072714416e-09 6.54852170060888e-10 1.25337924339153e-09 5.42076341090567e-10 6.20198330185862e-10 7.17868718756398e-10 6.45994491994353e-10 6.61730055943076e-10 6.79173402950531e-10 8.13890115683257e-10 7.00364753348839e-10 7.18877518371682e-10 7.61083365785665e-10 8.58338099727335e-10 1.25796929970262e-09 2.89908469470836e-09 3.39200210813001e-09 3.38711527591515e-09 3.4625615357961e-09 3.59246073080039e-09 1.27672553777024e-09 3.40664562434936e-09 1.39988778703122e-09 3.76963702407095e-09 3.87954430638036e-09 3.4579149613139e-09 2.45464487069681e-09 1.23185790340879e-09 1.39045410497896e-09
-9999 -9999 -9999 -9999 -9999 -9999 -9999 -9999 -9999 -9999 -9999 -9999 1.05528806343594e-09 3.18651436249471e-09 8.72124749704276e-10 3.55400578308751e-09 7.86485724688342e-10 6.23169566305462e-10 5.17200820204099e-10 5.76397547205959e-10 5.92418724965235e-10 6.06980322735569e-10 6.1909289907125e-10 6.4750242355998e-10 7.71689776715373e-10 7.67687239937538e-10 7.3894124087819e-10 1.47134598242249e-09 8.6500843717246e-10 8.4351297977245e-10 1.29633979454336e-09 3.39674352237373e-09 3.39164002489366e-09 1.35066844071797e-09 2.88742531391969e-09 1.77930236985777e-09 3.35462387142451e-09 3.4360241226596e-09 1.21534401005931e-09 2.13809930845089e-09 1.64713132383221e-09 1.39948617497758e-09 1.05652574222313e-09 1.90890309987749e-09
-9999 -9999 -9999 -9999 -9999 -9999 -9999 -9999 -9999 -9999 -9999 -9999 1.10381852198845e-09 3.14875482026422e-09 5.91401102518867e-10 6.63277693058444e-10 5.68229818797162e-10 6.14029637508175e-10 5.4188424300691e-10 6.872137387279e-10 6.52845476459831e-10 6.2504340637319e-10 6.63095726801374e-10 6.90173738802533e-10 6.74874172387195e-10 7.17679609678638e-10 6.57158656323023e-10 2.83617963109543e-09 1.23058480687675e-09 3.43233628293342e-09 1.80968242200502e-09 9.45550123446579e-10 3.39845041212422e-09 1.1550225329859e-09 3.40172056081545e-09 3.42209470951493e-09 3.40485296957608e-09 3.37290011583033e-09 1.19351088356823e-09 1.40941756561122e-09 3.59500623108533e-09 1.00954633901622e-09 1.25563173991611e-09 1.08306167492385e-09
-9999 -9999 -9999 -9999 -9999 -9999 -9999 -9999 -9999 -9999 -9999 -9999 8.5828743415741e-10 4.82604288902047e-10 6.63830215591755e-10 5.13391285117916e-10 9.60500875491946e-10 6.318787572434e-10 4.88714573476866e-10 5.53752822510324e-10 6.99605452845947e-10 6.60839840233466e-10 7.25885224297567e-10 9.32782398564638e-10 7.48300322762314e-10 7.12472812921918e-10 6.64868428676537e-10 3.36696830692926e-09 3.37067704912313e-09 3.38289377845004e-09 3.47400821544608e-09 8.52520590638319e-10 9.69382290537016e-10 2.779533684614e-09 1.59005408721928e-09 3.37042727253011e-09 3.47161518963923e-09 3.45456613856819e-09 9.57880571246716e-10 1.52483498538082e-09 1.13960333886363e-09 1.06343966095056e-09 1.85292120901229e-09 1.2076801417473e-09
-9999 -9999 -9999 -9999 -9999 -9999 -9999 -9999 -9999 -9999 -9999 -9999 8.67506121867431e-10 1.05336944519e-09 6.52412074670378e-10 5.4457708036414e-10 4.71989221508711e-10 5.49572120559326e-10 5.53882740384388e-10 6.43951085801778e-10 6.32352521748492e-10 6.23917308411366e-10 7.09772707474888e-10 6.33178154475113e-10 6.28371778695807e-10 7.51575248950798e-10 8.2140407793657e-10 3.38038916274677e-09 3.39917601716167e-09 1.77100375499579e-09 1.79862044417389e-09 1.2798523490829e-09 1.58617890976442e-09 1.38278303174989e-09 9.94063565649409e-10 3.14652614303347e-09 3.48737242813111e-09 9.58126775918948e-10 3.38060069494605e-09 1.04428875812255e-09 1.13821762475076e-09 1.21135032407598e-09 1.25191618160187e-09 1.48444187583138e-09
-9999 -9999 -9999 -9999 -9999 -9999 -9999 -9999 -9999 -9999 -9999 3.15924406759433e-09 3.28611839150388e-09 3.21907595155509e-09 6.92108184197333e-10 6.38208308143874e-10 5.19639075818947e-10 5.35388352174534e-10 5.67569929002963e-10 6.3237365403078e-10 6.4120520774805e-10 6.44495255608672e-10 6.41691507300914e-10 6.45392271553184e-10 6.10959166289827e-10 3.33219927580299e-09 8.51921735049438e-10 3.38310803972622e-09 3.39159482621448e-09 2.16509696543443e-09 3.3971238761924e-09 1.14923360708236e-09 3.42529220881712e-09 1.82318856729514e-09 3.45620664062109e-09 1.22980855871774e-09 1.6549944745999e-09 1.49191069835215e-09 1.24202829947145e-09 3.39814942082124e-09 1.072019851305e-09 1.53182142304901e-09 1.55497721817361e-09 1.10027387546928e-09
-9999 -9999 -9999 -9999 -9999 -9999 -9999 -9999 -9999 -9999 -9999 3.08876696519627e-09 3.07134049076401e-09 3.0923942557051e-09 3.15940537270853e-09 4.73548362352524e-10 8.73297273996043e-10 1.42863250966153e-09 5.40647181654191e-10 6.11565511229578e-10 7.00493093418057e-10 7.05712262006434e-10 6.56383029367332e-10 6.81854092929401e-10 6.53671465332888e-10 6.91263574758354e-10 1.06307663636383e-09 3.39336666992141e-09 3.39149364746029e-09 1.78439250300935e-09 3.4000998114566e-09 3.39150197151774e-09 3.39084371123903e-09 2.22979541864587e-09 1.72813279474975e-09 1.00258182163725e-09 3.02613431212016e-09 1.47883985503449e-09 1.67631732126992e-09 1.16661909375914e-09 1.15222525490136e-09 1.1141203233998e-09 1.26319999419619e-09 1.28544468710211e-09
-9999 -9999 -9999 -9999 -9999 -9999 -9999 -9999 -9999 -9999 -9999 3.33619055500218e-09 3.27029198169753e-09 3.22920749291175e-09 3.16222810721125e-09 6.05555897237449e-10 4.9530470447149e-10 4.99805148754256e-10 2.54461146298703e-09 6.915992983826e-10 7.06185486749262e-10 6.09701536431464e-10 7.07845529132276e-10 6.51190408112954e-10 6.9949149706653e-10 7.44981473736293e-10 8.26584397081239e-10 3.40004448857959e-09 1.15727774487264e-09 1.26609779455276e-09 7.60943078273833e-10 1.27277439133613e-09 9.14626489305463e-10 1.35775155407535e-09 8.95979435590536e-10 3.42839165338262e-09 9.72515214570481e-10 1.37675435322357e-09 1.68828990270169e-09 1.45471463306246e-09 1.38607733795306e-09 1.06790367211894e-09 1.21156560139512e-09 2.25671051173151e-09
-9999 -9999 -9999 -9999 -9999 -9999 -9999 -9999 -9999 -9999 3.16345008335898e-09 8.30525451706014e-10 1.0029667747157e-09 3.22784116105792e-09 2.82297751687203e-09 8.22597491950946e-10 4.64547843393036e-10 4.99757153014561e-10 6.38134289134426e-10 6.43668805188473e-10 6.14433503371171e-10 1.0862857192078e-09 7.59263627277389e-10 3.52904308060116e-09 7.08779475228782e-10 7.33121957295043e-10 2.72924632840104e-09 3.03478431110809e-09 2.75291225137478e-09 3.37177084345477e-09 1.5013144220264e-09 3.37537028809299e-09 2.48595878064148e-09 8.77836783524431e-10 3.38239706885342e-09 1.24114874746566e-09 1.00917260961604e-09 1.54744523834499e-09 3.513655340018e-09 1.33355061531372e-09 1.98395138418159e-09 1.19305895159993e-09 1.15531812478156e-09 1.35409126657932e-09
