Validation points/black/Bungarus_caeruleus-black.asc
NCOLS 267 
NROWS 469 
XLLCORNER 376490.070567719 
YLLCORNER 381033.488324056 
CELLSIZE 919 
NODATA_value -9999 
[rows 100 to 119 of 469, columns 132 to 175 of 267]
4.73359826719017e-09 4.6200122892706e-09 3.67047547907251e-09 2.67372934432282e-09 3.18984572897593e-09 4.6447261401842e-09 3.58309223650707e-09 3.68063111522287e-09 3.34495229902121e-09 3.15949744902809e-09 3.39756340408077e-09 2.67677700807965e-09 3.46052306794348e-09 2.64350471703001e-09 2.92435030700961e-09 3.32578695995257e-09 2.82536527261047e-09 3.46400508690893e-09 3.85667764214388e-09 2.21886270066111e-09 -9999 -9999 -9999 3.63814696896443e-09 3.80384173233983e-09 -9999 -9999 -9999 -9999 -9999 -9999 -9999 -9999 -9999 -9999 -9999 -9999 -9999 -9999 -9999 -9999 -9999 -9999 -9999
4.36010729590078e-09 4.73952354034e-09 4.4769276784443e-09 3.61209378600263e-09 3.54318194695138e-09 4.40942581548923e-09 4.56337021522778e-09 3.33227305622945e-09 3.00815317329812e-09 3.38730395564122e-09 3.09011625586969e-09 2.88382249227673e-09 4.01787254260252e-09 2.98680428835169e-09 2.57481987160894e-09 2.38633760557115e-09 3.06138215001366e-09 3.11396191805222e-09 2.70213261606393e-09 2.08434509408745e-09 -9999 -9999 -9999 -9999 -9999 -9999 -9999 -9999 -9999 -9999 -9999 -9999 -9999 -9999 -9999 -9999 -9999 -9999 -9999 -9999 -9999 -9999 -9999 -9999
3.57190505557169e-09 4.35347642330701e-09 4.53395096920533e-09 3.31553297942279e-09 3.43040158571304e-09 4.29864463165101e-09 3.8992346450929e-09 3.97966226333904e-09 3.57447043719563e-09 2.97694684900422e-09 3.53939848734918e-09 3.74698357415477e-09 4.16885734856267e-09 2.8995944718798e-09 2.299490655997e-09 2.22693496860556e-09 2.69287020228126e-09 2.80228911045981e-09 2.97227170959438e-09 3.99851237894318e-09 -9999 -9999 -9999 -9999 -9999 -9999 -9999 -9999 -9999 -9999 -9999 -9999 -9999 -9999 -9999 -9999 -9999 -9999 -9999 -9999 -9999 -9999 -9999 -9999
3.42957968566274e-09 3.88999605713282e-09 4.03360610885423e-09 4.3583313451897e-09 3.67728611976671e-09 3.58857880012834e-09 4.42663913625774e-09 3.31147222753559e-09 3.60675080859936e-09 4.39996141477778e-09 3.45545406794639e-09 3.1673243626285e-09 4.37278497868261e-09 2.98655467524152e-09 2.32440690620009e-09 2.55548241450246e-09 3.21854436271233e-09 2.97144439737867e-09 4.38288272939566e-09 2.61153645961791e-09 -9999 -9999 -9999 -9999 -9999 3.07668066376264e-09 -9999 -9999 -9999 -9999 -9999 -9999 -9999 -9999 -9999 -9999 -9999 -9999 -9999 -9999 -9999 -9999 -9999 -9999
3.13594668171713e-09 3.4052413210468e-09 3.62210191736965e-09 3.69027292120178e-09 3.31796418715183e-09 2.78770946639878e-09 3.3605743241092e-09 3.29554438169778e-09 2.96396485480217e-09 4.45137600266605e-09 3.43399160474827e-09 3.47492254310311e-09 3.08477883579999e-09 3.20192823383484e-09 3.55859589297782e-09 4.32508029120966e-09 4.5156647047513e-09 4.40652954062556e-09 -9999 -9999 -9999 -9999 -9999 -9999 4.25556692238739e-09 2.27064529400079e-09 3.0246432575397e-09 -9999 -9999 -9999 -9999 -9999 -9999 -9999 -9999 -9999 -9999 -9999 -9999 -9999 -9999 -9999 -9999 -9999
3.60059982441622e-09 3.6075503574422e-09 3.36456695551395e-09 3.65454699769017e-09 3.96222145288553e-09 3.58022869476292e-09 2.58156966730992e-09 2.18522168657806e-09 2.1560483987222e-09 3.67160849595226e-09 4.13549017210229e-09 3.65325510937036e-09 2.95541189425769e-09 2.8334022923213e-09 3.1484310001599e-09 4.36796450565391e-09 4.00792856282785e-09 2.76260512084197e-09 -9999 -9999 -9999 -9999 -9999 -9999 -9999 2.27671623371808e-09 4.22641963544875e-09 3.71822142048032e-09 -9999 -9999 -9999 -9999 -9999 -9999 -9999 -9999 -9999 -9999 -9999 -9999 -9999 -9999 -9999 -9999
3.52773882847196e-09 3.32209834250952e-09 3.05811500968846e-09 2.33783045707051e-09 3.05783178284766e-09 2.93182699524982e-09 3.50826557780509e-09 4.00608156437431e-09 3.39207483383387e-09 3.14273626016264e-09 3.04695248585358e-09 3.165536715916e-09 3.89869077838725e-09 4.51514932598821e-09 4.50616912138657e-09 3.84756874246943e-09 3.54371627677611e-09 3.73393408240762e-09 2.30368472990687e-09 -9999 -9999 -9999 -9999 2.36596448504701e-09 3.9819612408161e-09 3.91182209278059e-09 4.27489249822213e-09 4.17734871124547e-09 3.68702110808483e-09 -9999 -9999 -9999 -9999 -9999 -9999 -9999 -9999 -9999 -9999 -9999 -9999 -9999 -9999 -9999
3.14906604562799e-09 3.30043305580185e-09 3.44946790576198e-09 4.03022656006095e-09 3.58769664962659e-09 3.3687944989712e-09 3.87829193833109e-09 4.2999961000889e-09 2.96124824472846e-09 3.42371875296205e-09 3.45557224394448e-09 3.65238209030967e-09 3.45416014189536e-09 4.62633039026402e-09 4.07447635807578e-09 2.56823838677599e-09 3.34992826478263e-09 3.1238048866212e-09 3.23998167808118e-09 -9999 -9999 -9999 -9999 4.00696044681189e-09 2.34663101382112e-09 4.25172539631405e-09 4.28823400749698e-09 3.91672906890534e-09 2.28636403657104e-09 -9999 -9999 -9999 -9999 -9999 -9999 -9999 -9999 -9999 -9999 -9999 -9999 -9999 -9999 -9999
2.89368493602167e-09 3.22975928249434e-09 4.23110790026149e-09 4.55407383694875e-09 3.32185243085839e-09 3.00885459286445e-09 3.58073751706742e-09 3.74491398972166e-09 3.15881428161834e-09 3.56998365675989e-09 4.06283616211265e-09 3.15890019158865e-09 3.50884725768209e-09 3.10053414440455e-09 3.93055999168094e-09 3.50727782167902e-09 3.49285123798202e-09 3.72173506760685e-09 2.94673199051447e-09 2.16219431668526e-09 -9999 2.16218331601608e-09 -9999 3.68559400105462e-09 2.31122005995886e-09 2.69436943565519e-09 4.01075187682803e-09 3.90515469926456e-09 3.92393180421049e-09 3.52922771530036e-09 -9999 -9999 -9999 -9999 -9999 -9999 -9999 -9999 -9999 -9999 -9999 -9999 -9999 -9999
2.89356341081711e-09 3.11906349553639e-09 4.07034053491932e-09 4.4376403589843e-09 3.5944081333836e-09 3.67902041142403e-09 4.6516294223735e-09 4.13797934024172e-09 3.47466834292151e-09 3.68744641333984e-09 3.75456716682111e-09 3.47133412615486e-09 4.63196379151598e-09 4.42013598708083e-09 3.25035106147022e-09 3.22825798226402e-09 3.75448360328974e-09 3.08803365250348e-09 3.92732606893636e-09 2.45534986148989e-09 3.61098806196913e-09 1.8815603861825e-09 3.8337567302888e-09 3.9559734494881e-09 2.06559383753971e-09 2.19172441956783e-09 3.66897064616025e-09 3.84267355152873e-09 3.93708145075097e-09 3.00311777146166e-09 3.49129759688039e-09 -9999 -9999 -9999 -9999 -9999 -9999 -9999 -9999 -9999 -9999 -9999 -9999 -9999
3.47773445905927e-09 3.62487556145525e-09 4.21711768150616e-09 4.66112789902708e-09 3.79880560891535e-09 3.75060719691154e-09 4.17946480512867e-09 3.54309481960033e-09 3.57407637799225e-09 3.89056795257441e-09 4.64388057037093e-09 4.70611656475604e-09 3.2601955581182e-09 3.69948586223008e-09 3.51264296692618e-09 2.91644374330527e-09 2.45999436042426e-09 4.08091047118356e-09 2.76386774153473e-09 4.03968128567343e-09 2.38637823680908e-09 2.19309988250722e-09 3.98125649501438e-09 2.47923790129417e-09 2.23324524547328e-09 2.15984019591013e-09 1.90299944538728e-09 3.87946883485218e-09 3.81137785296171e-09 3.73467852080071e-09 3.12518432202592e-09 4.05239700662536e-09 -9999 -9999 -9999 -9999 -9999 -9999 -9999 -9999 -9999 -9999 -9999 -9999
3.37137938933405e-09 3.61460438349165e-09 4.30695949197332e-09 4.39309419173901e-09 3.44906568984982e-09 3.9535787215304e-09 4.12097676830355e-09 3.80027523478609e-09 3.22701841062551e-09 3.19086261751416e-09 3.93365993370086e-09 3.79641763928177e-09 3.63652007112714e-09 3.19833993662659e-09 2.2556388331109e-09 3.3563453125502e-09 3.17281379499076e-09 3.97798018207514e-09 3.84567911873559e-09 2.24461569400495e-09 3.1243386487375e-09 2.32367493650982e-09 4.30402438902644e-09 2.23969921708261e-09 2.88089358405995e-09 1.87531382458205e-09 2.18988918624169e-09 3.80275167903532e-09 3.3566082640897e-09 3.70217968324533e-09 2.38453267887679e-09 -9999 -9999 -9999 -9999 -9999 -9999 -9999 -9999 -9999 -9999 -9999 -9999 -9999
3.24504044441836e-09 4.22877075939872e-09 4.42807794077936e-09 4.27978390422198e-09 3.12926777662849e-09 3.43982276295539e-09 4.60326693619171e-09 4.09913045651975e-09 3.86798542717045e-09 3.84881339661935e-09 4.36644514142714e-09 3.60927845253533e-09 3.39313241271157e-09 3.03778986838339e-09 3.06677014158342e-09 3.44877003684813e-09 3.06346948076415e-09 4.37921917141548e-09 2.97310708814812e-09 2.66156496229615e-09 3.69973775424725e-09 2.14393564028483e-09 2.42630100168559e-09 2.28863606831e-09 3.69287051901413e-09 3.50201888921115e-09 3.48254978774332e-09 3.78897558432819e-09 3.19766900856709e-09 3.50583344137158e-09 3.42844240517106e-09 2.47906884066244e-09 -9999 -9999 -9999 -9999 -9999 -9999 -9999 -9999 -9999 -9999 -9999 -9999
2.99859886818616e-09 3.85526010364378e-09 4.29771091372524e-09 3.75414063154395e-09 3.76913970466015e-09 4.2226753935828e-09 4.30446577860872e-09 4.48356993553552e-09 3.4965608846904e-09 3.47432976381969e-09 3.4097098704401e-09 2.90489259824777e-09 3.04961214057281e-09 2.98699153723935e-09 2.72607011151635e-09 3.62064820493225e-09 2.64115584502959e-09 4.41473829205655e-09 4.44494675120126e-09 2.44000977635995e-09 2.57348182243686e-09 2.60547485120995e-09 4.32968874222182e-09 2.17064854087849e-09 2.7657222021571e-09 2.17779430172106e-09 3.70556631546467e-09 2.5813285438063e-09 3.99962056508358e-09 2.68756538032198e-09 3.57446627532701e-09 3.31789286732963e-09 2.86406564830504e-09 -9999 -9999 -9999 -9999 -9999 -9999 -9999 -9999 -9999 -9999 -9999
3.34134484315087e-09 4.03737425039121e-09 4.76826513652635e-09 3.67901831677312e-09 3.91663635302713e-09 4.71406185558755e-09 3.93683336275978e-09 3.63013536770951e-09 3.35690565241174e-09 3.4895274491704e-09 3.73053354582719e-09 3.68611792971321e-09 4.28065840163249e-09 3.09705489570091e-09 3.58096313629377e-09 3.13265434126687e-09 3.16638433029752e-09 2.83294932320211e-09 2.80232042721337e-09 2.65749347808408e-09 2.39782504180354e-09 2.33169163634972e-09 4.26035565652488e-09 1.97666664800109e-09 3.50262795133204e-09 3.67348960916933e-09 4.18402530881646e-09 2.70957467530159e-09 3.29820408745702e-09 2.81363621971343e-09 3.06744062883179e-09 3.00658509953914e-09 2.82986706894098e-09 3.82838672148149e-09 -9999 -9999 -9999 -9999 -9999 -9999 -9999 -9999 -9999 -9999
3.82037360185772e-09 4.75291784241919e-09 4.86811572617628e-09 4.32174193289763e-09 3.85249930247031e-09 4.69237976894856e-09 3.89576552102086e-09 3.65891424499995e-09 4.31840288898081e-09 4.00447499909574e-09 3.40871196838657e-09 3.67275308791384e-09 4.32893468676484e-09 3.61824787603362e-09 2.90943446744542e-09 3.73468440688415e-09 3.24039834543279e-09 2.91306787128909e-09 2.60874168596704e-09 2.38215600227592e-09 3.18665843589227e-09 3.79955679358439e-09 4.03573977126063e-09 2.10558839323636e-09 2.06790340313242e-09 2.13986843926969e-09 2.22633907138235e-09 2.95348603231125e-09 3.03135968231557e-09 4.33077748025038e-09 4.31782218095667e-09 4.37425923358124e-09 4.27674000097032e-09 4.04486115105792e-09 2.95802603695778e-09 -9999 -9999 -9999 -9999 -9999 -9999 -9999 -9999 -9999
3.68915928242189e-09 4.15674377269872e-09 4.52873255927804e-09 4.52908121342535e-09 4.65657294073595e-09 3.9278176611211e-09 3.82776828481989e-09 3.94431395969626e-09 3.91230853645838e-09 3.73599032551375e-09 3.51033752046856e-09 4.27354419249379e-09 3.18305003647741e-09 3.91853680099138e-09 4.58416530976877e-09 3.33608514042771e-09 3.3511222187601e-09 2.67687540081482e-09 2.6870068886314e-09 2.34115399677224e-09 2.80119570702146e-09 1.82978851714524e-09 1.75623603015805e-09 1.99043236800527e-09 2.45441353962543e-09 2.59675651499614e-09 2.38377873275799e-09 4.08049496443213e-09 4.5134030532377e-09 4.48127814430922e-09 2.87370863810003e-09 3.94794919870132e-09 3.35875376458648e-09 4.06207674660401e-09 4.21538856251878e-09 3.86322075685426e-09 -9999 -9999 -9999 -9999 -9999 -9999 -9999 -9999
3.29177584326348e-09 3.77193833172529e-09 3.6471726887779e-09 4.3193886626931e-09 4.81570574122299e-09 3.56709371123975e-09 3.4161452811452e-09 3.86972507656488e-09 3.38534680024407e-09 3.15052333075578e-09 3.85201857955325e-09 4.69338514345256e-09 3.57211471051931e-09 3.13933475415557e-09 3.19906772225388e-09 3.05680820129472e-09 3.65793125045842e-09 2.35228600696017e-09 2.18281254619068e-09 2.640085577805e-09 2.17908141757567e-09 2.35502319226019e-09 2.16578365297764e-09 2.33753936018675e-09 2.29952954082784e-09 2.20905988326924e-09 2.52965400459562e-09 3.53139503852953e-09 3.58570407942235e-09 3.51100992742526e-09 2.09696843769123e-09 3.48719828972641e-09 2.31716215983677e-09 2.72361994599707e-09 2.94827546185643e-09 4.19375033415628e-09 2.80876968277527e-09 -9999 -9999 -9999 -9999 -9999 -9999 -9999
3.4104816077304e-09 3.64468848412585e-09 3.23062621065213e-09 4.6140128506629e-09 4.52214146826749e-09 4.25867670872013e-09 3.89306155735806e-09 3.90024983569978e-09 3.07417433604598e-09 3.64622936888561e-09 4.47836213923757e-09 4.6373905470363e-09 3.42874793437919e-09 4.44225488410154e-09 3.36246292943422e-09 4.16034532823215e-09 4.20244802348578e-09 3.63436984411348e-09 2.487719204233e-09 1.67786840823065e-09 1.84348265021019e-09 1.91977985281174e-09 1.96167530167167e-09 2.37479695144227e-09 3.65701827601971e-09 2.79158344096207e-09 2.69814490013173e-09 3.29043201612404e-09 2.69051197309998e-09 3.64942561778118e-09 3.23290126710582e-09 2.49233754316653e-09 2.84038831717477e-09 2.94841757590736e-09 2.79137317494116e-09 2.58504314902098e-09 2.33912301935477e-09 3.55977589817039e-09 2.99556773554312e-09 3.93921583272605e-09 -9999 -9999 -9999 -9999
3.38992851482881e-09 3.7077070648677e-09 3.81201673472562e-09 4.21476275175234e-09 4.57555502324215e-09 4.50485611843643e-09 4.28448895322459e-09 4.54091317178189e-09 3.63128916459366e-09 4.56284650388461e-09 3.39693775686607e-09 3.89175128462389e-09 2.90053527087846e-09 3.93272697951389e-09 2.31089021451817e-09 2.89504007842733e-09 3.05260728544164e-09 2.26274704553542e-09 1.78485788544029e-09 1.63245261230183e-09 1.82015328653605e-09 1.90294063131497e-09 1.98308241469871e-09 1.94805776898031e-09 2.09074393606159e-09 2.82249461342401e-09 3.44180599637392e-09 3.73045404198902e-09 2.96564446538657e-09 3.42997372486353e-09 2.67444876774805e-09 4.23739119526064e-09 2.82945648051366e-09 2.93983500776296e-09 2.60756338034175e-09 2.57868480897248e-09 2.37010114918994e-09 2.24997046526613e-09 4.36252091371727e-09 4.33874171505699e-09 -9999 -9999 -9999 -9999
