Validation points/black/Bungarus_ceylonicus-black.asc
NCOLS 267 
NROWS 469 
XLLCORNER 376490.070567719 
YLLCORNER 381033.488324056 
CELLSIZE 919 
NODATA_value -9999 
[rows 180 to 199 of 469, columns 44 to 87 of 267]
7.33501665078011e-13 7.7691208581776e-13 8.38852385631465e-13 8.786921098444e-13 8.12298222780152e-13 9.61340288800892e-13 1.0518979275825e-12 1.18350836468898e-12 1.11014328526188e-12 8.47101146962106e-13 9.61810376584111e-13 1.4739438522654e-12 1.72760620926294e-12 1.56666945660182e-12 1.11317429331568e-12 1.89349647564439e-12 2.2051014122387e-12 2.24474452968185e-12 2.22281182901568e-12 2.25659367323129e-12 1.52457418433595e-12 1.63685327776119e-12 1.98306497698769e-12 3.32750561677239e-12 2.34301045239474e-12 2.49324594789433e-12 2.64590153313528e-12 2.74992547122734e-12 2.82868798825246e-12 3.21419887005876e-12 3.76994047915756e-12 3.83378726269579e-12 4.57945544599773e-12 4.98458690635112e-12 8.19119734125575e-12 8.38913058268431e-12 8.71841257565359e-12 6.67549456441583e-12 7.87851281004679e-12 8.82259576650518e-12 9.34869773293417e-12 1.06199905116136e-11 1.09957770355849e-11 1.11271127951742e-11
6.22512626848095e-13 7.19420783142685e-13 7.67533653582958e-13 7.7358336362372e-13 8.14203484702945e-13 6.04956695477235e-13 9.24575014592424e-13 1.0542576151214e-12 1.23817442999282e-12 1.15780799237427e-12 1.40637244197512e-12 1.57967192556112e-12 1.4595766124995e-12 1.5766019774603e-12 1.64180659124202e-12 1.89487152901172e-12 2.1539011810999e-12 2.03014856078157e-12 2.32723832216635e-12 1.73739840339349e-12 1.70502898827652e-12 1.75383807407542e-12 2.44089782873951e-12 2.89436962579972e-12 2.36510773800148e-12 2.57695763357557e-12 3.9109700395898e-12 2.75018319420032e-12 2.93679243178625e-12 3.23551822166044e-12 3.50143638020669e-12 3.80811793511868e-12 4.04535344883884e-12 4.83311243784346e-12 5.39926675251541e-12 9.05829596207043e-12 6.26181251707971e-12 1.02595755079655e-11 1.09132473520764e-11 8.26727532267516e-12 8.8961029343347e-12 1.01505719626356e-11 1.03457077613382e-11 1.02085604097742e-11
6.00749911505809e-13 6.94091693228573e-13 7.36423556508616e-13 7.34362423657572e-13 7.66768333947518e-13 7.86399695807656e-13 9.1813429017781e-13 1.0176352262009e-12 1.28620887554129e-12 1.4534472210593e-12 1.56947628818151e-12 1.57203151304683e-12 1.35426800528746e-12 1.50280552615913e-12 1.49897883620212e-12 1.56709844206282e-12 1.39019163432779e-12 1.84294578480276e-12 1.34236543342011e-12 1.7900174339252e-12 1.6575238845621e-12 1.7923937990804e-12 1.79505678936455e-12 2.28855948462113e-12 2.31012035150423e-12 3.03973747017813e-12 2.62261995693131e-12 2.98409090499912e-12 2.81904375025125e-12 4.23390174023192e-12 3.34684382132618e-12 3.54912748331047e-12 3.73123231086048e-12 4.48275451795043e-12 4.97474345789418e-12 5.28634427962178e-12 8.05353156091891e-12 8.80355216775661e-12 1.12791706892093e-11 7.99565838831348e-12 8.62203962160357e-12 9.05728327627852e-12 9.8204852990162e-12 9.27218941898968e-12
6.72314293689058e-13 6.97674622801276e-13 6.67747123326943e-13 7.00014746537433e-13 8.10443556881167e-13 9.48335819170222e-13 1.01129535276456e-12 8.46534600380516e-13 1.23464384450707e-12 1.49337070734237e-12 1.39276298426738e-12 1.36894539137804e-12 1.43885689543575e-12 1.00522182924847e-12 1.55819483481794e-12 1.3192913583072e-12 1.15152114578088e-12 1.64894588924751e-12 1.19711864157287e-12 1.33854385045996e-12 1.82686711534132e-12 1.66399178462355e-12 1.92303036802391e-12 2.00750148236839e-12 2.80082429119588e-12 2.39449241923956e-12 2.48051095028299e-12 4.194123073375e-12 2.96582756637193e-12 2.9507300721524e-12 3.38177745855203e-12 5.64958929253256e-12 3.88285365751993e-12 4.46953776347022e-12 4.64594854529274e-12 6.67966450394964e-12 5.2642491661792e-12 7.52652886204182e-12 9.67258102517062e-12 1.09326704749331e-11 9.64257800979641e-12 9.07423284909274e-12 1.22752357358389e-11 1.36983481531511e-11
6.25873892690568e-13 6.64542801563851e-13 7.4797809311684e-13 7.16117434077252e-13 7.16932170165422e-13 8.34612301117129e-13 9.60813510220973e-13 1.11962634345938e-12 1.14919293072686e-12 1.24015526856761e-12 1.38418319120439e-12 1.42612103701803e-12 1.48257002028723e-12 9.48906456287805e-13 8.75006787383779e-13 1.00043285755937e-12 1.1572494717439e-12 1.63449214783006e-12 1.33710472474338e-12 1.22741395190808e-12 1.32465289624184e-12 1.68087290375905e-12 1.91482605308452e-12 1.93204940911708e-12 2.83458343247227e-12 3.16538022056677e-12 3.23356549601107e-12 3.75992342849563e-12 2.88666469909361e-12 2.89150342704481e-12 3.13077803181927e-12 3.46272991412945e-12 3.81049957920074e-12 4.34339755717303e-12 4.62422531965469e-12 4.90199270448914e-12 5.47323944763378e-12 5.6596569233913e-12 6.66132196310704e-12 9.47490335709113e-12 8.09127116372981e-12 8.08699343891904e-12 8.08267469140497e-12 7.98772490966898e-12
3.58686663129907e-13 6.08130136203384e-13 7.41406005239926e-13 7.48172733090418e-13 7.72799764939713e-13 7.64885571588422e-13 9.13300964200061e-13 1.08299126816467e-12 1.07711038030483e-12 1.03269312959553e-12 1.13527286615532e-12 1.33943790848425e-12 1.31296729960407e-12 1.19989904316473e-12 8.45833045787289e-13 8.99700407667335e-13 1.3824370662228e-12 1.39671517624522e-12 1.53364504384265e-12 1.78738263503132e-12 1.9159811334163e-12 1.56013944983843e-12 1.69390539527203e-12 1.85908099041962e-12 2.14113581117764e-12 2.22677512982041e-12 2.28930291314877e-12 3.32133171330367e-12 3.46601657337307e-12 3.95008316937633e-12 3.17430230329009e-12 3.35745305878766e-12 3.51009353240895e-12 3.78855017666006e-12 4.28188231628448e-12 5.96576089136829e-12 5.49498303723035e-12 5.79750760361577e-12 6.4523556717732e-12 6.73236096094165e-12 7.42600887974242e-12 7.81285421765291e-12 7.74781023859775e-12 7.59225152493215e-12
7.03297298104896e-13 7.09554310007334e-13 7.10003764393916e-13 6.89359598570743e-13 7.36698873801161e-13 7.57586546430661e-13 8.32148656844875e-13 8.62671905346854e-13 1.02057864679135e-12 9.80826750396524e-13 6.47599673660192e-13 1.11531155087076e-12 1.301034393203e-12 1.04313147097207e-12 8.3298661112333e-13 8.29428388131855e-13 8.88079678109033e-13 1.05472527029533e-12 1.26230554496924e-12 1.97177405340418e-12 1.24811493911308e-12 1.34571860546563e-12 1.63839017700332e-12 1.8317599370043e-12 2.03192216624636e-12 2.12836918895008e-12 2.21553765007123e-12 2.58274817056e-12 2.76909016178323e-12 2.95684770528819e-12 3.10331514460025e-12 5.01956280357812e-12 3.5723263986788e-12 3.75689637207777e-12 6.35210822133903e-12 4.52635290877966e-12 7.02204657866096e-12 5.49135740474754e-12 9.12585753778737e-12 6.34867763189944e-12 7.38816239859049e-12 1.09513454499524e-11 1.17290773294935e-11 7.80159712657881e-12
6.98741733910213e-13 7.05001632269164e-13 6.97938059869044e-13 6.7993448289625e-13 6.8141807475377e-13 7.64353148877153e-13 8.26871941331334e-13 8.48877105989303e-13 6.24514570299148e-13 9.86265638207843e-13 9.67906780333858e-13 1.00991339777491e-12 1.17862904674174e-12 1.07184635065998e-12 7.36410905050803e-13 8.38000514050937e-13 1.00376204045927e-12 1.0470575504556e-12 1.53122096783435e-12 1.21675551611983e-12 1.26211116997276e-12 1.34979376782905e-12 1.40995862406124e-12 1.52662583954714e-12 1.78131641458721e-12 2.04903256525127e-12 2.15124120514755e-12 2.4007196236957e-12 2.76321671409505e-12 2.88204241781109e-12 3.17365640891447e-12 6.02891427280753e-12 4.94604456580316e-12 3.67579277363451e-12 5.83435949679052e-12 4.33287080008635e-12 5.14416778688398e-12 5.24377661306078e-12 6.02305404072828e-12 9.46670768184746e-12 6.88273428188048e-12 7.11575357690396e-12 7.50988156967593e-12 7.70902032627885e-12
5.94817299518754e-13 5.60459239429137e-13 6.3379175786661e-13 6.20868037249604e-13 6.53810151366079e-13 7.44578960259992e-13 9.13611469142487e-13 1.0009348822844e-12 9.78063925196691e-13 1.02190486215546e-12 9.33709982076343e-13 1.00569484312294e-12 1.02965459938851e-12 7.52989922034031e-13 7.21970402877468e-13 1.14679331936237e-12 1.0027948128154e-12 1.04494088032806e-12 1.44890409862706e-12 1.24955196362108e-12 1.27218549010523e-12 1.26800337227381e-12 1.28973852981146e-12 1.49581238643809e-12 2.02695511007013e-12 1.79880971712394e-12 2.07241108399013e-12 2.38687172265318e-12 2.85007617293101e-12 2.91743362091556e-12 3.03052983596808e-12 3.40987122029203e-12 3.44426591924311e-12 3.53090707492224e-12 4.03132628326752e-12 4.1899782308365e-12 6.31152426547947e-12 4.72420057205247e-12 5.38369014667251e-12 7.55204711907092e-12 8.65734646006622e-12 7.31611632879879e-12 6.83742860458811e-12 8.02419962044748e-12
4.32813570180513e-13 6.42792144315047e-13 6.11277426710953e-13 6.14629234036752e-13 6.66666149531805e-13 7.85195283948638e-13 8.88379061490929e-13 6.7319837328888e-13 9.70638747101361e-13 6.60855163458246e-13 6.96118154046146e-13 6.44760413178479e-13 6.14225155285679e-13 7.0481501956946e-13 7.29848574110366e-13 7.79671832246289e-13 8.21704861034667e-13 9.40055389835658e-13 1.41294611938809e-12 1.19144655943221e-12 1.18556324456689e-12 1.25016857674671e-12 1.29797167568808e-12 1.48493702481972e-12 1.74136879536627e-12 1.73691930957101e-12 1.90313361980276e-12 2.29921014133491e-12 2.8240772527461e-12 2.9505542836867e-12 3.08241911824123e-12 4.98972953753934e-12 3.26954373659934e-12 3.52302625634849e-12 4.21876373736533e-12 5.55877179956469e-12 4.33858837909295e-12 4.53003880053214e-12 6.69290423414659e-12 5.83320040121699e-12 5.69537020829284e-12 6.23789471155037e-12 7.20033826862216e-12 7.584068463707e-12
5.93181134891801e-13 6.00028179933448e-13 5.99751170103165e-13 6.07784478345709e-13 6.63455259942864e-13 7.26690620784738e-13 7.5668000410461e-13 8.40608781729547e-13 5.62229864747814e-13 9.03473047814411e-13 6.32063799913283e-13 6.3129380116897e-13 6.74878730347019e-13 7.5847411353547e-13 7.3976170120669e-13 1.10196282411502e-12 8.802005533575e-13 9.09882128583229e-13 9.5890734648697e-13 9.74094724789303e-13 1.13038873426633e-12 1.1624591277741e-12 1.21759391772893e-12 1.33016286736422e-12 2.17478935032507e-12 1.95268596927424e-12 1.93698709233333e-12 2.11708972288341e-12 2.43584515649007e-12 2.63889703220459e-12 2.87075350465964e-12 3.15752844275145e-12 3.26337545672604e-12 3.60413523119281e-12 3.96553047518622e-12 3.89549316009262e-12 4.3404678283385e-12 6.32588404580608e-12 4.62371885861935e-12 5.30286374766264e-12 9.45708912768755e-12 6.54239393245775e-12 7.09393324253388e-12 7.44780361389349e-12
5.79213963198215e-13 5.62596039039547e-13 5.36461274617773e-13 5.39711732218391e-13 6.26538470597048e-13 7.33851420275746e-13 7.67009371877234e-13 4.94203517778741e-13 7.99192490163937e-13 6.08587858737718e-13 6.08620043157307e-13 6.12234670067135e-13 6.40165640915134e-13 6.62462492118748e-13 6.57619179773515e-13 7.1617024412396e-13 8.0669372763492e-13 1.35297952639815e-12 8.91337433190694e-13 9.42671123487981e-13 1.13082315142817e-12 1.17228169976423e-12 1.2716840422276e-12 1.38866699966669e-12 1.6454683873698e-12 1.79841962519657e-12 1.99827728772901e-12 2.19572392041891e-12 2.23449336998229e-12 2.53839499905854e-12 2.68485699995674e-12 3.05132123771709e-12 3.55425007976671e-12 3.52472228470695e-12 4.05531469336645e-12 6.45092979683115e-12 4.41676360849108e-12 4.65482046114375e-12 4.8516926368082e-12 5.29096071136111e-12 5.73434818000317e-12 5.87003627715082e-12 6.35857459094078e-12 6.48908219593975e-12
5.22943031920235e-13 3.41880197748888e-13 3.4778028690047e-13 5.82022444788697e-13 6.57495860248257e-13 6.95949267387583e-13 6.97612032040333e-13 7.02182973362935e-13 4.89485882397297e-13 5.5531617842206e-13 7.83158201514919e-13 5.98687877422422e-13 6.59052296682168e-13 7.27073963579809e-13 7.20637285613079e-13 8.42246445446331e-13 8.42062103897851e-13 8.4540963555776e-13 8.87055389261794e-13 9.65239866843759e-13 1.09548551175294e-12 1.46264921554509e-12 1.15443314393771e-12 1.32012508553938e-12 2.21611786354643e-12 1.72471809075049e-12 1.98529775848762e-12 1.96163431970459e-12 2.05912500362336e-12 2.27760199232618e-12 2.57818440614241e-12 2.75288521580912e-12 2.92127950327818e-12 3.12932393040512e-12 3.64467849221023e-12 4.14080432868984e-12 4.31808369056453e-12 5.07105330006767e-12 4.73664820350044e-12 5.17120526637189e-12 5.53739512384262e-12 5.34831996699496e-12 6.17625840042492e-12 6.72345726040545e-12
3.33343860351358e-13 3.33467502510044e-13 3.42037227377788e-13 3.85813526728449e-13 6.57636651027151e-13 6.79807593378081e-13 4.41385085457061e-13 4.73669099063247e-13 7.36304705520966e-13 5.63095017230757e-13 5.41914367505041e-13 5.77327791306366e-13 6.64442791722908e-13 7.08934037686621e-13 7.52435590549431e-13 8.42946408621701e-13 8.54291595759851e-13 1.0377476188202e-12 8.49316656719597e-13 9.10105685632891e-13 1.07115987831808e-12 1.21037457990692e-12 1.15012294811691e-12 1.30601781351925e-12 1.50705790909132e-12 1.59038298079144e-12 1.7584592008952e-12 1.79407534582562e-12 1.9729939915804e-12 2.19273635873712e-12 2.48956024759836e-12 2.61771596220094e-12 2.77184230195284e-12 3.00895947971844e-12 3.50764840252836e-12 4.04666972558984e-12 4.23100668575343e-12 4.40339653353539e-12 6.93725057501602e-12 5.00568245900403e-12 5.31415677067216e-12 5.20538670653839e-12 5.72857789693474e-12 6.39003896056647e-12
3.33021579794358e-13 4.58892848042376e-13 3.60135577138192e-13 6.44271801510078e-13 4.27432057407332e-13 5.05905399211882e-13 6.60847719313927e-13 6.10853355547719e-13 4.70737360097939e-13 6.06453560953587e-13 7.61306654906883e-13 8.29866657506107e-13 6.65466564598473e-13 7.21264668809655e-13 6.9182301342047e-13 7.48251126176259e-13 9.16126839651355e-13 8.11448330771778e-13 9.09194136948868e-13 9.9464548607514e-13 1.01111134875404e-12 1.1191784986764e-12 1.20004312043013e-12 2.01838797027636e-12 1.4866447255224e-12 1.5251141485189e-12 1.64895492963145e-12 1.70604851088241e-12 1.83633313733545e-12 2.07462217735102e-12 2.22791125431627e-12 2.3405838198884e-12 2.83332711423908e-12 3.09052432660462e-12 4.99783253754184e-12 3.65587942383351e-12 3.70887542315626e-12 4.2089729143078e-12 4.91787950189695e-12 6.77117601270497e-12 5.16143897073402e-12 5.28642213079206e-12 6.0877100896996e-12 8.96851928499374e-12
4.08259152438252e-13 6.27899381707472e-13 4.93852551247257e-13 4.16244639622144e-13 4.30772063455356e-13 4.38178031378983e-13 6.51898962292828e-13 5.35760237126131e-13 5.10910121750258e-13 5.29271592186446e-13 5.73668823604714e-13 8.35736147096698e-13 7.17918837837562e-13 6.84959807684757e-13 6.67541634048112e-13 6.89240020479881e-13 8.27021115995141e-13 7.69587508892962e-13 8.63708475066152e-13 9.86350286071503e-13 1.459139142354e-12 1.36616899716759e-12 1.16063658198474e-12 1.32141766964016e-12 1.5405430480254e-12 1.61216879734276e-12 1.61204577539042e-12 1.78253427931815e-12 1.89762539376697e-12 1.93774186842539e-12 2.27343901460655e-12 2.4887571220504e-12 3.2855609721416e-12 2.91697081521134e-12 3.17180444095482e-12 3.60611169040324e-12 3.4057445721387e-12 3.6648451437681e-12 4.28067578259918e-12 4.5202426430491e-12 4.75358139298905e-12 7.53455554927221e-12 5.9813408532571e-12 9.6108131033212e-12
4.17165982441399e-13 6.48885776544858e-13 6.42233947340583e-13 6.70036608653004e-13 6.15298384960552e-13 5.25351405641202e-13 5.41457487769711e-13 5.62576218021713e-13 5.20366738501286e-13 5.03226589959356e-13 5.26855179122629e-13 6.11269057665851e-13 6.9161835159173e-13 6.5712061277959e-13 9.93318180810419e-13 7.88971977228012e-13 7.71144348439528e-13 1.17335573711286e-12 1.26711539866164e-12 9.34025010044055e-13 9.86027471761015e-13 1.06126636315118e-12 1.09792943882406e-12 1.39319933716482e-12 1.48180819227504e-12 1.57500306456415e-12 1.65163493763132e-12 1.66200582434273e-12 2.65620927314807e-12 2.78090292383462e-12 2.23441559164076e-12 2.45192793170171e-12 2.58615449823023e-12 2.6978481941329e-12 2.80181867185195e-12 3.26120615410434e-12 3.41188731468186e-12 3.62484392171737e-12 4.16566447236811e-12 4.87892546766861e-12 4.79287555956305e-12 7.18439993678492e-12 8.3577478387432e-12 6.23107129347199e-12
4.78501905748222e-13 6.30244150146691e-13 4.59812703365942e-13 7.20006818644675e-13 5.15540477787929e-13 7.93174136823948e-13 5.44235520833557e-13 8.37871371135899e-13 7.50351169006876e-13 5.16398768177594e-13 5.08174276973535e-13 5.56818124491613e-13 5.93733855015545e-13 6.00297887214433e-13 6.12844387869797e-13 9.84978682496772e-13 7.52266877270604e-13 7.40288280109458e-13 8.49676612530676e-13 9.2942776399579e-13 9.02174864013225e-13 9.41757216904689e-13 1.11243608895822e-12 1.1748017927116e-12 1.35694797933201e-12 1.44176783768825e-12 1.54953785651239e-12 1.62653699215309e-12 1.69201284806772e-12 1.86277947633558e-12 2.1772705213043e-12 2.37599025808661e-12 2.50992948298249e-12 2.72597490847196e-12 2.90938893122452e-12 3.00557352079681e-12 3.34768182367666e-12 3.46988118364e-12 3.88638233494071e-12 4.235900764231e-12 4.68839664632489e-12 5.28473443290144e-12 5.65678213830659e-12 6.11359700396462e-12
3.87806502680518e-13 6.30046223379695e-13 7.565443187355e-13 5.92125911442979e-13 6.84551190013437e-13 6.42817776385198e-13 5.31139879547726e-13 7.62105813285191e-13 5.59086710115892e-13 5.78848197224572e-13 5.57376384612299e-13 6.16966706536581e-13 9.29867009171954e-13 9.04219995812427e-13 9.20581332138094e-13 6.424103244603e-13 7.2453248185333e-13 9.67823471530366e-13 1.13580664968604e-12 8.76424808770373e-13 9.26399695754111e-13 1.02388620372675e-12 1.38144484929626e-12 1.16900145155626e-12 1.33091369242486e-12 1.84272652658194e-12 1.32492869449578e-12 1.57244529728229e-12 1.62084927399816e-12 1.79350618638348e-12 2.12619190014982e-12 2.31311764753201e-12 2.70886477350044e-12 2.55274944564259e-12 2.77233404331013e-12 3.10209390307688e-12 3.48323695964155e-12 3.7569768483162e-12 3.94824753938433e-12 4.14018348254288e-12 4.39031089326217e-12 6.46800251172825e-12 5.43555963449199e-12 5.8966985838785e-12
5.62167113135965e-13 6.27723652094959e-13 4.80392976159764e-13 6.61175553263114e-13 6.9463301673003e-13 5.15281371847185e-13 5.44214026987101e-13 5.71919249098822e-13 5.68341732849027e-13 5.51596921548198e-13 5.68203267264139e-13 5.41627140974939e-13 6.02972027889937e-13 6.71704909725227e-13 6.85984885536089e-13 7.12345301381544e-13 9.61107745795657e-13 7.03816452826942e-13 8.03298900845562e-13 9.20730527927403e-13 8.5988489288579e-13 8.53961696074516e-13 1.39345490963155e-12 1.34980844017419e-12 1.29325541257181e-12 1.35998430870213e-12 1.4785018557666e-12 1.63279544236808e-12 1.73873288746654e-12 1.67569834542601e-12 1.85909467956757e-12 2.67842558264669e-12 2.2961478650278e-12 2.48703011397655e-12 2.68486239166858e-12 3.12483598551351e-12 3.39463732166719e-12 3.47204896609174e-12 3.91075415285721e-12 4.58969574612356e-12 4.41235461004061e-12 4.61893939491765e-12 4.68984681093408e-12 5.21515237369496e-12
