Validation points/black/Bungarus_ceylonicus-black.asc
NCOLS 267 
NROWS 469 
XLLCORNER 376490.070567719 
YLLCORNER 381033.488324056 
CELLSIZE 919 
NODATA_value -9999 
[rows 240 to 259 of 469, columns 44 to 87 of 267]
2.30045226365764e-12 2.00392635918345e-12 1.61570050312128e-12 1.62677872352233e-12 1.56803587491166e-12 1.67904976291115e-12 1.63394785876605e-12 1.94563894827987e-12 5.39799468516492e-12 3.3428331927339e-11 1.03694709292793e-11 2.13385716596446e-12 2.02514627692646e-12 1.80277201051834e-12 8.56336908408423e-12 2.6608327611209e-11 1.28872121199862e-11 7.61475844554507e-12 3.04772542536082e-11 1.55238132032604e-11 4.93086459007933e-12 4.28284893896962e-12 1.05643366134566e-11 3.10113055299929e-11 1.91189492773596e-11 5.00180586588195e-12 1.19795178825097e-11 2.97416768399913e-11 3.30448999464485e-11 3.74229090591119e-11 1.85795102809669e-11 4.42348604331668e-12 1.89848067867868e-11 1.91620939151802e-11 1.65314588352202e-11 1.96915050038704e-11 5.97475807561309e-12 7.48382119773793e-12 2.51476286104176e-11 8.51213404378423e-11 8.29199121348386e-11 1.21927828475591e-10 7.28611133877489e-11 8.79055892814549e-11
1.67727957701558e-12 2.44667000762077e-12 1.63020165699125e-12 1.74079771209652e-12 2.86257627521342e-12 2.2934154170134e-12 2.77283191460731e-12 1.94599219531962e-12 1.02918707406933e-11 8.75267770907328e-12 5.81227743853631e-12 8.62596634453807e-12 8.0011132199471e-12 7.306940280646e-12 3.11044292753376e-12 1.13709999472802e-11 3.70558990431828e-11 8.98641965423714e-12 2.62487508318534e-12 1.15824109291804e-11 1.09282483783668e-11 8.24673591422415e-12 1.09872752186821e-11 9.84348105292354e-12 4.08043926841501e-11 3.22670011578659e-11 3.56786105177496e-11 1.42850675567462e-11 4.22360407227156e-12 4.38560829657969e-12 4.17134290345246e-12 4.96109074886248e-12 1.74154310116476e-11 4.76295234252291e-11 1.78858342979439e-11 2.25452543854472e-11 6.75672933001554e-11 8.6192254037244e-11 1.05285054054167e-10 3.69686618966156e-11 3.54288098329429e-11 8.98146128994098e-11 7.74019440637908e-11 4.86530662938231e-11
2.53393821637865e-12 1.69718098025138e-12 1.74032234076314e-12 1.77722400875865e-12 2.52267867413129e-12 3.18748779763495e-12 2.0712197650764e-12 2.92973845067585e-12 2.70555343603752e-12 3.0615063120385e-12 1.01382134210094e-11 3.78361100145242e-11 2.61948638466062e-11 8.17307770522133e-12 2.56712758068832e-12 2.55527348030269e-12 3.78615605661145e-12 7.00182834028806e-12 1.27978263797013e-11 2.80572366181801e-12 2.92777113018627e-12 3.45680754003582e-12 9.04830248557739e-12 1.1256829376832e-11 1.5018165269841e-11 4.75001080349936e-11 3.71693188022544e-11 3.50213844698863e-11 3.31597700491688e-11 1.27120100368094e-11 1.56291209252378e-11 1.35263797194708e-11 4.64691274051252e-12 1.47961074628577e-11 2.13404544199052e-11 1.70666532157231e-11 2.51300855484336e-11 2.33818944743359e-11 7.65383487853214e-11 1.13116420296738e-10 1.09683514724907e-10 1.33161072113511e-10 1.97105610643757e-10 2.63772000146893e-10
1.79451614818736e-12 2.81830691237303e-12 2.11314204133418e-12 2.04464370759089e-12 2.6207608973745e-12 1.91873176622564e-12 2.04945369477066e-12 2.0915055145685e-12 8.33193211829574e-12 2.63575393445535e-11 1.191929285459e-11 3.18850614891749e-12 3.00462039395914e-12 6.40334718723653e-12 3.57084567615447e-11 2.49606560884047e-11 4.0005462726138e-11 2.86053977446301e-11 3.68733295590561e-11 9.52102225550363e-12 2.85925423979304e-12 8.59736115183446e-12 3.40163773141264e-11 3.66523861118738e-11 5.89731702241146e-11 2.10867175584976e-11 1.10530545406235e-11 4.20605458236371e-11 2.21586742635692e-11 1.17510932317684e-11 6.59396651322269e-11 4.61207739406106e-11 6.06182591854886e-11 1.81468461695958e-11 8.77496934401147e-12 1.65262641126818e-11 5.90685963326324e-11 6.51369716680972e-11 3.04015369170093e-11 1.0055357863636e-11 2.80021298996081e-11 9.30590997123701e-11 1.0723565624162e-10 1.66147192462339e-10
1.86710388538088e-12 1.92353111499936e-12 3.0316965622407e-12 3.32777160159675e-12 2.16211291847355e-12 3.18051690065194e-12 8.14399740651518e-12 3.84723565883041e-11 1.24892811741278e-11 2.27593409562419e-12 3.21884810384841e-12 1.84059368750272e-12 2.97233963859365e-12 7.03584931797474e-12 1.35434384490633e-11 8.02245383529255e-12 1.50000599980816e-11 4.29858802618121e-12 3.07262342805095e-12 9.08044895042245e-12 3.07083556763158e-11 3.36955723273853e-11 3.79603129036762e-11 1.92789158761486e-11 1.78442259238888e-11 2.10610991599675e-11 5.14078877855855e-12 6.42257979863414e-12 6.2504837009896e-12 6.37784764683506e-12 5.27124870357405e-12 1.4891725827993e-11 5.20590768020478e-11 5.32647746478761e-11 1.84118950529496e-11 2.3604985848465e-11 3.78470063331494e-11 1.26158942473219e-11 3.70762689353203e-11 3.31602969781339e-11 3.39471050826229e-11 1.20418745357244e-10 3.91490303688812e-11 3.33132505253549e-11
2.08958685729713e-12 2.21476065533019e-12 2.45140933150837e-12 3.24729181527553e-12 2.13756851038839e-12 1.0363055387801e-11 8.42461636360623e-12 3.55084432382568e-12 3.5668484241334e-12 6.27555519350983e-12 3.68768504069852e-11 7.85412215320247e-12 2.19799889609511e-12 7.37268402500074e-12 1.40993407140819e-11 2.63320983654987e-12 3.43833002078584e-12 1.29541539561349e-11 3.81006280799063e-11 4.27435610983095e-11 1.3351134224835e-11 1.3203826783415e-11 1.94767614870131e-11 4.082975526441e-12 6.70324656318694e-12 1.34383635973435e-11 3.99631431267877e-11 4.05839289310154e-11 5.20897888012543e-11 4.9769766856445e-11 3.99511470091087e-11 4.74601578860523e-11 5.76006837671496e-11 2.22948296160991e-11 1.77035805360476e-11 6.0324797501592e-11 6.36829516766581e-11 3.68692526293678e-11 2.50490335364512e-11 8.20322388533681e-11 4.86943646857319e-11 3.13225064254163e-11 3.75574727275064e-11 5.09595852368295e-11
2.10121905903817e-12 3.36246645232767e-12 2.28234697219886e-12 2.34518997918797e-12 9.23290204881584e-12 9.76769542272766e-12 3.14361793029121e-12 3.17110241234617e-12 6.94266723748705e-12 2.84122863016182e-11 2.76133253364796e-11 1.47751837532263e-11 3.25438930740147e-12 2.64640990454224e-12 4.21692241387001e-12 3.34039152065703e-12 4.34091759538961e-12 4.07836836749204e-12 1.03512945936663e-11 5.02357060969973e-11 3.63740072629246e-11 1.29475871521028e-11 3.82771501652762e-12 4.08218244286599e-12 1.09773506560578e-11 1.47485386335802e-11 5.96422360621217e-12 1.96820370558031e-11 2.43146464517749e-11 1.56026164966453e-11 1.95259670480556e-11 2.00327350868107e-11 5.92120644982753e-11 6.01302723103013e-11 9.08809068239574e-11 2.57685328222355e-11 2.44960822156532e-11 2.92973359974987e-11 2.53194797051347e-11 9.3380496063051e-11 3.45158700658957e-11 6.60640293666301e-11 1.60452748778253e-10 4.81075456790141e-11
3.10823872900585e-12 3.55601552032883e-12 1.10827254475615e-11 9.55844340242118e-12 2.7373320839446e-12 8.05342437563831e-12 8.1472406370574e-12 3.20269970132746e-12 9.29084536952273e-12 2.85951552007855e-11 3.07532315316025e-11 1.32731459239725e-11 4.21501123564497e-12 1.06944352596854e-11 2.86650399890427e-11 1.38063982644849e-11 8.17369595549874e-12 1.32952656276122e-11 3.25841823967878e-12 1.07623842671763e-11 1.39125268313896e-11 1.63475174709089e-11 1.19842475345906e-11 1.11201704790132e-11 4.30736600115905e-11 6.58186806262867e-11 6.21128090953197e-11 4.43050491351485e-11 4.65715644879343e-11 4.67014210258837e-11 4.95569369649077e-11 7.67038005133972e-11 8.30871250344409e-11 6.5518582383786e-11 6.78331317475205e-11 6.88970173877179e-11 1.12622093224784e-10 7.67791705908936e-11 8.39503543367077e-11 1.0097210785637e-10 1.30594758606494e-10 1.00562161433815e-10 1.23829506512105e-10 1.10102795371967e-10
2.67927709147004e-12 2.59771153008959e-12 2.5210749995594e-12 1.20030610343476e-11 1.38874914199775e-11 2.66641271446896e-12 2.45723017489436e-12 3.57139071873568e-12 2.60394534694475e-12 2.62735901706887e-12 3.00889915887796e-12 2.88589187257895e-12 4.02012977002374e-12 3.84995309132552e-12 1.50511368036458e-11 4.56564022513597e-11 3.54292502074942e-11 3.6517471708048e-11 5.04928399941231e-11 5.52741579940244e-11 3.93598223434925e-11 4.21974112601804e-11 4.24079626126698e-11 4.30455854498875e-11 4.72184679447545e-11 5.67982822447683e-11 5.37616883356556e-11 7.3087322380645e-11 1.86598437684796e-11 2.46934932929969e-11 2.06466109124889e-11 1.93827895717394e-11 6.9045497346617e-11 6.90606125665485e-11 3.71971951374983e-11 2.2494966694352e-11 7.76193261933e-11 8.48592380375241e-11 9.58607317038982e-11 5.11462944750766e-11 3.25029696626318e-11 1.14618403607579e-10 7.64639048212119e-11 2.43902323362397e-11
3.51434003376858e-12 9.63377943539228e-12 1.02687015405706e-11 2.53929063238936e-12 7.95587790944247e-12 3.03343445627369e-11 8.81474452143643e-12 7.161259034304e-12 1.23661895613397e-11 7.33449557579777e-12 3.48653143177111e-11 3.07743807496792e-11 3.74354044531493e-11 1.01605787836421e-11 1.41448506796016e-11 1.23453297151289e-11 1.07125274185349e-11 3.93522613801558e-11 4.02985585222557e-11 4.16704641059643e-11 1.41911974272038e-11 1.23319122609822e-11 6.17289811407349e-11 4.65179745682652e-11 7.19647453125457e-11 5.08919118860448e-11 8.17677983825077e-11 8.30075660293414e-11 4.88618028478381e-11 5.15513219313645e-11 1.98693364678842e-11 1.78725270646363e-11 6.81405069752013e-11 7.60820617013218e-11 7.79990593957558e-11 8.37080127372352e-11 1.28131826328145e-10 1.26821479092478e-10 9.95855344685771e-11 9.27784865649422e-11 1.32668710487381e-10 1.11342432933033e-10 1.1284196892827e-10 4.35471794933696e-11
9.88498139803594e-12 1.1217807856058e-11 2.68262396540057e-12 1.2462755238603e-11 1.51994625536065e-11 2.65361019685759e-12 2.56682593130239e-12 8.29187739563026e-12 3.18860932852902e-11 3.193203828442e-11 1.09612551985857e-11 4.29513585323325e-12 9.70830474279867e-12 3.33452884240725e-11 1.09597878103382e-11 1.43000243946972e-11 4.78631325434801e-11 5.94227027361e-11 4.10840419771664e-11 1.39228494686058e-11 1.11866506126884e-11 4.1884429219739e-11 5.07741088395764e-11 7.97386850664277e-11 5.44742925484072e-11 5.35802920508416e-11 5.30258334665363e-11 5.23895412425455e-11 5.58274431669526e-11 6.22877348564179e-11 6.11344970104909e-11 6.29924845102369e-11 3.5358008351904e-11 2.40728529611947e-11 8.47020069371137e-11 1.35078222226434e-10 1.2374504849349e-10 1.42038799553802e-10 1.5509860960482e-10 1.04085623254766e-10 1.15182258627312e-10 1.20696905524744e-10 1.61261587124016e-10 1.2255186990153e-10
2.80552716983287e-12 2.7541275252845e-12 2.44431096256673e-12 2.56901760436618e-12 2.6534645427008e-12 8.01435964873211e-12 9.38960786044335e-12 3.96043723639162e-12 2.92634302597322e-12 2.7291810704661e-12 8.972732832472e-12 1.59254487992802e-11 9.98809185130198e-12 1.76701849070498e-11 4.80041195072789e-12 3.48989089444013e-12 4.39379717237865e-12 4.32170717196256e-12 1.67577757805397e-11 4.09282942133329e-11 4.1709464332548e-11 4.66363909442711e-11 5.16718318156462e-11 5.12835108722346e-11 5.28840066249908e-11 5.42929586779273e-11 6.93408400621059e-11 5.74903024890076e-11 6.1302287115138e-11 3.2693573154393e-11 2.5057296691683e-11 1.05350237456159e-10 2.63248901577885e-11 2.29240900983557e-11 3.13332539561974e-11 1.06712345003608e-11 3.16588944095124e-11 1.59660382902914e-10 1.51340863679154e-10 1.07059322291493e-10 1.19605213125627e-10 1.97012793990528e-10 1.6604481199967e-10 1.93587254400325e-10
4.13046849168438e-12 2.63256301867862e-12 2.451655488809e-12 2.36642849231133e-12 2.50506348152794e-12 9.25913335481444e-12 1.67417863223729e-11 3.13556028128995e-12 2.61360131446215e-12 2.52866541608974e-12 1.18288414725063e-11 5.30587288547706e-11 3.67899783934015e-11 5.61335052463605e-11 1.11142939418415e-11 9.58629131171608e-12 3.66292569069754e-11 3.92491218318914e-11 4.08278012725974e-11 6.62085697300203e-11 6.61330376253952e-11 4.71775850243136e-11 7.00305560003911e-11 7.97595971395903e-11 2.7960405537854e-11 2.44169334225482e-11 2.967511275254e-11 1.90775322161301e-11 8.51313837044628e-11 6.29871295306279e-11 6.41156947963049e-11 8.50602967750818e-11 8.20770230310173e-11 7.68271892343232e-11 8.06379245817905e-11 7.58728021811113e-11 8.89823214355057e-11 1.14735530601951e-10 1.04861540882894e-10 1.73913859109988e-10 1.30009299709714e-10 1.38923044340976e-10 1.4399193909856e-10 2.18611062668267e-10
2.79653241785812e-12 3.92067221852691e-12 2.9966694903238e-12 2.69008304864722e-12 2.62183182257147e-12 2.8035597037309e-12 2.88976774728941e-12 2.79272588815071e-12 1.34217284704645e-11 1.01637079378672e-11 2.86190249492191e-12 3.14446155305593e-12 1.06671743106871e-11 4.140546570662e-11 5.82490228258824e-11 3.85017740870579e-11 4.3734859224776e-11 4.85332165418551e-11 5.83427282524573e-11 5.12019242336085e-11 7.74079284946562e-11 7.53386291786937e-11 8.23966099172511e-11 8.10298779666307e-11 2.82942177334673e-11 1.87490950032111e-11 8.71655056216937e-11 8.83482419689851e-11 2.98437398398692e-11 2.14211711726458e-11 7.1529755030502e-11 7.95550248995025e-11 8.93886124340802e-11 1.3898119471503e-10 9.61261802608224e-11 1.0632973269697e-10 1.38793581841868e-10 1.1048634633045e-10 1.1318349236994e-10 1.21974144755865e-10 1.31529267747201e-10 1.3742471553114e-10 1.47691140007664e-10 2.26188783325798e-10
2.61485078253755e-12 8.7773437072279e-12 1.03686145610543e-11 9.59082280951033e-12 5.5134240260045e-11 5.43950102886182e-11 1.5791591376818e-11 1.55126063275875e-11 1.17575649196478e-11 4.81444057760339e-12 3.12032941206991e-12 1.43958607432827e-11 1.21375253298136e-11 1.20744785111797e-11 5.65223576134228e-11 6.83145435029048e-11 6.36366113688078e-11 6.69558929656672e-11 4.91073183764209e-11 5.4517844557414e-11 8.74986305397313e-11 8.55633886577559e-11 2.03275272283619e-11 1.74202053169947e-11 2.05920709733414e-11 2.5617195875412e-11 6.87205600795791e-11 7.96105147857814e-11 7.25958333194433e-11 7.39590141730209e-11 8.12599610394653e-11 8.35525601947311e-11 9.39892822483406e-11 9.49432996940022e-11 9.83058789156528e-11 1.05267096881463e-10 1.09827713369291e-10 1.67377549852021e-10 1.71376181807399e-10 1.74371899616585e-10 1.32768318142234e-10 1.43294388979306e-10 2.07896134663172e-10 1.64323998024493e-10
4.31366064050649e-12 1.52413165859208e-11 5.82665522441196e-11 3.77709448009885e-11 1.3490282330298e-11 1.26777337362165e-11 1.30716620600935e-11 5.25664364591425e-12 1.16052665634078e-11 3.88091257649978e-11 1.94740741170014e-11 5.21603864074596e-12 1.86887051123516e-11 7.24688011218857e-11 7.87585009899612e-11 6.98224326854531e-11 5.34777225186626e-11 5.45581123990388e-11 5.60596982050314e-11 8.43063314863544e-11 6.33515650460645e-11 9.2416272276373e-11 8.29787168814956e-11 6.76973999044803e-11 3.03891372129655e-11 1.95432213575253e-11 7.44861882148755e-11 7.76367341258012e-11 1.09441128461706e-10 1.2586541056052e-10 1.29539283117231e-10 8.70804952129065e-11 1.38008117959212e-10 9.46557376205115e-11 1.28792107491324e-10 1.55166376420831e-10 1.76275733327933e-10 1.18643615156151e-10 1.56534204804205e-10 1.27109422010911e-10 1.35084094417874e-10 1.55847101018857e-10 1.5297479354553e-10 1.82651918602439e-10
3.02014486654254e-12 1.11273436997362e-11 1.31328545201576e-11 1.18243064110865e-11 4.45757576178028e-11 4.36024106868309e-11 4.44153544310125e-11 4.6565900293334e-11 6.08767896975833e-11 5.610195742133e-11 1.357437666341e-11 1.15849347255769e-11 4.48447278901415e-11 5.03242426270789e-11 5.89389843819614e-11 7.6528689888932e-11 5.41085745667606e-11 5.53308035518821e-11 5.68071113949636e-11 6.11720556291903e-11 6.48950792359866e-11 6.60231493543607e-11 7.08253852708268e-11 1.05412262225871e-10 7.15756405158606e-11 7.28458490324005e-11 1.10474110327951e-10 1.12719467634675e-10 1.32348468438426e-10 1.38019201867182e-10 8.9606502832574e-11 1.24663448551212e-10 1.00110411626587e-10 1.52599967961207e-10 1.14840434981902e-10 1.67847072812063e-10 1.79804530211628e-10 1.72171476425854e-10 1.25878262891977e-10 1.33019582266142e-10 1.46226256789103e-10 1.53513909135274e-10 1.64063948726914e-10 2.36618417670165e-10
6.65505243226677e-11 2.13838905018401e-11 1.28915418092038e-11 4.71357329075294e-11 6.6546702391595e-11 4.62661989782569e-11 7.02146846226929e-11 4.74173675279883e-11 4.83925407558925e-11 4.83514625158337e-11 7.15611512515202e-11 7.05472559740964e-11 7.03443332564981e-11 5.09256833822117e-11 5.20576828929195e-11 7.85830228042167e-11 8.60299414170977e-11 9.28373801744911e-11 7.03805589738026e-11 2.05500848752828e-11 1.95801086142334e-11 1.0466074221761e-10 7.42353875653936e-11 7.91506342265645e-11 1.15010164218943e-10 8.1662664017627e-11 1.2126596801136e-10 1.370219251929e-10 1.37415850916603e-10 1.47142166999604e-10 9.48062475164165e-11 1.26769103460203e-10 1.54851181060578e-10 1.49578101480875e-10 1.54188567081985e-10 1.31889259410519e-10 1.27227790116118e-10 1.91384635302533e-10 1.31697850392211e-10 2.08135091428164e-10 1.50091063569907e-10 1.95772221294393e-10 2.3456081114433e-10 2.59069851785179e-10
5.25909276244057e-11 7.59509035458047e-11 4.75670082652659e-11 7.18189344384416e-11 6.65323952418875e-11 5.05799183575605e-11 7.38205943599868e-11 7.64219586282156e-11 6.50990906804719e-11 7.76774262639028e-11 8.16875587402477e-11 5.46067618438094e-11 7.9137450851689e-11 8.7077571237551e-11 8.01463765799886e-11 5.89782762233743e-11 6.24011238748686e-11 2.88617810922607e-11 2.77194334953945e-11 5.97489808131649e-11 6.28994906814791e-11 7.5265120126118e-11 1.23613460260508e-10 8.86253575739402e-11 1.29257777288762e-10 9.13786419993674e-11 1.49066844913548e-10 1.36047857049661e-10 1.00321156420724e-10 1.49947506139701e-10 1.52340613912354e-10 1.481697424673e-10 1.62222035524085e-10 1.62567670752304e-10 1.20274809094306e-10 1.30031711311924e-10 1.3953120844909e-10 1.6894609579269e-10 1.4331069645126e-10 1.51989962409496e-10 1.99662862758578e-10 1.54196320862666e-10 2.44945349735141e-10 2.67492676931747e-10
5.10994435911586e-11 6.74862417029171e-11 5.77423954402453e-11 7.73276520693163e-11 2.07213894830177e-11 1.42961307341269e-11 1.8527547263875e-11 6.7029775904013e-12 2.18765046604706e-11 8.34494159093962e-11 8.81796138869451e-11 6.8468001307848e-11 9.41796007499229e-11 9.68528780798276e-11 9.82169512173795e-11 9.2251057170977e-11 6.76330676421453e-11 9.66762431938135e-11 2.46668209406995e-11 2.11912009643548e-11 7.1387615644097e-11 7.3643950222148e-11 1.1780735002263e-10 8.42705507747462e-11 8.68987284816974e-11 9.57362607582235e-11 1.22853007199894e-10 1.09915235062926e-10 1.62353357287158e-10 1.05617080520116e-10 1.06019215703531e-10 1.08203254783355e-10 1.81683897917023e-10 1.25205461416098e-10 1.26284525535615e-10 1.31166318403606e-10 1.41837850202178e-10 2.4627875353685e-10 1.64164413458716e-10 1.65933787979158e-10 2.56429886023574e-10 2.55951503093517e-10 1.79970702204591e-10 2.75125441447795e-10
