Validation points/black/Bungarus_caeruleus-black.asc
NCOLS 267 
NROWS 469 
XLLCORNER 376490.070567719 
YLLCORNER 381033.488324056 
CELLSIZE 919 
NODATA_value -9999 
[rows 280 to 299 of 469, columns 176 to 219 of 267]
5.71732894584324e-09 6.46769649733012e-09 3.70615080252884e-09 5.07918767361881e-09 8.01455403639889e-09 6.83624417983622e-09 6.1005538877902e-09 4.72288804876277e-09 6.69511337566223e-09 3.86981157708662e-09 5.5494960658053e-09 7.00250853792128e-09 5.68367134770953e-09 5.06624329994747e-09 5.99490496658618e-09 3.53669281333943e-09 3.21130959610124e-09 3.01497859547948e-09 5.80982416039619e-09 5.20746343278828e-09 4.42861051884805e-09 3.87829323252906e-09 4.71087104961139e-09 5.18691479083413e-09 5.27772704605021e-09 4.82559952016158e-09 3.97522456459477e-09 3.53044158295516e-09 3.13745043408015e-09 4.06336183741807e-09 4.93727792264047e-09 3.80296657769633e-09 3.5927445996988e-09 4.2559128396467e-09 4.8680603496938e-09 7.09415061990439e-09 5.46584353930012e-09 5.73184256392224e-09 8.8007566180375e-09 5.39757831921067e-09 4.03720957518491e-09 4.96685899178226e-09 4.9991329149728e-09 4.74215936101197e-09
7.9280443217178e-09 6.15028626779995e-09 5.46199464616586e-09 7.1919361331235e-09 6.99939366669955e-09 5.20620229522876e-09 5.21686899256715e-09 4.94249652037958e-09 4.87051373491429e-09 3.57925638445396e-09 7.93109369080181e-09 5.51846850602212e-09 5.36957521439638e-09 4.16785718471615e-09 4.79762143102908e-09 3.13163548459371e-09 3.25856107740146e-09 6.21495047609515e-09 4.98994411623869e-09 3.83321955280054e-09 3.78502786552522e-09 5.34647299589456e-09 5.52468475489857e-09 5.31193734076307e-09 5.03951747080124e-09 3.97860413264502e-09 3.8411788573953e-09 3.47149464384457e-09 3.69346457263029e-09 3.64689527528971e-09 4.85614149189192e-09 4.41901084870355e-09 3.78368562138073e-09 4.8357695797761e-09 5.77321916608821e-09 9.38639899335278e-09 5.47605729112864e-09 5.19485253238343e-09 4.97569624861027e-09 9.14051038631607e-09 5.78653916737114e-09 5.4589156199612e-09 4.59302123005866e-09 3.96218232164276e-09
8.52641256587487e-09 7.65402140132716e-09 7.64590136226747e-09 7.98882112642007e-09 7.39095922565746e-09 5.18335672087349e-09 3.60880782893896e-09 3.73392667848276e-09 6.36878661151407e-09 4.82430809005392e-09 7.60665319983225e-09 5.91006232490862e-09 7.23214544320723e-09 3.50851958984022e-09 5.41993663211896e-09 5.23655474665962e-09 3.91630497377513e-09 6.19263608883984e-09 6.31493014818982e-09 3.83578763126332e-09 5.65468711363678e-09 5.49517296309941e-09 5.80400867825752e-09 4.88244335536107e-09 3.92178551833963e-09 4.29062255188531e-09 5.07748444552887e-09 5.27410251952779e-09 4.6797425014261e-09 3.16706660683751e-09 3.40487588145772e-09 3.53680782857905e-09 3.91909347946459e-09 5.19929743290628e-09 5.7100313852414e-09 6.94002937880093e-09 3.78531813462982e-09 5.75663247224188e-09 4.90431410712725e-09 7.41986081988934e-09 5.50086234333645e-09 8.18892177174571e-09 4.43673931201605e-09 3.8110777919176e-09
7.23987258595548e-09 8.0256909629834e-09 5.63523047927609e-09 6.23617363026874e-09 5.55714868047285e-09 4.97109886665229e-09 3.81946486723088e-09 4.79773222173569e-09 5.8986697436647e-09 4.54938425304448e-09 7.27263753866246e-09 5.37797810098559e-09 4.08569857223225e-09 5.74160369923784e-09 4.97101753960836e-09 4.85713836524987e-09 3.61917880546205e-09 7.6500122293774e-09 8.01214802197705e-09 4.47532291085166e-09 5.57445931822533e-09 6.35461323600267e-09 5.42903402076799e-09 4.13086421126496e-09 4.04467664396158e-09 5.18941326418007e-09 5.22205141403525e-09 4.2478949852122e-09 3.86268637868439e-09 3.44713575153033e-09 4.40503793115068e-09 4.5313774637969e-09 4.47440602956592e-09 4.59259848370803e-09 7.60294228527228e-09 4.67762866815142e-09 3.8583616984577e-09 8.70994009208098e-09 6.9915972748144e-09 1.06511998027885e-08 5.58789984990624e-09 7.27759475526813e-09 4.01471784937685e-09 3.82452579380859e-09
8.09802010480777e-09 7.77866707403558e-09 6.33807344016178e-09 5.68384319270863e-09 3.79452488269679e-09 3.49834113128038e-09 4.44160641745184e-09 5.68299603462918e-09 4.62288764643348e-09 6.64694327399801e-09 7.6033487199538e-09 5.79231158140122e-09 7.28299548024273e-09 5.41040535560093e-09 5.78142653712196e-09 3.53796360084892e-09 4.31893446444134e-09 7.91966575539743e-09 8.97466267106834e-09 4.89191846404869e-09 4.28892179089805e-09 5.51569697642511e-09 5.43183816346966e-09 5.80690945663672e-09 3.73026551897522e-09 4.37881313028582e-09 4.62123249844564e-09 3.6631129848651e-09 3.30731660992399e-09 3.50244653344174e-09 4.4798916403158e-09 5.1883392787632e-09 3.70475251935233e-09 3.79932256904688e-09 5.57156614962802e-09 4.99162719965553e-09 4.59174422392963e-09 1.04116100071004e-08 1.11439295897337e-08 1.17009515579293e-08 7.38733848804499e-09 5.43285601603713e-09 4.34156501116803e-09 3.76339366570878e-09
5.82357843253043e-09 7.61227412434155e-09 6.95591291143124e-09 3.88131376770817e-09 4.26356515160525e-09 7.56894706842484e-09 7.47200390925475e-09 4.67107845781958e-09 4.26281217121755e-09 4.92007938813439e-09 5.07551975436729e-09 8.0152362418294e-09 7.10798146107391e-09 7.19346458992644e-09 7.7368841535173e-09 4.22138981108052e-09 3.7214035974155e-09 7.57883995707556e-09 8.3050771348772e-09 6.46879127658577e-09 5.66028529491889e-09 7.88166201313951e-09 5.18216296764217e-09 4.99316702747595e-09 5.44049040258307e-09 7.07140733569391e-09 4.2099932173322e-09 3.59923325756017e-09 3.91928803292003e-09 4.57517620105084e-09 4.03416641392441e-09 4.9326569752273e-09 4.84846817992953e-09 4.49024436924451e-09 3.886422356723e-09 6.26860474222123e-09 1.26244332435604e-08 1.00796571483587e-08 1.22371217236045e-08 1.07135288225238e-08 8.02667238729179e-09 6.52943805886644e-09 3.7360055026013e-09 3.51365479496546e-09
7.77007214117773e-09 7.61370546623738e-09 4.0900270968888e-09 4.16986454638368e-09 6.4413259933106e-09 8.46050628653528e-09 8.04072033928248e-09 3.90509783975599e-09 5.05500992846246e-09 5.07674496848497e-09 7.96007328601197e-09 4.99713970007878e-09 4.09751440996555e-09 4.3829590000305e-09 4.31294770525725e-09 4.47549166230058e-09 3.17269633510243e-09 5.62602011255666e-09 5.37371981683294e-09 6.72279862524683e-09 5.40972492924315e-09 5.53090412586556e-09 6.39371928890442e-09 5.24034378116744e-09 7.08808726201025e-09 5.51898596990637e-09 4.02011136483638e-09 3.76752662754737e-09 4.72115924026123e-09 4.9497111120836e-09 3.75242169873399e-09 4.3354868000685e-09 5.30032374022712e-09 5.25778219185763e-09 3.72013516270962e-09 5.72960704219997e-09 1.23867506259541e-08 5.59169013843063e-09 9.8957912010744e-09 6.21867840735544e-09 6.47134694592441e-09 3.97192730695252e-09 3.88472901017789e-09 4.20812495435495e-09
6.76013557145192e-09 6.18725993656145e-09 5.46525663414609e-09 8.11092583660084e-09 8.56606190835716e-09 8.06737771393998e-09 5.80598157673079e-09 3.84573056659712e-09 4.49473886100543e-09 5.30006502732458e-09 6.33887318141525e-09 7.54617863069185e-09 4.15361772667531e-09 4.74514452544507e-09 3.48041884206748e-09 4.35137984682077e-09 4.20656508425674e-09 3.44264441192632e-09 5.37324835268462e-09 5.52349798914796e-09 5.47958474946977e-09 6.26579526348186e-09 5.40211894820763e-09 8.69408533267975e-09 5.54756056191452e-09 5.54267617916771e-09 3.81260276067913e-09 4.55506881104365e-09 5.47205233696281e-09 5.23461382429956e-09 4.03828110768925e-09 4.76519175556767e-09 5.56125906261902e-09 4.91928459480016e-09 3.50300161122439e-09 3.91888992043665e-09 1.06022395043692e-08 1.06865603639759e-08 4.81450620683648e-09 3.63662982845263e-09 3.50754980867635e-09 3.37293267222893e-09 3.34853323541201e-09 3.56864579682424e-09
5.42544991441069e-09 6.60779868373801e-09 6.15623032447628e-09 5.41243021724723e-09 4.06862432051916e-09 3.52115790223056e-09 3.34102153102633e-09 3.63085140971674e-09 4.12068504409314e-09 5.38976053473043e-09 5.55864558130096e-09 5.47637514255261e-09 5.72457997620433e-09 3.87197015955594e-09 5.94131581337721e-09 5.00465418895475e-09 4.45218496967328e-09 4.21651744656778e-09 5.30712151410488e-09 5.32187201221561e-09 4.94287794595754e-09 3.85690731604043e-09 4.68429226812705e-09 5.6517469784989e-09 5.25978959564076e-09 4.96104014523026e-09 3.93005083865642e-09 4.0184744461311e-09 4.73841260695996e-09 5.3264677319341e-09 8.82659818605295e-09 5.50939988424472e-09 4.89975874443178e-09 4.07954406961363e-09 3.53705461989937e-09 5.0697175982673e-09 5.13930312736198e-09 8.7425348387333e-09 5.24975074423637e-09 4.9000939556472e-09 4.03772497278303e-09 3.58660603113504e-09 4.00787033725728e-09 4.02105096037571e-09
5.32807310326093e-09 6.19913439257309e-09 5.15054483659332e-09 3.78380805030145e-09 4.62406089740475e-09 4.30754752472358e-09 3.3023291472539e-09 3.5696507571878e-09 3.9588403425253e-09 6.39028624910309e-09 5.51210604212055e-09 6.09822779725906e-09 7.08750161546561e-09 6.21307805534137e-09 6.7276146109468e-09 5.10966095256302e-09 3.82069279335653e-09 4.56709236610508e-09 5.29873005371984e-09 6.53415806061477e-09 5.76758975376116e-09 4.14613460125498e-09 3.95426701628258e-09 4.20668305886195e-09 4.32526535992325e-09 3.92479626928452e-09 3.11519369903315e-09 3.58811701647884e-09 3.87878973232492e-09 7.36230511728414e-09 1.09997021843449e-08 5.24314312769622e-09 4.26674977453586e-09 4.64186818373596e-09 3.4968411127317e-09 5.63978747802086e-09 1.00415325911032e-08 9.82177468241504e-09 9.2194913992544e-09 6.38339334097014e-09 4.71418350618745e-09 4.11281378247201e-09 6.2489713599966e-09 7.60738580378283e-09
5.4589815008891e-09 4.92907764352356e-09 5.54031476823874e-09 4.50890204544271e-09 5.15744820620683e-09 5.25769886785368e-09 4.04340039211311e-09 4.74924324362648e-09 3.84064676939847e-09 6.60232962151029e-09 6.48899675148334e-09 5.85022917798425e-09 8.54740908269187e-09 5.09164282653068e-09 7.16506352831491e-09 3.98659533091538e-09 3.29139664246177e-09 3.51881252859833e-09 5.37805187394168e-09 7.2060765622272e-09 5.14691523468532e-09 5.43976229504962e-09 3.51077197429427e-09 3.06684012299248e-09 3.19224247685895e-09 3.19828275499664e-09 3.87825798377456e-09 4.79134653579113e-09 3.9083047260789e-09 5.84503190097015e-09 1.01514712123702e-08 5.22809477814519e-09 4.17753993501364e-09 4.44422045156025e-09 5.10359626652372e-09 8.54727354675861e-09 7.28407127646245e-09 8.11938978021225e-09 6.69621757565916e-09 7.49407222133627e-09 4.85431699443583e-09 6.67033674504917e-09 1.11390357368988e-08 1.09042166134618e-08
4.78798015333198e-09 7.53525410271592e-09 6.09613566215419e-09 4.96991248079863e-09 4.07408600990651e-09 3.71602708669542e-09 4.51462818923363e-09 5.18437691787035e-09 4.75114588097019e-09 4.89936631014891e-09 6.89806991916223e-09 5.46891302316014e-09 7.50676031159418e-09 5.95949852586081e-09 4.11870085948666e-09 3.99131969694227e-09 5.10208660757224e-09 3.55973351220767e-09 5.33514680527483e-09 8.03054968515606e-09 5.20339184336076e-09 5.28813786681294e-09 4.0058559878695e-09 6.45780159794191e-09 4.77743421122211e-09 3.69333841881759e-09 3.60456443571329e-09 5.86014915360408e-09 5.54225928540244e-09 7.70595313837105e-09 8.94172937037659e-09 6.57211769221285e-09 5.08350773981075e-09 4.96308777177196e-09 5.26296890714504e-09 5.79742714734372e-09 1.17314057571589e-08 1.06472328516197e-08 7.20405660847774e-09 7.4439617764578e-09 7.80969276425871e-09 7.37316073231625e-09 9.63726240378196e-09 9.06454087305067e-09
4.25911266620702e-09 5.38927176944196e-09 5.36747317381997e-09 4.09018263335474e-09 3.93573230775753e-09 4.26284204868876e-09 5.29499770872901e-09 5.42737603162437e-09 7.44033760258098e-09 4.02294183688825e-09 3.85453640271018e-09 5.01454371865363e-09 5.46252903632568e-09 3.9980084214876e-09 4.40823830299429e-09 7.2011980303592e-09 5.03798897563257e-09 5.56181682172033e-09 5.50298605761907e-09 6.36433923740006e-09 3.89247461145723e-09 5.06084240385461e-09 5.25457933433424e-09 5.27175695525999e-09 4.26550254375029e-09 3.60351930327422e-09 3.61758384267821e-09 5.54637974182771e-09 5.58749987807187e-09 5.8366307585033e-09 5.82610374193269e-09 5.78014688748448e-09 6.34034194570077e-09 5.09058430410296e-09 5.49158923511098e-09 3.94337979249784e-09 8.53295951574404e-09 7.5415969396133e-09 6.47782552265065e-09 5.30352336405292e-09 7.2732358737942e-09 5.96197841962076e-09 1.17517658649258e-08 1.04979528738271e-08
5.41411739192985e-09 6.61637814521449e-09 5.26806363246103e-09 4.8319927506819e-09 5.26003618524281e-09 5.80996160319759e-09 6.39493289137098e-09 4.96470017853591e-09 4.7887615219069e-09 4.56544663207395e-09 3.1631542920207e-09 7.90937581135788e-09 5.52110914454667e-09 7.73869278105738e-09 5.11582465966997e-09 3.65611618572584e-09 4.35097202883969e-09 5.56810756721514e-09 7.09411046878135e-09 8.39251641232004e-09 3.77993550515862e-09 4.33356211128702e-09 5.30380750985308e-09 5.2742419656594e-09 4.14446795346124e-09 4.01148105228898e-09 3.43726593756626e-09 3.71873930278439e-09 4.13549252400445e-09 5.22759323289795e-09 5.86007964402383e-09 8.72830351746919e-09 6.41194340210034e-09 5.21648477268386e-09 4.92272103643237e-09 5.16026864767723e-09 7.43223443527355e-09 6.95564790226572e-09 7.04310177405619e-09 4.97863636343877e-09 5.70074216909317e-09 1.03712592709632e-08 1.24444418888201e-08 1.200289008001e-08
6.51288687180415e-09 5.26989695689406e-09 5.87872988415027e-09 5.49981974277185e-09 6.61451401435091e-09 4.87871993305448e-09 6.53908643404824e-09 3.76037188277573e-09 3.76880386972991e-09 3.00476522314061e-09 3.84627014607509e-09 7.11980454420229e-09 7.03519657084042e-09 5.52131867725999e-09 5.63198510114431e-09 4.65713658127017e-09 3.93772953746036e-09 5.17590229346272e-09 6.55401279317249e-09 6.27402589416768e-09 5.37790088160993e-09 5.14579708703341e-09 5.5100353274095e-09 7.16445964858936e-09 4.02012692941129e-09 3.83391551055842e-09 4.30928399654595e-09 8.06853754535066e-09 4.59595550971447e-09 7.343064365771e-09 5.79529884618656e-09 7.56948749368356e-09 5.44967592597902e-09 5.25780059345687e-09 4.3158650700093e-09 6.8656692756818e-09 8.59426462967323e-09 7.92273975272468e-09 5.2740490732982e-09 5.33012557329133e-09 7.84623086143912e-09 9.04145443045496e-09 1.01125860615604e-08 6.05308955721005e-09
4.77759486539889e-09 4.18971064253105e-09 3.91563114025891e-09 4.5402281344877e-09 6.53326287879593e-09 5.1194184723783e-09 4.86345584101932e-09 4.89665424077301e-09 4.60457846710036e-09 3.90380008927966e-09 3.97344978485875e-09 4.62797291126304e-09 6.28521130302971e-09 7.01086474559861e-09 6.19950564007893e-09 5.7380559262235e-09 4.51099573395391e-09 5.4549786179812e-09 5.41216560051094e-09 3.87138662380566e-09 4.73097597781559e-09 5.37250882313378e-09 6.27287446718751e-09 6.86070831760474e-09 4.87863720478932e-09 6.71673816690965e-09 5.74946919301475e-09 1.06272562216156e-08 1.07341563339758e-08 8.9171998151516e-09 6.19606072102009e-09 4.57749844713713e-09 5.48167157130855e-09 7.07653714993757e-09 6.61644244533606e-09 8.04825192477835e-09 6.58529703829963e-09 6.98851595886412e-09 6.21630145374511e-09 8.73490947844249e-09 8.9263183170627e-09 8.82273351751778e-09 7.93687799807584e-09 8.87802918575681e-09
3.72220527497145e-09 3.29010596408552e-09 4.04013559128958e-09 3.87419354799308e-09 4.95073994379832e-09 5.3086689170781e-09 6.74410003201327e-09 6.05714320251051e-09 5.65293436220842e-09 3.87333470230513e-09 3.04862411911389e-09 4.26675881271108e-09 7.8613325487037e-09 9.15022074810607e-09 6.24316974782084e-09 8.01113117188538e-09 7.83173109820554e-09 7.34301151044157e-09 6.06379995634432e-09 4.05827495474941e-09 6.62240314174764e-09 5.30456321740335e-09 4.03537049678919e-09 4.00721954637386e-09 5.32748236144452e-09 7.71916447487755e-09 5.2167321696471e-09 4.74230526541401e-09 5.71735191410357e-09 5.67254457389155e-09 5.67334224860892e-09 3.67718544197882e-09 4.13054712065906e-09 3.66625652743871e-09 3.61001140834541e-09 3.71510699728368e-09 7.20581895051365e-09 8.01473183739304e-09 5.72983223029236e-09 5.53070866791978e-09 6.04783808417018e-09 6.49030784081156e-09 7.68829618865682e-09 6.407546545029e-09
4.42180973413728e-09 3.50905016854673e-09 3.45807690927377e-09 4.22582795262896e-09 5.71000593134548e-09 6.77333914636657e-09 4.92535209924963e-09 4.77437644855616e-09 4.20534500863846e-09 3.58671994149997e-09 2.95071163552741e-09 4.84105521941022e-09 6.16999539920528e-09 8.43870434430399e-09 8.2189895977906e-09 5.42268020102748e-09 7.25974283940902e-09 6.6326217170402e-09 4.83084254156672e-09 5.47227120126735e-09 5.54715706935516e-09 4.30402476941992e-09 3.67601237235898e-09 3.80369273269819e-09 4.57476332018207e-09 8.9539817738616e-09 6.11194496446103e-09 6.6888553073716e-09 5.55718743480494e-09 9.57520074259965e-09 8.36049310241372e-09 4.5179236254589e-09 3.79417986205348e-09 4.91842775857158e-09 4.70622707404436e-09 3.47994118106178e-09 4.90492219301606e-09 7.20379700232654e-09 7.40929123094469e-09 4.31564387927204e-09 5.89173078972795e-09 8.44783405157424e-09 5.5849659633324e-09 1.18157842771346e-08
4.94035908175023e-09 4.03512354233066e-09 3.35612885885324e-09 3.88211757815847e-09 4.20815680612808e-09 5.28196592260368e-09 5.4832123716927e-09 5.88987829641349e-09 4.71957821534204e-09 3.76450927434858e-09 4.29317135814188e-09 3.25979821709929e-09 4.57893713162377e-09 7.95346728034824e-09 7.9949861591188e-09 4.71854161038397e-09 3.91188975013166e-09 4.7973763995129e-09 5.79842122847046e-09 5.51390012644528e-09 5.48523211967004e-09 5.06275558624292e-09 4.06270539678187e-09 3.45767601230771e-09 3.92271257241885e-09 4.35094945980743e-09 4.72907033993842e-09 9.19327311008054e-09 5.6260775604852e-09 5.52591879818507e-09 1.13401847766089e-08 1.0009632604496e-08 7.69490317374048e-09 6.31970230299081e-09 3.6214933569126e-09 3.55422895236694e-09 4.87534915065472e-09 5.42589730024675e-09 7.87970012732805e-09 4.23971827188818e-09 6.56277324329103e-09 8.28107907666283e-09 1.02902447773361e-08 6.79496810178969e-09
4.94671400850524e-09 4.1368991436336e-09 3.17972331129797e-09 3.56715810711224e-09 4.10640726961047e-09 5.31196057657584e-09 4.91583357080063e-09 5.668298599946e-09 4.5112456677038e-09 5.66927162675796e-09 4.98968894597768e-09 4.39396157814363e-09 4.10753651590444e-09 5.70819895338984e-09 7.45742691906098e-09 7.10697280810291e-09 5.80533905287543e-09 3.79960445443865e-09 6.24242721363665e-09 4.6904813512527e-09 5.15788015811742e-09 4.41038090590322e-09 3.27404474970099e-09 4.00778207266825e-09 3.31620855361854e-09 4.68023380590978e-09 4.51586928616391e-09 6.10364534416795e-09 6.87158205178341e-09 5.36079549392472e-09 6.86003625799046e-09 7.7749675575382e-09 8.46219897962298e-09 6.35084786622174e-09 6.4736271198033e-09 4.86854806385192e-09 5.33390074784021e-09 6.48705702602148e-09 7.8409114012478e-09 5.02859702441977e-09 5.54238684643169e-09 5.46255256368517e-09 5.82988098126712e-09 7.06183677459659e-09
