Validation points/black/Bungarus_caeruleus-black.asc
NCOLS 267 
NROWS 469 
XLLCORNER 376490.070567719 
YLLCORNER 381033.488324056 
CELLSIZE 919 
NODATA_value -9999 
[rows 300 to 319 of 469, columns 176 to 219 of 267]
3.91626551657426e-09 3.70229339594274e-09 3.6960592148913e-09 3.59382808192814e-09 3.95540654066385e-09 4.48717045527035e-09 5.02041770833594e-09 5.57431643532508e-09 5.90151342350873e-09 5.76421023610288e-09 4.96453356638689e-09 3.99988677961622e-09 3.14931322991586e-09 4.86389701060132e-09 7.76992914175968e-09 8.76419116305017e-09 6.448493387857e-09 7.10549938901261e-09 5.14828228480237e-09 5.45465531915056e-09 3.90394811920225e-09 3.81395008855403e-09 4.55797514027105e-09 4.90439340311403e-09 3.35254320221172e-09 5.28642137704815e-09 7.52420703455132e-09 1.01843563959585e-08 5.63173100505019e-09 7.68374295634961e-09 4.83368174539661e-09 6.7668216739192e-09 8.0969222298566e-09 7.90946396683338e-09 5.36243215745625e-09 6.65032554188318e-09 3.74248228008835e-09 5.14133474296801e-09 6.51495075407148e-09 8.30562246422124e-09 9.00127505223585e-09 7.81563333408146e-09 3.65853114094208e-09 4.57482335388404e-09
3.6935257328579e-09 3.84574488702802e-09 4.3383700278095e-09 3.67266643947173e-09 4.25821538823827e-09 5.04287108189042e-09 4.34815104856402e-09 4.59444525940987e-09 5.6212615589497e-09 6.3119229162312e-09 4.68010863968195e-09 3.77802262327121e-09 3.19809130894472e-09 3.86228997844514e-09 5.28861086269833e-09 7.52313194142791e-09 6.70177668225684e-09 5.83525781799175e-09 7.43297513332636e-09 4.45950573089922e-09 4.58897563768801e-09 3.3087449181352e-09 5.14544098822981e-09 5.5994260665148e-09 3.88212719655036e-09 5.13794608411104e-09 6.84130016592415e-09 9.85160029775066e-09 5.08844523014076e-09 3.93799421923527e-09 3.60040621066694e-09 5.11659949798038e-09 4.62178554754483e-09 5.25459637344605e-09 4.78659273314925e-09 8.43957561638611e-09 4.05153939819436e-09 7.2569153959541e-09 7.31499882496192e-09 8.27627425580033e-09 7.90132635723328e-09 8.49647966260377e-09 7.18996621794115e-09 7.93502185852516e-09
3.90195738589342e-09 3.91283824489834e-09 4.38388007374556e-09 3.35651450201873e-09 4.22125757679339e-09 4.93978552048003e-09 4.83226430232863e-09 4.16790590028079e-09 5.70202816728393e-09 5.79203776547442e-09 5.2031674124098e-09 4.74834377127226e-09 3.82415043478133e-09 3.14103286239685e-09 5.85291456652721e-09 8.13096165659379e-09 6.05052665742223e-09 4.70271397300939e-09 5.52995381494183e-09 4.17697951538925e-09 4.43262237458519e-09 4.77267253196406e-09 6.57571735281753e-09 3.58246000988695e-09 4.92810679095798e-09 4.79175020389575e-09 4.55065763751652e-09 8.9006436011154e-09 5.72763033645453e-09 5.94865164081062e-09 6.27072723552899e-09 3.96965612531372e-09 3.37347501396522e-09 3.46499706386083e-09 4.64200170155841e-09 1.01396323210484e-08 8.03613433947461e-09 7.8007010951738e-09 8.16565205162188e-09 6.47087950228714e-09 6.07955174647231e-09 9.05124971487023e-09 8.97302664775568e-09 7.79203503274912e-09
4.53443889360011e-09 4.86127417079732e-09 4.36791017018763e-09 3.34468164610863e-09 3.73028587350711e-09 4.94314022869039e-09 4.73947428145935e-09 4.08261347424424e-09 5.64513226447865e-09 4.8716614822921e-09 6.19156562220583e-09 5.38481235071669e-09 3.97323501363203e-09 3.25771683056566e-09 3.59419708618765e-09 3.94709741801933e-09 6.24655433061617e-09 3.97438872754068e-09 5.1026077154535e-09 5.65536741909778e-09 4.22394037275173e-09 5.6550366630189e-09 7.88449018189923e-09 5.08682626013341e-09 6.5684782250031e-09 7.59729751805274e-09 3.92979009844694e-09 7.00054864428293e-09 9.50320139603611e-09 8.49876426478906e-09 6.26775416544188e-09 3.97892608016873e-09 4.30107469886952e-09 3.69444316914127e-09 5.90562376362129e-09 6.95772903673149e-09 9.39513236477349e-09 7.27551344483779e-09 5.11632556985342e-09 5.09576198002927e-09 5.66512037784934e-09 7.23705989595481e-09 1.00121403521786e-08 7.47520418836198e-09
4.81793246083183e-09 4.88300767529489e-09 4.71790615284775e-09 3.80583715796536e-09 3.45103797022963e-09 4.21373330955878e-09 5.82629733332372e-09 4.43618972491132e-09 5.1264915425263e-09 4.56821917983818e-09 4.87850444067862e-09 4.70371579067975e-09 3.24729634667126e-09 3.76133534640966e-09 3.57317106827692e-09 5.36755726745092e-09 6.36828375750998e-09 6.36110069293441e-09 5.50937991070356e-09 5.70336608572074e-09 4.2702198623525e-09 4.845981611973e-09 6.51733565550927e-09 4.91607896629507e-09 6.44991179088446e-09 8.04380302186714e-09 7.23026088620103e-09 6.33368665295059e-09 6.14099451456131e-09 5.56245720347601e-09 8.90469042659213e-09 6.11076343847156e-09 3.43405196884661e-09 3.7275378013814e-09 6.11070909897339e-09 1.20025468845701e-08 5.25976099524329e-09 8.60583841523572e-09 5.88474470677081e-09 4.8770040340237e-09 5.4325750198284e-09 6.72084877015852e-09 1.00144127364553e-08 9.5015795209301e-09
3.90606391994487e-09 4.73998822251973e-09 4.05939334402468e-09 3.62002219141804e-09 3.22149945905559e-09 3.14250392193512e-09 4.86173081763699e-09 4.63651090436981e-09 4.54934877252842e-09 3.59657449638196e-09 3.30494609376236e-09 3.23419221733333e-09 2.99833113439825e-09 3.23475187658692e-09 3.98183945789102e-09 6.73557876824737e-09 7.72643303004027e-09 8.00678321188967e-09 5.76253542301529e-09 4.73376209564759e-09 3.76608828240734e-09 5.58529912359658e-09 6.19527442894397e-09 6.56779417306642e-09 5.31115074951134e-09 4.48802793151061e-09 5.07476914127203e-09 6.5639639035837e-09 4.71334117846006e-09 6.82388317774667e-09 5.64345451893107e-09 6.40557917519e-09 6.16935312152969e-09 7.54433318864783e-09 8.60840059805379e-09 1.04414856635574e-08 9.29732956467303e-09 5.50584448062528e-09 5.66007121163514e-09 4.26840038609776e-09 5.53169194323683e-09 8.21392397083479e-09 5.8392898982756e-09 1.0104039982073e-08
2.75677121845996e-09 4.71475440261501e-09 4.03328134683303e-09 3.0681567339992e-09 2.85010813504024e-09 2.84459746269483e-09 4.68880267800998e-09 4.66482335836709e-09 4.27831587697027e-09 3.56654353961538e-09 3.94048554347324e-09 4.44645317513002e-09 3.26405308920343e-09 3.42536347469052e-09 5.56183693883686e-09 5.60444470182869e-09 5.37163731602747e-09 7.36012490941359e-09 6.19903953057495e-09 4.25467640871693e-09 4.14552784899049e-09 5.18732309355254e-09 7.14864508846606e-09 5.66500754377075e-09 5.37952541001765e-09 5.70695280743658e-09 5.40267984289613e-09 5.50804892597591e-09 7.75244885303088e-09 5.48310817167683e-09 8.54569268137717e-09 4.10340820940208e-09 6.24173834464475e-09 6.02319336192499e-09 6.38992147306632e-09 7.09979478422291e-09 7.33209372463483e-09 8.28146059191207e-09 8.86562540382938e-09 5.43854669100077e-09 5.05220039594848e-09 6.8776357244272e-09 9.97789151488382e-09 1.06011469085733e-08
4.427103178374e-09 4.56297696810902e-09 3.83909106369406e-09 4.0088516451022e-09 2.73359069240117e-09 3.61565955112211e-09 4.74038296730746e-09 4.96313345160159e-09 3.79364065505237e-09 3.74128481827751e-09 3.67685915663738e-09 4.38188847398094e-09 3.68198559685417e-09 3.12053178564216e-09 5.16921443629304e-09 5.40949095118022e-09 5.39851607229461e-09 6.47688486939813e-09 6.28886475572519e-09 5.35858773825968e-09 3.75565674613324e-09 5.62513919184499e-09 5.30801182031153e-09 6.47059464212678e-09 6.76203651391228e-09 5.22914185073917e-09 6.1183351537921e-09 6.38235735429579e-09 5.52994873522701e-09 9.47641145994227e-09 6.31245219949808e-09 3.8866212398715e-09 7.11365541946883e-09 5.39692133214933e-09 3.09056559867997e-09 5.86554607031564e-09 7.39977907446677e-09 5.58095310484007e-09 5.0439889953928e-09 4.7594614072541e-09 4.38678261241802e-09 6.04939106381903e-09 4.57266508963924e-09 1.183512958357e-08
4.24030288450506e-09 3.76763853354132e-09 3.21362931907202e-09 3.84197586852958e-09 4.10592504647633e-09 2.27618153137642e-09 4.73253296322562e-09 5.75286604436446e-09 4.11087433444958e-09 3.73023594005826e-09 3.55047542075927e-09 4.57388113771366e-09 4.31351892614521e-09 2.9739451406666e-09 4.33254320743498e-09 6.45548005119062e-09 4.45830593495913e-09 5.14248830366003e-09 5.56411818181723e-09 5.06237231101616e-09 4.20587624050742e-09 5.15258426172511e-09 5.36838177293906e-09 4.18253325054322e-09 4.94464005645078e-09 5.97387639946627e-09 6.73250715722582e-09 4.76356284301764e-09 8.62239797944049e-09 9.45714449896018e-09 6.21333299491956e-09 5.53915317520007e-09 4.45334248687716e-09 4.06916305682968e-09 3.29872713776801e-09 8.15013589291847e-09 5.11824299248248e-09 5.78039854167227e-09 5.82329928273923e-09 5.93852187622398e-09 3.23958254815817e-09 5.36700180231479e-09 9.18005010581848e-09 1.00928589916227e-08
2.81314065118517e-09 4.10635793678704e-09 2.71665321547664e-09 3.9996902884889e-09 4.22136133003197e-09 4.00092756480538e-09 4.0789044442375e-09 4.18005538662112e-09 4.81850706769673e-09 3.11473448419274e-09 4.05676621937817e-09 4.9494407996647e-09 4.68510575888011e-09 3.31484577332811e-09 3.17349944505062e-09 3.71710593745011e-09 3.76101062210562e-09 5.7460311926527e-09 5.44311060241012e-09 6.69155836291062e-09 5.62427443858017e-09 7.06544374681127e-09 5.14298087588828e-09 5.87502212577286e-09 5.10271349824192e-09 5.71567808287558e-09 4.92044009694727e-09 5.58206811049701e-09 8.47825872011689e-09 6.17447416688404e-09 8.24368181058452e-09 5.30492621150939e-09 5.27095632769109e-09 8.00811869011816e-09 5.9329398436336e-09 4.03945283647918e-09 5.52568871871238e-09 5.88125705762628e-09 6.63345101371341e-09 5.44564448794772e-09 3.67699958585603e-09 6.17621906247392e-09 8.36547236782758e-09 9.68892634589729e-09
1.0375139801207e-09 1.42969443616747e-09 3.47977222418257e-09 3.25883005369177e-09 3.7116328777396e-09 3.52382769845738e-09 2.64585251340772e-09 4.01847748235074e-09 4.31999755180113e-09 3.12707914181509e-09 4.68554422559442e-09 5.76165767649897e-09 4.65702456230733e-09 3.60814380446498e-09 3.00971718682676e-09 3.26454504191047e-09 4.19919817043591e-09 7.27502046801957e-09 6.96857230323113e-09 6.91358062626649e-09 5.4462279467241e-09 6.28391088202087e-09 6.93038152585653e-09 5.72653500444769e-09 5.95898424225771e-09 5.12164289614447e-09 4.98836450058194e-09 5.39579781962709e-09 7.57365635402761e-09 5.42481846198946e-09 8.16063951552604e-09 7.08450882418302e-09 7.90067932605662e-09 6.1477563964301e-09 5.26601638445993e-09 7.04254345316445e-09 4.28882223326895e-09 4.7220317734607e-09 4.56420344887095e-09 3.73442781998337e-09 4.99845488095276e-09 7.92781545426021e-09 8.75491432055826e-09 9.01261808118931e-09
2.20370871076863e-09 3.35039877095484e-09 5.47806173697902e-09 4.87874897992318e-09 3.34582809252396e-09 3.68302263522167e-09 2.05210915816514e-09 3.78352201859117e-09 4.27209726525202e-09 5.00130393942829e-09 4.04403252537223e-09 5.58557305398213e-09 3.69543375243498e-09 3.5175765853685e-09 2.95411991716886e-09 3.47612930382017e-09 4.37133475195175e-09 6.56263940874019e-09 6.31104923475718e-09 5.70133712720557e-09 5.31481903927742e-09 4.53898042471373e-09 4.24861765931619e-09 6.95241366335621e-09 6.5357607593584e-09 5.6425190785139e-09 6.73235198580034e-09 5.4049768563115e-09 5.33542349610043e-09 4.41134215147201e-09 6.16424246270682e-09 6.43089479597117e-09 6.13363253926374e-09 4.96736663670919e-09 5.02797042700327e-09 6.2133188371541e-09 4.44859169923287e-09 4.53029446373835e-09 3.29535431463078e-09 4.55350136879684e-09 4.7815925170871e-09 7.25824457422666e-09 8.55489564545085e-09 7.24904291090752e-09
2.16228922750868e-09 2.90887449025147e-09 1.52079816185846e-09 1.5889767721717e-09 2.6203663293801e-09 3.63204860632871e-09 3.4075631579051e-09 2.66932260498165e-09 3.8575704846864e-09 5.58820268029673e-09 5.74198199883576e-09 4.81520172625061e-09 3.27978198968518e-09 3.42736699769038e-09 3.24700859504182e-09 2.89203393088973e-09 4.79105327661873e-09 4.86408042017032e-09 4.94714838967568e-09 4.29978461442091e-09 5.4901341894044e-09 4.98434621557899e-09 4.2579813381967e-09 6.03418682782275e-09 7.22864904448416e-09 6.49589722628855e-09 4.14238203877673e-09 4.27790012247697e-09 4.56703569599128e-09 4.47236532679824e-09 5.36474021840551e-09 6.08095992032985e-09 4.65565977514722e-09 6.19187602152326e-09 5.49023493549389e-09 4.98157203072444e-09 5.29811389421893e-09 5.08667476312468e-09 4.40935053635107e-09 3.47348507221353e-09 3.78130395665519e-09 4.02877925667065e-09 7.95359971211681e-09 8.00661466379637e-09
3.40026853079257e-09 2.78967834686402e-09 4.33068207787146e-09 2.67033986756423e-09 3.76405833446555e-09 2.41673278821867e-09 3.45934553111924e-09 3.53366213543484e-09 2.96534443367409e-09 5.9940883214548e-09 4.45935144574773e-09 4.6093920518197e-09 2.47837703492614e-09 4.00498380741285e-09 3.30629154939251e-09 3.29777124857216e-09 4.33586272759191e-09 4.80530958632844e-09 4.7153462946879e-09 3.7925167259554e-09 4.27348216868591e-09 5.08014439695657e-09 3.49434746282415e-09 5.00702968910438e-09 6.21266069436684e-09 5.83878271433213e-09 5.50012232910691e-09 3.73418195281504e-09 4.34397415420231e-09 4.62603662318718e-09 5.82141127556622e-09 5.6892728564936e-09 6.53752980854819e-09 6.23614482801374e-09 5.08929419803405e-09 5.1908472292329e-09 5.19271235485679e-09 4.36260412381998e-09 4.4449473210306e-09 6.30246748252433e-09 3.3684508198544e-09 3.74993235325584e-09 6.24193689610153e-09 9.68689051709125e-09
1.55722849606202e-09 3.4415836841008e-09 3.076123093411e-09 4.42791275261722e-09 2.19746485137789e-09 3.17402741080451e-09 2.65422824860134e-09 2.45879056967076e-09 3.73596695727771e-09 3.86429142111603e-09 4.58105770943856e-09 3.3877198864716e-09 4.69978731770396e-09 4.94420350581144e-09 4.20341881593749e-09 4.60311298330458e-09 4.5928968949859e-09 4.63391463801991e-09 4.83217722566685e-09 4.04961656403777e-09 3.43126974475559e-09 3.44075059270241e-09 3.26342514607605e-09 3.50243743340815e-09 6.50696582848865e-09 5.41369691434679e-09 5.72939185622107e-09 4.13403743746302e-09 3.86277763849074e-09 4.08898715264394e-09 4.90335178452356e-09 4.04483559247274e-09 6.57319587387587e-09 6.26284674588976e-09 5.78415231314709e-09 4.47342745308052e-09 5.94003427438704e-09 4.49295560179573e-09 3.93240363787273e-09 4.127284975345e-09 5.24308473089076e-09 5.2901503375645e-09 8.25134747475469e-09 7.90584860645127e-09
2.65011661027669e-09 2.48633767343911e-09 2.850376256132e-09 4.93735642953229e-09 4.64463079654614e-09 4.27107447775664e-09 3.19214711619071e-09 6.21684842607124e-09 5.27722246069483e-09 3.73395577839715e-09 3.25811254619329e-09 3.9263156870529e-09 4.82585599656741e-09 4.43330757110315e-09 4.04792668131048e-09 3.95254896872343e-09 3.73303074418065e-09 3.8649221053055e-09 4.45738196418368e-09 3.56887187419245e-09 3.52400775948303e-09 3.53628055904999e-09 3.53570726598711e-09 3.7011636606563e-09 4.85889042503448e-09 5.35256631566578e-09 6.48097462190062e-09 4.03715536899216e-09 3.46660553969884e-09 4.58933854554818e-09 4.89958445332772e-09 3.94085602388005e-09 4.23619389589664e-09 6.24629151558141e-09 6.25543316548934e-09 4.69122683204467e-09 6.45186169036505e-09 4.78038975888694e-09 4.61861829782172e-09 5.04774706359631e-09 5.13724490464119e-09 4.31937139604964e-09 4.45969605108365e-09 5.0963095589421e-09
3.21726804001108e-09 1.62760066388599e-09 1.86535452557186e-09 2.49770270501892e-09 5.23414733289477e-09 3.89449566697364e-09 3.56923064975875e-09 4.3782279250829e-09 4.81180409340783e-09 5.15348685109607e-09 3.30634912361865e-09 3.26028709605305e-09 4.47759453453746e-09 3.53965135874369e-09 3.96113906564575e-09 3.18806453416874e-09 4.01835671736603e-09 3.68459888257362e-09 4.19694200510754e-09 4.68892629563327e-09 4.21952004402384e-09 4.38799247710781e-09 4.39980515228797e-09 4.79265585035364e-09 4.18663559248451e-09 5.48531111434101e-09 5.31565199589463e-09 5.22085984312623e-09 4.23697478688172e-09 4.84950490680311e-09 4.94798627691325e-09 3.65672281427866e-09 3.43678112287423e-09 4.98817930214422e-09 5.54279891192302e-09 5.2968136725614e-09 7.07873772303865e-09 4.20909555118646e-09 3.59085042620746e-09 3.74691036186135e-09 4.54458035534578e-09 3.69527471272511e-09 3.96539033408097e-09 4.61680989998917e-09
1.75642638820706e-09 2.73565167435016e-09 2.05724797307812e-09 2.67181036529134e-09 4.7135452131114e-09 3.59214401963192e-09 3.52655113247948e-09 4.47424625224517e-09 4.1447352788515e-09 5.70102266462536e-09 4.48060940741263e-09 3.74291244538881e-09 3.66323711076724e-09 3.05025821602593e-09 2.58472113774526e-09 3.71525084819477e-09 4.30601099087144e-09 4.28326499380979e-09 4.63415846501124e-09 4.51427637798565e-09 4.88532695221136e-09 4.5817543474062e-09 4.7092875175687e-09 4.73720523069862e-09 3.9203938957247e-09 4.10937216993347e-09 4.95421594127462e-09 5.17201557843942e-09 4.86074037011317e-09 5.80141079543369e-09 5.31739865813202e-09 4.77682475070153e-09 3.55173862696554e-09 4.30748797057841e-09 3.91990927902226e-09 5.46991881453662e-09 5.8896833521353e-09 4.77051361232586e-09 4.41026883004473e-09 3.86101314291026e-09 6.30842737821765e-09 4.91835233199569e-09 6.84177636143333e-09 5.09812942320475e-09
1.46342834611635e-09 3.44693552745691e-09 2.43691325680929e-09 3.47104209669901e-09 2.37844947072552e-09 4.14936139532801e-09 3.82517773011589e-09 3.57045559199728e-09 2.56100903400667e-09 3.13337068326968e-09 3.29657482952098e-09 4.2518208519157e-09 3.45256459875339e-09 4.25856731980116e-09 2.63467429454239e-09 3.51049603993033e-09 3.11151986036183e-09 3.82173667512687e-09 3.80043239086178e-09 3.56672164891606e-09 4.41568099264619e-09 4.14338260953653e-09 4.55682903119749e-09 4.64579525938002e-09 3.65862583404583e-09 3.57679249266379e-09 3.55350086410811e-09 3.76906066352693e-09 4.6888365075999e-09 5.51160296952683e-09 5.14754490308064e-09 5.37688766556404e-09 4.52013578089196e-09 3.27364799866312e-09 4.07358072129253e-09 6.15142404340425e-09 6.56857311002386e-09 5.64189914040514e-09 5.11309352573649e-09 4.17262031110797e-09 5.78568104060731e-09 4.57318541976911e-09 3.73495211903095e-09 -9999
3.50461359753053e-09 2.6145362761728e-09 3.61905996632797e-09 4.15231768291655e-09 3.21186175776166e-09 2.7196801754229e-09 2.86315192678724e-09 2.1372432173232e-09 3.32116980743585e-09 4.01154733376093e-09 3.42950477902882e-09 3.9717806827672e-09 2.79451293610614e-09 2.67896829579624e-09 2.29885425389675e-09 3.00166285554125e-09 2.10372564873372e-09 2.98821334036514e-09 3.11260963132897e-09 3.04672929682121e-09 3.73519770173481e-09 3.34972562356789e-09 4.15543422192681e-09 5.02717077784701e-09 5.00442686962439e-09 4.22536000389433e-09 3.58949561146466e-09 3.7252037021644e-09 5.07839735116987e-09 4.24550868549597e-09 5.60052522750913e-09 4.33624909475791e-09 3.98527198951286e-09 3.72539418300417e-09 4.91863896142945e-09 4.86416994883431e-09 4.84152653826904e-09 3.96788221874323e-09 4.20698238751367e-09 5.21271810343266e-09 5.47580141568e-09 5.82625195652442e-09 3.88364026069382e-09 3.73778738325142e-09
