Validation points/black/Daboia_russelii-black.asc
NCOLS 267 
NROWS 469 
XLLCORNER 376490.070567719 
YLLCORNER 381033.488324056 
CELLSIZE 919 
NODATA_value -9999 
[rows 120 to 139 of 469, columns 44 to 87 of 267]
4.6114851421322e-10 4.49431892489935e-10 4.43299269218778e-10 6.81492666455742e-10 3.91496693090694e-10 1.58991205184627e-09 1.16057390199389e-09 2.48486686533688e-09 2.80115549677363e-09 3.14422723961739e-09 2.87157156943422e-09 2.78276949756803e-09 2.90655537969128e-09 3.20447804036134e-09 2.8203557264884e-09 3.22418010896198e-09 2.7882289395236e-09 3.14531157831634e-09 3.04913079574797e-09 3.43914557555284e-09 4.46608983497515e-09 4.2612736347848e-09 2.47931423294042e-09 3.48432939904726e-09 2.2270485322098e-09 2.69920038906324e-09 2.91669799955086e-09 3.39152752090477e-09 2.86309471965131e-09 3.87580263099167e-09 3.07284941632679e-09 3.07514197949078e-09 2.81863496632744e-09 3.42489048650706e-09 3.10904498706023e-09 2.79401374830265e-09 2.90676426108072e-09 2.66831333832367e-09 2.72213404550351e-09 1.45433446272836e-09 2.50183749920783e-10 2.66209273645112e-09 2.34499846475635e-09 1.34897626184028e-09
9.87703851315187e-10 6.61118241290878e-10 8.55616928794606e-10 9.46118002652616e-10 2.25986216758088e-10 3.20668901983203e-10 1.11264840408416e-09 1.13953276388786e-09 2.02853733574992e-09 2.87771029282472e-09 2.76288449996104e-09 3.76141317376605e-09 2.64905820646916e-09 2.63772136914208e-09 3.02620126527299e-09 2.85588804509146e-09 3.25685564250447e-09 2.96939682230608e-09 2.69452994545498e-09 3.52742055460079e-09 4.43122900632705e-09 4.63882517177709e-09 2.97436593270472e-09 2.8072098838685e-09 1.79463140888889e-09 1.96616720608999e-09 3.44982473609936e-09 3.12627912379325e-09 3.32542959086405e-09 3.55814119829311e-09 3.95968261256263e-09 3.27941396944524e-09 2.83940137067238e-09 2.96062573974215e-09 3.28237343519079e-09 3.86326320900961e-09 4.60646067746244e-09 4.30129737460426e-09 3.63513542936102e-09 5.20971108706427e-10 6.03197565405063e-10 1.14659271531614e-09 2.24530384683874e-09 1.93526575055468e-09
6.89514086747623e-10 5.69561008089757e-10 9.22732857280904e-10 1.12885727895809e-09 4.88718542579368e-10 5.82002219704366e-10 7.18218404315402e-10 1.62651079018338e-09 2.61829399407859e-09 2.66731909703444e-09 2.68560040255111e-09 3.73385763144994e-09 3.00582167497507e-09 2.92442517681057e-09 3.1979962099987e-09 3.05364033020202e-09 2.92306390443408e-09 3.3769864478533e-09 3.33660021830935e-09 2.93113868071258e-09 2.80274179580867e-09 5.1234617408299e-09 2.64952152957483e-09 2.22001376761174e-09 2.22279256020134e-09 3.18696679484737e-09 3.14230960053985e-09 3.25520063842539e-09 2.77452912199851e-09 2.81724708185319e-09 3.73924412595607e-09 4.2033554694085e-09 2.97159111259505e-09 3.90763561024793e-09 2.80534649262949e-09 3.41685017827267e-09 3.03228167546069e-09 3.16823136400394e-09 4.46595362780763e-09 2.26935244203369e-09 1.60543568042134e-09 2.09916035228571e-09 2.5522429345348e-09 3.00359764525684e-09
9.00369845711064e-11 7.04343925128435e-10 8.49285746973497e-10 1.6612166812732e-09 1.13715284357131e-09 1.69318405528173e-10 5.6584349279759e-10 1.26216998144617e-10 3.87247838644776e-10 7.73245167675025e-10 2.37290051534903e-09 3.68700792047023e-09 2.47482616721618e-09 2.97048710692023e-09 2.9452422085747e-09 3.13724840443306e-09 2.96546946110833e-09 2.85449058808465e-09 2.85618375234627e-09 3.17400265339952e-09 2.82824505764261e-09 4.40393684134176e-09 4.77697970415402e-09 3.86004076204817e-09 2.08813829823704e-09 2.99278812277044e-09 5.55751548176054e-09 2.29937408887961e-09 1.75938878913846e-09 2.86397701089758e-09 4.59809080122064e-09 3.02962931263464e-09 3.10209117640896e-09 3.03593644422689e-09 3.09030236611557e-09 3.03681291625262e-09 2.77608636396289e-09 4.45909751120502e-09 3.96632202702441e-09 3.54704809268294e-09 3.64101881659593e-09 2.9503501436289e-09 2.64320330356208e-09 2.65589936015892e-09
6.11523811753951e-10 3.53783290428914e-09 1.77823687785368e-09 8.59382144506574e-10 1.84690237451181e-09 7.7639644174059e-10 1.78259727494444e-09 1.82356087625497e-09 1.6269589096931e-09 1.20963572864142e-09 2.3986684859047e-10 1.08157604004248e-10 1.98349213345238e-10 1.57237136305845e-09 2.76242650864619e-09 3.22715035813693e-09 3.12091004627357e-09 3.09484624318283e-09 2.87797212054824e-09 3.62664828344721e-09 3.98497132448933e-09 3.62764177860524e-09 3.90331390906811e-09 3.88185198857405e-09 3.97637517065608e-09 4.16564650220044e-09 3.1719464756617e-09 1.84321101802196e-09 1.23503789311844e-09 2.47946302890517e-09 4.22193534160156e-09 2.96956751892721e-09 3.49433298117964e-09 2.97684394860469e-09 3.07569934637397e-09 4.30306644710697e-09 2.12281572142525e-09 2.36804414571023e-09 9.84300546297497e-10 3.06278681256953e-09 3.15800731659951e-09 7.29510882071116e-09 3.91363508688461e-09 2.78932906140945e-09
1.6196231002592e-10 2.88191323808571e-09 4.67915340135252e-09 2.43670872935688e-09 3.27271892208879e-09 1.20173137875419e-09 2.16794892948835e-09 2.40841883776702e-09 5.58537260648844e-10 2.15509183257822e-09 7.34259033348041e-10 9.69856734918226e-10 1.46290805519053e-09 7.51044981070485e-10 2.47317198420521e-09 2.6991993855008e-09 3.09895063599851e-09 3.15263790062535e-09 3.24004908797359e-09 3.3609170467298e-09 3.26530173397767e-09 3.10075118419339e-09 3.81098326790282e-09 4.37566997065566e-09 4.25168300776983e-09 6.46495322768286e-09 5.18673969118256e-09 3.21094623522931e-09 1.70498537769577e-09 2.25689156990118e-09 3.90474136640571e-09 2.94542685714975e-09 3.48784041128727e-09 3.14758793155967e-09 2.17376767433012e-09 1.30556815190257e-09 9.24335588397083e-10 1.29686464888123e-09 1.40246564442483e-09 2.89764617112379e-09 4.66980973322191e-09 5.95648745693114e-09 5.58323694685413e-09 3.0013347551789e-09
7.9280291717277e-10 1.42427838181383e-09 3.04995737366381e-09 5.06234277742123e-09 2.63028844668079e-09 2.22561104040483e-09 2.79657920351278e-09 2.80460995239176e-09 2.29733654609095e-09 2.91523219253287e-09 2.00920913076867e-09 2.08892472235012e-09 2.90652548799168e-09 3.9181217636852e-09 2.92294332704654e-09 3.06682604645194e-09 2.82980301116068e-09 3.88965623720229e-09 3.14461103262407e-09 2.9184895904643e-09 4.1558035228199e-09 2.86985449136072e-09 3.93980989093939e-09 3.18632658394518e-09 3.21762559634533e-09 3.67373478206719e-09 3.24535030068699e-09 4.77480489523282e-09 4.18298596268755e-09 6.85891217723143e-09 2.84671005300868e-09 2.39704748308376e-09 1.56747625106301e-09 6.67681911372849e-10 1.51005190246544e-09 1.95675431069738e-09 1.83079671278943e-09 2.47749615309425e-09 6.09902254090456e-09 3.02538372706587e-09 2.82592004281543e-09 3.14328568953469e-09 3.13165689060338e-09 6.64594229400465e-09
1.34584956792293e-09 1.31131929888629e-09 6.96527891006799e-10 2.48818343021077e-09 1.24132349087906e-09 1.65890984639678e-09 2.20853307291426e-09 2.5379560691506e-09 2.66280663990643e-09 2.84455903888855e-09 3.18483271056033e-09 3.81346739738972e-09 2.28891196553745e-09 3.13785476970277e-09 3.96283106271532e-09 2.50982997558209e-09 1.27471855261991e-09 3.16980479682381e-09 3.31345210684786e-09 3.24850731564522e-09 3.44733649707107e-09 3.89453964403256e-09 3.22136011837627e-09 3.33124833432421e-09 3.08138450638191e-09 3.27271969471118e-09 3.10464165547078e-09 4.2523274218252e-09 4.23030946975127e-09 4.23531164765268e-09 3.50890291752718e-09 2.0537837967526e-09 3.2450288661363e-09 8.88655424085061e-10 2.60287389413787e-09 3.16403362375703e-09 4.91154107691952e-09 4.34765837966532e-09 3.58344074642713e-09 2.52432092689978e-09 2.25851985288124e-09 2.97355297753672e-09 2.99360635624878e-09 3.96669783246065e-09
2.89717952999708e-09 2.29078490706908e-09 2.03773454835136e-09 2.48436111930938e-09 2.44291243251059e-09 2.47574594593319e-09 2.55202965837398e-09 2.6500970623801e-09 2.77857375730191e-09 2.40168565097254e-09 2.20412413762004e-09 3.43721308081571e-09 2.74211261320336e-09 3.73290003567559e-09 4.05645147026137e-09 4.14627508178567e-09 3.1133363652798e-09 2.0053721897436e-09 2.51224554527256e-09 2.93078457573437e-09 2.94312460918989e-09 3.14971740312672e-09 4.22751203808177e-09 2.28419620383142e-09 2.60189667833118e-09 2.41891829941302e-09 2.73014771055613e-09 5.17378931564415e-09 3.61938899454595e-09 2.6706499183393e-09 4.19806435348412e-09 5.49504563265339e-09 1.5858652923076e-09 1.37750674885202e-09 2.26370892003153e-09 7.70700674567668e-10 2.06115450477079e-09 3.45851007639227e-09 2.69595662495823e-09 3.77668122537419e-09 4.99317579354327e-10 2.13796183535558e-09 1.26153780566798e-09 3.0102478296456e-09
2.60213470272602e-09 2.93554294284661e-09 2.76184367015111e-09 2.79342904950837e-09 3.01122048508958e-09 2.84613905567004e-09 2.41625496964419e-09 3.17618598211539e-09 2.97282151875058e-09 2.81267823861974e-09 2.68524308558208e-09 3.45653359877933e-09 2.87739699756725e-09 2.82813891515435e-09 3.18943599773879e-09 3.83321959637152e-09 3.18702514502362e-09 3.97902490430362e-09 1.58700098708113e-09 2.24246896670781e-09 1.54784822642482e-09 1.35625108037724e-09 6.70179590969605e-10 2.3819390311387e-10 1.31307406860074e-09 1.72374901023338e-09 1.93312540922797e-09 3.12896317084183e-09 2.89239195524243e-09 3.19975129075142e-09 2.48933460219406e-09 3.64362184019912e-09 3.44623516747501e-09 2.7221482048817e-09 3.59567224242647e-09 1.78486626644585e-09 9.36091398937621e-10 6.47008426646992e-10 9.80155478154949e-10 1.62378809134755e-09 4.08648311345332e-11 3.00210024465451e-10 9.14064788972886e-10 4.61798495319741e-10
2.65334706523834e-09 2.75118948973235e-09 4.37342262806441e-09 2.86063097623744e-09 2.69067602955438e-09 2.69517786293212e-09 2.88363392798335e-09 2.83361435540187e-09 2.6724459710972e-09 2.86274976411548e-09 3.23550009106421e-09 4.00010398596496e-09 3.69826572248135e-09 2.89979299090386e-09 4.0811651513622e-09 3.55691010614153e-09 1.23708773164403e-09 3.11936608147153e-09 4.61879018281141e-09 2.96957014935725e-09 1.94312526400661e-09 2.07455737604231e-09 1.71346509874688e-09 4.32483596168771e-10 2.5996845189088e-09 3.29222649444678e-09 1.64417696245454e-09 2.53570087484372e-09 2.86427012239167e-10 1.26304859169738e-09 3.1432376101419e-09 2.70614675552077e-09 5.09223844760423e-09 5.35676307758458e-09 3.97203517910729e-09 2.65769603023867e-09 2.68406011510202e-09 4.86866510800725e-10 1.00580327669358e-10 5.57751005357849e-10 1.3617561798093e-10 7.28738144252994e-11 1.56592841038942e-11 8.24297652306536e-12
2.94983428411122e-09 3.04524390292607e-09 2.81022957732435e-09 2.67264749575045e-09 2.3974337509626e-09 2.6988239307741e-09 2.70857585793104e-09 3.07256496162439e-09 3.00712716401654e-09 2.88173124356646e-09 2.82799045178531e-09 2.82096801337494e-09 3.21777467631035e-09 3.25027620669249e-09 3.89635563349411e-09 4.09080895920612e-09 2.91064298013264e-09 2.91459386272587e-09 3.45697324926713e-09 2.5659790046592e-09 4.13653558083508e-09 2.78634533255391e-09 3.35450353518786e-09 3.14205241717242e-09 3.33689211681951e-09 3.4919310177616e-09 2.64391227462349e-09 3.044811531246e-09 5.68672900551268e-10 1.2874094068161e-10 2.20389410731213e-09 4.46143092828735e-09 2.58293828294762e-09 3.17646396196575e-09 3.3557747696741e-09 4.18219450500966e-09 3.03896224612166e-09 8.9477204680609e-10 1.1808116810592e-10 6.75692895193815e-11 2.58815014604163e-10 1.59081974039517e-10 1.1964080224297e-10 8.05454498724834e-11
3.06671038927432e-09 3.24622758252747e-09 3.15670997945194e-09 2.6230644452102e-09 2.74127075755543e-09 3.00666441190138e-09 2.71779784232861e-09 2.73945310165706e-09 2.79366152171505e-09 3.17575924755912e-09 2.76994536663646e-09 2.68930116525123e-09 3.2704542116046e-09 3.21162989079083e-09 3.25635150412204e-09 3.17962815856943e-09 3.50793960260019e-09 3.03315535491171e-09 3.1160929381958e-09 4.15766684472111e-09 4.00396810322723e-09 3.67061839845976e-09 3.72760820335744e-09 3.01022233356337e-09 2.70483976278762e-09 3.21023598962545e-09 4.48685440953528e-09 3.71848686302865e-09 8.14203416652259e-10 6.09979124065012e-11 2.17941267930885e-09 2.14533041426803e-09 3.01011375250966e-09 3.97513326093174e-09 2.90826453225825e-09 4.67158982569464e-09 2.79297049824808e-09 9.15811293003998e-10 7.48362393488683e-11 9.14466663109854e-10 1.10042321290557e-09 1.58175869967489e-09 1.20591883990789e-10 6.40089696436253e-11
3.3710088046301e-09 3.69725119579977e-09 3.62345860177232e-09 3.25413574957171e-09 3.69625815337077e-09 3.7160487392411e-09 3.64315111304196e-09 2.74842788769303e-09 2.70763567558242e-09 2.68982211359047e-09 2.82239302071776e-09 3.72043690739856e-09 3.73400798839331e-09 3.24736469979878e-09 3.05358624136049e-09 3.21110982483589e-09 3.26552844270661e-09 3.28411189671801e-09 3.55929991083072e-09 3.10734747701569e-09 3.35776139934426e-09 4.71901289872151e-09 3.89657503726288e-09 3.20977681518162e-09 1.53778747454396e-09 2.12874815031281e-09 2.08955480013383e-09 2.96215395398869e-09 4.73228482840319e-10 9.56490449624164e-12 4.3248179797723e-10 2.20745398186668e-09 2.78456165671079e-09 2.83125916603059e-09 2.95188430207931e-09 3.5524561430844e-09 3.49731160897216e-09 3.11115478240168e-09 1.56232155367405e-10 2.25912407591735e-09 1.26631018080737e-09 1.42756190736433e-09 2.00361228206927e-10 9.35735141510055e-11
2.36121297794023e-09 2.66367901384025e-09 2.64088577114259e-09 2.68144681260581e-09 2.41871418580355e-09 3.03378389774229e-09 2.97482200420644e-09 3.72225305481302e-09 3.83632312109173e-09 3.63939306178765e-09 3.52200950694293e-09 2.90521722601415e-09 3.49200401640449e-09 4.71098219726809e-09 4.1376373272644e-09 3.81269819939589e-09 3.44500231090929e-09 3.67933514305648e-09 3.64838495611492e-09 3.00900956648254e-09 3.39844783108213e-09 4.15792695831758e-09 4.64545953038324e-09 3.40581377287138e-09 2.19506724229257e-09 2.55205261359097e-09 2.49349979161632e-09 2.8149400462384e-09 3.13830818783932e-11 1.21326083620427e-10 1.07678872246148e-09 3.91647204997415e-09 3.00423309943381e-09 3.06443628545086e-09 3.39127059250356e-09 2.83244613256966e-09 1.21549927556291e-09 2.54847761713709e-09 2.05433331657317e-09 1.75436036548587e-09 2.46937206766385e-10 2.98064907527935e-10 1.34705421511614e-09 2.48609433977396e-10
2.60531589138833e-09 1.84398646048395e-09 3.64868241640878e-09 3.00015505463635e-09 3.25485733011215e-09 2.87792651948889e-09 2.86749970179654e-09 2.89142565065613e-09 2.95925141713481e-09 2.79585252107281e-09 2.76777170361337e-09 4.36233252913215e-09 2.89917708219416e-09 3.0240452497795e-09 4.71207930527931e-09 3.86025351191067e-09 3.16298980032435e-09 1.17276176844881e-09 1.97354310148074e-09 3.12797215414174e-09 4.15255501601785e-09 3.11929901858065e-09 3.5817838076522e-09 2.63066509275184e-09 2.11978030404025e-09 3.05352800718103e-09 3.16560871211364e-09 4.83803995959181e-09 4.77497701978371e-10 7.08715476092945e-10 4.18477519691645e-10 1.48467496219729e-09 2.97365758466842e-09 3.07459882911885e-09 3.10870696194393e-09 3.348415530289e-09 2.56641673451033e-09 4.04940280537464e-09 8.81651805937004e-10 4.4348370447707e-11 1.84709279978993e-11 2.61646809422674e-10 1.17800841955866e-09 2.28609652728789e-10
2.57424368875242e-09 2.39416473284469e-09 2.50598009956149e-09 2.59596414744336e-09 2.74867058760809e-09 2.78380911843379e-09 3.00533897217358e-09 2.75720740641006e-09 2.71936156386789e-09 3.63806263217103e-09 2.94597665668314e-09 2.80460238091555e-09 2.94163014540275e-09 3.29282852267773e-09 3.61360600443316e-09 4.03291665662471e-09 3.12277518502969e-09 3.48173965962731e-10 2.39648253749119e-09 3.08307416708478e-09 2.89951567396509e-09 2.88598572667567e-09 3.24397791447335e-09 4.51371069954627e-09 3.10289168081828e-09 2.60567630613794e-09 3.12694354875933e-09 4.58064263611591e-09 2.04458312575452e-09 2.63935266781754e-11 4.82723098413024e-13 6.25454945337322e-11 2.22083109557317e-09 3.25909884320554e-09 4.39676424119852e-09 3.63883179098851e-09 4.0393468194015e-09 2.83118390057377e-09 5.34546682782836e-10 8.63826990165219e-10 1.69474825508773e-10 5.80556966669604e-10 5.24256070071464e-10 1.49673073066341e-10
2.67829547428813e-09 2.38542953781149e-09 3.02022480771478e-09 3.48774654057209e-09 3.24076593238799e-09 2.96898279377995e-09 2.71836711140992e-09 2.79741747320601e-09 2.91310857754031e-09 2.97440959255564e-09 2.91439229564202e-09 2.70818464190697e-09 2.94176293220573e-09 2.97165591238849e-09 3.67812077751677e-09 4.21106391583977e-09 2.9266607459121e-09 2.14961901562326e-09 2.70407422416817e-09 2.43406171525168e-09 2.78797972936208e-09 3.49546103238118e-09 3.49006919911618e-09 3.3286394033605e-09 3.90635419504702e-09 3.6592116777892e-09 2.17304616221886e-09 1.30349404831009e-09 9.10716225941245e-10 1.54900939979877e-10 7.0621171841159e-11 1.97036647220357e-10 1.71742658513405e-09 1.26268158673964e-09 4.36385232080908e-09 4.06806634490855e-09 2.37104896521876e-09 4.10592626915825e-09 3.60407287338496e-09 2.61730759853049e-09 2.03482639049591e-09 8.8947244001005e-10 3.47357051568377e-11 5.01357600040121e-11
4.57357022579768e-09 3.21268657699747e-09 2.81385901729195e-09 2.83419842360396e-09 2.65874039850072e-09 3.67987007044594e-09 3.49568950454464e-09 2.76146044329731e-09 2.74774967997933e-09 2.90678926020937e-09 2.91972733052076e-09 3.67478204706344e-09 3.76541886492623e-09 3.6096353456447e-09 3.01202087566995e-09 2.97458782060521e-09 3.8747530137709e-09 3.71011613077322e-09 2.38502094182321e-10 1.9792708599965e-09 2.98906482345186e-09 3.11843932712256e-09 3.22914796551056e-09 3.15233640374284e-09 3.02060287051817e-09 3.28261217907253e-09 4.64544032682744e-09 4.11494737783959e-09 3.29305667274926e-09 3.21177221044865e-09 1.03431119083377e-09 1.91286412880631e-09 1.55874636593148e-09 1.29969301387416e-09 4.14945863065191e-09 5.79649650225286e-09 7.50576630311318e-10 3.52894173063833e-09 3.91212384880554e-09 1.25329603957993e-09 4.41082444630648e-10 8.6877737029347e-10 1.01924987862349e-09 2.08847204476536e-09
2.43974170912873e-09 2.05456651889359e-09 3.1563464217716e-09 1.64010880925652e-09 1.84462899166219e-09 2.79572715453587e-09 3.17444355023295e-09 3.67026877104881e-09 3.69579480041236e-09 3.7123944564376e-09 3.5021643263637e-09 3.36977978942616e-09 4.3290063390307e-09 2.92964146811698e-09 3.8673474877122e-09 3.76465218880637e-09 5.0132586549242e-09 4.43782578007755e-09 2.21220967578826e-09 2.66182680324668e-09 3.12454451922771e-09 2.88152496278925e-09 2.79366443327145e-09 2.78192906946117e-09 3.31297926541554e-09 3.2007446439348e-09 3.09076732765507e-09 5.00302432192404e-09 2.91986506308469e-09 2.79706578838002e-09 3.14006335446274e-09 2.60732026165809e-09 1.07066965221499e-09 1.14990235760877e-09 2.67565230010472e-09 2.45346872654284e-09 9.81700366690151e-10 3.34613595703542e-09 3.83864888984011e-09 3.92408143325233e-09 6.78995578581194e-10 2.10651524012624e-10 2.04605866552271e-10 9.55233073747365e-10
