Validation points/black/Daboia_russelii-black.asc
NCOLS 267 
NROWS 469 
XLLCORNER 376490.070567719 
YLLCORNER 381033.488324056 
CELLSIZE 919 
NODATA_value -9999 
[rows 180 to 199 of 469, columns 44 to 87 of 267]
4.36944820516376e-09 3.32009651408997e-09 3.2088495490691e-09 2.93492194598162e-09 3.47984603376115e-09 3.17010510026016e-09 3.44880295264976e-09 3.03700152126647e-09 4.26751240895359e-09 3.37374935184919e-09 3.59661330273937e-09 3.44170954178684e-09 3.94863900413707e-09 4.28872204378817e-09 3.47711296563953e-09 5.76036580858301e-09 5.02002232553109e-09 4.31607451211289e-09 4.83267969476804e-09 6.64363406139857e-10 4.03408154860592e-11 4.79000560627784e-11 7.05874506946158e-10 3.02136464716058e-09 2.81827486320442e-09 3.28677417935317e-11 1.7164832696464e-11 2.76198652223303e-11 3.58359010667463e-12 1.47624039115003e-10 3.64732356112398e-09 6.67529713806777e-10 1.4828334391738e-10 1.572228799325e-10 3.16779079098637e-09 8.84705921720815e-09 2.269917479077e-09 7.57747596327667e-11 3.59116113835089e-10 2.66494381090188e-09 1.01268206861001e-08 8.29736105826127e-09 1.02638397716045e-08 1.0580703476561e-08
3.06148122404752e-09 3.46919877540474e-09 3.23136354247823e-09 3.20234711221709e-09 3.12900118829908e-09 3.02243580495223e-09 3.95864833356773e-09 3.09198375827694e-09 3.18789521078496e-09 4.53474110854149e-09 3.30771706697005e-09 5.66876123664539e-09 6.5480218830601e-09 4.98402617029863e-09 4.50226800333338e-09 3.28106483223338e-09 4.67826091173102e-09 4.41194434177506e-09 3.01309246567821e-09 7.89698796485205e-10 1.83572515349853e-11 7.10849458100975e-12 5.59066542242085e-10 5.00123956346339e-09 1.91021883509086e-09 1.32289901957829e-10 8.12052010626977e-11 1.32192097892332e-10 1.92106651986736e-10 2.80652172158975e-10 1.55275685658038e-10 3.66054867853815e-10 2.75077721877168e-10 6.64377403590168e-11 6.65415469199929e-10 2.0636718109296e-09 2.89686470458267e-09 1.02028503097195e-09 2.11507443683534e-09 1.34111362935884e-09 6.25735979107686e-09 8.06069899501151e-09 9.58389145004674e-09 1.06088588460394e-08
3.19281164686702e-09 3.26136426876226e-09 2.92374514112529e-09 2.88503607559096e-09 3.0575353933082e-09 4.46053824447579e-09 2.63960817376979e-09 3.36512211332663e-09 3.45244446954045e-09 3.15408375769424e-09 4.24429915350568e-09 4.41504326948695e-09 2.86944460073478e-09 2.89759217749515e-09 3.78034000638604e-09 3.31582097515071e-09 2.30001445355096e-09 3.41490389950739e-09 1.18182219860104e-09 2.39685493306049e-10 8.65679864523712e-11 6.75128669523959e-11 1.68019261495933e-10 3.97026474901651e-09 1.7179716542695e-09 7.66009541545867e-10 7.11164722524167e-11 3.10413396473398e-10 3.44797191854443e-10 4.55558145799872e-10 5.69183343444795e-12 1.39032859418972e-10 6.46885364432119e-10 1.81871040257113e-10 4.48514609541293e-10 1.24557364293598e-09 3.40522574171376e-09 3.31645122546329e-09 1.11706277462056e-08 9.27314288449477e-09 7.55210135229945e-09 4.62667683642348e-09 4.69503377183326e-09 9.23562286983542e-09
2.85283632638561e-09 3.06532956799982e-09 3.25951375467421e-09 3.27222639259663e-09 3.39065854640985e-09 3.82131724745027e-09 4.41611061360681e-09 4.57455394600135e-09 2.83025275235757e-09 3.70906239342408e-09 3.49258542873227e-09 3.85789078896734e-09 3.07069367683832e-09 8.29347248946922e-10 1.34842585236058e-09 1.04092232553869e-09 9.1786235798989e-11 3.9225675194695e-10 1.38621779833164e-10 1.95949369452972e-10 1.23778360662487e-10 1.66867908446877e-10 1.79799860833931e-09 9.25478673501133e-10 1.05921725790521e-09 5.48585055485242e-10 3.46428499904956e-10 3.78266928582511e-10 7.90493063023125e-11 5.34466248699526e-10 5.0441893444758e-11 2.80015563262521e-09 2.58301664565299e-10 1.48041193096229e-10 1.05852702476191e-09 3.21143009261689e-09 4.96880683465582e-09 3.8272832966106e-09 1.28161798532489e-08 1.25180853614446e-08 1.31740818313414e-08 4.48366522198299e-09 6.11684398382216e-09 9.38557855735616e-09
3.38353590421991e-09 3.46670476620832e-09 3.39793620351706e-09 3.06587052764646e-09 3.01233671283568e-09 4.01129155846197e-09 3.9351767141142e-09 3.89554836516498e-09 3.58995723088239e-09 3.01575412425221e-09 2.81758377985993e-09 4.28185357975328e-09 3.42206648984448e-09 3.11820306726441e-10 1.48871921349122e-10 1.40796845215369e-11 5.33518826461949e-12 2.91924045806054e-11 3.64748743874642e-11 1.30113950174409e-11 3.17972868865848e-11 4.90439038745174e-11 2.31473348934761e-10 3.7797084502104e-10 9.98502156014749e-10 1.27625505270934e-10 2.1346526516114e-09 2.4476927641624e-10 2.57473588498088e-11 8.66977408848447e-10 1.56851726432287e-10 4.81047371465357e-10 1.24509623516508e-09 1.60551327092719e-09 2.20417369651208e-09 1.215763489043e-09 7.48913228533469e-10 1.23508481951896e-09 3.55364357696007e-09 3.15774795257622e-09 7.01714656771336e-09 3.46565305699248e-09 6.58385052705564e-09 4.06351365823183e-09
3.96618279408621e-09 3.96199708574527e-09 2.9468332013595e-09 2.83990419320264e-09 3.83401591822057e-09 5.05811537292769e-09 2.83315928280953e-09 3.43862513480557e-09 3.86703251433274e-09 3.05150926263712e-09 3.08330117502239e-09 3.14409397391684e-09 3.7361855495618e-09 1.37484585108506e-10 8.88850383489799e-12 5.39894470579854e-12 1.67781232808455e-12 3.09274865304233e-11 1.39264578980319e-11 1.67065230164804e-10 5.18980492833644e-11 3.16679669301537e-11 1.15286126050202e-10 1.83379396557092e-10 8.07654000926131e-11 4.7166832027643e-11 1.2651752977036e-10 4.66707542369736e-10 1.58079035441357e-10 2.44383146015066e-10 7.49319056098205e-10 1.12098403847535e-09 2.31305037917007e-10 7.42226115777724e-10 1.08330463888274e-09 3.030638258348e-09 6.11979791764679e-10 3.99276915787749e-10 3.79034181214837e-10 7.01614882370177e-10 3.55576400348774e-09 3.27382146900033e-09 5.18674769578558e-09 2.01720810681772e-09
2.82427678464266e-09 3.02753055067627e-09 4.56434387918012e-09 4.76866970035021e-09 3.37138741262803e-09 4.15784758606956e-09 3.64895940798259e-09 3.39404712793304e-09 3.47872935207312e-09 3.06308573794624e-09 3.42859895143801e-09 3.52788389067439e-09 3.69842671467663e-09 4.0010169911124e-10 2.91664282632829e-12 1.21451977924996e-11 5.9833673455612e-11 7.21255471081306e-11 5.06430070646073e-11 2.31499085541162e-10 1.80225939293087e-11 2.06571142487062e-12 2.47325915035503e-12 5.0835983288799e-12 8.18655390681034e-12 1.38436497683126e-11 3.81752982391619e-10 2.56328099621299e-09 8.35634772576843e-10 3.09061565864751e-10 5.73270824002117e-10 2.89733630381682e-09 4.50417693244507e-11 1.57004614266185e-10 1.12230571844095e-09 2.94076589947378e-09 3.7098714813768e-09 3.19771254151698e-10 1.46486593886383e-09 5.28846412144256e-10 2.68238442300488e-09 7.80652569283679e-09 5.36930230049038e-09 6.82273676468356e-10
3.70250668457744e-09 3.53146532551914e-09 3.58222289431705e-09 3.65137715320338e-09 3.08122400936604e-09 3.45516961441554e-09 3.77000967411252e-09 2.83535340514925e-09 3.40329929667802e-09 3.05917067699818e-09 4.13998697420521e-09 3.94455749516485e-09 3.40285606852905e-09 4.83712538751387e-10 3.27851188456151e-11 2.65763537485362e-11 4.50565511038757e-11 2.91137367700442e-11 6.78089943152351e-11 1.93558224017446e-10 2.36327024360471e-10 8.96082339641901e-12 1.05176052303106e-11 3.33572820423301e-11 7.02934451908884e-11 3.7446587201715e-10 3.66736240142574e-09 1.76935456870694e-09 2.92008682001351e-11 4.42217991028825e-11 1.15900188698179e-10 2.99449599013596e-09 2.06704886302305e-09 2.13112719565651e-10 3.72949730317236e-09 1.65252803793867e-09 1.86236460532828e-09 6.5464297308172e-10 1.41058154123377e-09 3.15866536671056e-09 4.55439056649432e-09 2.79722688992474e-09 2.57518509883307e-09 1.23930311977468e-09
4.82047870618128e-09 4.84996990873748e-09 3.52640282229569e-09 4.14399770172262e-09 3.66127339582831e-09 3.17935082520116e-09 3.14616062790562e-09 3.99475670041468e-09 3.17316551808117e-09 1.54220224245012e-09 3.28331996938769e-09 2.46626890265608e-09 3.58815299799311e-09 9.15488341453103e-10 2.37535012249674e-10 3.59884217827686e-11 8.73308664822441e-11 2.93148470017205e-10 1.23800664434449e-10 6.39404711076728e-11 8.27500975529957e-11 1.12486491227486e-11 2.5004984553534e-11 9.73937298166849e-11 2.95134983406548e-10 1.81320835669374e-11 1.18447695901783e-10 8.85717058981368e-10 4.19823876066139e-11 8.78010059863203e-11 8.10473598663346e-11 1.40117124168707e-09 1.69113099358181e-09 2.41838461038634e-10 2.83013456635889e-10 1.29580847880571e-10 7.20864263646331e-10 1.17635444152836e-10 1.27537456016329e-10 1.28047743647412e-09 3.13527487719178e-09 3.39126876841401e-09 1.79175739615681e-09 2.78840125823336e-09
3.62256275018501e-09 3.6557649502242e-09 3.51699097219007e-09 3.69010800348868e-09 3.06883083751601e-09 3.38704101942844e-09 3.18234307620527e-09 4.5437518311183e-09 3.51561688961107e-09 1.76757325061751e-10 3.53065384933256e-10 1.99691183338538e-11 1.30283116708817e-11 2.77663548108375e-11 2.91907868589282e-11 3.29828745687568e-12 1.56967364680192e-11 2.14159733747896e-10 2.38903935314597e-11 7.82392260994011e-12 2.21762364615806e-10 1.70892975155399e-10 1.69787448022855e-10 2.10047350881325e-10 1.50523805412806e-10 8.81221190775418e-12 2.02176197812658e-11 5.61398908122892e-10 3.04391078838331e-11 1.41719542830604e-10 1.39251024915911e-10 3.9967414949587e-09 8.70878695452172e-10 1.29743256737411e-10 1.17470076409521e-10 1.62594553212044e-10 1.2500531144922e-10 1.79651960280238e-10 8.8995307723904e-11 4.69847479577596e-11 1.17539487910649e-09 1.02068548346518e-09 1.66861415970414e-10 1.11905504049451e-09
2.78138620635668e-09 3.01522532737731e-09 3.17463628033345e-09 3.0203072133843e-09 3.4586031225192e-09 4.61600171569058e-09 5.06204371749626e-09 3.31249210951296e-09 3.34562090500081e-09 9.10465639097963e-11 2.58295481344561e-12 2.86136233243621e-11 1.65105506579504e-12 1.42516126545731e-12 7.44454355150427e-13 5.58738844742672e-12 1.13257044195984e-11 9.01643988510246e-11 6.87997061747324e-12 6.47319079197386e-11 5.1150384059391e-11 7.89387654442884e-11 9.30112387522623e-11 8.96321598465421e-12 1.10743730404533e-10 9.25566584821608e-11 3.36899626949198e-10 4.61120737635044e-10 2.58626895361685e-11 3.60799689325187e-11 1.42968273628938e-11 7.14055446576094e-10 1.37930836759033e-09 1.51512874632379e-09 7.33255941453247e-10 8.12893052476631e-10 2.12087895652673e-10 6.109115293712e-10 2.20977146229541e-10 1.04548432897942e-10 1.3693724228127e-09 2.45335601770587e-09 1.91935999809274e-11 1.15718174772129e-11
2.88675403233293e-09 3.28787732867855e-09 3.4855653785077e-09 4.21051668509974e-09 3.04599768075747e-09 3.01675000080174e-09 3.56963466458556e-09 3.30534154460627e-09 3.13466260993358e-09 4.26624944215751e-10 1.47898131786291e-12 3.72366732626822e-12 5.5311507812621e-12 3.51761494525598e-12 5.63260760008953e-12 6.42941556491878e-12 5.1186613179628e-12 3.1303449658295e-11 2.44765531528367e-12 1.1478695844379e-12 3.59033787447178e-12 2.36655119445603e-10 1.75344572517181e-10 2.68057459506635e-12 1.16519832520493e-10 8.87415896570009e-11 6.60961966796279e-11 3.15944101152997e-10 4.59137624443303e-11 3.39550259998264e-11 3.32307275803269e-11 5.1135554451951e-11 2.43203167039243e-10 1.37762015412355e-09 1.75106399315583e-09 4.89113836604739e-09 2.9310072488676e-10 1.18074159161078e-09 8.81911654045708e-10 7.09084869092084e-10 3.66450544403832e-09 4.15429007300363e-10 4.08618678789065e-12 1.04213494357775e-11
3.19961584700204e-09 2.47017852788127e-09 1.11531939792624e-09 2.29071374254322e-09 4.09663693262634e-09 2.95117308701161e-09 3.5014580249315e-09 2.63207399121828e-09 2.44543590276377e-10 2.12825878937702e-10 1.12353425433619e-11 2.6646484613335e-12 1.33888464501106e-12 2.28989456364386e-11 1.54454094605588e-10 1.4645412771626e-12 1.19500241076257e-12 2.08923832170033e-12 1.41026110189235e-11 1.15740847574847e-12 7.34671933437744e-12 1.31097365448777e-10 2.24309604818933e-11 3.71139519964725e-12 3.16793901671285e-11 2.98932294867915e-11 2.07491658952496e-10 9.67112364848972e-11 1.24715998297769e-10 5.8736933344184e-11 2.16264147707325e-10 9.94558820519577e-11 6.5902508035082e-11 7.35666183864083e-10 1.62103778456919e-10 3.14271984626845e-09 6.64124388975535e-10 1.64363955851123e-09 2.72552902465713e-10 1.63772140046803e-09 7.81860900570377e-10 5.14295936784174e-10 8.56848924771207e-10 2.031365054234e-11
1.65952716190513e-09 2.57426364615891e-10 1.70465365493866e-10 9.01440276980973e-10 2.83960504727694e-09 3.32112830276593e-09 2.12792818350862e-09 8.30227211202526e-10 5.79663132040466e-12 2.51920291717011e-12 2.08347495002323e-12 5.23304260559119e-12 3.30599221389033e-11 2.93208125914545e-11 1.09235869565678e-11 2.64805995419204e-13 3.30718437180035e-13 3.71895366279886e-12 2.75744565549233e-11 1.6330929467573e-11 5.15046024878794e-11 1.2321012046452e-09 1.29744675137171e-10 2.46209102794986e-11 1.32775017003896e-10 1.59925708828214e-10 8.24219915650318e-11 2.80657816786291e-11 3.92059222325134e-11 8.38553968314816e-10 5.4533286817537e-10 1.06494242539053e-10 1.4903469588881e-11 1.16833121408105e-10 5.662768600843e-11 4.05177257352613e-09 1.02240266904354e-09 5.33412351630848e-09 5.22568443353657e-09 7.20319140412467e-09 1.97230793852159e-09 1.38103402609764e-09 8.0432382822914e-10 4.38744236935768e-10
9.50864908204569e-10 7.51162578114481e-10 4.32120707290435e-10 3.55534888048618e-10 4.81005629722636e-10 5.07693719775317e-10 2.74967472857133e-10 5.54163427224113e-10 8.31954624457653e-13 6.30327972055714e-12 2.96470340471034e-11 4.75162202319347e-11 4.98307334675511e-11 1.22304535963231e-11 1.03471227760393e-12 4.06711331973519e-12 1.46481625139913e-11 3.83607173948493e-10 2.50269570639377e-11 2.35600545488063e-12 8.85702079134607e-11 2.56642030595368e-10 1.83301980067618e-11 6.68935446834951e-11 6.20802833751826e-11 5.88688094686167e-11 1.46657954001159e-10 2.05904055393138e-11 3.19174467287841e-11 1.00098911039102e-09 1.61421855934526e-10 3.58058480192563e-10 1.79267405875764e-11 2.36794215469547e-11 6.58710973175145e-11 6.09008569356015e-11 7.582684012837e-12 4.61559817161806e-10 1.40238099504304e-09 3.11011658905424e-09 7.48835952377907e-10 3.36746069267543e-09 3.9085118477292e-10 5.30003813063048e-11
2.62318005180142e-09 2.21023693528569e-09 2.80702667381362e-10 1.57189040497192e-11 1.42235899845318e-10 1.7788058852399e-10 8.46613359588838e-11 4.04855405343252e-11 2.16378702455027e-12 9.78636396979028e-12 4.34290201194701e-11 3.69661460952465e-10 1.33024921932456e-11 8.11222576475206e-12 1.46691349756612e-11 5.97905869849373e-11 2.66350409374936e-10 3.14912438061227e-10 1.56873808216978e-10 9.504794164308e-11 3.72661302672184e-10 4.35079946907035e-11 2.72413470554758e-11 2.25619138719623e-10 4.46368102425998e-11 1.94306136611464e-11 9.10925386303681e-11 7.12437275194822e-11 8.61610141430228e-11 4.8315476283404e-10 4.2881830834485e-11 6.50928649808417e-10 3.97396835008115e-10 3.66063743245518e-10 2.90132906620437e-11 9.08994198349098e-12 1.87147948181075e-12 8.69422886707728e-11 5.94388461897885e-10 1.46460310481424e-09 5.35221854054054e-10 4.35184890628237e-09 2.66111906148221e-09 3.84936039904396e-09
4.08933684709788e-10 2.74621118069165e-09 1.94549877464264e-09 1.35557052565913e-09 3.68585776326466e-10 5.0274044925933e-10 1.13027888299008e-11 1.00757621493616e-12 1.14283522270934e-11 2.67894036374272e-11 3.10453738039036e-11 7.43880900086873e-11 1.12800151187636e-10 4.60400336483657e-11 3.1840979102265e-10 1.53282580260606e-10 1.0267568051202e-10 4.13231779471008e-10 1.13692375083708e-09 8.44694804035691e-11 1.91047000471632e-11 6.73831869124696e-12 1.72263568743326e-10 2.40251602233939e-11 1.85919682670702e-12 2.69712600870539e-12 9.00088835678501e-11 2.83644565678776e-10 7.12288125831514e-10 4.44818601260279e-10 4.06256461258745e-11 1.55055270648221e-09 2.4948261167718e-10 6.19278390612027e-11 4.44570362842667e-12 2.95303133598675e-11 2.54922988862142e-11 3.50813466810692e-10 1.95134064194914e-09 1.33340141438486e-09 9.25509102607362e-10 1.0847448369838e-09 5.16031923493975e-10 1.06284143401424e-09
9.26529129914165e-10 2.83336570748602e-09 3.54285673885849e-09 2.70959050597245e-09 8.55190809294438e-10 2.40980432879913e-10 1.30159277742015e-11 5.92256963812318e-13 3.81964091003813e-11 2.42439435990251e-11 1.79050169061003e-11 9.25504160992728e-11 2.27757773833153e-10 1.72197750903018e-10 4.44972759487724e-10 5.74257551914023e-10 7.4000702518255e-10 1.13472811664162e-09 3.16732577122462e-09 2.37681277753032e-09 1.78143623044915e-09 9.09358869421561e-10 2.35131878589138e-10 6.78707774206441e-12 3.20272768517422e-12 5.65963648001796e-13 1.6498538064464e-12 3.06564563018304e-10 4.47875877044949e-10 7.50802385121022e-11 1.09778356725422e-10 9.94273085425226e-11 3.9940462689508e-11 9.70359510226644e-12 1.63900674506827e-10 7.64287387913563e-11 8.06804800736043e-11 2.66993367898706e-10 3.80556960855744e-10 4.80771998146597e-10 1.82317390174416e-10 2.23662527232981e-10 3.21922459708031e-09 2.95949724365318e-10
2.26005828511186e-09 3.06386875127411e-09 3.85072165265224e-09 3.36737853637947e-09 2.19740037242327e-09 1.4127560918207e-10 1.47204907502706e-12 2.82608470612299e-12 2.14170406848252e-12 1.33319785429145e-11 8.17386121750036e-12 2.18433343576075e-12 8.1939538102821e-11 4.30216587875339e-10 2.96987128843508e-10 6.17359942535574e-11 3.87130782906848e-11 6.97728897064625e-10 1.56530129573509e-09 8.06250624050096e-10 4.44746488508693e-10 2.8252045946075e-09 1.68775295803352e-09 2.96817694242362e-10 7.74977753935582e-11 2.54830830528253e-12 2.28633784777971e-12 2.39141620142365e-12 4.63093173190868e-12 7.09037864550353e-11 7.37727670929577e-11 3.61955668502949e-11 5.04480541620049e-11 1.20383010537986e-11 7.26357962199189e-12 1.82579349099769e-11 1.08890780798599e-10 4.68461223136915e-10 3.48047923026633e-10 1.11499245671644e-10 8.41642149871232e-11 2.60213543419011e-09 3.00996210545622e-09 5.25341518022308e-10
3.79366998822258e-09 3.04162291030099e-10 1.84709667499579e-10 1.67609358906451e-09 1.3094588947927e-09 3.92799019919166e-11 1.30130959989173e-12 2.14439923257719e-12 9.59216186166859e-13 4.30847822189653e-11 3.66584984124897e-11 4.22146682469169e-12 4.67714883561593e-12 6.23513890814338e-12 4.4093114466418e-11 2.28459311804929e-10 6.84232217005664e-10 8.38357165466191e-10 1.7853754713096e-09 1.32139085591158e-09 5.83284359297023e-10 6.85186487248157e-10 2.24138591668222e-09 6.03541832617466e-09 3.97138047534799e-09 6.37571388141008e-10 1.96062186054191e-11 1.01027821060819e-11 7.70997985470985e-12 1.40721515931196e-10 3.22806191386616e-10 4.8416397800541e-10 4.73009032687992e-10 1.54132349035479e-11 4.81031631758906e-11 3.88099990032003e-10 3.57563359197247e-10 2.13963594066884e-11 4.72997182629328e-11 6.10926624671433e-11 2.31756765621372e-10 1.71317341593849e-09 2.45073639191249e-10 1.41719235817615e-09
