Validation points/black/Daboia_russelii-black.asc
NCOLS 267 
NROWS 469 
XLLCORNER 376490.070567719 
YLLCORNER 381033.488324056 
CELLSIZE 919 
NODATA_value -9999 
[rows 60 to 79 of 469, columns 44 to 87 of 267]
-9999 -9999 -9999 -9999 -9999 -9999 3.81934886914471e-09 4.34725997274326e-09 6.38242151241691e-12 8.76762520932324e-13 1.66643812359786e-11 3.5057724312664e-11 5.02240166862904e-11 6.63369391083047e-11 1.12403197323137e-09 2.02224116210272e-09 3.44890955683163e-09 3.19777255742352e-09 2.46547814851606e-09 2.72357005931027e-09 3.17023997695965e-09 6.86850218615636e-10 2.31797527985906e-10 2.20213309145068e-10 8.00623527719904e-10 1.31859166303749e-09 1.36109358090432e-09 2.38727729949686e-09 1.17738122618042e-09 2.14791766773259e-09 2.51032647605047e-09 8.43436971310133e-10 1.02856156805869e-12 1.50576989047666e-12 1.06530367283497e-13 6.65247714588019e-11 5.27373122032123e-11 1.04197225567513e-09 2.47635571898718e-09 3.69446915006284e-09 2.82205376746997e-09 2.275256362414e-09 2.27303008105106e-09 8.26122759841878e-10
-9999 -9999 -9999 -9999 -9999 -9999 -9999 -9999 -9999 9.36243311960453e-14 1.09432747396798e-13 2.14058955741469e-11 1.50009559440669e-09 3.05276531373112e-10 1.24297546579133e-11 7.86926966236335e-10 1.99537463477832e-09 2.77364920403878e-09 1.56954786562333e-09 3.48598553921383e-09 2.60313447561665e-09 1.07275362737253e-09 1.20013522295196e-09 1.29754736949077e-09 3.97588564529958e-10 6.46326342540958e-10 8.87380716515489e-10 2.73830348126516e-09 2.23041979366093e-10 1.31185473463763e-09 2.63264318272017e-09 2.66746372486257e-09 1.70633948284164e-11 3.01954340775637e-11 1.49869637467873e-13 2.30464982469528e-12 7.16825215545993e-12 2.25471015575378e-09 5.48855427002852e-09 5.1843264773891e-09 3.85150697664257e-09 3.29856307513383e-09 2.1236518778307e-09 1.65328487089151e-10
-9999 -9999 -9999 -9999 -9999 -9999 -9999 -9999 -9999 -9999 -9999 1.50177839449544e-11 1.74567545256462e-09 3.09779118750765e-09 1.42634675228115e-10 3.93413105473617e-11 6.92351330441317e-10 1.2784290432731e-09 2.29340945911471e-10 1.50263907184954e-09 2.47471939821705e-09 4.96551190440862e-10 1.09292638944114e-09 6.89819505252928e-10 6.97621887063067e-12 2.38127489379309e-11 3.51375495653705e-11 5.26986077645926e-11 2.38388478988588e-12 4.73402726250364e-10 2.6110770414754e-09 1.96459458650256e-09 3.49389514926024e-11 2.65106124570056e-12 4.10640129849397e-12 1.68920863451462e-12 6.18879271515931e-13 8.38779360767947e-11 2.42021620667912e-09 2.68132109666493e-09 3.96280319349823e-09 2.3040649550816e-09 1.01731141103734e-10 2.02832860764136e-09
-9999 -9999 -9999 -9999 -9999 -9999 -9999 -9999 -9999 -9999 -9999 -9999 2.10189001060872e-09 1.52931367040085e-09 1.61539917442694e-10 3.15981871596215e-11 2.86587130266301e-10 3.57470190944877e-10 5.67129829598964e-10 1.12721479564542e-09 2.71561567004864e-09 1.65841058716939e-09 2.6417300842093e-09 1.95044022677667e-09 1.59768666448994e-10 2.9257735635617e-10 6.31235822203031e-10 1.91696429700395e-10 3.52562672901953e-11 7.79229999577758e-10 3.42177240256702e-09 2.33030483128048e-09 9.92080396188534e-10 2.74803943927542e-10 5.9466067821733e-11 6.61284568506228e-11 1.22975571204963e-09 1.90374661198411e-09 1.09594360610671e-09 4.58195427250328e-10 9.83828986685372e-10 9.79082495587151e-11 5.62857576252375e-13 5.61848887403836e-10
-9999 -9999 -9999 -9999 -9999 -9999 -9999 -9999 -9999 -9999 -9999 -9999 -9999 3.10559281764378e-09 4.50283142684536e-12 1.42518015078522e-10 2.6090129479328e-12 1.20095930367427e-11 1.11488708549626e-09 2.73969489397387e-09 4.03056716062404e-09 2.18991313512817e-09 2.40796633721845e-09 2.22380775642088e-09 2.58985203611133e-09 3.19653921856357e-09 2.14425805711863e-09 1.76696431848991e-09 2.54479300613793e-09 2.63698944474917e-09 2.98940235426076e-09 2.01919738944015e-09 2.33524395823403e-09 1.84882142910467e-09 6.4634899717862e-10 4.39402262014998e-09 3.27188500828271e-09 4.64805670809233e-09 1.3932270518539e-09 9.1590491670003e-10 2.26035692421341e-10 7.32999036781974e-11 1.32747800230999e-10 4.0662676245248e-10
-9999 -9999 -9999 -9999 -9999 -9999 -9999 -9999 -9999 -9999 -9999 -9999 -9999 5.29605904165221e-10 1.00735236791434e-12 6.27307345778211e-11 1.7218196280822e-13 1.41949825950175e-13 1.55949558726574e-09 4.53129359822738e-09 3.357015960767e-09 2.2959220449129e-09 2.71713427713867e-09 2.45245978893488e-09 2.48545926953693e-09 3.69966584205626e-09 3.07501752194073e-09 2.90216092992206e-09 2.66214683850032e-09 2.40559452297142e-09 2.74227478868974e-09 3.89271989911025e-09 3.23134070476415e-09 2.19473671288562e-09 2.6034143450894e-09 2.55799370390998e-09 2.1238394239662e-09 1.15361356983712e-09 1.85484895771775e-09 1.08719314844601e-09 1.9384365976616e-09 4.4240114318395e-10 1.3801834858589e-09 2.13970914443915e-09
-9999 -9999 -9999 -9999 -9999 -9999 -9999 -9999 -9999 -9999 -9999 -9999 7.19165593355683e-10 7.21513028915689e-12 1.13757433363755e-11 1.88962245372609e-10 6.12918446663283e-14 8.20937730171473e-13 8.3984595045757e-10 5.20569164249759e-09 2.24282960052954e-09 2.94747256299744e-09 3.59124931356047e-09 2.82484542296001e-09 3.35098969618766e-09 2.4083906799945e-09 2.64387780256856e-09 2.61654395844802e-09 2.86366994576008e-09 3.46344510987293e-09 2.40524506305453e-09 4.07312773360275e-09 2.96774483794954e-09 3.51154973909052e-09 3.94678302564026e-09 3.5095820644854e-09 1.15309937525239e-09 4.64524375938886e-10 1.71256431432756e-10 6.87185728354445e-10 2.66596733255509e-09 1.48070004848265e-09 9.84071401029504e-10 2.4696862336277e-09
-9999 -9999 -9999 -9999 -9999 -9999 -9999 -9999 -9999 -9999 -9999 -9999 3.54685852695033e-09 1.32913308141992e-09 9.44796637330296e-10 1.58405625636914e-09 5.6122196072902e-12 3.69632110880673e-11 2.35505838414475e-09 2.34942696283774e-09 2.3873315269019e-09 2.73895053061052e-09 3.77026153595584e-09 3.480634222508e-09 4.11811112734455e-09 3.55041274092605e-09 3.79447351990148e-09 2.46781892033305e-09 2.41367709940119e-09 2.47356085731356e-09 3.22101563238189e-09 3.37673295146464e-09 2.76189298743029e-09 3.24607564168746e-09 4.07777848230434e-09 2.86127218045233e-09 1.56396119489299e-09 2.55438879929497e-09 6.88095361879172e-10 2.98996583550396e-09 2.45715896084617e-09 2.68835369973465e-09 1.08157525197326e-09 1.77432810768672e-09
-9999 -9999 -9999 -9999 -9999 -9999 -9999 -9999 -9999 -9999 -9999 -9999 3.28237617954072e-10 2.01063832195496e-09 3.18180078584552e-09 1.75275458996894e-09 1.31594430505559e-09 8.77953724447056e-10 3.93608757750957e-09 3.64947895191032e-09 2.37285663167188e-09 2.51529965625529e-09 2.14839047312035e-09 2.39542522320161e-09 2.57016491982306e-09 2.40134422395856e-09 2.42750270467415e-09 2.38398465679717e-09 2.78236665898103e-09 2.38555065974854e-09 4.12879062154392e-09 1.16026509264172e-09 3.46941753953221e-10 1.09835462741244e-09 1.67561511515032e-09 2.97336096858569e-09 1.38255689350098e-09 2.68601229926966e-09 2.70310728561616e-09 2.40322705909975e-09 2.99705881632214e-09 9.72177876374896e-10 3.26712538225226e-09 1.43265994719039e-09
-9999 -9999 -9999 -9999 -9999 -9999 -9999 -9999 -9999 -9999 -9999 -9999 -9999 3.06156989726262e-09 5.2449798386045e-09 9.09188107667567e-10 3.01077658604339e-09 2.8131895685111e-09 3.30852408206374e-09 2.91473786142592e-09 2.36522595806059e-09 2.67810784204719e-09 2.77477197301683e-09 2.75165204598524e-09 2.40041309665294e-09 2.82901007280352e-09 2.4143529441764e-09 2.36935412890441e-09 4.00915193789644e-09 2.63501815664281e-09 3.5922532488488e-10 4.69787055222721e-11 4.57044118784838e-11 2.06351967191597e-09 5.86111657904608e-10 4.75299752415381e-11 2.15262821622088e-09 2.42735057287899e-09 1.7030084275985e-09 1.72548998812602e-09 1.00423560542727e-09 4.3296649283654e-10 1.99955933076378e-09 3.66294954627528e-09
-9999 -9999 -9999 -9999 -9999 -9999 -9999 -9999 -9999 -9999 -9999 -9999 6.86747283414227e-09 1.23352526100375e-09 2.5133181901006e-10 4.60137583804992e-10 2.12433975239926e-09 2.60095661704846e-09 2.31539298000644e-09 2.40641462236361e-09 2.74377407122316e-09 2.61249457932347e-09 3.06770777389867e-09 2.94474613621964e-09 2.61576964195029e-09 2.79922183734488e-09 3.37760366475925e-09 3.70313539145416e-09 5.5652802721257e-09 2.51291423366215e-09 1.95287144816436e-10 3.16515077138188e-11 1.47192043133587e-09 3.29634104774224e-09 8.72831718234226e-10 8.51913246462085e-11 4.22360437780914e-10 2.15249082930138e-10 1.17528821066166e-09 3.51455747012498e-10 3.11121705529266e-10 1.59071550016243e-10 2.44485001065726e-09 3.83769053316908e-09
-9999 -9999 -9999 -9999 -9999 -9999 -9999 -9999 -9999 -9999 -9999 -9999 3.3132186739859e-09 1.1669353238125e-09 2.43372132175578e-10 9.84865476193336e-10 1.3646445787944e-09 3.04673693869436e-09 2.53494556784596e-09 2.6844900404142e-09 2.87973764841809e-09 2.55981965176676e-09 2.56624501765457e-09 2.82806171145958e-09 2.6332671011432e-09 2.47332211207932e-09 3.12522177170683e-09 2.49620097636092e-09 2.95175328482159e-09 4.07937959784874e-09 1.34554328022684e-10 1.00366479879581e-11 3.30094325701954e-11 1.78114880107673e-09 2.43715815935024e-09 6.2225273555909e-10 4.75778292769709e-10 1.36108307647383e-09 1.29055161463037e-09 1.22658520607289e-09 1.11737176584577e-09 3.56320560656706e-09 2.67753450517472e-09 2.86310731882736e-09
-9999 -9999 -9999 -9999 -9999 -9999 -9999 -9999 -9999 -9999 -9999 -9999 3.47028328133393e-09 9.68733330368305e-10 1.22520968664476e-09 4.28527759332763e-09 2.7417228026179e-09 2.74473236119417e-09 2.42425018551233e-09 2.48118742127034e-09 2.52449966666565e-09 2.52471284971695e-09 2.45590188564006e-09 2.37012900836702e-09 2.7074213760061e-09 3.06934912362761e-09 3.46386146026346e-09 3.86521068528906e-09 3.00560460530395e-09 3.28259744023805e-09 1.77520799882893e-09 1.17864682298965e-10 1.03731735976393e-09 3.72813567211672e-09 3.34869381126737e-09 3.39694960692171e-09 4.10731657996388e-10 1.85207355643173e-09 2.57752583126316e-09 3.75966196167291e-09 2.98598405009077e-09 2.21995872275196e-09 2.42958171239673e-09 4.09383859164535e-09
-9999 -9999 -9999 -9999 -9999 -9999 -9999 -9999 -9999 -9999 -9999 -9999 3.71586897111922e-09 2.21452475533119e-09 2.65730204076317e-09 3.22992709437503e-09 2.55567717509527e-09 2.75143974454618e-09 2.37416012693242e-09 2.74462508568415e-09 2.62087040544592e-09 2.54647461380707e-09 2.49741775051209e-09 2.65133317224814e-09 2.68381483280636e-09 3.41954602696371e-09 2.57111469771448e-09 2.9913452587725e-09 3.6074271755421e-09 3.0833630575354e-09 4.27572815251626e-09 1.25480850601895e-09 1.17597719653612e-09 2.27082447186234e-09 2.92588316759851e-09 1.46483697917206e-09 3.55757059385222e-10 9.56691002600889e-10 1.50143729459391e-09 2.81623955759061e-09 2.82332668284988e-09 2.41358980704951e-09 3.24991670872607e-09 2.73772038272373e-09
-9999 -9999 -9999 -9999 -9999 -9999 -9999 -9999 -9999 -9999 -9999 -9999 3.55104652625268e-09 2.64669814956191e-09 3.73320841179736e-09 2.71798476320599e-09 3.9165148404452e-09 2.92372792542157e-09 2.15998725026242e-09 2.25445339802671e-09 3.00044833742966e-09 2.68600138523599e-09 2.79708507241437e-09 3.38193094976084e-09 3.72733865331835e-09 3.54286591937932e-09 2.42826966798144e-09 5.93599638218706e-10 4.38483353956044e-11 7.35457549839436e-10 2.71024094628369e-09 2.74878600723532e-09 2.36802277309992e-09 3.38758639613711e-09 3.98736239186912e-09 1.00463686609412e-09 2.83534295148353e-10 3.31087952081688e-10 1.70076601270203e-09 1.97664410999705e-09 3.59580961867932e-09 2.50111729722856e-09 4.15233532770132e-09 2.85381540532617e-09
-9999 -9999 -9999 -9999 -9999 -9999 -9999 -9999 -9999 -9999 -9999 -9999 3.66843313061323e-09 1.82876952305649e-09 3.59706381957317e-09 2.67467162027241e-09 2.32427299985783e-09 2.64857311845897e-09 2.53197381968355e-09 2.64070154597105e-09 2.42497299755973e-09 2.44386936731557e-09 2.99116353470949e-09 3.2487035465087e-09 2.53355834530505e-09 2.84711625358018e-09 2.58733893895516e-09 3.00297655410006e-10 9.9510459515735e-11 7.2163307073954e-10 1.92941091928543e-09 1.66411839770235e-09 3.47990636108563e-09 3.64916956330602e-09 2.98861278393432e-09 1.68695681287479e-09 3.72080218005987e-10 1.30016166916158e-09 5.19915813866552e-09 2.42296659684298e-09 2.95498004286276e-09 3.17989194024234e-09 3.04946034781509e-09 3.55160891227066e-09
-9999 -9999 -9999 -9999 -9999 -9999 -9999 -9999 -9999 -9999 -9999 3.6123734443452e-10 1.16108281397665e-09 2.55986427906601e-09 3.41597339421473e-09 2.85558303819729e-09 2.41882936119058e-09 2.54353411017339e-09 2.6789246247464e-09 2.64068296781478e-09 2.59455517336569e-09 2.61673246226497e-09 2.82885338196951e-09 3.40652943808427e-09 2.45443762229588e-09 2.95344605882852e-09 3.04574895590198e-09 2.73037624707139e-09 1.38370337846456e-09 1.80491814189975e-09 8.14294181952989e-10 1.64622116554159e-09 2.77340958586056e-09 5.79049379015381e-09 2.90169898838744e-09 3.24070373703877e-09 3.18368560473621e-09 3.39378068603011e-09 3.02552741073846e-09 3.638905879447e-09 2.47447799533167e-09 4.0853850553166e-09 4.57747890308712e-09 2.47160011705447e-09
-9999 -9999 -9999 -9999 -9999 -9999 -9999 -9999 -9999 -9999 -9999 2.21267520574576e-11 1.66957216987665e-11 8.64895680351246e-10 1.4394322902852e-09 1.3323511771953e-09 3.19391175553675e-09 2.66880142006915e-09 2.35741032689833e-09 2.42153098710304e-09 2.82472239153133e-09 2.73117966573151e-09 2.60096463776211e-09 3.11589836558251e-09 3.09639131778859e-09 2.51522575605433e-09 3.47051116121206e-09 4.37704760834234e-09 3.5943219005155e-09 3.34675642009484e-09 9.76525649625831e-10 4.1348553786374e-10 3.87244445830941e-09 2.4501391306945e-09 2.20594646022652e-09 2.93197322064447e-09 3.88937582993421e-09 1.77936630037387e-09 3.60454198931614e-09 2.74301037141677e-09 3.05792417238415e-09 2.71127193849227e-09 2.7808424079211e-09 3.35292244042076e-09
-9999 -9999 -9999 -9999 -9999 -9999 -9999 -9999 -9999 -9999 -9999 5.13536148452892e-11 5.7621599228138e-12 1.28834146337797e-10 1.07372320388978e-09 1.56040055726829e-09 2.92750721435506e-09 2.71528775218032e-09 3.18775673687905e-09 2.71335664371015e-09 2.93263671891615e-09 2.52675244234635e-09 2.88103668533487e-09 2.62006432284892e-09 3.79021332108319e-09 3.43055760685742e-09 2.92035655881913e-09 2.92132501843525e-09 4.41493677695957e-09 3.85878836716003e-09 2.3928283137314e-09 1.83150504941849e-09 2.37409119526246e-09 2.49018315754413e-09 6.44079208410705e-10 1.8399704253109e-09 2.61457090923961e-09 3.21606842452698e-09 4.45949767862694e-09 3.57636405880414e-09 3.66653780986423e-09 2.64530136584195e-09 2.83950624090837e-09 6.51408947829793e-09
-9999 -9999 -9999 -9999 -9999 -9999 -9999 -9999 -9999 -9999 5.79680483456129e-10 1.78069988969846e-09 1.69410778330747e-09 2.63507749290174e-11 1.47993688364073e-09 2.55299590703744e-09 2.33709190074715e-09 2.38967325546481e-09 3.24371656027258e-09 3.30755658482962e-09 3.38540561492613e-09 4.43278248517328e-09 3.69810267596737e-09 3.23162384499103e-09 2.47998405322299e-09 2.62739193926395e-09 1.08002853267469e-09 2.89650037067213e-09 3.17980630156926e-09 2.94273085792168e-09 4.05690206451164e-09 2.17912183111236e-10 2.8432967981936e-09 2.42826295328735e-09 4.92856099594352e-10 1.10355348107793e-09 2.89971581594742e-09 3.71881302037911e-09 2.1933079778677e-09 2.37909615935756e-09 2.4032358222904e-09 2.96249949800032e-09 2.55817525036105e-09 2.9505416621539e-09
