Validation points/black/Daboia_russelii-black.asc
NCOLS 267 
NROWS 469 
XLLCORNER 376490.070567719 
YLLCORNER 381033.488324056 
CELLSIZE 919 
NODATA_value -9999 
[rows 180 to 199 of 469, columns 88 to 131 of 267]
1.06376046115938e-08 1.1259513190481e-08 1.08424350001473e-08 1.44268953485145e-08 1.1322792344991e-08 1.06283878990324e-08 7.26148297861588e-09 3.36865887502874e-09 1.58585605185139e-09 9.65039228163145e-10 5.2681434233304e-10 3.90602059778907e-10 2.12881120518785e-11 6.22955902075495e-10 1.92278171559804e-09 2.28764035778239e-09 4.48475012042173e-09 4.91837033960834e-10 2.91595477505668e-09 6.3343811802323e-10 1.40874188294624e-09 6.63292359115973e-10 5.49685114291528e-10 1.18846274208359e-09 2.95438147074458e-09 4.88761382950795e-09 3.51135797711488e-10 3.2904691431229e-11 5.10906442817943e-11 2.48516918182159e-10 1.00802355011249e-09 1.86395800823662e-10 2.76777094528651e-09 1.33189443605944e-09 2.57434596478174e-10 1.73123864909487e-11 6.05953607966074e-10 2.83268695580352e-10 9.2243815232962e-10 9.71176990396999e-10 2.33277707506811e-09 1.84546894743195e-09 2.56307202170612e-10 1.05035406403768e-09
1.46165171195519e-08 1.06941167006737e-08 1.04829239961057e-08 1.06200614315842e-08 1.34288367509761e-08 1.06427808368533e-08 8.25910432523228e-09 1.21992758690822e-09 3.74781006178275e-10 1.21541200415191e-09 5.90255093324154e-10 2.62313038877666e-10 2.44075362007413e-10 6.02923452428704e-10 7.46772176571935e-10 3.06167930058876e-09 1.28634223683977e-10 5.49023686097475e-10 2.78059325281528e-09 1.82805446105268e-09 1.80291556973237e-09 1.44426149839294e-09 1.76613638521052e-09 3.40448812369444e-09 1.44267350888165e-09 1.23653319316445e-09 4.5125572730281e-10 2.84797122493256e-10 7.14300099298703e-12 2.18383133760482e-12 4.6310784320287e-11 2.34816840300837e-11 1.03421132217996e-09 2.35067404875405e-09 1.28079584619775e-09 8.83505825377425e-11 4.02721831968579e-10 2.5267442148229e-10 8.27195773348817e-10 2.03571766678804e-09 1.35789022148568e-09 6.24981957867592e-10 1.51726154271603e-10 8.09249278898981e-10
1.23678861318693e-08 1.0591045482739e-08 1.05569445309314e-08 1.11533774286369e-08 1.16520710950789e-08 1.44246327750517e-08 1.04761821894432e-08 1.33649445291195e-09 2.29293215593052e-09 3.8259676045353e-09 3.90096691465184e-09 2.32996131888323e-10 3.33708823672772e-10 6.36066928218192e-10 1.86530747453735e-09 4.24561203560459e-09 5.81517055071921e-11 2.52174079277747e-09 8.22633322993582e-10 3.12953032454502e-09 2.96225388534932e-09 1.50741009201996e-09 3.39093979493845e-09 2.80170638985223e-09 1.13851909696899e-09 4.33281050297447e-10 4.64196448815481e-11 1.24693599846581e-10 1.33474112652847e-11 1.94771434007741e-12 1.53426982347349e-11 5.26321253271433e-11 5.65443734587758e-10 1.63600947936837e-09 1.86855688827118e-09 3.12443833460109e-09 9.97293737967907e-10 1.58216146695606e-10 8.56278643295796e-11 3.22222170138962e-10 2.13325528684431e-09 9.48161263130348e-10 1.33486437310256e-10 5.4578176589731e-10
1.03914157152795e-08 1.05583535996994e-08 1.0851420401032e-08 1.67294687690829e-08 1.25354666319902e-08 7.8474144012484e-09 1.07103545579013e-08 3.92497464382701e-09 9.32958836047941e-10 2.13931536865061e-09 1.01127526352019e-09 2.58346173074198e-11 2.68395034857393e-10 3.08133960910035e-10 1.16116021646478e-09 1.6584059867946e-09 1.93029051211393e-09 2.85008328839699e-09 1.80784474535473e-09 2.84838396377242e-09 9.49122410309106e-10 9.52972435974355e-10 3.05402798942664e-09 4.3495451489432e-10 2.15317439619409e-09 1.99495412437024e-09 3.0918025887688e-10 1.06764864189725e-10 1.37689782233187e-11 1.34039315321462e-11 9.87943151143565e-10 1.37057604491286e-10 1.44413528786023e-11 4.91102594826439e-11 1.89085277891057e-09 6.6210222304124e-09 2.04283783232669e-09 1.85919930718505e-10 1.16111107855361e-10 1.34150895538039e-09 2.3288415479953e-09 8.61152554375707e-10 1.70916971176605e-10 1.15539119418153e-09
4.11533798070431e-09 8.19299035229525e-09 1.05906622148953e-08 1.2954544839916e-08 1.12564568490072e-08 1.09358510454283e-08 1.15417842226869e-08 9.82819811293704e-09 1.32172541934391e-10 5.83767156892924e-10 9.7055147690092e-10 2.3742698222806e-10 3.10648533312907e-10 5.30835064714216e-10 1.17707607210112e-09 8.78310724974891e-10 2.9911350392543e-09 1.99501663279999e-09 2.94325976058459e-09 5.02816998509882e-09 2.46921230435789e-09 7.63452514806192e-10 2.10342673622549e-09 4.72725142416961e-10 2.02372230235137e-09 1.44926972319179e-09 7.25680228531341e-11 9.32980608309039e-11 7.58151006396954e-11 1.71711486646687e-10 2.5470490628263e-10 3.34458286387876e-10 1.58211330705526e-10 1.83042133979926e-11 6.73787602326608e-12 3.42815180176362e-09 1.21667256910283e-08 3.04936069302891e-09 1.85319150023288e-10 3.0675967410706e-10 8.37260037488e-10 1.34556059597197e-10 2.91651867026617e-10 4.34118369010207e-09
3.04665483201781e-09 4.42357437282137e-09 7.69860461069911e-09 1.00678933269972e-08 7.1960556027362e-09 9.73623632602612e-09 1.4836356348641e-08 1.03855719935337e-08 2.59072774399598e-09 4.38998085943606e-09 2.42985575656812e-09 1.48580472103777e-09 4.17510662574351e-09 3.00724979714664e-09 5.26740755157471e-09 2.54339802506527e-09 2.16593356359239e-09 3.79324872129112e-09 3.4179115789433e-09 2.88494345410499e-09 3.74476526664854e-09 2.02080488360559e-09 2.73481430169496e-09 4.81393187463194e-10 4.37282050944576e-10 8.54050790318927e-10 5.13329387347003e-11 2.14399763198662e-10 3.192431552813e-11 7.35756613727337e-12 4.264122709823e-12 1.37122664300138e-10 8.83303717034352e-11 3.98403165878438e-10 6.24355375487509e-11 6.84519656402493e-11 2.80626943890292e-09 2.12081930016135e-09 8.2325628131614e-11 5.30628507564992e-10 1.33608508716725e-10 1.28822320468201e-10 2.60446450888987e-11 2.56870950046143e-10
2.85818254810581e-09 3.75393668665966e-09 4.94646545128399e-09 9.28891962695162e-09 6.9749952658214e-09 5.34916598249055e-09 7.16987627532188e-09 6.82347185542807e-09 3.3167595223105e-09 6.53851480069658e-09 6.59181377893801e-09 1.01373817096741e-09 1.3349378454529e-09 3.99383409792491e-09 3.54418698900154e-09 4.32527436204813e-09 2.99319244395957e-09 3.98836329354484e-09 4.10877037393381e-09 5.53973490750235e-09 3.21109535191013e-09 2.09921961218185e-09 3.41044119127736e-09 8.19990607672246e-10 9.47006078793751e-10 2.38334910653404e-10 1.44686568484299e-10 1.37817799044625e-10 1.35083901507579e-11 5.27808714006937e-11 1.38562301942235e-10 1.81986477183734e-10 6.94441436906597e-11 9.68514232817712e-10 6.07535847249449e-10 6.08516241899013e-12 7.11407790664944e-12 2.67947380698356e-10 6.71616519320976e-10 1.02696469896049e-10 4.28783175860909e-12 9.22475086712807e-11 3.57994055220366e-10 5.29025897123193e-12
2.03502392292913e-09 1.09001731421169e-09 9.57379155845653e-10 2.46409108814817e-09 2.62764087752818e-09 3.27767224097878e-09 1.85074742779378e-09 3.80715618625378e-09 6.97203105650063e-09 3.44195107660853e-09 5.39844888123844e-09 1.2098317595078e-09 4.96348175092735e-10 1.48345818579547e-09 4.836922249245e-09 4.02374760209984e-09 3.44258792130152e-09 7.86095398587067e-10 2.94190423520174e-09 3.06380301966148e-09 6.30805512792124e-09 4.74290194912247e-09 5.52720821987871e-09 2.12890821880797e-09 7.96413356512066e-10 2.49990469381435e-10 1.05497576515672e-11 3.11680056966537e-11 1.08674984899949e-11 3.84868932384814e-11 5.76114046679495e-11 4.41173128316399e-10 1.55881161486775e-11 1.02270033200096e-12 1.77756910104586e-10 3.27919538210357e-11 3.33403207693404e-13 7.23862829000042e-12 2.44523398030863e-09 7.36772513511265e-10 3.36498614996171e-10 5.23889032024128e-11 1.05646813553734e-09 2.87376668475275e-11
3.89249946513228e-09 2.19319438722302e-09 6.93443642156545e-10 4.95000210905814e-09 1.90612701170889e-09 6.27410613386807e-10 1.66405042632968e-09 5.2314575842512e-09 1.56384673078534e-09 1.884931488102e-09 4.99691745956257e-09 6.13004873342583e-09 1.07407446866224e-09 1.33164995234381e-09 4.66286888899074e-09 1.69966793278672e-09 4.04477770933015e-09 1.73251389253695e-09 4.89630798047887e-09 5.30192097810901e-09 2.90375988995556e-09 3.88326724651571e-09 2.72809298902747e-09 4.05608869300748e-09 1.12500408858549e-09 3.55430384490696e-10 8.93252288037406e-11 1.68992916326453e-11 4.55257883969285e-12 9.00830851217524e-12 1.69407519664887e-12 4.98242550927309e-11 2.47435014473226e-12 1.43473272596981e-12 8.92702547474954e-12 1.79836340179497e-11 4.66821602414394e-13 9.46233431156932e-12 6.6560945364976e-10 2.00058985866164e-11 5.43765426319629e-11 2.23084155994482e-10 2.3880552949628e-10 1.63534345802685e-09
5.09789851208554e-09 6.27301466555959e-09 4.42344102248469e-11 5.2502906729258e-10 5.98647374278523e-09 1.13263713168872e-09 2.50266293369142e-09 1.73429531308042e-09 1.53261032734531e-10 1.1327046377053e-10 4.44708441242311e-09 7.89304672413813e-09 4.14530466081519e-09 1.20380104891272e-09 1.08655237008553e-09 3.19860414464267e-09 2.51984171290312e-09 1.28233335272852e-09 1.4224164434623e-09 5.05402840242251e-09 2.83758812499039e-09 1.90205827087324e-09 2.89001313398507e-09 3.5448550053093e-09 2.55101600999654e-10 9.05826740342094e-10 3.69486513629366e-10 4.59461803679669e-10 2.81788473640144e-10 1.13808917064384e-10 2.84647435113705e-11 4.57645753200892e-12 5.62753606275467e-12 6.61403169588676e-11 3.80020592702537e-12 1.2077224855898e-12 9.6149057196096e-14 2.98696910865041e-12 9.49551666106387e-10 6.06720569646937e-11 3.24488985764424e-11 1.61222077772628e-10 3.6650505302432e-11 1.6666202560351e-10
3.63292725527085e-10 5.80930568849448e-09 6.25612180336537e-10 1.40237893634013e-10 4.15369720356555e-09 1.92520466159987e-09 2.01572849451014e-09 1.79586991913058e-09 7.03055500747056e-10 5.3622139181789e-11 4.50806837330405e-09 7.34886897722922e-09 7.33651818218205e-09 2.85987078209282e-09 3.74305107460202e-10 2.63673368727252e-09 2.12131689405782e-09 1.19201005765359e-09 1.14556927064145e-09 2.54178016202162e-09 1.53501501221266e-09 1.7687255082552e-09 2.70903738076988e-09 2.48318249380969e-09 1.61473446636955e-10 2.57656492246421e-11 6.2222133115888e-11 1.02066736841266e-10 1.15103285670768e-10 7.32602110064856e-10 9.64642080693944e-11 1.31220593584503e-10 1.78600437703344e-10 4.57718389602343e-10 8.30433517374007e-11 2.37032251606698e-11 2.02263034269245e-11 1.43950319123511e-11 1.9081083725743e-09 4.24458545164828e-10 5.17252738738891e-11 9.01529282385745e-11 1.21134370687406e-11 6.38147582215413e-10
5.22134447510823e-11 1.25730937635668e-10 1.34673665085534e-10 1.19726142308652e-10 2.52681932776593e-09 2.06388987010297e-09 2.39355985510867e-09 6.49600419405101e-10 1.72747148964757e-09 6.2410046520585e-10 4.46519817240999e-09 5.53849870669044e-09 4.10840637776209e-09 1.436959791635e-09 5.72703278328184e-10 2.32159563447459e-10 2.08964198663034e-10 9.67770452859632e-11 9.09905058625524e-11 9.29162792232968e-10 2.05965929659516e-09 4.28256565285511e-10 1.47095754282467e-09 1.20675164366851e-09 7.86503222763138e-10 4.01261215916791e-11 2.0346023385107e-11 2.35749323014307e-11 8.54109044212961e-10 5.19832912944459e-10 9.57374337769268e-11 6.33056378306306e-11 1.66186288962053e-09 1.83952784042505e-09 2.16710598207121e-10 1.5933840494499e-10 1.13547497882541e-10 2.4452299257152e-11 5.25288605450035e-09 8.99948936770115e-10 4.15928338137197e-10 1.92258596054073e-11 4.53390171927654e-11 3.1245083007653e-09
5.87412433490827e-13 2.29320147876351e-13 2.14457033371251e-13 2.20805979470955e-11 2.74931093141938e-10 2.77004654746785e-09 7.53565008556885e-10 1.02954608754171e-10 1.20464124340477e-09 3.09151594291097e-10 5.85411453809779e-10 3.15423655857045e-09 2.13068871223385e-09 2.6684306003194e-09 1.54686728948705e-09 5.57403380807715e-11 1.7419546208702e-09 5.61897397937839e-10 2.36574401068977e-11 1.09624163565335e-10 2.23789849770768e-10 2.18450771723269e-10 9.37658723076534e-10 2.13257362293568e-09 1.57554668905406e-09 3.23151396316534e-10 4.27329157705465e-12 1.22626160189306e-11 5.87912006022769e-10 2.39993417504114e-11 3.60885191571798e-11 1.84542590932885e-10 8.56516486281236e-10 2.44116430825957e-10 8.84019102224501e-11 7.55683954600739e-10 2.67776568960762e-10 2.12451884881772e-11 2.46243085733904e-09 6.46856984834033e-09 2.07624225302059e-09 2.54541631174197e-10 1.26374932195802e-09 2.64806252750333e-09
8.23763936995214e-13 1.15994998078721e-13 4.72237915454927e-13 1.46540390892354e-11 3.38892751253112e-10 2.18725792193735e-09 2.80688553563991e-09 1.00912017375508e-09 1.36415002982096e-09 2.37240563658272e-10 4.14145756551605e-10 1.84417761369473e-09 1.23054792859329e-09 8.29148327114613e-10 2.8378546549219e-09 3.01277590982938e-10 2.38692077018008e-09 2.715529005376e-09 2.10520124096404e-10 2.39946610525754e-09 3.06930199086692e-09 4.63066214647722e-10 7.86031202783064e-10 2.26362091719036e-09 2.63834312846257e-10 6.22344804697213e-10 1.4455973068678e-11 3.01064778269574e-11 2.75650442044294e-10 1.4852060347005e-10 1.46890750786335e-10 3.71993229967629e-11 2.06414576271808e-10 2.11373821407992e-10 6.70592209813709e-10 1.48409928923529e-10 5.21656139266698e-11 1.40240180675901e-09 4.38285551654681e-09 7.37164160882869e-09 7.45052290150429e-09 7.57453188822599e-09 7.55201244103623e-09 3.50134380196281e-09
7.63034029837167e-12 1.63163492505308e-11 1.1782698063997e-10 2.06953997734716e-10 1.83996992704832e-10 5.61923067291046e-10 5.110995320804e-10 7.52606595645057e-10 2.99330736188688e-09 7.37354667045361e-10 1.5316172803305e-09 3.69204986786822e-09 1.69456793117827e-09 9.706331505867e-12 1.28364259593884e-11 7.32043833535442e-10 1.58172368230734e-09 2.84262754984215e-09 8.12111457838929e-11 3.13772013696807e-09 5.17599478003849e-09 1.11076086545084e-09 1.31278412941825e-10 9.33719696374021e-11 6.22562020074292e-11 6.08446124279221e-11 1.57666284096952e-10 9.24279294975074e-10 6.19591428822869e-10 1.26494645918275e-09 7.86772141232981e-10 3.05278498747923e-10 1.99171178332408e-09 2.67616759386314e-09 3.10980894286344e-10 6.85671857810899e-10 2.59395608862301e-10 2.26496482421021e-09 1.72765919330723e-09 3.95046647771657e-09 7.5132033273959e-09 9.4093272943548e-09 3.44773808905937e-09 1.45068319963381e-09
1.01278421499002e-09 4.49418622719399e-10 2.31093153976251e-09 3.87719872442753e-09 1.15941517904269e-09 2.77779325125611e-10 2.44411039592216e-10 2.66395474838178e-11 1.96928674920652e-10 1.00449586592272e-09 4.08047010878919e-09 2.89402279110977e-09 1.32437717998835e-09 2.60063013221497e-11 3.53267607781951e-10 5.32992509258975e-10 6.6716373560275e-10 3.13379738633239e-09 2.62088756598324e-10 3.10312827085601e-09 4.47299279071235e-09 8.71639351930517e-10 3.19176751768976e-10 7.18385280736662e-12 6.42641421049559e-11 2.09325654773345e-11 1.51005502263348e-09 1.47675891547665e-09 1.70608941682806e-10 1.92637902165509e-09 6.54871565982382e-10 1.93000859717161e-10 4.61178940468481e-09 7.28401755316283e-09 5.69495027644826e-10 9.91802684059909e-10 2.22600108763783e-09 3.75792893479079e-09 3.2650113646422e-09 4.2700270927308e-09 4.77183480698001e-09 7.53727929487984e-09 1.88668150416644e-09 1.39080431984373e-09
3.88380817891793e-10 1.64985933175355e-11 1.5858769547656e-09 1.02206156055149e-08 2.02436182571168e-09 3.01952510325388e-11 5.10780835536518e-11 8.44183684815024e-11 1.01332934116661e-09 2.2356895938175e-09 2.99087099186834e-09 7.06227358676628e-10 5.44601383919402e-10 2.08364282823761e-10 1.06669032812597e-09 9.02628820028186e-10 3.15667224375978e-10 1.04535428511292e-09 5.36095413147683e-10 2.46435757276609e-09 1.3411619694567e-09 6.12557186116506e-10 7.34192094489469e-10 3.85070544257494e-11 1.06928970441176e-11 1.38512904361853e-10 5.37572425743976e-10 4.41481751533283e-10 1.01012874351694e-09 3.66027237027414e-10 2.30757885128454e-10 6.32643186350704e-10 2.58761071400556e-09 1.84227031462811e-09 9.79919814967985e-10 7.72075249737538e-10 1.36959591493315e-09 2.90488917203711e-09 1.10105952845231e-09 3.40062416284694e-09 2.79471798070605e-09 7.33427894198102e-09 2.4973496960271e-09 1.7993423198524e-09
8.80377197362932e-12 1.03927686260138e-10 3.67726266338256e-10 6.76708210353921e-09 1.37835426918381e-09 3.94212809685775e-11 1.86374119113164e-11 5.14706987819656e-11 3.12486070791425e-10 4.21999712754155e-10 1.08606759320904e-09 6.41473815209579e-10 3.80414896578621e-11 6.51341425777432e-11 3.66466570821915e-09 2.4069153489199e-09 6.55314920388624e-10 2.60836569055776e-09 4.16460111971933e-10 1.72869957919209e-09 1.67106163368451e-09 4.99051029941258e-10 9.26578303673139e-11 6.22013655098085e-10 6.30999713405675e-10 7.33656982361495e-11 1.56366786043992e-11 9.15160736705192e-12 4.77245682936106e-11 6.94177465468502e-10 6.07068988997733e-10 1.35818606457873e-09 4.59797243310343e-10 2.60639744346223e-10 1.56374971420374e-11 3.86549841165792e-10 1.01156051500149e-09 7.12432566736612e-10 8.60077701846044e-10 5.31276788154184e-09 3.0382237871549e-09 3.9188582316943e-09 5.83248027451655e-09 2.8040703817306e-09
2.05073520900153e-11 2.95508952407611e-09 8.51008378057208e-09 1.63870346729108e-08 7.58124524798418e-09 7.93826555757944e-10 3.40041531277858e-10 2.16183950332019e-10 2.6509001289385e-11 4.07808789975549e-10 2.36643291343178e-09 3.12987091024299e-09 1.51488609619458e-09 2.51929175212229e-10 1.17240413510379e-09 1.46719578486956e-09 4.06223682564884e-10 2.42134445775659e-09 1.03146495141829e-09 8.13000946379121e-10 1.81643778890093e-09 1.422367796859e-09 9.09281315404145e-11 2.12384388018986e-09 1.96012233640506e-09 1.51608584607603e-10 1.3133546370779e-11 7.60180873945656e-13 1.52704891273029e-10 2.24332780678343e-09 4.99605920573352e-09 3.2485292513854e-09 1.63828987190698e-09 1.93395316425455e-10 5.14532715921576e-11 7.41733983666548e-11 2.37666406226983e-09 3.09887166209977e-09 8.41780489380742e-10 5.57800242012065e-09 1.3602204152976e-09 1.69662310873796e-09 3.5576285564555e-09 5.34066576660731e-09
8.24084156157188e-10 2.70615299318062e-09 4.24852981960807e-09 5.59911282535949e-09 9.13054914416768e-09 5.84159519184815e-10 7.52911865290047e-11 3.81588433072217e-10 3.15115929667325e-10 9.6827860591837e-10 2.79102120450387e-09 3.57116407698004e-09 1.54166624408028e-09 3.850027493716e-10 1.08438300093803e-09 1.69193808969452e-09 5.6784762874722e-10 3.64218933249977e-09 3.05333802179926e-09 4.6674973369939e-10 2.36051338790614e-09 1.034781629298e-09 2.93794455350729e-11 2.11436519802965e-09 2.19624545265653e-09 2.04967983465286e-10 6.83151489626666e-12 1.38120892884586e-10 9.47928386757184e-11 2.96825042966975e-10 3.88511562009661e-09 4.1363327993111e-09 8.99957290852767e-10 9.25996634500886e-10 5.06488289499667e-10 1.00841576569744e-10 1.18857081044857e-10 2.34360235746286e-09 9.74174911982906e-10 1.39381531981123e-09 1.17148419746457e-09 2.50692653921642e-09 2.37986046126415e-09 4.66714399792859e-09
