Validation points/black/Hypnale_spp-black.asc
NCOLS 267 
NROWS 469 
XLLCORNER 376490.070567719 
YLLCORNER 381033.488324056 
CELLSIZE 919 
NODATA_value -9999 
[rows 380 to 399 of 469, columns 132 to 175 of 267]
9.99172739008546e-09 8.13315515641021e-09 6.85643622945743e-09 3.24703665740264e-09 6.45899974318538e-09 4.84457528321649e-09 6.48952361874956e-09 4.53246440592117e-09 5.82392859700223e-09 5.18920349815457e-09 4.35524779364396e-09 3.96914314552933e-09 2.93054057051942e-09 4.05443272207573e-09 2.8584578436001e-09 2.5250930111996e-09 2.80526408305893e-09 3.1651974548451e-09 3.41391166777835e-09 2.32741894247068e-09 1.47470825940606e-09 1.66648575776622e-09 2.90704551048906e-09 2.77903169429435e-09 2.90591768841983e-09 3.55848817167729e-09 2.75969654365725e-09 2.28300953659365e-09 1.87214407010202e-09 2.0006782630539e-09 2.49021775455346e-09 1.63281263296506e-09 1.44301202972018e-09 1.86223196848308e-09 1.87039193548436e-09 1.69782475770626e-09 1.48456727077327e-09 1.71836426423533e-09 1.27934343653693e-09 1.65209606789245e-09 1.63843260318452e-09 1.96466417993102e-09 3.09970782479387e-09 3.58437758713327e-09
7.13223209804951e-09 8.80439787396412e-09 6.40077954878564e-09 4.36112305047784e-09 6.21639401056622e-09 5.69151134927157e-09 4.61346170216706e-09 7.28115803420465e-09 7.40102511880602e-09 3.13858274782304e-09 4.04060526641264e-09 3.6004250638921e-09 3.75860382092986e-09 3.21020369600995e-09 3.80780994046281e-09 3.70428791899649e-09 6.59197221308323e-10 3.24671260521118e-10 2.04693780426574e-09 1.77133143640981e-09 1.93000569599152e-09 1.60243820516249e-09 2.58286665581933e-09 1.72364347618684e-09 1.91383161172588e-09 3.47886408226308e-09 3.17015320022489e-09 1.54196068950352e-09 1.54179330986398e-09 1.47486226880045e-09 1.73954097813124e-09 1.16885838502142e-09 1.855090711409e-09 1.71259819073258e-09 2.27288367121826e-09 1.2742479907733e-09 1.14333366445655e-09 1.72752613357288e-09 1.65325394286724e-09 1.82240820507828e-09 1.40062450438262e-09 1.99790223826814e-09 2.16681634508226e-09 2.88832080047094e-09
6.19801773485638e-09 7.34050959683059e-09 3.60060174938534e-09 5.38795164696689e-09 5.07326337567731e-09 4.72184550026778e-09 4.66345984689923e-09 8.10580347130888e-09 3.99078881627109e-09 3.17699961056051e-09 6.61202026047095e-09 7.35392505360502e-09 5.70713769978937e-09 3.96887234687787e-09 4.13103953136117e-09 2.02979522699338e-09 7.5085877153138e-10 6.56370465635832e-10 1.30269401897038e-09 3.31444729431383e-10 7.40065394664875e-10 1.22639495290319e-09 1.73237224188319e-09 1.59530100365564e-09 1.69795452089585e-09 2.31846538351982e-09 2.88050848766442e-09 2.52299946594639e-09 1.37371752714372e-09 1.13199172982841e-09 1.50402401972204e-09 2.19730209534941e-09 1.53033936229345e-09 1.26502517922936e-09 1.34389142134003e-09 1.87914820896923e-09 1.4579488085861e-09 1.21481177924724e-09 1.86643741059692e-09 2.12306175109318e-09 2.87449663506813e-09 2.54029771064531e-09 2.49092905145778e-09 2.86008827356835e-09
9.09529986618732e-09 8.26782988120094e-09 6.47313977879231e-09 5.57409690454526e-09 8.31228708923095e-09 9.22484284059621e-09 8.57346893531139e-09 6.2820314929306e-09 6.86996647238872e-09 5.8388844829929e-09 4.03288631632355e-09 7.06421232112195e-09 6.88086227901908e-09 6.71077727693911e-09 3.81877560580915e-09 2.69496378189094e-09 5.66418254757721e-10 1.68643523828372e-09 5.02658854606503e-10 5.19047263101217e-10 1.80967154390745e-09 1.88497944446497e-09 2.19482412690834e-09 1.95867891527588e-09 2.43279743197873e-09 1.41129001003357e-09 1.86413274322576e-09 1.38420098895737e-09 1.98521723552413e-09 1.4068468799514e-09 1.47846350442468e-09 1.86702557150415e-09 2.72458538647774e-09 1.75140002056583e-09 2.04562314487428e-09 1.98566392746892e-09 1.35192656227074e-09 1.72585339452605e-09 2.09158662868182e-09 2.01145073755338e-09 2.71547727214421e-09 2.33451236245874e-09 2.23957890821285e-09 2.63054975870195e-09
1.38569134622984e-08 7.66506570642332e-09 6.65886208401842e-09 5.28986040030522e-09 7.60328698693703e-09 8.16604657581153e-09 8.82886285262214e-09 7.28304413913341e-09 1.13716654125896e-08 4.8585954494854e-09 4.36365538886688e-09 6.62175276678261e-09 5.77553198428422e-09 4.35407019951931e-09 4.28041497415014e-09 2.54590396291859e-09 1.30346314560391e-09 2.90315984041688e-09 2.06228820899631e-09 5.60935163480553e-10 1.27672416905176e-09 1.90258034106629e-09 3.60717920384446e-09 2.30037120177196e-09 2.35735606756451e-09 2.74801660760867e-09 1.72174946199128e-09 2.23124395913917e-09 1.64156112418267e-09 1.54056049102826e-09 1.24288537034459e-09 1.10839509983037e-09 1.29720099085064e-09 1.7390401916314e-09 1.94422804462172e-09 1.98575989788609e-09 1.84626058727948e-09 2.18565534729473e-09 2.3298491508509e-09 2.03277045058108e-09 1.5964297433002e-09 2.44932292743907e-09 2.52796552948811e-09 2.34257530204512e-09
7.16149409488393e-09 1.09922676002451e-08 1.2555635165617e-08 1.26024386300411e-08 6.45171829312776e-09 7.99534045230634e-09 9.87722698538113e-09 6.41315045772107e-09 8.01817162792659e-09 6.90459151050693e-09 5.20853617984241e-09 6.66004291289179e-09 5.95162954314587e-09 4.96402089059827e-09 4.03884348659788e-09 3.41719779180222e-09 3.58135738723937e-09 3.34482821332897e-09 3.30403496251784e-09 2.98909634501653e-09 3.9016082223214e-09 2.94961277987794e-09 3.30794841061264e-09 3.94450544821913e-09 3.66478084435232e-09 3.0543024764419e-09 1.8271216286299e-09 2.11398016511687e-09 3.55037191009602e-09 2.20049700844389e-09 2.7074492449064e-09 2.27637411601171e-09 1.12608945470178e-09 2.04920467254098e-09 2.14505971695008e-09 1.33501066355573e-09 9.02765731297223e-10 2.15319277998785e-09 2.4662498964476e-09 1.74784743820412e-09 2.12632916161147e-09 1.89563568731583e-09 2.96085279106629e-09 2.59152075118714e-09
1.11770908498368e-08 1.21691177325341e-08 7.28269151568555e-09 6.76803560324291e-09 6.57022773480826e-09 1.16826988662602e-08 9.21992959791464e-09 7.45254939159872e-09 9.08483016315922e-09 7.17514322063913e-09 7.44383075586974e-09 6.8299738456361e-09 2.53401889627585e-09 3.08834975582543e-09 3.91046572732124e-09 5.68249547031262e-09 1.68294980736082e-09 3.16932151524664e-09 3.54474835284828e-09 3.52940309266346e-09 3.09391148926247e-09 2.29100945909558e-09 2.70101456512667e-09 2.94887625935516e-09 3.5785117172573e-09 2.78155001051083e-09 2.67547879446853e-09 2.47964708456984e-09 2.85280028833622e-09 3.21428439170586e-09 1.84992597514081e-09 1.65137585350075e-09 1.31072376602617e-09 2.10112480877153e-09 2.1228304228812e-09 2.71143596198629e-09 2.0178274403625e-09 2.28292942273204e-09 2.13060983372369e-09 3.16585780761951e-09 2.3501692776739e-09 2.02290638343799e-09 2.37616584011202e-09 2.38843653396508e-09
1.09376636712387e-08 6.84974507137394e-09 8.32700675922412e-09 9.95508716098015e-09 7.22487886448951e-09 6.19524961795736e-09 8.07843131361888e-09 7.96606213503332e-09 5.90948330263793e-09 6.5603980789502e-09 7.36278852108248e-09 7.46360012578251e-09 1.66388480753534e-09 2.91184700656047e-09 4.13158566051983e-09 9.46539281456576e-10 7.70522087889078e-10 3.93192230409903e-09 4.38735744294543e-09 3.23974480255998e-09 7.35504564543741e-10 3.13141657171226e-10 1.53982196654818e-09 2.56115060484056e-09 3.39641461846902e-09 2.23655963161986e-09 3.21622788085767e-09 3.17146955420715e-09 2.69140653391018e-09 2.70901211600104e-09 3.53125800788877e-09 1.56949116205903e-09 2.4393279225858e-09 3.64123781630191e-09 2.71677276209264e-09 3.0466068440426e-09 2.98003611958378e-09 2.06537327898867e-09 1.18772440074124e-09 1.84814694775047e-09 2.67500021577689e-09 1.69179626660243e-09 1.18846095209337e-09 1.74719928163813e-09
1.16846876466878e-08 8.27416666033098e-09 1.10161887615321e-08 8.88022445466873e-09 9.8819282041431e-09 1.01129365763854e-08 1.03705170046248e-08 6.17908967695902e-09 6.71674457852358e-09 9.02068370299651e-09 7.57876225443337e-09 6.83764508557793e-09 4.64896335039204e-09 3.99772796204211e-09 4.68594231375268e-09 2.02646190741366e-09 2.14680864794818e-09 3.7544623170093e-09 3.90548605360254e-09 1.23335551952377e-09 1.56883253356732e-09 2.31314633879336e-09 9.86508384722848e-10 1.53480663376699e-09 3.86428162143138e-09 4.07140111857034e-09 4.14695843603127e-09 2.60283799803377e-09 2.71322951841706e-09 3.21326571268342e-09 2.30818388265049e-09 1.00971289117097e-09 1.86599230485573e-09 3.28761344814169e-09 2.89898437494e-09 2.14142702981978e-09 2.09022284736058e-09 1.88183876884513e-09 2.42020073705128e-09 2.33368909166203e-09 2.53245484772775e-09 2.26874775208148e-09 2.12832725874214e-09 1.88037483281745e-09
8.32417827557631e-09 1.0266937332149e-08 6.44307953779037e-09 5.60439494805589e-09 8.96567372141723e-09 4.86482500860001e-09 7.58104361946473e-09 5.47850875673928e-09 6.76371482358343e-09 4.42966368897235e-09 3.70535018765836e-09 4.69911820540158e-09 4.58971591021164e-09 3.90487956517729e-09 5.65531521728395e-09 3.46297830079539e-09 3.98540815160315e-09 4.19073138142012e-09 3.90461640921134e-09 1.81365914903387e-09 8.62752584118569e-10 2.45056732500793e-09 2.88518555980417e-09 2.89418944706853e-09 3.76565302157501e-09 3.21581637987126e-09 3.29144303167015e-09 2.97486319542682e-09 3.1250240202534e-09 3.08775040952798e-09 2.5786179482343e-09 2.02705319421876e-09 1.57964646023667e-09 2.28064780521302e-09 3.18138897990601e-09 3.07399987339625e-09 2.32485656255209e-09 1.87429684306059e-09 2.53045055281449e-09 2.43106370375324e-09 3.1255871238188e-09 1.58375779097059e-09 1.50416605999338e-09 7.06108570482344e-10
9.20965815958506e-09 6.36065013402098e-09 9.03446266873708e-09 7.94052719526606e-09 6.91954840636815e-09 5.7425959155106e-09 4.34404984601622e-09 5.00130240398383e-09 6.4620366071046e-09 6.42607120231498e-09 4.77153401087802e-09 3.84318268580399e-09 4.21041177802464e-09 3.3062944958727e-09 4.56896293586215e-09 3.30340622142712e-09 3.04813925658238e-09 2.25977904733895e-09 3.00680649967561e-09 2.82755696432474e-09 1.62035526107436e-09 2.23284794136854e-09 2.93798124122407e-09 3.0484871988925e-09 3.71092937519008e-09 3.54426943985912e-09 2.76417883059826e-09 2.21719511809323e-09 3.50905588245253e-09 3.57468352052419e-09 3.10155942022577e-09 3.08188683900478e-09 2.74877355613098e-09 3.54001935287815e-09 3.53187947994596e-09 3.37299592199732e-09 2.75266449402292e-09 2.37170324264297e-09 2.56698136851868e-09 2.44623819750308e-09 2.17703466993442e-09 1.78987804065748e-09 9.78657737358672e-10 1.97363022702571e-10
6.16268058508223e-09 7.3043650629343e-09 7.33759466825612e-09 5.68394490996257e-09 9.15198441736797e-09 6.52535538563523e-09 4.09484284668258e-09 5.66092602221468e-09 6.56846761795623e-09 5.20736717952829e-09 5.06814526824822e-09 5.74518125037148e-09 5.32461752159982e-09 5.28239748059244e-09 2.90945115750574e-09 3.12747545264812e-09 1.90453992113426e-09 2.5549447669397e-09 3.36971180376804e-09 2.74476519822434e-09 2.29504434035607e-09 2.19837199758767e-09 3.04698487468133e-09 3.00634805887676e-09 2.87763788520924e-09 3.9741250780281e-09 3.15983782368314e-09 3.17952987546277e-09 3.51671687617242e-09 3.51266486399486e-09 3.05160725222499e-09 9.98842785444794e-10 1.38291207014896e-09 1.91338619802687e-09 2.32090298354706e-09 3.02984978046839e-09 3.06819705713045e-09 2.98508194296647e-09 3.13800959439591e-09 2.32052485982895e-09 2.03546529035114e-09 1.41931341580698e-09 9.6521342756941e-10 5.15962619775115e-10
7.93150386673291e-09 9.23445473369974e-09 8.04814944912568e-09 5.29674215093536e-09 6.98974314801893e-09 3.6626348786401e-09 4.35953037675919e-09 3.64004253889177e-09 4.70385728512217e-09 3.03791998086921e-09 4.5051622286229e-09 4.15215070231014e-09 5.69436689958514e-09 3.31523738728735e-09 3.11391309362133e-09 2.56862688868521e-09 2.43982679746006e-09 2.71436510025223e-09 3.0573286930464e-09 2.21525588781142e-09 2.85500615310027e-09 2.81215752970636e-09 3.8505786103568e-09 3.32442922545145e-09 2.80415490425393e-09 3.67024684452861e-09 3.38017046136189e-09 3.53509285295692e-09 2.83680021790634e-09 3.06399015193452e-09 3.25985098011721e-09 1.51385752170199e-09 1.96092389233909e-09 1.68958334779463e-09 1.99774801968467e-09 2.14295439104511e-09 2.31647351976946e-09 2.67232353347968e-09 2.52746700637294e-09 2.22456386929161e-09 1.90236359233186e-09 2.69729318439632e-09 1.9993022254786e-09 1.00207957171198e-09
8.97844932423417e-09 8.78784530609123e-09 7.23184630520817e-09 7.56966092871713e-09 6.80622585623557e-09 6.25803371439119e-09 6.3241787335686e-09 4.82527618991899e-09 4.12442985223324e-09 3.35341785546169e-09 4.96998293433852e-09 5.16201638597273e-09 3.726255216764e-09 5.77072090005695e-09 2.38012809313301e-09 1.61658211281042e-09 1.44687542337956e-09 1.76433146907493e-09 2.78088483314724e-09 3.28286318730921e-09 1.8470549166058e-09 2.00251212481943e-09 3.51868324980932e-09 2.15031054454455e-09 2.32104885054483e-09 3.77669105467147e-09 3.67684485637809e-09 2.80535801767023e-09 2.66445850952079e-09 2.71040464829228e-09 1.86308498629629e-09 1.32302428299324e-09 1.66458606837906e-09 6.68074257602099e-10 2.27878333584054e-09 2.28118902808391e-09 1.59171030338994e-09 9.604402834727e-10 1.18085103020346e-09 3.148260143703e-09 2.89428087294533e-09 3.06651630521405e-09 2.1454634406812e-09 1.55436116513037e-09
4.15148687492817e-09 6.98293502694532e-09 6.34333568733004e-09 5.91503273587225e-09 6.44405250296012e-09 4.72653112692478e-09 4.19567274513976e-09 4.32725993617482e-09 3.67673676086832e-09 4.41676546659943e-09 4.58296031191078e-09 3.3722125120097e-09 3.10303299353363e-09 2.73946076074934e-09 2.13168190104163e-09 3.21358693022397e-09 1.76866176751463e-09 1.65551721727611e-09 1.58888814305774e-09 1.85164264453086e-10 1.11599026594859e-09 1.4222320691321e-09 2.58330143326033e-09 2.97757544486769e-09 3.14551570731405e-09 4.39363124915041e-09 3.56552190168394e-09 2.77545949317958e-09 3.61380810476258e-09 3.33727494616011e-09 2.30227630257247e-09 2.08108313373701e-09 3.334158028817e-09 5.02290701525729e-10 1.0728567029994e-09 1.02560634708846e-09 1.53242602599098e-09 1.8109759891405e-09 1.89472338465525e-09 2.3897375816706e-09 2.62438704044617e-09 1.12019305819589e-09 1.45802207218635e-09 1.73493763296832e-09
2.50703286796668e-09 5.11638597484672e-09 5.27754581349089e-09 6.85342252934244e-09 4.57041946143501e-09 4.93315785169041e-09 3.18793500473558e-09 3.25556879388338e-09 5.33435061016454e-09 5.2806405006969e-09 4.54046819802486e-09 3.97541820306715e-09 5.51097615994064e-09 3.25586926845285e-09 2.53243322711521e-09 1.72916872949522e-09 1.27313625875086e-09 1.53569207880781e-09 2.77797526929241e-09 4.03216977583603e-10 6.6066815717119e-10 2.0075849617492e-09 3.72259741414327e-09 2.36846005134048e-09 3.37627191384553e-09 2.48309023960119e-09 3.20424923398183e-09 3.31287323697671e-09 2.68365893518717e-09 2.76062755514727e-09 3.06515230389584e-09 3.09975342327614e-09 2.45283738174393e-09 3.34551447172189e-09 1.51110582199707e-09 1.56980982108661e-09 2.24326641111693e-09 1.44653842340635e-09 1.47260707939241e-09 1.70441397261498e-09 1.35981773227137e-09 1.10532733751075e-09 1.04486507279726e-09 1.96227241475939e-09
6.05196753630601e-09 6.95871557487748e-09 6.64884366208283e-09 6.15402995572666e-09 3.75224895496316e-09 4.57291690881473e-09 3.21387877886535e-09 3.91235291058706e-09 5.27031126643169e-09 4.85626459523272e-09 4.22173620877649e-09 5.21968898749422e-09 3.46710947145061e-09 3.42316901912037e-09 2.83631783713752e-09 1.49405745016933e-09 1.42618068461291e-09 1.26721229382907e-09 2.50431882186007e-09 1.97429638200318e-09 1.79838626735763e-09 4.89793477934905e-10 1.65492463118487e-09 9.25484616934443e-10 1.74253030362812e-09 2.95132881934376e-10 6.95680119460882e-10 1.89793483460739e-09 2.55883108250212e-09 2.55073284352311e-09 2.66551271292892e-09 2.46929163541104e-09 2.96167029076218e-09 2.25046890783913e-09 1.87891260053368e-09 1.93750803311902e-09 1.83116868975107e-09 2.14057560684361e-09 1.13765365675475e-09 1.43236759465855e-09 9.89182826031869e-10 7.74451352258518e-10 1.00876491036816e-09 1.92695820122936e-09
7.49579302554757e-09 7.11564235400757e-09 4.56399918063883e-09 4.31450762361039e-09 3.35554212468084e-09 4.04478281567941e-09 4.59650679188327e-09 3.59365315303108e-09 5.15680079598904e-09 4.11521612017606e-09 1.99407436383449e-09 4.04671113564752e-09 2.51946808783524e-09 3.1275085394014e-09 1.38839024724448e-09 2.30098494338186e-09 1.46358868341414e-09 2.50364471776874e-09 3.19284707670577e-09 3.34481001311249e-09 3.71034660850649e-09 8.13278271490627e-10 1.04452835586685e-09 1.12395049410952e-09 1.29089062995913e-09 2.25766050288363e-09 2.33699193063041e-09 1.10681191262226e-09 2.336098292174e-09 2.10992678490613e-09 2.30496777550639e-09 2.79147454929444e-09 2.12381728309182e-09 1.5519983901489e-09 2.23930634448393e-09 2.05416137215074e-09 1.88273617411683e-09 2.38959715256268e-09 1.92825847460297e-09 1.94518618344704e-09 1.97287407625837e-09 1.5012033336315e-09 1.28774348340675e-09 5.78182840844525e-10
7.26589575614819e-09 5.79058055638737e-09 7.81189227515903e-09 4.30854002672995e-09 3.25030163797019e-09 5.04557209917599e-09 3.50847241916071e-09 4.26523573045459e-09 3.36636319392132e-09 2.71343753712336e-09 1.67621929260581e-09 3.32886206333531e-09 2.6722019396024e-09 2.27506153731835e-09 2.46626204164454e-09 2.12643238545351e-09 2.21551407516218e-09 2.79688166905369e-09 3.38259139692862e-09 3.22943833916253e-09 3.86519357521947e-09 1.90392623137374e-09 4.47491940115618e-10 1.99152984307745e-10 1.13219090137447e-09 2.31287151809838e-09 2.29934998882448e-09 1.65036172535333e-09 1.86326079506297e-09 1.61444264721111e-09 1.97032771137153e-09 1.98226683753264e-09 1.96361786085993e-09 8.93033460656579e-10 1.93532483433287e-09 1.95121593291689e-09 1.72881640228547e-09 1.97869337317162e-09 2.22288970973662e-09 1.64198161269859e-09 1.57014066034661e-09 1.95006443010064e-09 1.69414383830496e-09 8.19856701852466e-11
7.25866018383931e-09 7.82252219374808e-09 8.06295870826899e-09 1.01733508745206e-09 5.22023558135797e-12 5.85210554654569e-10 3.3715805613441e-09 3.12942741627438e-09 4.76568320486401e-09 1.62950627323358e-09 3.03520896225334e-10 3.13666743469729e-10 7.7228523501756e-10 3.5097565202894e-09 4.08312086075429e-09 2.41880644198325e-09 2.10948625784492e-09 2.73629049711665e-09 4.58104267307373e-09 5.1984105633979e-09 3.81750890596176e-09 3.00259385651993e-09 2.45920137558816e-09 2.12450229607868e-09 1.61028951870392e-09 1.50119245610768e-09 1.69930410349829e-09 2.29673247900024e-09 2.19510477431285e-09 1.3429419642663e-09 1.17076357777173e-09 1.81463768413806e-09 1.19440418491912e-09 8.65107968336429e-10 2.17993885907944e-09 3.22730076328299e-09 1.7668784311022e-09 1.13389691475159e-09 2.27947193398305e-09 1.27458813123284e-09 9.68987985942184e-10 1.28548267857418e-09 1.16686271525407e-09 6.74032648101799e-10
