Validation points/black/Hypnale_spp-black.asc
NCOLS 267 
NROWS 469 
XLLCORNER 376490.070567719 
YLLCORNER 381033.488324056 
CELLSIZE 919 
NODATA_value -9999 
[rows 200 to 219 of 469, columns 0 to 43 of 267]
-9999 -9999 -9999 -9999 -9999 -9999 2.22044604925031e-16 2.22044604925031e-16 2.22044604925031e-16 1.40897685501823e-10 1.45667069172399e-12 -9999 -9999 -9999 -9999 -9999 -9999 -9999 -9999 -9999 3.62211977313551e-09 9.44569083586881e-10 1.85080835640241e-09 3.1805623171516e-09 2.05802743087887e-10 7.46918543011654e-11 2.57425224629339e-09 2.2831775732212e-09 1.16571950978629e-09 1.44090597483223e-09 1.71723199204285e-09 1.19518039347884e-09 2.98787571705527e-09 2.58420413254399e-09 1.14907587824567e-09 2.89351512394565e-09 2.92344792293542e-09 3.39031310223387e-09 2.53823541402583e-09 2.55696769384606e-09 1.87386117205702e-09 1.75002877881635e-09 2.07873809239166e-09 1.71702719200421e-09
-9999 -9999 -9999 -9999 -9999 -9999 2.22044604925031e-16 2.22044604925031e-16 2.22044604925031e-16 1.12871876353709e-12 -9999 -9999 -9999 -9999 -9999 -9999 -9999 -9999 -9999 -9999 -9999 4.00322710284874e-09 2.8237570306149e-09 3.04820351132199e-09 2.11225410921167e-09 5.67100412615999e-10 9.1851803257829e-10 1.3387440124305e-09 1.20539845599252e-09 1.41949800057198e-09 1.41845898436392e-09 1.68017008148223e-09 2.21605731964757e-09 1.68798576020391e-09 1.8113521524762e-09 2.53751817758833e-09 1.62398371627546e-09 1.59195048907713e-09 2.04562717130047e-09 2.12488772571015e-09 1.88587453697334e-09 3.33653607379932e-09 3.68251062979377e-09 2.95833639817671e-09
-9999 -9999 -9999 -9999 -9999 -9999 2.22044604925031e-16 2.22044604925031e-16 2.22044604925031e-16 1.8083088739877e-14 -9999 -9999 -9999 -9999 -9999 -9999 -9999 -9999 -9999 -9999 -9999 3.90794182406464e-09 4.48791689629657e-09 2.81866089508392e-09 1.00868383570512e-09 1.79221269809325e-10 3.50764982933574e-10 1.09211568916108e-09 1.46528510729955e-09 1.47568479594264e-09 1.78335973662662e-09 1.39360670015575e-09 2.10526774093035e-09 1.50420377835678e-09 1.54420787288994e-09 1.81138012052573e-09 1.79836784309378e-09 1.77542001685142e-09 2.02479775622249e-09 1.92042345556982e-09 2.09712896455133e-09 1.90982972031677e-09 1.96457897022887e-09 2.14083021259777e-09
-9999 -9999 -9999 -9999 -9999 -9999 1.47873084715398e-10 2.22044604925031e-16 2.22044604925031e-16 -9999 -9999 -9999 -9999 -9999 -9999 -9999 -9999 -9999 -9999 -9999 -9999 -9999 2.16885118357993e-09 3.56716668928136e-09 1.28403830696516e-09 6.47137028607356e-12 1.26139699055665e-09 1.77210573462806e-09 1.98206456679206e-09 1.45268700533583e-09 1.44117347081593e-09 1.46174054472293e-09 1.48941049933352e-09 1.51360541443449e-09 1.80889827948396e-09 1.47535729108179e-09 2.18552250914257e-09 2.13332505391795e-09 2.1430582236227e-09 1.3070167028889e-09 2.10221425417288e-09 1.84695459002016e-09 2.2169337515195e-09 1.75550205555958e-09
-9999 -9999 -9999 -9999 -9999 -9999 9.87295496356345e-11 2.22044604925031e-16 2.22044604925031e-16 -9999 -9999 -9999 -9999 -9999 -9999 -9999 -9999 -9999 -9999 -9999 -9999 3.06143474982878e-09 3.13471761220536e-09 1.99735780122238e-09 5.21856495414683e-10 6.66329566288786e-11 1.87891087202571e-09 1.37002028781108e-09 1.54454789650902e-09 1.51308031401373e-09 1.35420185094859e-09 1.56807850199668e-09 1.41365768831901e-09 1.43600545475155e-09 1.48567350437053e-09 1.56171045952543e-09 2.06095114953578e-09 2.35063199195027e-09 2.49790964662386e-09 1.22579347663856e-09 1.2493277440256e-09 2.33144826709306e-09 2.16998535346777e-09 2.3408304068827e-09
-9999 -9999 -9999 -9999 -9999 -9999 1.07530041823499e-09 2.62949440706558e-16 2.22044604925031e-16 -9999 -9999 -9999 -9999 -9999 -9999 -9999 -9999 -9999 -9999 -9999 -9999 2.60850169503792e-09 8.86778426016072e-10 3.27083786314212e-10 4.90501737272138e-10 1.0353845883503e-10 2.49402302939304e-10 1.22371667822487e-09 1.63151279410256e-09 1.80846348003449e-09 1.4187927476724e-09 1.50741202286781e-09 1.43499315839173e-09 1.49011061503554e-09 1.90119000281463e-09 1.56907085458614e-09 1.88631776801154e-09 2.5732040225951e-09 1.31427980567532e-09 1.97586119691729e-10 6.19939745184764e-12 2.04150499307755e-09 2.1979198579217e-09 1.73811971379684e-11
-9999 -9999 -9999 -9999 -9999 -9999 6.48493096374837e-15 2.22044604925031e-16 2.22044604925031e-16 1.12973841206683e-14 -9999 -9999 -9999 -9999 -9999 -9999 -9999 -9999 -9999 -9999 3.18934068459478e-09 1.31257280871847e-09 6.31744900512428e-11 8.79253909224436e-14 1.55610937482893e-13 8.29036048130206e-13 9.16209471398837e-12 5.60877805106571e-10 1.09257665268174e-09 8.22224047349538e-10 1.68957439350559e-09 1.45181023283017e-09 1.37229353063645e-09 1.60591508571099e-09 1.47385183587355e-09 1.40907186209912e-09 1.92096230849261e-09 2.46890765544455e-09 1.50602663596827e-09 1.20556493564721e-09 3.65448466625782e-10 6.90663553832246e-10 2.61353895068334e-10 9.19893929935771e-11
-9999 -9999 -9999 -9999 -9999 -9999 2.22044604925031e-16 2.22044604925031e-16 2.22044604925031e-16 8.85217163215117e-14 -9999 -9999 -9999 -9999 -9999 -9999 -9999 -9999 -9999 -9999 2.58424787257944e-09 8.67220525777493e-10 6.98986126403119e-10 1.54279275821807e-15 2.22044604925031e-16 6.08789239431238e-15 5.1147711169224e-12 2.37193070630136e-10 1.78275808675045e-10 1.17523641163862e-10 1.46642386975186e-09 1.79872273426392e-09 2.28824669057408e-09 1.60881342578042e-09 1.44652984512932e-09 1.48045389853246e-09 2.12526091812044e-09 1.80891022143399e-09 2.10238358368758e-09 1.16455076388657e-09 1.6885154378573e-09 2.08909496549974e-09 2.71349076892147e-10 4.89844344841116e-12
-9999 -9999 -9999 -9999 -9999 -9999 2.22044604925031e-16 2.22044604925031e-16 2.22044604925031e-16 1.81204592101863e-15 -9999 -9999 -9999 -9999 -9999 -9999 -9999 -9999 -9999 5.70317011391539e-09 3.35776597155716e-10 4.55136810232197e-10 1.06645808434703e-09 3.86107830574589e-12 2.22044604925031e-16 5.88832425375956e-15 1.66842344752215e-11 2.5287202388981e-10 1.72670489079239e-10 3.75869716521143e-10 5.21060060190982e-10 6.11941434665364e-11 1.7000360346227e-10 1.93253189404901e-09 1.40107831982386e-09 1.45603854109842e-09 1.92091405583018e-09 2.96097083384004e-09 2.65490001544499e-09 8.4012479085188e-10 1.58938506663518e-09 2.21732797282697e-09 1.81425808398732e-09 3.33271328923468e-12
-9999 -9999 -9999 -9999 -9999 -9999 -9999 2.22044604925031e-16 2.22044604925031e-16 -9999 -9999 -9999 -9999 -9999 -9999 -9999 -9999 -9999 -9999 1.22263017949612e-09 2.7569614401606e-10 1.94272544152947e-10 7.32988668770374e-12 6.96270088399451e-11 4.13276055661228e-13 2.97376776061553e-13 2.5051286234942e-10 1.21791577427895e-09 1.0706279733346e-09 3.77323374464595e-10 2.0922294476863e-10 4.40860231355219e-12 1.82913006859832e-13 5.88821902537119e-11 5.53427024294401e-10 2.04091155238398e-09 2.53272830296651e-09 2.63598082593114e-09 2.11009320945394e-09 5.31657368112631e-10 1.28476613358815e-09 5.13728169566805e-10 5.03658233778448e-10 2.60609476815135e-10
-9999 -9999 -9999 -9999 -9999 -9999 -9999 2.22044604925031e-16 8.59701679558125e-15 1.92710414496782e-12 -9999 -9999 -9999 -9999 -9999 -9999 -9999 -9999 8.78082720458707e-10 4.72308059930497e-11 2.06534860332546e-11 3.54579428152967e-10 1.34052780475424e-10 7.19316634611397e-10 2.47200524025328e-10 2.25140543118865e-11 1.5042288816985e-09 6.19984568969388e-09 3.3407851203713e-09 3.02477203404698e-09 2.84363027370931e-09 8.6912900634112e-11 4.19465461170621e-12 4.05688677080201e-12 2.33742503014503e-11 2.93051953069191e-09 3.18128408948099e-09 2.40149373006657e-09 2.92126004767422e-09 1.49953278166938e-09 3.98782021746941e-11 6.38597890693364e-13 3.50037284683767e-11 8.54005399388509e-10
-9999 -9999 -9999 -9999 -9999 -9999 2.22044604925031e-16 2.22044604925031e-16 1.18362762646535e-15 7.91920701224661e-13 -9999 -9999 -9999 -9999 -9999 -9999 -9999 2.17427125364471e-09 1.9868703850101e-09 6.30015726507958e-10 1.30878110414615e-12 2.31159487269636e-13 1.96448136223469e-13 1.59782061782229e-11 1.17902139897214e-11 1.81499160554877e-10 4.47063918961786e-10 1.65187308455728e-09 1.61627513736064e-09 9.18740739934899e-10 2.51003550285835e-09 1.02115829880056e-09 8.37784900132651e-11 1.59202987324732e-10 1.41836959469947e-09 3.28022008920415e-09 3.73621636284811e-09 3.89561082388685e-09 1.15519240348092e-09 8.68368959315713e-10 1.13752111291672e-11 1.98485811824744e-13 2.88252499427715e-11 1.99322224280097e-09
-9999 -9999 -9999 -9999 -9999 -9999 2.22044604925031e-16 2.22044604925031e-16 7.13326944114288e-15 8.91926533604817e-13 3.21519640430916e-16 8.41902512957063e-15 -9999 -9999 -9999 -9999 -9999 -9999 3.37904937629581e-09 3.64523270902802e-09 1.32019150908559e-10 6.93553656363519e-10 5.95146954943242e-10 6.42449141926984e-11 5.1185378021804e-11 5.87652535895728e-10 5.0066797545555e-10 8.92058341800193e-11 2.4599275709535e-09 1.13069099960267e-09 3.32872272383564e-09 3.78569205333249e-09 3.63051721173687e-10 5.585206738692e-10 1.91512960606943e-09 6.46730472955391e-10 3.02065642320983e-09 4.24061640776693e-09 7.39420903230432e-10 7.82799538885947e-12 1.43911724246921e-11 7.22978248904284e-12 7.01632268906606e-10 2.28129398079031e-09
-9999 -9999 -9999 -9999 -9999 -9999 2.22044604925031e-16 1.88325023723153e-15 5.18007966599311e-12 2.88926063224969e-11 6.66186243510215e-12 -9999 -9999 -9999 -9999 -9999 -9999 -9999 -9999 1.95065934798556e-09 2.37098937467489e-09 2.59483320628282e-09 3.48015481327367e-09 1.53900685750894e-09 5.00991950888109e-10 3.41629334975073e-11 1.15714140312813e-10 2.16992433699081e-10 2.24025235179224e-09 1.19571239134282e-10 6.16602162530849e-10 3.59592646874422e-09 3.21221537823521e-10 5.68852371722198e-11 1.18144747809479e-09 2.15791234609328e-10 1.39090077625309e-09 1.56906875416031e-09 1.57420434623318e-09 1.61939365063703e-09 1.14684456687631e-10 1.57473930181909e-12 5.50560192831252e-13 9.43194860807027e-11
-9999 -9999 -9999 -9999 -9999 -9999 -9999 7.74296029136261e-13 1.57567914688097e-11 8.44866747142038e-12 1.29055386210616e-12 -9999 -9999 -9999 -9999 -9999 -9999 -9999 -9999 -9999 2.8110791243573e-09 2.63867910926635e-09 2.8135612462007e-09 3.04333891015811e-09 1.75963611837562e-09 8.58684143626472e-11 2.45579222983246e-10 3.15052404849988e-10 1.50940800149909e-09 4.24878892954273e-10 1.7651234593042e-09 2.65413089286503e-09 1.12183880917107e-09 1.07702931781555e-11 6.24470422614593e-11 2.56931435973408e-10 1.76041208240918e-09 1.11561509397289e-09 8.90647513324776e-11 1.7884624136198e-09 1.85930960435567e-09 7.20911358679618e-10 7.14536340161242e-10 1.40659697786311e-09
-9999 -9999 -9999 -9999 -9999 -9999 -9999 2.19867211939123e-13 1.08585750189132e-11 2.62200566307191e-12 4.97422052364731e-12 -9999 -9999 -9999 -9999 -9999 -9999 -9999 -9999 -9999 3.06967424213164e-09 3.07492638377515e-09 3.24318871379506e-09 2.96914596451175e-09 2.84792695562362e-09 4.94871352322092e-10 1.15860245391323e-09 2.88333710740419e-09 3.08876405476922e-09 8.07353852173996e-10 1.4311148855807e-09 3.38494634618566e-09 3.448402457052e-09 3.62711057087778e-10 6.56429734260951e-11 4.27911977247125e-11 1.18721250046665e-10 1.50617824677938e-09 1.09496343185373e-09 1.41962085125723e-09 1.24438793089679e-09 1.96694411027021e-09 2.32358917921841e-09 1.86827165366938e-09
-9999 -9999 -9999 -9999 -9999 -9999 -9999 1.54209692077127e-12 1.19566473683916e-11 1.92895016596629e-12 1.02519811769411e-11 -9999 -9999 -9999 -9999 -9999 -9999 -9999 -9999 -9999 -9999 2.78040754320765e-09 2.71788164339037e-09 2.66026291960706e-09 3.20916528275028e-09 2.1306602602263e-09 2.45065534993557e-09 4.08291928648942e-09 9.40687385182109e-10 1.05569755383235e-09 4.56348079897334e-10 3.82689748785941e-09 3.5510970109167e-09 3.33155797339312e-09 9.96690572613668e-10 1.11386464900116e-09 1.76944771515208e-09 2.19989744033256e-09 1.80227356176574e-09 2.48062595725551e-09 1.70680184898872e-09 1.54445185828692e-09 2.01016664184369e-09 2.0267758101331e-09
-9999 -9999 -9999 -9999 -9999 -9999 -9999 -9999 1.08055997567959e-11 2.0266842438574e-12 -9999 -9999 -9999 -9999 -9999 -9999 -9999 -9999 -9999 -9999 -9999 -9999 2.77423103647087e-09 3.10240665003779e-09 3.25437558173644e-09 3.14547192593914e-09 2.2775885897336e-09 3.47098992809051e-09 7.65874008171092e-10 1.84767068152638e-09 1.39243253564328e-09 1.48767049167583e-09 3.69993216107193e-09 1.63373454358253e-09 1.14933082839381e-10 9.91863533813267e-10 1.49858867570455e-09 1.87519692881241e-09 1.88737574529913e-09 1.82800162295062e-09 2.20109496262736e-09 2.80994289203398e-09 1.7925159766094e-09 1.71074084502789e-09
-9999 -9999 -9999 -9999 -9999 -9999 -9999 -9999 1.01084021905817e-11 3.16317228085249e-12 -9999 -9999 -9999 -9999 -9999 -9999 -9999 -9999 -9999 -9999 -9999 -9999 3.14754139434966e-09 3.03302654794599e-09 3.10470810760271e-09 3.42565273568968e-09 3.60589473738874e-09 2.01472350825462e-09 2.29126763515103e-09 1.56495044939531e-09 1.54297162927708e-10 1.97263406050819e-09 4.82482235849798e-09 1.49784254289895e-09 4.46165946312489e-10 1.34927674172596e-09 2.18306375225013e-09 1.65151836253664e-09 1.7469738639144e-09 2.2713906159076e-09 2.2014532137114e-09 2.08273649133039e-09 2.4248584656937e-09 1.94129221272854e-09
-9999 -9999 -9999 -9999 -9999 -9999 -9999 -9999 2.22044604925031e-16 2.4874436509669e-14 2.22044604925031e-16 -9999 -9999 -9999 -9999 -9999 -9999 -9999 -9999 -9999 -9999 3.29555841802351e-09 2.56531873521356e-09 3.28720638517336e-09 4.08743632117542e-09 3.29232574849248e-09 3.43372924932327e-09 2.12661497329326e-09 3.66756544747112e-09 2.5508982131139e-09 1.77510244686645e-10 5.07676506051791e-10 3.9602626313844e-09 1.47985551588416e-09 9.9641188733061e-10 9.53214454064845e-10 2.09496539012989e-09 2.21961175792289e-09 2.53040371915543e-09 1.75917614522919e-09 1.85527002680783e-09 2.31991992081222e-09 2.30125461507278e-09 2.02794079912128e-09
