Validation points/black/Hypnale_spp-black.asc
NCOLS 267 
NROWS 469 
XLLCORNER 376490.070567719 
YLLCORNER 381033.488324056 
CELLSIZE 919 
NODATA_value -9999 
[rows 220 to 239 of 469, columns 176 to 219 of 267]
4.37032037734642e-09 3.11790119198618e-09 2.70529949083372e-09 3.5147396609194e-09 5.22128656675121e-09 3.44316398403009e-09 1.23426815452974e-09 9.6881991453303e-10 1.26806440731102e-09 1.02029586867541e-09 2.84889041711055e-09 3.23665305702633e-09 7.41363688995228e-10 5.73373240467693e-10 8.55229517250105e-09 2.18335182048044e-09 8.88797023796878e-10 7.06230954865157e-10 1.0025368629807e-09 2.43718249414906e-10 8.15901975512326e-10 1.62741799871051e-10 2.08106230505667e-11 3.92233423619389e-10 2.01559526704118e-09 4.74337552650108e-09 8.39904123241646e-09 6.58334081189758e-09 6.59450445678739e-09 7.87264091495552e-09 7.76036315099983e-09 6.98234343394385e-09 6.58231543209194e-09 4.66421280831717e-09 2.21719659184056e-09 5.47905337322437e-10 1.44452335337685e-09 2.31003302676106e-09 3.38075769366684e-10 2.24417623796828e-10 1.64050571318322e-10 6.53062183219659e-14 1.13903868965369e-13 3.36654413257714e-10
4.85736145761661e-09 3.67962961504982e-09 2.62826849759791e-09 3.98811505053687e-09 3.44284059103377e-09 3.91171259594773e-09 9.70674910449388e-10 1.88636139663061e-09 1.12365041947376e-09 1.73101439792586e-09 4.54538324302458e-10 6.98639413851429e-11 5.01131468509185e-11 3.27795058699406e-11 2.66659333759822e-09 1.38871987860634e-09 2.22931475128574e-09 8.22467211415385e-10 2.12445258376561e-11 7.57367679617912e-12 1.48435405449197e-10 1.11829320824638e-10 6.74930046324979e-11 3.53472396548112e-10 2.5967889844034e-09 1.39819028194067e-09 5.78733827157598e-09 8.40956828085275e-10 6.85492700884508e-11 1.45724902827537e-09 4.28960528903117e-09 1.94146685772433e-09 6.27244199614031e-10 4.5045481098694e-09 1.72261915962967e-09 1.13683721356849e-09 5.2342667004475e-10 1.28461446172262e-09 5.46523539265896e-10 7.21598152232159e-11 1.68325214542145e-10 2.19879377336777e-15 1.81373454836424e-10 5.67548050909339e-09
3.27170360620395e-09 3.54450351371645e-09 3.97505146861837e-09 4.17939113787926e-09 2.73247036574687e-09 8.40220412081255e-10 5.93932848062088e-11 1.18998856183763e-09 8.52052042831215e-09 2.82599389536622e-09 5.86618502993489e-09 4.46722085335057e-09 5.38203820439327e-09 2.23763088521647e-08 1.34101331783643e-09 1.6516053611276e-09 3.68052041567069e-09 9.14604967194267e-10 1.90887447876022e-10 1.62599893359939e-10 1.98027353343295e-10 1.35790904635359e-11 2.33036679707999e-10 1.63698615405548e-09 3.21595491636217e-09 3.27871340295693e-11 1.0531312347293e-10 4.74920476972314e-11 1.641413265979e-12 7.52796459775267e-10 1.55408420241078e-09 3.85853192593239e-10 8.77471492855271e-11 9.61574981144239e-11 1.27305963291243e-09 1.14812134336434e-09 1.04148799402423e-10 2.12740710979875e-11 1.11814136192677e-09 3.6010259352288e-11 4.54300946019039e-15 2.22044604925031e-16 4.29463419411844e-14 1.80479175583417e-10
4.14162987386241e-09 4.00727688664476e-09 4.16021765865118e-09 2.7401220832635e-09 1.7720844349531e-10 6.23105714967786e-11 5.47375572320056e-11 8.46570285661048e-11 7.67257613117829e-10 1.15540893653403e-09 2.41583183041605e-08 2.95743471294269e-08 1.63421860641447e-08 8.94831960652347e-09 4.6061572909535e-09 4.49924153306758e-09 4.83080570489635e-09 1.62382804451844e-09 1.0182477895483e-09 1.97130979303792e-09 2.66903554524089e-09 1.7229349481458e-09 4.13286387663996e-09 4.70500025562861e-09 7.03411420814954e-09 1.98995721376465e-13 2.11649905881911e-11 2.50833818772795e-10 3.18342706068838e-14 9.36674262826934e-13 6.83233107152819e-13 3.94145321479236e-12 9.8904786644392e-12 2.17315601671824e-12 2.18409497989889e-10 1.22437174202967e-09 3.31615390469726e-09 1.18756621814946e-11 8.6526259541038e-13 7.99232969825444e-16 8.88370187472591e-14 4.98584274236892e-16 7.43509966649315e-11 4.87156254981593e-12
2.45062586123989e-09 2.55048461333393e-09 4.33857879811367e-09 4.22054540820367e-09 1.47522199621713e-09 1.44365123472867e-10 1.29882592554769e-13 6.87915542689538e-13 3.90820440872345e-14 9.31614039875117e-11 6.37978081033063e-09 1.38598851163924e-08 6.50952503998821e-09 7.36868401588247e-09 6.76000033068738e-09 7.2251510522852e-09 1.42540934159844e-09 1.31935321323862e-09 3.83097742265857e-09 5.08237226506496e-09 2.22114820873463e-09 2.97200884561596e-09 3.68736979963115e-09 1.58721232941693e-09 4.29098416993783e-09 2.75126632003216e-10 3.53937048849232e-16 2.7611793255216e-14 2.22044604925031e-16 2.22044604925031e-16 2.22044604925031e-16 2.22044604925031e-16 2.22044604925031e-16 5.34262766991805e-15 3.76102727458107e-12 1.16786023039005e-11 1.68158274391164e-10 1.00522747672097e-13 1.23211247419867e-13 3.49363076374088e-14 1.80911595049371e-10 9.15698326134115e-10 5.17632655903114e-11 8.58643921519632e-14
3.4224512720696e-09 3.95600466967086e-09 2.34062991011646e-09 3.00230143406243e-09 5.28773721408572e-10 2.62059871255535e-10 3.75882898698998e-13 2.38211486302385e-12 1.18142880534534e-14 4.12483187182244e-12 4.89789392399748e-09 2.53667648242652e-09 2.52183726039221e-09 9.84460584432437e-10 5.33698272220759e-09 5.68606959176141e-09 1.20185923265203e-09 1.48636190517954e-09 4.66451520173047e-09 7.92567243309024e-09 4.09654516277614e-09 5.21839231978729e-10 9.90618267103809e-10 1.85498360183831e-09 2.68753520671456e-10 5.29168409939374e-10 9.84831802486147e-15 8.75712652664326e-12 1.29702835104609e-14 2.26146820828043e-13 1.78710577759072e-14 3.23970415116234e-11 2.69711499787741e-10 2.39101378806251e-14 1.45206314247896e-11 8.47986758450055e-11 2.89090531658744e-10 2.94237937281168e-11 1.983640858573e-13 3.17384274220009e-12 4.3692612449296e-11 6.83892744887011e-13 3.83902125531313e-13 6.6050995807166e-13
3.53023755048105e-09 3.74605891588921e-09 3.54230774886881e-09 5.88654239614104e-09 2.11988299146864e-09 1.23046899265686e-09 6.25645071582043e-12 1.25405914541312e-10 5.37792593435633e-10 7.1136063874959e-09 8.1212943885979e-09 1.40159800292743e-09 5.71080378825868e-09 5.41832524098918e-10 2.57868575817154e-09 1.51097818358502e-09 5.50687426398566e-09 6.7323343425707e-09 4.6215203857289e-09 6.09845342034138e-09 5.21949905078319e-09 4.45944911814884e-09 4.92990410743203e-09 3.72749439826877e-09 3.0273788160312e-09 2.76034790895133e-09 7.05503418415852e-10 7.90562399921616e-10 1.36163961965907e-10 1.22028414498542e-09 7.97984487373648e-10 5.97770413997165e-10 6.2053169410276e-09 1.50184246021341e-09 4.31851170723145e-09 8.15132635526202e-09 6.91274338374706e-09 2.39692855194485e-09 9.54708741954408e-12 2.83614914858823e-11 1.37597670258571e-15 3.9074621702805e-15 3.91061857818294e-16 2.22044604925031e-16
4.77050818052342e-09 4.36447162275817e-09 5.7492996763312e-09 4.62485822385858e-09 2.36493107908382e-09 1.44505124844839e-10 7.44106994748967e-11 1.04667565368921e-10 2.93892179935925e-10 2.40328678544315e-09 3.07978347749071e-09 2.23473947309829e-10 4.52857544090237e-09 5.50099913425602e-09 4.53766362151798e-09 1.1630890316035e-09 5.51969441682608e-09 8.7179021635317e-09 5.54996458715577e-09 1.47224487408723e-09 6.08211140318905e-09 2.65664609287963e-09 3.18656317047844e-09 6.34745701975781e-09 4.66196253251077e-09 4.31845218002826e-09 3.14779222068766e-10 6.10330243640685e-11 5.56315800612251e-10 1.60216365529873e-09 7.63084161196537e-10 2.2379665118112e-12 1.19105346241156e-10 3.77152495797996e-09 6.31318461631105e-09 7.68522006584343e-09 7.8173846089247e-09 7.73013276297582e-09 2.85542010809934e-10 4.62171938873573e-13 2.26450687434593e-16 2.22044604925031e-16 2.22044604925031e-16 1.23021634632438e-15
4.71093154191659e-09 7.54068519272743e-09 7.28134521693826e-09 5.75350550128056e-09 2.64321951960938e-09 2.28287667242436e-11 7.54608951705202e-13 3.95342340992868e-10 7.06918607989726e-10 1.14219705716671e-11 1.18794571020223e-09 4.94824066231935e-09 8.81082003412821e-10 4.1745149293542e-10 8.01000609907615e-09 5.73482265277283e-09 4.31613133742751e-09 4.4547789298634e-09 4.0511921764492e-09 1.70934175722791e-09 3.98216272999478e-09 4.64816171889594e-09 4.38177657127427e-09 5.3956040094272e-09 5.08076811539742e-09 2.19505028188178e-09 1.21986106908352e-09 1.22065839820165e-09 2.64977639514091e-09 5.6314363758347e-09 2.43008701357418e-09 1.85228978991749e-10 9.07110678315314e-11 6.27508513992451e-09 8.06132556358528e-09 4.44467074696775e-09 9.00141753850998e-09 7.31547651678698e-09 9.73914672877584e-12 9.81232727972602e-12 4.13739351021136e-11 7.65616570691308e-12 2.25629384893762e-13 3.04303357925558e-13
4.38773659053698e-09 7.5512216930461e-09 6.81366332089063e-09 6.1095318748224e-09 4.09185476335981e-09 1.22600685989601e-10 2.32678691565779e-10 1.90196354291882e-09 6.29382718732621e-09 9.64294538625087e-12 1.01688226912617e-14 2.84478856054118e-11 2.20117503374538e-09 4.73410660311611e-09 3.81753517908839e-09 -9999 -9999 -9999 -9999 2.86703636087777e-10 2.25850195881348e-10 2.19375042537661e-09 2.11038845786101e-09 3.20932024686204e-09 4.53317017162211e-09 3.57083249929312e-09 1.20869718525543e-09 1.31923826817876e-14 3.66476842393928e-15 2.94125659745472e-13 4.89284085726678e-15 2.08114841113836e-12 4.46069743907776e-10 3.07833382698643e-10 2.50854285873465e-09 6.168372585203e-10 4.67671238541632e-09 1.2895582516179e-10 1.22037372398961e-12 6.0753320426542e-13 5.31362950072673e-11 1.18603637464429e-10 3.80376558650092e-11 3.27655467702772e-11
6.63037682191553e-09 6.24977898951084e-09 5.43364866571005e-09 2.38762755811044e-09 3.86776871702903e-09 9.48232432844527e-10 4.46342128095485e-10 3.30404391683243e-09 1.21145665811025e-09 1.14814219597419e-10 2.53804682087357e-16 2.88852823210898e-13 3.56324957649565e-10 3.5392235660198e-09 3.037530560823e-09 -9999 -9999 -9999 1.57247568475072e-10 9.70491169011483e-10 7.51331711517379e-11 2.11016941342493e-09 3.08461936211994e-09 4.82584484685546e-09 4.94064604635134e-09 4.19192981974828e-09 3.07027989807164e-09 1.16907799244843e-12 5.2443353124912e-12 2.35963052713342e-15 2.22044604925031e-16 2.00546809676045e-13 1.96787054581145e-10 1.91521968658474e-09 3.47855179439811e-10 2.96346379720094e-09 1.51683007739884e-09 5.53852942351116e-10 1.61106673665157e-13 2.95079948697872e-16 2.86093481835916e-13 3.67774834763402e-12 9.9940473886133e-12 1.84005546456731e-11
3.32362993347566e-09 5.89865903789265e-10 3.02335906481514e-09 2.48078992339351e-09 4.69567279019617e-09 1.17467798761075e-09 7.70473419819048e-10 5.44026573726004e-09 5.87033531218962e-12 2.66743206188181e-10 6.59971201423719e-15 8.36773702125256e-15 2.25874311465706e-13 2.34824065456909e-09 3.37674367464587e-09 -9999 -9999 -9999 2.52617499774518e-09 1.2798174747078e-09 3.11302562169277e-09 3.80521540180579e-09 3.41575055941631e-09 3.48001320372994e-09 3.69395804028141e-09 4.07783551479411e-09 6.5881528530336e-09 3.52583401312111e-09 4.18034334463773e-10 2.70572203272282e-15 2.22044604925031e-16 3.09589375219413e-12 1.30905159751062e-09 1.00250868969794e-09 1.58121285599668e-09 2.8522288462048e-11 5.24416399486542e-11 7.022447994245e-09 1.74698780410255e-09 9.89956731961246e-12 2.52220723821425e-12 8.32563388225309e-11 3.62285505834618e-11 1.83565481026908e-12
2.99582481942041e-09 5.02577938645156e-10 3.50576978276531e-12 9.61123292052969e-11 1.63822350555752e-10 2.05303393826031e-10 7.68690609094092e-10 1.8859967174326e-11 2.08628715367908e-13 5.13285599464611e-12 2.22044604925031e-16 2.22044604925031e-16 9.49886601398346e-15 2.32461786274271e-09 3.33574190860083e-09 -9999 -9999 -9999 6.00970455136397e-09 2.05381188238503e-10 2.50807029970008e-09 3.81577864454269e-09 4.41233057714145e-09 5.62869169338162e-09 4.00487005338522e-09 4.43951888660652e-09 2.45108667492133e-09 4.72173611169838e-09 4.14380327329606e-09 1.93126420742813e-10 2.20613705491047e-13 2.13368651129177e-09 1.02165027998134e-09 2.93065049048238e-09 7.68741251647815e-10 3.63292155121258e-12 2.32267874888291e-11 3.36420685369798e-09 1.10247903630422e-08 1.36559695944825e-09 5.94982593927966e-12 1.39738250603213e-12 7.64208531777688e-13 2.09667559693055e-12
3.48980661536141e-11 3.39443968573347e-10 6.95498266038703e-10 6.1292455946145e-10 5.28597049474411e-11 1.56481183578445e-09 3.9292640901586e-09 5.11032027532251e-11 2.28524431467589e-11 2.62349018822271e-11 1.33430232957175e-12 2.22044604925031e-16 7.26148756061293e-12 3.67357692718646e-09 4.21860784238743e-09 -9999 -9999 -9999 7.02459660105308e-10 3.9276778645902e-11 2.50355486244322e-09 4.7994707683125e-09 4.71089677963052e-09 3.69532970300427e-09 3.16272391140855e-09 4.16856173023292e-09 3.04689616417144e-09 2.00819454843722e-10 1.48300476924935e-09 2.14109804938381e-09 2.9449114419549e-09 4.29854207512259e-09 4.39460024768305e-09 4.72196659493364e-09 1.23688329559756e-09 1.73880184919524e-10 2.37849848587509e-11 8.60809108586704e-11 6.51132359659713e-09 3.06610719782152e-09 3.11833767678093e-12 1.08219432993991e-12 5.34922113531498e-13 7.6787257740524e-14
2.06882771336593e-13 3.33478457442846e-11 5.01068210501106e-09 4.89582443893837e-09 1.97173287913658e-09 6.68344413198335e-09 8.08607068078915e-09 3.88222354657661e-11 1.06379215951056e-11 2.97725969848351e-09 6.67316763230437e-11 2.68820911786076e-15 1.28536368994467e-09 4.46432430421433e-09 4.5931196779754e-09 3.40355823408726e-09 -9999 -9999 3.7059949096998e-09 3.81322908194317e-09 3.84290508333861e-09 3.52339681163224e-09 4.75920616004895e-09 3.75187738870264e-09 5.68766172823753e-09 4.35723712271556e-09 2.38182893711947e-10 3.42984860068139e-11 3.62363374235106e-11 2.73452797820788e-10 1.43599613952805e-09 3.11906243867874e-09 6.0219383536571e-10 3.82576814844788e-09 4.10327764480439e-09 9.41143297425623e-10 9.34444499394571e-11 3.23325750121362e-12 5.71641239352445e-10 4.8617910259528e-09 1.84533808400084e-10 3.3574247052532e-10 6.12824000067403e-11 2.0968549578468e-12
2.40876743287124e-09 3.45866091299735e-09 2.56165298478325e-09 5.3883472426742e-09 6.02599733054891e-09 7.48216675284317e-09 3.99992595269712e-10 3.83565409326385e-11 1.51054366526399e-09 7.12877605148773e-09 9.83267129037126e-11 8.26695990839216e-13 2.16070756047977e-09 3.91155696102004e-09 4.47395636506125e-09 4.66196925811072e-09 4.60186118032282e-09 4.8353512040854e-09 4.04200505753406e-09 4.25092482739573e-09 4.40868572702194e-09 3.81925489925212e-09 3.4417841664014e-09 3.77549629854103e-09 5.13220233332471e-09 3.46039740245141e-09 5.49777529524855e-10 4.02308201448389e-09 3.82961183573277e-09 8.71424130378283e-10 7.36824488935095e-12 6.91393579552476e-12 1.8020554427615e-12 1.03655747630386e-09 3.48649609385638e-09 4.58733780829945e-10 3.88273367127295e-12 5.52561380240611e-14 9.24158537757604e-14 4.43015137094814e-13 7.14080034376525e-12 2.86617580587763e-11 9.43048176427938e-12 2.5578288438732e-11
1.73366633943412e-09 9.6056534255975e-10 7.02029842335334e-10 7.99705640492522e-09 2.51977522507705e-10 1.0908008149609e-09 4.66319682117271e-12 1.81597933313116e-11 1.7485826866024e-10 2.32869237164294e-09 1.08069482182789e-14 3.20066415546189e-14 1.56917753879442e-09 3.74037416332595e-09 3.03681623556359e-09 3.85088824263926e-09 4.44508190199383e-09 3.12950463894206e-09 3.70588225926003e-09 3.31731009618639e-09 4.95755001443982e-09 4.09076370876668e-09 1.60312080795127e-09 3.546251476033e-09 4.98836032335291e-09 2.13414432176091e-09 3.69891151260326e-09 4.46036093386109e-09 3.56117946634381e-09 8.7199031037605e-11 5.64293927499934e-13 3.91486532850171e-13 4.62197066926597e-15 5.69679279291682e-15 8.60506498040736e-13 1.46775966857461e-13 6.26158961079558e-15 1.60220035422443e-14 2.38168038936873e-13 1.49913512378108e-11 5.59340351247831e-10 6.101424597777e-10 2.23434431901868e-10 3.72447790832487e-11
7.27565105207113e-09 5.47743186825773e-09 4.59700038911403e-09 8.93336139696751e-09 3.58852737497893e-09 4.44419644528251e-09 6.88346584306731e-11 8.992338375494e-10 1.94008149594864e-09 4.57324682585947e-09 3.66981090734849e-15 6.22211217822669e-11 4.18399546229953e-09 4.42419531525299e-09 3.43968630996066e-09 4.83361119138965e-09 3.90257116202537e-09 4.71042941759842e-09 3.94145811840197e-09 4.45985742592066e-09 5.0834013112377e-09 1.28915461236199e-10 1.71825599742315e-09 3.30763676058597e-09 3.68124602618023e-09 4.44328254089755e-09 5.03673520709508e-09 4.71053630346256e-09 1.63218132074097e-09 6.73112073620898e-12 6.4273309046339e-10 2.8764481895166e-11 8.44758862096622e-13 8.67727175383063e-15 3.59813496912185e-14 1.06516656605348e-14 2.72480472582048e-15 2.01951351931441e-14 3.95453809273091e-14 8.80173083358867e-13 6.54569364107289e-12 4.45526075091525e-10 5.99999949888356e-10 1.96252142060238e-11
2.64071861506758e-09 8.27016307056033e-09 2.0063145287952e-09 3.04027585401332e-12 8.15505277150383e-10 1.9982793514741e-08 7.46204887965262e-09 7.42295827694736e-09 8.9378669927662e-12 1.41433875901737e-11 1.15951694612611e-13 1.41233639256733e-10 7.07638713833682e-10 4.09441360155321e-09 4.46449105150903e-09 3.44708317160843e-09 3.94024192687253e-09 3.9521836962401e-09 3.77311359694796e-09 3.67743025325719e-09 4.56179071985966e-09 3.85074484368833e-09 3.41746596418978e-09 3.85343502441188e-09 3.55513111537701e-09 5.3005114341073e-09 4.4626802142724e-09 4.80624833121553e-09 2.32620455233342e-09 1.47895058373825e-09 2.05373383451119e-09 2.32098916401261e-14 4.13423662858371e-16 1.41757625145554e-15 2.22044604925031e-16 2.22044604925031e-16 5.49234134178363e-12 1.64247024576e-13 1.66009303357167e-15 1.4803685590553e-10 1.43863584022763e-14 2.20206722960354e-12 3.98939271413974e-11 3.18494237651556e-13
1.5510916338393e-09 8.68771782135913e-10 2.4649629068539e-13 1.11714550074499e-13 9.8030872114393e-10 9.80686314872032e-09 6.86507980966438e-09 2.11933064420453e-09 1.6952036526669e-14 1.65215674387637e-13 7.82885337708389e-14 1.68854536573026e-10 2.26414559749888e-10 2.69038354151757e-09 3.19098467213784e-09 3.24900892689881e-09 4.03904660826999e-09 3.25528277782578e-09 3.93212977039579e-09 4.43746208488265e-09 5.65551473270189e-09 2.84126469691901e-09 2.7629945021562e-09 3.9135813897186e-09 5.48168231269783e-09 5.50102552019594e-09 5.05415675519362e-09 3.94792028567814e-09 4.16097372721316e-09 2.72534655737153e-09 1.10071799282345e-09 2.11413542617292e-11 1.17413136184434e-13 1.1285844380777e-13 1.67839049568854e-14 4.10391597159896e-10 4.07694924485169e-09 3.03526663140277e-09 3.41623794854128e-09 3.65050614650806e-09 3.77137401530357e-14 1.5669338996618e-14 1.13503479051155e-10 2.72062462520968e-10
