Validation points/black/Hypnale_spp-black.asc
NCOLS 267 
NROWS 469 
XLLCORNER 376490.070567719 
YLLCORNER 381033.488324056 
CELLSIZE 919 
NODATA_value -9999 
[rows 200 to 219 of 469, columns 176 to 219 of 267]
2.95351650142975e-09 8.87723608904764e-09 1.06158293138271e-08 4.5398246257798e-09 2.64894810123795e-09 3.8785762456185e-09 3.00738460684158e-09 3.95290140522923e-09 3.3086671851102e-09 1.84486660859611e-09 6.75555165599348e-10 3.24564711434914e-09 3.59302791427062e-09 8.08243611547306e-10 2.62563579929226e-09 3.64123426269796e-09 3.62301014060249e-09 2.5305971655356e-09 6.17929012106725e-09 5.48234347465461e-09 2.77926715773407e-09 4.40661066865504e-09 3.15216762423234e-09 2.20889455772048e-09 2.47796633749481e-09 3.74886145983704e-09 3.65026951701493e-09 2.37214645529217e-09 2.5230879771408e-09 2.86658716786638e-09 5.44721594054668e-12 -9999 -9999 -9999 5.38739515039485e-09 5.33087809132844e-09 6.83740349970273e-09 -9999 -9999 -9999 -9999 -9999 -9999 -9999
2.86542555783987e-09 2.99755175176986e-09 2.91295718953624e-09 4.00825278089122e-09 3.64652920565466e-09 6.19454577332122e-09 4.86354310704624e-09 4.33772403969241e-09 2.43902216861402e-10 2.69466842615872e-12 1.51268969545942e-09 1.91138814104322e-09 6.83856696215248e-10 1.88959064009005e-09 3.77345839689987e-09 5.36441074181275e-09 3.46425666662003e-09 5.80833481421045e-09 5.71828497498921e-09 4.7537995633999e-09 3.06236516073606e-09 4.30011149831169e-09 4.12908880824099e-09 3.82010859943795e-09 2.99244860203086e-09 2.780532134101e-09 3.51311154134275e-09 1.2470943001859e-09 2.5570124506994e-09 2.76673623590797e-09 1.71656328079222e-10 -9999 -9999 -9999 6.08851015787424e-09 4.88903530645281e-09 7.03655315514646e-10 2.00431947776649e-10 -9999 -9999 -9999 -9999 -9999 -9999
4.2287813937918e-09 4.61065604137232e-09 4.00123127344563e-09 3.69326095697732e-09 5.55932229775272e-09 3.01169977238447e-09 4.79416316094937e-09 4.14943060944901e-09 1.67893996191574e-10 2.88812811193078e-10 4.28105879980026e-11 1.42554224249644e-09 5.94894552452786e-09 6.06511324221928e-09 3.17154878860042e-09 2.59324715551102e-09 3.24985530428319e-09 2.67713244828536e-09 3.31277993614404e-09 4.09871674494484e-09 7.01740195907087e-09 2.89972610707494e-09 4.04598393854879e-09 3.81008018893917e-09 1.44887836009402e-09 1.97259912436801e-09 3.90345125206478e-09 2.07830362555891e-09 2.24536167001569e-10 3.2637690104592e-09 9.26045668361908e-10 4.84172977458975e-12 -9999 -9999 2.76913936926723e-09 1.16566750647736e-10 9.37557774423447e-11 6.5234445647539e-10 -9999 -9999 -9999 -9999 -9999 -9999
4.62564555201428e-09 4.49165837552725e-09 3.91017353203386e-09 4.82723350261054e-09 5.04213835626655e-09 3.44907808855184e-09 3.15184242884639e-09 3.37459448383811e-10 2.89887415043066e-09 4.40349585011842e-09 3.40157291781505e-09 4.50669328816413e-09 5.08039667379713e-09 4.76660443439432e-09 4.04633670333357e-09 3.84219424696729e-09 3.42181898597357e-09 2.22305455552592e-09 3.8863304350278e-09 4.80535452331887e-09 2.65994457649951e-09 3.66604940495038e-09 3.09992236422017e-09 3.49032317876158e-09 7.23791086069543e-11 2.52187236961146e-11 3.34026777539579e-10 7.77908997870415e-10 1.96092087418425e-09 2.86246634264224e-10 8.39811136203659e-10 5.85775113493702e-10 -9999 -9999 -9999 5.33260999455596e-09 8.01683151608714e-10 2.6120084828832e-10 -9999 -9999 -9999 -9999 -9999 -9999
3.98163092631065e-09 4.05940234939564e-09 3.14325472295773e-09 5.16534042766559e-09 3.99051416566749e-09 3.75868668929881e-09 3.64815395722462e-10 1.1847150204776e-10 1.63769561742485e-09 3.36416012546059e-09 4.56475768299372e-09 5.37892323901109e-09 3.97183442496938e-09 3.59284058070835e-09 4.18302432439764e-09 4.76922908095103e-09 4.07763403318159e-09 4.09270741080909e-09 5.75763312135373e-09 5.21088793255916e-09 3.01557583210083e-09 3.7023593425712e-09 4.55095887017792e-09 7.5101035623883e-09 5.42954340050802e-09 8.72751929616603e-10 1.62440999672452e-09 3.80293229305811e-09 3.13293647109582e-09 2.43120987333943e-09 2.99484877243386e-09 4.97723932568646e-09 1.63362993923011e-11 4.05687570067005e-10 -9999 6.94435026917762e-10 2.05909917873053e-10 3.41404567928897e-10 -9999 -9999 -9999 -9999 -9999 -9999
3.79446451240511e-09 3.23848910983506e-09 3.8712440895776e-09 1.46348188974664e-08 7.66651844579174e-09 1.04301371562351e-08 2.12089463525526e-09 6.08621250771134e-10 2.30731484661102e-09 5.8294586333175e-09 5.80495769525204e-09 4.95103277294755e-09 3.14437976907175e-09 2.23522751440527e-09 1.25435848791023e-10 1.36458147396679e-10 2.91390202332412e-09 3.48815696572337e-09 6.76640433765145e-09 2.66813549696642e-09 3.01496639409276e-09 4.6367073358879e-09 5.2021624373616e-09 2.97226922288656e-09 6.5217417857829e-10 2.66185338442453e-09 3.16719913102554e-09 3.32468933299257e-09 3.09815151825805e-09 3.71883487296327e-09 4.18733495049513e-09 6.37932959578659e-09 2.82430648717478e-09 1.6304878085846e-11 -9999 -9999 2.42483095414512e-15 1.35278172375558e-11 1.27736669764448e-09 -9999 -9999 -9999 -9999 -9999
3.67383702595491e-09 3.75266836435695e-09 3.78193168122357e-09 3.44847037745927e-09 3.70249492936781e-09 4.35910025830305e-09 4.9776005255454e-09 1.16269898286602e-09 2.40389414235843e-09 5.98707614048078e-09 5.0484447381736e-09 5.04158668561999e-09 1.89748712295932e-09 3.36277388653543e-10 7.10841949142436e-12 2.93339481940205e-10 2.45567896379663e-09 6.38166014313474e-09 7.67965509470227e-09 2.99869212884939e-09 3.95002609750273e-09 3.76916746870762e-09 4.39888433236872e-09 1.90362865631781e-09 2.02675033837183e-10 2.46719392936357e-09 2.91363160596864e-09 4.33992921235066e-09 3.46413294727172e-09 3.20158240505935e-09 2.79897527640904e-09 5.65156427904613e-09 6.51225199837363e-09 9.10881715896602e-11 -9999 -9999 6.34634125600852e-13 2.35421999850428e-11 4.15642864418435e-09 4.75601753297306e-09 -9999 -9999 -9999 -9999
1.92333427215265e-09 2.85945556588851e-09 2.86628130631821e-09 2.69866847977732e-09 6.97045999522103e-09 5.18340801120517e-09 4.58958881707236e-09 4.89499751497282e-09 7.21286210861835e-09 5.28154602399103e-09 5.48171476997863e-09 3.99285137866834e-09 2.63243226860459e-09 3.57193231155192e-09 5.58365301450927e-10 4.39049702517291e-09 1.47085327853459e-08 5.80154302198929e-09 2.6760089846064e-09 3.18797594965218e-09 2.87312823503313e-09 3.92471303112982e-09 3.4599844813089e-09 7.23386477831592e-09 3.84521463349197e-09 2.84092854962046e-09 2.89694037660932e-09 4.24055566180166e-09 3.7215989103693e-09 4.10352766742887e-09 1.49992577452876e-09 2.06041868824926e-09 3.76600977318903e-09 2.20128532202564e-09 1.94088683385247e-11 -9999 -9999 6.32505177084469e-09 -9999 1.49732326417332e-09 -9999 -9999 -9999 -9999
2.25358785096187e-09 4.6723136054951e-09 2.92394408137618e-09 2.80078855536776e-09 3.85592583203753e-09 7.71803598819307e-09 4.66479276978968e-09 1.05612926378128e-08 7.34805554812304e-09 3.55619557061653e-09 5.89352190185059e-09 4.77007448804362e-09 3.0408256340691e-09 4.3210467440872e-09 2.70933856075816e-10 4.01963094463089e-09 6.70921199468713e-09 2.7657647167915e-09 3.29013727302935e-09 3.31057913371862e-09 3.21383195215807e-09 2.8813618422749e-09 4.41398591332069e-09 3.58504963472423e-09 3.64906234943802e-09 3.50198875094263e-09 2.93679866656039e-09 2.93590711672513e-09 3.18558595374497e-09 4.00633023194185e-09 3.453619252332e-09 1.36774223192618e-09 1.2232463233863e-09 9.21805014459009e-10 2.22044604925031e-16 1.38409785823363e-09 -9999 -9999 7.06252025087598e-09 6.33800034739413e-09 -9999 -9999 -9999 -9999
2.59818758518211e-09 3.50273071654214e-09 2.70625957340992e-09 3.50434872278049e-09 6.16078174263503e-09 5.85473499194969e-10 3.20082453105335e-09 2.98173189618575e-10 5.96992486682639e-09 7.91833033670815e-09 6.55229099602331e-09 3.45525844187677e-09 3.23750601442543e-09 4.1108568134865e-09 2.75873645872176e-09 7.54472707386846e-09 3.66322083806183e-09 4.39445678803425e-09 4.14931660753478e-09 3.10884400730026e-09 3.04192668868164e-09 3.51768958636696e-09 3.94660346987916e-09 3.52192361693679e-09 4.04591667474872e-09 3.11207089338497e-09 2.83233578409066e-09 4.15231159211931e-09 3.16608845086117e-09 5.47986553286577e-09 7.49334911092186e-09 7.12532849977917e-09 6.48744688081485e-09 6.79658465922141e-09 2.70869938220749e-13 4.88423862117007e-12 2.03206188119345e-10 1.25269887717071e-09 9.00062410846866e-10 1.44622085809314e-11 3.50998115112077e-09 -9999 -9999 -9999
4.18156371167736e-09 3.63328496943033e-09 2.70758238898064e-09 5.79859349383572e-09 3.42286723094376e-10 2.31669420087845e-09 5.26957047139617e-09 1.26504409616962e-13 1.76901320153117e-12 1.87875942742591e-09 6.13122569105784e-09 4.04481841390648e-09 5.82880590564933e-09 3.26356617809713e-09 5.28916777841079e-09 7.40454005780538e-09 4.04041782466084e-09 1.74554239091286e-09 3.8888758384094e-09 2.14181804385498e-09 3.51860753525079e-09 3.83622451855239e-09 4.15060324352607e-09 3.5684355546192e-09 4.17880687324302e-09 3.0314444570941e-09 3.12191027843097e-09 5.47894377121804e-09 5.6067909803407e-09 4.59862420996737e-09 4.14205621524413e-09 4.3510489646921e-09 2.32336559364163e-09 2.74990464680051e-09 4.40906435366657e-12 1.38193701435595e-09 3.88401610238876e-09 3.19884839110611e-09 3.68408176408246e-09 6.83599973228195e-10 6.84038233529887e-09 -9999 -9999 -9999
3.14377796660817e-09 4.2891082614464e-09 2.95940868517591e-09 4.29062520802018e-09 3.02102671701707e-09 4.39550347889678e-09 9.21521924127303e-09 1.5188440455019e-13 9.50467242501868e-14 1.0699406567576e-09 3.38828038413986e-09 5.28010284524644e-09 6.06867146753047e-09 1.89079095402535e-09 4.51222096322385e-09 9.55418107552253e-09 3.40969699620999e-09 1.08507652342425e-09 1.33650936979042e-10 1.25799662311631e-10 2.90867257464945e-09 4.45313922575257e-09 3.71582019874615e-09 2.83593394502437e-09 2.81382892354742e-09 2.75758926012529e-09 3.48173057901659e-09 5.00154054839068e-09 3.38242655808792e-09 3.86810661997166e-09 3.99589091394961e-09 2.94226708420993e-09 2.14305331070709e-09 3.90804874088272e-09 4.44804887861652e-10 3.69957962661624e-09 2.14068283173677e-09 4.16110027021588e-09 6.92690788748134e-09 6.29210236053248e-09 9.27322079665136e-09 -9999 -9999 -9999
2.73381275703085e-09 3.50400306980268e-09 4.05046389679075e-09 3.67212064491096e-09 2.515118639738e-09 6.18011402711747e-09 6.90342450603808e-09 4.31938148222397e-11 1.48898867792358e-10 4.00453699910659e-09 5.48814292971521e-09 2.26727455416374e-09 3.28564445699364e-09 1.25500809331078e-09 9.0145839631288e-09 1.03151631608752e-08 6.04124006105158e-10 8.58284863439186e-10 2.51400690931756e-11 8.64426509389778e-11 2.20960214324882e-09 5.88395790954e-09 4.60401287462892e-09 5.85187779474866e-09 4.50609294159254e-09 4.86948829144827e-09 4.96723393672842e-09 5.1290659009962e-09 4.78272283782554e-09 3.75878021343891e-09 3.46505598383658e-09 3.59817558251552e-09 5.2684770177375e-09 3.45919850039064e-09 3.85177828965375e-09 4.30560614607984e-09 1.30010690155065e-09 1.15516887400024e-10 4.15788075417307e-10 4.00026809539855e-09 1.69776643223872e-09 -9999 -9999 -9999
3.38478142143495e-09 4.30462837813662e-09 3.87426173893782e-09 3.01760172828823e-09 5.02846314830523e-09 7.69852746606444e-09 6.87659565120095e-09 5.82078267777249e-09 1.60193199679417e-10 2.7599099123717e-09 6.66238488269929e-09 6.85411411613169e-09 6.17475478946663e-09 1.79848061541864e-10 6.84981458889397e-10 3.65305343858989e-09 2.53478191556276e-09 3.86420852791966e-09 3.99416430155212e-09 7.41860287968013e-10 3.8800563027115e-09 2.28577825271714e-10 9.43658033473087e-10 3.42605932915726e-10 1.59633341439427e-09 1.71804368036768e-09 2.61255865296891e-09 3.38149287843487e-09 4.4864025559522e-09 3.6169482909205e-09 4.41481354268818e-09 4.96930911518926e-09 4.41063980258682e-09 3.53613963890383e-09 2.37677720767097e-09 2.78732139864637e-09 8.92967705682951e-11 6.84634894206545e-16 2.22044604925031e-16 1.07966482270153e-11 7.6369693216691e-14 1.69922718674322e-10 -9999 -9999
3.52636710244987e-09 4.52712687123843e-09 3.72300705392696e-09 4.25237924785334e-09 5.42514836629754e-09 5.62464386774013e-09 4.46142750939378e-09 6.50486911405931e-10 3.07456978958113e-09 5.00223131950134e-09 7.38213082365235e-09 7.20913476522661e-09 7.60951991436678e-09 5.45852549463933e-09 7.77579298718997e-09 9.52933372026896e-09 2.27871692561382e-09 2.42849318142625e-09 2.43490094195092e-09 2.60830047086625e-09 4.26443748285394e-09 5.54947987361531e-10 8.57362754691871e-11 1.23841599902554e-10 8.61845671848309e-11 1.29778866545914e-10 2.3931697079187e-09 3.07607274605313e-09 4.51146789894749e-09 3.9650738029427e-09 4.2960109790655e-09 2.70997252270785e-09 5.66214806271358e-10 2.36854178300362e-10 1.98410682611377e-10 4.4351048139597e-10 1.08313411138706e-10 1.39183911077533e-13 9.26466925474557e-14 1.71049316645099e-12 7.91807206899349e-15 2.69008032705522e-12 -9999 -9999
3.12132638232056e-09 3.63497454037537e-09 4.69246554153045e-09 3.04051281837638e-09 9.52773680738163e-09 4.78280796998426e-09 7.34062352314101e-09 5.54168908282872e-10 1.54600956839035e-09 4.92368651421684e-09 5.71626411041072e-09 6.99229094425364e-09 7.10004243364201e-09 2.02037012648788e-09 5.08910716073684e-09 3.56099514123951e-09 1.22969749495341e-09 3.51477214767905e-09 4.62506925600734e-09 3.8946686998173e-09 9.67848842472857e-09 4.80153010108219e-09 1.71465180689157e-09 1.75784479474704e-09 6.10041094101243e-10 3.20966915051839e-09 3.23158925809083e-09 3.93707870588583e-09 4.30224491143832e-09 3.20982323040447e-09 1.06263011505236e-09 2.45174318115567e-10 7.36991259393432e-09 5.12508754051634e-10 1.6424666214037e-11 1.1352758962361e-11 4.59920501914566e-12 2.13703147337189e-13 1.64651521363463e-11 1.23160527346693e-11 5.66877665543262e-15 1.41250733783452e-15 1.94662733531977e-11 -9999
2.53416726181708e-09 5.47443379898638e-09 3.49129186855131e-09 2.95289846341219e-09 4.84579083230245e-09 4.09611184339534e-09 4.98525287152003e-09 1.88407182988207e-09 5.30647348253265e-09 8.15045198053127e-09 7.25589580964109e-09 8.27916612682257e-09 1.1358038459421e-08 4.93312079769687e-09 7.04128203487086e-09 4.76033588341738e-09 1.39424497974649e-09 4.28434702144106e-09 5.7802007951893e-09 3.65348508266251e-09 8.26111484265617e-09 6.86181771129649e-09 6.11499062375052e-09 6.38945289747597e-09 4.62505183963464e-09 2.19110367870583e-09 2.58530778937468e-09 2.99068713009611e-09 3.40071991386284e-09 2.39973260830849e-09 3.776205966637e-10 4.75198591313851e-13 3.03572212617785e-11 1.60460833049674e-13 7.46383963400357e-13 5.27256893001568e-13 1.13858849556203e-11 2.52829475672802e-12 1.74335401551461e-09 5.54900552736665e-09 3.66184335526033e-11 4.176334860025e-12 8.32240734512955e-14 -9999
4.63999507192907e-09 2.70761407408539e-09 3.20320363972554e-09 4.07540085116409e-09 8.88276689319997e-09 8.97877877053145e-09 1.92723347279851e-09 1.29810660133245e-09 7.04297465441694e-09 6.84318273373469e-09 4.96840162681567e-09 8.43842304355302e-09 1.19217181628617e-08 4.57084925931009e-09 5.21883588150898e-09 8.86244569188668e-09 5.82551788408954e-09 4.36032149582653e-09 1.90529238226562e-09 7.91078791746911e-10 5.26178585768303e-10 3.45497151674102e-09 4.66561109357815e-09 3.79465217481836e-09 2.98818512322407e-09 4.33077116813939e-10 1.86183274814556e-10 5.65736826166335e-10 1.24979763139467e-09 3.87548138538455e-09 2.57599084602934e-09 1.14697320384496e-09 2.75186754502947e-10 2.17363472477852e-10 1.19973814972097e-12 7.31951365793765e-12 1.18472254161771e-11 3.65596568928507e-10 2.89333541456731e-09 8.10392360337171e-09 9.48829515509864e-11 5.64706055042496e-11 1.97334508044479e-14 1.56165160161962e-14
5.17202237569415e-09 3.93323308046724e-09 3.90750078760203e-09 4.08955274232797e-09 5.55303995398679e-09 8.07176856772882e-09 2.18411111446287e-09 2.25252756478287e-09 4.86486562897068e-09 7.43460840024174e-09 6.92598634412903e-09 7.41101394545168e-09 6.17441117963233e-09 7.78944603730292e-09 7.88713066851668e-09 7.27795954104116e-09 2.79698560133383e-09 8.63667916301388e-10 5.97865371370597e-10 2.63812473089287e-10 2.25714341926855e-10 9.33714060721835e-10 2.3862627178305e-09 2.31980305687125e-09 6.32478253623825e-09 3.09984335899833e-10 4.32679851079177e-10 2.77901111044856e-09 5.1684876219943e-09 4.27811168719875e-09 4.17827060580077e-09 6.59261383833154e-10 1.26855838095838e-10 1.53197175240502e-10 8.30199055007794e-11 7.13530348082621e-11 3.8336265575541e-11 2.77256008481698e-11 3.35274144012875e-10 1.91939572469942e-10 5.21454146002413e-11 1.87107849681692e-10 1.88453109381339e-14 2.22044604925031e-16
5.01426045698965e-09 4.38276443935318e-09 3.26006126128416e-09 3.76264919931885e-09 6.12990814202397e-09 3.22873308197616e-09 4.12296376614375e-09 4.93550837219327e-09 4.32978837061534e-09 7.78892655229959e-09 7.6022819456896e-09 7.35430178152826e-09 2.56251820635619e-09 8.53348358633638e-09 1.13689168735419e-08 5.10031949045979e-09 1.2775853716409e-09 6.0666944160065e-10 7.94234515154959e-10 3.87919377223244e-09 1.37825916487996e-10 5.99144669099893e-10 6.76431299071188e-11 5.36913456641101e-10 4.04557680567219e-09 3.19062466945987e-09 7.91775194669185e-10 2.27337007784854e-09 9.83704365499045e-09 1.02551631582936e-08 7.58247913964256e-09 5.70322850126014e-09 4.29556306348179e-09 3.9728486517335e-09 3.56793150862324e-09 1.41871892178999e-09 6.89181992719552e-10 2.76966649775275e-10 1.7727775129667e-11 2.48731368207184e-11 6.42570774046644e-10 1.05511292616278e-11 3.75428017625493e-13 3.16590576718791e-13
