Validation points/black/Naja_naja-black.asc
NCOLS 267 
NROWS 469 
XLLCORNER 376490.070567719 
YLLCORNER 381033.488324056 
CELLSIZE 919 
NODATA_value -9999 
[rows 360 to 379 of 469, columns 220 to 263 of 267]
1.22373576202715e-08 1.07815768760885e-08 1.12912587067026e-08 7.33558995161155e-09 7.21057510044748e-09 7.24685654646391e-09 1.13059900082766e-08 6.6612442072494e-09 4.93343160410114e-09 1.43276038480786e-09 2.25530119402512e-09 2.3099324599213e-09 2.81829131799169e-09 4.54119321008113e-09 4.68776005302619e-09 4.2708051431807e-09 4.30976973844635e-09 4.40601555527987e-09 4.51193825636245e-09 4.74506107556162e-09 4.38571537259917e-09 3.74449466262982e-09 4.04991774664442e-09 4.06532612549719e-09 3.78890902732336e-09 3.75491593568864e-09 2.75639128693835e-09 3.3584631956664e-09 3.28697302483872e-09 3.5092714567271e-09 3.56482988547353e-09 4.13445642886581e-09 2.16583202694411e-09 3.70346754093292e-10 2.05849097588902e-10 1.68556251615766e-10 5.00132753400428e-11 1.97659136585555e-11 4.69459490506293e-12 6.03760658354802e-12 2.49687500832154e-11 -9999 -9999 -9999
9.49750901429247e-09 7.18110525567668e-09 7.1472754305917e-09 6.91265955489632e-09 4.98249043468277e-09 3.56214055324935e-09 8.76251441275897e-09 6.09290360342854e-09 1.32958580040086e-09 4.97011191258875e-10 2.64834567979079e-09 3.75407059865353e-09 2.28573242835763e-09 3.06174841332675e-09 3.98909701287634e-09 5.65488719930949e-09 4.56794842756318e-09 4.41273994545e-09 4.37740362363479e-09 4.40248928610031e-09 3.6373258841506e-09 3.98706328652268e-09 4.70585685304309e-09 3.89397526550893e-09 3.77954637039314e-09 3.80870104921254e-09 3.4770191110728e-09 2.89279865142107e-09 2.75230623645866e-09 3.89484093577318e-09 3.62793320961829e-09 5.06170285106139e-09 1.60473041807141e-09 6.03538135105725e-10 2.50634103348127e-11 2.67925912467804e-11 2.16457227878112e-10 1.64821380378948e-10 1.76750208001602e-10 2.66638150228057e-10 4.30531617688709e-11 -9999 -9999 -9999
6.6396505450095e-09 7.04491539966527e-09 7.4235549208472e-09 7.11708079440733e-09 6.1686509478619e-09 2.83324073803514e-09 2.13436833220497e-09 1.03221456285115e-09 7.09204942026025e-10 1.35061393468746e-09 2.8604905075554e-09 4.179664731265e-09 3.79942485636807e-09 2.6621064308381e-09 3.37959474263295e-09 5.11443463059485e-09 4.0181715839547e-09 4.26708053853214e-09 4.79514455710783e-09 4.23746841992265e-09 4.16390554942216e-09 5.41331999889272e-09 4.20578934964446e-09 4.36350248497608e-09 4.11203906345855e-09 3.57815411664883e-09 3.26549858973104e-09 3.17502741390867e-09 3.52877462000967e-09 3.82024615358578e-09 5.36246098097835e-09 4.50087755576161e-09 2.93760686781001e-09 2.91762538742052e-09 1.34001818554136e-10 1.2728546171557e-10 7.16659744296877e-10 1.40573787629198e-09 1.58135805578706e-09 1.25919002192523e-09 9.58380639124669e-10 -9999 -9999 -9999
5.51537291147913e-09 6.25624744151167e-09 6.61526338585266e-09 6.2702699047656e-09 6.43118021823258e-09 1.00543619430646e-08 4.04379332249777e-09 1.23554689537566e-09 2.89899319350814e-09 5.59965708430576e-09 2.04154884397828e-09 1.14945920140004e-09 3.17736860095439e-09 3.76407137849625e-09 3.72472228813579e-09 5.17323745831237e-09 4.51653745809406e-09 4.05069852154632e-09 4.01582476126832e-09 3.68880470656259e-09 4.17473041199917e-09 4.36378002664636e-09 3.69653569054141e-09 3.51268727478353e-09 3.3719566447038e-09 3.53614030444301e-09 3.44816721594056e-09 3.43123047695967e-09 3.29392497395991e-09 3.22065739493327e-09 3.22567632084489e-09 3.167913034246e-09 3.433419414979e-09 3.21747566697528e-09 2.73944398710086e-09 2.43667945318241e-09 6.30796200102913e-10 2.35055726178297e-09 4.573611300099e-09 6.34626710003194e-10 3.24803346024119e-11 -9999 -9999 -9999
5.61369799557036e-09 5.29883590637844e-09 1.03653212583696e-08 6.49394464679396e-09 6.41626238194835e-09 6.66354693293519e-09 5.72039160058113e-09 4.87522216085211e-09 4.51411841051598e-09 4.66426067573204e-09 2.85575687016185e-09 1.90199619663347e-09 3.39283503535183e-09 4.1914754473626e-09 2.91062863515362e-09 3.34622280664867e-09 4.35538664123736e-09 4.41257102792181e-09 4.27192005385696e-09 4.93614280890935e-09 6.44543021256667e-09 4.19695391150552e-09 4.05667857273849e-09 3.80834777613091e-09 3.31697926184653e-09 2.77654633730001e-09 3.6575269186639e-09 3.79636802011105e-09 3.15593233144096e-09 3.63368501632064e-09 3.52959687123402e-09 3.09870263805636e-09 4.47680751263968e-09 3.50507433020762e-09 2.96299520803329e-09 3.28874145613127e-09 2.97880546454954e-09 2.99231311453024e-09 2.47007847341975e-09 2.80589223318374e-10 -9999 -9999 -9999 -9999
5.50937924015811e-09 4.80049662406991e-09 5.90741828373855e-09 6.45010840363984e-09 7.90464437650566e-09 5.64860663105345e-09 4.22154326042466e-09 1.72670614574336e-09 4.01074901081808e-09 4.47533708367433e-09 4.34856049920847e-09 4.20324616473527e-09 3.67570497818363e-09 3.73755158744068e-09 3.4319023455139e-09 4.20641677409762e-09 4.11346154210462e-09 3.15440768153943e-09 3.1522534891976e-09 6.05107195789743e-09 3.87934645452675e-09 4.1226467381687e-09 3.96233338496458e-09 3.60415636408115e-09 4.00865191417261e-09 2.82889243137585e-09 5.37240384523591e-09 3.60066804382574e-09 3.51322900362823e-09 3.46455261167369e-09 3.36634333466815e-09 3.41259813503341e-09 3.34512145939531e-09 3.56100927240061e-09 2.47349426761152e-09 1.91332689614006e-09 1.68699460084606e-09 1.3731934816471e-09 1.70784731728104e-09 2.28706811482183e-09 -9999 -9999 -9999 -9999
3.31156372454416e-09 4.37926692601455e-09 4.83374675558986e-09 7.20705466697863e-09 6.80284933178205e-09 6.60160368112399e-09 6.27218578145853e-09 4.9033254800453e-09 6.55776480043203e-09 4.74779032127214e-09 4.24146741194235e-09 6.77470867939206e-09 6.40604119411653e-09 4.13108421637073e-09 5.05499593409949e-09 3.48607252288731e-09 4.73323462401805e-09 4.86321204646691e-09 3.70438809350852e-09 4.06698335351656e-09 4.058915857962e-09 4.08643366281774e-09 3.5066076871369e-09 5.49771860921057e-09 3.04709114599099e-09 3.22556754609488e-09 3.25610504732726e-09 3.83556791002558e-09 3.04716772880196e-09 3.275726888471e-09 2.28147533059619e-09 2.22297733766577e-09 3.01133927469115e-09 3.32094689580336e-09 2.31085236637487e-09 8.72670326479066e-11 1.27912231593731e-11 2.62070578971451e-11 1.80686971069703e-09 2.28031008715964e-09 1.75605093493218e-09 -9999 -9999 -9999
2.91037066562316e-09 4.53132495349047e-09 6.78827791672784e-09 5.64592688741777e-09 7.93955337251129e-09 6.41198044970488e-09 9.69536787583932e-09 5.46904087363474e-09 8.26787712440701e-09 3.88315402899317e-09 7.14584456867774e-09 4.56833115718472e-09 3.68148778023494e-09 3.83286265535455e-09 5.83165859572171e-09 3.20458747854372e-09 4.19822960693235e-09 3.75545225443146e-09 4.22288280878949e-09 4.11672885952158e-09 3.59458867625979e-09 3.87508947597611e-09 3.3167600790225e-09 3.86454250778567e-09 3.73531864158592e-09 3.07320268748039e-09 3.34061032132487e-09 3.33134929650552e-09 2.77113470887494e-09 3.13807822966727e-09 3.47638827592172e-09 3.43913145778018e-09 3.21779380775906e-09 2.50730954508966e-09 3.64569337776305e-10 5.88940112640885e-12 6.6482196999806e-12 2.2532283330207e-11 3.22958032227794e-10 1.74881274594229e-10 8.93902628021524e-10 -9999 -9999 -9999
4.27939302354534e-09 6.5302382079297e-09 5.82441529188102e-09 2.64726295106391e-09 4.28963015128811e-09 9.44553028999916e-09 6.48514946612841e-09 4.42413301047037e-09 4.39935583784707e-09 3.40633854748134e-09 3.63032018962997e-09 6.63272008333008e-09 6.48034419504726e-09 3.6760763738567e-09 3.3948996319785e-09 5.52893547574513e-09 4.06665855423255e-09 3.53720408877602e-09 4.036995943812e-09 3.79173516736623e-09 4.22095390643503e-09 3.73032228158628e-09 4.12668139284563e-09 3.66104569970588e-09 3.56778580775422e-09 3.93413012934615e-09 3.74472580349135e-09 3.69649869757033e-09 3.80755739278636e-09 3.64218673759909e-09 2.73929103696299e-09 9.72322687832275e-10 1.77409711232189e-09 2.0701762437412e-09 1.67744582143291e-10 5.7980256194413e-12 5.09193570190855e-12 3.84121002301789e-11 5.57831592956324e-10 -9999 -9999 -9999 -9999 -9999
3.18910496786385e-09 3.47466068518857e-09 4.68348259606981e-09 3.84678150463052e-09 5.25277068827073e-09 5.39838750916666e-09 3.52168207233024e-09 3.40352715582209e-09 2.96361620939919e-09 1.65694186756785e-09 3.86296710049981e-09 6.43291802781756e-09 5.26230114554171e-09 3.27830743940913e-09 3.5642984709989e-09 5.79625739961879e-09 4.30263809519014e-09 3.6555106953028e-09 3.96670776747982e-09 3.97355356769639e-09 4.23443543116937e-09 3.63461966704436e-09 3.67338272718445e-09 3.48568557716297e-09 3.5090273436471e-09 3.18988349312292e-09 3.17977978125984e-09 3.4150721525201e-09 3.55711714239437e-09 3.20091833250263e-09 1.15140743167328e-09 4.47190377784873e-10 1.24840853788643e-09 3.74428374651611e-09 1.96844370587486e-09 7.61685795871681e-10 3.07555529614324e-10 4.23494828661627e-10 4.77273381793536e-11 1.21376898302602e-11 -9999 -9999 -9999 -9999
2.18845121074652e-09 2.06245879752008e-09 3.37068207562136e-09 8.36463113364833e-09 9.55064932145367e-09 6.23270601196484e-09 3.84492001724471e-09 4.25333007931661e-09 2.19003173681293e-09 2.60225861425119e-09 3.85563124784244e-09 3.81462178628615e-09 3.52842937646652e-09 3.85912351308109e-09 3.24630928261435e-09 3.79804528138632e-09 6.2215746781122e-09 3.88482702240519e-09 4.08270193341851e-09 3.68268786436956e-09 3.79313383867999e-09 3.61595534179226e-09 3.26342911906556e-09 3.97519230000916e-09 4.12453851844641e-09 3.41484968601145e-09 3.03392407216803e-09 3.43725828421186e-09 3.22386437306472e-09 2.97807848114842e-09 2.52465229594607e-09 2.73128766646884e-09 2.65155073139063e-09 2.83228400466343e-09 2.4976039210302e-09 2.38281209878447e-09 1.67566259263897e-09 1.74489498394645e-11 1.41405353299724e-12 -9999 -9999 -9999 -9999 -9999
1.74918098368299e-09 1.48692093533725e-09 2.93768467056829e-09 5.56608074366661e-09 8.27446488880632e-09 4.26223884560373e-09 4.04446411543287e-09 3.90753449214654e-09 4.04721334016823e-09 3.99792959868399e-09 6.14268602485904e-09 3.62731339960197e-09 2.35267583410535e-09 2.92259009612256e-09 4.05899446379171e-09 3.06915774233141e-09 3.35409546234788e-09 4.3069416118349e-09 3.41848554376905e-09 4.19499427622004e-09 3.00901848981438e-09 3.36592273561215e-09 3.50552946425309e-09 3.73527947350504e-09 3.23804608590403e-09 3.69777589084281e-09 3.37193144783703e-09 3.8037706732907e-09 3.07537237118879e-09 2.91878792600843e-09 3.80320168259392e-09 3.26925275936859e-09 3.3567032625128e-09 3.33533241632031e-09 3.97444163722993e-09 3.00717197447154e-09 1.15631089627456e-09 3.44598475968782e-10 -9999 -9999 -9999 -9999 -9999 -9999
1.88435087199531e-09 1.73511234117811e-09 1.79317976388321e-09 3.18066875533267e-09 4.66136829440251e-09 4.09630027741527e-09 3.88817104611591e-09 3.34346073293545e-09 4.33613832740376e-09 5.19201648312155e-09 3.24476921611818e-09 3.66403704313852e-09 3.20068349967609e-09 3.71176390401334e-09 3.84226057728797e-09 2.71269378839631e-09 3.52950666616419e-09 3.28478641350764e-09 3.92767057714535e-09 4.28365738736469e-09 4.14108718600295e-09 4.03169005244284e-09 3.53877326988086e-09 3.94403928944375e-09 4.38318277530215e-09 3.80223760581605e-09 3.56365456030482e-09 3.53418760124617e-09 3.44931858510861e-09 4.16265985519225e-09 3.54929363689035e-09 3.37069667646851e-09 3.61385919418498e-09 4.29673129740572e-09 2.70685781886438e-09 2.39227093447421e-09 2.36918316432688e-09 1.75506874989072e-09 -9999 -9999 -9999 -9999 -9999 -9999
1.84348784458559e-09 2.56146768499278e-09 1.92673841609117e-09 2.1153659174107e-09 3.35515363153701e-09 4.06236251245017e-09 5.3368679795821e-09 2.53535444260892e-09 4.00985387397327e-09 3.56535880036695e-09 3.43169284484105e-09 4.02967761183687e-09 3.50388760013743e-09 6.06581689741574e-09 4.15059787282721e-09 5.89808408633299e-09 3.16630640441348e-09 3.74053653105522e-09 3.51373441822869e-09 3.78881103157637e-09 3.08805135193117e-09 6.00832710470294e-09 3.97888285555052e-09 4.30136552074449e-09 3.77993173649168e-09 3.5866837392827e-09 3.65964800614444e-09 3.87426190239055e-09 3.23138223662421e-09 3.12794076385559e-09 4.09262794456676e-09 4.07477529263508e-09 3.32823526368818e-09 3.45482770816888e-09 1.38786909088564e-09 2.07432053507164e-09 2.69491842514844e-09 2.21905325477639e-09 -9999 -9999 -9999 -9999 -9999 -9999
3.00994400728729e-09 3.38008708736726e-09 2.67714248390753e-09 1.53683754571728e-09 1.16760819403877e-09 1.46131078019094e-09 2.5577510651307e-09 2.24384698134329e-09 3.77236124073479e-09 2.52769770741111e-09 2.83838494901979e-09 5.31821121172479e-09 4.19844744945882e-09 2.70941259549779e-09 4.33954292097161e-09 4.01051142335615e-09 5.43678280853125e-09 4.5623777255793e-09 4.20475903050501e-09 3.77431669569569e-09 6.21264072223622e-09 3.94272539024058e-09 3.511075856042e-09 4.29525896665161e-09 3.94215120600424e-09 3.95198174606128e-09 3.66883830947945e-09 3.66404987282788e-09 5.52223871545907e-09 3.59308289802762e-09 4.68764277462929e-09 3.1137190011685e-09 3.45339718033133e-09 4.02063893320791e-09 3.12158046478376e-09 2.88110645258942e-10 7.34322943179524e-10 1.6575714212223e-09 -9999 -9999 -9999 -9999 -9999 -9999
3.11309124127685e-09 4.765727014583e-09 2.6991490102577e-09 2.14329425379639e-09 1.75332300730357e-09 2.06683046099097e-09 1.60406172018716e-09 1.58572042580746e-09 1.72156784299558e-09 2.37298846502894e-09 3.46229078711337e-09 3.57449713727149e-09 2.75516280265515e-09 3.05726804332195e-09 4.07898426303941e-09 4.74416639555247e-09 5.05253915219204e-09 3.83853942119362e-09 5.05399852899515e-09 3.71506327564769e-09 3.60884091564489e-09 4.3512907289815e-09 3.81734739438062e-09 4.28024948328624e-09 3.25576443324878e-09 3.81748462337839e-09 3.68373193102364e-09 3.71959503495555e-09 3.81916246036714e-09 3.55290597258002e-09 3.61763276458892e-09 6.19613968595169e-10 3.60718074013281e-10 2.64538682714892e-09 3.25910735294852e-09 1.80281542997105e-09 9.60323737026825e-10 -9999 -9999 -9999 -9999 -9999 -9999 -9999
3.39638535424101e-09 3.47342769310853e-09 2.7807532132316e-09 4.12288173426945e-09 2.45354296861444e-09 9.93517625051426e-10 1.8951738659535e-09 3.74703496665333e-09 2.3540524926897e-09 2.95011616687981e-09 3.26482777479194e-09 3.65515675665886e-09 4.55358802689273e-09 4.17341120381193e-09 4.16278038593708e-09 4.60592278944711e-09 5.81368200225508e-09 4.62249646367858e-09 3.92826743334087e-09 4.03084388477137e-09 3.51363117255409e-09 5.09759013985763e-09 3.87108697712308e-09 4.08997094004696e-09 3.92711301303752e-09 2.92154084633954e-09 3.77012735554636e-09 3.76811617917847e-09 3.78206479217177e-09 3.68778505732954e-09 3.07425146000758e-09 3.27476016801129e-09 1.0378305161906e-10 1.44797384598375e-09 3.02875065657739e-09 2.95051941986865e-09 -9999 -9999 -9999 -9999 -9999 -9999 -9999 -9999
1.6290489082974e-09 2.66656284673801e-09 2.16838374128354e-09 2.90787124642631e-09 3.14606500964164e-09 1.74008605883897e-09 2.67444499568238e-09 3.0192424464715e-09 2.65785560246155e-09 5.11234912333238e-09 6.04366545086618e-09 4.34841636248146e-09 3.89565304183217e-09 4.36140059329217e-09 4.64142790973628e-09 3.43390828743673e-09 3.76148075363775e-09 4.06184244114303e-09 6.36312025142097e-09 4.38232993022012e-09 4.74777269850695e-09 4.96214611585655e-09 5.61693212208687e-09 3.68740961244809e-09 3.75582027567946e-09 3.93229372883501e-09 3.35706730403726e-09 3.31970727267702e-09 5.55644348380234e-09 4.24448129111091e-09 4.55954184867587e-09 2.2697981915641e-09 1.51694490817367e-11 9.78250446308372e-12 1.00272635414613e-09 2.89983059992342e-09 -9999 -9999 -9999 -9999 -9999 -9999 -9999 -9999
1.34906011816293e-09 3.50408084526239e-09 2.88308598253151e-09 3.42463910914091e-09 3.34566327649464e-09 3.14944916157854e-09 2.26213060880062e-09 2.30680422445128e-09 2.15245151758321e-09 2.40452996973471e-09 3.82699744854334e-09 4.22039448520482e-09 4.03309725876626e-09 5.20588758867192e-09 4.25725735178464e-09 4.41708776638215e-09 3.82861511437723e-09 5.71580783200029e-09 4.61882430290813e-09 3.91200239262328e-09 4.01701264316471e-09 3.82658925329268e-09 5.8715056990072e-09 3.84462662804762e-09 5.22354736257444e-09 3.83348251058672e-09 3.57253647487954e-09 4.62223151522926e-09 3.62062802620875e-09 3.72299992096764e-09 2.93584803643138e-09 4.49135529437952e-09 8.10892599715888e-10 1.49260206185963e-10 3.30784230693262e-10 -9999 -9999 -9999 -9999 -9999 -9999 -9999 -9999 -9999
2.75858816372299e-09 4.89073079568032e-09 4.04479086064088e-09 4.79611695566939e-09 4.70281326268628e-09 3.6735630931328e-09 4.97815914703245e-09 3.16755829025559e-09 3.07226992386177e-09 4.21487167803637e-09 5.04146853336957e-09 6.02179986374481e-09 3.90383677087227e-09 3.82502837420046e-09 3.73560973203574e-09 3.98212811305252e-09 4.31363849188594e-09 4.23344879103087e-09 5.08941839236601e-09 4.05064351756703e-09 3.66404300389842e-09 4.95901061608098e-09 3.94756222119075e-09 3.4058381888781e-09 3.6095982583487e-09 3.56794393649998e-09 4.45956609668066e-09 4.2138165111123e-09 3.89457061148373e-09 3.6565801933215e-09 5.08157695049178e-09 3.47990019182541e-09 4.79374048367971e-09 1.95700715401279e-09 6.8855953994297e-10 -9999 -9999 -9999 -9999 -9999 -9999 -9999 -9999 -9999
