Validation points/black/Naja_naja-black.asc
NCOLS 267 
NROWS 469 
XLLCORNER 376490.070567719 
YLLCORNER 381033.488324056 
CELLSIZE 919 
NODATA_value -9999 
[rows 120 to 139 of 469, columns 132 to 175 of 267]
1.21146712121754e-09 2.71084741969645e-09 3.48282901993902e-09 3.17140667766698e-09 2.90569586686672e-09 4.76572209842003e-09 3.35423209468214e-09 5.07053568210035e-09 3.34016737610856e-09 6.0203105514628e-09 3.30653173529704e-09 8.67799613644131e-10 8.97507996468878e-10 2.50834385837398e-09 1.31767985411838e-09 1.79039755619466e-09 1.49136835481182e-09 1.51113151721216e-09 2.69971846264388e-09 2.47952276626488e-09 1.83351235034207e-09 1.74894901958283e-09 1.85957539576656e-09 1.60061470612973e-09 1.47989735640895e-09 1.36817749498059e-09 1.1642367700392e-09 1.31815566187816e-09 8.07155140983605e-10 4.82430624475995e-10 6.82074552172863e-10 1.27317603133902e-09 1.90763829740576e-09 1.40963181140302e-09 1.82912062202959e-09 1.35397277729964e-09 1.25453734024424e-10 1.05874067137757e-09 1.46700370944608e-09 4.51460459931921e-10 8.03097821957193e-11 -9999 -9999 -9999
1.98561253847204e-09 1.88271542843128e-09 1.04099577051073e-09 1.88380497735677e-09 9.19793867725887e-10 8.42186201899291e-10 1.61738401770888e-09 3.52911446104937e-09 3.73485575997735e-09 3.48223071547375e-09 3.06808513823711e-09 2.5428014601245e-09 1.47982693254598e-09 6.01867983684079e-10 5.35740710995858e-10 1.28940127825453e-09 1.79998756650972e-09 1.24237738560846e-09 1.75071272328994e-09 1.77633993393509e-09 1.87884778813856e-09 1.81386516334914e-09 1.96241231012679e-09 1.61036458718601e-09 1.66153975646602e-09 6.6391455695061e-10 2.46915884909978e-10 1.44694992097944e-09 1.32723017216124e-09 8.31671703313758e-10 1.82176389714904e-09 1.30157018801104e-09 1.25255916346101e-09 1.29452932980295e-09 1.43315238062322e-09 8.66447895268302e-10 6.23810280899452e-11 1.59853549749229e-10 9.54774661007088e-10 1.74765542776097e-10 6.89763638827458e-12 -9999 -9999 -9999
2.96299511217651e-09 2.58223175355969e-09 3.48079496861277e-10 9.99482963167314e-10 1.34845854561416e-09 2.91310829077758e-09 1.95673859303443e-09 3.33781393317957e-09 1.99861203093113e-09 1.73803430600175e-09 2.19356242351106e-09 2.10575156629441e-09 1.51409192237673e-09 1.50760458661614e-09 1.92614755725005e-09 2.11109371251444e-09 2.07600871880117e-09 1.22288128280354e-09 1.75419730361093e-09 1.83439919677184e-09 2.14580258819088e-09 2.52550090160836e-09 2.15484875558198e-09 1.47972646720858e-09 1.27901211296387e-09 6.36763778016899e-10 2.74326555171798e-10 1.063146162268e-09 1.81811948215601e-09 1.6622324374162e-09 1.54558257404313e-09 1.50101941884657e-09 1.37462726200962e-09 1.7634461039059e-09 1.12886492415142e-09 1.09455205615331e-09 1.25131861649501e-09 1.85143905503569e-10 5.92826784247678e-11 1.07719236931949e-10 1.41529219876426e-11 2.97879807596909e-12 -9999 -9999
-9999 3.57627413714033e-09 2.32993466494106e-09 6.31905312536773e-10 1.18263687492565e-10 1.68118702461323e-09 2.51349028887279e-09 4.10935214687694e-09 3.89508047243449e-09 1.19629570326093e-09 1.19795003630034e-09 3.04403457141946e-09 2.37608819113552e-09 2.246480656242e-09 3.21569912205534e-09 1.46015401224632e-09 6.38061718728107e-10 2.15179923902472e-09 1.93342808625669e-09 1.85414219320444e-09 1.76282133049195e-09 1.96771579443095e-09 1.67579932752011e-09 1.25975102395572e-09 1.14050608665782e-09 9.28710921066734e-10 1.2397598765157e-09 9.90808473005115e-10 1.56294469055072e-09 1.68168424111442e-09 1.37554293947195e-09 1.50261203152817e-09 1.51399727890716e-09 1.62530144627923e-09 1.91471885109059e-09 9.01775725612538e-10 7.05353852471215e-10 8.36835369430901e-10 1.12743317591338e-09 5.45000467025562e-10 2.06122338853352e-11 8.89802867560637e-11 5.23642296902082e-13 -9999
2.06170032035767e-09 1.61006844230664e-09 1.95617547195795e-09 5.9827631069278e-10 4.97055875984546e-10 1.92868250637647e-09 4.27695998343051e-09 3.8297006085223e-09 2.2189057150142e-09 1.33270398724899e-09 3.27318498983384e-09 2.55945894213563e-09 2.92394993450222e-09 1.69163935368011e-09 3.10816193224895e-09 1.48002743375367e-09 4.62338365682219e-10 2.07116306537434e-09 1.94859249447386e-09 1.85304925784413e-09 1.96906354843722e-09 1.95476997502912e-09 2.40271567808791e-09 1.40942579571523e-09 1.72815739910398e-09 1.90250298514111e-09 1.50121824364323e-09 1.61834632625524e-09 1.67299047199486e-09 1.44942078944556e-09 1.60345971596625e-09 2.01767663642267e-09 1.36251274123981e-09 1.6818243252608e-09 1.77823114018118e-09 1.18080306985971e-09 1.5295541922339e-09 1.11915855652899e-09 1.16734212280184e-09 2.33547430705428e-10 1.51097330983452e-10 4.72410276318402e-11 3.19803511064877e-11 -9999
1.03738689874664e-09 2.87626552536591e-09 2.06614510643437e-09 3.83192707302839e-10 2.25515006412491e-10 3.41271466237504e-09 2.91321889250171e-09 2.67125389518727e-09 1.31912154282804e-09 2.98215849959675e-09 2.59317044381182e-09 2.05824341919437e-09 1.98245225956445e-09 1.52079325891874e-09 2.03461113012405e-09 1.34862991946581e-09 1.89774510153953e-09 2.04807129577996e-09 2.04707498507384e-09 1.97427081688818e-09 1.9211441981241e-09 1.9285736900774e-09 1.88729970786198e-09 1.6066232451621e-09 1.75557981350454e-09 1.61300094147188e-09 1.72221916034954e-09 1.75023413113193e-09 1.8689500394798e-09 1.11546772363642e-09 2.14379342145556e-09 1.42830316870326e-09 1.40874928236853e-09 1.25625147411656e-09 1.57072837373588e-09 1.2313553342846e-09 1.32174715573917e-09 1.32029870668303e-09 4.4542750773237e-10 3.2259331666603e-10 1.1804470578065e-10 2.28125760013899e-10 6.04609037695137e-10 4.35637604451358e-10
3.14107082864767e-09 3.3808332934663e-09 3.57962643061867e-09 2.64856462911504e-10 9.07404992180245e-10 1.85724733643281e-09 2.88122116561795e-09 2.02952504278903e-09 8.39283321018384e-10 3.5197593803313e-09 1.3195339029872e-09 1.09070951683676e-09 7.15516170879123e-10 7.69246002990752e-10 7.68144343532003e-10 1.85376175872768e-09 2.8038165050474e-09 2.15806104768352e-09 2.41430148495719e-09 2.05343065538073e-09 2.15621306665948e-09 2.00139717955281e-09 1.96124061669612e-09 2.31048585000698e-09 1.83829214271753e-09 1.72500490512045e-09 2.27467293828024e-09 1.67743738105531e-09 1.68388996274687e-09 1.54399665499933e-09 1.39179263839597e-09 1.42441088790559e-09 1.83849443400629e-09 1.82703333443358e-09 1.63453736489152e-09 1.70610601968926e-09 1.31275432057654e-09 1.3692628664352e-09 6.87539180880636e-10 8.19175381023895e-10 1.16472493673891e-09 1.27261667750463e-09 7.79829097977677e-10 5.07304801954648e-10
4.16445011867064e-09 3.48754724630417e-09 3.42725132404417e-09 1.52829962992734e-09 1.98148583564352e-09 3.27023178636335e-09 2.36119908984002e-09 2.35758609833592e-09 1.66329637100118e-09 2.5586952628306e-09 2.58938372316809e-09 1.26763398565369e-09 6.54545109573475e-10 2.97747873079106e-10 6.25767617537133e-10 2.10085099104852e-09 1.25011747862669e-09 1.34948802886123e-09 1.85211618851984e-09 2.06766759065333e-09 2.05987920964552e-09 2.09994180528796e-09 2.08201023229498e-09 2.0210019248926e-09 2.06185781267912e-09 1.81572679910947e-09 1.91461559474237e-09 1.68101623450578e-09 1.8994161628666e-09 1.94432538056726e-09 1.58442352822157e-09 1.64107718794172e-09 1.35791063240825e-09 1.59244991478848e-09 1.31208453987646e-09 1.25829582795403e-09 1.0002053697454e-09 5.08904148446732e-10 5.85520178877686e-10 5.83204890436265e-10 7.68407888186503e-10 1.01459941276622e-09 1.04222940386006e-09 7.31696719692493e-10
3.81462030914002e-09 3.29676118143033e-09 3.02654396086081e-09 4.29616641238355e-09 2.60307930157123e-09 2.41542291814193e-09 2.76987586201926e-09 2.80048881108353e-09 2.65082642209005e-09 2.20599545114242e-09 1.31952594489521e-09 5.41327840658229e-10 6.50187605816732e-10 1.19215296973801e-09 1.41995721246023e-09 1.55424380008163e-09 2.56221860731546e-09 1.60928099697246e-09 1.99134336404866e-09 2.02288599235396e-09 2.12491205253174e-09 2.18509875546946e-09 2.04663527158709e-09 2.19324380322272e-09 1.98203903297507e-09 1.87122577350627e-09 1.78106275675627e-09 1.82755200037099e-09 1.19067480981621e-09 2.08895230508259e-09 1.71037155770833e-09 1.47736435428713e-09 1.33252310132477e-09 1.4473332707476e-09 1.34138881714928e-09 1.20880296371821e-09 1.30807927031043e-09 1.00845813111165e-09 1.40739621756723e-09 1.44736032292384e-09 1.03790612737388e-09 1.00602637394775e-09 1.18732604241954e-09 8.89126452593669e-10
3.723124351944e-09 3.65572291705526e-09 3.58633334036702e-09 2.90975038111756e-09 1.86578514979747e-09 3.32479045838882e-09 3.21900981693853e-09 3.90111695197796e-09 2.77250791151433e-09 2.40409024367877e-09 8.60361397168552e-10 4.76153839148456e-10 9.94674384067022e-10 1.04257850764956e-09 9.86817300250433e-10 8.12473654802762e-10 2.08965780719681e-09 1.25406045703287e-09 2.43636344913327e-09 2.23204744122684e-09 2.17300497430186e-09 2.19711892480986e-09 1.99103174207019e-09 1.88478176793055e-09 1.8858905537231e-09 1.63391904483673e-09 1.7269322821166e-09 1.43833524311434e-09 4.48860977928653e-10 1.7754623006049e-09 1.57820612079646e-09 1.54209402756421e-09 1.529647723116e-09 1.35710095273475e-09 1.35993418143568e-09 1.22621629853084e-09 1.16578564206703e-09 1.26542734786353e-09 1.25527200881114e-09 1.10150259696862e-09 1.2286129243776e-09 9.84314516103028e-10 1.07636684638726e-09 9.19083204440623e-10
3.46866742692347e-09 4.2650054391267e-09 2.62291011405717e-09 3.51242582877833e-09 2.50694149251851e-09 4.82774159454329e-09 3.14972882662941e-09 2.14183117704654e-09 3.29244339677107e-09 2.5030863325922e-09 4.14362399627167e-10 1.07839700778718e-09 1.48592804506753e-09 1.84172479808916e-09 4.35655025867411e-10 1.96288598570953e-09 1.57515910542496e-09 2.44342845841103e-09 2.25963731385135e-09 2.33301268001509e-09 2.09910923801697e-09 2.1728736492788e-09 2.06002243768988e-09 2.80192666464877e-09 1.85006315559634e-09 2.04300843816123e-09 1.39903607485794e-09 1.42566974363618e-09 1.39380710149219e-09 1.51698163040442e-09 1.47187172304138e-09 1.53106541005194e-09 1.54538232587908e-09 1.25273293163922e-09 7.44341549545186e-10 1.16925456822696e-09 1.20956583815363e-09 1.28573683076258e-09 1.19259512262737e-09 1.17996249276705e-09 1.12849549556849e-09 1.04406268199663e-09 1.04720263147808e-09 1.04975046309722e-09
4.82211738045471e-09 1.39718089225201e-09 4.18875436852196e-09 3.57109223041304e-09 3.88823961389068e-09 3.91337301178174e-09 2.41022329935596e-09 2.64277257320987e-10 2.40041916948382e-09 1.67888407397249e-09 2.64882203525174e-09 2.50887725508265e-09 1.7740929736401e-09 6.31879835154122e-10 1.37598133672027e-10 1.08695176595458e-09 1.94377192798663e-09 2.13155042894379e-09 2.12546120982433e-09 2.16676113675771e-09 2.66503300915702e-09 2.23750656331638e-09 2.26045241499458e-09 2.09516961999545e-09 2.21161814229449e-09 2.07135793383204e-09 1.25108416959662e-09 1.74255201225958e-09 1.33809361670749e-09 9.0426508014728e-10 1.39349867694224e-09 1.4525908713584e-09 1.17654913325788e-09 1.46729791586235e-09 1.19810669695608e-09 1.32845800744061e-09 1.38982172579306e-09 1.20955166755267e-09 1.15021198031092e-09 1.08826604886765e-09 1.04766917023491e-09 1.22514637132634e-09 1.04946569205227e-09 9.75708962190317e-10
2.8353415491063e-09 2.76261580683511e-09 4.32045581642974e-09 4.1866177699002e-09 3.66634186151759e-09 4.19709580215895e-09 1.49767822466175e-09 4.85818975894302e-10 1.37790701446699e-09 1.77030669190398e-09 2.54165713787506e-09 2.60449575802586e-09 1.74809092089558e-09 2.24203554910112e-10 2.78799565247149e-10 1.91436313635072e-09 3.12825212510133e-09 2.95448032549428e-09 2.2016980396515e-09 2.24126162432446e-09 2.23239942380744e-09 2.33334792141943e-09 2.18618510387694e-09 2.37782053416955e-09 1.27836648812425e-09 1.01648384891368e-09 1.15673458234062e-09 2.01882959763052e-09 1.10161276387423e-09 1.02966119888518e-09 1.45297777073021e-09 2.04991963094485e-09 9.17238050249403e-10 9.75144300548785e-10 1.92267516577147e-09 1.80759307873318e-09 1.29795926306864e-09 1.19518052233558e-09 1.14857312513908e-09 1.11000840111878e-09 1.02029283525861e-09 1.06050529052825e-09 1.08148656704224e-09 9.81573831116255e-10
3.03784951695585e-09 2.69878496299766e-09 3.83282109559049e-09 3.42175446909708e-09 3.75789191567327e-09 4.12071949309872e-09 3.09612321627699e-09 3.08486989507706e-09 3.43794629334443e-09 2.58364104613107e-09 2.61895101540324e-09 2.53474952584332e-09 1.54815869113824e-09 2.82895259998482e-10 8.74341634989128e-10 1.21062951370232e-09 3.04376255486326e-09 1.93521625644978e-09 2.14402517357128e-09 3.16173205112702e-09 2.45383174252606e-09 2.42844982143122e-09 2.23339185101759e-09 2.14085584318303e-09 1.26925628817368e-09 6.25554604839976e-10 5.40133426943875e-10 2.19790805102089e-09 1.46437768662095e-09 1.46609678555035e-09 1.50737005452877e-09 2.09712943808136e-09 1.30631356144406e-09 1.32012904731349e-09 1.44475531526908e-09 1.33060068561412e-09 1.39761773950281e-09 1.25749594718958e-09 1.19768961605935e-09 1.08675090279678e-09 1.13657410073224e-09 1.07282546871514e-09 9.80702311734813e-10 7.54155541405145e-10
1.58794274601147e-09 2.6419287673717e-09 1.9944548336173e-09 2.8577360063803e-09 3.11781591238285e-09 3.32316872591568e-09 4.29783565661934e-09 3.94834325551117e-09 2.42151867132235e-09 4.6870724537721e-09 3.96058050107798e-09 2.63573312211099e-09 6.6265281304935e-10 2.05499222439663e-10 7.75056170494859e-10 4.61611974747953e-10 1.69013299842658e-09 2.07075643075816e-09 2.34463798236322e-09 2.21392784942002e-09 2.46569576196793e-09 2.32013522906448e-09 2.28744853486449e-09 1.85981890595483e-09 1.65726034869601e-09 9.64596286124863e-10 1.47671573871525e-09 1.80520016053518e-09 1.8789697064555e-09 1.32435452376045e-09 1.08980741348477e-09 1.20539472702722e-09 2.00104625638571e-09 1.20137593989254e-09 1.17381509261548e-09 1.36361704964258e-09 1.24953959801849e-09 1.742944211746e-09 1.22217124442653e-09 1.06571404976165e-09 1.00262332542183e-09 1.07117487032131e-09 1.02211263731585e-09 7.55129816378746e-10
4.02151499686565e-09 4.23865616216089e-09 1.5699123269949e-09 1.07536966445184e-09 4.2994617163177e-09 4.45464769691876e-09 1.55996606977019e-09 5.21501306744567e-10 1.86455118274354e-09 2.62132975394581e-09 2.36809605455825e-09 1.93813530302e-09 4.43865666102181e-10 6.11967447000809e-10 1.45644846287429e-09 3.55844851526235e-10 1.19628789056233e-09 2.46185474532186e-09 2.2879047633035e-09 2.30165656618182e-09 2.81297978425762e-09 2.55711129078231e-09 1.92396411743237e-09 2.73963482870805e-09 2.03671684952885e-09 1.90920905107577e-09 1.77869876197405e-09 2.11328781795406e-09 2.02114225573371e-09 1.41268051293756e-09 9.49577689636558e-10 1.36405699076916e-09 1.21094011526571e-09 1.55301642219209e-09 1.88483006658481e-09 1.4422756575433e-09 1.70516650420816e-09 1.05843376258946e-09 1.02236032752391e-09 1.1393831382753e-09 1.28922317557881e-09 1.00608316989393e-09 9.33335548653945e-10 1.08744675288888e-09
1.79677350552949e-09 1.15260910765751e-09 4.00498857271911e-09 8.23375722337076e-10 4.81516302230062e-09 3.55791369444826e-09 2.59139337867412e-09 2.16282029492981e-10 1.09511397232326e-09 3.03630865017041e-09 2.99201060388213e-09 1.15462555650306e-09 1.08282352882118e-09 1.36630624892977e-09 1.89702633536886e-09 3.60122831010644e-10 7.60168935904745e-10 1.48679764917115e-09 2.24853005338436e-09 2.42241637340802e-09 2.15441725628668e-09 1.26521722814143e-09 1.18572650054118e-09 2.47411315135171e-09 2.10818814582362e-09 1.99197621386866e-09 1.75470233426674e-09 1.64288701372742e-09 1.88657020349955e-09 1.66203744049892e-09 8.94767608077373e-10 3.09683602269135e-10 2.11553911449512e-10 1.00075511773106e-09 1.78126732769086e-09 1.29019528546529e-09 1.07672064138904e-09 1.12847133055379e-09 1.10284918801123e-09 1.16240444241967e-09 1.01543100292511e-09 9.86602018369532e-10 9.50675246626312e-10 9.71058033128524e-10
3.49306860548569e-09 2.22322412417535e-09 2.96572676085492e-10 2.87892551573627e-09 4.76674762591364e-09 4.91039343823382e-09 2.23209229969569e-09 1.90553421238994e-10 3.70423640093905e-11 9.63788353462447e-10 3.05061845336835e-09 1.97385705838383e-10 8.37604761454113e-10 1.08416255686359e-09 1.48108998509713e-09 2.03845337501076e-09 9.2454284073719e-10 2.12358076106599e-10 1.25251684050615e-09 1.51097366763735e-09 1.54169444937806e-09 2.84705671663537e-10 9.51045316673919e-10 2.287702404737e-09 1.70891371218998e-09 2.0389973867822e-09 1.98358767377832e-09 1.97098155643614e-09 1.91339646110017e-09 2.39711718059122e-09 1.04347163114535e-09 7.84140435554418e-11 3.34752689304089e-11 8.12343056216338e-10 1.6292091888121e-09 1.32528931024806e-09 1.34800254709688e-09 1.0646447753269e-09 8.20068885773556e-10 1.1389094187464e-09 1.07104281914891e-09 1.04836217036698e-09 9.77107688571607e-10 1.14977621681569e-09
4.18812789180573e-09 3.05839266500651e-09 1.00052232617939e-10 1.05932321446244e-09 2.0800231870232e-09 3.01406934923272e-09 1.0614189684086e-09 1.72990866188983e-10 2.90321848878552e-11 4.87047286625379e-10 1.05853553896726e-09 6.36691161073221e-10 2.79002121802935e-10 2.08648705395359e-09 2.0922789767558e-09 1.31896907146573e-09 3.67550324796057e-10 3.33026721828326e-10 1.91997031287881e-09 7.42611793363599e-10 1.25252986487391e-10 2.91246042563538e-10 6.41965777612717e-10 6.5126988476148e-10 2.02773964173273e-09 1.93263904951823e-09 1.70120370747739e-09 2.08745271578623e-09 1.87634652378059e-09 1.49471644710303e-09 6.61188478096286e-10 3.49459268657339e-10 2.8181406854209e-10 5.72315575327551e-10 5.35581341120713e-10 4.58127189178858e-10 4.20206410753255e-10 5.8474109684019e-10 3.45430296432697e-10 1.11143399057806e-09 1.12705879099266e-09 1.00065119119148e-09 1.17314391639449e-09 1.01765788276397e-09
5.05058563943003e-09 1.00029505947043e-09 2.8994549257686e-10 5.35401448202181e-11 2.08052968734798e-09 1.58090314581796e-09 3.45596036810159e-10 5.84672315601824e-11 7.48111264786529e-10 1.70942747507708e-09 6.5803712208981e-10 4.3929355759797e-10 8.4379533522592e-10 2.21147669662368e-09 1.27842893908903e-09 4.34948186242342e-10 4.48511698441778e-10 1.29323881957649e-09 2.83685711139444e-09 1.55666124220156e-09 4.56996472526447e-10 3.01501860999551e-10 2.34009443676293e-09 4.35352447759371e-10 1.14332593847007e-09 2.09489178084919e-09 1.61599624205905e-09 1.88285485444639e-09 2.58540731307515e-09 1.27491332439169e-09 6.27391161541971e-10 7.89216751503141e-10 6.08769490477461e-10 5.73420695234548e-10 3.75193985163601e-10 9.19338768867257e-11 4.16689055435205e-10 4.58005592139619e-10 1.38601502411677e-10 8.4712530996422e-10 1.12002090040129e-09 1.16883909919792e-09 1.12202326383013e-09 1.10635176656901e-09
