Validation points/black/Naja_naja-black.asc
NCOLS 267 
NROWS 469 
XLLCORNER 376490.070567719 
YLLCORNER 381033.488324056 
CELLSIZE 919 
NODATA_value -9999 
[rows 180 to 199 of 469, columns 44 to 87 of 267]
9.16932714579531e-09 6.96457470279068e-09 6.84488153831718e-09 5.96923514183848e-09 7.21501901271235e-09 6.70257187874718e-09 7.51679302775263e-09 6.71740994556999e-09 9.10454791287488e-09 5.64046085594129e-09 6.89817193824881e-09 7.08554367073482e-09 6.99472146168715e-09 9.5592863659409e-09 5.69588899209823e-09 9.3691122892295e-09 7.20078406731968e-09 6.80012326258801e-09 7.28087716615516e-09 2.23967851221922e-09 1.92160633950456e-10 2.20733920730496e-10 1.67762541350021e-09 6.34196222790125e-09 4.28057010071278e-09 1.55998783995252e-10 8.8099299006245e-11 1.49838000763403e-10 2.93725227072221e-11 5.44428935102924e-10 5.86972508246101e-09 1.71072483086473e-09 5.81439419744376e-10 5.7895023595075e-10 6.98913093693094e-09 1.36307597322753e-08 6.5498278398509e-09 4.04884193227468e-10 1.39041154848064e-09 5.58367519015044e-09 1.04180195671857e-08 1.10501996454584e-08 1.26570919263275e-08 1.27160764794306e-08
6.42677662110989e-09 7.32913658589581e-09 6.80704750317293e-09 6.78162126904484e-09 6.33955530952525e-09 5.11029805908239e-09 8.57137195875243e-09 6.80975377913883e-09 7.07987134629293e-09 9.63056954246983e-09 6.66537486894396e-09 7.99064134840759e-09 8.85489538079053e-09 7.43242873591043e-09 7.61492766558029e-09 6.86705826287855e-09 9.14313108381244e-09 9.39757677123435e-09 5.82261777084809e-09 1.28635372180343e-09 8.7749717735099e-11 5.00216375986119e-11 1.89587937613471e-09 8.82712475516841e-09 3.43632099047093e-09 4.57604698325571e-10 4.07324194850792e-10 5.0371543445125e-10 6.48496957738271e-10 8.91999784327559e-10 5.88036534583769e-10 1.12200264708371e-09 9.53663254746887e-10 3.35409879433156e-10 1.8070048730055e-09 5.62992548016015e-09 5.04302260758595e-09 3.64731787553439e-09 6.79742801211549e-09 3.83998506430723e-09 7.97357112025546e-09 1.13066428409587e-08 1.25322376031824e-08 1.31784124033594e-08
6.78473933007599e-09 6.62840961061041e-09 6.1610417184896e-09 6.25973595149868e-09 6.70934982414313e-09 8.81842952891595e-09 5.85614866341815e-09 7.41718827910124e-09 7.96379412159875e-09 6.95195804094213e-09 6.70923417014471e-09 7.62461207238428e-09 6.40320598030068e-09 7.06056990250021e-09 8.69338104699633e-09 7.64467705790975e-09 5.842766108922e-09 6.95776688440608e-09 2.44084946610838e-09 8.53513245094626e-10 3.02523098379534e-10 2.46152277305058e-10 5.85102563645708e-10 6.50111674077615e-09 3.33089025821129e-09 2.26494303061606e-09 2.77409984569685e-10 1.00084924229546e-09 1.09748185415078e-09 1.89235083978521e-09 4.68480613307743e-11 5.86212659134438e-10 1.84779203524289e-09 7.43058908946941e-10 1.49277795286465e-09 3.10225778273698e-09 8.72827220680963e-09 8.14407342646771e-09 1.56802950862553e-08 1.07982072025775e-08 1.11016395790744e-08 8.4881100379477e-09 8.67244391586997e-09 1.25621324170405e-08
5.78465490151892e-09 6.14502472280208e-09 6.84874080571237e-09 7.1827747716213e-09 7.5056617524055e-09 8.19935693358258e-09 8.98536378910564e-09 9.30901784148767e-09 6.36589453222653e-09 6.79049065501072e-09 7.16376990288379e-09 7.82962258804021e-09 7.15001488869508e-09 2.21077967220867e-09 5.10873373983035e-09 3.65552250325549e-09 3.82845709933158e-10 1.56589542040747e-09 5.13498802862286e-10 6.52782569169645e-10 5.16143438262272e-10 5.43411816253605e-10 3.3390137896621e-09 2.22154162008784e-09 2.85980656901853e-09 1.26728154387364e-09 1.0153813777317e-09 1.56923302982969e-09 3.69834919772972e-10 1.56171465445714e-09 2.75411378347768e-10 7.10466752421974e-09 9.89199301572532e-10 6.47715370276636e-10 2.87342276129397e-09 8.7386655519784e-09 8.44039940092499e-09 9.61331125196056e-09 2.02118325882225e-08 1.94222330145458e-08 1.52961124373363e-08 8.28153924429396e-09 1.39279498902581e-08 1.86906076667158e-08
7.04013047786133e-09 7.40986847943777e-09 6.76783050229421e-09 6.78259415276263e-09 6.56177187580137e-09 8.48719889780895e-09 6.34975237590171e-09 6.41877244224766e-09 6.66729278079429e-09 6.82573706756099e-09 6.53338776221317e-09 8.96899612627675e-09 7.3834592493174e-09 1.23712464025286e-09 5.55575313499863e-10 9.1986801029228e-11 4.02569269834481e-11 2.05112785982657e-10 1.84999048911094e-10 8.23218606680208e-11 1.66930053708024e-10 2.3850768976274e-10 7.04052268880614e-10 8.35537542214728e-10 2.29086364209256e-09 6.38564608099131e-10 5.74464163500519e-09 1.2420451572874e-09 1.59598534154412e-10 2.30194220391904e-09 6.66823494697242e-10 1.46370210479374e-09 3.24515516991017e-09 3.90801074676005e-09 5.12027246849743e-09 3.33273079787659e-09 2.37857792871333e-09 3.5188315192249e-09 7.35890370007477e-09 8.94372069828527e-09 9.76287697283499e-09 5.99171590743768e-09 1.02763489416637e-08 7.79270131007529e-09
5.99182703839647e-09 8.33985576369438e-09 6.76074882520626e-09 6.06793847992886e-09 6.4930599230838e-09 9.32750473610112e-09 6.43965760709334e-09 7.56592749042713e-09 7.30867246832889e-09 6.82497556713918e-09 6.97644347751874e-09 6.72900079842012e-09 7.6214713309603e-09 7.2920574518382e-10 5.93408033286405e-11 3.94308539902459e-11 1.95239156507344e-11 1.95176414970091e-10 1.06122784304314e-10 7.89498482209611e-10 3.40109947630548e-10 1.73067689532086e-10 4.13804643322121e-10 6.60852235080159e-10 3.3167963212843e-10 2.20379384501914e-10 5.7600842906708e-10 2.08740040558239e-09 9.04631179412133e-10 1.2716553615862e-09 2.23430957308331e-09 2.73795267344413e-09 9.63458364349062e-10 2.32467615887268e-09 3.12022675372984e-09 7.80755074053632e-09 2.08579100627861e-09 1.61355719900007e-09 1.55999624149493e-09 2.4562400124765e-09 6.64001198021271e-09 5.69245823026672e-09 9.16981475096976e-09 4.94714493097304e-09
5.87590041712526e-09 6.09079143229616e-09 7.6128559221655e-09 8.75585667558417e-09 7.35082088811161e-09 8.79169985836794e-09 7.96261465848274e-09 7.39727608468041e-09 6.54862389117171e-09 6.77198429893247e-09 5.71542476076276e-09 7.85986600303678e-09 7.13103614918742e-09 1.65331869825061e-09 2.47498756657084e-11 7.36489298690139e-11 2.53410406306009e-10 3.03789602611727e-10 2.54615876274841e-10 1.04017499867382e-09 1.06958885757465e-10 1.99304015250068e-11 2.4275792336552e-11 4.36045126169778e-11 5.9084496458809e-11 7.85877263491853e-11 1.31870503365495e-09 5.56779865718502e-09 2.42897203385076e-09 1.18988496052444e-09 1.90982329647724e-09 7.90673783244285e-09 2.72886147504626e-10 7.56936787253441e-10 4.48638057392429e-09 6.38472747396447e-09 1.04094864836252e-08 1.24157647727627e-09 5.2569959578176e-09 1.90658844480147e-09 5.52482985091838e-09 1.39864369089463e-08 1.25128374931148e-08 2.25939317196983e-09
6.11021655272901e-09 6.29826792139432e-09 7.34255550236823e-09 7.60903952813157e-09 6.44531929259821e-09 7.34618770232564e-09 8.17308945861064e-09 6.23719803819913e-09 5.26703669846305e-09 6.83604729062595e-09 9.13421697717146e-09 8.82977292474553e-09 7.0336214927447e-09 1.84084227561515e-09 1.66723737297279e-10 1.4146586149293e-10 2.08045896944342e-10 1.39805569350819e-10 3.4514043291109e-10 5.63057655247895e-10 7.1771949216019e-10 6.78827287669673e-11 7.98835520710536e-11 1.98245203173009e-10 3.43553694005882e-10 1.12239528954527e-09 4.92464672600535e-09 3.3764511972543e-09 1.96963115597811e-10 2.82792094685485e-10 6.01469195144823e-10 7.83522119614823e-09 5.89085950243528e-09 9.78111402447273e-10 1.03694150938905e-08 4.3773133079705e-09 5.43020033905508e-09 2.17052710421177e-09 3.69214441235987e-09 8.32989663783679e-09 7.03888986929093e-09 4.88259976879829e-09 5.70694847329215e-09 3.41934203181281e-09
8.91168074179292e-09 8.4066227568524e-09 7.4338191748845e-09 8.44534609745206e-09 7.38755662744946e-09 6.64441747381571e-09 6.89046124126991e-09 7.51918322369218e-09 6.84659622038939e-09 4.71522107324798e-09 7.18351267831715e-09 6.00781874077221e-09 8.54044573051399e-09 2.2065130965694e-09 7.81296702271292e-10 2.44270561710784e-10 3.73131085107353e-10 8.20602286943356e-10 5.33952176047078e-10 2.84734494532825e-10 3.76368477974445e-10 8.08007354668674e-11 1.59145774024956e-10 4.78914975856756e-10 1.36529679086098e-09 1.30540057340773e-10 5.88702717395356e-10 2.40196166846487e-09 2.17087048290453e-10 4.83435496676288e-10 4.61321576821678e-10 3.62120347625593e-09 4.10857608711696e-09 1.122023496139e-09 1.25790784469824e-09 6.87650088439537e-10 3.33589029020255e-09 6.30105791630294e-10 6.75954794875579e-10 4.64034426292716e-09 8.52008906769342e-09 5.94167845521897e-09 4.25601498372462e-09 5.88579148986868e-09
5.85399104293635e-09 6.73517849047379e-09 7.21195715944151e-09 7.58574885327099e-09 6.3936302836382e-09 7.12629500077402e-09 6.17521968067184e-09 6.7651970299925e-09 7.61956312074684e-09 6.58222575174853e-10 1.37689529729851e-09 1.1446581817158e-10 8.35221440408703e-11 1.4872168100714e-10 1.51958283768081e-10 2.62135593100334e-11 9.23482887340162e-11 6.96780270774368e-10 1.6058448387053e-10 5.85450818704702e-11 8.05801603738474e-10 6.92590568706685e-10 6.86965010554345e-10 8.56827608107734e-10 6.98999219973494e-10 7.81998238204431e-11 1.54082886826783e-10 1.9596694809308e-09 1.85191322316144e-10 4.84033255521075e-10 4.91400914393567e-10 8.97309880904834e-09 2.83415877172166e-09 7.13611306089266e-10 6.55309764516803e-10 1.05798202315651e-09 6.74081930592756e-10 8.6185308287516e-10 6.40080069371303e-10 3.05907902538075e-10 3.21297189543049e-09 2.69223843013931e-09 5.71759838943714e-10 2.78010610646315e-09
5.74151732587576e-09 5.64403787462794e-09 6.51276035232662e-09 6.16359517652125e-09 7.28373492704428e-09 8.70959229543203e-09 9.06407247541263e-09 6.61148289837572e-09 5.26940821952282e-09 5.09358293590961e-10 2.26668649731103e-11 1.49075321632515e-10 1.49795864422266e-11 1.28349301531928e-11 7.65076308838136e-12 5.38718239728414e-11 7.10070908971013e-11 3.66347063967702e-10 4.80440300952289e-11 2.98150328012777e-10 2.65855346361896e-10 3.62001998012967e-10 4.45685186752703e-10 7.31405816265912e-11 7.4409151990806e-10 5.55648024792945e-10 1.36121653694724e-09 1.68992687563597e-09 1.70554700791539e-10 2.51370752489122e-10 1.20988366325283e-10 2.12261106742458e-09 2.78885239087766e-09 3.07166066173251e-09 1.99487419049497e-09 2.63296984610422e-09 1.002625871559e-09 2.91670277425474e-09 9.84006687986286e-10 5.50628857457311e-10 4.8047091901097e-09 5.02345512249645e-09 1.14803232271931e-10 7.53787503445528e-11
5.59279925522933e-09 6.62897400806209e-09 7.13831567918981e-09 8.29526317234588e-09 6.29229982862313e-09 6.30735694835536e-09 6.99431973334692e-09 5.24679231925681e-09 6.66998704622873e-09 1.5607269736292e-09 1.46789553505244e-11 2.84322740999016e-11 3.74085138569769e-11 2.64805246603619e-11 3.93324183454924e-11 4.49603485885348e-11 3.75991986083075e-11 2.05274768876972e-10 2.21330437614571e-11 1.25925080626437e-11 3.17922108197191e-11 8.8108731813656e-10 7.91452593913052e-10 2.88361351195824e-11 5.64500075070258e-10 4.8195963549293e-10 3.93316250496538e-10 1.10125035190109e-09 2.89107096027622e-10 2.43903597946226e-10 2.44503528091227e-10 3.47232616877567e-10 1.13042207368246e-09 3.88727210966665e-09 3.91767670435056e-09 1.02003487019228e-08 1.26791142775261e-09 3.25134261021128e-09 2.67178874875587e-09 2.24287716805098e-09 6.63449157155752e-09 1.43599348877594e-09 3.45562561297827e-11 4.95883121037606e-11
6.41160475111026e-09 4.33916218574208e-09 2.73526560341888e-09 5.32019608222928e-09 8.21980769932524e-09 6.06514060187989e-09 7.35013110380985e-09 6.21428833188551e-09 1.00946590382138e-09 6.92827915958887e-10 9.17411194171592e-11 2.10533901202582e-11 1.24344352349846e-11 1.18449813011539e-10 5.17789521468803e-10 1.37296538745234e-11 1.09503685804593e-11 1.90659258603126e-11 9.30992302681863e-11 1.28143234924417e-11 5.98603801430152e-11 7.54892342582501e-10 1.53070331148397e-10 3.73365042196897e-11 2.85703052905277e-10 1.89484040250178e-10 9.32836185740582e-10 5.38007328842556e-10 6.17144926946967e-10 3.76561658305019e-10 1.0283235191942e-09 5.59460764942955e-10 4.13979254679628e-10 2.54292463611116e-09 8.32890887026951e-10 5.90527352070564e-09 1.61206114074842e-09 3.35807063073019e-09 9.27183612913213e-10 3.95474815621375e-09 2.30650158656374e-09 1.63758902544628e-09 2.46730495395106e-09 1.36164494127658e-10
3.55751117777652e-09 8.42342038239843e-10 5.48743150237681e-10 1.84108256384175e-09 6.8454425762338e-09 6.33405609575482e-09 4.04190565650549e-09 1.9635343359343e-09 5.43595199537727e-11 2.07583286728085e-11 1.84646023393647e-11 3.66234730699859e-11 1.59278776665334e-10 1.42490676303626e-10 6.14960464700206e-11 3.12375429057803e-12 4.10322672632401e-12 3.80887227881065e-11 1.54732665905515e-10 1.06764647536579e-10 2.70646464781047e-10 3.35518077373251e-09 6.0245664099775e-10 1.7108985336713e-10 6.41262721379832e-10 6.77785338202837e-10 4.28623888549052e-10 2.13932737677187e-10 2.69646532658769e-10 2.69438822649989e-09 2.05289506459699e-09 5.97817987739327e-10 1.28855043564692e-10 6.43124838367093e-10 3.71180948687999e-10 7.56180477965228e-09 2.89189203015037e-09 8.45775339706088e-09 1.08908121224858e-08 7.74122330518641e-09 3.66762375603512e-09 3.2027854725162e-09 2.15268257159002e-09 1.378183243492e-09
2.04007513504409e-09 2.28045667929393e-09 1.17228481503382e-09 1.37101357279674e-09 1.24094876442553e-09 1.71134884610693e-09 1.13572259453177e-09 1.68529845505965e-09 8.0911960413985e-12 4.69834097073648e-11 1.8077578077208e-10 2.85731638497504e-10 2.19761855608882e-10 7.24545647721834e-11 1.03365054397262e-11 3.25617924845233e-11 1.04013712779945e-10 1.16116111879709e-09 1.52450916221189e-10 2.38342953458225e-11 4.23661692509536e-10 9.84301108566601e-10 1.34144340809634e-10 5.2017047243606e-10 3.62247266542633e-10 3.06210940472941e-10 7.21000843196452e-10 1.60811599239928e-10 2.3434222033094e-10 3.08594403354574e-09 8.13619075068997e-10 1.50236682011251e-09 1.50765649609168e-10 1.81898121354428e-10 5.10494955426057e-10 3.77925333178387e-10 7.37018084467672e-11 1.68362654688331e-09 4.04327865282718e-09 7.43597860609242e-09 1.7992868226949e-09 4.27829502916599e-09 1.05196975022306e-09 3.78555366421407e-10
4.42144681232021e-09 5.59383272783318e-09 1.08911931911041e-09 9.15471422712019e-11 5.06009613997479e-10 6.01030290383963e-10 4.56729135811851e-10 1.79094932709394e-10 1.79085417689638e-11 5.8740242592289e-11 1.84307326886507e-10 1.19858792452266e-09 7.76563464608557e-11 5.14915244117363e-11 8.50529544428554e-11 2.66822455135154e-10 1.07483383042543e-09 1.00862660354029e-09 6.22428435932239e-10 4.45230884366417e-10 1.80536609310687e-09 3.04692201949131e-10 1.70321389143318e-10 8.68293894288146e-10 2.35925463559323e-10 1.23620459498018e-10 4.77057696365869e-10 4.19402172499421e-10 4.94819844343669e-10 1.79995576636613e-09 2.87186514793467e-10 2.23911356493476e-09 1.79605721513971e-09 1.35643213154085e-09 2.03537218043302e-10 8.44775715879245e-11 2.30963562169534e-11 4.75923675680488e-10 1.87291268582179e-09 3.57935907685257e-09 1.70282925831996e-09 9.65621124428937e-09 4.17265520685716e-09 6.72124109045667e-09
1.16875341535713e-09 6.2849837425183e-09 5.26371184822749e-09 4.46106280084426e-09 1.42918204730423e-09 1.39072017684459e-09 7.10859522713689e-11 9.18901928177248e-12 6.74441181366544e-11 1.29761617694226e-10 1.48069584060304e-10 2.97645026899294e-10 3.7845042129439e-10 1.94209297294993e-10 1.18790998358067e-09 5.15423610528382e-10 3.91508127869328e-10 1.54844194704118e-09 3.65469919378666e-09 4.16031784032954e-10 1.20553482220933e-10 5.60800825625758e-11 6.9334669342318e-10 1.74730856972347e-10 2.26714399551011e-11 2.91327828443146e-11 4.99248297250815e-10 1.20416920211119e-09 3.12083701405933e-09 2.24113188160077e-09 2.7415000330434e-10 4.07859857359477e-09 1.08449289412051e-09 3.59069056531064e-10 4.78598885708487e-11 2.18028135998535e-10 1.84569603564016e-10 1.27221351743445e-09 4.41289771743737e-09 3.85480067622207e-09 2.51045444938706e-09 3.7179686742209e-09 2.22475040782386e-09 2.36159025876745e-09
3.27851960155033e-09 6.33100506792394e-09 5.64938346206523e-09 6.10142607410959e-09 2.06623226679483e-09 1.14849686621408e-09 7.8285911630758e-11 8.31445174039212e-12 2.45527660008442e-10 1.24783783030042e-10 9.39048059378803e-11 3.47672372808285e-10 6.94466271929113e-10 5.80874058849034e-10 1.1958707195868e-09 2.13605383666785e-09 1.9082056616017e-09 2.67516689137754e-09 5.50332611991481e-09 4.70028287984851e-09 3.98964425419285e-09 2.5183325779008e-09 9.39101285740228e-10 6.16373112107305e-11 3.57668898411295e-11 8.72306290864533e-12 2.11408575661285e-11 1.26122075291087e-09 1.61049786369513e-09 4.43520694135229e-10 5.84245121486537e-10 5.33078180813553e-10 2.58024378355871e-10 8.83258986536294e-11 7.78156634678598e-10 4.31028414887232e-10 4.45374300076645e-10 1.09189699068039e-09 1.38418906616034e-09 1.59343854367676e-09 7.54696649892972e-10 8.54184344348071e-10 4.69910372380202e-09 8.0782686789645e-10
4.4794682811687e-09 7.61190075201214e-09 8.45173058972532e-09 6.04081750844721e-09 6.25408827401974e-09 6.48880995495524e-10 1.37222683994333e-11 2.73279578679153e-11 1.80242111528763e-11 7.88672813434563e-11 5.27331143484437e-11 1.87625404102954e-11 4.24494266018078e-10 1.57876210585017e-09 1.19555296446649e-09 2.72998311569639e-10 2.0202506845401e-10 2.5496562517695e-09 4.90106820691486e-09 2.2580705376174e-09 1.5044705351783e-09 5.82759901358896e-09 5.31565643408587e-09 1.17982195274782e-09 4.32584918528921e-10 3.74635727728047e-11 2.54679210415761e-11 2.69979906673503e-11 4.63924612501755e-11 4.08788902009503e-10 4.10911352630084e-10 2.35422912829891e-10 3.52064031779352e-10 1.01514194479276e-10 6.86904894098658e-11 1.39434454588306e-10 5.53167109693223e-10 1.63502607772324e-09 1.30159178092567e-09 5.33777670898521e-10 4.0207437095073e-10 6.08984266263172e-09 5.11005328630127e-09 1.53774310167051e-09
8.58464224593287e-09 1.43278416651656e-09 7.14040805796537e-10 5.14905693884091e-09 4.58004293777088e-09 2.01238193053397e-10 1.26081375257864e-11 1.69911272263259e-11 9.71447112179237e-12 1.96328655269574e-10 1.7419027247941e-10 3.26731145303439e-11 3.61547164710251e-11 4.49707205100573e-11 2.15367611048662e-10 8.51512360655043e-10 2.37807599317208e-09 2.17348933457182e-09 3.67825300804773e-09 3.02387135790989e-09 1.80795387496622e-09 2.04815938474936e-09 6.70957063816779e-09 1.11374400481111e-08 7.14271557430675e-09 2.0083017586149e-09 1.44233281231824e-10 8.63750905417028e-11 6.9157320802839e-11 6.75166349208722e-10 1.24065088313815e-09 2.12497758816378e-09 1.65277201640415e-09 1.22487022009261e-10 3.05441719956472e-10 1.47080510252982e-09 1.34559931413105e-09 1.51001618322139e-10 2.77075864510283e-10 3.5306175604491e-10 7.16913366533855e-10 3.36843549719846e-09 8.843482035626e-10 3.00935947799064e-09
