Validation points/black/Naja_naja-black.asc
NCOLS 267 
NROWS 469 
XLLCORNER 376490.070567719 
YLLCORNER 381033.488324056 
CELLSIZE 919 
NODATA_value -9999 
[rows 280 to 299 of 469, columns 88 to 131 of 267]
6.94177297561858e-09 7.535640900813e-09 7.64601712052011e-09 5.35413809840809e-09 5.0101153215289e-09 8.15038623941395e-09 7.35371569837391e-09 7.74986390929274e-09 3.94668156828435e-09 9.31895835090012e-10 3.63781466956751e-09 3.15260739759657e-09 3.86403992314823e-09 4.18067608401652e-09 4.17134404726379e-09 5.46803185655363e-09 7.24732623651355e-09 4.46538609587237e-09 4.69511304583594e-09 4.79229720580595e-09 4.85914888670146e-09 4.3007006789852e-09 2.65085568069405e-09 5.13332009170565e-09 4.13372896623513e-09 3.59290695511815e-09 2.99314113731959e-09 5.0024509802634e-09 5.06357559844985e-09 8.41106104545731e-09 8.83077325292601e-09 7.95432916267239e-09 4.58533432086845e-09 6.61718116311668e-09 5.97507791304004e-09 5.19658306485052e-09 3.6430628947757e-09 6.18753878484964e-09 3.38636835919715e-09 1.96230510393543e-09 1.37384927601003e-09 1.01863170147115e-09 1.75621401368128e-09 2.80740665173752e-09
7.52453043737272e-09 4.99037145643583e-09 8.50955080924769e-09 7.62259897715662e-09 6.11316225072669e-09 4.89127331232513e-09 3.94737914767464e-09 7.42239239594358e-09 4.99662719859972e-09 3.88780913779968e-09 3.26510924514176e-09 3.14607681208749e-09 3.47676205487316e-09 3.39550836544944e-09 3.84352379399662e-09 8.50589794193071e-10 4.91506473832386e-09 4.06206326095709e-09 4.57533069188719e-09 4.09518693134216e-09 4.35778967255457e-09 4.44381901011145e-09 2.47339376012654e-09 1.66627439998221e-09 1.83040351005133e-09 2.7800796690964e-09 2.21873440757094e-09 6.52662392761697e-09 9.19097682644334e-09 7.114581731657e-09 5.52312798082142e-09 6.44212400438948e-09 5.24698519474184e-09 5.50140454157397e-09 8.8466240070189e-09 6.48069187204119e-09 4.2212875011333e-09 5.28163520749345e-09 4.2068080989032e-09 2.45814487295776e-09 5.18068078995069e-10 4.28554297240463e-10 1.0464582691957e-09 2.00133173754926e-09
4.58195321308193e-09 5.92341613349758e-09 4.78524665241546e-09 3.87463642725673e-09 5.13928045756584e-09 7.31402456289111e-09 3.24366147628446e-09 3.03438699477403e-09 7.40633261930126e-09 3.92541055598678e-09 4.10717149125942e-09 4.01506049178084e-09 3.52927183441051e-09 3.64204875485665e-09 4.48719113645305e-09 7.03095702068169e-10 4.34511641781977e-09 7.21868323559057e-09 5.0667985144309e-09 4.30145565745684e-09 4.46896325765681e-09 4.0635523616705e-09 3.21479026138033e-09 1.42978286636744e-09 6.51224907612217e-10 2.33029030648343e-09 3.50684062382404e-09 5.20095514407173e-09 9.22637769674633e-09 5.28519500263282e-09 5.22310159548948e-09 5.59685359869393e-09 3.77200501061577e-09 4.51350877136535e-09 6.51184010402042e-09 4.50887655251846e-09 4.97476954337297e-09 2.91315555735533e-09 3.75048540061957e-09 1.81889742502196e-09 5.23805013045654e-10 4.79996028968197e-10 1.23574342743329e-09 1.24480098180029e-09
4.46922474586607e-09 4.38783531688007e-09 4.54847428390367e-09 7.44606240218698e-09 5.16095586354421e-09 7.65496666905814e-09 4.94465538397614e-09 8.4878230555902e-09 4.63699669622142e-09 4.13910825295096e-09 4.19347054859996e-09 3.68161145647112e-09 3.41643702735448e-09 5.51312582750351e-09 7.63775217389857e-09 1.79002228322134e-09 2.15004227323901e-09 4.78021212421981e-09 3.67830763597064e-09 4.20785440692953e-09 4.08768185759891e-09 3.59578475369195e-09 2.52708620230133e-09 3.67085471571099e-09 2.74299892239059e-09 4.79082108915523e-09 4.64644932334085e-09 5.12541023559515e-09 5.82093340285532e-09 5.47466836735639e-09 5.83632568633063e-09 5.23822103613217e-09 4.31367157581215e-09 7.41101918878495e-09 5.21927472188878e-09 4.77177337643554e-09 2.74886009794166e-09 2.15127067610854e-09 1.3383176263745e-09 9.04548081201973e-10 3.20558222771104e-10 3.60517867817185e-10 5.97836787139355e-10 4.42823829382355e-10
6.29278852765062e-09 3.77768140963177e-09 5.0616754207444e-09 4.67711415118949e-09 4.25543065177287e-09 5.5514628099851e-09 8.05414825704068e-09 6.56509957339385e-09 5.69472815467179e-09 2.56653629788958e-09 2.31488568377337e-09 3.65974282251062e-09 2.99200929222249e-09 4.21361053848878e-09 4.7665504073129e-09 5.30485630198786e-09 1.48274205474309e-09 3.38499900439636e-09 4.34234667670869e-09 4.55291679801421e-09 6.28191043625987e-09 4.10837904096025e-09 4.84266576231875e-09 5.48032274439233e-09 5.02051714331301e-09 4.64893758521111e-09 5.01967837905212e-09 9.34620964660958e-09 7.56996644371127e-09 6.12647875044264e-09 5.47624895500113e-09 5.80693848204699e-09 4.66253219839997e-09 4.53017002744697e-09 6.06159064338373e-09 7.22071140456104e-09 4.65253490099956e-09 1.83134546093024e-09 1.24635823844125e-09 1.08042128803262e-09 5.66386605175392e-10 2.50572314174082e-10 1.43344645724056e-10 2.45755690462724e-10
4.65168948812201e-09 2.98476392461216e-09 5.83252022821906e-09 4.22265338876204e-09 7.2092632592087e-09 5.91454518416845e-09 2.85094627645233e-09 6.95835783663497e-09 5.60163853885431e-09 4.89643162959887e-09 4.8250129622183e-09 2.90806039638538e-09 3.22671280813694e-09 3.51093468221808e-09 4.94428191194749e-09 4.68645825034917e-09 2.23014175333209e-09 3.9136100935955e-09 4.47550606913979e-09 3.10344816851968e-09 4.02510038588532e-09 4.14639724611472e-09 4.75102514481506e-09 3.91178275645542e-09 6.06964750790106e-09 4.77982872451948e-09 8.05324420499499e-09 9.13787443149793e-09 5.77693918530972e-09 5.70798010894267e-09 6.86973240793329e-09 5.09528316625666e-09 6.40538491094844e-09 4.91397264659277e-09 4.18987007445165e-09 4.64238475223631e-09 3.92391392171912e-09 3.35558357442867e-09 8.21747944704775e-10 1.20365133831478e-09 1.01458555701367e-09 2.68825907601894e-10 5.44737828992002e-11 5.29741489665702e-11
4.31870143887546e-09 3.58412219397055e-09 3.36283302171273e-09 4.32218785074127e-09 3.35424783417547e-09 2.98021285122946e-09 3.68969583483208e-09 4.79595515727145e-09 7.97630253916889e-09 8.48425379370142e-09 2.50909325594348e-09 3.36847259612528e-09 4.66703062339275e-09 3.74040245331254e-09 1.68623210004396e-09 1.41122532318694e-09 2.5650961287896e-09 6.58493481824883e-09 4.34898330212368e-09 5.62850468235097e-09 3.92925833647794e-09 6.05836899046262e-09 5.18436214024482e-09 5.121074309011e-09 4.15292892629266e-09 5.09012632355453e-09 8.53873569606405e-09 6.52842815921843e-09 5.82881136166011e-09 6.1159016436352e-09 6.26859916895201e-09 4.51936156858844e-09 6.52923777032924e-09 4.7297139480205e-09 3.68340841701231e-09 5.2491638822412e-09 2.21418251009323e-09 2.06122295392719e-09 5.46819917898069e-10 8.5729502327953e-10 1.5131794793628e-09 7.80221038117876e-10 1.65070983107922e-10 6.00219571581602e-11
5.82860142793149e-09 4.17055553794815e-09 3.39477929767665e-09 3.99314280046769e-09 3.93397866447322e-09 4.57719076139872e-09 4.8172605999926e-09 9.35035881797101e-09 5.55867163129423e-09 8.88999662101727e-09 4.39304602730356e-09 2.17211076512548e-09 3.47310648882266e-09 3.22174324631785e-09 3.35096590167395e-09 2.00094882135664e-09 1.10923130676577e-09 6.42463529884615e-09 7.06406508361434e-09 2.8090028471851e-09 3.12175887283388e-09 4.48666970758862e-09 5.52536302349572e-09 4.33842628982304e-09 4.43124081243663e-09 7.51165272591483e-09 8.45797291708208e-09 5.9057441670679e-09 7.11701181513793e-09 7.72831462463663e-09 6.32772567331888e-09 6.02319586632317e-09 4.92744473376867e-09 4.48957210188712e-09 3.74408928414361e-09 3.17968610012282e-09 2.69456508830036e-09 1.50341077410506e-09 1.08205656567318e-09 2.26909485073881e-09 3.36479223443851e-09 2.16953028422462e-09 5.95968588766906e-10 3.32545198751792e-10
5.34170264807962e-09 4.27252079473193e-09 4.86925087028338e-09 2.88860567552864e-09 4.61616668090623e-09 4.24260795631933e-09 5.18877016273019e-09 4.90558858191874e-09 4.9808714804743e-09 8.50930820217755e-09 6.16701827076754e-09 8.4078030729598e-10 1.88809677111065e-09 3.79879806778821e-09 3.7499440175975e-09 3.99587852079685e-09 7.00447802718105e-10 3.90059751389493e-09 6.1768639766941e-09 4.64803940573039e-09 4.3901382411691e-09 4.71798844978835e-09 6.45097565305448e-09 5.33227826681299e-09 3.89889897819902e-09 5.18213125149686e-09 4.93011747038885e-09 5.54733631913273e-09 9.87929848118756e-09 8.3680058741806e-09 8.02350852797385e-09 4.38406603345852e-09 4.58102258266608e-09 6.93152208841345e-09 4.61230299189694e-09 4.51671262357739e-09 4.24278977730745e-09 1.6326339467496e-09 9.48963740635365e-10 1.22665325994121e-09 3.77377996304483e-09 3.24746160909664e-09 1.27874412317426e-09 8.05121554304144e-10
3.99455951955625e-09 4.04306445522809e-09 4.40845118112853e-09 3.08088411934078e-09 3.99046976437049e-09 4.43115434976967e-09 5.30198925773886e-09 4.45416456250433e-09 4.77038236358375e-09 5.03763996780987e-09 4.94869935055151e-09 3.00159505616723e-09 3.41695949193682e-09 4.33025929540021e-09 3.73981113691925e-09 3.42752677100761e-09 3.72116264088308e-09 5.10283800547649e-09 5.32463520115136e-09 4.82501989260453e-09 6.33381811844607e-09 4.61744051062112e-09 7.76379391080357e-09 4.5959984882997e-09 3.45201402246482e-09 4.59427800573132e-09 5.00292553397901e-09 5.8558585042958e-09 6.62102341581952e-09 5.3813999934394e-09 4.98693561424423e-09 7.28218568299248e-09 5.03593182834857e-09 4.69344745192176e-09 4.66144353540871e-09 4.00252470743822e-09 2.77133458651875e-09 2.05778725501831e-09 7.26885941207497e-10 1.50562004081254e-09 4.00274298050443e-09 3.25837096952396e-09 2.89341007991995e-09 2.79786148177127e-09
4.32709299725487e-09 3.89993903334694e-09 4.15070544743695e-09 3.71526265459859e-09 4.91001800618897e-09 6.95275565023106e-09 3.48404473204919e-09 3.90839730821973e-09 8.16894014373819e-09 4.89037076892994e-09 5.50948695350157e-09 3.03263844282978e-09 2.93382951126476e-09 2.58154615091066e-09 4.13030838324019e-09 4.79832219356602e-09 2.99779624778939e-09 4.1148550405092e-09 3.42796385927512e-09 4.32680274293426e-09 4.31194750466879e-09 4.15767134096488e-09 4.57090924234826e-09 4.26277516973784e-09 5.63257712029673e-09 6.6096527107026e-09 5.37547418183655e-09 5.19691036342527e-09 5.6847560070101e-09 5.99420007010563e-09 8.80231232603952e-09 8.2929444033141e-09 5.17227961277141e-09 4.55602479678659e-09 5.72524436353641e-09 3.51376950275539e-09 2.15513573552723e-09 1.14713091904098e-09 7.0764793493353e-10 1.08588653304019e-09 3.71533062799442e-09 3.23109882067915e-09 4.68310349055631e-09 2.49074370503607e-09
3.55576569616547e-09 3.71219195265492e-09 3.91017212391906e-09 3.41127449630226e-09 6.4446601878939e-09 4.55891044475857e-09 4.76621833338784e-09 5.70914379771942e-09 6.65143571072514e-09 4.43747553390082e-09 4.86224435904634e-09 3.20442811373527e-09 2.29217997109267e-09 1.65524429588325e-09 4.08056515610692e-09 2.83100956988115e-09 3.64686025148153e-09 6.01978568400062e-09 4.1213526973123e-09 2.94690673701629e-09 4.31365760346237e-09 4.91524466954392e-09 4.86140492225772e-09 7.34058728971004e-09 5.78879306428996e-09 4.95785453494837e-09 5.70808841596618e-09 5.42097946113125e-09 6.98390589402188e-09 7.70220712560756e-09 5.28632270418113e-09 8.33016939824273e-09 4.71082746873986e-09 6.84819535108437e-09 3.95822469633439e-09 3.72874379326352e-09 2.87638872109238e-09 1.21528211213967e-09 7.6474619950735e-10 1.09880878234616e-09 2.35805853247935e-09 5.62533677679319e-09 4.20722163969011e-09 4.04196041530081e-09
4.16690804651221e-09 3.3897504693768e-09 3.6787379421484e-09 4.97986578146063e-09 3.67755295116415e-09 4.19515559475389e-09 5.08450394632861e-09 5.41199299066852e-09 5.70820724690453e-09 6.93555351463053e-09 6.89680950562561e-09 4.78878294920109e-09 3.86661961365774e-09 3.5578533187467e-09 4.20354546661318e-09 4.84142609141972e-09 4.07032105925133e-09 3.98542469910801e-09 4.50870792237608e-09 5.62973305973788e-09 6.8214719570081e-09 4.70298988412978e-09 4.42172273277239e-09 5.00019250728816e-09 5.26565038011449e-09 5.01096757164215e-09 7.94627162642906e-09 5.63078111727768e-09 4.99007989210476e-09 6.98359527877365e-09 4.74076120266836e-09 5.75474674857894e-09 4.95058744673101e-09 4.92670964675954e-09 3.98071488604568e-09 2.63342455267357e-09 2.28317242588209e-09 9.2923646191471e-10 4.7722355140213e-10 1.22775237225546e-09 3.71832617288114e-09 3.06436631171405e-09 4.49118372230604e-09 4.87265454414639e-09
4.37949311993768e-09 2.57835896873726e-09 2.78043449749182e-09 4.32639327540921e-09 2.78226293683799e-09 4.26642635957239e-09 4.89459145204158e-09 5.20754654119218e-09 6.1359456237615e-09 4.047595217393e-09 5.188538206699e-09 5.0192511639191e-09 3.87349561060021e-09 3.80768110364135e-09 4.35834298791249e-09 5.19150070320754e-09 4.74120887060469e-09 4.19629766652475e-09 6.19120393588472e-09 4.50394974772904e-09 5.15023970052221e-09 4.93731950863167e-09 7.75041310353374e-09 7.39828645809791e-09 5.02390440252902e-09 5.2999517300605e-09 5.3289373142325e-09 8.01233674218243e-09 4.9524029468777e-09 4.73000142572405e-09 5.26723040432922e-09 5.68478154151759e-09 4.72009263049437e-09 4.62151933605223e-09 4.22058020713296e-09 2.63164138340408e-09 1.92895711832645e-09 8.62902285165299e-10 1.20388635905487e-09 1.42523287374449e-09 2.12759018436536e-09 5.3499321019354e-09 3.76131312024929e-09 5.36941020862361e-09
3.70836908483341e-09 3.45915749658381e-09 2.77426288477193e-09 5.71796185388038e-09 3.58412273656877e-09 3.90460669907096e-09 4.65638748881133e-09 6.29188434256983e-09 4.14547475016436e-09 4.44557327355987e-09 4.99784479106242e-09 4.96849720206354e-09 5.25633238538732e-09 4.23966436252445e-09 4.9356428313758e-09 5.34142497823657e-09 5.89909058062631e-09 4.76016209478534e-09 4.03384194462314e-09 4.19784776677439e-09 5.05258225313204e-09 4.86921822474181e-09 5.2931720602917e-09 5.23652435095896e-09 5.09416139911389e-09 5.83702277950321e-09 5.74859599115071e-09 5.36438315650534e-09 6.58281372529817e-09 4.8336922650173e-09 5.85635770689191e-09 6.84938801548792e-09 4.90584852840645e-09 5.19561360211437e-09 3.24979618376941e-09 3.32233383022709e-09 2.06831216506167e-09 1.71723772773281e-09 1.19777741434339e-09 1.64136437149769e-09 2.44481686192134e-09 6.46673926192364e-09 4.85928534910696e-09 5.65708741343176e-09
3.92966672563162e-09 3.31985984443139e-09 3.05261465192845e-09 4.00432296879802e-09 4.14661926281957e-09 3.97578912612029e-09 6.36112823328086e-09 3.94352094064439e-09 4.83109025343472e-09 4.74643256954268e-09 5.32489410660323e-09 7.09179053328537e-09 4.76024863629672e-09 6.55220940664896e-09 6.94509416631749e-09 8.47020758532306e-09 6.83554713123808e-09 4.39469123675241e-09 4.3824332153763e-09 6.27489620056206e-09 4.87978736858811e-09 4.94416461034428e-09 5.46722818274053e-09 7.97009276863891e-09 6.60891895998686e-09 7.50611382177866e-09 7.23584005561877e-09 6.2316901377987e-09 7.5890983957773e-09 5.01475031251862e-09 4.78156172884941e-09 3.9385745551018e-09 5.36406078086929e-09 5.02827808355727e-09 4.8323558450805e-09 3.81957437048363e-09 3.52272872376234e-09 5.40985030935173e-09 3.41182219578394e-09 3.1593704860013e-09 3.96289071540387e-09 4.51701928228186e-09 7.97389039489049e-09 5.42884035237311e-09
4.34066005554026e-09 4.23335960888001e-09 3.69536058837898e-09 5.0313626462851e-09 5.64736628660908e-09 4.85304469545724e-09 4.6593670527942e-09 3.52729214688572e-09 4.67448442234309e-09 4.80571748985957e-09 8.0942993582441e-09 5.2054840781481e-09 3.89989847728127e-09 5.79193892561797e-09 7.445665973583e-09 5.44927076275174e-09 7.86658141132474e-09 4.43917320687676e-09 5.8663168115852e-09 4.91640591417844e-09 4.6021112344091e-09 4.38959739883869e-09 5.73570912594049e-09 6.03802319132511e-09 5.74643990041478e-09 9.31812974249499e-09 9.84576796974343e-09 4.99860547889983e-09 5.55634775736648e-09 5.06234730904369e-09 5.03954328216675e-09 5.80839468489974e-09 4.79546385130454e-09 6.11794391292444e-09 6.83420385804128e-09 4.444299226045e-09 5.47690102415873e-09 4.39955332046328e-09 6.1416873896538e-09 5.75117259379353e-09 5.94048433974616e-09 3.86341873953999e-09 6.3199837816139e-09 5.17657652349259e-09
4.60174678283566e-09 4.33400897631616e-09 4.87220495063177e-09 6.64217891087167e-09 6.7028071967581e-09 7.18503537954353e-09 5.4962696146865e-09 4.06029482614938e-09 4.36194318272751e-09 6.29933262821312e-09 4.68070907171254e-09 4.74048109991682e-09 4.6702871844648e-09 4.62844220430577e-09 4.31275203249598e-09 4.74070353777565e-09 4.78705874779067e-09 5.44550796662916e-09 5.10419607035096e-09 4.72640026284947e-09 4.26372394106047e-09 6.63625271255087e-09 7.76350883480726e-09 5.38730495888541e-09 6.51739812957438e-09 6.59396651796741e-09 7.94617720128675e-09 9.12828278617888e-09 8.40564940123386e-09 5.88368132822651e-09 5.35609471379638e-09 5.77382390788045e-09 5.04913007349818e-09 6.954482978446e-09 4.9304610067129e-09 5.28491816331945e-09 4.56750239983207e-09 3.42790301485774e-09 4.99423717520062e-09 3.75648138134228e-09 5.6574465173241e-09 5.09361295464474e-09 4.90942765820246e-09 4.79912533442381e-09
6.56271032081473e-09 5.54216774056256e-09 4.93531581605989e-09 4.94438637338189e-09 5.21704555752642e-09 5.35002640681325e-09 5.15282653055667e-09 5.43361574156963e-09 3.9683950526076e-09 4.80753065590221e-09 5.67035627634305e-09 7.34456983492071e-09 6.7793352094543e-09 4.8036604099601e-09 4.08722617899617e-09 3.91583342977147e-09 3.61821469773309e-09 5.84781557153736e-09 3.12388674404805e-09 5.84099168628017e-09 4.1274137815397e-09 4.0765957044846e-09 4.75510402123711e-09 8.08375309592738e-09 5.93506923862895e-09 6.5031501045901e-09 9.79066786853728e-09 6.19286404082749e-09 5.8248387758185e-09 5.82824455126288e-09 8.88260153359314e-09 5.89163963387047e-09 5.75884345692537e-09 5.140552638206e-09 5.19124888994855e-09 6.54433439185628e-09 5.20451472503453e-09 6.31314247957525e-09 3.89397755964728e-09 4.77190735324447e-09 4.75275808899311e-09 6.70162848511122e-09 5.66924849434211e-09 7.35665827335252e-09
8.13177930629897e-09 5.3931759490484e-09 6.07532444042038e-09 7.3664993975707e-09 5.60334522009633e-09 6.82586350245489e-09 5.29815403653007e-09 5.44827093124039e-09 5.02090926541118e-09 7.84649660349953e-09 5.6622417280387e-09 6.68224108369547e-09 5.35764393645071e-09 5.2864620928052e-09 4.00401298228964e-09 2.87313253772356e-09 3.42733817208894e-09 5.94383560459303e-09 6.39171721959137e-09 3.84026063219654e-09 6.60014871063497e-09 7.18458032415931e-09 5.31026949771228e-09 7.02888503856456e-09 5.67696315497983e-09 6.08014769535126e-09 6.13161481076459e-09 9.23490813286234e-09 5.474663649241e-09 5.9371647700353e-09 8.00191328528542e-09 8.5777583219087e-09 6.10092674812562e-09 7.54282522198043e-09 5.74726837099047e-09 5.11667841792612e-09 5.07685193805923e-09 3.83106559280261e-09 3.98281735708961e-09 4.81891341083074e-09 4.14134106064308e-09 5.40382346983259e-09 4.54757368672965e-09 4.31564518990018e-09
