Validation points/black/Trimeresurus_trigonocephalus-black.asc
NCOLS 267 
NROWS 469 
XLLCORNER 376490.070567719 
YLLCORNER 381033.488324056 
CELLSIZE 919 
NODATA_value -9999 
[rows 180 to 199 of 469, columns 0 to 43 of 267]
-9999 -9999 -9999 -9999 -9999 -9999 -9999 -9999 -9999 -9999 -9999 -9999 -9999 -9999 -9999 -9999 -9999 -9999 -9999 -9999 -9999 -9999 1.15490901824025e-10 1.06209502780848e-10 1.5156530292141e-10 1.31754788620927e-10 1.42902568733051e-10 7.23930825290908e-11 7.80998272470783e-11 1.08397409047699e-10 1.16545984257926e-10 1.14069410710103e-10 5.38938568818147e-11 1.2994794153188e-10 1.50695282057395e-10 1.51665615410083e-10 1.54471529727109e-10 1.49358428873608e-10 1.68608885457876e-10 1.2101532815953e-10 1.36546990580054e-10 1.75336433882289e-10 2.3250221892539e-10 1.24780705874864e-10
-9999 -9999 -9999 -9999 -9999 -9999 -9999 -9999 -9999 -9999 -9999 -9999 -9999 -9999 -9999 -9999 -9999 -9999 -9999 -9999 -9999 -9999 1.29095987013114e-10 1.16770109290993e-10 1.15406607991807e-10 1.78570098749142e-10 1.34952466671064e-10 1.13451297914717e-10 9.40340693865447e-11 7.60715799523536e-11 1.28055669000056e-10 1.2350290450994e-10 5.33864898842236e-11 3.78983083078299e-11 8.58932748609107e-11 1.2361593433006e-10 1.56048411367322e-10 1.43016486067215e-10 1.51363461182415e-10 1.37430548324668e-10 1.64695692530614e-10 1.91296910693996e-10 1.99788352607013e-10 1.25008743671641e-10
-9999 -9999 -9999 -9999 -9999 -9999 -9999 -9999 -9999 -9999 -9999 -9999 -9999 -9999 -9999 -9999 -9999 -9999 -9999 -9999 -9999 -9999 1.00551109673592e-10 4.99434321218058e-11 1.34966040750228e-10 2.11212378114634e-10 1.14795894978967e-10 1.3085855205461e-10 1.63127032220257e-10 1.34173912549632e-10 1.11789708695803e-10 1.52890181025815e-10 1.34465118981138e-10 9.23477997982142e-11 1.01584834409113e-10 1.18624495710966e-10 1.49419829462617e-10 1.62982716688782e-10 1.61505550123363e-10 1.31289882882953e-10 1.77611174345342e-10 1.58672990579423e-10 1.23921829482426e-10 1.39732605599131e-10
-9999 -9999 -9999 -9999 -9999 -9999 -9999 -9999 -9999 -9999 -9999 -9999 -9999 -9999 -9999 -9999 -9999 -9999 -9999 -9999 -9999 -9999 6.4976339943916e-11 5.09565752757769e-11 1.68946283873584e-10 1.3538326636807e-10 1.3786286176787e-10 1.23522834111746e-10 2.17302282716974e-10 1.75823193048744e-10 1.28418566982143e-10 1.25032881038334e-10 1.07210915257444e-10 1.4178793451431e-10 1.2369785931321e-10 1.08772314225382e-10 1.52739022832633e-10 1.59286283393221e-10 1.48858553723263e-10 1.46920837585266e-10 1.5773919005188e-10 1.68979305312725e-10 1.46594574561881e-10 1.54355350808806e-10
-9999 -9999 -9999 -9999 -9999 -9999 -9999 -9999 -9999 -9999 -9999 -9999 1.20807126082281e-10 -9999 -9999 -9999 -9999 -9999 -9999 -9999 -9999 -9999 1.21933502724224e-10 1.08783353054942e-10 1.22643001690472e-10 1.34050354006493e-10 2.06421825626255e-10 1.29901677792092e-10 1.48288668551165e-10 1.29374828299624e-10 1.33844491920288e-10 1.80279463775906e-10 1.79513462161683e-10 1.17296028584467e-10 1.4918451917359e-10 1.38524836974025e-10 1.67798865206199e-10 1.40112015114223e-10 1.51437471010055e-10 1.11641132914191e-10 1.35486226392615e-10 1.75116703729972e-10 1.57505243291099e-10 1.40568510836765e-10
-9999 -9999 -9999 -9999 -9999 -9999 -9999 -9999 -9999 -9999 -9999 -9999 -9999 -9999 -9999 -9999 -9999 -9999 -9999 -9999 -9999 -9999 1.28864832176019e-10 1.22049879207407e-10 9.28967065947246e-11 9.56031156042248e-11 8.65312400617395e-11 8.00815562576766e-11 9.45140474132186e-11 1.24941122109653e-10 1.01228244205539e-10 1.99983847840811e-10 1.87108240809018e-10 1.59077199190992e-10 1.39666624814813e-10 1.28644710881641e-10 1.3804242250485e-10 1.58631575477149e-10 1.63630724286288e-10 1.56344945045699e-10 1.68459809128629e-10 1.39177132333856e-10 1.14931100961795e-10 1.59157477512714e-10
-9999 -9999 -9999 -9999 -9999 -9999 -9999 -9999 -9999 -9999 -9999 7.26459391006307e-11 -9999 -9999 -9999 -9999 -9999 -9999 -9999 -9999 -9999 1.77280650936399e-10 1.04702465968066e-10 1.17114052089432e-10 6.7650350827888e-11 6.51876376704933e-11 5.32794242047321e-11 6.08809303600778e-11 1.1243789956264e-10 1.48396456756765e-10 1.60464330594106e-10 1.62258721219291e-10 1.6520490263253e-10 1.26865784641028e-10 1.34378415966222e-10 1.28062676576729e-10 1.33247631822004e-10 1.51080012097915e-10 1.39379773025895e-10 1.64349480290437e-10 1.4070640774751e-10 1.21743980170774e-10 1.59461567336537e-10 1.45482592532384e-10
-9999 -9999 -9999 -9999 -9999 -9999 -9999 -9999 -9999 -9999 -9999 1.09123679003379e-10 -9999 -9999 -9999 -9999 -9999 -9999 -9999 -9999 1.44801429538762e-10 2.04228947379198e-10 7.72950110073244e-11 5.97190860471154e-11 4.34799795713781e-11 4.57923822658368e-11 4.68737956531758e-11 5.35839861898121e-11 8.28369980129342e-11 6.5298942737146e-11 1.40385288659339e-10 1.50648435987674e-10 1.09293646444824e-10 1.50458063754432e-10 1.35013831998537e-10 1.32665511522027e-10 1.39517667623926e-10 1.47398914059865e-10 2.05333132515526e-10 1.17682982094859e-10 1.28702280074334e-10 1.37503736157022e-10 1.55881052160199e-10 2.36474083231231e-10
-9999 -9999 -9999 -9999 -9999 -9999 -9999 -9999 -9999 -9999 4.81179411164634e-10 1.51114971346129e-10 3.04291395514517e-11 -9999 -9999 -9999 -9999 -9999 -9999 -9999 1.42919794604415e-10 1.90243119491308e-10 1.276997382538e-10 8.98218687085813e-11 8.46089297341345e-11 7.30055791449783e-11 5.8799236718775e-11 5.28487504236359e-11 3.50217938283175e-11 3.65745159525058e-11 1.39555554033189e-10 1.76133672829165e-10 1.4774358007254e-10 1.4687181712339e-10 1.3437853689667e-10 1.17833490351741e-10 1.03095613961685e-10 1.76417970080088e-10 1.72177356374506e-10 1.07868294674964e-10 2.01335350547545e-10 1.54269741866234e-10 1.94430585525109e-10 1.56272782254394e-10
-9999 -9999 -9999 -9999 -9999 -9999 -9999 -9999 -9999 -9999 -9999 7.26120772858424e-11 -9999 -9999 3.56542996832211e-11 -9999 -9999 -9999 -9999 1.16720206056779e-10 6.33653013875027e-11 1.37599843423968e-10 1.60783943270611e-10 1.49875685536537e-10 1.14775160228668e-10 7.9935288854477e-11 3.78194741329211e-11 5.42007102921741e-11 3.67489143325127e-11 4.26041650696381e-11 1.10315783608619e-10 1.72753101530078e-10 1.18755351560035e-10 1.22168609774882e-10 1.28955341637835e-10 1.36750331620119e-10 1.28282197286437e-10 1.31732427407301e-10 1.3100721050839e-10 1.228361104626e-10 9.3253414306398e-11 1.13628441721445e-10 1.45838366583038e-10 1.40033815694656e-10
-9999 -9999 -9999 -9999 -9999 -9999 -9999 -9999 -9999 -9999 -9999 -9999 -9999 3.37009793773415e-11 -9999 -9999 -9999 -9999 -9999 3.25513599364126e-11 2.92073300926017e-11 9.25847586623584e-11 2.02527938185557e-10 1.39118332931821e-10 9.28726740758776e-11 4.58686041680669e-11 1.14012207437592e-10 1.43557267691793e-10 9.76555124353756e-11 8.59925560022022e-11 8.51999609311384e-11 1.35821941090076e-10 1.55198475490878e-10 1.22047783402748e-10 1.1435201986036e-10 1.18484016609765e-10 1.52926250160238e-10 9.5209647928197e-11 1.20087252375818e-10 1.02928461389415e-10 1.22995760709277e-10 1.03180282322388e-10 1.2195514798832e-10 1.41396174403717e-10
-9999 -9999 -9999 -9999 -9999 -9999 -9999 -9999 -9999 -9999 -9999 1.11339918699624e-10 2.79930982372004e-11 2.07831829575515e-11 -9999 -9999 -9999 -9999 -9999 2.61055787567437e-11 3.73040450818886e-11 8.26476837185462e-11 8.06148832228265e-11 5.83424815664535e-11 5.67955774804555e-11 8.99273414678745e-11 1.35905445231411e-10 1.72260638835179e-10 5.78757042769948e-11 5.21650152246935e-11 1.04577333949332e-10 1.48636463643452e-10 1.53404492082719e-10 1.22392454405119e-10 1.18481640589477e-10 1.3135381309664e-10 1.3663691655876e-10 1.41205461893376e-10 1.14730989020211e-10 1.14869006296551e-10 1.28075398009585e-10 1.13483155846899e-10 1.1773149900581e-10 1.35688382742866e-10
-9999 -9999 -9999 -9999 -9999 -9999 -9999 -9999 -9999 -9999 1.54079284595721e-10 3.35288962161081e-11 3.698476295901e-11 2.3203665993125e-11 -9999 -9999 -9999 -9999 5.88292155099554e-11 7.18500856460039e-11 7.11708404616877e-11 1.25277395651433e-10 2.249427690074e-10 8.56625701595007e-11 6.7381594613247e-11 9.47742673010434e-11 1.36427798781508e-10 3.12212977849053e-10 1.92626655678636e-10 4.37897092830956e-11 8.02050886331871e-11 1.33022027580611e-10 1.26541827968764e-10 9.47129217951272e-11 1.39029991304795e-10 1.26509329412472e-10 9.20321977973763e-11 1.31373482302191e-10 6.08646486307427e-11 5.37973027134229e-11 1.03025610125202e-10 1.40287403513099e-10 1.39711722323874e-10 1.30941164671923e-10
-9999 -9999 -9999 -9999 -9999 -9999 -9999 -9999 3.13690464319413e-11 3.29326879203615e-11 8.51239270535033e-11 3.8027454432281e-11 -9999 3.46279238515139e-11 -9999 -9999 -9999 -9999 -9999 3.79635712043593e-11 2.76496408008149e-10 2.59256542474776e-10 1.96210811392686e-10 8.18480877777285e-11 8.07777510136781e-11 1.05137390275773e-10 1.78662961260521e-10 3.67801208828928e-11 7.03940303804874e-11 1.05441209155861e-10 3.51651733156433e-11 2.68695045136889e-11 6.42765838170255e-11 1.26435159123288e-10 9.87863909356752e-11 1.07733264865106e-10 6.06710815769929e-11 5.41326600708834e-11 5.55328417530481e-11 3.15688959758546e-11 3.73356626565723e-11 3.95442323014013e-11 2.67704332502068e-11 4.08094483491903e-11
-9999 -9999 -9999 -9999 -9999 -9999 3.17617293868743e-11 2.23476566627791e-11 3.3293080499045e-11 1.3336160648846e-10 2.56037678652191e-11 -9999 -9999 -9999 -9999 -9999 -9999 -9999 -9999 2.73048953365853e-11 4.81244293244433e-11 2.492604002188e-11 7.63248980310575e-11 3.08450058679225e-10 3.79473672409694e-10 3.22979204573068e-10 1.20732353898696e-10 2.75785825857757e-11 3.09363052778417e-11 3.99914106222817e-11 6.22881167474504e-11 2.62209017399766e-11 6.12010649040477e-11 1.43202322100739e-10 1.10188552618497e-10 1.2493045185389e-10 7.7498959519224e-11 5.79503830530666e-11 7.73558376986229e-11 5.29237552776092e-11 4.80562195754719e-11 5.63520163932214e-11 4.46702432247985e-11 4.18971433174111e-11
-9999 -9999 -9999 -9999 -9999 7.96502211051281e-11 6.44342044278492e-11 8.28981143182052e-11 5.74354604601479e-11 7.19133805764583e-11 -9999 -9999 -9999 -9999 -9999 -9999 -9999 -9999 -9999 -9999 7.46084426114815e-11 4.33639969529713e-11 5.592372055936e-11 1.02468895396585e-10 8.95204620788833e-11 5.27476682234133e-11 3.51013707291049e-11 3.3095094954967e-11 4.98519670100056e-11 4.95989035767581e-11 3.71658934974582e-11 6.14676295084377e-11 2.9981609825156e-11 9.55384338829635e-11 6.53849940983052e-11 6.09627814620065e-11 9.04359648612208e-11 8.4946599434747e-11 8.31593441368112e-11 8.25122049173965e-11 6.83427729641172e-11 7.68829960652736e-11 8.77306231519056e-11 5.79182744289676e-11
-9999 -9999 -9999 -9999 -9999 7.00087338139831e-11 7.87805192990966e-11 1.4606177415075e-10 6.7241505504874e-11 3.39683402175895e-11 -9999 -9999 -9999 -9999 -9999 -9999 -9999 -9999 -9999 -9999 8.03463827888012e-11 7.66506196953571e-11 1.13709150764038e-10 7.66237314002721e-11 4.59746818209077e-11 4.07892152746415e-11 2.83966811021939e-11 4.12489315520643e-11 4.33319065919073e-11 3.04374376807802e-11 2.76741781573592e-11 4.04531730889285e-11 4.85732006305264e-11 5.47125209037446e-11 6.86028349101735e-11 7.89570044699842e-11 1.20138918973122e-10 8.83796729124708e-11 7.72713102538911e-11 1.15508106040555e-10 1.20698019768322e-10 1.31974472991372e-10 1.12336945162857e-10 2.49098754193192e-11
-9999 -9999 -9999 -9999 -9999 5.83135529994204e-11 8.58864530085602e-11 9.69756375602881e-11 5.29348162740774e-11 2.16193413273285e-11 2.37815064199763e-11 -9999 -9999 -9999 -9999 -9999 -9999 -9999 -9999 -9999 4.0578535930486e-11 3.41858718480847e-11 6.93128570068125e-11 3.85084698057571e-11 3.3126853224944e-11 2.63743249724593e-11 2.83593811362657e-11 7.43925204130863e-11 4.5114226646344e-11 2.60439316769966e-11 2.36141980689744e-11 4.33545064218016e-11 4.50370453117735e-11 6.50091464577576e-11 8.34394924112464e-11 9.53499258267262e-11 1.35444347609724e-10 1.12164911218587e-10 1.30348645544771e-10 1.65011385244179e-10 8.78566765835729e-11 1.10320464533906e-10 1.15577256808324e-10 4.79052937479474e-11
-9999 -9999 -9999 -9999 -9999 -9999 8.08508249522258e-11 9.67803445804769e-11 1.09611307839516e-10 2.41873067322929e-11 2.48747228296031e-11 -9999 -9999 -9999 -9999 -9999 -9999 -9999 -9999 -9999 8.9902321590676e-11 4.64111145235302e-11 5.7262949260647e-11 3.85746021658705e-11 5.10289334042424e-11 2.99805097963016e-11 3.31823988366097e-11 8.15178156680825e-11 3.94953798189372e-11 4.06647379283994e-11 3.6676939617162e-11 5.10246171888866e-11 7.96352595938109e-11 1.72805514402437e-10 4.2374966270103e-11 9.35352894531113e-11 1.12771886565043e-10 1.14594637609996e-10 1.34587489077542e-10 1.22518975258903e-10 4.58648157667259e-11 5.52750930872003e-11 1.29418350570246e-10 1.07555824461818e-10
-9999 -9999 -9999 -9999 -9999 -9999 8.07510757024816e-11 9.07663568113887e-11 1.73906550301313e-10 1.87430129383e-11 2.69855471385888e-11 -9999 -9999 -9999 -9999 -9999 -9999 -9999 -9999 -9999 1.00562700020138e-10 7.14599491635099e-11 3.40312301675119e-11 6.45452876657975e-11 4.29805798138971e-11 2.453519532026e-11 4.01180586274269e-11 5.65477150209446e-11 4.16305620124358e-11 4.55274990602342e-11 4.38691675041394e-11 4.58966002275933e-11 1.15966104808639e-10 2.21694914281231e-10 6.41762194801064e-11 8.83484755590647e-11 1.29380970506457e-10 1.25629462771423e-10 1.86343830736406e-10 2.05114971274402e-10 7.80194560812271e-11 7.2194253238466e-11 1.17273165474116e-10 1.3410844393354e-10
