Validation points/black/Trimeresurus_trigonocephalus-black.asc
NCOLS 267 
NROWS 469 
XLLCORNER 376490.070567719 
YLLCORNER 381033.488324056 
CELLSIZE 919 
NODATA_value -9999 
[rows 380 to 399 of 469, columns 132 to 175 of 267]
3.65310722775187e-09 3.5566728683653e-09 3.17532035545303e-09 3.10372732555551e-09 3.02199341490079e-09 3.39551312423493e-09 2.20007550557299e-09 1.7118223351333e-09 2.19715422306032e-09 1.80973883751408e-09 2.59505124606706e-09 2.50246463428649e-09 3.15942581257334e-09 2.49502624588375e-09 2.97142640785664e-09 2.64834763801177e-09 1.51697291385322e-09 1.81685203986737e-09 2.33803920488196e-09 1.9024252800182e-09 3.21688862624396e-09 2.42270137123132e-09 1.33582164608097e-09 1.65659356232789e-09 1.56625661085009e-09 2.6222769427366e-09 2.8447858041521e-09 2.25678704226111e-09 2.44683220318376e-09 1.94166168337304e-09 1.52145404477376e-09 1.91328074921394e-09 1.95116137083589e-09 3.03231563051895e-09 1.41969925420735e-09 1.67659137793716e-09 1.80933208716915e-09 2.05929549226988e-09 1.93082351058148e-09 1.19544282242308e-09 7.26871313859442e-10 7.42125528759083e-10 1.42882814267188e-09 2.36192846021426e-09
4.60721192071241e-09 3.51281436349877e-09 2.86522240941709e-09 4.07357235544445e-09 2.32346725505645e-09 3.49626919777371e-09 3.45265250013853e-09 2.95784025118474e-09 2.11853376702886e-09 2.22875439467613e-09 1.5570228740434e-09 1.99291779761602e-09 2.27906790167919e-09 2.03122075524866e-09 2.21423947278007e-09 1.40670981132172e-09 9.20022561310174e-10 7.07944562866831e-10 1.04123074556605e-09 1.19378988323227e-09 1.2741161792925e-09 2.07525119796808e-09 2.16037568076504e-09 2.89748941182595e-09 3.62793710279237e-09 2.72010156765341e-09 2.81113304714326e-09 2.29285290379608e-09 2.32260365652715e-09 2.52217958213512e-09 1.72674287589219e-09 2.174336731326e-09 2.01554592247218e-09 2.67156154084324e-09 1.25600584514433e-09 1.97584198648335e-09 2.64249405663629e-09 2.43548312699736e-09 2.01492551284781e-09 1.27814841295879e-09 1.29109447660798e-09 1.42855294494971e-09 1.14705583579778e-09 1.32855415859644e-09
3.54261869469571e-09 2.16053785993544e-09 2.86146688777949e-09 2.19426334808892e-09 3.45952749553848e-09 3.22307895491243e-09 4.03344458444908e-09 2.9412248972842e-09 2.89658407955673e-09 2.3865564206026e-09 2.22253592856822e-09 3.04180542911594e-09 2.86943225201183e-09 4.15319333010507e-09 2.70962407714844e-09 1.15221828073425e-09 6.86900747802508e-10 8.75876208592563e-10 1.19374339596858e-09 6.44411392117917e-10 6.42789647529705e-10 6.28200149676021e-10 1.69929903349243e-09 2.48134636047967e-09 2.29250454165428e-09 2.02058551798039e-09 1.90945474887491e-09 1.99104858382519e-09 2.01650290314058e-09 2.67764425297639e-09 3.01969039216657e-09 4.34380154513421e-09 2.90519643019222e-09 1.108588814757e-09 1.01538846635575e-09 1.34969576207247e-09 1.6116146041606e-09 1.95827082202201e-09 1.73691575881217e-09 2.26528746467372e-09 2.76475374284896e-09 2.48599740570637e-09 1.50572417842734e-09 1.43005143772009e-09
2.23130292471228e-09 2.43860472174246e-09 3.37890157025843e-09 3.31519040955936e-09 2.51054533013795e-09 2.40656778526675e-09 2.17581040935499e-09 2.41161010047066e-09 3.70796076382743e-09 2.69470799624973e-09 2.72440679969146e-09 2.10542883779517e-09 2.26030948315378e-09 2.55682955953705e-09 2.49867921123002e-09 1.28975114729298e-09 7.21245836276359e-10 1.07364027630975e-09 1.01969424127042e-09 5.95254315091828e-10 8.95317457577312e-10 1.12883448098309e-09 1.02103848757615e-09 1.30240273226161e-09 1.69841769959834e-09 2.46390321724158e-09 1.43385958296428e-09 1.92191746770735e-09 1.5176795413722e-09 1.73499958494496e-09 1.6859776411487e-09 2.62301760396685e-09 2.06037819474974e-09 9.44840639386214e-10 1.12980281528775e-09 1.44185546380143e-09 1.31647301318038e-09 1.18653439542377e-09 1.09393421568554e-09 1.42631760273666e-09 1.6766731675068e-09 1.22592661298208e-09 1.47803194589383e-09 1.3976700285477e-09
5.97331257424843e-09 4.68042642474836e-09 3.12688056546535e-09 2.95034385115159e-09 2.45532650586879e-09 2.09675313146472e-09 2.32597344851148e-09 2.48204526145487e-09 4.29588926629052e-09 1.68397832801828e-09 2.43803251151828e-09 3.03831576101655e-09 3.24310610775388e-09 3.59899013388253e-09 2.40323492774383e-09 2.1453459669572e-09 9.54842779565155e-10 1.45290924757012e-09 1.0543601335174e-09 5.96169815225532e-10 7.41338469170343e-10 9.39680947640494e-10 1.37836726467523e-09 1.22340240461508e-09 2.06586521394563e-09 2.28600047250437e-09 1.46254619830478e-09 1.92281019235217e-09 1.11910403697408e-09 1.20625896178876e-09 1.80188414739588e-09 2.07329604257265e-09 1.99246530692024e-09 1.59100239152519e-09 1.03212577739102e-09 1.18675212918356e-09 1.1131736641065e-09 1.31124264074321e-09 1.21484374477887e-09 1.20128820418442e-09 1.94575001535733e-09 1.34963650510022e-09 1.2917916514661e-09 1.68326515953538e-09
3.229233805238e-09 3.10964459904798e-09 5.96483140663979e-09 5.15094467973096e-09 4.82011980602007e-09 3.10236831481346e-09 5.32059828333625e-09 4.8909728375009e-09 2.54796516833153e-09 1.70204111405661e-09 3.43284002738304e-09 3.3677080658981e-09 3.01748479592811e-09 1.71738789154304e-09 2.15176029898115e-09 2.70907062760404e-09 1.4069754724661e-09 1.80027574601412e-09 1.71578648566257e-09 1.46835450278943e-09 1.84112488054724e-09 1.44980919124186e-09 1.54229918219657e-09 1.76657538501743e-09 1.3431763504047e-09 1.5916066809508e-09 2.26532539432054e-09 6.82607651383852e-09 2.78260518575443e-09 1.58814437726369e-09 1.34284537365025e-09 1.03221294091924e-09 1.78429869475065e-09 2.56217955464028e-09 1.59180993298351e-09 1.10337108942387e-09 1.95904757290097e-09 2.7029624378281e-09 1.54863218340546e-09 1.93603296686682e-09 1.25540781718924e-09 2.00249010529338e-09 1.75186667367486e-09 1.70587815756349e-09
2.80050092738812e-09 2.80302916377166e-09 3.18359733422391e-09 3.95856193172335e-09 5.13177519707562e-09 4.7433204816979e-09 3.40223495614386e-09 2.44120190553159e-09 2.30248804243204e-09 2.99246815501046e-09 3.53209645701339e-09 4.47843936401529e-09 1.68537411013497e-09 1.5417728944148e-09 1.61798856484889e-09 2.12283439393726e-09 1.0151272730482e-09 1.4677111239545e-09 1.78397344157461e-09 1.53328466482735e-09 1.24885366276888e-09 1.31295837603634e-09 1.68109412272432e-09 1.87505412504742e-09 2.02022072335282e-09 1.40421789250058e-09 2.90569482351056e-09 3.83925090339311e-09 2.95121318044948e-09 3.7115949476432e-09 2.82016732323861e-09 1.01256020654961e-09 1.22076499341585e-09 1.38969765228132e-09 2.89389286953568e-09 4.11274801177386e-09 3.16150876517889e-09 1.27066007090753e-09 1.36649782341519e-09 1.71948276510789e-09 1.27832865693855e-09 7.36673599558271e-10 8.01138592079045e-10 1.05274440552761e-09
2.1914711850849e-09 3.62265447873118e-09 3.32255235546214e-09 2.68179927945305e-09 3.850553943083e-09 3.95494987320438e-09 3.28906005066883e-09 2.99244458983161e-09 3.91801645528207e-09 4.2655857962745e-09 3.22232721025485e-09 3.3054146781488e-09 7.7697535406867e-10 1.68043860304514e-09 1.63407411586549e-09 8.86897319157613e-10 7.72519834249308e-10 1.42318442175682e-09 2.31423291836567e-09 2.24396732191381e-09 1.02003935877747e-09 6.33398390277556e-10 1.02819429423435e-09 1.66818012477373e-09 1.57891181840464e-09 1.0782304675505e-09 1.33074889200035e-09 1.39376873834712e-09 2.0576309326213e-09 2.68850614125431e-09 2.62825274462829e-09 8.60678896183688e-10 7.77186387076999e-10 1.42282739941448e-09 2.06760240918585e-09 2.10155033945377e-09 1.87295945358433e-09 1.66300226570168e-09 6.06691582052257e-10 7.97662894026641e-10 1.660738020752e-09 9.92266812382174e-10 7.24926289152984e-10 7.44074902619126e-10
3.17399848515218e-09 2.91853766911572e-09 1.96364364631029e-09 3.04116988378947e-09 3.08559994041721e-09 3.34218134751384e-09 2.99597804653186e-09 4.02110651048536e-09 3.42431825609077e-09 2.37406610753855e-09 2.27855208023891e-09 2.71385744348618e-09 1.80990782039774e-09 1.65312769332482e-09 1.76539753276812e-09 1.04049725040472e-09 1.14102872561156e-09 2.18520585178646e-09 2.39278213730518e-09 9.30442034316324e-10 1.1266455363462e-09 1.36268188755159e-09 1.12239102893872e-09 9.12199995520437e-10 1.71436629107773e-09 1.92338852236139e-09 2.02784067863147e-09 1.25455699736989e-09 1.4104624658611e-09 2.22027859611472e-09 1.59527575334518e-09 6.01045784274939e-10 8.68667243465276e-10 1.04597801587645e-09 1.31542476787577e-09 1.45916640767137e-09 1.49082750553309e-09 1.55941067310472e-09 9.90199368493042e-10 8.0725655681071e-10 1.22624208908426e-09 9.63985105158299e-10 6.96395436734458e-10 6.25859560353695e-10
3.35012147290406e-09 1.93431487710938e-09 2.46856087453655e-09 3.45381558359021e-09 2.41620572338702e-09 3.29900997145929e-09 2.70076752807619e-09 2.9136660053136e-09 1.75292800216595e-09 2.9492543085029e-09 3.77349087020885e-09 3.45489414124405e-09 2.66247984343488e-09 2.04119409580023e-09 2.03763504013433e-09 1.39874812610124e-09 1.77572905551219e-09 2.27537051517662e-09 2.40874428152166e-09 9.00823506885965e-10 5.89778850155693e-10 1.16804056618005e-09 1.66897294211608e-09 1.26227014937652e-09 1.78193665115165e-09 2.46810493613567e-09 2.45394684839975e-09 1.83847890150855e-09 1.59346311181952e-09 1.69200398623731e-09 9.86092502232592e-10 1.0642243156875e-09 7.31401637692267e-10 7.46462274507311e-10 1.03233179202738e-09 1.17357123735609e-09 1.64085277814479e-09 1.80426973188582e-09 1.32985427159487e-09 1.18233287905065e-09 1.68227626561301e-09 8.16534533730551e-10 6.11752443425208e-10 4.51566849743423e-10
2.0824909209133e-09 3.29329101642714e-09 2.01967285691003e-09 2.35611102852224e-09 1.64453112122353e-09 1.68835241396603e-09 2.54394525049274e-09 2.17181113541887e-09 1.71746341358742e-09 2.37581681090356e-09 2.29060555597457e-09 3.15497602953784e-09 2.13654446320376e-09 2.4830310227116e-09 3.6074345403365e-09 3.02747841823247e-09 2.83481163216357e-09 3.18686869216065e-09 2.05656377501191e-09 1.04061780793681e-09 7.25038903816851e-10 1.13398097502576e-09 1.73562052826441e-09 1.83131079763232e-09 1.56439135633383e-09 1.9228606435153e-09 2.18342226243003e-09 3.66772824856521e-09 3.34965969392091e-09 2.10899278451735e-09 1.19291769750682e-09 1.41599706982172e-09 1.04372770268064e-09 9.86606690017337e-10 1.16745578848862e-09 1.22874608375984e-09 1.78146187315068e-09 1.97772332267921e-09 1.74146826307942e-09 1.69340943360463e-09 2.08167250982065e-09 8.28099657211534e-10 5.03094607032042e-10 3.87146468379084e-10
1.95780663747483e-09 2.23827285769505e-09 3.12389324628575e-09 3.40066512546765e-09 1.89533100557341e-09 2.10411506041899e-09 2.35295735589315e-09 1.74029424306506e-09 1.94478946598919e-09 2.74215364054488e-09 2.8624519990171e-09 2.10574867288003e-09 2.64546011523797e-09 2.69426545549328e-09 3.26928123279515e-09 2.39691930864097e-09 2.67768413236475e-09 2.63382159052762e-09 2.3867783286189e-09 1.36148477674654e-09 1.18299924503914e-09 2.41685605930887e-09 1.76311264257537e-09 2.25819548956922e-09 1.3731588463436e-09 1.84981219510014e-09 2.15456498593595e-09 1.7891647500129e-09 2.32198511787635e-09 4.22882721525538e-09 1.47104875043113e-09 7.24379239518009e-10 7.91231805937514e-10 8.17783260900123e-10 7.21141751987321e-10 1.04585551229063e-09 1.29708700191394e-09 1.31398606345534e-09 1.66665729039927e-09 1.74934868174841e-09 1.34179683686296e-09 6.95773097407867e-10 4.67598718786346e-10 4.6305544166759e-10
5.83685434360775e-09 3.77460281832389e-09 2.10939300751526e-09 2.48636125598429e-09 1.87486038793406e-09 2.87621200212801e-09 3.16278932004204e-09 2.59326532192881e-09 1.7242441895589e-09 2.2876592029223e-09 2.36198872358035e-09 1.5280159192983e-09 1.40821914707401e-09 2.75898054468994e-09 2.29999430765926e-09 2.56604584079903e-09 1.91576111833433e-09 1.59475308008926e-09 1.98351317264248e-09 9.25327549304836e-10 1.16365426342842e-09 1.36612058429358e-09 1.7932640249929e-09 2.77197356421041e-09 1.94390669911865e-09 2.01301212148896e-09 2.17755298936936e-09 1.74591598992503e-09 1.67534055141931e-09 2.28352515885154e-09 1.87850440216007e-09 6.5420122021429e-10 8.41541425357969e-10 7.14773886203441e-10 7.10279981592958e-10 6.43001704669402e-10 8.4500841106714e-10 1.25848293093276e-09 1.56964988906223e-09 1.4339848390774e-09 1.02604709123199e-09 7.74321106101457e-10 6.47544830006801e-10 5.67666971276419e-10
1.56876303576339e-09 3.05204180635503e-09 1.82619798636491e-09 1.57551882393537e-09 1.52222794198569e-09 1.77410704121237e-09 2.56134190842231e-09 3.09025212624195e-09 3.5595550141438e-09 2.58158278592445e-09 1.68827222474965e-09 1.71571065698203e-09 2.22236796491841e-09 2.17017617870621e-09 2.50968819971432e-09 2.08457199555568e-09 2.3358269932677e-09 1.63208051814939e-09 1.23530091788859e-09 1.23207787991547e-09 9.3222104325707e-10 1.20985868947593e-09 1.73662899438099e-09 2.84667203271947e-09 1.94606591069322e-09 2.19645718796944e-09 1.76077100809639e-09 1.22247556401866e-09 1.2922239710801e-09 1.45757660701843e-09 9.69646839026639e-10 1.15822871480905e-09 6.0801524367964e-10 4.81591488323479e-10 6.8451472477058e-10 7.80678649117483e-10 8.65708607978331e-10 8.29841773288227e-10 6.5722254100057e-10 9.2847065777175e-10 1.07067143681341e-09 9.15282404894446e-10 5.88527048514438e-10 7.25085129030187e-10
9.240380431592e-10 1.97009811511952e-09 3.93464457066346e-09 3.84924389107799e-09 2.25225535275833e-09 3.14835493729426e-09 2.28371775433672e-09 2.76623364102256e-09 3.16563737109349e-09 1.66288157702773e-09 1.44131294456172e-09 2.98650875104881e-09 3.35322267178239e-09 3.22853447637745e-09 2.81063877388818e-09 2.5689987134368e-09 2.43646024977192e-09 1.9274085304933e-09 1.35719805136385e-09 5.54766438062813e-10 9.85508795622724e-10 9.3031209053633e-10 1.27813058979392e-09 1.83666840522761e-09 2.00906733760191e-09 1.59461233336552e-09 1.10557927374857e-09 1.15102079198912e-09 2.69543232171228e-09 2.48143782984118e-09 1.11373161143316e-09 8.96148438505189e-10 1.8818569300879e-09 4.54690892299373e-10 5.59699678886973e-10 1.18116530662349e-09 1.18837063439739e-09 1.36149882995433e-09 1.09374202079844e-09 8.08517562490885e-10 8.53147445692744e-10 6.90817005369147e-10 5.80822506106731e-10 6.50460435921595e-10
8.86307335520976e-10 1.62870968414115e-09 2.37354380843637e-09 1.7195351975165e-09 2.26020800398903e-09 2.5598303935655e-09 3.52266918127222e-09 2.99109733238351e-09 1.84118746460336e-09 2.25118088974105e-09 2.22223819253878e-09 3.16434533319797e-09 2.75013916040789e-09 2.4324417558422e-09 2.07599310037244e-09 3.08151528547919e-09 2.45750734220822e-09 1.92015036071783e-09 1.34249487459515e-09 5.5884827466282e-10 5.10035483898454e-10 8.15216114010751e-10 1.34888425201397e-09 9.69086554242387e-10 1.53373591864937e-09 9.59353188447171e-10 1.06921338953266e-09 2.3566144120926e-09 1.7835178183718e-09 1.37104615703652e-09 1.28303346134411e-09 1.60534969275769e-09 3.30771414653342e-09 1.92433502995438e-09 1.01723695250339e-09 9.5939964244224e-10 1.74241121952494e-09 2.60991978613931e-09 1.18215418190593e-09 8.07832330743536e-10 6.29684319044574e-10 6.87504619898029e-10 5.62403928388857e-10 7.77744621706317e-10
1.34037807375795e-09 1.43303761840111e-09 1.43890643292924e-09 1.8769780432586e-09 2.61108631026797e-09 2.05641274612531e-09 2.90873700389849e-09 1.79915991945715e-09 1.51572569762467e-09 2.23421955378837e-09 1.76485556877436e-09 2.43617865713299e-09 3.61586775734528e-09 2.22390691367004e-09 2.19084939374469e-09 2.31753728884054e-09 3.11873140520866e-09 2.53732516556635e-09 1.44257299103555e-09 1.08447366162022e-09 8.74589836013914e-10 6.02044320941343e-10 8.50466628775952e-10 8.61960708464478e-10 6.96594430373763e-10 3.90416881385766e-10 7.04439143275632e-10 1.22274806178296e-09 1.54583843759324e-09 1.32284243395466e-09 9.82553222090732e-10 1.10546952153632e-09 2.11692936705858e-09 2.73252367520755e-09 1.19421122481914e-09 1.40088559781413e-09 1.0690303296343e-09 1.04783257276934e-09 9.49721980600421e-10 9.78873662072143e-10 5.58462057218109e-10 4.56084936911375e-10 5.85486739707949e-10 8.28785413828635e-10
2.08106125860834e-09 1.84161475489423e-09 2.28900859343097e-09 2.19746372281785e-09 2.37866244209431e-09 1.81409960424777e-09 1.33315867794858e-09 1.03768620569437e-09 1.15376009815276e-09 2.35111415974134e-09 9.6664979898494e-10 1.67709890738715e-09 2.66453912928186e-09 2.32960232197165e-09 2.55541315929829e-09 2.756032560196e-09 3.26531402650912e-09 2.22468267690405e-09 1.36000075701268e-09 1.63491484428873e-09 1.66566579583744e-09 7.00898022592671e-10 7.57253959479978e-10 7.97338855597082e-10 1.09797124699814e-09 1.5139778534044e-09 1.41640322800853e-09 7.41454878016793e-10 1.24594474429337e-09 1.33339865887998e-09 1.09173247858317e-09 1.10730563919929e-09 1.12228617512073e-09 1.31760455036822e-09 1.76688727042298e-09 1.1271462409183e-09 1.35817560376791e-09 1.22571272484412e-09 1.1194719963156e-09 1.27164526228325e-09 8.71550566670761e-10 7.65530046473833e-10 6.90342055187826e-10 6.13288288627623e-10
2.38028625940231e-09 1.97513461045437e-09 1.61805736196071e-09 1.6137122959332e-09 1.21581765490115e-09 1.18719159015123e-09 2.4493251220934e-09 2.27098928412034e-09 1.3067367437141e-09 1.05468416143576e-09 8.9542761229516e-10 1.36319446622896e-09 2.446938875116e-09 4.28537207403601e-09 2.61261118105696e-09 2.22431453634472e-09 3.52315595749093e-09 2.02941544743891e-09 2.18989444030028e-09 1.66669625254746e-09 1.39012631957098e-09 6.70531165318936e-10 6.86526331641603e-10 5.82419118411098e-10 7.12688013053459e-10 1.35288837348439e-09 2.16820231390341e-09 9.35772771418082e-10 1.66743255523865e-09 1.33528419803892e-09 8.95230674618372e-10 1.00561528973007e-09 1.27296599899304e-09 2.09895485678851e-09 2.48305751241335e-09 1.32580212943342e-09 1.25335609465537e-09 1.52771978014829e-09 8.14196774301423e-10 1.06271462343682e-09 1.10526902044525e-09 9.12506228659068e-10 1.01533059858492e-09 3.78174422411589e-10
1.22361834650576e-09 1.59973660485453e-09 2.11773459386926e-09 6.70545076106949e-10 3.76854519740611e-10 6.2623616457951e-10 2.49885919423669e-09 3.21710130342231e-09 1.5623968177917e-09 7.02029319900492e-10 5.82468795679259e-10 6.00213011233645e-10 6.24890655793746e-10 1.02556611548421e-09 1.7341076725242e-09 1.14871290140921e-09 1.26364821677081e-09 1.39516091131846e-09 1.781188111984e-09 2.37065185850433e-09 1.96832350277701e-09 1.31076663218092e-09 1.10228583646927e-09 1.37044649443304e-09 1.11097914009845e-09 1.40812206070121e-09 2.58512054888483e-09 1.21970463995808e-09 1.17697714594927e-09 1.55150588232637e-09 8.33764233900999e-10 7.88938676822584e-10 7.16473473308224e-10 1.04507302183087e-09 3.42320088666377e-09 2.97605931030904e-09 1.17404494120969e-09 9.36475201470125e-10 1.23681104799433e-09 1.09419671772553e-09 1.24381508780889e-09 7.05397675067422e-10 7.03873887661273e-10 3.91356157453996e-10
