Validation points/black/Trimeresurus_trigonocephalus-black.asc
NCOLS 267 
NROWS 469 
XLLCORNER 376490.070567719 
YLLCORNER 381033.488324056 
CELLSIZE 919 
NODATA_value -9999 
[rows 300 to 319 of 469, columns 88 to 131 of 267]
1.6689957589067e-09 1.77033512533472e-09 2.64457063006794e-09 2.40314884113473e-09 1.76082661508824e-09 2.20298279420552e-09 2.95619569115832e-09 2.06490847315127e-09 3.29383040666098e-09 2.34060035840789e-09 3.16297154621826e-09 3.30530005726804e-09 2.99087313498017e-09 3.15779996362555e-09 3.43869357519157e-09 4.0924946192198e-09 4.32681510719391e-09 4.73187483289328e-09 3.12214211806204e-09 3.25607331828534e-09 3.32468748551067e-09 4.69793846596918e-09 3.04615727896458e-09 3.28020399313927e-09 4.09630283614383e-09 4.91070004002364e-09 3.88939519360706e-09 2.14989155235537e-09 2.7790078687246e-09 2.36967350343605e-09 1.960844743616e-09 3.24966085632661e-09 3.86668830903287e-09 3.42450711157134e-09 2.37271311244277e-09 3.46247868970941e-09 3.92405431955226e-09 3.97490898801802e-09 3.91597798598364e-09 7.51626312453001e-09 4.43283922456667e-09 5.49207934944418e-09 3.7145735685607e-09 2.87030438743198e-09
1.60578485562009e-09 1.75594598710819e-09 3.05658233321417e-09 2.6104206968613e-09 3.53248191445025e-09 4.02868468653438e-09 6.77863977220809e-09 4.56252557165466e-09 2.37413890291295e-09 3.16010679421459e-09 3.42804334321102e-09 3.14877646034573e-09 3.39694153565994e-09 3.41395514768872e-09 2.85853553246015e-09 2.96143022169873e-09 2.29977715435737e-09 3.11079578819785e-09 4.05083724905669e-09 6.09847436054791e-09 4.20092905107141e-09 3.68419748906687e-09 3.66846676604758e-09 3.69094448781204e-09 4.06098917533905e-09 4.9579039488773e-09 3.29919311502542e-09 2.10030225554766e-09 2.49398541638011e-09 2.14813692068602e-09 2.42919996097729e-09 1.97573160670229e-09 2.15390176686273e-09 2.32203140205703e-09 3.40984417671174e-09 3.6163833152997e-09 2.9709631890095e-09 2.3709670817128e-09 3.52014486181763e-09 4.17513830666933e-09 6.53864394216336e-09 5.64645742116699e-09 3.8044758190145e-09 1.55624224977997e-09
1.68477447673904e-09 2.4396211654459e-09 3.05020207930326e-09 4.09512487137434e-09 2.82264913339806e-09 1.84659112363958e-09 2.07011763148273e-09 3.79006184155614e-09 5.00993691340513e-09 3.71616778419885e-09 3.24046835281167e-09 3.32893767055484e-09 3.96270730766222e-09 4.05506895069167e-09 3.09004984566215e-09 2.98984047795641e-09 3.2025896925838e-09 2.7560864070548e-09 3.76013534317626e-09 6.5637931453972e-09 6.46480339666392e-09 4.56762070993062e-09 5.7804861246531e-09 7.09939704453764e-09 4.79024639669865e-09 2.75918130273022e-09 2.48512130282558e-09 3.24420380916878e-09 2.84052262058408e-09 2.30021337734874e-09 1.98408046883303e-09 2.05981464741034e-09 2.98383634361949e-09 3.4444746105722e-09 4.24514777967234e-09 3.37210145756625e-09 2.30147024791232e-09 3.21565079504032e-09 2.87356260243072e-09 2.83352523419134e-09 5.79363454907345e-09 5.27899585186982e-09 2.6346652224024e-09 1.5462444683577e-09
2.56250245763086e-09 2.46855373425192e-09 2.86629740587548e-09 3.05143608952913e-09 2.93922122550591e-09 2.68922096324669e-09 2.19515861033255e-09 3.14940683038995e-09 5.16423987744846e-09 5.77413169201884e-09 4.48914879896806e-09 3.66601723463723e-09 3.00734879456676e-09 5.81690091812017e-09 4.2539766375207e-09 4.59352791286853e-09 4.35197462261097e-09 5.54196533141795e-09 6.4822467106971e-09 1.2804398210207e-08 1.05823869990612e-08 5.44260707278272e-09 4.90675985330479e-09 6.33592060764863e-09 5.72625029685884e-09 3.97392738621526e-09 2.74448290030705e-09 3.45173078150443e-09 3.06645210267716e-09 3.72366911098916e-09 3.64836939111513e-09 2.61934938980359e-09 2.19107429990743e-09 4.15631652746673e-09 4.39977772229557e-09 3.03262900859435e-09 2.03806626344645e-09 2.21161779514842e-09 3.52290831310508e-09 3.94880931104629e-09 4.99781309742318e-09 6.70008919645183e-09 3.60727848028278e-09 1.00951842894751e-09
1.6825304581727e-09 2.14543715786228e-09 2.61665999373403e-09 2.91816236273902e-09 3.07698554340525e-09 3.58802618692511e-09 2.98884165671775e-09 2.32662964726271e-09 3.72014365896613e-09 4.99196736522004e-09 8.03852141803038e-09 7.46026019863809e-09 6.41120609142737e-09 1.10758395040618e-08 1.10832509393355e-08 8.69437542084126e-09 1.10784728820667e-08 1.15938667066925e-08 7.08220214067092e-09 4.93123247088293e-09 4.29860622717328e-09 3.1826782161687e-09 4.79891345617358e-09 5.05366411041281e-09 6.53585393034045e-09 4.39494859205951e-09 3.69575899216966e-09 2.80413285750301e-09 3.88819452091323e-09 3.08236879557664e-09 3.95924792470406e-09 2.95955856166675e-09 3.68104987445845e-09 2.12582676671302e-09 1.95402261154964e-09 2.51673408104514e-09 2.82265262988686e-09 2.16938795296678e-09 2.59239631180142e-09 3.1598965968011e-09 2.62249201967655e-09 3.70591138642305e-09 3.19004793907622e-09 1.56772973459666e-09
2.38871231161789e-09 2.65510846646118e-09 2.88126299018481e-09 2.75059250483988e-09 3.10315729187137e-09 2.91726977257932e-09 2.92133097058538e-09 3.30721167866512e-09 2.23252255405617e-09 2.40083166668878e-09 3.72011609359995e-09 4.48778792470275e-09 5.37147060185704e-09 5.27110482922987e-09 3.53005044376228e-09 5.35437505873861e-09 3.92900114853712e-09 4.07323026643625e-09 5.33983733587992e-09 3.95567058236301e-09 4.62156210653485e-09 4.13332215824656e-09 5.32447559049406e-09 4.15577177752471e-09 4.88384206973515e-09 5.6398378328806e-09 3.37825040957812e-09 3.46448947863368e-09 2.86873249240258e-09 2.61343750746036e-09 2.73795257167026e-09 5.63681997869691e-09 2.87052853554518e-09 2.33780301194105e-09 1.97058621244303e-09 2.15583019554515e-09 3.56651799772569e-09 1.83440833758253e-09 2.21438313226092e-09 2.03298884880455e-09 3.25991778869151e-09 3.24888700248707e-09 4.82009933308584e-09 3.31093263079799e-09
2.64148499208809e-09 2.34648998185985e-09 3.06342082577925e-09 1.87534105821005e-09 2.79160236434644e-09 1.92073898148045e-09 3.14423501330548e-09 2.69870173756102e-09 3.61515631588207e-09 3.12018138981611e-09 1.87722995990439e-09 3.4021243596202e-09 5.3985757471479e-09 6.60636034459356e-09 4.47142486734743e-09 4.84134299904531e-09 3.68215099581117e-09 3.21373230504492e-09 3.49560181682846e-09 3.03459138352451e-09 3.10576156374079e-09 3.03488536632729e-09 4.5718730279502e-09 4.01147266357502e-09 2.75336903884968e-09 3.16056875822212e-09 4.04939593061385e-09 2.74924670141109e-09 4.49183676172181e-09 4.74326561700771e-09 5.87598280632463e-09 4.02531874459437e-09 4.96914255478816e-09 2.31414662393759e-09 1.63742345901324e-09 1.93156419633216e-09 2.48527389218205e-09 1.9894545852774e-09 1.91279819368023e-09 1.52139398985462e-09 1.68164373685652e-09 4.42293440222678e-09 4.93229681864928e-09 2.40949020916434e-09
1.90104465205607e-09 3.1747416163768e-09 3.15148200433037e-09 3.90283879014408e-09 3.00814095185309e-09 3.06993998036656e-09 2.57998033281901e-09 7.5194205673985e-09 3.88047671103017e-09 2.36334829995598e-09 3.96793347721992e-09 6.42745039996258e-09 5.77191394493497e-09 5.16837649347935e-09 7.07722598020477e-09 3.83065722596837e-09 4.5999971876321e-09 3.88581985533739e-09 4.62235134825933e-09 4.43964955691939e-09 4.53177062216374e-09 4.38856789462863e-09 3.13101183153409e-09 4.41068349677631e-09 2.87000517606613e-09 4.15437462315079e-09 2.83496409527622e-09 4.44269371338529e-09 3.49787695364149e-09 4.89661903761388e-09 7.06439624126279e-09 4.84616494339283e-09 3.16684868524963e-09 4.13788766263612e-09 4.0397264162388e-09 2.62152679540546e-09 2.28377955536615e-09 1.85178390845304e-09 1.37520740524936e-09 1.16959777681561e-09 8.90078955825996e-10 2.01234147477937e-09 2.14857429942071e-09 1.771350927589e-09
3.31373074122876e-09 3.15081073938105e-09 2.501870330278e-09 3.88632070156309e-09 4.71510328524215e-09 6.80235794281564e-09 3.3000972581103e-09 3.39015176483595e-09 4.54611278449927e-09 4.80679444130541e-09 3.85546236655319e-09 3.94896396431139e-09 4.27358144565094e-09 4.09686987526464e-09 8.70192200521492e-09 8.14130371004433e-09 3.53698995975591e-09 3.1918042211959e-09 3.96989068731225e-09 3.50037691963054e-09 3.15044112239241e-09 4.33915747850089e-09 4.50389492438578e-09 4.08488500252879e-09 3.11270293532317e-09 3.12889637286135e-09 4.68512416714309e-09 3.85521800221558e-09 3.72190163227102e-09 4.66165698103545e-09 7.41320629675583e-09 6.44285709456003e-09 5.50588713230038e-09 3.65612112424681e-09 3.02980501886789e-09 3.73129907178881e-09 2.5298399632397e-09 2.44793981080402e-09 2.99939876471176e-09 2.09495769208617e-09 1.17488916998538e-09 9.35860752350224e-10 1.32259853274588e-09 1.19596549483989e-09
2.17756288397523e-09 3.42726046766771e-09 2.83943545931907e-09 2.58449679193742e-09 4.36366550215214e-09 3.80487192855519e-09 2.86780414796979e-09 2.90759256330219e-09 2.77001369606108e-09 7.04870754845208e-09 4.02761256193457e-09 4.04089027504259e-09 4.30595242710026e-09 3.66856310812868e-09 3.2290087709222e-09 7.31038839409537e-09 1.47256270280666e-08 1.333007886033e-08 7.76924771227683e-09 4.20116887493204e-09 3.21033332267147e-09 3.71894740761843e-09 3.02421606782863e-09 3.02534590465718e-09 3.04691602486025e-09 4.48816310742527e-09 4.18643598648074e-09 4.36812167258075e-09 5.2242679224107e-09 4.94279261379847e-09 3.39849203007276e-09 3.12135428433799e-09 3.51431676368353e-09 2.56754499890898e-09 3.33101538608828e-09 3.91622792036474e-09 3.90399845934121e-09 3.52785860225584e-09 3.34780697957638e-09 4.04113800627336e-09 2.52998464979551e-09 1.83871777255851e-09 1.69224649001294e-09 1.85160410748339e-09
2.55900047846317e-09 2.9605221576386e-09 3.95288129406826e-09 3.11359495518226e-09 4.48729461079149e-09 4.45819877050679e-09 2.85164729394796e-09 3.18974781859335e-09 2.81677526368478e-09 3.02411048745996e-09 2.73846170763684e-09 3.85676841869102e-09 3.16971504063714e-09 3.94498688151261e-09 4.62851194714981e-09 4.79944006830024e-09 4.69473613308007e-09 5.81087129715593e-09 5.58803365319941e-09 4.76694436202166e-09 3.15801892042876e-09 2.99776046347447e-09 3.08528310797438e-09 4.13398479377288e-09 4.05317134577741e-09 5.01613827156364e-09 3.99220278839615e-09 3.86361872480004e-09 4.16606010947888e-09 4.56669843923867e-09 4.28890001978097e-09 3.00500681750629e-09 4.23614642527668e-09 4.24812544019812e-09 4.18219280743749e-09 3.17284080517264e-09 2.83385474870748e-09 3.60268537633931e-09 3.88737734730797e-09 2.91009350193806e-09 2.59368648998864e-09 1.47021003130153e-09 2.41862590281702e-09 2.73769301313886e-09
3.31694312041051e-09 4.32111470078558e-09 4.69524137375995e-09 3.83945184889604e-09 4.26395899892394e-09 5.81369055535866e-09 3.94886417786059e-09 2.73484342897589e-09 4.07535343318003e-09 2.84892358950935e-09 4.67015238888321e-09 4.18376623366689e-09 2.88142549625203e-09 3.47418977018365e-09 4.33767874492456e-09 4.19313341474346e-09 4.3120180245765e-09 4.34234252396106e-09 4.53811646673493e-09 6.23104935617768e-09 4.71495324734544e-09 4.29851949568898e-09 3.66214946417084e-09 4.37026917139336e-09 3.55514979354318e-09 3.42457701352885e-09 3.46490266221115e-09 4.4216452596308e-09 4.36724068387223e-09 4.03481078429759e-09 3.05307281511666e-09 3.31758217898913e-09 3.51852331793913e-09 2.81037211187736e-09 3.1668781314014e-09 2.10996725917789e-09 2.18425022574094e-09 1.64242989521827e-09 1.66263448212742e-09 1.26070254929126e-09 8.60317885011129e-10 1.76897382097454e-09 1.65407511432862e-09 2.41382760882925e-09
6.16150243875696e-09 6.27813903659059e-09 7.90879390712387e-09 9.19924300748655e-09 7.22254604540105e-09 4.54822011020931e-09 4.25829974297422e-09 3.04003683516144e-09 3.05687093335289e-09 3.21266064837219e-09 2.94085947997096e-09 3.79117414697113e-09 4.59131451822333e-09 2.79075432101248e-09 4.36027521528763e-09 4.04527354454545e-09 4.85840349010096e-09 4.29428377099459e-09 5.14880277934656e-09 8.20019611433505e-09 5.494271969087e-09 4.09050216872891e-09 5.65847208803589e-09 5.52736101456855e-09 4.14951889423824e-09 4.64532690962667e-09 3.58136093383933e-09 3.56620706441972e-09 3.11039117591609e-09 3.86180575811961e-09 2.83134007819891e-09 2.9764712432601e-09 2.9665570580337e-09 3.62900105890014e-09 3.24194579764769e-09 3.16175223267234e-09 3.04154541967545e-09 1.75998992690532e-09 1.92513704594552e-09 1.43632810271193e-09 6.74533392156174e-10 1.2200534549808e-09 2.52416921126677e-09 2.03702530544703e-09
3.39803331128383e-09 4.46312566768743e-09 5.6874724077941e-09 5.99024980700627e-09 4.83018911217701e-09 4.65274810925731e-09 4.99927870944972e-09 3.69476185351573e-09 4.20299051464778e-09 4.36804585620078e-09 3.05912628286288e-09 3.05340319588993e-09 5.14996690447028e-09 5.6199329223122e-09 4.44565273942121e-09 4.32389292519358e-09 4.06359261082963e-09 3.1788753021426e-09 6.18944701594959e-09 8.1293785060904e-09 5.08185417023712e-09 4.382834326372e-09 4.26855968143347e-09 5.2769613986493e-09 4.81813389299656e-09 4.56033463180297e-09 2.98347236878776e-09 2.94894900320945e-09 2.95939215758307e-09 3.38438350497196e-09 3.01401031831265e-09 6.22589192340595e-09 6.08960182259635e-09 6.1741013555196e-09 5.65093296817367e-09 4.15548461635925e-09 1.83538583776392e-09 1.62128750392967e-09 1.82020906119065e-09 1.88551043411116e-09 1.10016418579478e-09 1.42833966745265e-09 1.88254161151573e-09 1.8637358626731e-09
4.5807321607175e-09 4.84990267321286e-09 3.84354556976378e-09 4.74479196369982e-09 4.81133845211281e-09 5.04946618158538e-09 3.61071419177017e-09 3.25074419732177e-09 4.15555915468943e-09 4.92964715517202e-09 3.22596941619124e-09 4.57108622773278e-09 3.87462956669484e-09 5.84904581272135e-09 5.62990385463683e-09 4.5865285781111e-09 3.30894474558067e-09 3.47597522413479e-09 4.32417738361247e-09 7.23284348305555e-09 4.75879504374612e-09 4.42353663469519e-09 3.24373781026865e-09 4.64081840928848e-09 4.9546790855556e-09 3.84628002586003e-09 3.07240537734843e-09 3.7938632424829e-09 3.63696864225745e-09 2.43868166536289e-09 2.65467547229705e-09 2.78243662372784e-09 3.42102690031333e-09 3.32081700566161e-09 3.54296388593424e-09 4.82278382228796e-09 2.92907162424504e-09 1.20961498867939e-09 2.19458926532407e-09 2.12889323581705e-09 1.53412041063575e-09 1.36653189930121e-09 1.21615355634977e-09 1.9885551163879e-09
4.92066033821532e-09 5.26931382391436e-09 5.92160759484049e-09 4.850959293534e-09 3.22651630543345e-09 4.82986255732775e-09 3.70883889946113e-09 3.77763386837704e-09 3.11016314479411e-09 4.0435177368969e-09 3.37660782002273e-09 3.09422296778371e-09 5.08381926088688e-09 4.31032792963937e-09 4.33027195167881e-09 4.96697805949976e-09 3.9431421606066e-09 7.00602365795825e-09 5.86885644888155e-09 3.28112515586273e-09 4.92288324603945e-09 4.86865309655075e-09 3.88142528414018e-09 4.27453825721306e-09 4.40908069568437e-09 4.0136162796424e-09 3.34375666013889e-09 4.24563271466206e-09 3.75665005275258e-09 2.16921500709082e-09 2.61710179602725e-09 4.0953760215933e-09 2.97486584155823e-09 3.51989201701077e-09 2.77151006618168e-09 3.18029825004464e-09 3.46673302980428e-09 2.58609524984709e-09 3.62586994668742e-09 2.37836297676927e-09 8.29526932057515e-10 7.7225639396445e-10 1.08809467356567e-09 5.79200852112274e-10
3.714867677381e-09 6.16068359422146e-09 6.99956218457792e-09 3.65090281265903e-09 4.63269208701525e-09 5.5605673837654e-09 3.59548779379842e-09 4.52971184863256e-09 5.94566899403525e-09 5.80869792343736e-09 4.55536698632507e-09 4.54354519005997e-09 3.8935663503812e-09 4.82196914099703e-09 4.83577545095307e-09 5.94519337052916e-09 6.50538419383267e-09 4.69988535050471e-09 7.50767237760824e-09 4.76673634189267e-09 4.79978938701553e-09 3.37968486138795e-09 4.67597967556313e-09 3.85059960137473e-09 5.03507105866749e-09 4.09583305158939e-09 3.93275516668876e-09 4.86778036799775e-09 3.9758144865211e-09 3.69597876112995e-09 3.44353581555935e-09 2.7792138737797e-09 2.45979620830645e-09 3.15886477641829e-09 4.16261242715113e-09 2.87305702334463e-09 2.40327216951035e-09 2.99062386837222e-09 6.01374114391334e-09 3.20580670220735e-09 2.49823710818844e-09 6.82524324808326e-10 5.64706052797447e-10 6.65045383147692e-10
4.66557366943274e-09 4.23131354889457e-09 8.11590931393699e-09 8.07339770087909e-09 6.35792797564513e-09 7.65773666789255e-09 7.81471779407801e-09 4.49614069207886e-09 4.61444063820457e-09 4.66168190000849e-09 5.85397171730824e-09 4.44810606454682e-09 3.66389922278448e-09 3.3277158244213e-09 5.01088105883697e-09 3.55539781578017e-09 4.10404435347888e-09 4.45565804424854e-09 5.00705876431433e-09 6.67411635304651e-09 5.92345357433146e-09 6.24581196497066e-09 5.34094425447794e-09 6.38867674995257e-09 5.78884772693309e-09 3.13483913216363e-09 3.55436726627296e-09 4.3040208638129e-09 4.24496447014147e-09 2.63053093572382e-09 2.55404096196828e-09 2.99945701981245e-09 3.71844419076906e-09 2.43389126112514e-09 2.96786405178692e-09 3.10966349631462e-09 2.46397298038499e-09 2.92746487960866e-09 5.49181520930362e-09 3.6219532721823e-09 2.14329359538695e-09 8.11512948440121e-10 9.83639452334468e-10 5.56243009053179e-10
3.44861354853567e-09 5.57797833092902e-09 4.60753061411333e-09 5.92756322472156e-09 5.15857955827496e-09 5.07509988704352e-09 4.84836865802306e-09 3.2740622569039e-09 4.04746967987999e-09 4.72664024729829e-09 4.98872820920002e-09 5.33527039580471e-09 4.98981136428948e-09 3.65727285882092e-09 5.04805962204236e-09 4.97665432239721e-09 4.15044808282925e-09 4.7691793085626e-09 7.43515961587341e-09 6.24333738246051e-09 5.82105192773331e-09 6.15463993164654e-09 4.8376857035739e-09 4.62702929261189e-09 3.20418143465319e-09 4.90187325373033e-09 4.44096282069345e-09 4.4859595245548e-09 3.05827374023594e-09 3.37106332376329e-09 2.22466666844382e-09 2.56288202396753e-09 2.24376942489113e-09 2.81698780732007e-09 2.9787167025704e-09 2.0602441301695e-09 2.10186623577694e-09 3.27207357311277e-09 4.07487272117265e-09 4.81437423664475e-09 1.69508514176775e-09 1.21920698451712e-09 7.4903275376093e-10 6.86718503071745e-10
3.08196796541205e-09 3.98999439458112e-09 5.09596200598897e-09 3.89671544376646e-09 3.21165087060287e-09 4.34910497064667e-09 5.13439303787494e-09 5.27885654511242e-09 3.58092199900539e-09 5.17099381096756e-09 5.31371442289307e-09 5.23098197532556e-09 4.4817168968242e-09 3.64084804233908e-09 5.12110472295923e-09 4.34776160006164e-09 3.0511943971498e-09 3.71427016628035e-09 3.89160571810675e-09 5.65524769618075e-09 5.18794887746803e-09 5.15251381250556e-09 3.22772651862093e-09 3.81972909262324e-09 5.01162474873084e-09 4.8725477897361e-09 3.1497173629879e-09 3.07836769335562e-09 4.65897229473538e-09 5.44482038640457e-09 2.56354967100705e-09 3.5078722073893e-09 2.84502813951469e-09 3.59400281587424e-09 2.3431925136242e-09 3.17088755224549e-09 4.41096468055323e-09 3.88033922191641e-09 3.21442518921435e-09 2.52554975101662e-09 1.57657631079261e-09 1.74634820676588e-09 1.18607476653161e-09 2.11232320291613e-09
