Validation points/black/Trimeresurus_trigonocephalus-black.asc
NCOLS 267 
NROWS 469 
XLLCORNER 376490.070567719 
YLLCORNER 381033.488324056 
CELLSIZE 919 
NODATA_value -9999 
[rows 100 to 119 of 469, columns 88 to 131 of 267]
1.38046500913264e-09 1.22299597417561e-09 7.74262959530707e-10 1.02334316848408e-09 7.40322578555697e-10 5.5301827041649e-10 6.59542839975789e-10 7.67748270158466e-10 1.06330440044037e-09 6.22499035676051e-10 7.76864831980437e-10 7.69060025279003e-10 1.17402325531945e-09 2.80384708995245e-09 1.17761766141655e-09 6.31192875328494e-10 2.67153579720994e-10 3.1968099530628e-10 7.75525758912229e-10 5.21285518928259e-10 1.65384884448841e-10 1.75253634277856e-10 2.03110295166837e-10 2.62649662033478e-10 5.69426809176388e-10 8.30253771143936e-10 1.17343212474664e-09 1.09085719003345e-09 6.88262518162876e-10 7.16406263520544e-10 7.23851693374727e-10 6.83820395669182e-10 6.37325378188012e-10 2.02363295673278e-10 3.86892005676766e-10 5.1580543693326e-10 5.01506206771228e-10 8.07623050812505e-10 1.03104796076171e-09 7.81805383464201e-10 7.16161705308174e-10 5.78790526363242e-10 1.6945784168908e-10 1.64551027324398e-10
6.31207932759383e-10 4.34606881609404e-10 6.30170901803235e-10 8.34658915903966e-10 8.20841117289933e-10 5.64067957204631e-10 6.62420606531891e-10 6.33968207899293e-10 6.8810394542904e-10 5.85937746695423e-10 6.65486159463854e-10 7.13652616889999e-10 6.88130099209611e-10 1.03361637450017e-09 1.35656823782492e-09 4.56753291412807e-10 5.49809412211323e-10 4.82233721297374e-10 7.47472453686791e-10 7.23495448537495e-10 4.59398710397812e-10 5.732699622573e-10 6.74466649105686e-10 5.41540416334629e-10 2.18298203364619e-10 5.84615957272598e-10 1.02154585500186e-09 1.26737427195663e-09 7.59182327683223e-10 6.30249941596943e-10 7.24922473510098e-10 6.70419066038083e-10 5.85438701370142e-10 2.94183181312997e-10 3.03142180311126e-10 9.90639552961113e-10 1.16102373817659e-09 1.4127281067298e-09 1.0508924756404e-09 7.16103342595957e-10 6.07451755176096e-10 3.57930417103715e-10 1.44963855430729e-10 1.34977759864393e-10
9.10633208008214e-10 5.80703134072766e-10 6.60910501563572e-10 8.74852092456402e-10 9.54908744194327e-10 5.6662726319478e-10 7.75700339326196e-10 6.89911662678093e-10 6.1462255117993e-10 7.87563149363061e-10 6.5261468283368e-10 5.67292663127271e-10 6.06262010018419e-10 8.55214290759883e-10 1.26356305062215e-09 6.92518349019236e-10 8.0890452744137e-10 5.35128451152921e-10 8.20157670997389e-10 7.86384566017814e-10 7.21909442275937e-10 6.94077487493751e-10 6.93764145042028e-10 3.1671690125121e-10 2.70502884004772e-10 5.46649391137141e-10 8.63746618350723e-10 1.52932486870898e-09 8.53077805041112e-10 7.04958172911032e-10 7.44643471900769e-10 4.63187804225556e-10 7.12640188392866e-10 6.98398545386145e-10 3.88794821104654e-10 6.60754158975308e-10 8.32717686948121e-10 9.81661398988102e-10 9.624257301298e-10 7.29361382413775e-10 6.620151034553e-10 3.71087980710534e-10 1.46831552677557e-10 1.47168960969634e-10
5.44939642757073e-10 6.09579608751738e-10 6.57246837595749e-10 1.15992684151048e-09 1.46978664524165e-09 1.06627460917877e-09 8.09425251163567e-10 6.94997764919479e-10 6.70132826604603e-10 6.04299088146045e-10 6.04200321197632e-10 6.45567081147198e-10 5.67542695493599e-10 8.78591594924505e-10 1.56053297593618e-09 6.74782113047008e-10 3.9614861831228e-10 2.74707839980951e-10 8.68006527418513e-10 7.68967525643627e-10 6.98416391624447e-10 7.25210365642314e-10 6.12527048424396e-10 5.68694244704134e-10 1.64872305235303e-10 3.05446413866796e-10 9.40766943493572e-10 1.50788742882422e-09 7.79921532731352e-10 7.36022974327539e-10 7.18940977968483e-10 6.92734140791408e-10 7.13211763232705e-10 8.34905875781441e-10 2.98333531689259e-10 4.91074202881219e-10 4.20176385064387e-10 8.80758424695796e-10 1.13753768762733e-09 9.19198358133124e-10 7.38358067699023e-10 4.29408009882785e-10 1.66462610460618e-10 2.08486274135977e-10
2.06721162269814e-10 7.63264155478526e-10 9.49336868555143e-10 5.49215176124885e-10 6.22561113055062e-10 8.65497382017977e-10 9.25166321966834e-10 6.60595798391164e-10 5.85906925740967e-10 6.39243586999758e-10 5.31466710561769e-10 5.7203678928971e-10 6.40542907104477e-10 7.6654284823406e-10 1.71960142023476e-09 6.41358810167216e-10 1.88515175822373e-10 2.17279460495128e-10 8.02471511704952e-10 7.04477546553428e-10 6.95026658907556e-10 7.15129395574067e-10 7.00036606587121e-10 2.03394527753811e-10 1.52918106923739e-10 3.96972811613335e-10 7.17014534049306e-10 1.56315516261615e-09 9.15298374932883e-10 7.45595339234659e-10 7.23741331468725e-10 7.39337376099196e-10 4.70753350081331e-10 3.4781347687698e-10 3.21189942001068e-10 4.49904085325823e-10 4.76814459110768e-10 8.02060060556624e-10 1.02256900468528e-09 9.73555901277734e-10 1.01519804380142e-09 7.92875403137388e-10 1.72327771425993e-10 1.7655920866625e-10
1.47366949090672e-10 5.36660026819223e-10 4.78781285811732e-10 5.45960807746762e-10 6.16994917956968e-10 7.13586833515026e-10 1.03918289322735e-09 9.75413865083735e-10 5.8658596328323e-10 7.9058015303879e-10 1.21252062516199e-09 6.98897868536962e-10 7.64598338149355e-10 7.09255555597546e-10 1.24162050982211e-09 1.1037564226365e-09 2.87125413956532e-10 4.13719374402404e-10 7.72967291489663e-10 6.48399903125162e-10 2.82468714211422e-10 4.84509773861591e-10 8.2445876252677e-10 2.53459234875919e-10 1.71842822646823e-10 4.75820080808041e-10 9.9018960849258e-10 7.96062950106046e-10 7.77932987160944e-10 8.12256448994895e-10 7.17237336546195e-10 7.4946529229015e-10 6.48267498362528e-10 2.45748677859264e-10 2.71236973276284e-10 4.95596655103642e-10 7.01680352305319e-10 4.47427853115023e-10 7.54492566201586e-10 7.78706820205674e-10 7.79505897905314e-10 1.02265278423606e-09 7.66772737509203e-10 4.92186794049108e-10
2.81493942913745e-10 2.88926539851328e-10 5.01256639418861e-10 5.66789363138961e-10 5.5187692696644e-10 5.66161985742423e-10 8.73957338058254e-10 1.91314783104158e-09 6.05421877511848e-10 6.22406224137185e-10 8.06701582417173e-10 6.86478023216213e-10 6.49752728154038e-10 4.40771557992399e-10 9.58847246266764e-10 1.08416833357185e-09 5.79286924881268e-10 7.79496931457369e-10 6.63646776376428e-10 6.53765971731849e-10 2.66483360850532e-10 3.97164737315907e-10 7.80838098552925e-10 7.675065112826e-10 8.06591715004002e-10 1.14203107670787e-09 7.76294229314377e-10 7.08911649336569e-10 7.37969268663491e-10 8.12058861273215e-10 7.40761739607656e-10 7.64348590325658e-10 6.48729023331269e-10 5.84401569007003e-10 5.46131833511708e-10 3.95778383896655e-10 6.02009240002003e-10 6.8593219273916e-10 8.8789341777424e-10 7.7640593390728e-10 5.00657850573459e-10 8.24224572885827e-10 9.95751438908248e-10 1.04777558436305e-09
1.56903087259751e-10 1.43151176922598e-10 5.02924590758235e-10 5.32718551310172e-10 3.55029880020879e-10 9.08123204942308e-10 6.40650401460221e-10 1.05308889445548e-09 8.38426288081145e-10 3.91726793293667e-10 6.61763561605378e-10 8.09173881614026e-10 9.76106438936086e-10 3.76993871720005e-10 2.91675828543548e-10 3.33731487393334e-10 8.30238771297473e-10 1.20569541510004e-09 6.71643626901739e-10 5.53684169332417e-10 6.34941155156235e-10 7.47847846083279e-10 6.31366421882515e-10 4.6700985293943e-10 7.3177209079593e-10 1.40491485318967e-09 7.96083763339634e-10 7.23722172808089e-10 6.88646457697218e-10 7.3919025044664e-10 7.62681019164906e-10 7.42225921385728e-10 7.36372187444507e-10 6.72174110821067e-10 7.94511736570457e-10 4.09820599627742e-10 4.83834364134808e-10 5.78290030296869e-10 9.28613706678988e-10 7.39608836289913e-10 7.41957228662428e-10 7.08006518504129e-10 8.13290771857215e-10 7.3399518224063e-10
2.39384799254422e-10 2.27765233940503e-10 3.51392946451016e-10 2.2635059815185e-10 9.81016649115421e-10 1.14293085124487e-09 8.33806433816957e-10 1.01078788949075e-09 1.12076060837021e-09 5.53082165738605e-10 2.67163918812505e-10 1.07219089162385e-09 1.40491503086064e-09 6.0159187082711e-10 4.43621167183626e-10 3.93438449437279e-10 8.24324520915739e-10 1.78225731495544e-09 7.9066016987324e-10 6.36881497873163e-10 4.52597870124897e-10 8.01567368633915e-10 5.40715985155531e-10 6.68553653948408e-10 8.9289272905338e-10 1.34558689489256e-09 7.67584563466582e-10 7.64411130156022e-10 7.49467451599555e-10 7.25317783982753e-10 5.94762529727036e-10 7.73184577917609e-10 8.68487971684939e-10 9.41551949472555e-10 8.87455834565149e-10 4.45069218665162e-10 5.2104033558201e-10 6.38724882317245e-10 7.22698463595026e-10 8.77892022676149e-10 6.61998230786964e-10 7.12404673005234e-10 6.14061253757962e-10 6.38769511048525e-10
3.75803877910872e-10 4.91958027094154e-10 2.82960780918659e-10 3.40149288965684e-10 1.95507368026969e-10 5.45973063767499e-10 6.62095173197439e-10 6.90919543997117e-10 8.92334312744491e-10 1.20888513092286e-09 7.34714709452644e-10 3.87461115065702e-10 7.63533843974531e-10 1.05756071324046e-09 4.40607470697478e-10 4.44176863470096e-10 8.27992955225081e-10 1.6874945029223e-09 6.65521735261889e-10 3.4525027106926e-10 2.96035181936474e-10 5.66600261206181e-10 5.56550022255503e-10 6.31507124746349e-10 7.66359841023635e-10 1.09803344851403e-09 1.17280903642247e-09 7.66814759852791e-10 7.84697208761637e-10 6.29427032350691e-10 7.33364691754548e-10 9.44383988507156e-10 8.80727096139354e-10 7.88068649763766e-10 7.21587586455762e-10 6.90619997449596e-10 5.58708925780029e-10 6.72891436642327e-10 8.06273045336295e-10 7.75022678265875e-10 8.26657986319561e-10 5.1898001646876e-10 5.9826841633508e-10 3.04798651178846e-10
5.51574120290111e-10 7.44745182993018e-10 6.31638926865614e-10 2.16820384691163e-10 3.31052838521994e-10 6.34548407756945e-10 3.82772947556625e-10 5.77309389485577e-10 6.57257700217418e-10 7.07431323368156e-10 6.30106401481569e-10 5.70561493206006e-10 7.61963386830845e-10 1.26848204666636e-09 1.356993668947e-09 8.95868334142158e-10 1.84953614553477e-09 9.87717858161551e-10 6.00154581798315e-10 3.26049749201288e-10 2.76828179753526e-10 3.92984253579528e-10 6.93889389656896e-10 6.56727312043537e-10 7.50550178665293e-10 6.00221571831174e-10 1.85761603644672e-09 1.21548249651459e-09 1.03327569343338e-09 1.05705669828936e-09 1.12230624336485e-09 1.05233556319459e-09 7.83258937422077e-10 7.13656151709024e-10 7.04761099497564e-10 6.53247071234919e-10 5.73105230016158e-10 4.86889421298974e-10 7.15386386125159e-10 9.19099800318503e-10 8.21309789901193e-10 4.50784386095312e-10 8.08328708897394e-10 4.01904887046091e-10
1.05195700693098e-09 8.19811677964838e-10 6.20712530631403e-10 4.54767100686783e-10 1.91609294445188e-10 1.44680248242137e-10 1.88244133653841e-10 2.32043683973104e-10 2.65420035186584e-10 6.13404247235517e-10 4.50316787247546e-10 6.75003074900339e-10 7.39379005877456e-10 4.75211287158327e-10 5.51841938821962e-10 6.438454325663e-10 6.53409685505147e-10 1.19805050533534e-09 2.99074155301238e-10 3.01220392355377e-10 2.85423597899485e-10 3.74279383169538e-10 4.33261705642438e-10 2.70182041618046e-10 4.79282721114565e-10 6.94183657391537e-10 1.21322529945446e-09 8.4438444975986e-10 8.73499363663874e-10 9.07551495097695e-10 9.20429871049772e-10 8.53705071768389e-10 8.26910036963796e-10 7.45317973774812e-10 7.30256515275524e-10 7.5852403270904e-10 7.99285716476777e-10 7.49553570835432e-10 8.14011818393343e-10 4.53821041569348e-10 4.00719075937681e-10 3.53061657680727e-10 7.71835639589956e-10 2.69973663446205e-10
7.86368588975792e-10 5.92787627068959e-10 2.75501724919307e-10 5.46817366670561e-10 3.07535392467061e-10 3.08334882201806e-10 1.65653507924707e-10 1.81764900522168e-10 3.34776645947748e-10 3.76713448755193e-10 2.91514115582987e-10 6.50618576990838e-10 4.81882962699871e-10 4.75155977914364e-10 3.05526173308757e-10 3.11843389527043e-10 5.20893292192551e-10 1.6304919086145e-09 5.15417108152202e-10 5.46205205191559e-10 3.13496674591823e-10 3.18358798370002e-10 3.75579554494678e-10 2.97623325757665e-10 3.33216322731591e-10 3.39405610050986e-10 1.25963707164174e-09 5.52437910131344e-10 7.35348456654928e-10 7.41673319945335e-10 7.42706659801388e-10 7.40836294184516e-10 7.44536386808966e-10 7.13527491691323e-10 9.45786089278552e-10 8.54460443788547e-10 7.23072451620048e-10 6.31917893310875e-10 7.97355512596983e-10 7.24096639734919e-10 8.11760740534989e-10 7.35331552012504e-10 4.06625918911137e-10 2.87830423653202e-10
6.32776016444659e-10 4.42061784963188e-10 4.45822714112047e-10 5.99326511885293e-10 6.20898347736613e-10 6.95498236094095e-10 4.87328074018975e-10 3.32785419778741e-10 4.42506805797246e-10 3.24293654865933e-10 3.2453535262581e-10 3.09351275872948e-10 3.66937298117359e-10 5.82406597129499e-10 2.50107814338355e-10 3.63424492268136e-10 4.2234618538932e-10 1.13193416229363e-09 1.26708138355715e-09 6.65227648844336e-10 3.26730532726303e-10 3.57183114495708e-10 6.076569180327e-10 3.86565009722342e-10 2.64507974568178e-10 4.15277949868628e-10 1.00042296740965e-09 8.25007973179979e-10 7.75236023907677e-10 8.14030196350043e-10 7.78010012252994e-10 6.99769197502909e-10 5.00500539029784e-10 4.94752580594597e-10 6.81400769948831e-10 7.39222717532073e-10 7.66059576378988e-10 7.59183124612537e-10 4.49295310096999e-10 6.440256323946e-10 7.73395529236628e-10 4.49101504831378e-10 5.3496006803366e-10 3.75049719887764e-10
7.12641270612785e-10 1.60341816598639e-09 8.96277767524821e-10 5.78501884129683e-10 3.98029782529716e-10 6.03023431505588e-10 7.26570600827886e-10 5.60375996183518e-10 3.1600783391797e-10 5.21263729941712e-10 2.84131190939139e-10 2.98755024216646e-10 3.22007375591062e-10 3.16826341391315e-10 1.91119769163882e-10 5.49781729226606e-10 6.89401106118915e-10 1.19017818775864e-09 1.64254290292471e-09 4.79373860157452e-10 6.43983999124937e-10 3.47787104358663e-10 4.7880396386815e-10 2.72027993449955e-10 3.9567266214046e-10 8.4588884460876e-10 1.54542245134566e-09 8.68182984192804e-10 7.40944873356623e-10 7.43739408166169e-10 7.47853041887065e-10 3.25589929809483e-10 2.02986488860967e-10 2.36735895240416e-10 3.8746543855487e-10 6.03537493099367e-10 7.14612312358065e-10 7.96173483017593e-10 4.02122565097929e-10 7.9846374207286e-10 5.93051977092273e-10 7.17595182765213e-10 4.4787518798966e-10 6.15260973194041e-10
6.9741951568409e-10 1.42262060998634e-09 5.97113102064909e-10 1.53661465667614e-10 3.95708912420947e-10 5.40972519466562e-10 5.9525852417339e-10 7.44503906086048e-10 6.45150159658331e-10 5.67591897085378e-10 3.78195284166184e-10 4.4857333810176e-10 1.83678198968014e-10 2.59266143172687e-10 2.84845682266177e-10 1.83558269249891e-10 4.73241395116038e-10 5.83099978524199e-10 9.19111613943993e-10 1.01892514265807e-09 4.06298678109718e-10 5.67484858956131e-10 4.74306216546795e-10 2.17900775563522e-10 2.68767606967531e-10 9.58308621497261e-10 1.17780399387869e-09 7.72795553464305e-10 7.26562778912917e-10 7.63103188985643e-10 6.78224872582172e-10 6.87775190660478e-10 4.32375884694853e-10 3.39333586939021e-10 5.62311617823719e-10 7.45154264205782e-10 8.0355496722271e-10 9.30716340959961e-10 5.2783380681284e-10 4.67384202125084e-10 6.34049821552568e-10 6.39601188536591e-10 4.02276523337947e-10 4.01700102761397e-10
1.8552249019704e-10 4.46393197546759e-10 6.95445982672139e-10 1.30039973438171e-10 2.01606739872509e-10 5.4431011013371e-10 4.35176962359233e-10 5.60610390104493e-10 7.88124877838058e-10 9.54515304687715e-10 6.9193805772651e-10 2.86987271472954e-10 1.57263083632102e-10 1.46204026050483e-10 1.27641304675083e-10 1.21123260723917e-10 1.64001194138997e-10 2.13418330413098e-10 6.10552081645688e-10 1.23169541965185e-09 4.37333786734445e-10 8.20465558233389e-10 6.70634077730953e-10 3.79478120511931e-10 6.414602504698e-10 1.34843351158391e-09 8.77230866262982e-10 7.65407687858311e-10 7.78268310138411e-10 8.19699814431758e-10 7.48886094294773e-10 9.16208865948185e-10 7.92443064103017e-10 6.37339799306587e-10 6.30326329733993e-10 7.51088638549675e-10 7.74052669348777e-10 4.65004610523617e-10 4.07951558962326e-10 2.37643907675584e-10 3.488786626872e-10 5.63709685148917e-10 5.76313048532643e-10 3.95233584206432e-10
1.69141348428374e-10 2.47409043081818e-10 8.34399528462795e-10 5.2155677357785e-10 2.35065642036219e-10 6.03955970620979e-10 5.6974438642037e-10 6.87059645872159e-10 7.73615174736014e-10 7.47875114926075e-10 7.33651947237704e-10 4.00215040815109e-10 1.59238820320996e-10 1.39634911103187e-10 1.43461196133011e-10 2.30807450587133e-10 3.8538308149986e-10 5.72463008950984e-10 5.83133838787576e-10 1.03042184728605e-09 1.34006366396046e-09 8.01005495089493e-10 4.65549706630081e-10 4.8346857309087e-10 7.96417539853422e-10 1.54561144379787e-09 8.09172165076163e-10 7.06095250053352e-10 7.8580094986716e-10 7.59972260521577e-10 7.69288054632085e-10 8.48313160990996e-10 7.4171696771358e-10 7.497703756992e-10 7.55842633859141e-10 7.80674526244252e-10 7.81493794145912e-10 9.44743726764101e-10 6.77194983059003e-10 6.93767427689569e-10 4.09043098981813e-10 5.30032660242805e-10 4.22216198244564e-10 3.24232250075493e-10
1.35171407608173e-10 1.39993799915392e-10 7.02538929097051e-10 8.13885627236056e-10 1.60872481082025e-10 1.56574602357642e-10 3.3333173822153e-10 4.99917089522914e-10 4.12719438324888e-10 3.52502484238916e-10 6.66890578051738e-10 5.98417188396568e-10 2.53959548570192e-10 1.82105611166541e-10 1.3721939958669e-10 3.62306281322451e-10 4.79907589907588e-10 4.71513849824832e-10 6.84899333537108e-10 9.75158546622697e-10 1.47282688823148e-09 1.22793104596863e-09 6.20839304074121e-10 6.47803990414428e-10 7.95297173661467e-10 1.11244744113671e-09 6.02817988407467e-10 7.78615579068399e-10 7.9589416007715e-10 5.88489432923296e-10 8.7739905110319e-10 8.63406073350858e-10 7.24978996066535e-10 8.45312997246127e-10 8.69493890453937e-10 7.64337939658535e-10 5.29961407858868e-10 1.23598307519315e-09 1.00610746601926e-09 8.47520899060202e-10 6.91892400672377e-10 4.98364852909163e-10 2.60032266472794e-10 1.92370960884677e-10
2.26735203125409e-10 2.19049494225193e-10 2.0584793619186e-10 2.87124571370417e-10 2.12721737556305e-10 2.11757061150717e-10 1.17334733479467e-10 3.99197912876479e-10 4.52328432950514e-10 4.98350173852433e-10 2.8553150569722e-10 2.0423731305568e-10 4.29987631320735e-10 3.92452911693191e-10 2.41459334464284e-10 3.65917616282789e-10 7.84091029253007e-10 9.60147166967002e-10 6.36060816975958e-10 7.60479160222727e-10 8.90430772026057e-10 1.14032420661882e-09 1.30789120880028e-09 8.69812727713403e-10 1.02366105038988e-09 7.08103436969828e-10 7.31587719241582e-10 7.70680800706288e-10 7.18101055926237e-10 7.59614632602474e-10 1.18209397523677e-09 1.13735405161808e-09 1.03551298169439e-09 9.56273457291694e-10 7.73777685011576e-10 5.30253764568568e-10 7.72468840901842e-10 1.10095006894654e-09 7.80987770246717e-10 5.71157338690789e-10 6.03636885226534e-10 2.50941534328635e-10 2.00805308242363e-10 1.6097127635041e-10
