Partial ROC data/Bungarus ceylonicus.asc
NCOLS 267 
NROWS 470 
XLLCORNER 376490.070567719 
YLLCORNER 380111.488324056 
CELLSIZE 919 
NODATA_value -9999 
[rows 399 to 417 of 470, columns 132 to 175 of 267]
0.00140292460294386 0.00133100369720837 0.00124734704627575 0.00108918839962052 0.00140689011212753 0.0012972443168897 0.00119401344911106 0.00106106143702208 0.000728437580535724 0.000627839913169556 0.00070678882021289 0.000740330872176267 0.000548021973449941 0.00051515895043582 0.000482691435971513 0.00045673009862631 0.000436730018627646 0.000413193381526511 0.000389192829455063 0.000362141206404085 0.000335563287052159 0.000322346827903588 0.000310787752432567 0.000299144829837711 0.000289798865750646 0.000284945071198447 0.000278957453223584 0.000271989710150904 0.000269879410789343 0.0003130908836175 0.000258584386221001 0.000227089077280489 0.000225218271362235 0.000237884838819847 0.000256682294143227 0.000236618450207123 0.00021846912012315 0.000213152168979088 0.000210081819372901 0.000209112016998882 0.000207126541404772 0.000204796670139473 0.000203319563548589 0.000202960375837912
0.00140954715286509 0.00131087919812574 0.00121350387315285 0.00106583960951467 0.00139045520710461 0.0012570484250279 0.00114527606618009 0.00104937179183335 0.000693508393801354 0.000559456658404451 0.000593236010524251 0.000568281072694611 0.00052519129593334 0.000492427614490004 0.000470391398610511 0.000453272765682256 0.000433716838219821 0.000410068528315186 0.000385456600323033 0.000356641509057488 0.000330078589001299 0.000315448879068746 0.000304224697880522 0.000294107341773035 0.000284981282169136 0.000278652397663563 0.0002727649878919 0.000267322982972499 0.000273545435620309 0.000318095404838663 0.00025643550572471 0.000224503259674763 0.000223982788239983 0.000228724401394263 0.000231375686001576 0.000225026365651023 0.000215883231827855 0.000209686569201564 0.000208163523226259 0.000206883781656563 0.000207087102717442 0.000214651616105061 0.000212696727275295 0.00020955670456587
0.00141428904567687 0.00124955859995417 0.0011688005321725 0.00145867540332045 0.00132045863865645 0.00118690082548932 0.00109378768499409 0.00101103197879989 0.00068687148272945 0.000539016359947063 0.000573429219751359 0.000539948576024056 0.000501528230277483 0.000479107955874202 0.000459363142381009 0.000444079343146248 0.000427599646484754 0.000404289185675901 0.000380776540107583 0.000357392498391892 0.000330180684749684 0.000310333229254079 0.00029883238069328 0.000289520666980684 0.000283406007313046 0.000278023560680348 0.000271382194691941 0.000264619796607859 0.000258782406931122 0.000239840635458566 0.000224007159241341 0.000223113447587916 0.000224603350817599 0.000224025177872707 0.000220972712236585 0.000221948694958121 0.000217419292106442 0.000207847859827279 0.000204306908250654 0.000210773817432167 0.000214545049335245 0.000212806276699079 0.000210097423362079 0.000209011587856119
0.00158573763065811 0.00131323863389293 0.00161016173371863 0.0014443656856526 0.0012612977437549 0.00116035174950541 0.00106748630557159 0.000724023702866906 0.000597185487436589 0.000476734522550942 0.000552684837330337 0.000521228959978333 0.000491032756404335 0.000469910873229944 0.000451688728849967 0.000434671694286962 0.000415734399496936 0.000396041567437428 0.000376762518131508 0.000353967796342526 0.000331491108183021 0.000308488619141146 0.0002961239729441 0.000285279091286917 0.000278462123171582 0.000273694910417784 0.000267021946400839 0.000261554589705536 0.000249236184673537 0.000230043315538695 0.000222188531564416 0.000221251681176081 0.000218190665121005 0.00021678984473856 0.000216873831726032 0.000215814412690343 0.000213777533496092 0.000209166384880931 0.000205342208125377 0.000212843056499761 0.000214586421235495 0.000212650241196772 0.000208785087279742 0.000207384492358799
0.00176417280751504 0.0014281363113568 0.00154104372467413 0.00137117598601508 0.00125331583457737 0.00116901688836085 0.000789194672733101 0.000567424221019327 0.000516719222446774 0.000478876489416401 0.00053601611964696 0.000506955468965602 0.000481612813195416 0.000461471782126906 0.00044348855522698 0.000419182899467949 0.000401976875300547 0.000390586697079139 0.000371893550426335 0.000350779146473659 0.000333794043926448 0.000311992276293566 0.000292240019654867 0.000283288252914688 0.000278435863785446 0.000271793662004054 0.00026440794632197 0.000257220683470431 0.000242804269478465 0.000224785134769116 0.000218998203052356 0.000216652245008925 0.000213866621754895 0.000213224968850347 0.000215321623796041 0.000214400591590451 0.000209777798668338 0.000206858110498091 0.000205749901098603 0.000204492485267388 0.000202779820089571 0.000208650951806266 0.000207453204559299 0.000205565570024241
0.00343576996267835 0.00245879009649504 0.00161134542442412 0.000997993012434909 0.000729425580151177 0.000667703003627689 0.00060006399748149 0.000544798274670336 0.000506668492333619 0.000471376996026744 0.00053552625649737 0.000500596379080557 0.000471640382518899 0.000449355329190297 0.000425298048829927 0.000411435356556044 0.000401489955196635 0.000387515833792642 0.000370104153627479 0.000351509080096506 0.000331806331632932 0.000313370200918689 0.000292825890245451 0.000278842181922873 0.000272724090151577 0.000266543708789476 0.000261709916117088 0.000254681784630196 0.000236696650460559 0.000222520900417388 0.000218112890672943 0.000214363890605554 0.000211246253830508 0.000208268501818486 0.00021333592355575 0.000211436848248251 0.000206298806845293 0.000203502521626102 0.000196484298914326 0.000194488669513283 0.000193664603980917 0.000193459341325071 0.000195616762141185 0.000189602357184654
0.00275599026645039 0.00296768767890413 0.00131155035668087 0.000797185500740387 0.000710209746443748 0.000686066201515565 0.000665390626283612 0.000584314246601193 0.000505665491108741 -9999 -9999 -9999 0.000461094791557765 0.000433232388654012 0.000416670739521442 0.000401279060719312 0.000392017722859281 0.000376189041113913 0.000361768715208366 0.000346662774832314 0.000330681204608946 0.000315533630709603 0.000295208678453929 0.000277222499723669 0.000270191687141577 0.000263477589929639 0.000255138946073818 0.000250048647554755 0.000238388063356727 0.000224214437837537 0.000216592307065843 0.000210998348864494 0.000208377697344177 0.00020665104880024 0.000211206817499499 0.000208459492888924 0.000204606716666258 0.000199827660662707 0.000195211746270902 0.000194029353412196 0.000193036540469839 0.000192456394544448 0.000196685217861496 0.000209085278159104
0.00213660934342056 0.00215651515266683 0.00137514657392776 0.000790539310467267 0.000702630892957149 0.000686475538364961 0.000679087474419103 0.00061009506013219 0.000577809101866491 -9999 -9999 -9999 0.000415026570030877 0.000370337441139676 0.000358131268831603 0.000366679060376093 0.000387525965777469 0.000367498323318287 0.00035091959485002 0.00033918763184201 0.000326353012551127 0.000313494968752616 0.000296343394942101 0.000276553881787947 0.000265847697926707 0.000260454937587944 0.000254398734249477 0.000248249792026324 0.000241763017038977 0.000219755424950593 0.000214861165479852 0.000209751075879282 0.000205861809094283 0.000203080962388144 0.000204832249878328 0.000205633582921749 0.000205484169813137 0.000200499496859943 0.000191895925093754 0.000191584058678471 0.0001922234635659 0.000192956884788516 0.000198177852572526 0.000205845579144861
0.00132011206585935 0.00128646662674347 0.00112453030194358 0.00099899774534642 0.000868966793551045 0.000737274320084791 0.000652813205792048 0.000602507795038421 -9999 -9999 -9999 0.000395453501985049 0.000380398494172832 0.000368208751153559 0.00035372103237901 0.000337094682831085 0.000328554265545254 0.000360413798057255 0.000344603489163723 0.00033451508944903 0.000323214942898771 0.000311132414771358 0.000295864222790859 0.000278129089207839 0.000263480209278884 0.000257254146349576 0.000252287009608543 0.000249768604034212 0.000240220566735479 0.000215545606130139 0.000219112558566255 0.000212836753591784 0.00020553445702993 0.000202105892927297 0.000199135822838536 0.000201189079046751 0.000202637506893064 0.000198101267785191 0.000191413193539612 0.000190777090554386 0.000189952113183518 0.000188826035833673 0.000186562189298232 0.000187560932033183
0.00119906975806898 0.000986660900328523 0.00110914230617375 0.00105959371604705 0.000914681199312854 0.000781368417176359 0.000668839330650076 0.000596602860591159 0.000573697301767062 0.000532029622662764 0.000423869709324556 0.000387979966276208 0.000372813768491732 0.000360811529417448 0.000351644484810215 0.000336396256269205 0.000316363150010765 0.000301215531983831 0.000334596057035324 0.000325359296478929 0.000319083997099541 0.000308947971478322 0.000312371258354811 0.000363325127944322 0.000334484957035301 0.00027232432842552 0.000238293265744458 0.00023183480873819 0.000219406425375931 0.000214321834430826 0.000217108499377156 0.000213137535818952 0.000207187521643848 0.000201424494613281 0.00019698414749276 0.000196061172215834 0.000202486951633793 0.000196770680641641 0.000189907543698908 0.00018836083096507 0.000188822549648926 0.000188265102423887 0.000186244630960995 0.000190242909231229
0.00126119073396878 0.000885163449033008 0.0009656488088757 0.00105450175555586 0.000937529989352272 0.000772196057537385 0.000661580726203602 0.000638025981577243 0.000629837956115968 0.000537964257615682 0.000424977970861385 0.000371015124692015 0.000364596065833022 0.00035513452541548 0.000346231230493999 0.000330418818034699 0.00031576717716272 0.000301290838601457 0.000280774902390761 0.000269235697828607 0.00026515908673506 0.000257806590176011 0.000250592405145365 0.000245592961869899 0.000245177341506478 0.000256776081559079 0.000223900571020022 0.0002203567414398 0.000218091618239501 0.000215787110824104 0.000214034445481105 0.0002124096218257 0.00020788046219566 0.000201488298933595 0.000196812731331474 0.000202733651578968 0.000203034226588583 0.000197617898883106 0.000191827181487676 0.000189177996477131 0.000186812863016076 0.000186658490303219 0.000185592100530361 0.000184049592425581
0.00180927275377024 0.000925235324159146 0.00084472314590496 0.000908700373565265 0.000861020575035904 0.000813936637344327 0.000698719750451696 0.000616303647880494 0.000649361096042301 0.000640317903279485 0.000495619290007663 0.000373534860788381 0.000367958744908989 0.000351306265299776 0.000333051097118587 0.000324276684299403 0.000316690507825875 0.000302962494463136 0.00028761751415294 0.000276856252768671 0.000269733287606202 0.000262452229069963 0.000251163520775082 0.000239528643516299 0.000246142184631412 0.000296699968072974 0.000288087088985364 0.000247952383197574 0.000215613660925459 0.000211480408017132 0.000211303831902927 0.000211352737739792 0.000207675943322292 0.00020043856730317 0.000196106728453383 0.000207969497221134 0.000214203934105414 0.000207102116097228 0.000205209482528422 0.00019642374328404 0.000195398839984648 0.000193988810919355 0.000185809005350679 0.000192284175580492
0.0027261975699612 0.00130259585980965 0.000841089888593862 0.000816768394245653 0.000775664832218735 0.000710549744844585 0.000670571236226352 0.00063909820138242 0.000643933466442704 0.000567711430263885 0.000449608118333513 0.000375038069532972 0.00036309433615437 0.000344332433062619 0.000328871636798889 0.000318064866882984 0.000310341348502191 0.000300003999065258 0.000284649391010889 0.000275356450733309 0.000268411037665594 0.000277861757718022 0.000321883532038897 0.000266776372258831 0.000230229093859393 0.000227236542183498 0.000223410098414749 0.000232555985981176 0.000243970445558662 0.000210122681561479 0.000208199554494837 0.000212049944625746 0.000207103791637328 0.000199038687578072 0.000203661682105711 0.00021262662572459 0.000238164154339053 0.000234207318431138 0.000228372398303194 0.000211628083921051 0.00019684431539254 0.000195401472427548 0.000187367263925653 0.000190738008686654
0.0014212770484771 0.00148978764529534 0.00098259003375242 0.000869798896420507 0.000754659521542207 0.000746471603966219 0.000714991464821213 0.000671777601633643 0.000604408457523436 0.000569762657925382 0.000500092710125352 0.000398619704473853 0.000363298368843786 0.000343177419542044 0.000320888061473897 0.000311349381572465 0.000306717831847793 0.000295774220594546 0.000284629317533864 0.000277642872947462 0.000267539271542109 0.000256680334762436 0.000250206597358393 0.000245151484956939 0.000235595883251133 0.000226593992279296 0.000222991227951205 0.000218105352044244 0.000212820799520355 0.000209864184368481 0.000208930768883997 0.000210334424932741 0.000208607871790477 0.000202842019196428 0.000194304063627071 0.000195012873011825 0.000229933024662146 0.000213281634373586 0.000223389635837333 0.000227680018213312 0.000213836521600365 0.000209871667276696 0.000192083321134229 0.000186800322695343
0.00169807370907011 0.00220611566298615 0.00176867982592285 0.000929886053805589 0.000801163013129359 0.000790701921669648 0.000777584357316135 0.000714992981775105 0.000596311332518085 0.000528857380254525 0.000505689485103025 0.000403037328073177 0.000350007895942268 0.000336858454459894 0.000315142893349221 0.00030813489019745 0.000308475574103824 0.000315140280360333 0.000309896729462031 0.000293859645643935 0.000273824279584176 0.000259054128559224 0.000269298788694566 0.000281746017041554 0.000274730272919611 0.000247269971246475 0.000221071863489044 0.000217234722204669 0.000213486430272549 0.000210968472391421 0.000210167688688493 0.000206187799262248 0.000208529594650461 0.000210635381880083 0.000207356206857071 0.000198202018911319 0.00019472235904816 0.000192481848461353 0.000197087565633993 0.000223857570936894 0.000230530068111301 0.000229607226947243 0.000198211242059526 0.00018472395403037
0.00205248570381466 0.00193285329224338 0.00158629587948835 0.00100170612915372 0.000868697804449551 0.00084962427256016 0.000791878440581406 0.000679205799733921 0.000566303976066734 0.00053613178186271 0.000502265668652528 0.000417134126877348 0.000354988521197285 0.000329676547899384 0.000316411136701515 0.000308671530108986 0.000309266874179975 0.000314524397498568 0.000309258404969802 0.000299549717079089 0.000282923950511627 0.000272202251311213 0.00028881645239016 0.000292171692723745 0.000283185958531853 0.00026015255644536 0.0002221439884387 0.000218430471953795 0.000219092871483742 0.000223720270739554 0.000220383138553453 0.000205727419882494 0.000204817119251894 0.000208105414176138 0.000209063164420874 0.000202642114186244 0.000192509859630626 0.000192924150815753 0.000192609394820398 0.000198073562872603 0.000232276245869278 0.000231807380912775 0.00021796603769894 0.000192580041226051
0.00202204233164179 0.00188916671109208 0.00129242638672489 0.000990421615449111 0.000880048871946657 0.000792734935715072 0.000736788796799876 0.000637601851198399 0.000560820698092963 0.000551179830105209 0.000502736110736294 0.000430641824295193 0.000377380433942858 0.000329558737086212 0.00032732656772402 0.000345596974322373 0.000337600604776554 0.000313825198155977 0.000306491110712763 0.00030154416957353 0.00029372438932668 0.000281542485234975 0.000280996503022012 0.000282245275164026 0.000268085800663174 0.00025089961592026 0.000236509994874422 0.000232644827742334 0.000235172172526303 0.000235547136169015 0.000221066237365736 0.00020392585065725 0.000201015252270173 0.000199814321824728 0.000203431108583882 0.000202357072335045 0.000196393614632805 0.000191465710388096 0.000192710084682682 0.000193919802089758 0.000211662290621638 0.000232080789448724 0.000226961879859895 0.000212726354467705
0.00142026315123396 0.00146669783024624 0.00144649097709774 0.000978625083390083 0.000874484088451901 0.000834610765323663 0.000706639588070645 0.000621698730175864 0.000577057392321272 0.000593085835249991 0.000548035678529909 0.000482803541671061 0.000405949951939498 0.000348804251705288 0.000357236117186775 0.000432418659166586 0.00041625331695813 0.000337298630741077 0.000301742396763025 0.000299103133986706 0.000289497083633931 0.000270361684104727 0.00026191655746851 0.000257886009782252 0.000246402118133581 0.00024239163966759 0.000237678935806274 0.000234053543549294 0.00023827173023327 0.000249514400173421 0.000244985313079264 0.000231999703096699 0.000210426746333126 0.000205015229041503 0.000203505551913131 0.000201556165672588 0.000197120045527923 0.000190398555341905 0.000191171485729879 0.000192241718413549 0.000203601154969843 0.000229743141009361 0.00022299929003384 0.000219341035617585
0.00119392704143619 0.0011933758189394 0.00113164100894925 0.00100039845213821 0.0010504901015336 0.000866356287839332 0.000642148829856841 0.000654088689576058 0.000723217309087107 0.000652266429006438 0.000576151058916297 0.000502837610515705 0.00043003123867293 0.000408953022009131 0.0004316094084265 0.000453907912482559 0.000426910761261487 0.000390826775885347 0.00037149844631396 0.00035946621788337 0.000322557622887728 0.000266823945694559 0.000258617890009813 0.000249760379070413 0.000243682513243612 0.000240617217078293 0.00023837099116888 0.000238092563715187 0.000245165018094566 0.000253272181186946 0.000248458450189833 0.000236209971987087 0.000214839250908579 0.000204452597343293 0.000202340887574256 0.000200448865480181 0.000197501794659302 0.000193163632956438 0.000191537233609703 0.000192674541394883 0.000196048894064883 0.000222304590159128 0.000225439213766286 0.000223818907015885
