Partial ROC data/Bungarus ceylonicus.asc
NCOLS 267 
NROWS 470 
XLLCORNER 376490.070567719 
YLLCORNER 380111.488324056 
CELLSIZE 919 
NODATA_value -9999 
[rows 342 to 360 of 470, columns 44 to 87 of 267]
0.00713150401470738 0.00718561771473374 0.0104420285541956 0.0105032082616529 0.0101753499028414 0.0093440885604173 0.00939421500602129 0.00953162360011778 0.00955514907854823 0.00565202427654002 0.00769077017504096 0.00781455698002651 0.00825183770783438 0.0120812527565074 0.0104951117025375 0.00467158697536566 0.00465334768987583 0.00441634870571131 0.00459940071728846 0.00422760210325038 0.00533010178717726 0.00548396401575525 0.00602769169981322 0.0059755191866383 0.00616988988172121 0.0077362112524659 0.00369662611860589 0.00665310747006527 0.0069094138596974 0.00468192047735956 0.00628860818982788 0.00509353863565798 0.0036952842922125 0.0029033809447222 0.00211068201370352 0.00172538204179441 0.00479355293893391 0.00372728641006915 0.00187776666476401 0.00180919164170304 0.0016827477164714 0.00170544807452591 0.00262731587875625 0.00201058703956669
0.0127517820916662 0.0121407737504813 0.00739820335303914 0.00787184328381757 0.0096315223150657 0.00824247016082433 0.00975788859522505 0.0101243325178618 0.00505453564295746 0.00576459216355445 0.00770548616022328 0.0148009371083329 0.0127704620577499 0.00917590918778027 0.00418521064591967 0.00451113751304879 0.00428388985231574 0.00501440745664286 0.00774719299810247 0.00475453559763893 0.00659009914907197 0.00740001604052536 0.00679464330035516 0.00689894000517336 0.00794140344533935 0.00989393998678238 0.00419934849012283 0.00660983058307378 0.00705514622895394 0.00678196145694026 0.00415209285938651 0.00584987382859411 0.00286388666580876 0.00700653551968732 0.00841261994024594 0.0101020903158495 0.00147570542952719 0.00194136507391222 0.00171596921149643 0.00168534481397477 0.00185871477854878 0.00587337257962031 0.0105660014317623 0.00236429243296653
0.0101734182678548 0.0122605466912525 0.0119763867195991 0.0118615618762179 0.010655540919594 0.00957862838747268 0.0100771791947996 0.00987565250974691 0.00941807690709965 0.0100712415444917 0.0114317134216842 0.00631412530922222 0.00655520929665137 0.00535048278563839 0.00382939282212187 0.00448436379473283 0.0048342656257479 0.00852857005936944 0.00502618608608441 0.00585042386826582 0.00865761782661918 0.0116256288764314 0.00984101176999409 0.00740872078347946 0.00719197185592171 0.00627626620008398 0.00545582920749599 0.0079017339861051 0.00452108035320061 0.00442905286552345 0.00792172098858079 0.00608687871473835 0.00450427422594089 0.0038027201658935 0.00385630862591868 0.00246577241279874 0.00168574658264372 0.00217154813933081 0.00185076084668435 0.00140156055621044 0.00186773947678268 0.00424294254523203 0.00319942670667935 0.00183574451359074
0.00921727559197661 0.0106123062027306 0.00970679698273138 0.00686736533646588 0.00849964468741959 0.011334528791857 0.00949324166655552 0.00910758098057289 0.0108658238539035 0.0112049107580998 0.00561548950423678 0.00669652518972595 0.0116478567987227 0.0109241394258215 0.00562969575627749 0.00477711512745479 0.00418764863610567 0.00519261148454218 0.00496103739368366 0.00584382645984987 0.00741331898692124 0.00950090165587514 0.0120669881044106 0.00998098598520605 0.00804241105852596 0.00876292418125135 0.00519910613472249 0.00549670886622844 0.00442172325078323 0.00428996795350403 0.00544471841313713 0.00371924344837198 0.00216320674937704 0.00173647505780539 0.00278527133146485 0.00219023932542999 0.00171353095610437 0.00187030271540711 0.00171586799975482 0.00117866860610867 0.00125390209872674 0.00157728180243128 0.0139746115210124 0.00119951556074716
0.0063848966594555 0.00915762364314533 0.00974938211233818 0.00654580118247476 0.00649727835225711 0.00568451895665968 0.00751193517880094 0.00705866994549575 0.00624049284995204 0.0062340728270758 0.00934144176450283 0.00648084089561675 0.00821348051646903 0.00691862015515299 0.00760520603011777 0.0109173150784192 0.00590338579850424 0.00606599361192053 0.00859289626919384 0.00719952058094915 0.00480972913409751 0.00646923740465817 0.00804640203775485 0.00983355450153558 0.0121801680664518 0.00888840528818804 0.00499659707616059 0.00351025676282266 0.00282734213865817 0.00369958357547711 0.00656945947372529 0.00499988210481353 0.00265757195849618 0.00177048536195716 0.00164830459905785 0.0130542189299063 0.00867700619206495 0.00229963536855745 0.00293143640201911 0.00159018471199446 0.00132803592940337 0.00107844083470068 0.000998716068660337 0.00106520897029535
0.00855267614362342 0.00609691728766968 0.00748466664200302 0.00938639361586611 0.00869420550749892 0.00902090467759289 0.0104713180524107 0.00655700211744434 0.00563723635033825 0.00489179691192025 0.00539412387801448 0.00616935514100254 0.00781269983746261 0.0076355973241153 0.00756250008500873 0.0118969511454429 0.00685555034281475 0.00741272736168777 0.00625787810599886 0.00633424539116247 0.0085494539540041 0.00878748906243784 0.00801513124886198 0.00894154776844758 0.0111441515889353 0.00801997214372215 0.00356860697659282 0.00566892176056969 0.00551674934119655 0.0033573643424265 0.00651806146856764 0.00348560141727802 0.00205609109679096 0.00316587271904429 0.0045543746564109 0.00256675041769315 0.00791203493174673 0.00427039969843621 0.00307857390403663 0.00111654422569277 0.000925045661053484 0.000864057795168074 0.00128381743266652 0.002291742253916
0.00570263493564271 0.00856318895977527 0.00837459341491822 0.00836751205384918 0.00871677382333006 0.00887793557250104 0.00978013335132595 0.0102358684252859 0.0103884999352615 0.00557590867643633 0.00583164219737341 0.0109755414095226 0.0105439086094152 0.00874020628226353 0.00855420508220498 0.00540796875470961 0.00644812021941098 0.00620493175322062 0.0060314363411495 0.00661386602511447 0.00873339551310519 0.00659244015678153 0.00860984716117072 0.00655639751707969 0.00661516241065839 0.00488677621019051 0.00423742237001715 0.00361139869758999 0.00231552863798357 0.00323478568938922 0.00532430781371733 0.00276537349329247 0.00231234328140201 0.00373196090315531 0.00273159137998409 0.00173647358749823 0.00374192903058687 0.00480457203322038 0.00237866107770518 0.00109733270053392 0.000924773155496822 0.00110397630422297 0.00276125061844382 0.00345647818152112
0.00713605711136219 0.00590071674777393 0.00548798005611198 0.00814924214365862 0.00854446040607791 0.00465972806328919 0.00566397727362116 0.00982570767863173 0.00998655635368789 0.00980130602655174 0.0110444659415818 0.0118552440157505 0.0107437693924425 0.00920035352805546 0.00536437526320741 0.00539086723981834 0.00725720974810753 0.00662682498280512 0.00409961626049323 0.00596746359566268 0.00581250306218766 0.00543708804918171 0.00664666096115725 0.00572922566495438 0.00616704532710084 0.00525524734551674 0.00528962565967579 0.00541018299807975 0.00283219521370761 0.00219776827186069 0.0031766671877322 0.00632505519119335 0.00479596684659904 0.00350310328448315 0.00190926539199102 0.0011063269733637 0.00114376698889922 0.00311146203609636 0.00522663730677768 0.00505148860675783 0.00213341872078518 0.0011453563362835 0.00303684103537262 0.00214256865558938
0.0128807226062812 0.00646843357563019 0.00625023138981606 0.00604576031844933 0.00615176419608237 0.00922015075343825 0.00556425301774266 0.00668560919943484 0.00676701644053217 0.00704617545588844 0.00559861635331034 0.00613302672388924 0.0101036711180154 0.00949712568027053 0.0086911524778629 0.00809693023726924 0.0065977578501733 0.00587960443444798 0.00392242376390023 0.00523915699255455 0.00518065376072687 0.00558548502227011 0.00727118447725781 0.00789125903223304 0.00546201469531151 0.00749802486458752 0.00644601081009388 0.00593960778797237 0.00603452673381268 0.0032826943228376 0.00318782102881921 0.00261602070372699 0.00162797316685218 0.00112020522294816 0.000734882136793517 0.000766121335200122 0.000913416156240698 0.00272135920073705 0.0056315718322466 0.0029106730681855 0.00191137720901141 0.00344992609169082 0.00307418376491726 0.0020180345611527
0.0115057717466063 0.00673792169761837 0.00852221737152477 0.00708170000905589 0.0071257789055072 0.00664219068525153 0.00715659548788462 0.00709939502250031 0.00754016163044548 0.00659129434041009 0.00684675109359661 0.00509133680737384 0.00583701179119325 0.00557090099599687 0.00876740274786372 0.00775943501209561 0.00656402097786896 0.00594510051235966 0.00559823679048283 0.00354564714127292 0.00550935739514068 0.00318544836344438 0.00438007386046043 0.00403357240097165 0.00520303096110338 0.00825302065521436 0.00559471164130422 0.0054457912281953 0.00618240737914453 0.00596510530546465 0.00557714763783723 0.00347372206275125 0.00163003206411947 0.000987832413016071 0.000833923719365734 0.00085672733957475 0.000895199651707 0.00250351099467327 0.00460705538450631 0.00358838914534352 0.00170178872909262 0.00164233731483149 0.00125043794865499 0.00117065293294833
0.0105334391743501 0.00677471531127623 0.00864696074527966 0.0126184527018513 0.0106267883707241 0.0113385386189221 0.0141984243272735 0.00779068610111674 0.00613955192788482 0.00710514044847596 0.00885753450960267 0.00806493972429606 0.00848215078905952 0.00937332387872853 0.00513213672091055 0.0046850129546101 0.00609533376629937 0.00592193531388431 0.00570029665639606 0.0034616057129231 0.00335954439393248 0.00497502196374003 0.00454527016648507 0.00666701455469702 0.00916907086860329 0.00905345442905354 0.00485658097887069 0.00640173757122291 0.0056447466801469 0.00381269306096866 0.00632022578517018 0.00506309167992203 0.00209105591931707 0.00102776071644618 0.00105766475656995 0.00104656385387704 0.0017245204636815 0.00168809994948148 0.00677125251565999 0.00517488692099269 0.00124164279071269 0.000884573894257596 0.000969786160759543 0.000891067032374992
0.0136257086572638 0.00761976377829979 0.00862058333676661 0.0125212694019388 0.0108062869982384 0.00591528354629175 0.00926210604552491 0.00770436792240695 0.00628188919674309 0.00882015816563173 0.00505897102760221 0.0054870191682768 0.00558883656757703 0.00612161100724693 0.00602239613566533 0.00496643776838294 0.00406178082172058 0.00497735333888265 0.00378007933810055 0.00492940834973723 0.00429880799383105 0.00422720975448524 0.0056060133938517 0.00405990417492173 0.00487543289572896 0.00507987372233922 0.00533922265120429 0.00712609540032776 0.00363260387466415 0.00367617682418813 0.00677576996673151 0.00623098051370596 0.0024882896857457 0.00108081573809292 0.000961296729920182 0.000862834574247346 0.00119351163426885 0.000894503583578678 0.0014415053289742 0.00128523025911897 0.0013898458750182 0.0134432442843293 0.0158371858917622 0.000941582469300874
0.00703532188746095 0.00733715524177915 0.00773095273964853 0.0109979626871912 0.0109498316688571 0.0111701837360838 0.0112685179712694 0.00617389999832452 0.00577731210654509 0.00634434164722471 0.00459854306071639 0.00541671667623313 0.00584704887865284 0.00650396490084106 0.00568838946342373 0.00734890134366366 0.00562580916019823 0.00548467711253884 0.00341771148583667 0.00266992751143186 0.00382433770652417 0.00378018897574266 0.00436334379089813 0.00514475633177212 0.00606322327410244 0.00624636372108082 0.00778629986100131 0.00804277070401061 0.00455231452748107 0.00322966427571381 0.00421579531859777 0.0032139245741544 0.00263910755878229 0.00178703045251551 0.00129974971487368 0.00158858071410115 0.00242729552451289 0.00154937426469869 0.0100545090990099 0.0126867806544516 0.0148326955912832 0.000986901025861046 0.000879076957990083 0.000898075291437785
0.00705171410687051 0.00755495758933853 0.00720394395365138 0.00690050706795339 0.00661795657383659 0.00724788471385603 0.0117438097310361 0.0102711202882069 0.00566499319718455 0.00611444757020579 0.00480411524786252 0.00579559614651814 0.00599244920607475 0.00613614146830139 0.00549919956553949 0.00810025859393572 0.0062612058592202 0.00592479765523054 0.00352299893410422 0.00271097256021353 0.00409286856889223 0.004343681481918 0.00496654850698099 0.00578412174825668 0.0062777296597528 0.00725038465185259 0.00841248800263374 0.00853603878897181 0.00707241187311251 0.00531922183391928 0.00374000808074804 0.00214442121664252 0.00205508613509374 0.00489010184954174 0.00286332667953607 0.00127651074496046 0.00169894011455244 0.00167050662946191 0.012399962542415 0.016843910845542 0.0222938526868173 0.000991405223891571 0.000761684000555414 0.000851957304836958
0.00847839492505998 0.00957625070593511 0.00908183497795647 0.00735981296145208 0.00749802571295807 0.00719603324241133 0.00738307219823297 0.00659577476232559 0.00683282707427299 0.0101487434914963 0.00604481380044525 0.00629591799389604 0.00869488158214498 0.00483184992288216 0.00513878211832504 0.00812516836205796 0.00768083153078624 0.00699956763871562 0.00537805147734363 0.00436692178547351 0.0045387228169202 0.00432684945719693 0.00528219904476298 0.00587306353989678 0.00504147939583741 0.00474130187956193 0.00424370919019621 0.00820137177299212 0.00972795401525668 0.00597346332180088 0.00441982159459376 0.00234749610323831 0.00165597928520637 0.00346496278680932 0.00354015592991513 0.00154629760407733 0.00106963945731556 0.00139091323562914 0.00103842237104803 0.000753994183381692 0.00141462592761701 0.0135749551805416 0.0126797743210209 0.000995788431104343
0.00773148341509306 0.00857257250379431 0.00930339601755931 0.00797173700917977 0.00705318439466147 0.00704805583936549 0.00794864467875605 0.00885933689784307 0.00821419362493579 0.00685558552141049 0.00744815426398759 0.00514117850824782 0.00556947414389198 0.00531440005993129 0.00734173570208184 0.00677562609474427 0.00569364885303537 0.00526744212368795 0.00345608232304537 0.0043037613038117 0.00295102753219572 0.00297122658291295 0.00318021774260141 0.00328180757483015 0.002886494919782 0.00473011190012439 0.00631955570653943 0.00986113768683866 0.00792534223748234 0.00722495836361582 0.00464934823691236 0.00211885957411992 0.0017682229085798 0.0018129386981344 0.00180411623551487 0.0013133284459228 0.00120352930337135 0.00132446816917624 0.000976068278773394 0.00119278592724535 0.0130471451053932 0.0208103274293022 0.0206178101460244 0.00115258981080246
0.00967900255487271 0.00995158286649324 0.00861224794150756 0.00855001619985658 0.00924374281197024 0.014229545844015 0.0136562724679888 0.00790928589228568 0.00840439157774495 0.00823568192511624 0.00718680903270709 0.00642594688943814 0.0084856388528857 0.00753881198237431 0.00721255423973125 0.0064375997325731 0.00545854017357746 0.00512638675167046 0.00475002833727039 0.00410160372022146 0.00268912272993491 0.00458068469193251 0.00475708728126255 0.00494475138074141 0.00268785391103973 0.00458885202985194 0.00718387486726819 0.00969379434137989 0.0126086807316504 0.0140365516464513 0.00858564764735151 0.00249620598554666 0.00789564089166636 0.00734914273109722 0.00614889250913865 0.00524114299175798 0.00584252846180863 0.00764906125723078 0.00756251842738842 0.000932048043861029 0.000856830404424395 0.00139046998831323 0.0115673674044688 0.0151116650490808
0.00908870908630169 0.00806642710502767 0.0103708573345587 0.0156877286553716 0.0150346927058901 0.00651384846159072 0.00643078622149286 0.00708999501898626 0.00781615123842401 0.00772078546676876 0.0114864969446495 0.00581805941443384 0.00598754424594697 0.0048652046847284 0.00611293187309694 0.00484552356148757 0.00437917653995205 0.00442453699472498 0.00299292282091806 0.00429549395208849 0.00397283566874235 0.00291241215580485 0.00463604096867412 0.00491508662775052 0.00510706940161033 0.00378632090220391 0.00443067559610466 0.00739756588918402 0.00661877442987457 0.0131380095448036 0.00637489639423727 0.00476865233656072 0.00357317550293509 0.00335069985373719 0.00362762711995448 0.00550816461905915 0.00185158676328572 0.00163820143049932 0.00156010018942838 0.0103218493582634 0.000914479144199022 0.0010105750437122 0.000948999408199697 0.00146531257227991
0.00943611606085352 0.0147480444639225 0.0137908194759541 0.0128683849946814 0.0116453752058328 0.0103466854878598 0.00991943371980838 0.010902846197192 0.00639581651119914 0.00659136938557581 0.00596691896754675 0.00634411534728466 0.00607236596847917 0.00605438347302629 0.00638846514813687 0.00590858710840518 0.00393541756547643 0.00452722381723433 0.00296266772198683 0.00438019769876272 0.00381354357542467 0.00423833023672237 0.00417655923363428 0.00403004246511918 0.00404680564188241 0.00333170303327367 0.00628842111977557 0.00655227915117951 0.00514480272460835 0.0098706149759774 0.00954908039436731 0.00920568066333044 0.00791204994455081 0.00760760608859636 0.00749382308956001 0.00346979686098023 0.0020629522135212 0.00171876825483408 0.0086940685705815 0.0109935101979627 0.00744358172122911 0.00735060991718659 0.00713321561474281 0.00798905222304036
