Partial ROC data/Bungarus_caeruleus.asc
NCOLS 267 
NROWS 470 
XLLCORNER 376490.070567719 
YLLCORNER 380111.488324056 
CELLSIZE 919 
NODATA_value -9999 
[rows 240 to 259 of 470, columns 45 to 89 of 267]
0.00307071637484183 0.00342743104951319 0.00323161091073164 0.00234009295258445 0.00135965302928123 0.00137382660353162 0.00310771696179541 0.00405054342732783 0.00271075251898627 0.00202333109563655 0.00209185550172885 0.00230953133212789 0.00162859543846417 0.00126911761352947 0.00140025703704366 0.00171389036187068 0.00160344167665318 0.00118619597804088 0.00140390050713779 0.00185757824989507 0.002239964061198 0.00163719336798856 0.00149324241321746 0.00203841743829 0.00330091421815131 0.00453276240886984 0.00360517231205933 0.00299152902609697 0.0034970586466995 0.00415140554620352 0.00270675896110701 0.00202951079507014 0.00271010450592079 0.00302553510574211 0.00200986293894547 0.00453683048403137 0.00555757995465704 0.00260133342002755 0.00234527860692275 0.00173284801171488 0.00149373170356271 0.00146268748496813 0.00162144352410029 0.00182589656469082 0.00189108754142312
0.00258833431211277 0.00219267989244501 0.00207094978469539 0.00310665190764159 0.00358070925412523 0.00388158065522569 0.00415473711314976 0.00484968594320305 0.00379179362062941 0.00187899999421755 0.00249935087581236 0.00282844152618265 0.00151125331842903 0.00139412059022578 0.00215231719436469 0.00233304738741122 0.0014340505887802 0.00113019157041826 0.00138411129018409 0.00183545910665436 0.00227098588425131 0.00175646026741541 0.00163526672343869 0.00233308686849407 0.00320724394812709 0.00338201358470645 0.00399508186451235 0.00370554525019094 0.00470813165030834 0.00673665824808615 0.00406082142780973 0.00211742218470094 0.00247193510114071 0.00224216136086362 0.00200714836551767 0.00187128768333252 0.00261033823046138 0.0022103167957034 0.0019110527889475 0.00599732387963418 0.00566158924292974 0.00180490868366007 0.00201428573150434 0.00672414862128065 0.00763782199809646
0.00233310188455367 0.00176772383115054 0.00306096096536305 0.00344013173670301 0.00423926413343369 0.00545564632044913 0.00463415544905814 0.00287814415305107 0.00279812974603632 0.00253015991197531 0.00263531909080447 0.0022376476759276 0.00194925829893284 0.00194953807487326 0.00171409982992058 0.00159371668669707 0.00132918311179551 0.00136077419579213 0.00169710419236517 0.00192859522317018 0.00218513059272946 0.00201569622626984 0.00153490135291192 0.00212715011927385 0.00229756151089418 0.00205146609857903 0.0025562539838698 0.0024838403916691 0.00273021807601153 0.00300013787651652 0.00206678374241499 0.00214509567217927 0.00220782539128178 0.00173610091401736 0.00160238295176227 0.00175290654099467 0.00216982304087479 0.00398669599847373 0.00295537941009057 0.0033333794121018 0.00164441455654268 0.00187340540124624 0.00251696113737453 0.00305673540456568 0.00410106469825705
0.000761798617511502 0.00117878708882995 0.002713025745963 0.00260891551584251 0.0030941293106467 0.00433455023180991 0.00468040643230169 0.00294525147652611 0.00271870005502665 0.002693323751863 0.00268207399923754 0.00150533625081886 0.00108532117695735 0.00127767022208278 0.002131782872152 0.00133432609236316 0.00149283745686082 0.00163671687686602 0.00160437386607633 0.0020362165197879 0.00242624933694955 0.00168780137748913 0.00147814453674778 0.00196384277273623 0.00227995430214118 0.00183449612661432 0.00171676787851252 0.00171799773600618 0.00216932626977591 0.00269991515846551 0.00208317079198373 0.00185488803440013 0.00169407525675536 0.0016831993785926 0.00153248629412024 0.00184481299653856 0.00227744502164692 0.00227633548195192 0.00290069431411982 0.00286155503566743 0.0014312256325075 0.00177228261413489 0.00200576344162803 0.00210066746790635 0.00228552262177773
0.00159458618011061 0.0026578359131556 0.00325284802824688 0.0037891423390594 0.00459943467220565 0.00353509570974314 0.00287710809378445 0.00339908286415769 0.00291300054762531 0.0026405042570157 0.00252697869761291 0.00155162840352375 0.00163117041664462 0.00237929271298246 0.00289094158665033 0.00191422045088634 0.00280047491217483 0.00214474782719767 0.0027173058251068 0.00228281184160583 0.00169965560360705 0.00157662502148544 0.00178068397200935 0.00220547080796615 0.00230935226949736 0.00206258261181039 0.00187976168471186 0.00198369053287951 0.00240062348272728 0.00354010041066875 0.00366756499709323 0.00183727993570645 0.00137123692384396 0.0013544583188965 0.00154349049241745 0.00179036168088804 0.00186529461072505 0.00192849619442623 0.00398637452646803 0.0036806802175901 0.00381993219840951 0.00262692803324234 0.00298018177990115 0.00448544064286927 0.0022203337223476
0.00206014182691495 0.00270319503259144 0.0030428875135762 0.00396420597520138 0.00428880576929213 0.00259917454266257 0.00268534923293196 0.00377741609599773 0.00329302760951624 0.00326578159311161 0.00218235134360156 0.00221102814217766 0.00183531384078314 0.00227486635653719 0.00176390297179893 0.00209397680254334 0.00234507784387903 0.00289239507586901 0.00255823772213388 0.00180806672214677 0.00143722205614061 0.00169205128094536 0.00225338241681812 0.00246165517125264 0.00207951059819969 0.00190927787655631 0.00189485819973953 0.00193301575506361 0.00218397711816083 0.00178497136068764 0.00209388411353633 0.00188426331265136 0.00170469933187017 0.00216232763290411 0.00183547104585392 0.00146941595100916 0.00148837448510317 0.00143321381047359 0.0036712027290747 0.00216207893493196 0.00380311146435457 0.00287744013969006 0.0025981076963891 0.00368394146301141 0.00395131389343003
0.00254372070455239 0.00230482404541763 0.00279319734257468 0.0043719382664515 0.0045381037223142 0.00252610241137146 0.00267139776624686 0.0040158291749951 0.00208721182836607 0.00363926171454961 0.00428469692262141 0.00458459518419818 0.00367052822316751 0.00249563148877397 0.00237940858398051 0.00238296438664782 0.00233985370284715 0.00196064186386873 0.0018200219068978 0.00139538529958224 0.00135294520626927 0.00169036952555609 0.00202788620769797 0.00182918441453723 0.00207964922465595 0.00181515978055892 0.00157830663805294 0.00168194415950731 0.00176370368824523 0.00133233782811371 0.00148508713743697 0.00172839847258155 0.00207193687379329 0.00194233703967847 0.00137275164853768 0.00148233240688508 0.00158183788488293 0.00125044442924668 0.00146446423721166 0.00177820756578614 0.00190550580224695 0.00239695359933719 0.00233908370298002 0.00374292505340065 0.00319545287749432
0.00197665577176186 0.00264882332056892 0.00496224186490698 0.00565025478277724 0.0037049637367223 0.00262514320241077 0.00321949996437723 0.00471904904201004 0.00118289385061866 0.00259396452983966 0.0062818267171391 0.00567170608715381 0.00457581492444749 0.004343511208012 0.00376386947271914 0.00249531113161548 0.00175938158324928 0.00160608696086642 0.00153535676914968 0.00211050470393076 0.00223995085135755 0.00142402317482921 0.00168946650696192 0.00150862850762808 0.00200562057494751 0.00227088053918735 0.0017513713004565 0.00130400518202761 0.00125073436542767 0.00130430631049999 0.00180739558137122 0.00391851212544831 0.00317703877451244 0.00348452873239083 0.00123168756627053 0.00129540353695777 0.00120975645956978 0.00131142753072574 0.00180378733751443 0.00206064512722342 0.00608918898576285 0.00235870029149012 0.00327822354134887 0.00308234899937073 0.00294946134291501
0.00404839105471311 0.00389658610393287 0.00383038687520544 0.00446685261611387 0.00416485590313747 0.00340581639521631 0.00114950762923558 0.00432634018051338 0.00440141169133413 0.00536729502522332 0.00459934224764529 0.00467251536608899 0.00311374648265132 0.00357303889107257 0.00375540599255024 0.00360102364627612 0.00200283791192113 0.00128058060997255 0.00136027548307226 0.00163820701474646 0.00133680752973593 0.00130444008528841 0.00144324679483862 0.00113309722101157 0.00150583243996275 0.00215470641576371 0.0017715058660202 0.0011179570595598 0.000969163469848027 0.0012327198425537 0.00180653936923756 0.00472436379421557 0.003227681707892 0.00143166982034862 0.00114550441787158 0.00110159688050898 0.0012473138978406 0.00172447987121761 0.00177246248906813 0.00142936523569278 0.00430270164510799 0.0010993969934196 0.00214823810805546 0.0027391414489124 0.00302289229280453
0.00371154612705074 0.00295887790700844 0.00277557790302502 0.0029563791555749 0.00383317191648099 0.00125150738063639 0.00108229854792373 0.00136036656661618 0.00447814723778623 0.00673077156664722 0.0106222771718322 0.00865206733594353 0.00413979414585611 0.00325759583121467 0.00382836311119092 0.00294695720400901 0.00210458055748097 0.00253581788090241 0.00272844983375834 0.00156591350403178 0.00119750574498651 0.00127429084614158 0.00117956733695753 0.000939061458108728 0.0012236115162802 0.00163336121003752 0.00141684245148532 0.000975703863728562 0.000987358206528879 0.0010437014817228 0.00277084279847479 0.00165164472495878 0.00224945838907505 0.0019255186260446 0.00209661270827353 0.00492697830868326 0.00178822218926827 0.00188684457956269 0.0014459632166779 0.00217848957497297 0.00209980150548296 0.00235054165009059 0.00237281276806947 0.00119730348202199 0.00224408007723171
0.00258347786139547 0.00220101006929386 0.00227430601202537 0.00237691856434804 0.00265385873011772 0.000925567851545344 0.00101629795044669 0.00107922121363886 0.00402452345430428 0.00787929398739018 0.00981431818671452 0.00753258982768156 0.00337675332761304 0.00350624426620282 0.00282870272059 0.0031851345062599 0.00375923754080516 0.00338086879482078 0.00253880783394658 0.00192575777569811 0.00191865177267797 0.00183214503686779 0.00143967094106485 0.000964701064984433 0.00108655278644716 0.00106950829306662 0.00106801161810929 0.000939556677042139 0.000917043827379084 0.000948366513034929 0.00199110286530254 0.00196472488411213 0.00256200739717737 0.00160058768817864 0.00177120442731698 0.00629656321305991 0.00206181494019396 0.00173660527897727 0.00125831338583185 0.00298985581642425 0.00152595183842348 0.00177334389123903 0.00188928258428489 0.00215522075351027 0.00263120365606922
0.00249794997864224 0.00215886658741346 0.00201528791201828 0.00212148540601734 0.000855905512692813 0.00110748272034702 0.00116656094583373 0.000984039129560615 0.00105723727157705 0.00540234147040484 0.00751624326595564 0.00522030854814124 0.00374670249100655 0.00376420932679688 0.00279411908864114 0.00306673690934453 0.00382309037718617 0.00319180259025878 0.00261106580665507 0.00191769221513573 0.00125783987309326 0.00115297217611098 0.000883999247601137 0.000777813847152956 0.000886457651471012 0.00113351102108213 0.00139138138747921 0.0016660863511558 0.00163635476442902 0.00267574845878021 0.0022280491260641 0.00215843785159074 0.0024322478274414 0.00249615709253119 0.00267495792331226 0.0032765817861395 0.00167350545398127 0.00135084321512518 0.0022901466976419 0.00239913749258446 0.00229589436577376 0.00242837800200366 0.00270089672390126 0.00263434228511588 0.00263699546769651
0.00230086997339367 0.00195653137064573 0.00170658518599824 0.000606038454620725 0.000711612797416187 0.00259104603754111 0.0031135798773977 0.00285541948932133 0.00185363043536844 0.00577791825145148 0.00640958693444258 0.00145823074126497 0.0034094594293169 0.00315217759171609 0.00262534122853656 0.00256442837171545 0.00284227668518524 0.00242485601677592 0.00233164906394601 0.0018035815536148 0.0013472429654344 0.00307456516826953 0.00203732683640618 0.00110203015984431 0.00199651095252768 0.00223756539342792 0.00160135743392643 0.00133420865929352 0.00127475880484196 0.00116886179816092 0.00113670441693007 0.00112469412359955 0.00143546206339788 0.00267623919087943 0.00211419370295266 0.00254742816307284 0.00243630631070616 0.00191156485542505 0.00200085976032993 0.00250197513951444 0.00300597510386022 0.00318774970520129 0.00321288712549677 0.00294264445608467 0.00464154179844039
0.00176899358340131 0.00177988631763109 0.00231320080607198 0.00219501980908108 0.00060906159390747 0.00167409944997154 0.00181755307374072 0.00071311973571764 0.00264793211334723 0.00331269367051032 0.00354484392741495 0.000908940245474869 0.00172072517202323 0.00188331076544974 0.00160718062674782 0.00140838625064528 0.00247997053093741 0.00294217055083784 0.00305032675088502 0.00240334437835311 0.00204364625531998 0.00178564737916033 0.00193159619483953 0.00187317369180964 0.0022823153493459 0.00329191228483417 0.00222746784639512 0.00140153503475932 0.00130309482201684 0.000975607885154729 0.00212516823243022 0.00270446422494641 0.00132567151762946 0.00301861677076667 0.0026316208633391 0.00251740035816318 0.00191551397601788 0.00168357276487484 0.00224610182173411 0.00269794988521267 0.00272746767689561 0.00222707091681579 0.00310839158736728 0.00289130863185652 0.00278200146386303
0.00144375271290475 0.00162637357746297 0.00195419396065937 0.0022111214360611 0.000622402983859529 0.00163458625999082 0.00183589687953757 0.00244663940929738 0.00307387491954829 0.00277948174000617 0.00311652892841523 0.00331417771790301 0.00378682968200733 0.00419035053305234 0.00419733511224169 0.00360554962055845 0.00333945256575211 0.00308840083515335 0.00295500228011261 0.00276780616889138 0.00300594390100951 0.00248314719750923 0.00128620541970606 0.00116653150978294 0.00144001821521958 0.00194648428328249 0.00223057672222899 0.00193674072084434 0.00178288817144992 0.00233922478208462 0.00119011230199593 0.00195029759012841 0.00116618585884876 0.00131727002554808 0.00244454611296559 0.00226141157730711 0.00202690630326678 0.00187669410049722 0.00239476044435533 0.00261943591561831 0.00216226552006534 0.00205298372341964 0.0027035569391532 0.00169006844246147 0.00171538557591289
0.00221113631645289 0.0019568946940894 0.00168109057555826 0.00191355025555182 0.00223448102498806 0.00283678351381354 0.00282245878909769 0.00308416542809352 0.00341244707200598 0.00360309732793843 0.00405515900673453 0.00463091708800022 0.00500859317763428 0.00523360839144762 0.00478497787264812 0.00383573042880528 0.00390985735666677 0.00440505966257147 0.00407381646282976 0.00384249875568308 0.00412532796449495 0.00425628669166122 0.00253044644761839 0.00120815342315298 0.00131066553412401 0.00140682271834942 0.00149505442541787 0.0022171418653675 0.00221189508266345 0.00164023279257254 0.00153323880069237 0.00107725300953454 0.00122102174431155 0.00150385415696552 0.0009570418751329 0.0019460834716854 0.00165207249698514 0.00180428306108777 0.00203124920782139 0.00200978650022418 0.00255396809229844 0.00148972849524914 0.00131941597226955 0.00141115820076948 0.00147168080010583
0.00240285611257219 0.00247637256943278 0.00193629849665882 0.00196757587509775 0.00267000618321529 0.00240015723225152 0.00254767426966082 0.00247685745245272 0.00258020437425454 0.00266813426761403 0.0025463755933465 0.00176453159276488 0.00287146727287592 0.00304135475550345 0.00290950927032526 0.00261915326148342 0.00233854094471315 0.00245725510275449 0.00281658015132125 0.00363125642621652 0.0040727115682951 0.00368420382989481 0.00236862435298355 0.00166642878367104 0.00150596772059716 0.00138832365350397 0.00113376937059073 0.00150513300878122 0.00161024552364404 0.00101752836027753 0.000883765389142516 0.00108925945581594 0.00151071471737742 0.00141825629843788 0.00115962268053008 0.00135499699535982 0.0017668460827535 0.00157823347216051 0.00127407326829235 0.00145772634445797 0.00149141692996606 0.0014486595626494 0.00128525715079027 0.00127599244255938 0.00121794684899884
0.00279657347300953 0.00101189947629832 0.000939053468748834 0.00185072127781456 0.00150775101817705 0.00163421896205867 0.0018852408156665 0.00189943584956725 0.00173854633708968 0.00210666279121774 0.0030883936833275 0.00372622872427713 0.003312690419944 0.00304094590782174 0.0034159300561547 0.00346475584861951 0.00312978477292634 0.00302831440445208 0.00286892242567897 0.00343322731889055 0.0036874493128012 0.00393263245613542 0.00440613562743372 0.00430885762279577 0.00254237662684263 0.00133743860052538 0.000941798741643756 0.00101224867218042 0.00121526238570251 0.00088380613472646 0.000936813850682115 0.00110084389157048 0.00210128019351054 0.00331561289789202 0.00208996800126485 0.001572276351439 0.00140079279998876 0.00151696489318023 0.00115643242114998 0.000878064435453183 0.000955250473203944 0.00101107408784955 0.000993328882736169 0.000947283560485534 0.00116063181308627
0.00355436174072014 0.00389613461680778 0.00336033369436938 0.00272312143867479 0.00206315884354715 0.00207824901908762 0.00266152224424582 0.00236257874424591 0.00180102877373774 0.00217699410425475 0.00270230769033471 0.00336908783562856 0.00396525221918164 0.00387240534994961 0.00425356933262975 0.00416723308625868 0.00372347916674633 0.00316855331498498 0.00276654729624333 0.00352235310768093 0.0041894637497136 0.00395953808781887 0.00403162392105438 0.00447508442237666 0.00415464401609684 0.00243849617583464 0.00141871169981308 0.00111733732067005 0.00162198399707253 0.00132121037822171 0.000965874392466443 0.0011767252726558 0.00117587470924573 0.0016409396784023 0.00273099452053432 0.00211995686834257 0.00123978349252272 0.00111791306219394 0.00125009196848631 0.000999319603436643 0.000788603623636822 0.000845797703857005 0.000963429688848688 0.0010288473854725 0.0011886086668337
0.00255675496773879 0.0025862736582081 0.002204306841082 0.00177709428446494 0.00191753980551923 0.00234635351673744 0.00308166023373338 0.00244356685093966 0.00177505924173011 0.0023379109709586 0.00345112413348999 0.00399021621499134 0.00469673103986862 0.00480616475764496 0.00396928694731641 0.00311197415763351 0.00321544680279549 0.0029191983531074 0.00270747986606422 0.00278961179656592 0.00270037563554161 0.00150199868982402 0.0027533473826195 0.00318422241301148 0.00402538240615127 0.0036360503966815 0.0027854262727193 0.00252403600451016 0.0022745360333894 0.0016450994339588 0.000863325594258755 0.000990726674295571 0.00137419744583502 0.00149487019877543 0.00136482409739364 0.00187067529100554 0.00187435424324308 0.00137830978923199 0.00148254095083616 0.00135741110751043 0.00112366849684459 0.0013574543939148 0.0015025492727008 0.00123155831257137 0.00111893883529943
