Partial ROC data/Bungarus ceylonicus.asc
NCOLS 267 
NROWS 470 
XLLCORNER 376490.070567719 
YLLCORNER 380111.488324056 
CELLSIZE 919 
NODATA_value -9999 
[rows 361 to 379 of 470, columns 88 to 131 of 267]
0.0014674323113301 0.0137963669516691 0.0112286795872242 0.00884454931583708 0.00162122885441041 0.00269360577816848 0.005430697898025 0.00659969174001851 0.00510284548127603 0.00380591519800801 0.00353816955119007 0.00330405772440553 0.00313559786595944 0.00332530757660731 0.00360664192387713 0.00372213359101591 0.00375676888995545 0.00421587881154446 0.00814359137386935 0.00327992827881297 0.00395199000502826 0.00499981974973336 0.00617793316364159 0.0166223917958129 0.0181673426474561 0.0202710780434146 0.0222495994645235 0.0193766118822844 0.0183491738747128 0.00914085690173379 0.010061003437888 0.0281298300768333 0.0264035852957353 0.0120750848365144 0.00961251273804062 0.0184761357866979 0.0167759234925212 0.015825639106919 0.0162216654440679 0.00770896674955692 0.00453097511281998 0.00548893439301013 0.00678379214174521 0.00528805570960283
0.0104263137907904 0.0114870837387027 0.0115155690637935 0.0119002498623817 0.0100944749819626 0.00508636975416816 0.00437195151898814 0.00379003757424334 0.00363921390142702 0.00350154927957879 0.00333112906341678 0.00303054270065847 0.00305131515631276 0.00323059495133852 0.00312531566661756 0.00319911020345191 0.00338753186670035 0.00355762217999986 0.00427170342256702 0.00658239187031218 0.00676988238102455 0.00410256999633454 0.00455563642862421 0.00684424375322002 0.00760500765908435 0.00813052238854244 0.0215829383971637 0.0231082103210998 0.0245676766552229 0.0105409130526341 0.00765774731333788 0.0133327523253816 0.0299511157796248 0.0280591612124023 0.0262862551139285 0.0238049215505249 0.0196541419829377 0.00801404633904855 0.004838542152467 0.00473884192645746 0.00450746217535223 0.00486521122250212 0.00508080139830073 0.00458675872232396
0.00162361710452438 0.00533735976582652 0.00488620943410311 0.00666763118778736 0.0118567726407754 0.0157416473881438 0.00275034286378068 0.00314017264484192 0.00535263232463844 0.0043246064247763 0.00321652875523706 0.00291669682869737 0.0031518073315107 0.00322919763197712 0.00310347126156233 0.00304136191057601 0.00313174690618224 0.00342137999786102 0.00353306587753012 0.00371798641450703 0.00429813346035601 0.00362055490751691 0.00411518361429715 0.00718573739876856 0.0191350040618455 0.00854012357880762 0.00917288415656738 0.0237436550376959 0.0228943788197388 0.0100284043620195 0.00673825136344523 0.011422860421705 0.0143711971333381 0.0137417300712991 0.0245325208118248 0.0242780690039691 0.0235020051547064 0.0184388243028248 0.00738696060290972 0.00448052652204914 0.00473986564212788 0.00447403334791403 0.00409261920467749 0.00381703658854619
0.00155904706339519 0.00528487895917593 0.00468325961990513 0.00677360422443433 0.0106841175397958 0.0113923621793765 0.0125464097990917 0.00241158420580372 0.00289270216529059 0.00457936963367808 0.00369976270453226 0.00308017626197665 0.00306112566380186 0.00306793265118507 0.00301878231096338 0.00329975981443645 0.00356673602404779 0.00362023997673707 0.00365889138079708 0.003651849238812 0.00468329959757126 0.00465364466003815 0.00364989375017722 0.00463877903416707 0.0088463815195411 0.021508264319486 0.0225777325469728 0.0113796351122903 0.0103286948575321 0.00767760645101493 0.0048983298231253 0.00600269324593998 0.00674698507404732 0.00752390734686425 0.00759305213579231 0.0105960992467843 0.0223688565621524 0.0111855531830036 0.00959030878618726 0.00865621313492925 0.00435980457158791 0.0039103865328858 0.00343527261177936 0.00355264054730137
0.0016047053688372 0.00988263488487939 0.00933747614484964 0.00851097063706698 0.00773162118960473 0.00684139774791554 0.00130458796142624 0.0017133918945092 0.0016935068092336 0.00583251915838541 0.00452179844634482 0.00379513122473381 0.00295782139863551 0.00308340730395712 0.00315638613198474 0.00319475906921582 0.00326861460893357 0.00345297245197051 0.00355945230265008 0.00357189937171748 0.00333449625327552 0.00343013875270599 0.00396384777259679 0.00438964006634059 0.00833513831123493 0.02189385941983 0.00939721073059151 0.00582820311408244 0.00585043830994642 0.00801066735033391 0.0146266978626202 0.00717129727118378 0.0051334614562056 0.00658674317629943 0.00778734621447484 0.0121544692502057 0.0133245843554034 0.00966546460989999 0.00936639408623914 0.00678258870114755 0.00512402869149198 0.00424642953251909 0.00361502769788825 0.00377154553747352
0.00188427244613888 0.0108529552485085 0.00875545326188418 0.00643163247559885 0.00148930271695965 0.00163005284375744 0.00148326001407459 0.00155942833825779 0.0071047195491756 0.00551557104562195 0.00458459699909903 0.00365352304431796 0.00296284393550004 0.00300332494020045 0.00302618112709979 0.00319630472712755 0.0032524279691364 0.00312120890861942 0.00316635147258225 0.00331971172190404 0.00321722138393107 0.00345043644953719 0.00388821975990436 0.00461194435261365 0.00541534430380538 0.00564531314848899 0.00560946857516955 0.00559167457205653 0.00583044671694901 0.00576570801468725 0.00496038115869366 0.00435998703296045 0.00437037503687431 0.00482162649902649 0.00657438613542255 0.0120840725795436 0.0202328637391537 0.011646622868121 0.00962264811138719 0.00888435268329747 0.00718975547909031 0.00522639125218919 0.00392054831170056 0.00357296448152078
0.00325926434590105 0.00162107278297491 0.00590980423115995 0.0048665884554721 0.00205930879269506 0.00403303788540025 0.00247088920784928 0.00416700042095871 0.00518189320183209 0.00229850642396989 0.0058556493354244 0.00404448028554823 0.00364944692525566 0.00335007948103523 0.00336122818683226 0.00322541599210465 0.00315634769465346 0.00323281175413635 0.0031917609381807 0.00318057531699044 0.00335094484314699 0.00367598423741638 0.00434513114363155 0.00489664929231892 0.0049796182184673 0.00522253526269308 0.00541609321453394 0.00551342383615605 0.00580618725660832 0.00828728094012614 0.00729749189614101 0.00432424385874285 0.00446256208711943 0.00446983790323032 0.00486291304675163 0.00555499376821249 0.00585522365530347 0.00600494819966043 0.00605850587979569 0.00598626289803537 0.00593566444021026 0.00545844534819846 0.00439534797535476 0.00409708967476921
0.00628322720816123 0.00230394571975403 0.00524953336896709 0.00463531171462073 0.0035196454495315 0.00782648478760743 0.00299585727526113 0.00489033119928793 0.00497846097749538 0.00470905495110233 0.00540895668258323 0.00343721214392472 0.00470574180734429 0.00429003075150084 0.00403763604115379 0.003452958668549 0.00338245827389587 0.00371352312688363 0.00350738614558517 0.00328423097682203 0.00319513669962887 0.00335986555112519 0.00350795205745911 0.0037691456595661 0.00426540097551969 0.00436544203678891 0.00476943919172641 0.00535396201449858 0.00522977746876802 0.00492184576327539 0.0046551786173655 0.00467310808829565 0.00465046255636484 0.00418267766688811 0.00450806524795597 0.00547586952622849 0.00600707486379889 0.00559890211638851 0.00543009624653527 0.00529621851250552 0.00497250061249819 0.00479880082019989 0.00471984565827147 0.00473397249990749
0.00351347414806224 0.00554375288355093 0.00553972488533342 0.00476874462231374 0.00458756860023731 0.0046829018729566 0.00353066698697108 0.00471952075886183 0.00511896025472567 0.00189311777795206 0.00203281093931658 0.00548919105635962 0.00289249818315149 0.00605925726081282 0.00916808251932331 0.00429026289371165 0.00423723705816822 0.00439696062014409 0.0039542128022742 0.00351109331171878 0.00376485940439946 0.00381512158834954 0.00391156779571823 0.00396467810351076 0.00413638390014987 0.00433984623218706 0.00450267281774032 0.00455132304510513 0.00434087057903035 0.00418209168594581 0.00444886251538883 0.00473174939283921 0.00456771710634044 0.00454831226584944 0.00550493216903771 0.00819795287217415 0.00918479891643319 0.00654946953787211 0.00628663050848752 0.00790408909122735 0.00815210629728929 0.00766148334467895 0.00737395824520937 0.00781290786318402
0.0039620234963472 0.00616199262569236 0.00603044395397843 0.00490231844417991 0.00486022801287217 0.00457298575336568 0.0043308179305541 0.00428928646359025 0.00432508585117567 0.00216825820191785 0.00211169509895778 0.00508990622018994 0.00289636994651341 0.00603834982574351 0.00873635324942516 0.00553489441315238 0.00526944416626755 0.00552119943910371 0.00447536767411448 0.00364736253983466 0.00356911825256374 0.00377667515796927 0.00381084538533996 0.00369559801305934 0.00370315076165681 0.00396129485859221 0.00442811968453296 0.0044725350300442 0.00445574917144374 0.00414583962082619 0.00416249531817284 0.00474705533144667 0.00514068631242646 0.00497689200810062 0.0052195421490098 0.00670437887524516 0.00797000782349121 0.00745242378815675 0.00764645015635317 0.00688041358735189 0.00616559750645925 0.00590820246073904 0.00596097950367309 0.00645802369054781
0.00753411586079875 0.00362641861605599 0.00192127510807125 0.00525392588222832 0.00378576697037888 0.00996853548200294 0.00998146860699628 0.00719977584837641 0.00271948123073748 0.00438214542761683 0.00227855641159448 0.00241238225029414 0.00447014587312383 0.00436746809713816 0.0039625198847585 0.0128369139310341 0.0178042088899398 0.0174298129985906 0.0161574358302325 0.00557248924398329 0.00396191963381444 0.00435635705915616 0.00507274960440172 0.00537874711063453 0.0054532666944484 0.00542986553130026 0.00700597878375373 0.00685487071888748 0.00470842559693397 0.00505394782805415 0.00557872564270839 0.00665784261184233 0.00594974220656596 0.00576878536752638 0.00631396702809008 0.0066981963565213 0.00765322450900063 0.01005744101963 0.00637020946981406 0.00590382731251847 0.00580324586348074 0.00619280139460703 0.00728478470601635 0.00855883547398577
0.00893106763945505 0.00477199310165379 0.00211500649733461 0.00584456386637087 0.00501810533212589 0.00467286711837944 0.00425274939118705 0.0070762040657295 0.00280446259700442 0.00488009159044055 0.00472575016540225 0.00477671610204682 0.00488885051558921 0.00487359754762289 0.00461347320037106 0.00641367701148361 0.00890805809039879 0.0196732575358847 0.0171299284437102 0.00764310376175568 0.00549964934909739 0.00465435073264016 0.00388595573886433 0.00473620983787683 0.00605018912676049 0.00582976180465016 0.00558398032463205 0.0054957661502025 0.00541628910979386 0.00524694599509503 0.00545211579364274 0.00548243518976317 0.00586034377531997 0.00819867309051671 0.00950101172328959 0.00896164634665676 0.00903858888352893 0.0072181805744336 0.00838548442292831 0.00608332561283059 0.00614075367546658 0.00613965394556694 0.00657021577333245 0.00786510505035562
0.0119446499813284 0.00737703467291609 0.00432754455701191 0.00249251750950342 0.00563210586558284 0.00519202390352339 0.00532548138005908 0.00880306528813825 0.00292774415068421 0.00515193622055662 0.00474841371510191 0.00476659131160446 0.00495034512777566 0.00536911758960747 0.00562016287938366 0.00562653418461712 0.00587499839315099 0.00580648713858848 0.0119000974516183 0.0137646750918965 0.00752058878551805 0.00549349642898703 0.00490677521816126 0.00448342843937435 0.00485123069288954 0.00571239440592951 0.00618138902878139 0.00586084526212348 0.00570905255190576 0.00587265122983989 0.00695637671255025 0.00779229284249061 0.00854506416601368 0.00982807833322473 0.0112344321477585 0.0122817101013535 0.0123456614602794 0.00809617572291954 0.00721405491145248 0.00621213314763839 0.00613797141550326 0.0055404370745956 0.00646726765084232 0.007358979956335
0.00698361038983479 0.007662857703298 0.00607916392444223 0.00295532078898366 0.00543942144297666 0.00539635751470303 0.00545452161101935 0.00387036376765458 0.00592059998794034 0.00583107442153067 0.00433668908763448 0.0038545735419375 0.00511447671048388 0.00515712459694123 0.0052699416369387 0.00468516672727191 0.00698153102682536 0.00678551509910715 0.00507262267685351 0.00524578718814652 0.00569310711761957 0.00555542438030941 0.0055718676714102 0.0070202496888208 0.0075537565299659 0.00583887363447641 0.00586772572501007 0.0061400750517758 0.00637834356980022 0.0063193522195934 0.0064852409778875 0.00651244806023211 0.00840662079594229 0.0122287593279546 0.00682365469053326 0.00682447055263322 0.015039302980534 0.0137001970447251 0.00572275493716591 0.00520724616816777 0.0100194922793749 0.00576604030893031 0.0053304276712296 0.00908398129285064
0.00623331150080849 0.00523611926981217 0.00403573636630307 0.00533597732335013 0.00849822452373008 0.00529467926287839 0.00578503863013317 0.0117326579666474 0.0101047152511725 0.00907621014684083 0.0099689579349557 0.00506889285307383 0.00530267319906653 0.0120417679819237 0.0126241110490994 0.0123671787564923 0.0127613085542958 0.0120890230419951 0.0109585003798285 0.00629855892436126 0.00660208106043414 0.00562903057759251 0.00562272164453047 0.00714286113778305 0.00746839286400298 0.00648196298290107 0.00662201134578918 0.00683141089652461 0.00689066650048229 0.00882409171307554 0.0132409285896143 0.00985134846461759 0.00729193144671641 0.00968901522960463 0.0138228076607281 0.00684408428257394 0.0069803488516739 0.0144439622115311 0.0123467711355917 0.0124205031116911 0.0124605139488542 0.0117628577206499 0.0115676500372372 0.0118941552509224
0.00895447448180838 0.0100401333856606 0.00692744045595022 0.00571485652697384 0.00455514081561322 0.00473535252286178 0.00450349695775122 0.00434359324215531 0.0102731998705705 0.0119978505718799 0.0116739281921612 0.0114630213260772 0.0129763519264539 0.0120479825069179 0.0112530548216341 0.0104389546213939 0.00715938394934272 0.00799229365845545 0.0122913222805656 0.00569748426362761 0.00471454045697412 0.00513382030422025 0.00567740604625339 0.00587685983844119 0.00672417487395472 0.00711439453548703 0.00658714198203889 0.0067429868749993 0.0068138691416142 0.00698319458239073 0.00759121372747685 0.0106267184745705 0.0105561713094122 0.00743913223468649 0.00984985251023423 0.00640807361095604 0.00578113137732634 0.0134358151413941 0.0134991067192955 0.0141922584187047 0.0141202212674624 0.0136810681519986 0.0132262428767202 0.0124859976137476
0.00971756821236859 0.0119695844265903 0.0150334745916162 0.0170335794100237 0.00497268683006115 0.00452254690663715 0.00452398612221141 0.00451324111494296 0.00393337721291877 0.0096823518624737 0.0120585841950992 0.0117268962311587 0.0106877234608877 0.00985277740403863 0.0063782999265818 0.00429160336003252 0.00490769387397413 0.00989244671917993 0.00890553713809818 0.00570337412508122 0.00470432053127296 0.00496748963933848 0.0053267392676107 0.00559389286873021 0.00648660855209872 0.00692846013412221 0.00599894359804746 0.00617681170929835 0.00687568273633347 0.0071798998821791 0.00719442422168187 0.00710928848955259 0.00698302927577846 0.00939690542619113 0.00986955956834904 0.00903950182277966 0.0147028705972493 0.0170695752144404 0.0160627923905797 0.0101267413973665 0.00926925679745564 0.0143641702022527 0.00600697959984315 0.00533963943682611
0.0124975929068439 0.0123566614354062 0.0127059394174083 0.0137861900818238 0.00652036347666194 0.00565399865430702 0.00450565116781364 0.00450512427665096 0.00478232840315417 0.00474271104490479 0.00470808674642398 0.0109836585948535 0.0110850309717894 0.0101950836400833 0.00721402759853313 0.00983430568294311 0.0108456572439903 0.0106577561591568 0.00524532375519855 0.00539674169354927 0.00557921633475832 0.00520612975329427 0.00540376603308968 0.00564124503937932 0.00585479317297996 0.00605972014647756 0.00590393556191088 0.00602435271847555 0.00674139625176892 0.00718710718432544 0.00741860298170632 0.00744249318577813 0.00697957202319845 0.00683613823038631 0.00687360999001007 0.0098681008569907 0.0183667832519615 0.0082521523228791 0.00752878688622609 0.0186014629453844 0.00641193259703841 0.00333537131459013 0.00501459921550274 0.0126409960168573
0.0122479211059397 0.0156591243831659 0.0231999707377479 0.0111356046146894 0.0107943234942608 0.00485679429141426 0.00442242406875691 0.00470318760851241 0.00603397945616083 0.011244476809909 0.0100394747593608 0.00518040062767997 0.00523757645402792 0.00534178381524522 0.00526913775554068 0.00630272563251186 0.0115473268140727 0.0104916870639144 0.0106613623927044 0.00609431350874419 0.00543615884118355 0.00566427279312178 0.00594221926521816 0.00611026130852763 0.00614402285917997 0.0061789854605263 0.00622369014233679 0.00622879389420779 0.0062864713085051 0.00668981787246339 0.00798621880933484 0.008537657008741 0.00699201994488047 0.00634929354724234 0.00735077853867202 0.00787512762290994 0.00640637050388434 0.00644285969229637 0.00545186106592825 0.00451732752345581 0.00583536064756547 0.0132280206087106 0.0134106815665566 0.013282396004197
