Partial ROC data/Bungarus_caeruleus.asc
NCOLS 267 
NROWS 470 
XLLCORNER 376490.070567719 
YLLCORNER 380111.488324056 
CELLSIZE 919 
NODATA_value -9999 
[rows 60 to 79 of 470, columns 45 to 89 of 267]
-9999 -9999 -9999 -9999 0.000471847284231451 0.000537243904568398 0.000682307028858355 0.000602758079014561 0.00051535267351752 0.000512257345679888 0.000566201819818362 0.000526456785476488 0.00062553557537396 0.000929355078380413 0.00214994459418868 0.00173069958861965 0.00178218940049287 0.0017756059058365 0.00103900891860648 0.00139793763537591 0.000626430810206759 0.000320844153003876 0.000333374447992535 0.000498745932010683 0.000928073837859997 0.00161267466049782 0.00133809573090858 0.00170630798941724 0.00296784408129793 0.000663306210230774 0.000862619339198608 0.00097426888056553 0.00071313522357382 0.000747598059393982 0.000419985852756949 0.00121129900158327 0.00343909718159965 0.0011818679805756 0.000517434736953761 0.000701013452179234 0.000746151882175941 0.00123709306263612 0.00133792242634973 0.00149073221525087 0.00314823622387132
-9999 -9999 -9999 -9999 -9999 0.000532558113928174 0.000547205132875181 0.000603229252145677 0.000518058022556509 0.000544152963235386 0.000526251881372683 0.000600683031590759 0.000547688297498043 0.000659408758950118 0.00078948826472796 0.000664288864820231 0.00101949512009133 0.000950517871957381 0.000809041866037615 0.00158992551807027 0.000348085889953832 0.000322726277553574 0.000332435709488877 0.000375822423886085 0.000632130635470862 0.000854522629825891 0.00108689092478778 0.00102649189244635 0.00115210694877556 0.000694913005937018 0.000806574493859232 0.000620599534410854 0.000651029599904879 0.000762084891124566 0.000434605426669646 0.00085444361307748 0.00145589465025414 0.000834181853698749 0.000767987541837926 0.00078042678921211 0.000568744260753041 0.000605474980359199 0.000748157148735852 0.000786422046425055 0.000964432293734111
-9999 -9999 -9999 -9999 -9999 -9999 -9999 -9999 -9999 0.000555394598790095 0.000565245116367609 0.000558932863148238 0.000767814634947483 0.000783251154570972 0.000593148243143486 0.000725670801775718 0.000790514714673248 0.000978256195808651 0.00126863879591613 0.00176190817975703 0.000385154359765807 0.000357088186990498 0.000347215007335844 0.00034195797896121 0.000438115168840327 0.000673995193631374 0.0005106956209118 0.000628502834893453 0.000792037689891343 0.000835987852759323 0.000751828723462495 0.000684896197512 0.000620677053600613 0.000744619181616552 0.000692644823049607 0.000480281778832943 0.000609449387501461 0.00154663528196736 0.00324508571290073 0.000693791708645252 0.00058820331517542 0.000538126047410637 0.000586859697139561 0.00082441767594605 0.000761195634535514
-9999 -9999 -9999 -9999 -9999 -9999 -9999 -9999 -9999 -9999 0.00058154731767653 0.000602192885793448 0.000712510450489795 0.000736161529818378 0.000698241193949954 0.000981737282235172 0.0010533934442711 0.00114437023568878 0.00108210706591271 0.000702995451455611 0.000380795361408994 0.000388933683694144 0.000379835930665753 0.000386146385580362 0.00039128458928032 0.000614773902629177 0.000448537197808417 0.000521189178156142 0.000664860778941428 0.000714059901983301 0.00128086634245994 0.00254408363006619 0.000375567227451119 0.000390688737049109 0.000556583137250665 0.000406307600885899 0.000437741493838176 0.000589685018456016 0.000750797591748461 0.000464953964580282 0.000370274898989377 0.000337296985667775 0.000361450884857963 0.000426166322011249 0.000430449870409702
-9999 -9999 -9999 -9999 -9999 -9999 -9999 -9999 -9999 -9999 -9999 0.000902579874309584 0.000744235119031874 0.000637915940829713 0.000633326802252476 0.00069368385941725 0.000852203264287351 0.000870564947539681 0.000715393581202761 0.000511184818908736 0.000789667299185754 0.00162342724725889 0.00151928811489907 0.000437337804412318 0.000786572374085357 0.00159955659122876 0.00141803524030142 0.00124712663728448 0.00224125184182822 0.00109667038006761 0.00195830130835501 0.000617103615649098 0.00026660317744099 0.000643136394297279 0.00198124628226838 0.000339264199322933 0.000388532620939757 0.000276167375738055 0.000247140091385844 0.000246840939368628 0.000236512038608868 0.000234667497318823 0.000268496098355422 0.000275526371790423 0.000221135446627729
-9999 -9999 -9999 -9999 -9999 -9999 -9999 -9999 -9999 -9999 -9999 0.000999289832267633 0.00098245601144703 0.000798222669441249 0.000673771147656178 0.000636818255326075 0.000631398851833389 0.000530615434130224 0.000397785920599196 0.000385066096399802 0.000542841310283878 0.00133937479329915 0.00141005249615389 0.00090554908077777 0.00180779977175794 0.000812909830324383 0.000814775315258218 0.000736258687212268 0.000536131774289948 0.000467593373834961 0.000835223871621671 0.000451885838662248 0.000333822379933342 0.00049594131981954 0.00057986847924115 0.000258491343726399 0.000205336134823634 0.00023557706731964 0.000235786726390988 0.000219912434810548 0.000206005679095709 0.000199677157319757 0.000227136036113526 0.000254143261299859 0.00024312504962336
-9999 -9999 -9999 -9999 -9999 -9999 -9999 -9999 -9999 -9999 -9999 0.00167058050378086 0.0015091559596165 0.00142914623915843 0.00131432096209906 0.000758740924839382 0.000631701955382423 0.000544414665678636 0.000427544354321996 0.000470053517593086 0.00038231452520453 0.000422570576092553 0.000929813057337711 0.00136412188367941 0.00101191425089148 0.00171292424537692 0.000398838725850494 0.000433566570896275 0.000569087718468458 0.00135210864216242 0.000496891775765493 0.000373479514601464 0.000436043607408953 0.000493590296140411 0.000333732020659189 0.000259695416072564 0.000203344806201759 0.000255639309658437 0.000282204972309262 0.000224651146921708 0.00020890773225359 0.000196727129478741 0.000237219696815273 0.000265888898350809 0.00030811774799646
-9999 -9999 -9999 -9999 -9999 -9999 -9999 -9999 -9999 -9999 0.00217969367462855 0.00272035023565908 0.00402671176538065 0.00568307040791553 0.00588976247157142 0.00105037670067582 0.000663146950518267 0.000494662591897715 0.000579961475937393 0.000543355882772924 0.000445310803123727 0.000407822381916646 0.000413110014657711 0.000467785459676133 0.000332993168096496 0.000803137058586106 0.00101292466253446 0.00126516264536405 0.000421765238562925 0.000722952751024501 0.000313070966791162 0.000287998403367213 0.000392511275311728 0.000485488747620821 0.000325421162597137 0.000240564474379598 0.000190132323602239 0.000222244247934097 0.000263779269918274 0.000293090637268015 0.000284781437058294 0.000262313895901789 0.000207995152572241 0.000223708803240016 0.000291684532982618
-9999 -9999 -9999 -9999 -9999 -9999 -9999 -9999 -9999 -9999 0.00231346998226642 0.00231268446845921 0.00237133795560084 0.00464270815994364 0.0050135997028192 0.00131158794751392 0.000930420748679315 0.000518679576871038 0.000461244500694913 0.000545717652290241 0.000587181984972347 0.000825329688219191 0.00130687295175103 0.00100160987081658 0.00122309548895088 0.00146152727223568 0.000629149387064444 0.000494859142072734 0.000340355176653959 0.000441152794624428 0.000284546167012652 0.000273185180739808 0.000308672452795552 0.000381187622235464 0.000424075722567875 0.000260093300210105 0.000210894170852475 0.00019269994701405 0.000236588036332087 0.000283054280248955 0.000256198871454663 0.000212516372924434 0.000483511973808256 0.000996232653614126 0.000300939440555916
-9999 -9999 -9999 -9999 -9999 -9999 -9999 -9999 -9999 -9999 -9999 0.00169192527974878 0.00135758198080712 0.00132033901242456 0.0032277347750402 0.00535837403264763 0.00119538324680131 0.000780105432304086 0.000431237463741889 0.000499272964165397 0.00109978861114545 0.00192323555349925 0.000791878635557227 0.00105135622771529 0.0010892897334265 0.00101216226643873 0.00147393383652225 0.00202987152666257 0.000416486736713806 0.000295495673542165 0.000247286683072977 0.000266721488928551 0.00027000170994916 0.000284666822300146 0.000364818003396285 0.000437322510538598 0.000360418210621417 0.000222753551954509 0.000195956973556869 0.000209664560041035 0.0002103183841236 0.000230553696512351 0.000320516292398163 0.000529097853752355 0.000355465523954556
-9999 -9999 -9999 -9999 -9999 -9999 -9999 -9999 -9999 -9999 -9999 0.00118516116071633 0.00109030040097019 0.00094381870748051 0.00279484907533407 0.00299139990044278 0.000931459538427628 0.000842932808259523 0.000684659428204044 0.000495650060333686 0.00124715776998992 0.00206753968432031 0.000592676270404123 0.000738988580049299 0.00107278477866813 0.000753255900343842 0.00136097534174866 0.00206222430974809 0.000409972512872357 0.00029993156214651 0.000239304726802119 0.000246669727383215 0.000251319327860077 0.000264335863517739 0.000254585570823396 0.000351764738706234 0.000349231017541742 0.000365921590359752 0.000223475436856051 0.000193850789835267 0.000211260701717956 0.000254594507231507 0.000288428880803097 0.000327027800105396 0.000320895657576014
-9999 -9999 -9999 -9999 -9999 -9999 -9999 -9999 -9999 -9999 0.0013182958916775 0.00145714908595363 0.00238363327055428 0.00474814288790213 0.00109344773749903 0.00155113167441943 0.00111772931752925 0.000879403230427038 0.000845021802625779 0.000816829443974509 0.00104508097094523 0.00139275744676639 0.0019098502846625 0.00106476927818552 0.00149310324277006 0.000594792093014185 0.000670590101156765 0.000699143410471944 0.000469815460882381 0.000356688341194281 0.000279062014995104 0.000268029367229032 0.000355887977828502 0.000543858399254855 0.000442319819508082 0.000272934736907576 0.000283906166396535 0.000345657039486725 0.000369939534850511 0.000234260800000168 0.000216336237032111 0.000244566105209007 0.000295083948537036 0.000255930127347179 0.000259114888348415
-9999 -9999 -9999 -9999 -9999 -9999 -9999 -9999 -9999 -9999 0.00132794621600053 0.00128222728029537 0.00185225802786143 0.00301604168070377 0.00246408986768498 0.00334504860818595 0.00118561374358825 0.00121017995623527 0.000789601759540193 0.000889975469256089 0.00131066335990466 0.00066304723668848 0.000727551168466044 0.00083043587681203 0.000767495323894229 0.000593071807871171 0.000357471222096646 0.000416720887342936 0.000484282863233373 0.000372499927445216 0.000314087837356937 0.000280205688866978 0.000356277785198659 0.00111724627943704 0.0020493969012723 0.000342031993476349 0.000625816731260089 0.00130679638551798 0.000468309191775697 0.000675963396406411 0.000940731665188331 0.000224203035752422 0.000242013287769988 0.000235264032096537 0.00027819823807313
-9999 -9999 -9999 -9999 -9999 -9999 -9999 -9999 -9999 -9999 0.00119691341959668 0.00124289699903477 0.00239947073786248 0.00523294730513223 0.00148252767097874 0.0014079080658798 0.000926287988464096 0.000783228866282068 0.000582551005083289 0.00045999490530571 0.000555213651658646 0.000374818625007272 0.000379358829197561 0.00048402961435374 0.00120199041805357 0.00168847236123299 0.000353739421470568 0.000363004884638304 0.00044506050909423 0.000961974237942233 0.00159638961826727 0.000399584970983235 0.000416331084631069 0.000531364369940127 0.000746738898522083 0.000423611610936209 0.000394281776365924 0.000483907800818565 0.000491180813484955 0.000382688023548125 0.000405424674821973 0.000241249881566906 0.000226312964814371 0.000246808253422399 0.000323847567220628
-9999 -9999 -9999 -9999 -9999 -9999 -9999 -9999 -9999 -9999 0.00114508453255469 0.00122338304357997 0.0015352761500099 0.00239935571334024 0.00145884113571966 0.0021491598793585 0.000520293394658511 0.000498924146429829 0.000534608433877557 0.000572306357580989 0.000533806075544097 0.000410433015899348 0.000470368930142208 0.00124633047715941 0.00219100980710177 0.000618539776612822 0.000345369894493523 0.000338469208301941 0.00038630670393826 0.000545486809056228 0.000793467231172456 0.000433013583771927 0.000847283934628475 0.00175023621943246 0.000475126558989939 0.000480280499636357 0.000398084575830451 0.000253086955767582 0.000361978538929778 0.000441083135658857 0.000283956945705705 0.00025554640478542 0.000256946333282271 0.000237422734684717 0.00069998029479405
-9999 -9999 -9999 -9999 -9999 -9999 -9999 -9999 -9999 -9999 0.00103489138187734 0.0010093732173982 0.00132539933911456 0.00304445279287313 0.000626735842063124 0.000666720492673994 0.000389268873323374 0.000412327332783846 0.000427007422745219 0.000442353904003852 0.000479432996641604 0.0010872692036083 0.00216723708378802 0.00106359136041605 0.00164008546508466 0.000378189110808725 0.000341366933123578 0.000316084416290312 0.000404861740579905 0.000487067631851133 0.000500675922736598 0.000412746294054215 0.000426378193695892 0.000760657547627265 0.000512459907870958 0.000520763448961811 0.000458965630109112 0.000256499728633151 0.000678756235983342 0.0016042575048659 0.000427197150704989 0.00028116262119558 0.000309599473030804 0.000238047721885772 0.000671460556167469
-9999 -9999 -9999 -9999 -9999 -9999 -9999 -9999 -9999 -9999 0.00120594458263005 0.000992299264575032 0.000601014976698108 0.0011501118643767 0.000596721069978173 0.000472573963201436 0.000417376206801838 0.000390270506716205 0.00039002951852035 0.000395743250247426 0.000821841486232087 0.00191348452679848 0.00104511348395322 0.000459407937234749 0.000588277973006213 0.000356259101234953 0.000342104553459446 0.000307926947462037 0.000367266795849329 0.000402363642863668 0.000446248149476106 0.000420301138963315 0.000901528278730285 0.00213588317414908 0.000597673086867129 0.000536927779031281 0.000569635968302456 0.000306818424882156 0.000348679435039002 0.000559107393153923 0.000415831917708069 0.000431163177455538 0.000312841957306069 0.000287355720350973 0.000304175562585261
-9999 -9999 -9999 -9999 -9999 -9999 -9999 -9999 -9999 0.00130349007294089 0.0013508438768094 0.00137784124071062 0.000736395078468768 0.000595633120995782 0.000664768934085187 0.000966146066982967 0.00169355144820826 0.000478362973266725 0.000510950205098748 0.000440387740853293 0.00049621620221386 0.000756162183705917 0.000634854209348495 0.000689463834327968 0.000522458882637068 0.000438456572767719 0.000398938625322715 0.000337427712204202 0.000327292452675735 0.000328848583281393 0.000341724717297759 0.000377846855658537 0.000597878629442543 0.00106244251455957 0.00073772192793974 0.000749494920256794 0.000669772133302208 0.000392707031928836 0.000334820524782881 0.00029834062751406 0.00033399672508776 0.000423740070002044 0.000479786120204662 0.000318251157296923 0.000257866792536245
-9999 -9999 -9999 -9999 -9999 -9999 -9999 -9999 -9999 0.00100527413422532 0.00106086594849974 0.000981960733153051 0.000556294893834976 0.000533181995361572 0.000756299228640992 0.000861844017613284 0.00105027667756371 0.00049443184811243 0.000560859934025733 0.000649426006495696 0.000600276983428196 0.000469026682476049 0.000540874877877866 0.00156999181754916 0.00254584349255779 0.000639351509418759 0.000479999098034704 0.000423488514227551 0.000398584997452385 0.000402034389087353 0.000546423003979077 0.000559668766416629 0.0005119636509986 0.000551530307708887 0.00122260246241639 0.0020561012024588 0.000518927863178677 0.000502484508650029 0.000451429656966187 0.000313807741254907 0.000322107930758405 0.000496141767804613 0.000582139725487354 0.0003073821192853 0.000261950795509801
-9999 -9999 -9999 -9999 -9999 -9999 -9999 -9999 -9999 0.00121969051316191 0.00195948065375518 0.00221893701388631 0.00124208197288564 0.0013873424030042 0.00186852295373815 0.000553019624607751 0.000523196249525871 0.00075129071057209 0.00134147616719392 0.00232539820992994 0.000790777979331638 0.000774169666521383 0.00143495535505984 0.00223014157157693 0.000956159373268135 0.00053444525673984 0.000649404707394409 0.000449595855530368 0.00046960595112 0.000451263551032296 0.000625687498427768 0.000572614414576143 0.000588669892987884 0.000575821763052161 0.000660811727963582 0.00140411968732574 0.00116142025698902 0.00134217322270472 0.000447441455844482 0.000987458149755193 0.00117471166833083 0.000427249688968326 0.000508364756538973 0.000384610139757634 0.000277007638229716
