Partial ROC data/Bungarus_caeruleus.asc
NCOLS 267 
NROWS 470 
XLLCORNER 376490.070567719 
YLLCORNER 380111.488324056 
CELLSIZE 919 
NODATA_value -9999 
[rows 380 to 399 of 470, columns 45 to 89 of 267]
0.000102854295325128 1.74742464349184e-05 0.000113477762423951 8.30757508428142e-05 0.000115985341408399 0.000190795008998334 6.91977841833745e-05 4.47172223336137e-05 3.16163309323336e-05 3.22913695993461e-05 3.44806672366117e-05 3.24704648959372e-05 3.14959331071663e-05 1.90584006401459e-06 3.29661846662555e-05 2.49963330120386e-06 2.55588809887843e-09 1.57135196851502e-09 1.70681054004823e-05 5.81663736936014e-07 9.63869057214835e-06 4.34538109210663e-07 9.94296795243985e-06 1.45264759365188e-05 5.49447462160529e-07 1.15484749150803e-10 5.73922113238474e-10 4.07408163669557e-05 1.56128984273761e-05 1.43520802087301e-05 1.20672882078952e-06 5.82018772928157e-10 1.49686358133186e-05 1.61020439695411e-05 1.63738326503896e-05 1.92907071975762e-05 2.44354594397238e-05 3.96299275548831e-05 4.9755927664823e-05 6.56487564722483e-05 7.11582745417067e-05 6.35848386598781e-05 9.45651063824657e-05 0.000125593186625439 0.000114670511833372
8.57399906692679e-05 7.16059137007402e-05 1.5049270074825e-05 0.000181248369399275 8.98933684159229e-05 6.60926120828479e-05 5.49342212696349e-05 4.15914298901727e-05 2.83720514099553e-05 2.66804056047571e-05 2.79952874916225e-05 2.68286666566391e-05 2.77914866039438e-05 3.09765033508593e-05 3.0415029433313e-05 3.49180098617497e-05 5.1654796755881e-05 5.25075871067342e-05 2.75217464272839e-06 2.81703030784548e-05 2.33094491740671e-05 1.46440905800794e-05 1.29883234622943e-05 1.07926719548766e-05 7.82821617124142e-06 7.76892734917185e-06 9.17416790697913e-06 1.02280555113282e-05 1.38602202076835e-05 2.50538914113847e-06 9.56675933827973e-06 2.0820310991092e-05 1.88714644159224e-05 1.54807972804809e-05 1.16805768256679e-05 3.80399461766862e-06 9.84196650810178e-10 2.99513029470712e-05 5.3214291258956e-05 4.19817007625034e-05 5.08089504502415e-05 5.82856002532981e-05 7.62867241329458e-05 8.97967036019637e-05 8.22621640369914e-05
0.000113893350361421 0.000102581169648331 9.2262173555357e-05 8.9419121411704e-05 6.33389324030852e-05 6.14126390249306e-05 4.53382661527649e-05 3.00046148469104e-05 3.08090113148321e-05 2.51876252725761e-05 9.74647934383082e-07 1.12972560701584e-09 2.19017991285746e-05 2.31019663664089e-05 3.07056391302632e-05 4.04338240148983e-05 6.79646236832575e-05 5.58996173172582e-05 0.000102770170558401 4.26802138631453e-05 3.37198469786536e-05 2.49458066804793e-05 1.70753035122573e-05 1.33874464044472e-05 1.26838104174946e-05 7.5865389818757e-07 2.48113216608682e-10 1.28645384627129e-10 1.35374180209833e-10 4.72349909789692e-10 1.08889607793534e-05 2.41413746426242e-06 3.04975408519948e-09 1.95902073381817e-05 1.39448735439555e-05 4.37964058623888e-05 4.72877248499829e-05 5.20699035436671e-06 3.94959208816619e-05 3.76503243539742e-05 4.27629426954871e-05 5.6175918052766e-05 5.46491292417897e-05 5.57110483950017e-05 3.43071396640003e-05
9.70031425031085e-05 8.5894153426842e-05 7.91844595664993e-05 8.19244006176156e-05 8.91625173619592e-05 6.09760975627327e-05 3.69406984537838e-05 3.75172230727042e-05 4.3074184468604e-05 1.68449284553668e-06 2.19201407324014e-09 1.7635066787014e-09 2.38351777317537e-05 2.36863356911854e-05 2.65126001435234e-05 3.56622909928282e-05 4.04047172905587e-05 2.03107801429122e-06 2.61183410865646e-05 2.86852284722511e-05 2.59003123325134e-05 1.77873270021442e-06 1.43669701565722e-05 1.10395753284503e-05 1.07436995485866e-05 1.02669269670118e-05 1.1186598653184e-05 1.21390346588363e-05 1.10307820689889e-05 3.26920701167866e-06 3.01466385381991e-09 6.57841672467497e-10 1.33130613011389e-05 2.17823945196879e-05 1.8308684864389e-05 6.14711505034688e-06 2.82596342288804e-06 4.04675324198803e-05 5.22119452828738e-06 3.10124315735751e-05 3.77524609540577e-05 4.56249609661014e-05 4.49730055583275e-05 4.57627742922171e-05 1.39282041264808e-07
5.94206572404318e-05 6.03100894828133e-05 5.07027792005292e-05 5.57136493332742e-05 8.06830933325585e-05 6.44358370434985e-05 3.80399086326382e-05 3.91138846225958e-05 5.44622954654694e-05 3.9600481539777e-05 2.65291623400105e-05 2.64860660466519e-05 2.98722785754955e-05 3.05315221605703e-05 2.79944238868872e-05 2.54245616950447e-05 2.73177984182891e-05 8.99166439852199e-07 1.64998784445138e-05 1.20459193575999e-06 1.42080049608029e-05 1.01151948699473e-06 1.56485593504586e-09 1.72462756725693e-05 1.50540022507249e-05 6.42270322468155e-07 4.3782428737495e-10 7.66711426783691e-06 9.07396073861585e-06 9.95446417523815e-06 2.04317487915753e-06 3.48192947748134e-09 1.62498016778234e-09 2.93903448601764e-09 2.92980295298222e-09 9.87929369299498e-10 2.83332879848783e-06 5.39042540381032e-06 2.453757374095e-08 2.52428000880801e-05 3.17811793151302e-05 3.0740459675807e-05 3.95536559352305e-05 5.12293981478409e-05 5.08206258187651e-05
4.7947037414124e-05 5.47382431020992e-05 5.3579015406241e-05 5.50927994033562e-05 6.04487193152503e-05 5.08260194354195e-05 3.93040847266402e-05 4.35470207760349e-05 5.98872518641089e-05 5.10907853102346e-05 3.17234941466786e-05 2.46498219873579e-05 2.67778607438314e-05 3.46631190228721e-05 3.13429587940818e-05 3.67068591535758e-05 3.3559471763731e-05 1.14503355675963e-06 1.26911596791523e-05 1.15406776370088e-06 1.54498897540617e-05 1.31488667154193e-06 2.31895519287894e-09 1.8643862194355e-05 1.43122079145814e-05 5.28551420868263e-07 7.29084954084211e-10 1.0839698201889e-05 1.02737720902411e-05 1.12959090978486e-05 3.83226111344033e-06 1.21399871378172e-08 1.09065696327171e-08 2.50050332337769e-09 2.49608120921711e-09 1.37365865484428e-09 8.42456789702052e-09 8.77475612500187e-06 8.81582938094566e-06 3.47933015297782e-05 2.1459871249205e-05 2.41030298519773e-05 3.27942750281612e-05 3.44186978276132e-05 3.59969521323016e-05
4.40057468024119e-05 4.61979199723651e-05 4.68233300259169e-05 4.91717250127933e-05 4.26603457769306e-05 4.01470049538723e-05 4.48221471901897e-06 5.59774726448108e-05 3.87431763424794e-05 3.29193004005229e-05 1.41790749243614e-06 2.32534151242674e-09 1.35096767475179e-09 4.40291408290605e-05 3.65287501675892e-05 3.02831531515017e-05 3.1766664969913e-05 9.69479624803995e-07 6.89434074356272e-10 1.04050242678239e-05 1.95871494362609e-06 2.45949310450166e-05 2.06482151837409e-05 2.07881086351299e-05 2.07554283676719e-05 1.47812130450431e-06 3.94467263130239e-10 6.28549728755876e-10 6.75913655246475e-06 8.55721742643851e-06 1.25769107993817e-06 6.24312005104515e-10 5.79952053824259e-10 5.88209293456111e-10 1.25810684177203e-05 2.0800778341132e-05 1.56560279950311e-06 4.74632495481541e-08 2.56031603385666e-06 4.51405592237177e-05 5.18754159788291e-06 8.38164662513365e-09 1.13942835605952e-08 3.38180033785049e-05 4.16883882031801e-05
5.5080830425157e-05 5.45516279768661e-05 4.07277651376325e-05 4.17081465415112e-05 4.54094466047284e-05 3.57813621377982e-05 3.40310292600113e-05 4.02284402284466e-05 3.07943077620129e-05 2.7091922967086e-05 2.69285582659077e-05 2.67478628755783e-05 3.06686994302696e-05 3.12540948273592e-05 3.20632016674528e-05 2.55031004435465e-06 5.91424087899031e-09 1.9966930212252e-05 6.6860600010458e-07 9.51033143961511e-10 2.46132920866251e-09 2.48431074480369e-05 1.91341601534659e-06 3.84967035772851e-09 2.40102603886577e-05 1.89663404577143e-05 1.65198586357145e-05 1.57017706523945e-05 1.50815988114066e-06 8.50543428812746e-10 2.4554783853537e-10 3.32936739555058e-10 8.91700908807691e-10 9.39271980608247e-10 8.20678393514577e-10 1.34013900010875e-09 1.07976825591276e-05 1.58706140535345e-06 3.9514469129315e-07 6.14557199775524e-06 5.41598045646569e-07 2.11347687309453e-08 3.06099997079997e-08 4.79304703936116e-05 5.22198292849163e-05
5.88247521875347e-05 5.50560445801564e-05 4.10179509673117e-05 3.67488405692323e-05 3.93320456860706e-05 3.45387244014738e-05 3.28740773735947e-05 3.92201336030939e-05 3.46296116626261e-05 3.19616645463384e-05 2.96239441515697e-05 2.23885574563789e-05 2.1888237957041e-06 3.88823786263033e-05 1.4799281754756e-06 4.79651712128599e-05 4.18209152282428e-05 3.68688754980421e-05 7.15753240299528e-07 8.31039027039962e-06 1.63056757694969e-05 2.08314627393246e-06 2.28136609974848e-05 1.9581980223737e-05 1.80986037063345e-05 1.67148622043577e-05 1.35297771676847e-05 2.14848500790038e-06 9.74541877960877e-10 8.9114407084855e-06 9.0346661128006e-06 8.77309865803933e-07 6.06167565063744e-10 3.80740119740946e-09 2.57956646592748e-09 8.20384923659579e-09 5.58261938002834e-09 2.32677616870177e-09 2.90611799953561e-08 5.32203497503651e-06 4.45676312644374e-05 7.09780824734487e-05 1.39185966615304e-05 4.3145867439777e-05 3.75885233434324e-05
6.28792601817844e-05 4.19712086026649e-05 3.81773994157171e-05 3.85689430674867e-05 3.36601963596884e-05 3.94196645570267e-05 4.90722879200899e-05 3.89195306356776e-05 3.30830155419542e-06 3.15899451519088e-05 2.05793802023005e-05 2.7980112642943e-05 3.31934735106066e-05 4.35176592903225e-05 4.15516639326847e-05 4.04769988810823e-05 4.31703062692945e-05 3.1081790521842e-06 2.16039867831881e-05 9.41236598537983e-06 9.43621663185734e-06 1.83369809465438e-05 2.31129838715844e-05 2.23686246332357e-05 2.49943329775383e-06 1.80010499652699e-05 1.24365196696625e-05 8.21295404393381e-07 6.54534432015452e-10 8.76839421283887e-10 8.7464553523757e-10 7.02000212899616e-10 7.72541020063557e-10 2.49368987492563e-08 8.8595792246024e-09 5.02028855660292e-09 5.84072290376701e-08 1.67487917613283e-08 2.72416322362402e-09 1.70936481908391e-08 4.08375187870718e-07 3.61604999849378e-06 4.24661700318401e-07 7.25115931470224e-08 1.87860128195527e-07
6.07116129502869e-05 4.50167317531376e-05 3.94397825047394e-05 3.7828924423385e-05 3.67504094125436e-05 4.15782703210547e-05 2.91996169689239e-05 2.25019493394088e-05 2.77498672264257e-05 3.16722982103782e-05 3.58736237311893e-05 3.58742921730025e-05 3.63857708392866e-05 5.3258794576721e-05 5.13783824031398e-05 3.75898331802123e-05 4.12595108707646e-05 3.73040136500268e-05 2.59621530350997e-05 1.85250330594373e-05 1.4263234121711e-05 1.75246836028804e-05 1.97654500206779e-06 2.72250314130926e-05 2.69585010970938e-05 2.30052112912728e-05 1.73378230487986e-05 1.18347860933866e-05 1.53301474656178e-06 4.75885507133793e-09 4.88492093881594e-09 8.02113656210128e-06 1.26250601867766e-06 3.64432447039749e-08 1.16312502432249e-08 1.40868412986144e-09 2.00592081957161e-08 1.23883487132762e-08 9.81540735211239e-06 1.25859294827237e-05 3.29512973468062e-06 4.62744904035392e-08 4.56219929243681e-06 3.6540292753149e-06 1.10819031880059e-07
8.33545188943097e-05 5.27714399314585e-05 3.74751416451489e-05 3.31025740679206e-05 2.89800702976787e-05 2.86102161417168e-05 3.07553998285075e-05 2.77458200412143e-05 2.9213554375971e-05 3.97263757984619e-05 4.2978767695584e-05 3.84612978025093e-05 5.08251370996215e-05 5.36891209464944e-05 4.53562145905176e-05 4.02113839571241e-05 3.34165512651546e-05 2.95462766814918e-05 1.86805951409415e-05 6.84279787773492e-07 4.5548616837534e-10 4.43737941755597e-10 2.05930185636549e-05 2.90358391339184e-05 3.08950404408564e-06 3.12304406105692e-05 2.80872370788656e-05 1.93529473607234e-05 8.66053713775943e-07 1.38119870386997e-09 3.68701190003972e-09 5.33317349930562e-09 8.30866871404249e-06 1.46348099393707e-06 4.36753910988733e-08 2.01504511762978e-08 1.92316768477794e-08 1.43626752836932e-08 4.9922172924979e-09 1.65986349947312e-08 1.74378770256985e-08 6.13387951057977e-08 4.30795767141327e-07 1.61383266650457e-06 3.51404654686324e-06
9.73449713812147e-05 7.26462263816122e-05 4.93166187331503e-05 2.75194677676919e-05 2.57400778347399e-05 2.80372749254125e-05 2.27268578717459e-05 2.49084840208896e-05 3.43259182774685e-05 2.62019445271741e-06 1.12877156935125e-08 1.37598609560911e-08 2.45072070763756e-05 3.15765148942148e-06 1.78502316907638e-08 5.04015540801863e-09 4.32722560956361e-09 2.08958220443054e-09 1.65561032520067e-05 8.17969751848243e-07 1.94747046571081e-05 2.24575770754773e-05 2.08633450784527e-05 2.19550802193109e-05 2.90480080956011e-05 2.73076293475103e-05 2.55053920974352e-05 2.78166532693264e-05 1.65617631531872e-05 8.69994176350154e-07 6.81922347133348e-10 1.42969822173723e-09 9.55846366019341e-09 1.00511615347533e-07 6.9407898672932e-08 8.81060360865528e-08 2.24120311871741e-08 9.48244278645621e-09 1.09809253215433e-08 8.51450685120173e-09 1.23745067304964e-08 2.23187886210546e-08 3.15878265353479e-08 5.26667566230413e-08 1.11596822827296e-06
0.000101026612684507 9.59867885754057e-05 6.93578406666487e-05 3.28613857450955e-05 2.15817816906172e-05 2.26367810644228e-05 3.26551718978718e-05 3.02515253577513e-05 2.64177773186553e-05 2.80334987385161e-05 3.04546030342115e-05 2.77025567908423e-05 2.7248444931286e-05 2.98211765998781e-05 3.92332921760008e-05 5.42445125454519e-05 5.15744408878126e-05 1.63847763087718e-06 3.20322124863369e-09 1.98254339215792e-09 2.5537926730304e-05 2.50104506079338e-05 2.91172612398048e-05 3.60135256763436e-05 3.29086157308801e-06 4.707817579639e-09 9.35489265507184e-09 1.25440703130625e-08 2.16299368536121e-05 1.15706377278919e-06 4.03181220321447e-09 1.15011223550647e-08 1.92261129165849e-08 5.95080652805918e-09 2.11422356316655e-08 2.05979954374243e-07 3.70667791991199e-08 1.72098738525348e-08 1.66389243998945e-05 4.8194761204968e-06 2.55301824327573e-08 2.26088756729474e-07 2.74786432895383e-07 8.31239599880906e-08 2.00395580622134e-07
0.000104551035159257 0.000106197477114246 6.86573778762279e-05 2.80160920707087e-05 1.70899329962206e-05 2.81618583679718e-05 4.61960078354008e-05 3.76407985869208e-05 3.32057662355219e-05 3.2605384365415e-05 3.39961890335224e-05 4.22923487888291e-05 4.49770125237442e-05 4.49953450517823e-05 5.43292630219753e-05 6.15381781829746e-05 2.93599177899028e-06 8.30920409078544e-09 5.82868132794666e-09 1.38036569117238e-09 2.4230403979026e-05 3.27123237392897e-05 3.37306733090953e-06 5.5071184591283e-05 3.61229782922082e-05 2.9026225294358e-05 3.55777880674207e-05 3.43940477701939e-05 2.48662896424548e-05 2.93467634756523e-06 1.96816752391693e-09 3.98896507408743e-09 2.51472591404295e-08 3.87664341572614e-08 5.99239852064272e-08 5.69552181908899e-08 1.51849828707327e-07 3.44714767257038e-08 1.37484827177872e-05 1.30445747384385e-05 1.58142838938133e-05 1.90274342521204e-05 5.82916443362559e-05 8.16859605955196e-05 3.46811542175582e-05
0.000118972216033675 0.000158657965756637 3.61000974528067e-06 5.33427660450019e-05 2.2556964968127e-05 1.91051721481364e-06 6.48238983866315e-05 4.39879134801972e-05 4.24983828497313e-05 4.50405033256958e-05 4.73721109797781e-05 6.18668121212431e-05 7.52781881569361e-05 6.67733986494876e-05 5.72598227184868e-05 0.000131219164574141 5.1167463981287e-05 1.84189510422386e-06 2.04640971232178e-09 6.19003962724439e-09 2.5653810734092e-09 2.95992513528752e-05 3.22196592651235e-05 4.34801464097892e-05 4.46032208394129e-05 5.54252949790565e-06 1.17906193838095e-08 3.86298668956651e-05 2.59705068339089e-05 2.06413684017925e-05 2.76170061841566e-06 2.37680622955563e-09 1.51522235786273e-09 8.11731180782883e-09 9.11023212819035e-09 4.31781879172424e-08 2.05454186624105e-07 2.05782009927427e-05 1.25005546633548e-05 7.4206093742755e-06 2.32249249072059e-05 2.29308538232263e-05 3.46758240424815e-05 4.39473230774851e-05 4.07140703460508e-05
0.000119016525243089 8.44433379519706e-05 6.0691031835378e-05 8.50660708896736e-06 1.51565286596296e-07 1.13573919294238e-07 5.71336737695544e-05 5.2721019202773e-05 7.55160317117113e-05 8.80847716495119e-05 9.55606754233626e-05 7.7545985015185e-05 6.21803129730597e-05 6.18194197156385e-05 5.53617021142749e-05 4.89944263917079e-05 4.64972365633284e-05 3.61830346323913e-05 2.93759940978264e-05 2.34030323418726e-05 3.0326079592241e-06 6.32969767122072e-09 9.08592999528523e-09 5.85854070400425e-05 4.03560267529984e-05 5.2967107838388e-06 1.21866596565809e-08 2.83345835857213e-05 4.98166493602958e-06 9.47782734778152e-09 1.76854687545282e-05 1.15624745166952e-06 1.29872840527803e-09 8.89100110570911e-09 4.00458526376369e-08 2.46323009345671e-08 3.74684438014588e-08 3.77785197589252e-08 2.37151754899754e-08 1.92186907748442e-05 1.46453869336174e-05 5.83138976874611e-07 5.05415428938268e-05 4.82206962987963e-05 6.50874660869857e-05
6.49174265150697e-05 7.0262651448547e-05 7.41667113188852e-05 7.42611150540171e-05 5.81274961461877e-05 4.98703620378366e-05 4.7507581075163e-05 4.80456428041479e-05 6.52973504171302e-05 0.000144369716523089 1.24886366280222e-05 0.000163364373549821 4.43740622611476e-05 4.61819476733221e-05 5.30435884727038e-06 9.43001077663627e-09 5.98877728635626e-05 4.25318388034213e-05 3.33580143523552e-05 3.4676890622218e-05 5.05446113126193e-06 1.02102272998296e-08 4.08353345731133e-08 4.10765386787994e-08 6.93573764140581e-05 4.07631847969028e-05 2.44939484857775e-05 2.3943450565994e-05 2.37258934971064e-05 2.35459979180321e-05 1.7414507898463e-05 3.45746403490561e-06 8.54211117157165e-09 2.51311514119068e-08 1.5659084878191e-07 5.10952668352621e-07 2.03261534862932e-07 5.1830865799465e-07 5.28581433135852e-07 8.55700512367956e-08 2.90695949209637e-05 3.07851616427494e-05 2.68532502959471e-05 3.35072888410341e-07 3.78958352698298e-05
6.41496189643823e-05 6.12511929017665e-05 7.13107773592954e-05 8.364521800434e-05 7.45198471445312e-05 6.71971273583714e-05 6.1206366662573e-05 4.77700763632729e-05 5.72154324592135e-05 0.000106888460132663 9.45534999356795e-05 6.32236112074802e-05 4.99280250397061e-05 3.70453982395172e-05 2.60090932486481e-05 2.81891000939383e-05 3.30255116365555e-05 3.75685280592887e-05 2.89956170884179e-06 2.09146112539452e-05 2.63779582768181e-06 1.95687309884097e-08 2.32008625655461e-08 2.58004154313411e-08 5.63431744508634e-05 3.30547438186837e-05 2.68702774791503e-05 2.51276323096167e-05 2.91478646311021e-05 3.36335153910496e-06 1.52354226892632e-05 4.17206359734185e-06 6.83369608705145e-08 4.29731617702213e-08 1.15319606635591e-07 1.19740928376061e-06 2.13643078580186e-07 1.71978908161421e-07 4.06769577732104e-07 3.66378939205721e-07 1.59607983082426e-07 3.32687230233884e-07 4.64365628518948e-05 2.52054223372872e-05 1.17763917155352e-06
6.21036314775272e-05 5.5508803317813e-05 6.26802783394141e-05 6.15275355487294e-05 7.01412781570421e-05 7.09131577667487e-05 5.6382076036124e-05 4.72000964276977e-05 5.0727978371642e-05 7.29031471844762e-05 6.42639484816248e-05 5.03570390507903e-05 4.08629180269411e-05 3.56047874267172e-05 2.70070557773505e-05 1.9359219741734e-06 2.60445455931062e-05 3.12287744565154e-05 3.71868008065589e-05 1.76658690778077e-06 2.60749259445282e-05 2.65838675772461e-06 5.58712066614172e-09 9.59541158196278e-09 1.8171049139691e-08 3.70270749959887e-05 2.6172366686992e-05 2.64149605263094e-05 2.24119804934537e-05 4.61548564137123e-06 4.72558002024654e-08 4.99288034634658e-08 4.2167315418353e-08 7.58344780405043e-08 8.29110102414635e-08 7.26127321618578e-07 1.4712965216058e-06 8.1898472287666e-07 5.66617540973888e-07 3.93008613685255e-07 6.91824610754016e-07 1.01325539998656e-06 4.11684669502812e-05 2.58806210296369e-05 2.13667780266036e-06
