Partial ROC data/Bungarus ceylonicus.asc
NCOLS 267 
NROWS 470 
XLLCORNER 376490.070567719 
YLLCORNER 380111.488324056 
CELLSIZE 919 
NODATA_value -9999 
[rows 209 to 227 of 470, columns 0 to 43 of 267]
-9999 -9999 -9999 -9999 -9999 -9999 0.000331375574689039 0.000332092617017999 0.000219933899403769 0.000173233602556594 -9999 -9999 -9999 -9999 -9999 -9999 -9999 -9999 0.000329597770268706 0.000327833949842867 0.000327136913002348 0.000207472840318701 0.000218693457501566 0.00021921910382833 0.000217444513083378 0.000209414105570826 0.000198867306090982 0.000198966147140625 0.000201551195818166 0.000201060271773486 0.000201515902667235 0.000175977073690313 0.000305267320595859 0.000361581370458543 0.000337943381552551 0.000197250825960306 0.00020585829125846 0.000233298378849661 0.000406217945765589 0.000410757431911635 0.000257441775389325 0.000275215354474043 0.000278209550987194 0.000281505722564033
-9999 -9999 -9999 -9999 -9999 -9999 0.000284138125451997 0.000289191615505837 0.000193736351507483 0.000139709297452698 -9999 -9999 -9999 -9999 -9999 -9999 -9999 0.000332222757791579 0.000331328036754299 0.000334084588619196 0.000211408694863695 0.000182143044321719 0.000168398000124786 0.000225598722891719 0.000223709183950643 0.000213645491895383 0.00020238732364492 0.000175025882666152 0.000307951880502512 0.000300839844252862 0.000297965570272028 0.000309748654267415 0.000318324250122194 0.000311940799044529 0.000200584335695834 0.000212638411646106 0.000214557589353421 0.000272541318770009 0.000269032679768534 0.000270078132465776 0.000274857154516097 0.000283331825730623 0.000284620519465142 0.000284792441613377
-9999 -9999 -9999 -9999 -9999 -9999 0.000394624954448119 0.000408810484152949 0.000360525726485844 0.000254504419673258 0.000171548352349611 -9999 -9999 -9999 -9999 -9999 -9999 0.000343099292691461 0.000341264192186982 0.00033878380789858 0.000303265433979442 0.000190380691069326 0.000228021841546417 0.000230222697254852 0.000225377310389445 0.000211568622036615 0.000208300356863178 0.000178402641601975 0.000319652784240435 0.00032050365190093 0.00031382030131285 0.000286215120024452 0.000289952821205736 0.00035767206776579 0.000341365179000575 0.000215207978404398 0.000223125378705716 0.000209195478514067 0.000257354136814483 0.000284835312279463 0.000286372803314669 0.000287793426337129 0.000287221510393489 0.000287790427071051
-9999 -9999 -9999 -9999 -9999 -9999 0.000424148590606144 0.000425329029581249 0.000431018939101689 0.000352074989364923 0.000196756745072444 0.000249375668282128 -9999 -9999 -9999 -9999 -9999 0.000308364050690622 0.00028497393527345 0.00040544894415529 0.000292129965491444 0.000229998316384967 0.000236975022964194 0.000270475225018041 0.000251993073979193 0.000183786337062032 0.000313696323811619 0.000309834595547947 0.000312243548929465 0.000201641432798734 0.000211304972107654 0.000210053828861197 0.000193744392953654 0.0003473966142703 0.000351012806040096 0.000221951066212051 0.000235024567470392 0.000220065775696168 0.000273074880789276 0.000285985128748072 0.000288329574017577 0.000288541451217602 0.000291040471822515 0.000295842360788705
-9999 -9999 -9999 -9999 -9999 -9999 0.000440408845814636 0.000446344693579553 0.000499243276700634 0.000481157092831133 0.000310187899843488 -9999 -9999 -9999 -9999 -9999 -9999 -9999 0.000325777048061003 0.00029042116255296 0.000393617475156072 0.00021584360106107 0.000263302819459323 0.000361965615636777 0.000435413202280277 0.000199404871869489 0.000325083138355699 0.000318986085488232 0.000320575733496159 0.000321273887649743 0.000323545926988351 0.000311022554229856 0.000286509230026686 0.000192656498402789 0.000190980671489607 0.000191555021010146 0.000170300214531113 0.00022331188759492 0.000257775322246059 0.000290403732187324 0.000291335137515616 0.000292802680636575 0.000295439098306417 0.000253633989919489
-9999 -9999 -9999 -9999 -9999 -9999 0.000371464333905325 0.00041690657279162 0.000592584059424085 0.000452026344869394 0.00028433164514103 -9999 -9999 -9999 -9999 -9999 -9999 -9999 -9999 0.00054931590464827 0.000521892146383433 0.000489139849877522 0.00050612783129525 0.000668907980605863 0.000557139118510356 0.000284466452046887 0.000221643088279196 0.000192850575712268 0.000329255212004821 0.000332085971504564 0.00033702805154149 0.000328155171926077 0.000290376767599776 0.000272974744575037 0.000210144857102716 0.000223202544292999 0.000226833745760769 0.000196173514327041 0.000331180758591829 0.000406534588691095 0.000384814962885452 0.000362801155095428 0.000378552782536346 0.000274865745087138
-9999 -9999 -9999 -9999 -9999 -9999 -9999 0.000357063732550467 0.000376000781182998 0.00027383146234616 0.000176595021044652 -9999 -9999 -9999 -9999 -9999 -9999 -9999 -9999 -9999 0.00140811242487646 0.00088584415107618 0.000470199899802339 0.000350458782831673 0.000326621579569586 0.000257706426677139 0.000184465912448702 0.00018263299234253 0.000335625788941194 0.000336140742341666 0.000216490606577975 0.000223851966395076 0.00019570786426552 0.000335212505444611 0.000211517563693259 0.000228454508543919 0.000231279839762339 0.000231153451812309 0.000260932903389523 0.000257037885163561 0.00025823518586185 0.000251914807793574 0.000253538663508532 0.000259102273975075
-9999 -9999 -9999 -9999 -9999 -9999 -9999 0.00027912709825397 0.000279694698304611 0.000206555150989192 0.000167337045273574 -9999 -9999 -9999 -9999 -9999 -9999 -9999 -9999 -9999 0.00108697490232123 0.000808492617058539 0.000409817138761787 0.00022178892466684 0.000211745560967338 0.000200670594990137 0.000233254252051057 0.00020037234407617 0.00032605620477841 0.000329578638590165 0.000214648082135284 0.000231667750134751 0.000205217974244885 0.000219474805819702 0.00020156866372962 0.000324292590940809 0.000213703796889255 0.000203071195290543 0.000267128194045022 0.000306256348329759 0.000279043983562851 0.000262793369246793 0.000264567393479833 0.000265746397784106
-9999 -9999 -9999 -9999 -9999 -9999 -9999 0.000307911625098599 0.000335472950897202 0.000251120826709382 0.000192493325826954 -9999 -9999 -9999 -9999 -9999 -9999 -9999 -9999 -9999 -9999 0.000415625600894347 0.000324399535527678 0.000340148990216624 0.000343849139290743 0.000240999043280667 0.000288829761467757 0.000348695639393708 0.000221865160349127 0.000234378511510638 0.000232009043311075 0.00023649004508394 0.000214281758130224 0.000231359985527141 0.00021384087381439 0.000225916213102417 0.000207099612611173 0.000339115862887597 0.000377134862898487 0.000277286987876363 0.00028692129190797 0.000268971385292759 0.000270136323287716 0.000270760149433647
-9999 -9999 -9999 -9999 -9999 -9999 -9999 0.000316815400383007 0.000350525130283806 0.000262386429034024 0.000222817010814027 -9999 -9999 -9999 -9999 -9999 -9999 -9999 -9999 -9999 -9999 0.000326412811475338 0.000321288291996169 0.000358291938879841 0.000411340237059714 0.000365853456746229 0.000242922786254184 0.000208990320129562 0.000350841822505334 0.000220972089340916 0.000240963339368509 0.000241388085547831 0.000217195027763987 0.000232722118691066 0.000217654464900163 0.000233162757373201 0.000255455612929133 0.000222596899173394 0.000377363347516546 0.000244456853024652 0.000267052685029354 0.000270139712407744 0.000277303907963933 0.000279849812750601
-9999 -9999 -9999 -9999 -9999 -9999 -9999 -9999 0.00036930358693137 0.000377639217815487 0.000277993162003142 -9999 -9999 -9999 -9999 -9999 -9999 -9999 -9999 -9999 -9999 0.000289384045906202 0.000294037711668884 0.00032096837946738 0.000386366481669094 0.000321534414236131 0.000253950924282093 0.000251624347963979 0.000246313990840362 0.000244569104702435 0.000243694771194128 0.000243272224413877 0.000251513799450934 0.000257254146117464 0.000259093948912307 0.000259402193898892 0.000264430091118579 0.000264492045727016 0.000262709217203383 0.00026712322247133 0.000230618247314107 0.000363268723631963 0.000246035508246907 0.000279285343414012
-9999 -9999 -9999 -9999 -9999 -9999 -9999 -9999 0.000507857368974192 0.000504951410799382 0.000310111823001669 0.000244736241007119 -9999 -9999 -9999 -9999 -9999 -9999 -9999 -9999 -9999 0.000243884161972457 0.000255376325757673 0.000257782368044308 0.000285589912597888 0.000268429607222803 0.000195012536175399 0.000264443472396704 0.000206826899643036 0.000186910898063493 0.000249831232306383 0.000249814098542651 0.000248268622885875 0.000248699065161562 0.000258736691751414 0.000266462840016084 0.000269831929793941 0.000270914735046606 0.000274139617239876 0.000276632061624715 0.000235913011251296 0.000390596241025984 0.000251147202118675 0.000283070553528914
-9999 -9999 -9999 -9999 -9999 -9999 -9999 -9999 -9999 0.000468551435322593 0.000285056051549279 0.000208083510251636 0.000206506721822281 0.00020885993678814 -9999 -9999 -9999 -9999 -9999 -9999 -9999 0.000265490161386776 0.000238436034661669 0.000229263164614966 0.000212060081930806 0.000188267957952743 0.000170034354886453 0.000177912782437385 0.000206982019300484 0.000280189072199249 0.000280386660150028 0.000269318562910411 0.00025321665590751 0.000252196538904145 0.00025295298074526 0.000256944486921155 0.000231499787702896 0.000368987821805653 0.000246914776132465 0.000280359526098456 0.000238759137607353 0.000396136834697683 0.000257118666991607 0.000288377757224111
-9999 -9999 -9999 -9999 -9999 -9999 -9999 -9999 -9999 -9999 0.000433553429821486 0.000401498869102465 0.000247113346099171 0.00020490678018058 0.000229942148687391 0.000200870091217298 0.000247802052938995 0.000438286991245205 0.000342679234907576 -9999 -9999 0.000246348417600036 0.000203409618107834 0.00019036584080006 0.000194517444178851 0.000261270865192734 0.000268676749104561 0.000250692025661253 0.000420780627293618 0.000409549122151628 0.000399065162830161 0.000380433000111174 0.000236444397325385 0.000262230930440591 0.000261819251678501 0.000260513759531673 0.000265176690560618 0.000269808946100855 0.000276774911984085 0.000241417580420276 0.000391245620240981 0.000404591143720545 0.000258252416201214 0.000288434745097365
-9999 -9999 -9999 -9999 -9999 -9999 -9999 -9999 -9999 -9999 0.000389974000908128 0.000393598657490567 0.000393267913083473 0.0003746593857254 0.000326335223298302 0.000299440540623707 0.000399665176614593 0.000505431035607483 0.000347689558913845 0.000241231281608935 -9999 0.000255067349701115 0.000234890240108896 0.000266392583655603 0.000403721440268558 0.000380783061427684 0.000396830577214387 0.000432565699287641 0.000439225846026052 0.000424149095208548 0.000428304373653901 0.000268106904240152 0.000235983103687369 0.000239508360773384 0.000268966612256389 0.000267500596587372 0.000269406164983243 0.000282641247327529 0.000285911492079294 0.000284443404183975 0.000281337352190514 0.000280397599215497 0.000281097007524197 0.000238789557448688
-9999 -9999 -9999 -9999 -9999 -9999 -9999 -9999 -9999 -9999 0.000391120574526651 0.000392136328093048 0.000391076239318697 0.000238608150269392 0.000255479630643734 0.000281958846326537 0.000304602183556887 0.000313417278988129 0.000306976608378014 0.000276100424410544 0.000379055038459171 0.000285987780568483 0.000349972397660172 0.000308853987456352 0.000484303180721126 0.000422839022758034 0.000408292207119493 0.000274694510797325 0.000256355577628702 0.000443750029765623 0.000302223430094766 0.000266469743915785 0.000260500662065002 0.000219289949429259 0.000368368909083102 0.000242913372885334 0.000270028252650025 0.000272487651271756 0.000274832677001483 0.000232950476840502 0.000363952658219722 0.000365422630942852 0.000369292517879719 0.000254332349531077
-9999 -9999 -9999 -9999 -9999 -9999 -9999 -9999 -9999 -9999 -9999 0.000394369356467755 0.000401585209794392 0.000250816212449702 0.000259239174929823 0.000272409770488222 0.000342568538808208 0.000417699266936506 0.000330749232468816 0.000465468410737219 0.000299315041573961 0.000293066294366186 0.000369343730137108 0.000374489990512485 0.00036117849698487 0.000317611030795456 0.000286421899466074 0.000253811630232508 0.000427141500981994 0.000468803319124426 0.000320736639633464 0.000319637230012321 0.000294971296551383 0.000249852396103784 0.000399806466622022 0.000386800496881908 0.000250535842504293 0.000238605866815944 0.000371645341276162 0.000385206410792822 0.000401151276388374 0.000399482382473845 0.00026117572495222 0.000286537586716118
-9999 -9999 -9999 -9999 -9999 -9999 -9999 -9999 -9999 -9999 -9999 0.000407909567937198 0.000410203288564897 0.000414132818052364 0.000410746175672341 0.000412133049501851 0.000269874557756581 0.000317657668795773 0.000284601429087113 -9999 0.000220409760125885 0.000250034291094807 0.000348451829128758 0.000368871179173471 0.00036725625091418 0.000285069007539383 0.000421042321055329 0.000429184093427046 0.000433693039186269 0.000435942175275788 0.000454094346276094 0.000432397293902033 0.000398412797810334 0.000404182877495528 0.000407997955889376 0.000402783391094586 0.000396233178440022 0.000395364053118933 0.000404867097594503 0.000406961659197425 0.000409921877193348 0.00040874477895667 0.000396337660625442 0.000386446455560035
-9999 -9999 -9999 -9999 -9999 -9999 -9999 -9999 -9999 -9999 -9999 0.000416490231865138 0.00042036009172051 0.000417742078238479 0.000402707874411172 0.000408612402066954 0.00028101255745199 0.000334654186536112 0.000298853769138979 0.000378811774130259 0.000230905515527533 0.000254378570232018 0.000297969909746972 0.000321959381802472 0.000349046007112715 0.000295363160051089 0.000458576624373928 0.000431229959651041 0.000429805195217095 0.000442957072849904 0.000450975376850799 0.000448618852133822 0.000432030754714161 0.000424537065709283 0.000417857175423899 0.000408367307001723 0.000403972380493427 0.000402506007828247 0.000409284343646633 0.00042041338104921 0.000421818847879557 0.000420801395306798 0.00027534439550758 0.000262956911104745
