Partial ROC data/Bungarus_caeruleus.asc
NCOLS 267 
NROWS 470 
XLLCORNER 376490.070567719 
YLLCORNER 380111.488324056 
CELLSIZE 919 
NODATA_value -9999 
[rows 200 to 219 of 470, columns 90 to 134 of 267]
0.00818727293488728 0.00671532216489055 0.00428854688552962 0.005365482339734 0.00745193534715811 0.00821129587582623 0.00309248885187606 0.00876533634494814 0.0032210142802871 0.00214613994195468 0.00152295444819228 0.0012183203627675 0.00203010304720507 0.00235693203377876 0.00177014506114184 0.00292242513911779 0.0023767646578782 0.00234712773877768 0.00335325707611282 0.00501717518276441 0.00408079129660504 0.00236362216387844 0.00188804585683032 0.00237906877428942 0.00309955220631453 0.00362203376548902 0.00352305245389656 0.00456979950898433 0.00625508462126659 0.00521461256510954 0.00301514492339589 0.00300557917461197 0.00409949875413179 0.00288619924365401 0.0027853765475378 0.00152836146430205 0.0012278489330669 0.00112579354497146 0.00210297585761639 0.00158314805463889 0.00188332117620378 0.00237778188697544 0.00322857289972849 0.00330049974584617 0.00169512014120418
0.0100888072007641 0.00686384500744237 0.00567205595691009 0.00704619631798669 0.00407105897881449 0.00652539483737133 0.00429649041436761 0.00217920104911932 0.0019208257494553 0.00213716964570392 0.00219737570051127 0.00117258946822004 0.00127915259370735 0.00172534169562618 0.00193647923490749 0.00245751693891204 0.00272126053178689 0.00260293492853774 0.00371076149153405 0.00539135944635525 0.00449775180139005 0.00241074320847673 0.00189125932330028 0.00204302499735429 0.00315490825994808 0.00450742614123173 0.00444919014780726 0.00363661031171297 0.00366548597360298 0.00427014840775019 0.0043594228920599 0.00270515011908635 0.0029464317787829 0.0018828306349795 0.00170150784187107 0.0019666007502254 0.0016341520272864 0.001816843557601 0.00219709963789586 0.00199426617029339 0.00277140634394494 0.00192968671666325 0.00249983983400101 0.00375947235927487 0.00153450423956413
0.00660253694016027 0.00639723811295229 0.00610830869572697 0.00807907955408681 0.00767035680282491 0.00490688208673725 0.0030001764528093 0.00230888042628069 0.00193851044128486 0.0084092551155553 0.00511410427423919 0.00272844482931519 0.0041369066756394 0.00472990888320333 0.00312277253185408 0.00634301368700872 0.00363015367295588 0.0032881825468186 0.0043236302834309 0.00542858989835019 0.00454469506258875 0.00262953181656782 0.00192975164324766 0.00237892457622567 0.00445937566559333 0.0052515281627592 0.00354588356686262 0.00285253873798067 0.00276314999901784 0.00511530486783614 0.00464769598515236 0.00362234529729946 0.00130843112432051 0.00187524703964767 0.00138504886746554 0.00158769412933971 0.00160335312044046 0.00159505569825152 0.00310524391998848 0.00182939884200952 0.00261974799627138 0.00291879159241779 0.00397562283843465 0.00179278812247921 0.00118815219189893
0.00316416682018344 0.0054808933876649 0.00727238208782664 0.00728809606657275 0.00487055835956163 0.00563853707632293 0.00558137550579749 0.00402927946114542 0.00362606247671477 0.00460410343239119 0.00532809227144167 0.00268271852241565 0.00249710667667839 0.00267688640383155 0.00314784970995313 0.00467996431808968 0.00348344715857318 0.00400706473689106 0.00573099741030162 0.00684273601945191 0.00494471845463411 0.0025735751540952 0.00212252719440257 0.0032677447083131 0.00541706977392248 0.00464371576590967 0.00307757418438656 0.00294723364004515 0.00394929099723147 0.00226445539312823 0.00382153844465973 0.00238304768396552 0.000807856482919465 0.00170858569566178 0.00139290213369563 0.00212944147444639 0.00214651617647063 0.00165322677948516 0.00257493698611599 0.00268131250217604 0.0029197903476022 0.00214395935980398 0.0021193413252558 0.00133396231784409 0.00171317732810097
0.00531593465916013 0.00734038268509584 0.00682717044222307 0.00583945627075009 0.00369907280636294 0.00532022866712754 0.00708728574483198 0.0050701943580995 0.00475310330832895 0.00398117816659462 0.00534590967880614 0.00366346721304059 0.00377880871898226 0.00214782302827926 0.00303900057793749 0.00414196388476434 0.00279144113000024 0.00488915197544343 0.00979078409924139 0.00947996317457475 0.00508351200449309 0.00262334787926563 0.00231128405599043 0.00252044374026457 0.00357927555424277 0.00398320191910063 0.00414682975128378 0.00397490870477848 0.00363305954922893 0.00474262929675071 0.0032014641920237 0.00177569310784124 0.00180129682676299 0.00155308466160426 0.00149435534730398 0.00202762225600218 0.00199288488898764 0.00184631248114262 0.0025890602505443 0.00295180245195936 0.00141839216177305 0.00143670484565282 0.00366392382534458 0.0030729750263222 0.000954646210626945
0.00605686906465685 0.00547104027116034 0.0071956442257721 0.00532997377538881 0.00379180145788803 0.00604694081689738 0.00759540597114378 0.00633784285498614 0.00542395123762835 0.00395220482238865 0.00724119303557102 0.00237356544259018 0.00293963541907188 0.00228970222799822 0.00260551066051136 0.0033509533956175 0.00397229497824534 0.00365262631372309 0.00695732871100298 0.00834688827267181 0.00690186094196413 0.00325563876619475 0.00259715540621984 0.00218539142025273 0.00238737906379165 0.0031026798963577 0.00377052829361114 0.00391285209560137 0.00388913284417578 0.00407951206525002 0.00277356731801329 0.00159505815243602 0.0013696832951265 0.001400745087688 0.00152464424341136 0.00211626831687765 0.00251137558844513 0.00268212932746615 0.00286738791237938 0.00274247045910901 0.00110678571701828 0.00138461941856236 0.00399008328514285 0.00363718342040734 0.000787059086739938
0.00460007648207732 0.00497581539990173 0.00493301835204481 0.00479677864204238 0.00419019626058176 0.0051599474168786 0.00492625197863086 0.00280206513823576 0.00302606902403154 0.00475802872610793 0.00711132745633213 0.00604331070885409 0.00496624934195945 0.00471699913519561 0.00457428474889402 0.00352222100311536 0.00481496169295819 0.00334420861194929 0.00532428441484163 0.00912090141383964 0.00821296597107755 0.00305836282386656 0.00262793644492058 0.00220128181164426 0.00238260085172722 0.00309285980383209 0.00326816601167534 0.00456452478804637 0.00550825280427318 0.0026901715776245 0.00307112146355286 0.0018084101327962 0.00155925140730387 0.00145132914616379 0.00178127685636305 0.0026545446663734 0.00300292922970565 0.00266533941237558 0.002322256976528 0.00253713188040548 0.00227745559852091 0.00367691183993871 0.00407902430038348 0.00237386544508965 0.00202589926739998
0.00526810514899593 0.00454677691153038 0.00453766098681064 0.00390445735206758 0.0030494400165577 0.00342488512963942 0.00333947453839825 0.00334169245978622 0.00432100413195207 0.00667026579494921 0.00773449356562594 0.00553460958768745 0.00726674692001522 0.00628406227794071 0.00464950797322237 0.00429378558243693 0.00459292524473613 0.00582507638715173 0.00776745148769504 0.00985483097322602 0.007474959924552 0.00343497748908433 0.00283104572128363 0.00253472910449354 0.00266693216587141 0.00376206018882354 0.00386909761014377 0.00484808433180446 0.00454299253032656 0.00283382381786047 0.00275030359072568 0.00343682283952781 0.00320289350548426 0.00320376778388932 0.00373102904027039 0.00410432158773982 0.00332296164854085 0.00281834478586678 0.00273971936363866 0.00223935089978439 0.0024566987946857 0.00372575193368081 0.00372679780577522 0.00186826790263521 0.00167155684403716
0.00772539247498157 0.00700192222072102 0.00629541538614471 0.0057610041986596 0.00528766385931524 0.00462689195331909 0.00392084494679862 0.00529736252184965 0.00741021678877237 0.00793882708765644 0.00411720555482614 0.00271516158892195 0.00405076910363443 0.00563531861715172 0.00853826317494615 0.00573487349878226 0.00494971863639248 0.00524564224877128 0.00435360523744918 0.00647463673267666 0.00838675951130123 0.00525141469527949 0.00435498818195573 0.00392132878172028 0.00398037082246271 0.00546980488783217 0.00561538116787358 0.0084670777072792 0.00699790230878201 0.00396701901940246 0.00229222585097465 0.00383264145219705 0.0024926122758071 0.00207707618984971 0.00247399270503626 0.00372235037948786 0.00397706427892504 0.00245575385497792 0.00289192861960784 0.00245325016827613 0.00253435195407927 0.00410640828773165 0.00378547758267611 0.00171982252422284 0.00161566711677455
0.0042856330881243 0.00391523681245933 0.00382332731701961 0.00432577580211049 0.00485092687263019 0.00541055801784034 0.00466080654808699 0.00476379283248975 0.0061998549516899 0.00807177957908626 0.00763602573137954 0.0053973911090141 0.00535140069809656 0.00634540558859254 0.00979183448260255 0.0108002542389986 0.00338614398680458 0.00575586068372243 0.00362028279400517 0.00491359760240763 0.00798336663509142 0.00669491757655303 0.00540845011574391 0.00393289589114206 0.00364542053584063 0.00599872984716733 0.0114284249088252 0.0107618703487933 0.00533536820350378 0.00268407731402336 0.00294607605510749 0.0028930335171118 0.00225578423664367 0.00177476336942562 0.00207624760428722 0.00327188304906814 0.0048944637272321 0.00312376003350752 0.00305627670895771 0.00268002522344779 0.00249833441419378 0.00355089544476859 0.00383593010344375 0.00162788924081628 0.00172559659781608
0.00403117258766293 0.0046659716979843 0.00475621170643701 0.00432488589207082 0.00431622846096008 0.00356219285743723 0.00179402917697405 0.00292165905181909 0.00445794885821729 0.00830495824305735 0.00707206439685713 0.00623722516951834 0.00486268860590605 0.00958329445246358 0.00757836896683019 0.00713304328922282 0.00680989508169234 0.00587306583993061 0.00467874544774439 0.00440427775379995 0.00771584942921785 0.00877869605615852 0.00413404428653452 0.00331477685801629 0.00428908169661933 0.00648811348455519 0.00884663021193365 0.00577217785838804 0.00327534074694716 0.00212874730933348 0.00211610828363611 0.00197780261808667 0.00191541156060656 0.00208632514864439 0.00230521637553544 0.00287697029912207 0.00447915512705889 0.00446308812392361 0.00301831552636159 0.0028224287478884 0.00267953801165295 0.003500418748593 0.00386835701086238 0.0016025995125287 0.00179899240065196
0.00430840013896125 0.00520377229241263 0.00539138544360473 0.00303922722339187 0.00339193130858304 0.0032734780846374 0.0022220954838528 0.00164784295081111 0.00359335309046326 0.0064936929818738 0.00880572274211641 0.00889930622764071 0.00693694388109703 0.00655973753278015 0.00628119918317339 0.00589690055525347 0.00826588246807908 0.00887134880573276 0.0027660254865495 0.00352486522289246 0.00426236990963596 0.00757569104978335 0.00728579659978335 0.00327025744956953 0.00311136245303342 0.00395522045924747 0.00533374662756882 0.00499416866044332 0.00253424918664198 0.0020030546166168 0.00273732240949955 0.0014634193312409 0.00273684081844605 0.00346280556192136 0.00383308249524492 0.00305772023400755 0.00282058082509616 0.00386067229104963 0.00404568826188176 0.00300183940206829 0.00309302517450405 0.00288167751713734 0.00406173675866031 0.00357000543524594 0.0022660741449595
0.00434118703774704 0.00643981455225644 0.00648267581776891 0.00520947747767029 0.00346335505714208 0.00688909125273459 0.00608344094522662 0.0022160254116092 0.00406991384251526 0.00671123083744768 0.00731284133894609 0.00648567313639888 0.0041020834717105 0.00452015863301145 0.00519045540505116 0.00720663605119602 0.00886446152060493 0.00912840913034596 0.00634068146091828 0.00499185776392084 0.00550210184438823 0.00525072802177337 0.013538031080284 0.00781353937320399 0.00468247219700606 0.00369538158359538 0.00434525895581514 0.00853337069696421 0.0036967700513863 0.0023162389144685 0.002329350093266 0.00267897603352813 0.00278202275952169 0.00344817067096878 0.00348610033146836 0.00281087749264311 0.00245216991960666 0.00364228536602788 0.00445063200908947 0.00311969145843482 0.00334805084165664 0.00423723904770569 0.00879822892650387 0.00931810187469968 0.00342622470986857
0.00451790997247301 0.00513772506080067 0.0067075646944258 0.00674640120270164 0.00728203498596122 0.0120864567197722 0.00705726347565304 0.00273278043134303 0.00449640159156226 0.00495199697645408 0.00523390028789062 0.0047322881540658 0.00392513054383457 0.00445933360472335 0.0072727635607036 0.0037725693765543 0.00309358938569168 0.00348800450743232 0.00557750946132091 0.00542689585021633 0.00360473826170141 0.00886334305012872 0.0123117874799714 0.0151960119121609 0.0144232946970929 0.00566235784399051 0.00593897371850927 0.0049908026884001 0.00291161029545861 0.00207198595226271 0.00229469131682927 0.00238191882340165 0.0023104628011699 0.00260122005176922 0.00301420843547744 0.0028375996497858 0.00211118533668336 0.00414908461458383 0.00600553378953661 0.00499824710308723 0.00504558662682598 0.00537396013624526 0.0107752266675549 0.0071660273746644 0.00423408295206171
0.0049407854309994 0.00486127636735518 0.00527356857203072 0.00674403896619448 0.00969714233012527 0.010791030708542 0.00646994638830182 0.00511544521487072 0.00684121417166437 0.00488640463713665 0.00349031136932629 0.0039503608992577 0.00504576805465246 0.00672054828688092 0.00779787697033522 0.00674526914162046 0.00634018664865006 0.00361531944571221 0.00380311825253533 0.00429055743273173 0.00497343336549451 0.00736574972484464 0.00972445272214419 0.0120669981056213 0.0119195414440127 0.00748306781417862 0.00656367927161597 0.00373766132480864 0.00231623301617006 0.0022837652555219 0.00240972347703265 0.00269730811239721 0.00255987769185766 0.003105028303619 0.00159266896541811 0.00297022189506667 0.00315727150629283 0.00144312510418082 0.00209228782949525 0.00665683167386791 0.00476900520635398 0.00530993560896183 0.00617036835368595 0.00612387571083858 0.00287608053267506
0.00461105922681775 0.00415589300966857 0.0037879508154759 0.00535755521938085 0.0112070348535951 0.0107041562557388 0.00704338871222652 0.00866559868195374 0.00912758677725264 0.00646239864520211 0.00475786791408468 0.00495810846247237 0.00513728366072389 0.00630154342678552 0.00494080726703035 0.00511037755233624 0.00568488791269011 0.00637715289176121 0.00402402228662059 0.00444731918638981 0.00510118400710626 0.00605466070095068 0.0124356101343746 0.0161654627659711 0.00658137950622404 0.00535005470431899 0.00501613986323923 0.00389476005946365 0.00325872488157806 0.00291390982607751 0.0026671545953196 0.00319619544402485 0.00239564051260187 0.00184117544939385 0.00214659820303504 0.00265532835218573 0.0025945081002612 0.0027882299188387 0.00440725120291836 0.00753041364004063 0.00711856585542168 0.00723923254943573 0.00725537824516703 0.00317590538783549 0.00191436233232175
0.0028259946128787 0.00555090770168936 0.0035289857793241 0.00341399572505628 0.00971946075900333 0.00380036631023171 0.00459189456838259 0.00435365608131259 0.0111375857414785 0.00716923718373201 0.004947810322384 0.00492179307001085 0.00535226832531012 0.0045938412326189 0.00604854838409847 0.0107329132727471 0.0104419082106615 0.00724784579842016 0.00371469513348727 0.0043437901278778 0.00512855987365011 0.00521754882498296 0.00788233213719355 0.0115583174787215 0.0109153442334066 0.00851659586998221 0.0061726320004651 0.00363811733356608 0.00321099145355126 0.00297167682296197 0.00587820184974731 0.00381346353881095 0.00188897831617659 0.00138057709566037 0.00157254847072888 0.00266043575196496 0.00299908266883836 0.00192089549726219 0.00307942922902913 0.00815734692935106 0.00408220282533288 0.0057803408551962 0.00323661370239908 0.00363030095492671 0.00191480664869929
0.00581350186158888 0.00225541687518934 0.00326648644648597 0.00340663060287866 0.00207381579470769 0.00161996600887266 0.00227188283859331 0.00851667690673371 0.009616401946579 0.00911970991276321 0.00437023100159757 0.00474443490470154 0.00483865288408772 0.00679410444414213 0.0120351639782794 0.0163911973940533 0.00895602016007011 0.00357516931321727 0.003103354177024 0.00377893227941813 0.00456109794853434 0.00546427734104558 0.00834580216651459 0.0101768655480355 0.0107459169587911 0.00690137083008282 0.00484831800995099 0.00357022087292136 0.00281106649104103 0.00272080115923056 0.00355840267158806 0.00307641806010075 0.00207900752456695 0.00162063178825698 0.00146883421434318 0.00256014953393282 0.00245373624193151 0.00180116341921293 0.00787764840150293 0.00194712400058832 0.00375344717029463 0.00475205419891846 0.00246393345988721 0.00291459207316602 0.00193621908539619
0.00589383144728524 0.00189278296496378 0.00166265252025212 0.00246379283254166 0.00251688908021954 0.00331820271522867 0.00358264368539919 0.00270900205745246 0.00367710473461145 0.0035873774794912 0.00238742371302905 0.00279288302380416 0.00295126917127267 0.0030811962498047 0.00618077872780684 0.00711516309024495 0.00484250615575749 0.00235123021110036 0.00296826413196053 0.0039515872751541 0.0027866806806583 0.00483217646730992 0.0070304186123392 0.00677611155010129 0.00468544280002985 0.00334794841423857 0.00316562034207101 0.00340192800929435 0.00193672373014948 0.00284396471261421 0.00290641240204823 0.00324217096141809 0.00274007338385467 0.00172880028893812 0.00156337138846791 0.00251743307372478 0.00225659834567627 0.00196117870981367 0.00788745247891907 0.00123209601400942 0.00414003801656771 0.00293171531836181 0.00218730457405762 0.00204733204353617 0.00363270051863204
0.00250232869740511 0.00190648514838811 0.00304333680234151 0.00210937442800257 0.00206409822627366 0.00449173012132284 0.00511468286767244 0.00485161378832442 0.00541100661348788 0.00422819259469718 0.0100808982147027 0.00261302426300061 0.00480888678970706 0.00555952257197873 0.00638807718440654 0.00623961247762662 0.0054528053781002 0.00306555820112786 0.00271608233728305 0.00295637420340937 0.00516050271141927 0.00504812587353737 0.00439448821516821 0.00454341180268816 0.00450516366805522 0.00183529474472729 0.00259340352887071 0.00271311194177745 0.00216500424134055 0.00237052129845582 0.00178289966753347 0.00486764134742123 0.00173672307517036 0.00171996615530051 0.0017513605541046 0.00161539489666038 0.00153781084435804 0.00237975278476593 0.002999360531272 0.00302947820487111 0.00288156826837362 0.00191248136561306 0.0018893109403362 0.00166879826608178 0.00171566297242209
