Partial ROC data/Daboia russellii.asc
NCOLS 267 
NROWS 470 
XLLCORNER 376490.070567719 
YLLCORNER 380111.488324056 
CELLSIZE 919 
NODATA_value -9999 
[rows 260 to 279 of 470, columns 135 to 179 of 267]
0.000688419548560775 0.000864409167344706 0.00110274442032926 0.00124082596441873 0.0010303149079746 0.000862313047527571 0.000816234878095895 0.000662455594462146 0.000625585739543305 0.000572872988846194 0.000562227295358761 0.000492424752802988 0.000500328836224252 0.000458999884318929 0.0005116307930897 0.000415837700588663 0.000414671322347176 0.000502769871786148 0.000509717782381385 0.00040818033272994 0.000406489330449241 0.00049794259158023 0.00050756597528944 0.000414588998041866 0.000415736246550997 0.000731420620243919 0.00120056819724072 0.00137103570296339 0.00136184143893178 0.00140831986051643 0.00153993013483292 0.0016037575651468 0.00159291387088817 0.00159380972704827 0.00159025024691868 0.00158546327531989 0.00157502236619207 0.00155511768613802 0.00151309793351665 0.00145605741834387 0.00142494214677219 0.00141778594874873 0.00141300899216754 0.00141737123399237 0.00143996121539314
0.000824573857077833 0.0010229685686118 0.00118182618992764 0.00118094939587887 0.00117579589772299 0.0013208876653061 0.00131108210196406 0.000997041992053449 0.000952368135982699 0.000707821025637991 0.000556649013919034 0.000490286747733697 0.000426800692843906 0.000509069351311851 0.00051138345535894 0.000416927027202275 0.000415975434537399 0.00052910283227546 0.000514219453913512 0.000509776193473115 0.000479367934998241 0.000471247914516619 0.000469256476801108 0.000481542885920995 0.000604720674007544 0.00089355589145413 0.00131967600459244 0.00137171930610307 0.00136150791132619 0.00141009922002811 0.0015455076460404 0.00160881154825177 0.00157769062256902 0.00152380361690536 0.00151939333774037 0.00157442046679075 0.00157325900356653 0.00156675998311278 0.00155211230278912 0.00153258201976294 0.00150608115934682 0.00145963292221589 0.00142251782045382 0.0014078898945777 0.00144206599471159
0.00109907145188546 0.00111124468218174 0.00119233179123544 0.00116619354779634 0.00114165320019852 0.00123955235764391 0.00148747717796159 0.0014154635243598 0.000907861015614205 0.000599115072513489 0.000671168055264669 0.000548977228516257 0.000462951960122396 0.000508210881078185 0.000435399178104895 0.000416588288140861 0.000416846826137443 0.00127668070706246 0.00231422402131058 0.00204817637937011 0.00113165860235036 0.000664852585570233 0.000458941447254795 0.000459594826615356 0.000935738256770085 0.00120703222053626 0.00137568965561282 0.00137358984836653 0.00136312646536283 0.00136414083834956 0.00140700529923715 0.00143280604614337 0.00139325032810028 0.00135884022488258 0.0013665818588606 0.00146366498596599 0.0015692859137136 0.00156888322602612 0.00156085550650489 0.00154955870990899 0.0015422878715484 0.00153086365123284 0.00192516342354358 0.00198226389069238 0.00219342479894627
0.000935018869863548 0.00109488500475298 0.00116963570521998 0.00116753527658935 0.00132871144323701 0.00201150190389323 0.00214829035219708 0.00139578017239445 0.000760914945284298 0.00057244081726846 0.000672929543123035 0.000519213427895821 0.000441383362145039 0.000457043812826336 0.000510919099285349 0.00041738458391331 0.000636501771199367 0.00163516050290859 0.0027131118276 0.00264565128912139 0.00204338082346823 0.00166812753358832 0.00124012183695707 0.00066097719562477 0.00113193742462757 0.00137797699549227 0.00139884605405495 0.00139006427364092 0.00137603436433764 0.00135640270135976 0.00135639924481939 0.00135585178602004 0.00134305360042179 0.00133348570844523 0.00133271646372577 0.00137436618591109 0.00146298258931836 0.00151388857542973 0.00193005109557364 0.00200582869494378 0.00193014300668169 0.00202113206956175 0.00202999780990036 0.00171348305935645 0.00280190153673752
0.0006147742433149 0.000670213693641631 0.00119370871032986 0.00121140557228773 0.00120249184157982 0.00134611726920122 0.00165063927023484 0.00138349776143492 0.000824469269515203 0.000625524294318362 0.000584631123143235 0.000589225877765018 0.000674323514312283 0.000610838880333653 0.00085284391340386 0.00145742470445995 0.0028912698170621 0.00361410937683161 0.0031087370641509 0.00262384160480145 0.00233029855360563 0.00171996858968238 0.00133222211032593 0.00124914786014865 0.00132693262203974 0.00141145174119971 0.00140293524166648 0.00139665721339057 0.00138387134577771 0.00136066144274962 0.00135383249064951 0.00135503452159373 0.00135345523970822 0.00134515357400462 0.00133023240098041 0.00132696167579014 0.00139095576168086 0.00187646543501299 0.00196631088477904 0.00154525595475742 0.00152100171186506 0.0015777131639747 0.00153393452445582 0.00149218597098979 0.00213949265863934
0.000997712395483753 0.00115936863924112 0.00137685418052523 0.00186312938331486 0.00171784866924947 0.0013675007292441 0.00134781516813643 0.00131209472322696 0.000973926437502176 0.000754398445825678 0.000584542592844617 0.000638392016055548 0.000833995381204821 0.000742161419186659 0.000879999156252078 0.00100991489736133 0.00169711353012271 0.00251347740715536 0.00261835377244794 0.0023379236230963 0.00223538906315265 0.0015578370530663 0.00137900672290335 0.00146416367416294 0.00148765423095514 0.00141665556070188 0.00140373103527589 0.00139496397036965 0.00138758334170679 0.00137587025832606 0.00137129333050983 0.00136398341958118 0.00135038565830054 0.00135269691816742 0.0014036387510855 0.00146832854185874 0.00148615055069819 0.00191166138408511 0.00195398253212128 0.00146620765772991 0.00146406028368578 0.00146860945820614 0.00146730443572349 0.00146571200894622 0.00187742110318025
0.00066230398195965 0.00101493723677838 0.00137470253363928 0.00195531087105721 0.00196848684109518 0.00162379099238093 0.00132983419682866 0.00117320603273299 0.00116176673476301 0.000825442148039214 0.000654115237561577 0.000721796427673615 0.000778686665705102 0.000760435195122806 0.000871622687114314 0.000742754000347529 0.00106594310618755 0.00177761697994966 0.00219901082087927 0.00248303143010217 0.0028266958554865 0.00253165010988413 0.00216834663752457 0.00188351785230604 0.00176702678662563 0.00147368717547168 0.00140950876103453 0.00140109044971216 0.00139294769257992 0.00138171829353664 0.00137463623761226 0.0013668404824658 0.00136099249188721 0.0014921528392751 0.00179580783293999 0.00244981245212047 0.00252231339200661 0.00182370576769181 0.00153488787420182 0.00145436027015942 0.0014489834380734 0.00145286766096773 0.00146470468044626 0.00185198029672812 0.00192980354157837
0.000453253889603731 0.000639004538282428 0.000886536937610411 0.00130984735313344 0.0016952999513379 0.00176828375443816 0.00141712601544505 0.0010605281726012 0.000872304407802205 0.000649053435252666 0.000698515999223883 0.000656093029441294 0.000681166051951953 0.000810984697889184 0.000774606798296847 0.00087112121048313 0.00112768507763077 0.00179069041854007 0.00198859479769557 0.00196910534364866 0.00206408002168856 0.0021765118909368 0.00205038622501513 0.00194278442987854 0.0020009661439963 0.00186123530137405 0.00162608896380714 0.00146975462982524 0.00140934343579283 0.00139295554226134 0.00138102778738159 0.001371706997197 0.00136612943168911 0.00152506946824395 0.00187519968312619 0.00209958147220026 0.00210536194818386 0.00182415705836635 0.00149410195569245 0.00146741580926099 0.00145486216171375 0.00146052771580354 0.00152344328177876 0.00171364519382617 0.00225687441127285
0.000453046182128568 0.000505094487965734 0.000682260636312282 0.00110097779867321 0.00113466908701503 0.00119430375317712 0.000823627617057675 0.000763079766233869 0.000704513737101235 0.000587698615854094 0.000680627387327409 0.000588016054158162 0.000613054763892855 0.00063684946618454 0.000687065678282755 0.000782911621025301 0.00129531974758333 0.00184112938805077 0.00180276325802303 0.00183540227005471 0.00212928105541323 0.00229132269112377 0.00198450102072256 0.00197417364417627 0.00203634111519246 0.00195385377453792 0.00186447261888335 0.00173798138506658 0.00151512235755278 0.00143726350823086 0.00142581667200169 0.00140752858652658 0.00138194733734715 0.00151364308556257 0.00186113358119991 0.00204111776040499 0.00197930305967918 0.00175091676317102 0.00148391959427973 0.00147631592248774 0.00147276907756867 0.00147223324817341 0.00153188096365376 0.0021629427731589 0.00242078432974356
0.000441630880124177 0.000522307673986007 0.000683135282825049 0.000990266396960333 0.000961207866545499 0.000972713910722066 0.000632108158464563 0.000706900571876511 0.000573074217205988 0.00054041813165624 0.000530654563135111 0.000563739595395465 0.000608235211725543 0.000607541029923102 0.000713270549607929 0.000993872485318226 0.00154490656445333 0.00195047361849042 0.00177507735953865 0.00198143839349787 0.00227145213716131 0.00221531507093241 0.00212175229619381 0.00208859733403653 0.0020438698420931 0.00197467628598832 0.00190294786015107 0.00179676891536203 0.00156229731760159 0.0014467027785483 0.00143846140275766 0.00143362676290093 0.00142351681564775 0.00152456777680631 0.00183885036032463 0.00204947560826932 0.00197557457499369 0.00172702040573463 0.0014838558703868 0.00147746793937923 0.00147535896008806 0.00147102485986954 0.00152914425597588 0.00218717089670529 0.00246897675400668
0.000267923511717807 0.000363835272774728 0.000494638391831196 0.00071721438405311 0.000827782163364789 0.000767805549047471 0.000706596458724366 0.000602571662898652 0.000559561867240618 0.000507194819570233 0.000581040201678052 0.000595366890808311 0.000716878282708492 0.000606317050209605 0.000798774990199287 0.00134202372030618 0.00164041339473632 0.00159093956399794 0.00178821335131963 0.00200832847087661 0.00206215071297664 0.00207813829818523 0.00208586813060135 0.0020751774136103 0.00204609931050368 0.00197637237889071 0.00190179794125935 0.00181392881672817 0.00159520492615974 0.00145094506330977 0.00144040321435861 0.00143553526594191 0.00142839302224678 0.00143345731716588 0.00154600780871419 0.00181454642129019 0.00200664302708946 0.0018227382528245 0.0014961694016637 0.00185642088114108 0.00191018091497921 0.00192281621200907 0.00209220114378043 0.00229432819356477 0.00245068778268687
0.000267458787741394 0.000287268940324315 0.00039651487308566 0.000955005848118965 0.000945489320971309 0.000609525206566151 0.000604440040562575 0.000606624916198915 0.000606473077079133 0.000521072027445743 0.000576300133385165 0.000541291132443767 0.000700139584594282 0.00062244995276467 0.00089036916732909 0.00125433136795313 0.00128963828974656 0.00134597294734421 0.00169031625307411 0.0020015535819652 0.00196963366752613 0.00196503997044849 0.00203956204928728 0.00205942294714459 0.00204255619976673 0.00197320605835437 0.00189528311756679 0.00180116741264008 0.00157577584145896 0.00145073392183992 0.00143767126899109 0.00143251793583337 0.0014315921168502 0.00142296618565781 0.00142282513823231 0.00146198504074494 0.00166497539899222 0.00188328627777072 0.00180842840821072 0.00224831199529492 0.00230672340709802 0.00191035130415012 0.00195032306719542 0.0019436552433649 0.00193388758644929
0.000247121777927072 0.000312252971071318 0.000380848998351773 0.00069462051576276 0.000996108757973749 0.000873927091282269 0.000676245717564966 0.000664223268906495 0.000777151506763741 0.000802592135174158 0.000523045280900014 0.000534923475590271 0.000704074382088867 0.000987954369930666 0.00142039138782122 0.00136811075034291 0.00129502604873929 0.00193885622048096 0.00249574261976195 0.00200786353712433 0.00194140589304333 0.001861540829997 0.00195103886262978 0.0020242393176173 0.00201423334487027 0.00197760076032132 0.00195882479349814 0.00187879113538677 0.00161284557861006 0.00145131280159653 0.00144197234576814 0.0014307671335086 0.00142436690056741 0.00142194500047832 0.00141383488594847 0.00174797866239434 0.00201667534613121 0.0018766539216612 0.00244069204463895 0.00248672847895517 0.00254523603833422 0.00194723579612758 0.00191059661205484 0.00168687261563051 0.00126467131564232
0.000421751337846651 0.000351020005835375 0.000405322202052918 0.00066055883405253 0.000761929932313973 0.000713466069316079 0.0008541259061636 0.000831222629304202 0.000890157325862405 0.000852546702308444 0.00067683080645656 0.000559571868702752 0.00119381401086285 0.00168770286450449 0.00194859189647966 0.00179171971837874 0.00159694518688549 0.00181625956169744 0.00219060473175227 0.00214427269810153 0.00190468653127107 0.00165561481563394 0.00174480307386442 0.0019307662445735 0.00200854394013622 0.00199687763303264 0.00203369637828815 0.00201347095742693 0.00171194492452509 0.00144946408248299 0.00144140918256572 0.00143146242643011 0.0014206355610068 0.00141198190407965 0.0014063589671702 0.00143901368513299 0.00158863833428559 0.00130336632154638 0.00127834352073446 0.0021134570065498 0.00198901611547358 0.00164085050148743 0.00110855501507258 0.000718293390591344 0.000610300855948245
0.000369710852941757 0.000372897259620355 0.000442580354169445 0.000666349235494494 0.000947971364554056 0.00116352188262086 0.00124670382137131 0.000984417902952943 0.000970639963681363 0.000857082630764466 0.000654552645176709 0.000733676563925661 0.001206292929099 0.00236280444474152 0.00244965495553874 0.00198410589352321 0.00176502135841191 0.00154078571389394 0.00157240938739429 0.00159664945553751 0.00157024578478686 0.00151641244160127 0.00163225759982904 0.0018977622733852 0.00200129140435922 0.00194519768029548 0.00201409253838623 0.00217569329505003 0.00191301039792314 0.00148161418585846 0.00143083798636084 0.00142088951120596 0.00141654173671387 0.00141578052858596 0.00140849550517927 0.00175251265286165 0.00205704703874758 0.00186026579997599 0.00181998581822788 0.00171679271547372 0.0013690115324156 0.000752184391397275 0.000567628690359714 0.000483386989146371 0.000482195588073444
0.000292392183862947 0.000446254662350895 0.000871990148580259 0.00104413259915079 0.00129708703325793 0.00201302437665961 0.00212290318659064 0.00102644030140312 0.000960715827794414 0.000821312868815978 0.000746418286816244 0.000747427583214774 0.00107918469997521 0.00196489660609461 0.00238676710879851 0.00232246189445819 0.00212296907440064 0.00148834629989073 0.00147661939938161 0.00148660801537793 0.00150599650119971 0.00151603751915298 0.00162985786704947 0.00182079702583708 0.00185802740615959 0.00179230277136836 0.00187629283849034 0.00211567092112277 0.00215013694119729 0.00177452856910876 0.0013692963910937 0.00132424042997376 0.00131846982939534 0.00131119962476353 0.0016216606779823 0.00167441496324664 0.00144150658933785 0.0015621681296037 0.00141348278153435 0.00118167360411443 0.000823144151952039 0.000492806037661854 0.000480843243427583 0.000482037335536637 0.000482675908202877
0.000740999561285465 0.000424579283443124 0.000586752970442018 0.000715076792587877 0.000630691633620504 0.000774754538317462 0.00123653248279572 0.000970176143551844 0.00100930102240953 0.000983847026544911 0.000787907940380929 0.000636325569648131 0.000686408957795036 0.00127680512426922 0.00153642479005815 0.00173957852727749 0.00208807266084109 0.0020774896521722 0.0021311343064318 0.00197590558439715 0.00174088790952979 0.00159781622591239 0.00166255945729776 0.00177320019660392 0.00179977668981877 0.00178475921659299 0.00185633181862455 0.00207747053460789 0.00225316791205754 0.00209852959330311 0.0016518371124407 0.00131025244801026 0.00130166138695654 0.00129425653561184 0.00161572157129772 0.0015816517015605 0.00164961652569291 0.00118440869648436 0.000845539464097764 0.000555169489571105 0.00050261351795271 0.0004826049123924 0.000481239983258702 0.000483085903748766 0.000482139034088981
0.000629557735681709 0.00077850236469877 0.000778211071982798 0.000490312982969772 0.000336550042168918 0.00036644621001745 0.000459804858558366 0.000667274301751485 0.000751481099666564 0.000684755022497793 0.000787365725055835 0.000631225576706554 0.000756364184146371 0.00135975165588203 0.0015058613761502 0.00192480192567626 0.00232451381542494 0.00243606214091645 0.00256427748345443 0.00245814175454704 0.00224087007633603 0.00188114809183103 0.00168440889944365 0.00178025632337837 0.00186463868064121 0.00191725282912853 0.0020249588160828 0.00211354663581481 0.00231271056498376 0.00253655714114923 0.00211939536062654 0.00132181382891979 0.00129680586883192 0.0012915301699254 0.00132769722446796 0.00163118235964021 0.0015378998890521 0.00108513226474776 0.00068829327946491 0.00048628397247606 0.000483350112535154 0.000480923981566821 0.000484644965912583 0.000483387783632812 0.000481805052564481
0.000540002757116123 0.000707021480031447 0.000520246927692549 0.000337992563922727 0.000315966681906758 0.000352467808587894 0.000412598397040849 0.000580458647749235 0.00059188758956579 0.000499167467325428 0.000627988218577236 0.000587279977550418 0.000812285055697631 0.00139005102270096 0.00194701002125218 0.00235464720469982 0.00290983305829431 0.00272351755062513 0.00280980808039601 0.00233303917965021 0.0018476295048659 0.001726032475666 0.00166379293589151 0.00181896719041709 0.00196745123208804 0.00199523820969615 0.00206667490026678 0.00210311977635505 0.00233060983332215 0.00268343908908626 0.00231083435219746 0.00150054199404922 0.00130082168911522 0.00129207390060204 0.00128954627146548 0.00127420189859884 0.00122897424819732 0.000691537700717803 0.000638968751343619 0.000486604866421439 0.000483724977273295 0.000481986138693504 0.000483345147461067 0.000484426606504613 0.000483569302807992
0.000631702437500438 0.000593369516513293 0.00028189265224698 0.000518937533933956 0.000600733189952868 0.000307056736290929 0.000431717569976834 0.000450065032715213 0.000780479286801392 0.000708287361502886 0.000620676423743678 0.000689887310023564 0.00102691431798865 0.00151247389809811 0.00136048532267645 0.00174086967698178 0.00249684234825373 0.00289878843956517 0.00265234101068298 0.00286522329955093 0.00297013209947628 0.00198950068944524 0.00159652329455835 0.00183057994308252 0.00198327470716834 0.00200960773093316 0.00207694792939388 0.00208551641587213 0.00227008022860991 0.00263315835549382 0.00256762297394541 0.00218342335427202 0.00192904491611053 0.00142472725378607 0.000558790320733014 0.000636324316700954 0.000719378839240703 0.000640431880584687 0.000507591326785233 0.000486073624707238 0.000346034550957361 0.000297438995858403 0.000487935056756048 0.000484518992108788 0.000482637821932383
