Partial ROC data/Daboia russellii.asc
NCOLS 267 
NROWS 470 
XLLCORNER 376490.070567719 
YLLCORNER 380111.488324056 
CELLSIZE 919 
NODATA_value -9999 
[rows 280 to 299 of 470, columns 90 to 134 of 267]
0.004643101307381 0.00602662132367636 0.00605390360940336 0.00585851528381197 0.00493378783436911 0.00455604497803562 0.00382343017739037 0.00324899148842954 0.00317411157428486 0.00266010465844053 0.00264858082655613 0.00254628103758554 0.00580284264393391 0.00643609764390647 0.00323301178777098 0.00225561774460675 0.00243896256788845 0.00359655058709966 0.00424921640098549 0.00131878134639666 0.00069581511574855 0.000865590158260519 0.00175638438738755 0.00266203967542577 0.00252421923991969 0.00435942193465899 0.00711309495519216 0.0070466780103478 0.00428213751879446 0.00382297219647029 0.00424728343614525 0.00530803036016301 0.00459222590018282 0.00217854537684645 0.00112128239350597 0.000721810888350955 0.000629574907461706 0.000540385019952709 0.000327314383991913 0.000217523354739666 0.00018871695991626 0.000171924034961642 0.000127361402675231 0.000386067679778954 0.000417421815364288
0.00626266081557299 0.00644934678873338 0.00583339717340734 0.00504973558109595 0.00407111765930483 0.00338270827179446 0.0038271320952701 0.0042668704879229 0.00395135316057804 0.00319819878730487 0.00252881645428325 0.00396782506460712 0.00687491305279551 0.00719589498945002 0.00487094589820868 0.00377412777728457 0.00289189051136521 0.00327717166723356 0.00370889710633573 0.00196492215130881 0.000745337598730804 0.000862745512798924 0.00213176669289893 0.00308746692818168 0.00198611820480106 0.00468083946791567 0.0135795082370482 0.0136246620722315 0.0055533921221089 0.00471133758118254 0.00481207385885898 0.00546371016759984 0.00497260918697725 0.0030843119503968 0.00115307848026499 0.000700703232316083 0.000560643737227589 0.00047669667344652 0.000381865857197724 0.000289156780041317 0.000169638709864326 0.000145862998018928 0.000116672162787479 0.000389005161005068 0.000417090142323993
0.00970949804147593 0.0066558338582255 0.00553864057697682 0.00387427911352896 0.00379913633920262 0.00410589814570313 0.00453396555144467 0.00454229837399521 0.00416855943659186 0.00317572606344014 0.00297789255169454 0.00479279279410991 0.00619171609578681 0.00538333236605359 0.00420220497896796 0.0037456932156395 0.00313112987128612 0.00274151524513808 0.00276159272327797 0.00237585777261787 0.00196571216567473 0.00167400632108649 0.00232013192468393 0.0030450969274385 0.00500750879143774 0.00826405659818712 0.0186048136508813 0.0125368970042301 0.00604698737711076 0.00433362954700852 0.00219450510078192 0.00226280995168995 0.00273376477865543 0.00164423175357027 0.00262385974595724 0.00229770153211485 0.00155606777492836 0.00167011157519732 0.00130775185632538 0.000238940507986464 0.000122938074427504 0.000104045231775017 0.000124547700632496 0.000404767473185328 0.000423153575343478
0.00830956294538667 0.00602626624292916 0.00497165321941629 0.00395347246012384 0.00467859974690044 0.00554305237913762 0.00532014896919667 0.00516801426885694 0.00473541912535286 0.00318119608782585 0.00251123447330143 0.00284834554733402 0.00420149937848326 0.0043411936177469 0.00380044853106301 0.003773167389665 0.0034906135933024 0.00292197612898765 0.00275515681942617 0.00293415725772209 0.00140833976472463 0.00245744846746525 0.00279246948953411 0.00389187650944061 0.00822094126197788 0.027017226112595 0.0312841584054622 0.0148993230149344 0.00734810890507821 0.00563302987122368 0.00216694257468742 0.00201726707526795 0.00205780993285576 0.00126443922667714 0.00143143420755613 0.0027431936997199 0.00171536652624296 0.00164306145837152 0.00169837734362037 0.000343972777115122 0.000122558893594962 0.00010297612850746 0.000121557801219199 0.000408885756375393 0.000458133950804163
0.00656235017142327 0.00711216077605905 0.00560488034217924 0.00415919527894112 0.00497534661665845 0.0062420761067356 0.00580807584947592 0.0061056525792436 0.00585367579378196 0.00402124589735728 0.00290473518268304 0.00224908447755898 0.00315285626306832 0.00387656257106638 0.00350001344623456 0.00346500390355189 0.00385609336316984 0.00352469531403546 0.00279637049629062 0.0033486319155932 0.00372022046879583 0.00199783611130008 0.00309231050110772 0.00551626893645735 0.00986904108820503 0.0188391145995809 0.0188055237951446 0.00977991074456681 0.00697662227676761 0.00398256956930062 0.00195430620210242 0.00215934393955624 0.00408417664259491 0.00375463694530774 0.00157970306183043 0.00142434625041191 0.000966860273548958 0.000791137499437218 0.00168819580104572 0.00163852909096942 0.000423185209692386 0.000137818942959719 0.000116947038023724 0.000409176774648701 0.000450322753035051
0.00487067900259736 0.00545195779741211 0.00559460352617027 0.00463003380069425 0.00460529356929213 0.00674907956988503 0.00712924251837792 0.00509201186812957 0.00502877785884384 0.00422645925295902 0.00289382747858738 0.00224719039534355 0.00298476557183944 0.00362329165409548 0.00284595621984223 0.0026377602066198 0.00282463360843387 0.00309458685401475 0.00354669160560395 0.00457907006405043 0.00481480030211261 0.00484430801816395 0.00317533601742784 0.0065829024986592 0.0108399538492009 0.0191452760830377 0.0208751013388371 0.0115467752542245 0.00721038621669888 0.00693688739425738 0.00430648840585529 0.00170559466843991 0.00177513954520212 0.00178305565445127 0.00158057762822657 0.00127476629835745 0.00198302316129641 0.00198388873799756 0.00187120925940524 0.00200452480028263 0.000795761604031339 0.00103031170239855 0.000451511334556388 0.000438391014323897 0.000431865242401311
0.00345188778821713 0.00393094661066916 0.00471996846325792 0.00505872487220507 0.0066362266971376 0.00864782864364166 0.00697195942245751 0.00428029071862976 0.00454153523479301 0.00478172832857759 0.00442318239114347 0.00364325813707864 0.00339338706788952 0.00358445984986724 0.00360194233275341 0.00355735812824866 0.00328070824942683 0.00372997972924992 0.00423095106571167 0.00460486236556199 0.0039479255603074 0.00441397361598958 0.003822973700907 0.00559310345709939 0.00844475302122319 0.0161159821846317 0.0188370779526778 0.0111033869082814 0.00737704878430575 0.00687732415908085 0.00563441841395371 0.00169973274631342 0.00312603348661121 0.00340729227002491 0.00156783632474082 0.00279947187259346 0.00221575970951967 0.00211678585481212 0.00207454945343119 0.00198159127123977 0.00156393214901984 0.00171866053158535 0.00068134926758985 0.000543420922125803 0.000419491884902874
0.00362595617950424 0.00312757652657373 0.00297674361229741 0.00576359585862867 0.00926765757317913 0.00939992177411686 0.00648665262796917 0.00425527773610282 0.00376119939824756 0.00389345049953128 0.003228037733124 0.00253589571454833 0.00245735856920862 0.0031500736857531 0.00338953393408018 0.00316071581947979 0.00330560289053057 0.00380019884390021 0.0050928326041869 0.00675880266370322 0.00573305255063956 0.00415891503945639 0.00352398254174185 0.00566318093443928 0.00955746788142912 0.013964917100218 0.0165179909224413 0.0125167343511825 0.00871666412848506 0.00573361898565393 0.00252536166539492 0.00169537286811332 0.00140565893114164 0.00135251377611906 0.0025130005599333 0.00260762463515018 0.00223984105984253 0.00205796895190264 0.00205397205440656 0.00193366205656677 0.0017300762246935 0.00185362325008634 0.0020178899982391 0.00156602414454787 0.000919024727014901
0.00344175813318785 0.00357039708898942 0.00317076258871893 0.00475703265484378 0.00810893501498305 0.00934810048703697 0.00688215235713267 0.00580330804366145 0.006346380219826 0.0044834692241496 0.00315385296650276 0.00260862827261537 0.00202650260321729 0.0022130665183964 0.00299976985048127 0.00321820261054988 0.00305804490676173 0.0033862266142876 0.00462183794952296 0.00653058495498374 0.00684876652678613 0.00598068130215491 0.00448129698548584 0.00318528298030718 0.00487945532854238 0.0124138615336864 0.0172905357763375 0.0128757452631019 0.00941986508136478 0.00530491763342206 0.00331328156315587 0.00161464294157199 0.0025013267974812 0.00245823264758448 0.00239527697024986 0.00239876521817544 0.00224728260944933 0.00199391051097961 0.00204138178653917 0.00196294048685809 0.00168279251847117 0.00182946284662175 0.00205184729953745 0.00176902453040614 0.00152085890617379
0.00262287150332666 0.00299334225388787 0.00345351300520274 0.00472781606400537 0.00578512047970291 0.00580992977359355 0.00591538023165134 0.00911637215668228 0.0109934978702442 0.00788442288665813 0.00394930988286601 0.00249492181883696 0.00236025848240633 0.00231961700834851 0.00252761996516741 0.00343094273814161 0.00312831605104649 0.00410892991948696 0.00594268071634902 0.00957290270607741 0.00699248174309373 0.00695714163304442 0.00567510315935967 0.00433894980189078 0.00415122066981111 0.00836943011796257 0.0127731555744894 0.0158620993469093 0.0181578047690822 0.00999452026884563 0.00543188859835777 0.00465634280122617 0.00158287439662304 0.00246418016680336 0.00227791358139943 0.00238438923003955 0.00223335765031734 0.00271034028685926 0.00276091483419255 0.00212435396095168 0.00173973139317383 0.0019008730467863 0.00198626638301392 0.00186742650305969 0.00167240571682269
0.00246368193141304 0.00294999294073086 0.00328314622179016 0.0030846960934834 0.00298905406636028 0.00361208146438503 0.00616883830426004 0.0109760395468191 0.0112265452520896 0.0066421750105357 0.00358572983153067 0.00248182680541326 0.00288823990244748 0.0027281070166043 0.00255102356454742 0.00246431833508582 0.00342381304120675 0.00419352056587125 0.00707406899396716 0.00998879608706401 0.00838442472821124 0.00629679474411607 0.00553395256396625 0.00777200843445881 0.00911884393965617 0.00670343050901999 0.00535859978057912 0.00968030830147086 0.0158661317259725 0.0114364352231678 0.00483836316175623 0.00513423021570428 0.00216633233384661 0.00291173726739244 0.00239623460255366 0.00261832762562519 0.00130127297247471 0.00198575420914926 0.00429209427391664 0.00277102183296209 0.00172785495840607 0.00195420608471791 0.00208422063179773 0.000997092740521417 0.000748218399307297
0.00301978907321836 0.00282803370208885 0.00300723972359781 0.00268537792350025 0.00252285892075048 0.00310661635354126 0.00412049878503137 0.00531509336015411 0.00473247688064476 0.0033277836584674 0.00385560432003201 0.00399241185565812 0.00339605088256842 0.00317128220198127 0.00283076721593957 0.00227871433265425 0.00337822025490424 0.00397114225350162 0.0045608107010596 0.00595725793481481 0.0064364787178601 0.00513599496520659 0.0055182902465235 0.00892956496206803 0.0117922172476061 0.00958438508321342 0.00692362091610531 0.0067288185751294 0.00479466081589547 0.00628212370616061 0.00647951072378467 0.00286301992397148 0.00210800491507266 0.00314709292799743 0.00254754194357117 0.00253481233404179 0.00286762326296064 0.00149711772156199 0.0040129873224556 0.0032266882838162 0.00190125634480147 0.00181990690101165 0.00177578910037075 0.00179465804686149 0.00163492693500967
0.00225442057185294 0.00249090917490076 0.00239198177684688 0.00245190668988182 0.00273913867035161 0.00276645990159288 0.00366748159447465 0.0044893357783644 0.00416562105215061 0.00426186697428321 0.00345181775111916 0.00334049179615723 0.00378138027934604 0.00321610124665639 0.00220525898006385 0.00196939726167558 0.00379031353812694 0.00612230589444875 0.00624575022072971 0.00474971408674309 0.00500590186388601 0.0051352528163513 0.00502609886473824 0.00608150213114105 0.00870227613753433 0.00711041993536039 0.00476408819617759 0.00332030908169026 0.00212675189304862 0.00321719750425286 0.00474646085869726 0.00258636144621848 0.00348861771624028 0.00296808680724601 0.0025859698871505 0.00134603728759799 0.00107410733910844 0.00235654706820476 0.00332523586246934 0.00314926177059336 0.00235947526119978 0.0018700819736194 0.00189975081552864 0.00206459837026757 0.00218202353304663
0.00277597522529142 0.00217418606267119 0.00210139957674929 0.0021933081474194 0.00225744530511473 0.00222641053515293 0.00259719757725303 0.00293138921439578 0.00323294516710495 0.00437610603924972 0.003944641146378 0.00304889806794658 0.00449359379417459 0.00464484617970439 0.00265065962368341 0.00306634230291806 0.00554250339087017 0.00703975336839865 0.00714825752971638 0.00636959453211141 0.00495273549083834 0.00528191706376905 0.00648764576657435 0.00623755450192339 0.00894063780239228 0.00616403769291531 0.00513670638761504 0.00370197426210154 0.00269593069692838 0.00223994341578568 0.00230366880709052 0.00231870861501257 0.00315910805010509 0.00312046063546899 0.00138364635395942 0.00119070284527079 0.00240222921765934 0.00227630289603502 0.00253295716259709 0.00299173688963695 0.00272953117346555 0.00243466348781275 0.00231339471497867 0.00205417538975815 0.00189258728978792
0.00324506275932428 0.00297455132891525 0.00171226213128733 0.00178735561248917 0.00178237030506876 0.0023558844377054 0.0028558629418327 0.00287124803576349 0.00440947862999793 0.00522272058517304 0.0044384260654045 0.00410515577208776 0.00616147837864987 0.00765872664134428 0.00573914344030338 0.0050618005381152 0.00630995030621742 0.00662410639126048 0.00679802208479327 0.00731925362617334 0.00797298188252931 0.0076865097390106 0.0084534683052103 0.00891074364787779 0.0122406516079958 0.0191681637742498 0.0192989719070859 0.00596836471485312 0.00275116523404256 0.00285638370880048 0.00356749579136867 0.00288162772602104 0.00151566345848876 0.00150623167414501 0.00187079381859474 0.00297798072123419 0.00267095639344683 0.00223403479842456 0.00222562268818535 0.00243100809547005 0.00252116615153036 0.00221757252701945 0.00178675941890202 0.00163531806976631 0.00166958233229872
0.00355232658836315 0.00269426569038017 0.00164328260635257 0.00179319921021888 0.00182432732476876 0.00233806359002589 0.00265854269189198 0.00285628339690305 0.0044559583322521 0.00534280909046469 0.00483833234735707 0.00449358129459578 0.00801669990583397 0.0107197826200046 0.00777098247603229 0.00637054927071973 0.00760753743452748 0.00770695165799568 0.00648306140873243 0.00661939199176584 0.00760554070720939 0.00733951272051514 0.00861429731437688 0.0159539152820408 0.0243391851267757 0.0283890818933464 0.0272995874915237 0.0126141456496755 0.00387946295820236 0.00309210550063067 0.00296373824261038 0.00308637381621648 0.00255403508373346 0.00183357904334772 0.0027998240175179 0.00255864502655728 0.00330456345291738 0.0042618666869543 0.00327087301423834 0.00241052432529021 0.00243252305352468 0.00200009513425734 0.00168865466972465 0.00199549907517516 0.00218041897837735
0.00444345872268534 0.00293398853251641 0.00156125316118476 0.00150892505880918 0.00192746950292775 0.00243979320680939 0.00270477364965278 0.00305338256832416 0.00422216059639883 0.00508846981673382 0.00529172008544655 0.00533245546171151 0.00658106146637713 0.00744012715266628 0.00608831529767051 0.00556998208958288 0.00508154889066664 0.00629547811995 0.00626278058249396 0.0073785482207364 0.0077764639634498 0.00698910371377586 0.00869809756292274 0.0165428715480549 0.0288191630507863 0.0299863660899343 0.0175985152054824 0.00871422237154465 0.00646483182237354 0.00354420660219353 0.0034634468466211 0.00497075621716738 0.00669511187403677 0.00690121274805167 0.00395613260835403 0.00316956605839678 0.00453771014772879 0.00591461759705626 0.00488220652258974 0.00312404560523756 0.002389570576381 0.0024082929178617 0.00270452071719048 0.00138828323799199 0.00141822998730909
0.00342326079327988 0.00271603254503123 0.00249306596619713 0.00207220126784173 0.0019793762002458 0.0021492182103539 0.00248720399885321 0.00294841482420684 0.00338268280649185 0.00328612124711666 0.0032444654949954 0.00363113980688268 0.00400336362154077 0.00495097338299478 0.00490068802878221 0.00444793674675071 0.00541036225152391 0.00680212263275973 0.00711742911306361 0.00713474031416773 0.00707209759280455 0.00696729935405929 0.00800160346579138 0.0114142746763877 0.0167237780940896 0.0166470126497911 0.0108256941451412 0.00780416610670874 0.00737431261534484 0.00674939406480287 0.00684317891835882 0.00857657691107727 0.00767668618557223 0.00748558967058139 0.00594904704409339 0.00372310427410548 0.00507792589517365 0.00476100890452919 0.00330186627272375 0.00284849797703058 0.00260253112234288 0.00339816063125462 0.00445269915312841 0.0018513804662932 0.00187635561816591
0.00326180620921104 0.00305211318504786 0.00249943400671366 0.00193878876437125 0.00184134195297818 0.00202389324787046 0.00193353931123893 0.00198538473301946 0.00286369191258656 0.00300877969939472 0.00301815255877253 0.00333825646440686 0.00320427265557075 0.00400467837936861 0.00395251345521914 0.00338266544823841 0.00645313332236243 0.00948145435525535 0.00812069934972482 0.00683524252377951 0.00783085500802186 0.00884405965203999 0.00995854366031693 0.00956182324182213 0.00961905987225477 0.0128514137684911 0.0128457462439882 0.0100911925620804 0.011443978444471 0.0129353176217576 0.010827601336807 0.00994388599108477 0.00811574729040777 0.00924604461134718 0.00615837867764462 0.0048845007769692 0.00566629159380168 0.00372084736960344 0.00287261495382832 0.003366620782129 0.00317830463050076 0.00321692482540148 0.00430186506316243 0.00205533945653827 0.00194942885146929
0.00531001309839496 0.00419045140294281 0.00323207649873351 0.00197898787714887 0.0020871388060786 0.00269539620258439 0.00295454044239823 0.00361733823206918 0.00433790244686078 0.00305833571422712 0.00278561753193777 0.00289539002055423 0.00265227228008717 0.00318609617660064 0.00321148053604122 0.00276340249283876 0.00419910952269412 0.00846791090167086 0.0103053223095505 0.00837385125314533 0.00912800476781772 0.0098011965884311 0.0114791227168397 0.0117336985042935 0.0114138195425556 0.0152912208619292 0.019126679304395 0.0176268059287207 0.0145849727944796 0.0148821244489984 0.0166321757023494 0.0115690341418024 0.0112085331823791 0.0095818541175408 0.00796774501222828 0.00589331668477856 0.00523959312818203 0.00235226791785753 0.0021328083152727 0.00276590607514011 0.00268935949561369 0.0025044563587528 0.00226426492050236 0.00196969671509849 0.00185207813401251
