Partial ROC data/Daboia russellii.asc
NCOLS 267 
NROWS 470 
XLLCORNER 376490.070567719 
YLLCORNER 380111.488324056 
CELLSIZE 919 
NODATA_value -9999 
[rows 200 to 219 of 470, columns 90 to 134 of 267]
0.0035309154428818 0.00341105957481727 0.00223855523362342 0.00258220508918504 0.00273989863843417 0.0026447959102659 0.00234132221025806 0.00213979672184537 0.00110115107952886 0.0011057036694077 0.00108165022884675 0.00102812883334872 0.00111474222223586 0.00116801616319711 0.00105535123307984 0.00117350154742451 0.0013358270491392 0.00133064518845801 0.00145492659249233 0.00184305212214537 0.00188405455712458 0.00126534843408241 0.00112253612096196 0.00138246728397784 0.00149162752066545 0.00156082001162574 0.00153368966240909 0.00145851374591923 0.00152081605664368 0.0013291478214674 0.00132483510198284 0.00131899290697367 0.00171036509320852 0.00160803689113946 0.00124517241059461 0.00102914687363469 0.000999478291245482 0.000997704940837127 0.000993951259254536 0.000814122038102351 0.000934254742520748 0.000929637739049095 0.000895475992396397 0.000732982936515218 0.000538748136401446
0.00457624547049034 0.00417078274009336 0.00343825659077967 0.00367177321893979 0.00351884329851798 0.0033727123544608 0.00166839215685001 0.00106546560167164 0.000900653736136841 0.00107121107898904 0.00119961072234612 0.00101958012368281 0.00100196254126436 0.000972753852531548 0.000956089308257048 0.00111890354945428 0.00135498306852306 0.00151780063251527 0.00185205892242302 0.0020274707899394 0.00175141652823704 0.00125154532048136 0.00106194461012199 0.00107887598535872 0.00156847692613753 0.00213276095349223 0.001835988659821 0.00147876877235455 0.00140051686935391 0.00136832182551227 0.00127862820144801 0.0011115915235892 0.00105809400872554 0.000883890571916486 0.000786891135028414 0.000790284421790005 0.000777943337267719 0.000773461887466335 0.000812445162474335 0.000950350999971028 0.00147373567870938 0.00159601287247354 0.00139855705827549 0.000911252837112152 0.000530765003982453
0.00389356145623641 0.00387011840389016 0.00338332945632344 0.00369884920370263 0.0034309470827909 0.00289565799921388 0.00181290185364096 0.00119349949240917 0.00106060095045309 0.00179957716859691 0.00193408225165687 0.0013077068055654 0.00160601476935246 0.00164127850995805 0.00108342762761391 0.00155530782159784 0.00197861957553825 0.00188781762417108 0.00219285097093672 0.00206001368984451 0.00162102395210523 0.00123337798587691 0.00103976707686662 0.00109599060111921 0.00169552213966597 0.00219150095256406 0.00174723746091446 0.001420877958053 0.0012550495535814 0.00167179357526728 0.001565207686914 0.0010623527040147 0.00108337655066226 0.00100840879965044 0.000704222603108878 0.000687956194479448 0.000681147531470758 0.000675022739051323 0.00109260904228816 0.00152826143615773 0.00161205514168924 0.00125868980359094 0.00137888072520772 0.000922374638601164 0.000805769401437022
0.00306190925841444 0.00351156938446529 0.00381625488359524 0.00344986368509902 0.00296467906332271 0.00382174757165121 0.00391817949395255 0.00191980563133813 0.00164445651144942 0.00206821315758272 0.00169758415196537 0.000978273819370338 0.000970450556613133 0.00111787654492228 0.00121493103005615 0.00133939616261127 0.00162156922197259 0.00221092868589404 0.00288300216975224 0.00266726471005001 0.00182940132204377 0.00127347188428662 0.00111619736745789 0.00149129451577523 0.00215200047837956 0.00163369606530375 0.00141191133900545 0.00146792613066744 0.00185121071607966 0.00178435810636598 0.00140238532453065 0.000978948935234371 0.000983272996718777 0.00102192351380559 0.000703836562994084 0.000928811686207293 0.000959692283569714 0.000676493580304574 0.000863287592180753 0.00119112277466448 0.00156511039549326 0.00160740977885075 0.00131497119165524 0.000818496391490065 0.000796633291173746
0.00315839207015588 0.00323037769123637 0.0030009618352985 0.00294842337532449 0.00244769437825412 0.00346584063385564 0.00387299883102234 0.00221457222719962 0.00207433556028415 0.00217046764806184 0.00291843453229965 0.00262850576911869 0.00165824677251229 0.00118086047497028 0.00122511335220281 0.00114916634490206 0.00117309490781826 0.00225346376314286 0.0044142608515204 0.00409099854791793 0.0018959505885164 0.00130801836247902 0.00125528938126151 0.00138574971169577 0.00182288616988434 0.0020087232003446 0.00210691840221821 0.00202288574252666 0.00167182473100102 0.0013318915834613 0.000794363025292151 0.000634769065046962 0.000812063990535995 0.000765612003863081 0.000699267818027766 0.00072654599454508 0.000738703118793548 0.000736895444633022 0.000896150828228037 0.00144318798265629 0.00161547046083899 0.00152754232531031 0.00128088545529936 0.000813865687248145 0.000790771415403963
0.00296619872039652 0.00285867555013416 0.00339354575475546 0.00298968776772181 0.00259862642645097 0.00357894812004097 0.00401027007599718 0.00333229191885977 0.00243094441141792 0.00195815245543395 0.00306678282033891 0.00303113817198461 0.00212505969822077 0.00129901525370722 0.00107838742086328 0.0010652526613582 0.00117965910943214 0.00158439946478248 0.0038743550352489 0.00449073906778551 0.00241411296439903 0.00147256347503917 0.00140657046166632 0.00126668103284683 0.00138810924670147 0.00173664114941418 0.00200639365084354 0.00197508666245354 0.00187707015276689 0.00125676649500487 0.000695168410531653 0.000614750213715495 0.000621451880696444 0.000710480980252012 0.000698505233104148 0.000748951980840089 0.000881854522496461 0.000963627613523604 0.00100061314297061 0.00145037765054673 0.00150570953292633 0.0014735831270078 0.00129541072359272 0.000984662134460434 0.000895587280867815
0.00320562940921194 0.00298367242326791 0.00300586795753794 0.00315810999439478 0.00289590810110376 0.00341702964499473 0.00278483962695391 0.00188678504377853 0.00195048026905896 0.00275377185439013 0.00335668970482039 0.00306160613785285 0.00248199211446161 0.00211684387586252 0.00223339646697688 0.00167243491737292 0.00167553217102069 0.00193148599167766 0.0031410303462536 0.00439286082768121 0.00346941833725075 0.00155436453326687 0.00145023934933483 0.00124901569252073 0.00122494643131006 0.00140966714597309 0.0017319104085092 0.00231895761603685 0.00208289380179623 0.000963748733879495 0.000752194139726676 0.000741311465773003 0.000720788062913037 0.000724438458462552 0.000789535622473912 0.000935529889070983 0.00100549708120357 0.00101520210365987 0.00101398756266192 0.00142372414365693 0.00150014496728464 0.00111757130939871 0.000929878054327599 0.000797061482589498 0.000838258427109237
0.00341733558281127 0.00343117729146508 0.0033646442915046 0.00279704560809434 0.00228220981859178 0.00255051422691746 0.00236645939107113 0.0022092064861661 0.00280192921343854 0.00442071585391619 0.00502211661408855 0.00331263012723565 0.00336868922431255 0.00379183592796014 0.00277316878726029 0.00248717643415186 0.00203140376990464 0.00169316299738172 0.00204527408082423 0.00302996286119528 0.00364100638497704 0.00207442090644158 0.00139285697262842 0.00122380581874673 0.00131549861055816 0.00159177375342622 0.00199271479909261 0.0021848273042971 0.00134755091207281 0.000780887686004234 0.000704021886492672 0.00077339716845068 0.00083559953062606 0.000802559455569627 0.000815430995573839 0.000859195596436092 0.000895725108748844 0.00131624321107244 0.00150555830188687 0.0011360897056659 0.00114693924248994 0.00102611724216192 0.000886387650091515 0.000757473899413471 0.000755520909006351
0.00354439116616877 0.00336855331382926 0.00305065934583888 0.00273585921112276 0.00252382695508558 0.00217912142596887 0.00202814318497452 0.00278014957606683 0.00349962377860469 0.00351422523529952 0.00276833174624412 0.00218613779207149 0.00237275996573302 0.00323420769416591 0.00449984260183514 0.00475049229497124 0.00404313716782667 0.00280583922199368 0.00187884770603021 0.00220845502234779 0.00258112181294984 0.00234580268006687 0.00219148768588528 0.00211297768092945 0.00198614602865333 0.00211945294705831 0.00232843446212054 0.00333793773580962 0.00222588080352959 0.0014805788417409 0.00157413977118709 0.00146335538427864 0.000938894497014935 0.000817573479473875 0.000814189417644638 0.00109436669700343 0.00120742301144059 0.0011142280882865 0.00132651539776685 0.00122890485107208 0.00122084951001391 0.00114361968121398 0.000925048236379063 0.000758153272932989 0.00075671139275783
0.00343962434039716 0.00312792286473486 0.00280910938242116 0.00267373724299903 0.00266899196997149 0.00282590192213939 0.00277236119186237 0.00240911836525696 0.00271295803141066 0.00356465709199561 0.00298985353188444 0.00234804936454132 0.00272567027542214 0.003447097664301 0.00395725971530128 0.00508453051736818 0.00464414960179021 0.00399116906623061 0.00198077545502147 0.00189793931896948 0.00224768651329229 0.00264598349036787 0.00245681799246144 0.00214034044552687 0.00191151105424341 0.00214828767435478 0.00275006501137349 0.00301623939022272 0.00209776008106456 0.00123671287287377 0.0012924920210306 0.00143546433854256 0.00123159782870128 0.000891156013784091 0.000955907360182745 0.00104340476475252 0.00114480458079511 0.00113495153085187 0.00121936680806746 0.00126805292546958 0.00128148851397149 0.00121620883400329 0.000968570277644365 0.000756761038731538 0.000750431659680065
0.00321680299809604 0.00325845918463526 0.00345880046733198 0.00364694211076503 0.00350212019988034 0.00263375512186652 0.00173607781117645 0.00176714247027632 0.00245507988175185 0.00464150465604903 0.00548609701230294 0.00420603881132911 0.00367664942894508 0.0045737456059564 0.00352928382289163 0.0035711382338676 0.00408870235641885 0.00349172390169969 0.0028222112181936 0.00240097729752814 0.00266631375129916 0.00306679231096639 0.00187172697791505 0.00178937117809471 0.00236963398496815 0.00266661572169611 0.00229741040155317 0.00239756547974994 0.00185071601657555 0.00115732875066329 0.00111543927204382 0.0010351972567534 0.000986497199844825 0.00107505363151634 0.00112972189655724 0.00112424798542528 0.00113219523667841 0.00114226217798368 0.00120777039432403 0.00131122779081241 0.00133997511177789 0.00125303977325261 0.000983973455767861 0.000753418256574522 0.000748667061880302
0.00330024801956447 0.00328683890585198 0.0030942766718061 0.00279649926200961 0.0029541849434995 0.00273160281456758 0.00224395115619815 0.00173302774085819 0.00227664356357397 0.00408418572650715 0.00479828195871492 0.00407582199919071 0.00320824831676892 0.00395958757874002 0.00420012559055226 0.00329392544876375 0.00374289806363088 0.00431393013020515 0.00310520387425726 0.00240713568793389 0.00194734929914186 0.00275973747711105 0.00266131167104492 0.00159764835252683 0.00162383834725158 0.00170709077436026 0.00165484933903831 0.00159751342437942 0.00136186404354352 0.00115812458286885 0.00152942009832082 0.00151939734005738 0.0014459768106941 0.00149758143904304 0.00158177989765406 0.00114656104811582 0.00110852715110667 0.00109143146047151 0.00114019170231533 0.00126991996758178 0.0013400273600535 0.00129030767911603 0.00109699109440558 0.000962596503270594 0.000933487957323297
0.00297408134461473 0.00345224551685138 0.00340866444162308 0.00330515256301271 0.00302787560451371 0.00326520390420664 0.00322745912472229 0.0024697731504041 0.00285870168377518 0.00330930176765132 0.00328245935110668 0.00299792512680204 0.00234898103309951 0.00298399325279867 0.00318345653964896 0.00402769433236456 0.00462420270134571 0.00407676890957495 0.00327994112674049 0.0019626463425989 0.00240356528271756 0.00370259285295875 0.00457605872146728 0.00240404565586903 0.00223991655735328 0.00201788015840443 0.00132510367165236 0.00182588375816115 0.00196142275831476 0.00131381192200765 0.00133727106596458 0.00143653123892763 0.0013537255460946 0.00173918342784198 0.00177798976240055 0.0011872834837433 0.00110707500345433 0.00106857895253629 0.00106015744177516 0.00119836123400682 0.00147542412678769 0.00191065015242485 0.00244888115215202 0.00219457126723514 0.00139099378981595
0.00318906173400079 0.00348682970305352 0.00347526885993378 0.00336841916375302 0.00416267634476243 0.00539182301186867 0.00365648616079596 0.00270871528446524 0.00306381637874444 0.00305054286645862 0.00274400760671374 0.00292552619882017 0.00253846495145685 0.00275032138060283 0.00390804825507191 0.0034575256210918 0.00282700567601967 0.00286116956600817 0.00262325188159019 0.00228336025505329 0.00315081211260903 0.00519254475276495 0.00524601148921367 0.00524099461796346 0.00377297024670069 0.00154832444484876 0.00138116648789026 0.00138011206477568 0.00122969149973705 0.00102909281991539 0.00120386519827162 0.00129600201854806 0.0013035090390572 0.00136925772484969 0.00177500239373221 0.00169007573948109 0.000974045421124465 0.00134171956307818 0.00142218294776353 0.00121560827155536 0.00216987972639621 0.00267242493430917 0.00363537412289171 0.00293392198253416 0.001345813949896
0.0027185975234994 0.00311063460891182 0.00302068230113156 0.00311525032756705 0.00467003449491415 0.00530198449740456 0.00372335838778221 0.00314126236209076 0.00370449368348972 0.0031395607576528 0.00254017708790754 0.00259714360913887 0.0026201130507448 0.00293825409086554 0.00322830449594145 0.00307979884386909 0.00239066453332473 0.0013989004397952 0.00152084011552248 0.00239526552324781 0.00311539074896871 0.00365855586891525 0.0050328211074921 0.00589609728444884 0.00523126259751213 0.00286603679451585 0.00204097427887313 0.00132843041881651 0.00112353845488317 0.00109917272370613 0.00116258001787703 0.00126670365946145 0.00129693838080947 0.00172187408881401 0.00175985950641892 0.00166853261626356 0.00142972201914098 0.00151883470966387 0.00150509946436961 0.00187498962786629 0.00221039370632764 0.00275412930979431 0.0028976799499667 0.00153274132524744 0.000659643507244197
0.00221935855562051 0.00218833603353928 0.00269324284698237 0.0031734934758203 0.00502668043539455 0.00538772438022783 0.0039231736965597 0.00488598199797096 0.00526351737192454 0.00388255666004618 0.00338195787556722 0.00293826652804177 0.00288458043304296 0.00300362791768774 0.00287904833173879 0.002797421011126 0.00262791842653328 0.0025244298044738 0.00233768164273168 0.00273025646567351 0.00333204860210285 0.00333171403860874 0.00698931730609574 0.00825513376644016 0.00412314070021593 0.0029360513186728 0.0020889892546916 0.00116937472645034 0.00112925571535656 0.00116257798742781 0.00120567999000447 0.00110291287726615 0.00099273465600569 0.00102140922516047 0.00124032116696943 0.00126539437393647 0.00100054764944795 0.0010447403071917 0.00110154489364509 0.00232179564541553 0.00412655773186501 0.003411698013669 0.00222610722691381 0.000825381314817827 0.000658948850876038
0.00159185189362651 0.00216761119758212 0.00252241293203127 0.00226209839426228 0.00390785543746592 0.00386942707605825 0.00432802496419457 0.00494783111977938 0.0060847268117443 0.00428894672657104 0.00324310790758267 0.00336065051354992 0.0034728099087559 0.00262566456989364 0.00319716208739627 0.00493738889604291 0.00413655111395761 0.00326761303900267 0.00201714323511388 0.00241379250177049 0.00283499660419626 0.00307466709859637 0.00453779712666733 0.00568986923189028 0.0043146045658332 0.00315613170641365 0.00236233133032475 0.00160511660839628 0.00153155862850112 0.00112326522752273 0.0015465364847127 0.00151056086260418 0.000832337924640683 0.000797064906396427 0.000740175846593508 0.00101947249846921 0.00106445692317642 0.000624235272224066 0.000860288268357604 0.00240570633629978 0.00491574262475533 0.00554656752093214 0.00196732378387154 0.00106561889240415 0.000746889554327264
0.00183847748068365 0.00204002277152011 0.00221729837682316 0.0024143318594788 0.00288674961150129 0.00280149989577297 0.00321527699791445 0.00444841040326986 0.00479288063834373 0.00428001399107261 0.00246524144457116 0.00311251056706245 0.00351543548642996 0.00424753487691512 0.0059101822883002 0.00728940192733005 0.00404619601307737 0.00194565128401449 0.00189886534951626 0.00238639388117989 0.00260658660547813 0.00277498712768835 0.00320565705145929 0.00386558580778164 0.00431941733515265 0.00293702925335015 0.00216223266639104 0.00183089795900174 0.0014181068845491 0.00126679933429177 0.00129140519028334 0.00111704415598151 0.00104647831904008 0.0011074409292989 0.000708111525687795 0.000996275097620199 0.00106415884509802 0.000680754297906755 0.00151286602606261 0.00203239103744897 0.00271625921486561 0.00193711614200952 0.000859794614984997 0.000729346241180775 0.000569848327848469
0.0021784814791398 0.00196846075863042 0.00205292022573817 0.00205290619499864 0.0017026705305665 0.00207768685411244 0.002131412994533 0.00180895979707484 0.001907829495068 0.00202752683282242 0.00203945822576012 0.00227869490856861 0.00258267685289781 0.00311383913107952 0.00415332002902401 0.00477123033989487 0.003244647570078 0.0016126665198712 0.00202960086501426 0.00245086446301904 0.00237901937771816 0.00279582024182569 0.00328967569338379 0.00314303858312985 0.00265143591145102 0.00181024529884358 0.00169764284939383 0.00172509571669766 0.00105967908599865 0.00111686040202874 0.00127529585944922 0.00123145862395624 0.00109586260823081 0.000968240540934918 0.000896259242363033 0.000967607379404374 0.0008803226263713 0.00080856990414669 0.00167614382754343 0.00185223962497558 0.0017995809608157 0.00104337881044131 0.000816707556355364 0.000561404696991539 0.000746521842800238
0.00236487317372424 0.00193220962315533 0.00212005032995713 0.00143908131405604 0.00144159988978493 0.00198371286424226 0.00243886236486842 0.00251674702488817 0.00237125781364525 0.003148235046843 0.00351801614784886 0.00225568915989954 0.00305160723831877 0.0036026803673147 0.00307838137349445 0.00297327900228778 0.00278451304206751 0.00159487965703229 0.00151906879597743 0.0016605208151418 0.0021831276431836 0.00254497136127172 0.00250639858201767 0.00234372428677727 0.00214178578780605 0.00136937899035872 0.00143205492778587 0.00141289510776794 0.00114333272977873 0.00115933536444763 0.000975340481452521 0.00161258950060968 0.00183608068781473 0.0018328340199627 0.00173495921483311 0.0014831541117471 0.00140670876904665 0.00166877429589448 0.00188782539024033 0.00198288138434589 0.00131360676328673 0.000963870081236808 0.000792467279637396 0.000497452918513775 0.000451367887500718
