Partial ROC data/Daboia russellii.asc
NCOLS 267 
NROWS 470 
XLLCORNER 376490.070567719 
YLLCORNER 380111.488324056 
CELLSIZE 919 
NODATA_value -9999 
[rows 220 to 239 of 470, columns 45 to 89 of 267]
0.00151016518755273 0.00142220481161066 0.00151329971479957 0.000934366736520034 0.00162160378853488 0.00193802830759514 0.00210809748283952 0.00128971419765143 0.0019552985754286 0.00323693743171327 0.00293397386892351 0.00286195776084572 0.00243342874508766 0.00183690346470854 0.00238565216894328 0.003297457266149 0.00352330315986475 0.00342241675800654 0.00325438094595086 0.00247298561374083 0.00254116395752393 0.00231140873660005 0.0021244558752564 0.00268657969122068 0.00346997307807112 0.00356209215104879 0.00412745307699533 0.00621741658914237 0.0086090559676112 0.00730911507769493 0.00307411457743929 0.00178237564648372 0.00287211804001062 0.00289982853948341 0.00163025162600192 0.0015171177479634 0.00171083277886057 0.00253802238475249 0.00239556132114131 0.00119905856716989 0.00156222963911541 0.00217923942805841 0.00204553841558057 0.00161612581954657 0.00204989107560995
0.00155986039077661 0.00235974470418595 0.00169141930457772 0.00120292070665511 0.00166036404679219 0.0031376542667223 0.00314349274393246 0.00167018426813346 0.00147992600382413 0.00158055789122903 0.00207030504730265 0.0024999534181868 0.00279012573929519 0.00238202895210967 0.00257234432497816 0.00313036683754168 0.00325020938288957 0.00273448596099408 0.00246685528921424 0.00224887658738027 0.00149241449026647 0.00164538774768916 0.00233031325146951 0.00318562410054454 0.00346398662854885 0.00349708191871874 0.00335663943594946 0.00441173495194845 0.00548648567673895 0.00475223452487213 0.00381483359622798 0.00241162497458956 0.0017819817108877 0.00163534715517819 0.00141077737866617 0.00140892279104705 0.00146076595943217 0.00182353427921386 0.00179139902942524 0.00120219505803665 0.00119628948988252 0.00135580234196328 0.00146226911589351 0.00155234976722514 0.00128931308306064
0.00253956926483468 0.00350058185708166 0.00418413651564384 0.00239328210575522 0.00222408111251581 0.00355201715032638 0.00330149065622345 0.00295924586849181 0.00264288258678638 0.0015549184629061 0.00173396754905747 0.0023462334224708 0.00322919818803851 0.00274127562372277 0.00268294743919689 0.00283258803442099 0.00301541597175566 0.00163533354046541 0.00195026050959552 0.00195524648036696 0.00190230741174845 0.00198231644191755 0.00215819431155431 0.00317710797611534 0.00317799011960053 0.00359223970241595 0.00335653420448096 0.00417747923833756 0.00358379821432388 0.00357939476655262 0.0030984399849438 0.00242322012809269 0.00241435099255468 0.00173198619619236 0.00135934265229274 0.00139485029696187 0.00148898165233165 0.00154854841105664 0.00181946468201833 0.00178786389507915 0.00125555427475073 0.00102286522759395 0.00120976614410815 0.00125895708558227 0.00112512147168651
0.00207565378354945 0.00257629145427245 0.00320733108921073 0.00320960868259842 0.00365428358496562 0.00394600400826685 0.00438881229541468 0.00293892571743634 0.00306368156736374 0.00300707666148797 0.00278754461039473 0.00227314225939601 0.00247507944138721 0.00320831266424373 0.00291078274610078 0.00273943768375107 0.00211199296706655 0.00182068958047927 0.00178222188810459 0.00201602643166605 0.0020353767352575 0.00189146915162476 0.00203063921655187 0.00237186434269304 0.00249613515037945 0.00242796343460215 0.00208609593821503 0.00269545575350592 0.00362729857747302 0.00456229146572537 0.0037835505569882 0.00210144545182953 0.00177002612050114 0.00147570546972017 0.0016786892592089 0.00193467479883494 0.00170204976178181 0.00264550114826419 0.00296860620355215 0.00278486953406703 0.00214902488373134 0.00183849404281984 0.00172462773629456 0.00117588915530561 0.00133704885071056
0.0019476527674635 0.00191830164713885 0.00196153585638345 0.00218104733507189 0.00343288159928377 0.00370342273786509 0.00434770384210273 0.00319064058311698 0.00327221258683247 0.00351873643914766 0.00403015929718836 0.00338418739735371 0.00320755445972676 0.00338185735289267 0.00315435851273228 0.0024968679568414 0.0017155954468371 0.00167183691931601 0.00172674349988046 0.00187208801788318 0.00204328876830426 0.00202354163881896 0.00211939881687242 0.00227283361256607 0.00245213349153019 0.00223879475524152 0.00224484888728637 0.00294795514562239 0.00365759882163587 0.00433729953950034 0.00421920562191201 0.00181762376734822 0.00150207814144631 0.00143531080530668 0.00155918738122715 0.00181643468705251 0.0018432368787885 0.00299331093808321 0.00304674635936788 0.00289231882221904 0.00252482082197354 0.00213552998931339 0.00217501487790747 0.00250235350257898 0.0013888515467736
0.00286456097057646 0.00190260397464816 0.00230515882744892 0.00320310695318172 0.0032524794425193 0.00215502047735289 0.00233934374362632 0.00310422474568306 0.00343350676986527 0.00264841884507757 0.00214759824315848 0.00246267676941622 0.00274108222439151 0.0022982476305382 0.0020315251487924 0.00201258450565645 0.00181620385181994 0.00167359081660212 0.00168570318829167 0.00196472717614632 0.00209788731525646 0.00204751943759241 0.0020994700922753 0.00223287747438541 0.00221611367540569 0.00219060027612144 0.0023045644360167 0.00345685788868345 0.00356417003539279 0.0034511236183034 0.00400941975268659 0.00347711284899438 0.00291350521917964 0.00281215752732696 0.00278044220858495 0.00291536379325439 0.00185244909189278 0.00334785671070439 0.00375513129903781 0.0033749897624588 0.00225134259638695 0.00142470532671613 0.00238875136174734 0.00286703457134345 0.0015399947393017
0.00254786336742877 0.00285076709687097 0.00349343597425037 0.00424540379019568 0.00412660152877805 0.00358714683836213 0.00281256109073806 0.00289048908387946 0.00233573387852823 0.00209783226951128 0.00199155535038869 0.00179560663185783 0.002284428565646 0.00232495959733464 0.00200658761471395 0.0017139394184899 0.00184759950494177 0.0015952030942654 0.00194672007920538 0.00211014556265937 0.00181554604820607 0.00216170164412001 0.00220637157105895 0.00226693753408198 0.00207383671344338 0.00238409658202259 0.00259446643966693 0.00307170980190711 0.0028889398664661 0.00303461838755869 0.00412214647478625 0.00352070212719473 0.00307140710344445 0.00282295314824346 0.00304164555773938 0.0021619210477104 0.00218722426109746 0.00394941834015207 0.00507133570183622 0.00413427705003505 0.00214778228487729 0.00134015324770865 0.00241848931915442 0.00287441040730362 0.00160192778499683
0.0028156276647268 0.00270999293171046 0.00314301615617663 0.00420197571334351 0.00373754373300151 0.00301999638197096 0.00245688822041111 0.00256749716241876 0.00305714676794266 0.00269910475986405 0.00244531603729673 0.00174426507370526 0.00203211933176562 0.00260701010564798 0.0022271478849095 0.00194863329906585 0.00213951680460061 0.00147292824429884 0.00190997604565769 0.0021265414008849 0.00213133604679436 0.00203501872723734 0.00228994152830221 0.00208464077237458 0.00254151500898487 0.00266778916946798 0.00370990915181358 0.00403743067732752 0.00278388512616595 0.00265356732634008 0.00331345237483019 0.0030856968648677 0.00290800706932584 0.00285029557481828 0.00300669076813159 0.00314400646553919 0.00365544164206445 0.0036286426516552 0.00389401820944445 0.00259947936048962 0.00172878566765488 0.00143872396096132 0.00160938099206357 0.00176488992808314 0.00129095547695427
0.00308819104512534 0.00307915026406131 0.00292436128787764 0.0027762792135764 0.0028011939777994 0.00262603650397191 0.00236356663961952 0.00264732561461418 0.00188039084285441 0.0022238793850349 0.00257724514920237 0.00165611397615854 0.00110445743311002 0.00129714692891284 0.00156663553460679 0.00201890518905344 0.0021348445346829 0.00192569995580707 0.00194581652456041 0.00208971668498204 0.00234026698338871 0.00243712382263235 0.0027475410035457 0.00415696714175852 0.00543326475096168 0.00476925390105898 0.0044297976470499 0.0041446508704258 0.00321667921410532 0.00266148093659781 0.00327903892055152 0.0029242053711793 0.00265273594209901 0.00162944681238455 0.00153895266392475 0.00161544556427963 0.00276599338406705 0.00310022041925732 0.00210279724926593 0.00189083856832021 0.00170700008819325 0.00137282059267035 0.00114543743466965 0.00119571110813523 0.00114164738786318
0.00288372612611332 0.00314028714920735 0.00296542131193031 0.00248453540615797 0.00238176676651413 0.00238519466204797 0.00262310236048163 0.00199353205412091 0.00172624139134422 0.00171997801766034 0.00140225181770999 0.00117418459837187 0.00122513365384323 0.0017253294080384 0.00166642087312708 0.00189216329006803 0.00214571253886602 0.00194283298202796 0.00192909933618953 0.00216544077240967 0.00249763567632634 0.00303759020148224 0.00316276249056388 0.0040466896339635 0.00587236520810484 0.00579876883268246 0.00466925687597827 0.00403865172039884 0.00268018685721673 0.00307112428703492 0.00440486341772484 0.00369923140764971 0.00278714574219181 0.00130930478578586 0.00154846539574552 0.00171440473035971 0.00250138382640052 0.00290855084806877 0.0030025382090307 0.00314387848605067 0.00186833463138672 0.00156503670481116 0.0010773256774674 0.00113298999770494 0.00115952521553295
0.00266981870437628 0.00294200264294547 0.00326941628584717 0.0027041298033946 0.00262645857689492 0.00271652290310819 0.00296889991009742 0.00196774899186243 0.00161795767018084 0.00213276454067406 0.001990747487676 0.00179625659612801 0.00166193847431057 0.00161330850461743 0.0015669466759722 0.00176687301947524 0.00214165092507144 0.00229893507445657 0.00219344906910117 0.00230195802572549 0.00245912427438874 0.00292899027618417 0.00218558735557365 0.00363674504631949 0.00511454367098436 0.0058345145889352 0.00469202503772656 0.00381624168284389 0.0027647340066963 0.00279163921322813 0.00314011079539722 0.00394866887119865 0.00323574546850397 0.00225382605351727 0.00229216089804395 0.00239024802942239 0.00153294015341784 0.00165051968574022 0.00272294403459189 0.00289694738427238 0.0015081096202299 0.00122684981614841 0.00110178570268467 0.00112140313271275 0.00128089741524055
0.00257958817169056 0.00267245192934254 0.00272839507737856 0.00252795053877717 0.00251654408068908 0.00265977501565108 0.00259373474877853 0.00229556190285723 0.00208387212957103 0.00202117190662162 0.00212013426898413 0.00125680284021193 0.00106142342667617 0.00151681911921656 0.00146978741430623 0.00171080718557317 0.00218911115747231 0.00237406081912203 0.00247627874955275 0.00255247334273758 0.00234783624875438 0.00241558972883614 0.0024005767794202 0.00222637169185532 0.00335452901792542 0.0050157170522712 0.00469522065855048 0.00364599076509416 0.00421090623511595 0.00442079648781151 0.00337579635961869 0.00340384721483472 0.00315427261917946 0.00257105676243822 0.00218488936568528 0.00235251078396496 0.0025618498935998 0.00267688702308919 0.00170535452729473 0.00166418126035155 0.00135748297552009 0.00120121379324009 0.00113321838838142 0.00112749301794529 0.00219583548506026
0.00278748233875128 0.00260559481693268 0.00248872899060368 0.00237006526737881 0.00241438414367059 0.00237903727376061 0.00230184227274084 0.00215535409806656 0.0019916014187229 0.0019837902064389 0.00201225568804706 0.00122012850723044 0.00153867066169224 0.0014715195264779 0.00144360634198903 0.00160416949423977 0.00205692290128281 0.00238223763185797 0.00246453495948011 0.00253563953214682 0.00250670111989968 0.00221395992283807 0.00202367392298932 0.00200402297281296 0.00249406788969322 0.00347115669755347 0.00358847529011759 0.00287837745059809 0.00367170028197697 0.00396502035513745 0.00421750242437539 0.00307350539221744 0.00312239880602328 0.00255866098035419 0.00223951694776312 0.00231364640150762 0.00251437078081325 0.00255333048240173 0.00279445395364414 0.00238041826107684 0.00226957575634551 0.00214453551768815 0.00199091715846945 0.00199849315979584 0.00212830812482653
0.00313352732132433 0.00271750652052636 0.00259181684365316 0.0023643495402093 0.00233027864466703 0.00230781733676048 0.00219268550649596 0.00205542405831872 0.00197595024010761 0.00210275869428444 0.00180674799172815 0.00152475648085386 0.00146423295313141 0.00144209410062815 0.00145329869734384 0.00159247517837559 0.00198056397321419 0.00234719739553619 0.00268081910968843 0.00256884421180168 0.00225992026174528 0.00159579425796507 0.00167512845670568 0.00208870547959106 0.0027348577284455 0.00322599261829006 0.0026013211684474 0.00229391625256227 0.00269799798202642 0.00295510497650704 0.00298219182517775 0.00257289678173247 0.00228580726149367 0.00208273759042785 0.00182448477605392 0.00178150031813024 0.00202461672789911 0.00244637171495614 0.00267397547615242 0.00259774976093337 0.00216382008315801 0.00203566018483873 0.00186951540783754 0.0018511452854284 0.00191841460686059
0.00322460575536507 0.00271620351698952 0.00258529408947894 0.00234827281582961 0.0023051754046476 0.00227007133401085 0.00211714766921585 0.00195293129774406 0.00192100895219543 0.00207610931848239 0.00121638911452054 0.00122996765876933 0.00156064605409945 0.00160645599880071 0.00126809615449552 0.00180387766277514 0.00188409648104214 0.00218352076864897 0.00257258113066121 0.0020924002549193 0.00191553076290583 0.00181797637338766 0.00226471603096666 0.00264689252192426 0.00383964020707649 0.00442693769624318 0.00334676637043661 0.00255404488434528 0.00261317090989639 0.00270596152893423 0.00256953717354744 0.00239152037976621 0.00213840917205878 0.00207405473228605 0.00273971808861492 0.0037734286404806 0.00306900500575165 0.00181196646555528 0.00212205272484516 0.00225623638541944 0.00217371800280403 0.00206808497587759 0.0018511568446474 0.00184246861978851 0.00196834951491395
0.00335439476338631 0.00300687058963838 0.00262377265455148 0.00219588917661193 0.00227237194670821 0.00211951385128911 0.00188998082388995 0.00186390465682807 0.00189395554035461 0.00216678996251108 0.00185772957204363 0.00198342114442613 0.00234472341989266 0.00194299201061517 0.00130357469023568 0.0018652310764272 0.0017853215922213 0.00200128998727062 0.0024228359302362 0.00193394997308226 0.00191893975608524 0.00186869555517414 0.00279109705728084 0.00334531397305975 0.00411816632370667 0.00438747133323345 0.00370182176559528 0.00350509324334632 0.0035589857097714 0.00348136291247556 0.00289512256519091 0.00234677104526465 0.00250368727873445 0.00273296362131265 0.00315150493173378 0.00431694824260035 0.00361006074128005 0.00167580663017632 0.00194430165856046 0.00210060250360496 0.00226728830945625 0.00249682402056347 0.00235010657082663 0.00212877134970074 0.00200764719933783
0.00319921772263391 0.00262324905240314 0.00209450594190413 0.00210398100980297 0.00224943643159567 0.00228845220434778 0.00210564818587303 0.00186785674428466 0.00191368078473004 0.00234336835959249 0.0021391790672366 0.00220793249873734 0.00271106097039679 0.00247036413657938 0.00225957960479828 0.00193113912661183 0.00174272537430783 0.00186217931306278 0.00211897535474703 0.0022301453305644 0.00235316299555773 0.00239384498222323 0.00255678384564969 0.00303209608247089 0.00251548146824845 0.00386212524298236 0.00368100812744183 0.00369057238204737 0.00364225241061187 0.00348507781973438 0.00287189747460782 0.00231416683958123 0.00293206646494568 0.00373537247064752 0.00332432220301652 0.00330468652176058 0.00314119174209026 0.00260722867332381 0.00228422117970117 0.00207293813622923 0.00219661771453545 0.0024492843098697 0.00287248873193078 0.00313095839688372 0.00255344679097017
0.00302939772531423 0.00275934989997717 0.00216874740402148 0.00203974147580042 0.00233960101392553 0.00247763056242483 0.00218695225832834 0.00212461063086901 0.00215084465705088 0.00225682252668662 0.00251793970705777 0.00159527859946659 0.00245046431467929 0.00248303749211383 0.00255075375266163 0.00233451887791762 0.00200341715291556 0.00199659623207893 0.00225436384523344 0.00226414559165258 0.00230425846206741 0.0025061426590506 0.00286386768279337 0.00329861102990301 0.00315828715696164 0.00331156142252058 0.00391278323913447 0.00465431058767739 0.00386138098623919 0.00248564113147593 0.00237080527585092 0.00246443709412555 0.00311386248779967 0.00355170192310263 0.00295718311285792 0.00323230624584703 0.00328074991367971 0.00305646158997554 0.00307030600764425 0.00287417294323304 0.00253155735157822 0.00228996124863681 0.00272043660115419 0.00320293077480261 0.00286144034191133
0.00301466127703116 0.00288607789450798 0.00253740791982049 0.00213585778491652 0.00233841025179767 0.00251644138201012 0.00242061072646842 0.00226871201365153 0.00224063663747854 0.00240533634217448 0.00154327492730651 0.00174392231135459 0.00250549254026402 0.00242396146854953 0.002525105449228 0.00253050914206285 0.00244093385647791 0.00240603959319232 0.00246108681940127 0.00240135409300696 0.00245212344935698 0.00251125382579635 0.0026167312621535 0.00285625282944271 0.00270809155318471 0.00255943791777467 0.00325044172711057 0.00428269374212939 0.00414085208283632 0.00296989575260396 0.00255018882602553 0.00279964722350034 0.0028472444066232 0.00286914667815137 0.00278461905358873 0.00293345634382267 0.00306768222855964 0.00292328219442824 0.00294226451504363 0.002978820963683 0.00258946105632015 0.00223931908055088 0.0027136150671502 0.00342341361277634 0.00349802884693657
0.00303252325256786 0.00322439590825507 0.00353551192809011 0.00378773725922191 0.00339894283896938 0.00254083542792941 0.00250748624938314 0.0024332290921225 0.00235648153849094 0.0024688573162621 0.00271196131743261 0.00280725273965204 0.00265722662982609 0.00235475692432853 0.00242118880541592 0.00236898456323991 0.00213401050778244 0.0021574708257236 0.00242586263320194 0.00247962664263809 0.00232587722965153 0.00226220832515069 0.00226526385238938 0.00232911262966059 0.00258188458481004 0.00331431238385909 0.0040507021854464 0.00397191300117356 0.00438769702058263 0.00501160465121739 0.00431312389124576 0.00348315801558237 0.00330480629977446 0.00295573254957801 0.0028366706752376 0.00300303111095368 0.00296072455702289 0.00277795840547541 0.00274096804808362 0.00271275573382252 0.00242829257987688 0.00215750724035267 0.00253978890899587 0.00314887371438562 0.00339587553696457
