Partial ROC data/Echis carinatus.asc
NCOLS 267 
NROWS 470 
XLLCORNER 376490.070567719 
YLLCORNER 380111.488324056 
CELLSIZE 919 
NODATA_value -9999 
[rows 399 to 417 of 470, columns 44 to 87 of 267]
1.49290906393725e-15 7.24920448423014e-16 2.95201106100764e-16 2.77133917268067e-16 1.55086499997747e-16 6.42672925386728e-17 5.60106297596742e-17 3.74008102158954e-17 2.37912645348374e-17 1.48278402998499e-17 1.45408935856413e-17 1.48196090915086e-17 9.33505980013315e-18 1.65256352420728e-18 3.60930347791053e-19 2.41120607825127e-19 1.31648919631512e-23 8.06938544932219e-21 9.03995046376986e-19 5.29712644778522e-19 7.50808839847393e-25 3.94095603408165e-21 6.86023217022673e-24 6.66700488541948e-30 5.7714482094116e-29 3.32665787850234e-28 5.3853074119079e-20 1.03261690185864e-18 9.13232949966572e-19 2.55297873307292e-19 1.63319462062104e-23 2.98516972372608e-28 4.80326148885966e-28 4.95367400339315e-28 1.46596429180352e-27 2.59035695073895e-27 4.28982432802321e-25 5.13185363871931e-25 1.2235054811015e-25 1.33831452411016e-25 6.95713296481045e-26 1.64608972469493e-25 2.72557946996545e-25 5.56673440984984e-21
2.2336902258271e-15 8.35791712482722e-16 3.78852596814074e-16 2.66747137111979e-16 1.92728606298171e-16 1.14870157346203e-17 2.68205529192508e-17 5.13515934958832e-17 3.37626297671301e-17 1.00512485420865e-17 8.77413236582202e-18 1.08171003829063e-17 7.7401134361077e-18 1.93611086664415e-18 2.13874867948641e-19 1.56592175176928e-19 1.17322382542898e-23 7.92781742539414e-21 1.9171004223238e-19 4.10231405856819e-19 1.30264811092653e-23 3.98118551127878e-21 6.62770327584957e-24 4.95723282614773e-29 1.01934083354442e-29 1.02631127559801e-28 5.31964094047828e-20 9.37846153540619e-19 1.08516716586945e-18 2.69690418740445e-19 2.97350724060982e-23 3.95717371664936e-28 5.02819694976471e-28 7.99737671845831e-28 4.25718226898426e-27 4.6583285704309e-27 6.32803515615453e-27 5.98213903814211e-25 4.66791805786291e-25 3.52187491340672e-27 3.99942316759234e-26 6.37473512508948e-25 3.89703705546597e-24 7.33539075848891e-21
2.39851971945783e-15 8.79476840271112e-16 4.1479774238311e-16 2.76029530394445e-16 1.88974183711285e-16 1.55766307978187e-18 2.77144390688384e-17 4.06401526213066e-17 3.27629597844697e-17 1.74219962234952e-17 8.48745701934605e-18 6.11785313131029e-18 7.30549652358279e-18 4.23457544188041e-22 5.67671243708478e-29 6.52277291391618e-21 8.31378630340666e-20 8.24017012313037e-24 8.33556181770392e-29 3.89927406881172e-20 4.72371282315982e-19 4.1224003500952e-23 1.50188101435488e-28 1.93450722546832e-28 1.71516291282963e-28 3.65562791058024e-28 1.0390137821865e-27 6.70433422200778e-28 6.0369175541313e-20 1.76106407295849e-22 3.68573861812158e-21 3.318470694901e-23 1.19441569436441e-27 1.44655769585804e-27 2.34425468649832e-27 4.87994673151339e-27 8.50909648554484e-27 1.99510795899562e-26 7.51192411446169e-26 4.81606616547834e-25 1.80353191228015e-23 7.81822185169351e-24 2.41534524013568e-24 2.27676431944049e-23
1.97431830624135e-15 9.83465303125841e-16 4.93623542871705e-16 2.71698419072621e-16 2.41670760765578e-16 1.31793673670206e-18 4.1132988179422e-21 2.59087830245612e-17 3.83239488846503e-17 2.21515786620023e-17 2.0430577963955e-17 9.13513046512453e-18 8.95356205761778e-18 6.88566484392893e-22 1.52023928311412e-19 5.10814795137475e-19 1.83731700287937e-19 5.15551054044113e-19 2.28408606572328e-19 1.87868955970253e-19 1.26452045614278e-18 2.50149785104764e-18 3.61616034082858e-23 9.97961616122376e-29 1.15080500158402e-28 4.30309476555497e-28 1.05526926846324e-27 1.74552837245071e-27 2.63574470319609e-27 6.78094273371078e-20 1.86114574549109e-19 5.61431004558824e-20 3.71146532150265e-23 2.80947545780504e-27 4.42489896642525e-27 2.00812183519324e-26 1.98301407395607e-26 1.46315701772424e-26 1.47354223529187e-24 5.25988892551274e-23 6.92346798000323e-23 8.75208025426926e-23 6.46230096736377e-24 7.27766643748428e-24
1.79946979321967e-15 1.31040232216161e-15 5.85981611701134e-16 3.46296752579134e-16 1.70150417139614e-16 2.15830681642353e-18 5.08399935491679e-21 2.81341844727811e-21 2.52735041591983e-17 4.70002715203409e-17 7.43231605947349e-19 1.02333881294041e-17 1.38580149000311e-17 1.9622254107066e-21 1.34131417140762e-18 6.04602257272425e-18 5.23786889642293e-22 5.77503314121917e-20 1.79241328971825e-19 1.43626293010453e-19 1.07569378974784e-18 2.75518350591873e-18 2.95333208234648e-22 5.58037062180409e-28 2.3715612395164e-28 2.74405399087381e-28 4.88565640356816e-28 1.33504245395082e-26 7.79461478015697e-27 3.64771034650157e-20 3.88985094485242e-22 1.24586205031758e-20 7.30105563901369e-20 4.67044950588292e-20 8.8785382190839e-23 3.25761165974967e-21 8.71902496356129e-23 2.58626341077831e-26 2.01414932946596e-25 3.03073196600249e-23 2.75701897125695e-23 2.96796253120956e-23 5.83523042302594e-22 5.53576343457688e-23
1.54848275462805e-15 8.98916418010849e-16 4.73603262541691e-16 2.30952522245832e-16 1.68286620345532e-16 1.34352561857258e-16 1.36410725738164e-18 5.25209863799777e-17 4.52694278860727e-17 3.91869494926306e-17 3.39250437508824e-17 1.94591228908592e-17 1.12681348207433e-17 1.52538392144084e-18 1.16541510993791e-18 2.41037089689935e-18 1.02343768665843e-22 2.6347564961101e-20 6.28812656217963e-19 1.99365934169414e-18 2.51771571008088e-18 2.60962308389728e-18 3.10880636336332e-19 1.28678154952013e-23 4.53253870889478e-28 9.92184072563782e-28 8.07118729499895e-28 2.22188408962627e-28 2.13881972794347e-26 4.22019582004578e-27 1.50619222220123e-20 2.09641060039744e-19 1.12250728386171e-19 6.7336551440576e-20 3.43412361517024e-22 9.24038861407908e-21 5.95806955310496e-23 7.59496376661961e-26 3.76850566879765e-25 2.13618870825053e-24 2.05909088431851e-23 1.93254096718142e-23 7.8688358461671e-23 1.82459918817168e-22
2.03840134414096e-15 1.01791976583916e-15 4.87369065853156e-16 2.79991358683035e-16 2.04624316372398e-16 1.94502385468956e-16 1.11147241698313e-16 2.06150645586629e-18 5.18601837823076e-17 2.81453043080264e-17 7.77551371610473e-18 1.00090634009994e-17 1.0513338990216e-17 1.31178359507207e-18 3.87860634017317e-19 1.6956074646118e-19 5.00695065106212e-19 8.19812113164024e-22 1.28631577602475e-19 2.4392550809487e-18 3.73824037649048e-18 2.88677606376161e-18 2.29111843230362e-18 8.74839327937535e-23 4.87241800724709e-27 7.95786056798591e-27 7.37176280569883e-27 3.5422086452186e-27 5.84564453497745e-27 1.40186999258321e-26 4.56789037764379e-20 1.82048970976142e-19 1.46206610922335e-19 4.66180084293004e-22 1.41821743490208e-25 1.51013324960477e-20 3.06462649419226e-22 2.2410556412368e-25 3.41215340506925e-25 3.81699363777657e-25 4.05122915571542e-24 5.31230301928918e-23 1.55539681977254e-22 2.32746220703168e-20
2.40583702590771e-15 1.0739304003367e-15 6.92825965280932e-16 4.67561850755784e-16 2.56266322100164e-16 1.24754769850084e-16 1.37557664858405e-16 3.31421643037741e-18 2.13378124164487e-17 2.90815514823532e-17 1.73693160913147e-17 4.75484741957211e-18 5.8799510951869e-18 7.7895136822894e-18 5.93586732330004e-19 4.28433292936441e-19 1.26254999621195e-18 1.84737559019416e-18 2.42943247151643e-22 8.09058332747573e-20 2.03084960329455e-18 3.6019430821163e-18 3.1225715282851e-18 1.04867280817462e-18 5.27691546518417e-23 3.66200097801086e-27 9.63783365560937e-27 7.64617857206395e-27 7.4578495305594e-26 5.7251094418338e-25 1.06276504087898e-25 8.44059704427802e-20 7.40745139217845e-22 4.91970169475828e-26 1.3669871612052e-25 1.76292636231412e-26 2.33802948229597e-26 1.57776516332946e-25 4.84641781867981e-25 9.97016049467368e-25 3.83460703722311e-24 1.40943984661376e-21 1.22552027459785e-21 2.46964464936849e-22
2.91697768418632e-15 1.41059975502826e-15 1.87981270425182e-17 3.89761211537657e-16 2.85172942262199e-16 1.81873473189657e-16 1.47487647616514e-16 1.0022536576103e-16 2.00929634611292e-18 3.27787238903532e-17 2.85373766858625e-17 8.02835344899209e-18 3.09319985073193e-18 5.14951306023717e-18 1.49309586260499e-18 1.58411117178735e-18 2.19088700412962e-18 2.45785088777896e-19 1.3123176764906e-19 1.51364594258755e-18 3.53741094552634e-18 3.92805701456116e-18 2.931491991992e-18 2.30659816364031e-18 7.14277741158267e-22 6.12319563403268e-26 1.0501686239934e-26 5.04234657702342e-27 6.87026460189445e-26 1.70692840531711e-24 2.64843216849727e-24 4.63494629199496e-25 3.72786308325987e-25 1.39603593189647e-25 1.21388004554806e-25 1.66914909674003e-25 1.42278902155408e-25 2.57606593757186e-25 2.12435103070131e-24 1.70277684214984e-23 3.05992351902049e-23 3.78559182042234e-22 2.32302787337131e-20 8.36119308222413e-21
2.11068483061715e-15 1.19011548201417e-15 7.80320837309116e-16 5.16331029873396e-16 3.45369302594424e-16 2.6555660277551e-16 1.74072784236007e-16 8.95940729195655e-17 3.15282207085826e-17 1.02034108858793e-17 5.06938147766594e-18 2.90179580823732e-18 5.5047477551504e-19 2.12891667533199e-19 2.10954268852829e-18 5.22778592999468e-19 5.27627256951473e-19 3.08539951580724e-19 1.47915726108662e-19 1.22272547170121e-18 2.43966891327642e-18 3.43422402939834e-18 4.15981930016027e-18 2.72059297425306e-18 1.99258770241581e-18 2.18804103384015e-22 5.77322218346523e-27 7.03359839727216e-27 5.0332633554641e-27 1.14049365952364e-26 1.37756537490905e-25 5.9388811022921e-20 4.02584441141958e-19 2.72721851679301e-19 1.06981914092188e-21 5.64174272157171e-25 6.52220897107076e-25 4.85140695510362e-25 1.96259719977906e-24 4.77897620333115e-22 3.80573159235793e-22 1.81759886801728e-22 2.53065499762123e-21 7.922534022899e-21
1.84436667357338e-15 1.01799706197545e-15 6.80974704886445e-16 5.05389325372362e-16 2.69047385845068e-16 2.18980631677972e-16 1.57184619308263e-16 9.24754442376464e-17 6.38927433885148e-17 1.05493642956859e-17 7.44017263994761e-18 3.82772078481556e-18 2.05249165370758e-18 2.29996493943207e-22 4.34685325635052e-20 3.04966910506166e-19 6.29561113719182e-19 2.6720857926783e-19 9.42997291404691e-20 3.22857023761469e-19 2.1851832858886e-18 3.91214078235585e-18 4.12832611240373e-18 3.13722689474431e-18 1.58767142189088e-18 2.11176306477487e-18 1.16119992416858e-21 1.22714579508987e-26 7.9290700057191e-27 1.20780422230998e-26 4.51817983393125e-20 6.89969796644252e-19 4.42079129532311e-21 9.91337443982192e-25 4.50841137165443e-25 2.6865533445645e-20 3.0346470495986e-21 4.26823408874834e-24 2.93172683316589e-24 2.41189460037668e-24 1.9236502051119e-23 2.92749323093434e-22 2.01724522492581e-21 1.8663408068801e-19
1.76319387610041e-15 1.14083907416118e-15 1.02650411563704e-15 7.12781333213483e-16 3.76441801677781e-16 2.07455506253206e-16 1.30471966479649e-16 9.68371545579038e-17 6.15426345195111e-17 4.3588076493929e-17 1.57357048559486e-17 1.26278970155133e-17 1.18056207275978e-17 7.01113750519818e-18 3.75564928240427e-19 9.04649987317352e-20 3.94176336813624e-23 5.06479379359331e-19 4.34769254122504e-22 1.36423711466406e-19 2.67419151030815e-18 3.76812344470483e-18 4.82833183157994e-18 4.72437715124154e-18 4.19392196449655e-18 3.71713629137266e-18 3.72493149090936e-20 5.08711882097844e-25 3.14314387200332e-26 1.21848409367267e-19 9.40186607183811e-19 3.73336382429098e-21 1.46140773989615e-19 4.98899400139447e-19 1.96117407161536e-21 8.00295973674156e-25 2.28035273323389e-24 3.90237643432624e-24 5.29916239355899e-25 1.36862020711594e-23 4.11646357785972e-23 3.58074630245162e-21 3.09594620197003e-21 9.99102033331961e-22
1.23051403725316e-15 1.02539565031615e-15 9.33767218411454e-16 6.1218106728735e-16 3.74583358644078e-16 2.19180940559255e-16 1.32601292269091e-16 1.05574214036382e-16 7.48213665480096e-17 6.41418663862564e-17 4.482205049955e-17 1.4698109477949e-17 5.9376203589732e-18 8.31403075246555e-18 4.70673502098158e-22 7.92874877754744e-20 2.15126105865679e-19 6.72813982039776e-19 3.48330737343953e-18 1.9982956499471e-18 2.63328873526811e-18 4.54991158719152e-18 5.97330187478215e-18 5.86670570372421e-18 3.5643396039665e-18 3.16350992184892e-18 1.84521539034471e-18 4.71323036678241e-19 7.35544741514801e-20 1.64109297779257e-19 3.50337054225709e-19 1.332918993931e-21 2.45636759590651e-24 1.32392369915723e-23 1.12198002996627e-19 2.39236492584659e-19 4.74833304134216e-21 9.29730231149357e-25 2.23337171024916e-24 2.64968321606703e-23 2.16659083181495e-22 1.28120271532598e-22 4.90714975731746e-23 1.21177153323582e-22
1.63132500787576e-15 9.5997814790845e-16 7.08464115417414e-16 5.41224909064167e-16 3.93594087998641e-16 2.41655685032006e-16 1.5126853880692e-16 1.10709182044585e-16 8.30692350223558e-17 3.59708434035699e-18 5.6386420034876e-17 3.03420872181733e-17 1.32371102314545e-17 3.21164590255994e-18 5.54263594653334e-22 5.89630909213802e-20 7.2659616559526e-23 2.8072399472499e-20 1.13068339174973e-18 5.52929317453838e-18 7.46421110958123e-18 6.60316173052926e-18 7.25119778707544e-18 6.28668988535488e-18 4.51576167264269e-18 4.53315599750343e-18 1.58957687017652e-18 7.90009863508683e-19 1.51630565306832e-19 8.20446785217195e-20 2.85751969770942e-19 1.92680850052592e-19 3.43601760171666e-19 1.19570225807415e-20 2.2520210421826e-23 1.67535710803472e-19 6.30526671706151e-21 2.09647085813644e-19 5.41511029846788e-20 4.64260450859188e-23 4.49246131203924e-23 8.39279863028083e-23 4.83834655290188e-22 1.98528928728764e-21
1.84691815052656e-15 1.26875528560445e-15 9.23985312004762e-16 6.47609385535275e-16 3.67904560183612e-16 2.43301415034988e-16 1.82727336542667e-16 1.05941792439061e-16 6.64101202115338e-17 2.93246620247486e-18 5.5123245224948e-17 2.22472998513385e-17 6.7506050507196e-18 2.04933705487439e-18 3.38077358645905e-19 1.75069030008906e-19 1.2552579966499e-19 2.34404184234188e-19 3.18669413167431e-19 3.00365189575757e-18 6.28530258816087e-18 5.88948934881788e-18 6.80911378420314e-18 7.2533357088794e-18 4.05870347376168e-18 3.12179355842054e-18 1.56867466449225e-18 5.90377289819531e-19 6.29357384244312e-19 2.11728984805517e-19 6.21028435311339e-19 2.85342100586668e-19 2.80208166616722e-21 1.36191256136289e-23 6.60025816943221e-19 6.56932742234308e-19 2.41061884169949e-19 5.51077280159366e-21 1.58331488749339e-19 7.81164915067864e-19 7.66958228224963e-20 5.62512368491006e-19 2.01435688218089e-18 2.82274583201936e-18
1.33287465999707e-15 8.82173683229408e-16 7.3604206167894e-16 2.82379220205688e-17 3.31668059095511e-16 2.903459483392e-16 1.81473999276653e-16 1.40387866695837e-16 8.18404450941146e-17 3.76604154389624e-18 3.73884582681549e-17 3.94814702480326e-17 3.55967388623528e-17 3.56055447812292e-18 9.85337295928381e-19 2.8691930303289e-19 3.31196287227697e-19 6.79179982873788e-19 1.00946787732476e-18 3.02731086519285e-18 7.00518201736439e-18 8.53484275367372e-18 7.62901005220163e-18 7.16181464070516e-18 6.24614614852277e-18 6.17040401077207e-18 9.46032811761342e-19 3.90145970984848e-19 3.23582686109945e-19 1.67462729188834e-19 6.28686029044826e-19 2.33106756401918e-19 1.69238550808216e-21 1.98766904193463e-23 2.0248227692103e-23 9.69321158789793e-24 1.70350557760603e-23 2.05256473586551e-23 1.62545151313299e-23 7.10220932698632e-19 1.21297741418531e-18 3.42096133361395e-18 2.82786545717286e-18 3.46435226200127e-19
1.37006848546288e-15 8.6746361503434e-16 7.23607396299124e-16 5.14480364862133e-16 1.1378072317447e-17 2.82769418209056e-16 2.06127754211215e-16 1.4447810724387e-16 8.92635950606855e-17 7.05450275599284e-17 2.74385068993234e-18 4.08369788520392e-17 3.88364577465409e-17 2.69526208649676e-17 1.87446251692921e-17 1.45026236626948e-17 1.13465781143773e-17 1.59638403237468e-18 6.54839442948206e-19 2.22478183484991e-18 7.32718551843506e-18 9.07781567294985e-18 8.95458473011402e-18 8.15512801761476e-18 6.11096462449915e-18 6.04328418766356e-18 8.3133368227347e-19 5.01239337765119e-19 4.65217122669382e-19 2.37247928463903e-19 2.94190471725945e-19 1.68946259237908e-19 4.29676204550276e-21 6.91006909309816e-23 4.51734646817743e-22 6.0792285182911e-22 9.34089563755412e-23 1.00595178769024e-22 6.31733373632793e-22 1.60929122411158e-18 1.19703023497013e-18 9.24715582338094e-19 1.51547717225023e-18 3.79151762691266e-19
1.16469881414192e-15 9.49396053466215e-16 7.41277406138783e-16 5.22965851899238e-16 6.9648784354522e-19 1.64215136538392e-16 1.95726339972179e-16 1.43324989300869e-16 8.90068472716562e-17 6.01489326717832e-17 4.99025756901064e-18 6.98093697945342e-20 4.88918334275437e-17 3.34031701109196e-17 2.56859969219064e-17 2.25249980306594e-17 1.84522173057327e-17 9.73370348171724e-18 6.06105412653561e-18 5.07913172694249e-18 7.45190893667327e-18 1.09045066619191e-17 9.66007069356301e-18 8.38023132464897e-18 9.3947938936864e-18 8.79419752547386e-18 9.54803632492123e-19 8.34981972658901e-19 9.13695655971062e-19 3.51732670714234e-21 1.15608302817703e-19 3.15548162205552e-19 4.79803618645696e-21 2.38879525337884e-23 8.55311688800916e-19 2.98403152262118e-19 1.35871179581277e-21 6.61989285688111e-22 2.51423969339086e-22 5.67349698432313e-22 1.95184197969732e-18 1.73485247811762e-18 2.21871309539646e-18 2.75006738418703e-18
7.0154039234448e-16 9.46726027818922e-16 7.11996130420849e-16 4.91299986573589e-16 4.01178720890867e-16 2.61282257322589e-16 1.85916835618951e-16 1.32237754196885e-16 1.07519263992354e-16 5.74184187350545e-17 4.97275723800987e-17 4.13703395952033e-18 5.72302731790759e-17 4.15850346743071e-17 2.76593301214585e-17 2.35907859817443e-17 1.72112353144052e-17 1.47311488965869e-17 1.32750331889504e-17 1.3557092075026e-17 1.33161637701436e-17 1.21760823617314e-17 1.50520118141996e-17 1.28264539582933e-17 1.16747091242804e-17 1.15276219700102e-17 5.76272405000546e-18 2.51318267699029e-18 1.50583273199544e-20 1.74909171470198e-23 1.00933607906866e-23 1.14021929148072e-23 6.39106491925607e-20 1.50367904213576e-20 5.9283357483668e-23 8.67547360220617e-19 9.93558532099763e-20 1.02871585182369e-18 1.03730375475621e-19 8.08287616557605e-19 3.51490535246989e-18 3.72755309355938e-19 2.67924100777463e-21 2.23910375516938e-21
