Partial ROC data/Echis carinatus.asc
NCOLS 267 
NROWS 470 
XLLCORNER 376490.070567719 
YLLCORNER 380111.488324056 
CELLSIZE 919 
NODATA_value -9999 
[rows 418 to 436 of 470, columns 88 to 131 of 267]
3.42760838066462e-21 6.02228024339505e-21 1.75758691477082e-20 4.76929783867445e-20 4.14403725132961e-20 5.10541546314737e-20 7.04464901997819e-20 1.00245632799268e-19 2.43476431148803e-19 2.87035046516731e-19 2.68759693129603e-19 5.30529284522441e-19 1.13471396822955e-18 1.68618508127026e-18 2.02137558916583e-18 1.66832262301765e-18 2.10119565780628e-18 3.06111602805894e-18 9.59752796080878e-18 2.35326615089519e-17 3.67735871943153e-17 1.45964776880577e-17 1.12472974848936e-17 2.69300964917205e-17 1.21978905038747e-17 7.28649817849856e-18 1.80488106629579e-16 8.59637430248986e-17 1.65145244916635e-17 1.3083027433625e-17 2.63894310293079e-16 4.13552679717286e-16 4.9002504053267e-17 5.47544342019764e-17 1.61473517152889e-16 1.09150155980423e-14 7.38128529075074e-13 1.34520709447679e-11 5.97431913187983e-11 2.73007968302039e-10 2.05021306271946e-10 1.08583701342703e-09 3.90747526425378e-09 2.37801854495099e-09
2.57820467779189e-19 1.7367426055057e-20 1.99203193439019e-20 2.54008777161203e-20 5.5419018401842e-20 5.93274831343667e-20 6.77876223812595e-20 1.04698635650737e-19 2.22033573981725e-19 4.61244367713764e-19 2.2766413940117e-18 1.84529599628017e-18 8.75950013663973e-19 1.51690870996396e-18 5.26290819775935e-18 7.6974823112003e-18 1.04199746927748e-17 1.1603306308731e-17 8.80933410198911e-18 7.08965967592305e-18 9.01961726579126e-18 1.65398353341034e-17 1.16818695680481e-17 1.23105078574256e-16 4.04527069024871e-15 8.25587472257582e-16 5.37442779557112e-17 8.62114657845631e-17 6.05888427843792e-16 1.24423693923454e-15 1.54244607002798e-15 1.720658737118e-15 4.68704313066976e-15 2.43926158584444e-14 1.46361505254757e-14 1.13507072277187e-14 3.68050622362418e-14 6.92016278865544e-14 2.42247337458569e-13 2.71450509307199e-11 2.68758012289429e-10 2.74886438603959e-10 4.43426715003608e-09 6.04213016106018e-09
2.36391747879265e-19 3.20314947814034e-19 2.71039023287911e-19 3.39355535688678e-19 9.70510331959678e-20 6.26519573433769e-18 2.00532723801678e-18 1.3325701975684e-19 2.28091694399075e-19 1.63036071290842e-18 1.42488672620014e-17 1.7577498814067e-17 3.57545528861702e-18 1.69802634418839e-18 2.4013737293578e-18 7.09680309916988e-18 1.03109289687083e-17 1.22709392682591e-17 7.86249177895425e-18 8.48090060608878e-18 4.72976512416483e-17 9.61588729256248e-17 2.27337735223659e-17 9.05341712173242e-18 1.48038787961115e-17 1.15256100010842e-16 1.23239939434856e-15 2.97374568106706e-15 3.11625634654678e-15 4.65266734742231e-15 5.23417151471463e-15 9.48105282557569e-15 2.37895150323309e-14 3.64591120566076e-14 3.04602399590229e-14 9.40319832922667e-15 1.01666435503307e-14 1.21044373760404e-14 4.49285557553664e-14 3.63435318631876e-12 1.69236491564735e-10 3.42398968444291e-10 8.68607808599065e-10 8.81410326865912e-09
8.21232444340883e-21 4.73621602297989e-19 3.12672285611035e-19 5.12451142265489e-20 1.58757767169362e-18 2.61956293080103e-18 4.2270687804169e-18 3.02390919854398e-19 2.92186203495239e-19 1.37265674815586e-17 1.73632214535626e-16 1.11708360477099e-16 1.01243725424132e-17 2.01356099043514e-18 5.10934855040874e-18 7.18274604872926e-18 6.30967144408268e-18 1.17653162532722e-17 7.23039630688148e-17 3.45231051149231e-16 8.34083231407536e-16 4.47257636621225e-16 1.48799866120099e-16 3.3152921976856e-17 1.72776863550472e-16 3.15419672938022e-15 1.46411650677543e-15 4.34070093519921e-15 4.79137658189765e-15 4.65806696296772e-15 6.63261470975894e-15 1.53089727260824e-14 3.27735198353901e-14 1.19335325043897e-14 1.43795087454085e-15 2.37618309888755e-15 1.05242036658712e-15 1.9134617533774e-15 2.56748890441409e-13 1.37961176371849e-11 2.05214049692451e-10 8.54529474219404e-10 2.62589614612275e-09 7.43459338530635e-09
7.19541509910354e-19 4.89128177775453e-19 1.14834268435591e-18 7.06347747204551e-19 1.27647991045213e-18 7.3409380640354e-19 7.00811949409819e-19 1.10016167927456e-18 4.68036764844955e-19 5.5750433176681e-19 2.58176992750931e-18 2.78534061252353e-17 1.001814943362e-17 2.08834846200721e-18 3.4721604739035e-18 9.99708409129456e-18 8.00102485382998e-18 1.52070847589881e-17 1.26999012137076e-16 8.79158735333317e-16 1.42780342333492e-15 4.68888447837608e-16 3.10574526512652e-16 6.35616438802948e-16 1.15994155402777e-15 1.45071178810233e-15 3.61926101949281e-15 5.3967938687911e-15 6.34137901555055e-15 9.79144030990501e-15 1.14512439772785e-14 1.76198538167518e-14 2.75931344213325e-14 5.25688299689459e-14 8.08290553529329e-14 4.2047885967214e-14 7.33535416955114e-15 8.60071660569377e-14 3.74432485528952e-12 1.15007636764364e-10 1.20890777261153e-09 1.51511242018708e-09 1.62421007317489e-09 1.95065896924557e-09
5.2496798842346e-19 2.61224480932706e-20 1.72244686331599e-18 1.59553768731157e-18 1.21124887462352e-18 7.60250986070833e-19 6.98489938345155e-19 7.98399112572255e-19 2.02371137910185e-18 9.09774396078172e-19 1.24597992980635e-18 1.57655749394033e-18 2.07296728543228e-18 2.63671120878112e-18 4.36158382308539e-18 1.17022331821977e-17 1.61051647227079e-17 2.48654940421164e-17 1.92221327254966e-16 1.02128283031032e-15 6.55047926304231e-16 5.99593688580423e-16 5.68354150912632e-16 9.9684095180509e-16 1.53735197042371e-15 3.44073820972843e-15 5.05669130294944e-15 1.98567035590578e-15 2.91178515545995e-15 1.24403300458475e-14 2.04101141136176e-14 8.15523679150097e-15 4.18623987719218e-15 2.68445045387335e-15 5.40233732924036e-15 1.36779748220908e-13 3.90716412830304e-13 5.38943576125234e-13 1.07775791356622e-11 1.24331351408796e-10 4.88085781141168e-10 7.92349086781183e-10 2.63601824346225e-10 2.41899692969675e-10
2.49589957100579e-20 3.38556773971097e-20 2.79384672142521e-18 2.44613733663781e-18 1.99934719120245e-18 1.81736864020301e-18 2.5372508921137e-18 7.8214667468096e-19 4.39317192045307e-18 9.52077526053314e-18 9.33429090567632e-18 3.43440948829117e-18 4.16772735706218e-18 4.4779161355158e-18 6.63765857221616e-18 1.02278391073328e-17 1.10393031449681e-17 4.61656725489697e-17 3.08335973058502e-16 3.14096391886416e-15 3.87217773436472e-15 2.78728464780571e-15 2.19566182112643e-15 1.74702071302168e-15 3.30995006421537e-15 6.6994173520002e-15 5.61532352902022e-15 2.90606983023247e-15 3.49220908735849e-15 1.02120252819966e-14 1.89745288095578e-14 5.14118771947195e-14 3.45519361455382e-13 1.00746945757751e-12 6.64840707141158e-13 2.02309942525834e-12 1.81130539053742e-11 4.70258834500403e-11 1.00470693915963e-10 1.22984747158466e-10 2.66550719355832e-10 9.39082478270501e-10 1.49999605409783e-09 3.92254373053484e-09
1.31601490858003e-20 4.77957540217277e-18 1.57228727168517e-18 2.1809861032171e-19 3.10374834761462e-19 5.18355842943814e-18 2.72365379104301e-18 2.10692022423474e-18 4.97771338153302e-18 1.81534725075605e-18 3.2185928231155e-18 1.80272490764168e-17 7.37344870984422e-18 5.63171651481262e-18 1.78480992747407e-17 3.45030718240555e-17 2.96174012977254e-17 4.98399000359324e-17 3.59868425784158e-16 2.10341595102616e-15 4.77267325978328e-15 8.68023918468075e-15 7.11888844246215e-15 5.82072943964156e-15 9.76049846031e-15 1.78988757810474e-14 1.05036476020043e-14 4.19024707465142e-15 6.15943473807965e-15 1.25304945629766e-14 7.50643001759918e-15 2.09888401561176e-14 1.25569192816173e-13 1.44227163393499e-13 2.4200774527506e-12 5.29343203892554e-11 1.41455232592094e-10 1.59114701356742e-10 5.84293581388589e-11 7.11228237057095e-11 3.23604617069776e-10 1.3593247567085e-09 2.54632710153206e-09 3.19258116160852e-09
5.36405760481816e-20 1.73475461567987e-19 1.55865357888621e-19 6.40569929358646e-20 5.26468306602372e-20 2.52790822759005e-19 7.27849609877738e-18 4.01604478880293e-18 4.78161224093979e-18 4.91305582225396e-18 2.10686202700993e-17 1.07058944476815e-17 4.15615044823577e-17 1.89145198857211e-17 5.4242899350374e-17 5.2110624058511e-17 9.83903610350007e-17 5.12858693071583e-16 5.51480182197518e-16 3.39940002828258e-15 5.07889232844153e-15 2.51199559652101e-15 3.12644488745795e-15 7.13370237248463e-15 1.1617894276682e-14 1.81045423137235e-14 1.32991970386839e-14 1.47340899731271e-14 2.07915566509371e-14 2.22767666308191e-14 1.84317059883608e-14 1.16011921250381e-14 1.9583676251464e-14 3.43412014935702e-13 9.88031307652737e-12 8.45477924247861e-11 2.94443880493499e-10 5.78530165749088e-10 8.42873354141817e-10 1.9099119654202e-09 2.0023667123212e-09 2.42029293344082e-09 3.2044701545026e-09 4.42180919010059e-09
7.40967753041208e-20 2.94601476325443e-19 4.28789736927993e-19 2.94371074247598e-19 2.78958740707675e-19 4.08205738051013e-19 6.31364242698366e-19 1.03728457828828e-18 1.13009870168019e-17 2.09923820560243e-17 2.83760851199751e-17 1.0486568092919e-17 7.44654349850068e-17 6.07230619923786e-17 8.17101401140029e-17 2.16034446247317e-16 4.51246197955153e-16 6.21886961709763e-16 1.05646700118885e-15 1.92958591927796e-15 3.98819535404029e-15 4.85597474516271e-15 4.33667361665913e-15 4.92037730409146e-15 1.16385790038391e-14 1.54723516145347e-14 1.19489594365807e-14 1.11264197220754e-14 2.36685465831486e-14 5.03968605913977e-14 2.31945739462724e-14 2.84050246610803e-14 5.4143112473185e-13 1.79847902368148e-11 8.79504488592344e-11 1.89470667012354e-10 4.03074058077076e-10 7.84041075809902e-10 9.51766941490202e-10 1.79709421854584e-09 3.76040825556092e-09 5.35668420480456e-09 4.98007148770434e-09 6.20681835670589e-09
3.00704757560513e-20 2.2603347781666e-20 5.16043745854632e-20 1.63291809297152e-19 3.19780940056857e-19 6.82765521605094e-18 3.12718117636885e-18 3.80869270047856e-18 5.11850555380437e-18 6.02443408709417e-18 8.14155462433609e-18 1.70296566093235e-17 1.16214608099379e-16 1.5908708851778e-17 7.07009053000953e-17 1.68807488798172e-16 3.36290327423637e-16 1.98723557198889e-16 6.80496228731031e-16 9.79685365462178e-16 1.49038419431717e-15 2.39795444806948e-15 3.07782503090689e-15 1.03433547936941e-14 2.92679595769333e-14 2.38269396029553e-14 5.93584284771386e-14 7.23552841164819e-14 6.62284272435941e-14 4.29117937003746e-14 2.77412526904732e-14 1.01544362866829e-13 3.75203302634877e-12 4.78911505024447e-11 1.17122791060208e-10 2.61968524031659e-10 7.38333347229395e-10 1.08565701359048e-09 9.51369365944114e-10 1.82938972340074e-09 5.228001268138e-09 6.50728183029328e-09 4.75271738730939e-09 7.91827875180529e-09
1.3399057959243e-19 2.18123766306325e-19 3.3024916866362e-19 2.06537346380707e-19 3.25398005447475e-19 7.9618857786502e-18 1.03393480726552e-17 3.81965476427094e-18 3.36663351246341e-18 3.50564274786979e-18 6.74406202332267e-18 7.85433411571708e-18 2.09108121885157e-17 5.17662140373037e-17 8.57374906323946e-17 1.51594315483473e-16 2.71530378078293e-16 1.23913940765866e-16 2.70562156442928e-16 7.49498917008986e-16 1.05108185980483e-15 1.29818644416838e-15 3.82803817374592e-15 9.35980828778484e-15 2.27630625472901e-14 3.43938729692087e-14 4.48896191216618e-14 7.57924955596837e-14 2.14460028784296e-14 1.33994392169599e-14 1.29581869271995e-14 2.61378608220309e-13 2.46940164171014e-11 6.81410247096744e-11 1.03531232654872e-10 2.14867140121574e-10 4.15636736699348e-10 5.9450067853023e-10 6.40390134011371e-10 1.52725104782581e-09 2.87762174896077e-09 3.03909989288254e-09 5.03769878911248e-09 1.1475341807029e-08
3.50235026862476e-19 3.74322075793787e-19 3.45838791861141e-19 2.64105827167504e-19 5.07976828154505e-19 9.07343038065379e-18 1.16598693398114e-17 4.15093805978141e-18 5.60128933307369e-18 5.66618666501391e-18 1.0259048201279e-17 1.80593507298959e-17 2.28905797842086e-17 3.00650012069935e-17 8.49051229848997e-17 1.79577364733402e-16 4.0064190101838e-16 2.47846317464301e-16 5.49884238825794e-16 4.41306883013073e-16 6.24160988054193e-16 1.91808390387791e-15 9.79113958345291e-15 1.27252647701925e-14 1.85369068235016e-14 3.34100523272815e-14 5.99761172530783e-14 6.44974327315482e-14 2.29239784092166e-14 5.72789854907741e-15 2.41231183901956e-14 1.19318196395843e-12 2.78118626107647e-11 7.02727548492932e-11 1.6133726008666e-10 3.5773544722518e-10 5.85118614283683e-10 9.6850845116443e-10 7.78960737147785e-10 1.28841379812075e-09 2.46288640525414e-09 5.31733536330091e-09 1.05708454224959e-08 1.6634322978998e-08
5.38839077623914e-19 9.3031338907207e-19 9.81407695309926e-19 4.0262725826822e-19 2.89829034805128e-19 4.9555664431453e-19 2.41572892398258e-17 1.84578985791496e-17 7.40700881978563e-18 9.95044963030559e-18 1.3999630368145e-17 2.05937156293239e-17 4.16342649870825e-17 7.18155325346581e-17 1.17345573362531e-16 2.21884118371431e-16 3.81244777718586e-16 8.1277268887853e-16 3.85268526996387e-16 1.052329530718e-15 3.86999407111318e-15 5.0604377177073e-15 2.70993538114568e-14 4.709077286663e-14 2.07407013323769e-14 5.21614231004541e-14 7.73989219664004e-14 1.14738214755828e-14 3.04804552249083e-15 1.71342369210451e-14 9.8135914157682e-13 2.02189362194193e-11 5.18452315737783e-11 4.64415440596495e-11 4.65775259358232e-11 2.15236420339282e-10 6.7003518808716e-10 1.51032077077383e-09 2.07937180082686e-09 2.75607676172112e-09 3.37443158566792e-09 3.757840276633e-09 3.98028550963524e-09 1.03369690091433e-08
6.92118170369481e-19 8.10136527200532e-19 8.50228658630838e-19 5.53540439315025e-19 2.10365001062129e-19 1.59523796206091e-18 2.83513353324863e-17 8.29417219733929e-18 1.18750938448357e-17 4.43497915046624e-17 2.43657981674982e-17 4.86640057404321e-17 8.97333249171067e-17 1.24386584264076e-16 1.74282566670125e-16 3.06963939983548e-16 4.86586104438089e-16 1.10879588868744e-15 7.85252052362247e-16 1.50888067230326e-15 9.71447894930472e-15 1.5549128551389e-14 3.74210379326051e-14 4.61701349108621e-14 2.07470847032056e-14 3.78105636050727e-14 4.63039311397831e-14 1.5789465138956e-14 8.93661338351221e-15 1.7349658164747e-13 4.82899804449435e-12 1.57226150645977e-11 2.20750859827915e-11 2.58158871524395e-11 4.76432005255455e-11 1.62311950591897e-10 3.75095736016169e-10 4.59836864362377e-10 6.69331234234355e-10 2.43106670571018e-09 1.06415190084251e-08 1.52155737141572e-08 1.18310465355676e-08 1.81599966880286e-08
8.42676322916314e-18 2.66855236003535e-18 3.51026705221179e-18 3.36310549308122e-18 2.04019827506044e-18 7.0952457235415e-19 8.22704142948157e-19 2.90610275486839e-18 7.75232142535336e-18 1.38253509387243e-17 4.47633349374323e-17 3.9462667229234e-17 6.24972201806855e-17 1.61780422554817e-16 1.27178329100889e-16 7.79194033927436e-16 3.32344886318257e-16 1.79429533657455e-15 2.40645902551242e-15 4.5789715895414e-15 1.0498517699354e-14 2.54342630312308e-14 4.19061975960295e-14 2.69497409338628e-14 1.69523378379327e-14 3.21942556500191e-14 2.21480245054632e-14 1.44063818066908e-14 1.44670454410191e-13 4.54119294643545e-12 1.78999914927328e-11 3.01646747805258e-11 1.4354550578496e-11 2.26436721498337e-11 6.29746791439632e-11 1.26746490202694e-10 3.91861964230262e-10 1.10078921135434e-09 2.89205433916289e-09 6.02607847965368e-09 1.14737662820515e-08 3.09042886003115e-08 3.63250208739752e-08 2.54791896168254e-08
9.58662458456596e-19 1.92445474252329e-18 3.35744133701917e-18 4.58544796810214e-18 5.75900525120113e-18 1.95983131656888e-18 7.47334553341028e-19 6.97549284407982e-18 1.61854363594251e-17 6.93375419379948e-17 3.89900594562959e-16 1.7829558907286e-16 1.43098729121319e-16 3.58905588645976e-16 5.44318938154622e-16 8.47897223816384e-16 3.44628712513824e-16 3.49582592285446e-15 6.95363629383415e-15 2.14194159095009e-14 4.67121069410383e-14 1.19666396986647e-14 1.98948253078685e-14 1.68813861872342e-14 3.00129937944323e-14 1.40883279312705e-14 1.16593924518685e-14 1.83185226634932e-14 2.1292949952884e-13 4.84084688303543e-12 2.47117495391477e-11 4.79560480764266e-11 3.13315982636441e-11 9.83555832688341e-11 1.49770275154406e-10 2.03845003437006e-10 8.55407066967299e-10 1.86673544031482e-09 2.8348308627888e-09 9.91612515725847e-09 1.58558299892818e-08 2.80878107342575e-08 6.13544280962129e-08 8.57079144457836e-08
2.90605947414316e-18 2.65351373551556e-18 3.06633214650328e-18 5.82950446027868e-18 8.69041579236799e-18 6.37717491371604e-18 3.25154210711124e-18 1.36851344625233e-17 2.47708325898962e-17 4.47544838164385e-16 8.04128561470203e-15 6.81570258233525e-15 1.22250691180697e-15 1.56199680777438e-16 8.38575334324938e-16 2.06496637756995e-15 5.12518101199477e-16 8.89400267301807e-16 5.48779577088334e-15 8.85568673231589e-15 5.35730079091796e-15 7.00828764583522e-15 1.06800884315492e-14 2.50391369125729e-14 4.45806939905105e-14 1.85525841257359e-14 1.2521862405929e-14 6.6764612034657e-14 1.59508446843356e-12 1.68447611447801e-11 1.66128801455816e-11 1.44854425261012e-11 3.00948239874638e-11 1.96928671966707e-10 3.4906757308495e-10 3.28218474255205e-10 1.36974480178533e-09 2.99132694931169e-09 3.42146603026824e-09 3.02086743624118e-09 7.15263345611757e-09 3.27877712888536e-08 8.80763627447466e-08 1.36389682313907e-07
3.76934278538819e-18 1.28914150590796e-18 3.27081196762804e-18 1.12096958280662e-17 1.19603554405283e-17 9.0853695111111e-18 4.90977346365404e-18 1.25734484326118e-17 3.14210846498661e-17 1.27632160807453e-15 1.81080873909579e-16 9.22832380498563e-17 1.23570124466555e-15 1.02974863208019e-15 8.52166196799207e-16 6.94379933378191e-16 1.37678944947452e-15 2.83417271221231e-15 5.06349204838557e-15 3.98322268241564e-15 7.37930248740081e-15 2.64975359794896e-14 3.697732755507e-14 3.53103989990648e-14 4.64538071874983e-14 3.26594589144461e-14 5.93964645704394e-14 5.53876186754995e-13 5.482106014197e-12 1.62928169887449e-11 8.33755618832687e-12 4.65675947735926e-11 1.18527828509352e-10 2.71304762396642e-10 5.72189393155785e-10 1.20604639491371e-09 1.51291698310408e-09 9.75498813398749e-10 1.72556196479248e-09 3.29164588736032e-09 1.32032196989305e-08 2.96314539586284e-08 3.23802349738343e-08 5.8576844101462e-08
