Partial ROC data/Echis carinatus.asc
NCOLS 267 
NROWS 470 
XLLCORNER 376490.070567719 
YLLCORNER 380111.488324056 
CELLSIZE 919 
NODATA_value -9999 
[rows 114 to 132 of 470, columns 132 to 175 of 267]
0.000741841511755147 0.000769878130871118 0.000918790352823626 0.000831459197370779 0.000745537856112769 0.000699324343884256 0.000693775999763437 0.000689051050578551 0.000633263152288686 0.000609618719975419 0.000612049872776252 0.00060695435640127 0.000598023767365268 0.00057726282898673 0.000508563644885219 0.000466272003306244 0.000523740220748196 0.00229692415106295 0.0006836256253601 0.000556774547691324 0.000654959551689803 0.000677850561923407 0.000697974312642643 0.000701890332963299 0.000700132796270648 0.00076789353940666 0.000587477874023638 0.000515895351595308 0.000535575711915204 0.000441049062427868 0.000541738686282606 0.000700548022396992 0.000713802541251753 0.000961314101699069 -9999 -9999 -9999 -9999 -9999 -9999 -9999 -9999 -9999 -9999
0.000712502684793234 0.000785322671394955 0.000922556232530241 0.000701096647382157 0.000667715541066116 0.000653903368624991 0.000637301892797522 0.000581980251262184 0.000550078901222972 0.000546070591283705 0.000571677950601266 0.000591682872122706 0.000584978380183615 0.000519274035778662 0.000423484745854887 0.000423818545543046 0.000495480050117875 0.00220652636697241 0.000527636899555619 0.000530639738346489 0.000627649815386008 0.000679776115240542 0.000664433710880629 0.000585976103369828 0.000566788840204478 0.000558742092931077 0.000504596445847196 0.000527941941661932 0.00050197496607774 0.000482717886443931 0.000522527226789117 0.00074208301052096 0.000817838763913834 0.00101959914142916 0.000941107365274963 -9999 -9999 -9999 -9999 -9999 -9999 -9999 -9999 -9999
0.00064483897067321 0.000624421430409642 0.000598452111233678 0.000623735138340833 0.000607796654462586 0.000604233235708432 0.00055237811010859 0.000489251024981655 0.000497988841411122 0.00053298725867141 0.000557208293738583 0.000536962898815147 0.000514008829463977 0.000470464407777222 0.000943648730395568 0.000394692410505676 0.000470362990965384 0.00216406194555472 0.000511701043792574 0.000461983242868711 0.000543772030594549 0.000597290243859734 0.000528807292208623 0.000447728280000293 0.00048310617449125 0.000473051219618894 0.000445481148029727 0.000422486401787331 0.000435440387109534 0.000468357707860397 0.000468735156482238 0.00189188124137282 0.00077580746140586 0.000784879561337423 0.000976328091937925 0.000812332736984682 -9999 -9999 -9999 -9999 -9999 -9999 -9999 -9999
0.000596790962065547 0.000641192052212824 0.000612968507747558 0.000575117729293994 0.000562739939442012 0.000554118231885528 0.000510350682656921 0.000492366512678507 0.000534887670325496 0.000558282160476059 0.000542694278664855 0.000522520265593859 0.000485120968629436 0.000383621153467809 0.000307797693705349 0.000333977992214983 0.000453229147465888 0.00213601753547126 0.00154250911012757 0.00153071152422161 0.00153490303587176 0.00151709369772495 0.000460238020374684 0.000389603865065444 0.000466059592871092 0.0013888927821763 0.000421691760106541 0.000446840398473094 0.000447051702389058 0.00045322001985752 0.000521148421629484 0.00215099847184241 0.000571642345411505 0.000616631136446482 0.000644824369114431 0.000904448951508266 0.000811374061808499 0.000838994768899156 0.000905987492758067 -9999 -9999 -9999 -9999 -9999
0.000549447099174127 0.000568111433490749 0.000535472801050635 0.000550161923612737 0.000548840074771174 0.000557797651860265 0.000590030577874156 0.000560907100170899 0.000605081541226219 0.000595019865661614 0.000548461555840157 0.000538405152442861 0.00125490969289363 0.000402136139681212 0.000329770378272984 0.000343356761806292 0.00123468554109324 0.000544538704030314 0.000381414162304745 0.000364628365162347 0.00033804970404168 0.000490051724144178 0.00125985234015953 0.00037187156152145 0.000361272510249522 0.000369922290574859 0.000472400847680593 0.000410845234215243 0.000427624308191488 0.000439721567989612 0.000415425870173333 0.000586633073283929 0.000485709779823355 0.00051278996479722 0.00054874162235185 0.00063816356634391 0.00080047387555259 0.000952079119967962 0.000995732874802705 0.0032338797209087 -9999 -9999 -9999 -9999
0.000455831968092582 0.000506671904595285 0.000513398589183812 0.00053770264986287 0.000546094672452118 0.000631525260251655 0.000584320882804377 0.00150821565237404 0.000646526580056482 0.000568121498622936 0.000552810030641904 0.00062584395331287 0.000670132561561208 0.000305069376897004 0.00032027812139796 0.000307233445492128 0.000304034685775919 0.000327169560547794 0.000365398634819705 0.000353397184553637 0.000343494834085219 0.000325231806875937 0.000320425304431691 0.000407413065383733 0.0009073090710144 0.000374296098417045 0.000366493343110549 0.000374551777174862 0.000411409004629077 0.000432528955788273 0.000442384377784439 0.000459273094150812 0.000550454369231852 0.000660610976404915 0.000683824617293851 0.000704177774667774 0.000794908937677019 0.00098482244278594 0.000929773855896299 0.000869221761217085 0.000906047629131525 -9999 -9999 -9999
0.000394824230110854 0.000543801602637069 0.000500420356460877 0.000537585541447039 0.000620374233500502 0.000417985999914927 0.0004359257646169 0.000453924014821733 0.000485528089306021 0.000552969495479567 0.000590762335902842 0.00051922131857704 0.000458622085540803 0.000319425529000843 0.000312832571722898 0.000317884765922584 0.000337887246056601 0.00034931746065321 0.000343133523404402 0.00034387287029377 0.000337593336937372 0.000859407092641028 0.000342156642625594 0.000311317233391001 0.000301420952873018 0.000321468642573413 0.000367867268545881 0.000383239596327119 0.000402360197718982 0.000417738296321749 0.000395396581103657 0.000425021511284306 0.000541490226095011 0.000630409685186175 0.000627159699218429 0.000787464169352111 0.000759670007371438 0.000786113585046325 0.000849384250452811 0.000924849494327676 0.000857768961290084 -9999 -9999 -9999
0.000434627199608614 0.000584385823825041 0.000583570575888002 0.000564443128685272 0.00174622148376309 0.000501350186837943 0.000435631290183049 0.000442522275246445 0.00046075443895705 0.000463081311603091 0.000486918679738027 0.000523429673124525 0.000500429004485579 0.000402885580141675 0.000293222432966646 0.000295386383452564 0.000345960988858416 0.000363666633885873 0.000360049176542053 0.000368141805518185 0.000292951590453896 0.000291527807706642 0.000298563219825578 0.000313082048939524 0.000335767646031839 0.000342754547763813 0.000349217652592071 0.000371291768830518 0.000387845714037863 0.000396587157084247 0.000395081946667807 0.000402019703422262 0.000431730297289875 0.000450393912282822 0.000506317702904706 0.000653352538795407 0.00182071402647417 0.000601816937609117 0.000622279508322824 0.000603467964044805 0.000580110035532405 -9999 -9999 -9999
0.000457400584930956 0.000449460194781189 0.000560371316554937 0.000580400869217392 0.000583055668417916 0.000570673892275159 0.000415526782688779 0.000429806510169553 0.000444484762683884 0.000460400787316781 0.000451857834059775 0.000423041411859352 0.000396815856771478 0.000330448208703365 0.000270318886114645 0.000296797230241568 0.00105775179869325 0.000358929669474903 0.000346247513588661 0.00107799920840384 0.000318662718670941 0.000316910117158874 0.000790927951419271 0.000311208787296242 0.000290497555629348 0.000292844644326251 0.000322922753219298 0.00034364892421897 0.000362981880685566 0.000385900430187805 0.000393488562252128 0.000392315460391185 0.000396575564787902 0.000400223953209735 0.00045722628272098 0.00053210257333657 0.000555380371654012 0.000555277175309128 0.000466225865217696 0.000505636352914024 0.00052429362534431 0.000548766378437688 -9999 -9999
-9999 0.000460033847037759 0.000437548408065372 0.000409904948369651 0.000380845456706729 0.000355210607207731 0.000371161903957227 0.000401038129922862 0.000418882427590787 0.000390936713504046 0.000321330842474333 0.000289539360203865 0.00028042705642121 0.000264388875316342 0.000266230780689542 0.000331366131985799 0.000408538293207835 0.000261074910317375 0.000335154945778318 0.00145314552086182 0.00103669110978244 0.000339063584798786 0.000261771973700828 0.000270662413960872 0.000294283339647323 0.000316547694012794 0.000311688966991844 0.000329106919304241 0.000338342451167537 0.00035946301389784 0.000370395073145937 0.000376192571315918 0.000357872383620194 0.000379624162622697 0.000422057546131515 0.000398107310017312 0.000400640070372782 0.000402885987475367 0.000430798882370763 0.000496062454216484 0.000530956500250365 0.000560390636235806 0.000583671827900903 -9999
0.000427995754025838 0.000396262036409066 0.000396548969798023 0.000397656065373665 0.000363342486105007 0.000317394655699395 0.000295818920871868 0.000295496105398227 0.000309172177982587 0.000284770014375723 0.000267686684782862 0.000267842121325121 0.000251055802477484 0.000694900224164699 0.000730584116696677 0.00033261400855825 0.000252236976113256 0.000267031383217609 0.000254496134225722 0.000373096245155696 0.000374980456759104 0.000253491081626822 0.000272932047406382 0.000279934627570525 0.000289543575763559 0.000276773450321979 0.000280471635133657 0.000282371658705691 0.000295648757810514 0.00033841633641647 0.000353989538029802 0.000365585844941701 0.000384980276537539 0.000369031913704666 0.000387137521375531 0.000400627869863986 0.000409531096524777 0.000429697764431113 0.000464798975490548 0.000505591512815928 0.00053946224390653 0.000567826229070425 0.000582344082446228 -9999
0.000330187444921158 0.000340013380858745 0.000363309361385086 0.000445834419269168 0.000326128909882458 0.000304636651222709 0.000288275733712348 0.000290447261181968 0.000326389685478486 0.000850954063856707 0.0010591616665642 0.000316955271366784 0.000281201486065351 0.000364678041976154 0.000237046562244572 0.000242382629540097 0.000254713122312656 0.000275512350535504 0.000276898558780485 0.000236582525118774 0.000238047858978071 0.000267988768273286 0.000673103706184767 0.000683249650739177 0.000277173158017973 0.000269887592525615 0.000281286512334873 0.000292174344415916 0.000302005905632306 0.000317830094561581 0.000341166462768646 0.0003626202386609 0.000338045708574047 0.000339626420278235 0.000378600323464962 0.000385696673434998 0.000395874370691548 0.000431591711302106 0.000435276240416213 0.000505302059780772 0.000544403750319635 0.000561773133946734 0.000677377022842393 0.00123996469612431
0.000324713861931332 0.000211743177898463 0.000365807821335446 0.00050591485592758 0.000314547561861055 0.000291916329660137 0.000283690788323166 0.000288465661501468 0.000284181504728614 0.000428432403528992 0.000448915298686105 0.000222951124996778 0.000222073505528431 0.000294956514399338 0.00069643840203362 0.000276861574818549 0.000244961533579177 0.00023832541949668 0.000244993354378989 0.000274227213210108 0.000678941595828537 0.00087342070756717 0.000342381383328431 0.000235305943047803 0.000239067926679002 0.000258935610119357 0.000280297037604887 0.00071938954766669 0.000332854526213139 0.000376986774359131 0.00036873506661811 0.000333324132570364 0.000344342925467575 0.000353904402745686 0.000360078488627131 0.000374261587569276 0.000392489466902836 0.000391608766719465 0.000432361438490955 0.000512769808980617 0.00053694108409055 0.000682420124750351 0.000731610559776668 0.000882417000816368
0.000268157928263753 0.000263347887210465 0.000338229159900783 0.000490468886774484 0.000325921102457835 0.000286257331695155 0.00026713327257826 0.000247129476287129 0.000245375897777015 0.000234612935709177 0.000237960609191435 0.00029542159143393 0.000321127968894719 0.000273335294013136 0.000248898201303724 0.000225220310864037 0.000232726153103552 0.000247731837987011 0.000275470733225999 0.000308723445009769 0.000232212369204869 0.000231921392765861 0.000242588406934442 0.000255358059180989 0.000254634188415499 0.00027170738704892 0.000981338711761481 0.000445867196045931 0.000442418201927418 0.00100183442222146 0.000386626431902926 0.000355740590329327 0.000331743955375507 0.000336514592803529 0.000343216279524598 0.000363137284376226 0.000389520524275896 0.000410681992524156 0.000456633786489634 0.000677745226078894 0.00210612980100169 0.00078260943671449 0.000764728230623215 0.000855550974015559
0.000786496851638879 0.000301225627684148 0.000255715034253179 0.000302811897982109 0.000328026726586741 0.000836331072069579 0.000316892270502741 0.000229195683712847 0.00022160368999746 0.00024415884601006 0.000361415704227625 0.000463017811008207 0.000479265350293537 0.00045989054898841 0.000414547195465062 0.000316799657120975 0.000615490966819052 0.000643043872138923 0.000865856969007729 0.00028977791953576 0.000227871921632612 0.000233332359196594 0.000248190945516428 0.000250755296626687 0.000253713142498407 0.000337388724316914 0.00152687672142254 0.000413338533547574 0.000365272132345885 0.00034940995284297 0.000356078074764782 0.000389700336592827 0.000366861301716688 0.000332421953618124 0.000338330412427016 0.00035667732540981 0.000378399689181164 0.000413370590932868 0.000452783486114623 0.000543786714447297 0.000627824585403086 0.000723718347729167 0.000810193829224899 0.000841698942349583
0.00108948041167165 0.000292200872665797 0.000261761411629989 0.000335129526348323 0.000260743789642682 0.000243475391851525 0.000222927556858218 0.000241223245154089 0.000262145771003366 0.000289945399478019 0.00039578526876637 0.000449693247377315 0.000439176155818135 0.000414590566061419 0.000377684482681444 0.000259272648526047 0.000196232812114136 0.000200938682590616 0.000301446853752151 0.00025621604222203 0.000222290643411637 0.000588613062813639 0.00025541864264815 0.000243989979141898 0.000248679859066142 0.000271784890415315 0.000312941673114858 0.000344368583016768 0.000377743590360391 0.000374393928612883 0.000371281725799903 0.000380750984129529 0.00038232868498914 0.000365691644575527 0.000355390280342601 0.000350635748096583 0.000391750601058847 0.000425072390929009 0.000426451667741799 0.000463277826991686 0.000578839872275042 0.000700846198402446 0.000772622444911526 0.00075556418142095
0.00106160565590903 0.000281710335230121 0.000255901173653395 0.000322888987670787 0.000218706362377053 0.000207340667761652 0.000207252418996368 0.000272668143240769 0.000398611167762233 0.000369154195395966 0.00039538009235989 0.000374332174493254 0.000343830168367934 0.00032868027085501 0.000308125936344788 0.000260662037093691 0.0002171558613333 0.000204314654853529 0.000239827038019175 0.000240563212200653 0.000236873711180794 0.00100832209858104 0.000272233059004774 0.00023413865753337 0.000243274170014955 0.000265680850125727 0.000312585273172317 0.000352759372643596 0.000356501392965255 0.000331293873025262 0.000328349537233452 0.000348372413628135 0.000350028663800691 0.000351717495446148 0.000413990077778086 0.000404972629489305 0.00040030437121637 0.000399213888305375 0.000392340431755689 0.000381037758235412 0.000422964922031047 0.000523633612852493 0.000734650571385906 0.000771026660546596
0.00105948062448395 0.000278077340786364 0.00024459052230537 0.000850395272413115 0.000246857074788888 0.0001973142065867 0.000206874588615322 0.000225363684368125 0.000288995681910807 0.000357432854391372 0.000355082804323932 0.000322002862684349 0.000285582480576788 0.000289544354475323 0.000286167875804694 0.000263699256548444 0.000234388912908636 0.000199638268149017 0.000236335060370809 0.000232134986930587 0.000181723708109931 0.000191850638448822 0.00020767239433755 0.000230600538993037 0.000240662416869839 0.000257486477412887 0.000298073371804882 0.000336503560566424 0.000324582924117471 0.000298119930788378 0.000293535876470723 0.00030780135352578 0.000322290974667583 0.000340665150948784 0.000396768557103967 0.000382035807184918 0.000375402879379556 0.000342237845524145 0.000364239474355241 0.000366908305699211 0.000383928084384458 0.000415647212564165 0.000446777593054329 0.00054337483881323
0.000185668199379042 0.000179322423442579 0.000184166558315501 0.000187847315343075 0.00018605759414486 0.000194827944154045 0.000226936204650521 0.00026314840590663 0.000254505701275167 0.000306045644663463 0.000318541048418629 0.000277057292277769 0.000265831735672833 0.000278496783777369 0.000271027759935867 0.000252529376040772 0.000229086153253037 0.000190533991331253 0.000180298459843043 0.000179226120928374 0.000187670870673673 0.000196283638564451 0.000211944554466155 0.00023757251707467 0.000259754524683335 0.000271719823665847 0.000277433655334154 0.000265243850492659 0.000261574421602656 0.000269879427749759 0.000277084453333814 0.000289407831182752 0.000305488482954781 0.000328375847333577 0.000356279694528845 0.000326666832753828 0.0003234456311931 0.000324514006764977 0.000348628774588304 0.000355560414257469 0.000379498950890215 0.000390101627355989 0.000398180101273617 0.000445606642983747
