Partial ROC data/Echis carinatus.asc
NCOLS 267 
NROWS 470 
XLLCORNER 376490.070567719 
YLLCORNER 380111.488324056 
CELLSIZE 919 
NODATA_value -9999 
[rows 323 to 341 of 470, columns 132 to 175 of 267]
1.20728961592757e-10 3.06365585363559e-10 8.05274180781015e-11 1.57776412541954e-11 4.44240470404026e-11 5.53921657809123e-11 3.27969218491482e-11 2.03336511202744e-12 1.00518345764866e-14 2.8774478844378e-15 7.50500404616376e-15 6.23812368218216e-15 5.23341198498031e-16 6.98544936652868e-16 4.35638762773673e-14 1.54005752073569e-13 5.7920952727542e-14 1.38557752261706e-11 3.56437543785854e-12 3.92550898509072e-12 1.68826926309707e-10 2.50296956054158e-11 1.52286028637838e-12 1.55402805081097e-10 5.43234037403213e-10 1.68845810844763e-12 1.99338462243259e-12 3.86056070875056e-10 2.31459064757705e-07 5.03732050936224e-06 2.73810044847386e-06 4.55604409146201e-06 1.39026708298017e-07 1.12542282681987e-09 4.67166089434277e-09 5.47651664165896e-07 1.35727963799242e-05 3.81631038265932e-05 6.85960423962425e-05 1.70183658082611e-05 1.3704025697015e-06 1.39519358926058e-07 4.63680119090181e-08 2.45664325880322e-07
1.98082967068237e-10 4.2870060203905e-10 1.17383361035708e-10 1.5081533029251e-11 2.99418507862836e-11 3.73781573416188e-11 2.54863525715311e-12 6.08399076916334e-14 1.67747062297562e-15 1.22736772367821e-14 1.72344444419699e-13 3.85681474919979e-14 1.93288465321258e-14 6.65014477030938e-15 1.58852769013791e-15 8.53073988557022e-14 3.20010538812969e-11 3.97208532519747e-10 1.31036980093222e-10 4.86435391352134e-11 5.51714036460212e-11 5.11316612354452e-12 3.47005594901435e-12 8.58137153520226e-10 1.13961854526656e-10 1.05928300197738e-12 2.88147716105829e-12 4.53329385334317e-10 1.21078395335195e-07 1.30755514304407e-06 8.55411938552174e-07 3.22226411261963e-06 3.11773614821387e-08 6.50764065756239e-10 1.41510544509515e-09 1.44661009602611e-07 2.52423222049094e-06 4.3101197302243e-05 6.00518750705187e-05 1.80034178868645e-05 2.07208691593358e-06 2.47986055704157e-07 1.42250831954691e-08 8.93452126103721e-08
2.53028753769452e-10 9.94225885917854e-11 1.50628385093098e-10 1.56261750876863e-10 3.20343882543688e-11 1.33611471919418e-11 1.0255245655689e-13 6.94465450412466e-14 8.2794771640189e-13 2.42884470658526e-12 9.58899270268404e-12 5.32423352067582e-12 5.67299644935288e-13 2.94823414661383e-14 3.15638913002302e-15 5.58218604570738e-14 1.34593261991574e-11 4.5730357543078e-10 6.75506421493519e-10 1.1320275751505e-10 6.88379939684119e-11 7.47023930137745e-12 1.91339466936442e-13 8.66711372176045e-13 6.71272882853037e-11 3.99417657472439e-11 1.10291049575979e-12 1.4850155879828e-10 1.69105163540413e-07 2.09686638092979e-06 3.84122145386146e-06 5.32777528611968e-07 1.08249887201115e-08 2.33081821990816e-08 4.76883886133306e-09 3.08589822565577e-08 5.77956585551911e-07 1.50915154053928e-06 1.59212418671534e-05 2.18555947985984e-05 7.5838363488556e-07 1.27805800173137e-08 8.99907388396849e-09 3.93356319666841e-08
1.59231040271428e-10 3.06031274111684e-10 5.4648016330785e-09 2.22021810309844e-09 6.60309494281864e-11 2.5221273637225e-12 5.9605804729943e-12 8.52806127209875e-11 4.23130981464691e-11 1.70154243273975e-11 3.10910580482705e-10 3.83708734886478e-09 6.96386746604061e-11 9.07875314958189e-13 3.3143711442268e-14 3.91753771444458e-14 4.75191836076482e-12 2.41264567911759e-10 1.00039888363456e-09 4.61847827124819e-10 1.52306200092691e-10 2.33860295848209e-11 4.77541345848711e-13 4.60134640804589e-12 2.26067832920459e-10 5.74707556711579e-11 2.49370279315428e-11 4.13541411662407e-10 3.46264551827045e-08 2.7669393055028e-09 1.02191173828434e-07 9.09617283269112e-08 5.33210193562325e-10 3.29858201923748e-08 6.72313402621576e-08 6.85395540696662e-10 1.40344091057132e-09 7.42881919579793e-09 1.65438247507403e-07 5.17775134818906e-06 1.92233736042062e-06 1.5709464215621e-08 1.17605309984376e-08 5.93409414314363e-08
1.0417577730087e-10 1.07638957144597e-09 3.21785485714866e-08 2.04097012421085e-09 1.37913262909329e-10 5.26961487399686e-11 3.34979269261147e-11 4.9223091330218e-10 1.48576394487426e-09 6.86208740881005e-10 1.41175792381455e-09 9.34562247682879e-10 5.39653274775662e-11 1.9313074414117e-11 1.62898813235054e-12 3.26359542397187e-13 5.91137175205792e-12 7.697643718404e-10 1.14328144575524e-08 1.95400520480191e-09 2.77511275032169e-10 7.83182749039677e-11 1.23759404962632e-11 1.36806372211e-11 3.63013540262528e-11 1.5604159630371e-12 2.84006537952871e-11 2.84668134822985e-09 2.58868205188514e-09 7.39176878566537e-10 7.78606145740132e-08 2.94113675286381e-08 7.84290778294644e-10 2.79959020457529e-09 1.10565636257914e-08 2.32762418401646e-08 8.8552961995585e-10 3.09456099203174e-09 1.73296124448591e-08 1.14327479566801e-07 1.87454674471468e-06 8.43667156131712e-07 2.17055597674625e-08 1.8365003292359e-08
2.93616046952043e-13 4.76794145532313e-13 1.01555884449357e-12 9.05437264931054e-12 1.04294469721688e-10 1.6471819789975e-11 4.1170640395433e-11 1.47447606360332e-09 8.82883983577005e-10 2.64453869601246e-09 4.59418893556045e-08 5.17731056171918e-09 1.17010833552721e-10 5.02140847226406e-11 6.60497094720793e-12 1.24743939000971e-11 9.12228223496293e-11 4.26483854489335e-09 5.82653605565105e-08 7.36286996135766e-09 1.06456124800051e-10 7.52785713018269e-12 6.91811883615792e-13 3.10562102312426e-12 8.47486762514608e-12 1.59954400743887e-12 7.03595332187682e-12 7.88836347104598e-11 6.24486249664787e-10 2.56842265332966e-08 4.01761186192256e-07 3.0169008055911e-07 9.820793729294e-09 4.80611865417808e-10 7.68306283809421e-09 2.0415907754849e-07 1.57397135928398e-07 1.27733652157445e-08 1.1516330606136e-08 4.40722048118916e-08 1.21821777762166e-06 1.56054454366871e-06 2.141548062017e-08 5.41649763215952e-08
1.90539675809649e-13 3.51874489971511e-13 4.27770724383864e-12 3.94294875529781e-11 4.5863009734309e-12 2.25217347856964e-11 2.32644885187603e-10 1.90427056669059e-09 4.36060054821293e-08 3.63234417651755e-08 1.71956010967856e-08 2.39947769126592e-09 9.06143480690379e-10 2.73170857208618e-10 1.78745068844148e-10 1.84999666473949e-10 2.15518998358682e-10 5.61596284867519e-09 8.15842660152662e-08 7.31273168393076e-09 2.31177704428775e-10 5.68836438022669e-12 1.53443419644564e-12 2.2011073460409e-11 1.27964487202163e-11 2.26356175211995e-12 1.28721006470075e-11 3.80531150573832e-11 3.24454122268656e-11 8.7693373461976e-11 3.52264048646218e-10 6.19872002070327e-09 9.37558845663004e-09 1.38364136960219e-09 5.36032119682859e-09 1.88184723867625e-07 9.23215710644434e-08 9.11571522725672e-08 4.71895068727817e-08 2.320919173716e-08 4.26533048631981e-07 2.99444607577016e-06 1.78403053797368e-06 2.96468292578906e-07
6.49226094976016e-12 4.36810220598435e-12 5.00232439568756e-12 2.83388881047453e-11 2.5664338428556e-11 6.86891604648649e-12 2.25225165595937e-11 1.43477471999078e-09 2.67800322759222e-09 1.9791773769737e-11 7.08977053132967e-11 3.4122907438637e-09 1.7527875508335e-08 5.13958440412689e-09 6.81487717233279e-09 3.09728371866649e-08 1.77922233481642e-08 6.9898052958873e-09 1.01704737356628e-09 1.17957603810131e-09 1.35908201511219e-10 3.26815132432014e-12 6.58280681007355e-12 3.37974809663604e-11 5.72452155210088e-12 2.63328523440895e-11 3.30034085244257e-11 5.343844658039e-11 6.6242591765094e-11 4.29459255061548e-11 1.04089785193257e-10 3.2481947666303e-10 4.6492148776761e-10 1.13530349717975e-09 6.50352611656881e-08 4.85064598735631e-07 2.65485939605854e-07 3.38002200456118e-08 1.59063870486367e-07 4.62908598331411e-08 2.24757558800469e-08 1.43681063766634e-07 2.01633590778973e-06 2.60644794074576e-07
3.42434250984792e-13 6.22491481304064e-12 8.92210197916799e-11 1.1985447895654e-10 1.97791227372363e-11 1.74068684770262e-11 5.27840339559617e-10 4.6441857539172e-09 1.28581952629801e-10 3.92657606135677e-12 4.86940781844995e-12 1.45593986622107e-11 5.17252145599781e-10 1.5834336079303e-08 8.73955812983378e-09 4.9496127743258e-09 1.06600704194671e-09 2.53484579696309e-10 9.89105418408527e-11 1.20108476632786e-10 6.32993645780199e-11 9.33502499432873e-12 5.15758693907799e-11 4.51805676371049e-11 4.2493989615792e-12 3.76812996715073e-11 1.31124792851747e-10 1.28165654798454e-10 5.34320727432879e-10 6.33553096710711e-10 2.77499009246593e-10 2.44819816390804e-10 1.63066439460736e-09 8.7720657119542e-08 8.63445031111975e-08 2.20633942909807e-07 4.98732832157852e-08 7.85740514779054e-09 1.88607265478314e-07 1.43158586991115e-07 2.50549452106693e-08 3.21472274533889e-08 4.3314095810818e-07 3.41381938017181e-06
6.92008173872683e-13 8.5710179412796e-12 5.19706314364564e-12 4.4046408012463e-11 4.15800666784326e-10 1.49279555756044e-09 3.35849409617876e-08 5.96778333602581e-10 4.83748157437136e-12 5.5484802574315e-12 5.58239813319739e-12 8.65574901093982e-12 1.95063156230226e-11 3.13683727198902e-10 2.25346948274595e-08 2.61853275136264e-08 1.14075161056485e-09 1.8933834781494e-10 3.80170517347515e-11 1.10537498082441e-11 1.22095799701325e-11 4.33794574225169e-11 3.25884173061739e-10 1.27480056727435e-10 8.96553611031804e-12 1.14711803591807e-11 2.39773920077097e-11 5.07183555450149e-11 4.83212609675824e-10 2.12272050505783e-09 5.31359242448098e-09 8.39189515351047e-10 9.0926854959281e-10 1.19842833499844e-07 1.12040252935671e-07 2.18281443545417e-08 2.80639979620512e-08 7.24927541646355e-08 2.82470251760751e-08 2.87550427533868e-08 1.12254584192086e-08 2.36392543789994e-08 6.31635924905274e-08 4.50036354223544e-07
6.61173709677035e-13 4.87631163153846e-12 4.59110706629525e-12 1.48579227306695e-10 1.84672034563128e-09 2.97141970342186e-11 8.95259445228321e-12 4.80513108175289e-12 2.11430056072896e-11 4.49329665766567e-11 2.79129049842283e-11 2.80099817926101e-11 1.80029543071422e-11 2.70853594372113e-11 1.9463922585579e-09 2.00481044608647e-08 6.84853659362327e-10 4.11507206082276e-10 2.07186611541322e-10 5.86052569694093e-11 1.88552848358947e-11 1.16617942257249e-10 5.07274752573254e-10 6.20632549013295e-10 1.43977219583602e-10 2.22952082397318e-11 1.44808097594946e-10 1.7097932921996e-09 3.31554336770373e-09 2.84022347591449e-09 2.31019116417073e-09 2.47457827455146e-09 2.74043338904257e-09 5.1109245519121e-09 1.02861057664831e-08 1.70675869304642e-08 1.6849328705076e-08 2.51654308819684e-08 1.35319158698776e-08 3.14016627111095e-08 1.1398864870818e-08 2.48049776848568e-08 3.42847356530695e-08 8.19602460558692e-08
1.28593954874811e-13 2.43382188764652e-12 1.42443554707259e-11 6.69377385047887e-12 3.70701257843546e-12 7.15374628574374e-12 9.98868898732315e-12 2.03485910326451e-11 4.19590672433429e-11 1.20430277615558e-10 1.46805970464078e-10 1.5819737267281e-10 6.79144269537323e-11 1.03529286208158e-10 2.49502949324482e-09 2.24241931776649e-08 2.66940897600878e-09 1.44674554338383e-09 7.4809406904492e-10 1.57579812497206e-10 1.45145775056012e-10 4.99858167851412e-10 6.28491679105304e-10 7.5185243902552e-10 2.32403221488431e-10 1.57393309271922e-10 3.73084579471287e-09 4.62348895765719e-09 3.29331280115969e-09 6.65020066488187e-09 2.04959620315254e-08 3.19122701682271e-08 2.69551636008692e-08 8.56859470774779e-09 5.47899240440641e-09 9.9259957375181e-09 6.55386119119545e-09 1.083844499787e-08 1.517487073987e-08 5.27442774849746e-08 1.4463231172162e-08 9.17350171625781e-09 2.72739175573782e-08 7.00990871657701e-08
2.67278680291557e-13 1.69168598859078e-13 1.67580155532604e-12 7.60161990230799e-12 2.27139865614022e-12 8.58142396946861e-12 6.55696433506041e-11 4.09248536074953e-11 8.22577604651861e-11 1.95673074650137e-10 1.73732089134483e-10 1.74530124614136e-10 6.23795160062104e-11 4.02416716531634e-10 1.57071883157746e-08 3.63899824485178e-08 3.89326573786788e-09 4.07936818303817e-10 5.3531140339277e-10 2.35240384242201e-10 4.37449629482809e-10 8.8533684995329e-10 8.55644790701309e-10 9.97324523587601e-10 2.41654615902616e-10 1.56482978115775e-10 6.2319012208069e-09 1.40308753132224e-08 7.3819644098876e-09 2.45151796804965e-08 5.94697528696681e-07 6.95299488225209e-07 1.12851433565674e-07 1.50975291535779e-08 1.18495413550363e-07 1.55782527075717e-07 1.01412729527975e-07 2.81029839987601e-08 1.46322753521475e-08 3.38015192183203e-08 5.86570766675552e-08 8.81301780671881e-09 1.76998454928586e-08 1.021493681679e-07
1.47998190535e-11 8.4988328522179e-12 7.30822409125594e-12 1.13135538640379e-11 7.6411820054453e-12 1.03138578921511e-11 1.48934376676136e-10 5.68219637730067e-11 4.37949966399041e-11 1.05623390339228e-10 6.17255839446289e-11 2.53618353217446e-11 3.05132232427218e-11 2.67284017560023e-10 4.78299205974168e-09 1.95958388971128e-08 8.84245953835785e-09 8.52657923572121e-10 2.54627686660957e-10 3.15301815259992e-10 5.38613677748547e-09 4.29850792310011e-08 2.45197419547945e-09 2.01227827740839e-09 5.36761186421241e-10 7.49115562603172e-10 1.12985643339411e-08 3.17343701080968e-09 6.78533036076112e-09 7.57377902548614e-08 7.26279551182231e-07 2.79362199717466e-07 1.82775630124719e-08 3.93231430244792e-08 4.91261601582418e-07 3.2764319160535e-07 1.76827492000447e-07 2.22477138385656e-07 7.87088980301123e-08 5.82861959623197e-08 1.19163861393923e-07 2.91888200627048e-08 7.71000926396665e-09 2.95803740970207e-08
8.73444038387171e-10 3.0914907843728e-11 4.76576659975906e-13 8.80003248014868e-13 1.33027264885503e-11 3.06185803691932e-10 1.78328464447948e-09 6.73076771927461e-10 1.65078109880898e-10 1.72670607020484e-10 2.15437215604718e-10 1.33380485676566e-10 6.87279381837066e-11 6.80948463927469e-10 8.62346369392021e-08 8.23404256747869e-08 5.13105120474105e-08 1.24376320827248e-08 6.97668034480529e-10 4.47760526735342e-10 1.08172400532373e-09 1.71917934882557e-09 1.34899614368601e-09 1.55495673888192e-09 3.26912237586365e-10 9.46652373026341e-10 1.31997928954052e-08 3.5438417762106e-09 5.99617925291084e-09 1.49983091967867e-08 5.10147493544478e-08 2.500314468753e-08 7.95486423702505e-09 4.30950543582105e-08 5.54503436885262e-08 8.32410611183735e-08 4.5314956595992e-08 3.77279199981105e-08 3.6014578330005e-08 5.26764547997871e-08 1.19422195112721e-08 6.68920443343272e-09 6.76526807147788e-09 8.28269665564279e-09
1.48930577115239e-09 2.99076248480188e-10 1.67677201575316e-10 8.60468206577445e-10 1.39491475313804e-09 2.11376153207654e-09 2.48399084057262e-09 9.71340980725911e-10 1.31312973516857e-10 2.03821168104967e-11 8.19181855093304e-12 5.59207807657707e-11 9.02883194443043e-10 8.49451654630704e-10 6.69843823328466e-09 6.30326144468115e-08 2.73767963314177e-08 4.00660729732019e-09 1.01434540516952e-09 1.55426865756258e-08 3.43200814511906e-08 3.13164072058549e-09 1.27363825556071e-09 1.70668311158838e-09 2.71249040306132e-09 3.98965121110367e-09 3.23158296763563e-09 2.62269113953084e-09 3.93837997603532e-09 7.26233729384021e-09 5.63465337397851e-09 5.68194403094472e-09 6.01138851499299e-09 2.32303391934705e-08 5.50803535500259e-08 3.01937968086338e-07 2.2236910242813e-07 2.6979162400852e-08 2.76991824024106e-08 8.89425143413877e-08 9.2213080699592e-09 3.12044918024905e-08 6.32912543962755e-08 3.83617813244303e-08
1.79759441686692e-09 1.90709948331263e-09 2.19149085459902e-09 2.50922345509828e-09 2.49392236325762e-09 2.69256215015586e-09 1.12341536364427e-09 4.07565070215835e-10 2.41744345828236e-10 1.28662146019625e-10 6.14890020634911e-11 1.81180609221724e-11 1.77638993685156e-10 5.53958536044268e-09 5.61295403643241e-09 1.16064187748972e-08 2.46278447222436e-08 2.10325516116943e-08 1.31185933625802e-07 4.79949098867007e-07 2.91753674831802e-07 1.4691845217766e-08 1.39285209968677e-09 1.30971996850658e-09 2.00236707464273e-09 6.87546772443253e-09 6.30877046570459e-09 8.32609793947729e-09 2.21929586559477e-08 1.25520764457732e-08 6.53335342350041e-09 7.69905857834965e-09 9.51183325720401e-09 6.29372420919926e-09 1.60337218780078e-08 1.27971641156082e-07 1.09419112508104e-07 1.1651770439677e-07 1.71179652225038e-07 2.30875282729988e-07 1.94133538846441e-07 6.81178112697133e-08 1.32917067444336e-08 2.76314640934785e-08
1.47567230350629e-09 2.2842906976681e-09 2.84473007495066e-09 2.99940539725709e-09 2.87905091167568e-09 1.15772231526776e-09 4.51065044110661e-10 9.61335160096482e-10 1.11750446763815e-09 3.82781300872618e-10 1.07062386805974e-10 1.95292620219947e-11 2.08965070545136e-11 2.29639737468679e-11 2.86827466611234e-11 5.52904482800479e-10 5.29305565878846e-08 2.14977858644343e-07 2.24696725439311e-07 2.47922970876554e-08 3.12661231321488e-08 1.72867017990677e-07 1.217488727954e-07 9.74321309325504e-08 2.396633524944e-08 3.6504846933887e-09 1.19211198310169e-08 9.94539781051348e-09 2.07976114161296e-08 9.51778950172591e-09 5.89283630677889e-09 6.76634505824995e-09 6.64790363683728e-09 6.98937495690846e-09 3.70520395143529e-08 1.36071698935958e-07 1.81609761124318e-07 2.18161012545228e-07 4.65198178746551e-07 2.99402023571318e-07 2.71064652663201e-07 1.10886043773018e-07 7.97312501030022e-09 4.08047328339185e-08
1.47341303134673e-09 1.26817547968801e-09 1.75199751494794e-09 2.33024372511716e-09 2.93452321713627e-09 2.91408895412097e-09 1.31797162739549e-09 6.60594931931921e-10 4.74128445696971e-10 4.47264183832522e-10 3.49951933772247e-10 2.38534905606247e-10 9.53395073582086e-11 2.72682011834371e-11 3.03357547943475e-10 1.90719536281593e-08 4.16907799379766e-08 4.90417272883914e-08 1.03522069868121e-08 2.83322272702072e-09 1.94509647001277e-08 1.55976384760907e-07 1.14213550054511e-07 1.4736209824434e-08 2.45533192150637e-09 4.6386644600379e-09 9.73900101621146e-09 1.41729766899777e-08 2.08327067322807e-08 1.11167131524801e-08 5.54468890554876e-09 7.34370994709806e-09 6.48172650418734e-09 7.44629060020325e-09 6.492267586009e-08 2.34027281611284e-07 2.1104875116658e-07 4.02911341541859e-07 7.775038006401e-07 2.89004621735357e-07 2.24156329894272e-07 1.04829491804554e-07 9.21017155736377e-09 3.08724495511772e-08
