Partial ROC data/Hypnale spp.asc
NCOLS 267 
NROWS 470 
XLLCORNER 376490.070567719 
YLLCORNER 380111.488324056 
CELLSIZE 919 
NODATA_value -9999 
[rows 60 to 79 of 470, columns 88 to 131 of 267]
0.000441924975267525 0.000652953792564644 0.000538595543057918 0.000411865057110622 0.000401861833189221 0.000668956055086049 0.000443530925143892 -9999 0.000309377719669447 0.000260727875559835 0.000434281430927753 0.000377303352365253 0.000344743684412949 0.00052372996876168 0.000495209588640822 0.000427270693275804 0.00027320057604151 0.000404672107178413 0.000200298310715286 0.000363534703988569 0.00036348858321723 0.000404408888088805 0.000390425721398942 0.000357110974395755 0.000358737750039634 0.000408188618041038 0.000210776901415748 0.000188041669298065 0.00031530142512094 0.000356582416857197 0.000174960783749118 0.000290547948781973 0.000284610348697695 0.000332171067468118 0.000260678277385953 0.000423733753214284 0.000407700659518409 0.000377895735243081 0.000216749848190109 0.000170010441014032 0.000264274232206163 0.000537258206557371 0.000785756131405979 0.00623689438413795
0.000455721464620168 0.000734833278073558 0.000360173668106389 0.000388599257770802 0.000669865785046643 0.000376153829670177 0.000374934643606571 -9999 0.000254834597259554 0.000359047931620437 0.000498008942776106 0.000388905217465 0.000308107583822229 0.000487299064793492 0.000481254045759378 0.000496694378565621 0.000310807366046992 0.00056026709842794 0.000288138333601266 0.000414973826850386 0.000368042243031952 0.000320911534454762 0.000304183431541232 0.000316799823059803 0.00033218604284405 0.000349626377847383 0.000349203028012304 0.000349115066783905 0.000320818012003566 0.000328995293377176 0.000311326313077294 0.000322832076300013 0.000179105922740817 0.00016229657887153 0.000314167149004126 0.000362717572370662 0.000425873009442393 0.000126157276371596 0.000244481551873919 0.00017553661911884 0.000749387416753614 0.000819583958214477 0.00138022917035401 -9999
0.000448706856643949 0.00063521967821743 0.000339005326416005 0.000274818216896679 0.00032946798483263 0.000567109731051556 0.000348193403412081 -9999 0.000214404721150401 0.000271588465451218 0.00050694205555425 0.000296884295611186 0.000272480158146546 0.000472371526907298 0.000474810485993427 0.000533002479937334 0.000500400007335985 0.000409733703136293 0.000329773734152248 0.000340846157862751 0.000441545027755741 0.00047348343928248 0.000195247622165383 0.000361441865689517 0.000179386506285676 0.000356132251828554 0.000185898862679467 0.000328005746077694 0.000305764009946651 0.000303779884992003 0.000300855739518205 0.000309730578010287 0.000298825176277062 0.000284255782612372 0.000274681755531352 0.000273834991561939 0.000291782766856993 0.00018848125299874 -9999 -9999 0.000262626331710231 0.000212541945175979 -9999 -9999
0.000347181669886768 0.000554563204674524 0.000320683765191119 0.00044903963058879 0.000243777879028316 0.000295938953404419 0.00048099754140035 0.000257820523849002 0.000232995200565612 0.000261104173054263 0.000309171143472123 0.000514176704448917 0.000509361548573557 0.000369294956878596 0.000321323221952506 0.000419967831887224 0.00034948692381195 0.000492946674991194 0.000360242157951709 0.000316266366269761 0.000454926142055295 0.000412633880579614 0.000143858277636357 0.000343955639456429 0.000358134673118145 0.000339518895686397 0.000328754319138059 0.000301817932429236 0.000287401281430818 0.000295231627501302 0.000302888384905902 0.000299306408191876 0.000293106146564196 0.000298097978756732 0.000289215344888285 0.000286649859729058 0.000143510761697218 0.000392865950815086 -9999 -9999 0.000178848550990496 0.000172469553722091 0.000122866743307354 -9999
0.000224993506365084 0.000457863197906948 0.000218118205875992 0.000257017052155337 0.000248761135599941 0.000210254045070161 0.000500730297359036 0.00026089220389809 0.000207701401680698 0.000211134785076288 0.000338163132581529 0.000318426213798114 0.000307181536326942 0.000290272748816682 0.000268688510124247 0.000293815165170348 0.000426369049907203 0.000488163718895254 0.000364740439848081 0.000309578440640138 0.000441032634602826 0.000411592115681558 0.000324781454783486 0.000214944988575886 0.000143136445584756 0.000349104671284263 0.00033253698142178 0.000303332239217933 0.000324587321101183 0.000317241858846583 0.000315099013565299 0.000286301785064483 0.000288374366727306 0.00029780890106403 0.000297220081573255 0.000292030736185273 0.000301875744091597 -9999 -9999 -9999 0.000197463250506419 0.000177777426029188 0.000117746607394039 -9999
0.000492674249078902 0.000354431957661688 0.000348535000816939 0.000454449487802885 0.000412656611448417 0.00031398403824315 0.000283833619418203 0.000257915565044587 0.000235008182905031 0.000280928397555157 0.000320535424238635 0.000263188383994772 0.000207047047634716 0.000391275117318735 0.00032404981691486 0.000309528390266544 0.000315243818745881 0.000469051363714456 0.000274057780447811 0.000259368439728458 0.000427905969785223 0.000322690707330724 0.000217369150355931 0.000232694605987294 0.000257430472510871 0.000360485705541499 0.000333755727882933 0.000295765875003384 0.000305235979994602 0.000283255497491716 0.000279782367734556 0.000304607457663078 0.000163840892275146 0.000296431876596277 0.000312436449522901 0.000310338011781463 0.000296499256781896 -9999 -9999 -9999 0.000209879443896061 0.000180550331532447 0.00011926825142435 -9999
0.000400108297137938 0.0004725039898317 0.000434303656664201 0.000227563435041701 0.000235143199193839 0.000304417027301924 0.00029207660310219 -9999 0.000253497934665574 0.000333510052892786 0.000249786823552689 0.000192631286771544 0.00023286938719856 0.000295896851485291 0.000329419308780761 0.000311912664449545 0.000316588864029469 0.000352591596427757 0.000267177568320001 0.000273349097454855 0.000453087740634111 0.000386701501510755 0.000251914789151634 0.000246250330263279 0.00035408763635811 0.000367509652367936 0.000338083210885811 0.000342823195566053 0.000313675287961837 0.000279955089420753 0.000280275046813088 0.000291908718659418 0.000300321596023075 0.00029848327086831 0.000303681938002268 0.000297627809097995 0.000294541499682977 -9999 -9999 -9999 0.000187204466521405 0.000172453065466657 0.00012293095085284 0.000118227024445134
0.000497792141145613 0.000393193700803381 0.000515969523262846 0.000321665511128386 0.000247556624782208 0.000313785342206663 0.000318156853044108 0.000336042891339007 0.000347662501510614 0.000277132759096504 0.00020460672705377 0.000439547860707788 0.000180001147852966 0.000205450683373522 0.000274452454056355 0.00046993744711571 0.000274631951753772 0.000215698178965242 0.000275439831172465 0.000506079737431049 0.000291866191422548 0.000432953290914202 0.00033122365877695 0.000315959345842525 0.00036739164481349 0.000370676114031629 0.000338333387737115 0.00033360692619299 0.000306989699107187 0.000277555709498686 0.00028109519607753 0.00028980094156117 0.000270149031022459 0.000285353403333855 0.00029715548260252 0.000293129882410751 0.000309490114431588 0.000963403630860181 -9999 0.000302994706124489 0.000188367047875173 0.000144734977912996 0.000254737146902433 0.000243122768590446
0.000349656179641136 0.000479688700971276 0.000494954062841397 0.000605194637327191 0.000282115789408007 0.000430925973840706 0.000303100735903213 0.000307281108268523 0.000321087850137368 0.000264012248763216 0.000337139610881229 0.000526575726269245 0.000507847824669157 0.000266807354581963 0.000230387462009735 0.000488809213613953 0.000386763419479849 0.000346082459990182 0.000572798812406912 0.000288737151276803 0.000524990650285609 0.000412716554992204 0.000374088467955275 0.000355794159037172 0.000343304386253608 0.000364676083364201 0.000312016102089854 0.000309534386743977 0.000318343364758148 0.000307158145834327 0.000281404197536845 0.000281941964852832 0.00026577468736757 0.000261468835728137 0.000268050989216423 0.0002733229319721 0.000285552965868473 0.000323525214103197 0.000163132406209586 0.000316322961114702 0.000151261708528837 0.000275443606941676 0.000256561758418183 0.000242288510855198
0.000389346125796884 0.000516917800619329 0.000555159567437237 0.000590022142141165 0.00035274996097895 0.000307935728633106 0.000314881524339503 0.000321697167639204 0.000506477183697389 0.000312102359945786 0.00036739469319247 0.00041551745582482 0.000248086285501993 0.000325775114880501 0.000372292727228528 0.000328559840873354 0.000297203487322171 0.00046217933455321 0.00052877555326477 0.000541377171722507 0.000499117528651987 0.000402159673858313 0.000365384636884677 0.000364111327348575 0.000354533648068133 0.00035654197009869 0.000332878197374589 0.000328837423345659 0.000318349005179315 0.000368751825527204 0.000182241672370565 0.000300612388130921 0.000283736858869613 0.00027718182134249 0.000254962370210665 0.000261011136183345 0.000279009866135123 0.000331579631091429 0.000176954360046264 0.0001564613073784 0.000291228746735059 0.000266129501845552 0.000258281013515295 0.000250180466859101
0.000512289122778975 0.00055759174692324 0.00057230881691687 0.000604887474698668 0.000381402262153136 0.000333657821249302 0.000321872668708949 0.000306578558431709 0.00045066925814174 0.000245867997394586 0.000301972096608937 0.000368207828813449 0.000196422515793971 0.000297252121682344 0.000343557595459688 0.000334400729702623 0.000319292245436977 0.000501832872818356 0.000510594298301788 0.000489839449915721 0.000452303455617821 0.000351722111583593 0.000339969115780756 0.000355005218672895 0.000349354298058369 0.000332430470313735 0.000330972884294427 0.000319299219943234 0.000295164905551258 0.000369558776894087 0.000195125317977341 0.000306785606230178 0.000300280015255134 0.000278966283233877 0.000266031173694238 0.000264900302937119 0.000283696298300202 0.000334881330366766 0.000181586749259317 0.000164288426135782 0.000282118356829064 0.000272012529210815 0.000258605406342454 0.000255819619443879
0.000563760248908697 0.000499103469198791 0.000401024577886606 0.000638917880359221 0.000344774822798791 0.000538427506186832 0.00048649879720958 0.000472960158021268 0.000326770693397569 0.000255810328944524 0.000430940858086167 0.000502721001823532 0.000271356568220211 0.000277146302676963 0.000294493622575936 0.000329835391253528 0.000343045143737041 0.000542649225902051 0.000495252674660808 0.00048914120574994 0.000471231622548691 0.000350428516094039 0.000342944471534852 0.000349004831107042 0.000339386087306824 0.000358274191704598 0.000337593864071875 0.000327578921566147 0.000315400035074958 0.000321804993599952 0.00030019334869787 0.000291539784888673 0.00030457901312785 0.000290148061430639 0.000269873653588252 0.000196856543583984 0.000166052540579712 0.000198035610743373 0.000206102739989975 0.000186891633307373 0.000267691367050173 0.000282597631799737 0.00026338817457167 0.000241020547892693
0.000535148098090862 0.000556463616734026 0.000542897069139692 0.000622586545488199 0.000601609590301946 0.000415429451323857 0.000347230135012467 0.000504579778708208 0.00047982505868128 0.000481048476579053 0.000476527896096091 0.000537422182298007 0.000523598578886827 0.000483455942781656 0.000511519861465394 0.000353947010593904 0.000381773227669945 0.000551335705323996 0.000549252389000674 0.000300737916713555 0.000478220792289619 0.000417920395334416 0.00036237494080981 0.000337801965060875 0.000344299826629842 0.000348955705930251 0.000372847094068865 0.000388933962775852 0.000372346014100379 0.000380635434642216 0.000190521497979234 0.000301959310799331 0.000285503073607394 0.000272779869879042 0.000252041901173966 0.000290389901203153 0.000192984988444377 0.000203496399892879 0.0001897511100775 0.000167761690945247 0.0002896396711862 0.000287767172706345 0.000252252314708754 0.000266697742030354
0.000485287096287575 0.000358852035782919 0.00036853783140283 0.000564526444270863 0.000510631860349716 0.000178121850060359 0.000293046882627778 0.000227791126460865 0.000485899318078254 0.000518807875628656 0.000419140510915546 0.000365808702817638 0.00050666971400825 0.000482457437935178 0.000549681308913584 0.000315628539417222 0.000548798010665942 0.000510526812629821 0.000521432315425319 0.000297011128559794 0.000264552675156989 0.00045993888510049 0.000475908691603507 0.000196364002168951 0.000368132071193391 0.000400705534900564 0.000419961518505883 0.000427154630265739 0.00041120679635589 0.000389884021118069 0.000393036326723587 0.000341652082725733 0.000306465542013408 0.000286967843825748 0.000172371685068799 0.000179277737059851 0.000178136682209373 0.000190848116912885 0.000358373403697465 0.000177338916590853 0.000313524701495831 0.000316641409680297 0.000287386383188356 0.000277351715595798
0.000587892939300469 0.00051885316181477 0.000215905903004108 0.000358096503156474 0.000439201590074609 0.000250598493442915 0.000186007223025835 0.000359819580578235 0.000283052778337325 0.000430114201237979 0.000324709058818653 0.000352392810366376 0.000564787590602223 0.000306771403168242 0.000280869936049148 0.000254176275841808 0.000301350108862389 0.000516068951599811 0.000284349961383871 0.000521586212391151 0.000396024342991593 0.000398380079084161 0.000293083919658309 0.000383229735514925 0.000350711686444167 0.00041071968042421 0.000428342544460462 0.000291831753402955 0.00028790031789528 0.000260880451823907 0.000245184970763849 0.000224352213998467 0.000202398836358633 0.00018459713550545 0.000171662600798728 0.000173619428786335 0.000176085142686566 0.000176725614457319 0.000292330161696122 0.000321959171062347 0.000312430336179657 0.000310309665618097 0.000293490830651246 0.000289277133801649
0.000528646804672988 0.000422734223744909 0.000214089529801763 0.000299977217844402 0.000341442336672856 0.000217460785452667 0.000190979667789063 0.000330258791653604 0.000517208503784947 0.000278843825911817 0.000511083147879271 0.000226131381534076 0.000234152699457001 0.000530979619629271 0.000437730260500399 0.000363622929361625 0.000508427841693939 0.000453931595691341 0.000212148547983425 0.000521918273943213 0.000306906045470377 0.000262544113798283 0.000434691931043237 0.000382711406708095 0.000339566996735357 0.000248751261799619 0.000284000001700201 0.000288304969361656 0.000300149116541457 0.000279313032437766 0.000261248032119235 0.000242499605082178 0.00024231131187315 0.000212098558707004 0.000198630417604229 0.000209153092394447 0.000196314235202347 0.000179419522894564 0.000182174276351025 0.000195474797709197 0.00029687096439616 0.000299455969642939 0.000299415216255529 0.000287729969410325
0.000381944313054677 0.000363433782720133 0.000378860997877753 0.000401450875577395 0.00033302211554084 0.000390706202016639 0.000276444895938159 0.000460479817888868 0.000543703791956151 0.00032249302266394 0.000310482057438712 0.000470691797273198 0.000205325576142212 0.00040977784872804 0.000312491224549477 0.000304734439036269 0.000367527009465533 0.000235659804989965 0.000233677168973039 0.000322583567927279 0.000278553237751533 0.000415313007920733 0.000393450188210087 0.000421125956805192 0.000153498049916344 0.000224296431236695 0.000227497633504757 0.000397912400163582 0.00046213504321651 0.000456890317747704 0.000282403416230178 0.00025774105112078 0.000245539003817699 0.000246028711175792 0.000237789067920098 0.000226468625060638 0.000187732920882473 0.00026893029903792 0.000175363375421157 0.000182962830541723 0.000279407555898791 0.000289684692994793 0.000292044668209393 0.000286493788099144
0.000424324667283662 0.000362157846690541 0.00046243386811208 0.000525054711014804 0.000521604899826529 0.000415999619531231 0.000398494912206448 0.000296344009469271 0.000522589744135796 0.000276444173449539 0.000421919705877187 0.00019047270511976 0.000199552513278146 0.000398555729909192 0.000369827974043647 0.000207658158052733 0.000355873506597775 0.00024854181612595 0.000434579446525337 0.000515559958285466 0.000246330320852571 0.000485893319124871 0.000228322964984735 0.000369606999190304 0.000386778122967484 0.000379703010133149 0.000203376589727278 0.000215459908517239 0.000464493875606914 0.000519975629606119 0.000256993902674369 0.000266133547840306 0.00025705638508056 0.000244253857323762 0.00022859126834867 0.000213854800747722 0.000296138490513429 0.000280350568557815 0.00020052111303943 0.000159938361934944 0.000272789979099949 0.000268848300590717 0.000273933774599859 0.000284876473785372
0.000444737323420745 0.00034715502739087 0.000476858949634735 0.00053654768772317 0.000244781700372468 0.00028692817575137 0.00045186145160995 0.000497487222935778 0.000458643355641683 0.000280309428071676 0.000225707845912977 0.000196752837477974 0.000370655656630044 0.000188709617115497 0.00026084261962802 0.000193345331335531 0.00038882326491588 0.000448313052759045 0.000222784078451531 0.000459772019029604 0.000249384342074091 0.000396327357349523 0.000389721700696749 0.000344481712412026 0.000373395976649314 0.000196393157534597 0.000356201649834312 0.00036339464092315 0.000383687754611035 0.000402707530660948 0.000475169352817292 0.000225833934031467 0.00025868219396889 0.000251734930803207 0.000236719466698783 0.000210546701767643 0.000194587919622806 0.000300916332159075 0.000284738844484234 0.00026273751411459 0.000246684457359757 0.000243711337042436 0.000249688006918223 0.000267101283883206
0.000570167133797141 0.000447271631249236 0.000445674008597277 0.000532819752748892 0.000228155272200736 0.000311608172166341 0.000459127737347676 0.000478589737787939 0.000437669656888282 0.000429617701442467 0.000273456800744102 0.000425208217698547 0.000467454192973983 0.000250290505724106 0.000302218713801107 0.000443199953345948 0.000416387685200883 0.000405509144590633 0.00042707120315275 0.000384759029805891 0.000426319106077762 0.000384750982649698 0.000361821105430239 0.000356039947204764 0.000361680778926587 0.000366383984889014 0.000318893905423097 0.000328708094968583 0.00033830038416002 0.00035869498821143 0.000414731358973431 0.000424915025748962 0.000409014085076221 0.00042291883374818 0.000245679969401737 0.000204981852816799 0.000322863233570107 0.000313439789550659 0.00028228136067903 0.000255910241137757 0.000237778895062836 0.0002429466665642 0.000261311268345786 0.000263745265162577
