Partial ROC data/Hypnale spp.asc
NCOLS 267 
NROWS 470 
XLLCORNER 376490.070567719 
YLLCORNER 380111.488324056 
CELLSIZE 919 
NODATA_value -9999 
[rows 140 to 159 of 470, columns 88 to 131 of 267]
0.000359008842810338 0.000401166627430774 0.000537018961625835 0.000508107658596315 0.000377990849075246 0.000361478421435483 0.000647792670970981 0.000673969754943333 0.000644235792476288 0.000423730179257926 0.000390701155456054 0.000366606572576735 0.000361512659659419 0.000355564022973379 0.000370595073824906 0.000402873498930931 0.000382486662529851 0.000334918777174878 0.000331988859879324 0.00032043240263213 0.000320803088851327 0.000329923524174111 0.000609391938400888 0.000319935256362068 0.000527118559159456 0.000530037723071907 0.000505874073564186 0.000477892688833252 0.000296698394851365 0.000293545164090337 0.000450599866278385 0.000429242017101706 0.000276552209435439 0.000437816713453953 0.00050018644634326 0.000552017602164258 0.000353658295620189 0.000370733653183307 0.000359757080206543 0.000337726766248745 0.000306285039124992 0.000290072224060497 0.00044508229024964 0.000291043025666353
0.000422883261804175 0.000388932222615208 0.000394800376286048 0.000398724754721819 0.000605853549560355 0.000380547545320953 0.00040905916103452 0.000471637037198543 0.000485992601621319 0.000483208195026289 0.000393535798373087 0.000364425484853241 0.000361115934844249 0.000379742650119043 0.000428182054988549 0.000438488309239874 0.000399924444288444 0.000411000166996781 0.000382404457193381 0.000308660555959276 0.000337658052474196 0.00053102320733075 0.000619863459874564 0.000323787822381683 0.000493149806073409 0.000493092825520008 0.000511310848948165 0.000526614846857205 0.000517375524645021 0.000575579112681604 0.00027913955854388 0.000311096697316059 0.00030348046253331 0.000580279728351225 0.000365843972654364 0.000672002821664 0.000324664788548031 0.000564324726095168 0.000564734158099534 0.000525272391552264 0.000343513301535002 0.000255356549454619 0.000284975336752978 0.000288015544481001
0.000421838190078938 0.000622972527631891 0.000391187232527999 0.000359552990804795 0.000354932314012328 0.0003431172941813 0.000368949253211302 0.000449538555995017 0.000484977273808258 0.00047555337376629 0.00040634606264416 0.000370283588781482 0.000387234018857909 0.000423875098546002 0.000452937063152972 0.000716212631688696 0.000460355116968563 0.000467112736323053 0.000482131155254363 0.00045795229854228 0.000453842440345185 0.000434953241092154 0.000671280550232961 0.000369931057194504 0.000341204957962376 0.000303807016641557 0.000539719673433898 0.000636010302588612 0.000354521044154727 0.000312467430218846 0.000535966910745247 0.000363747641073984 0.000434499571550234 0.000739608559259656 0.000495478392320606 0.000441423025499008 0.000397927290515756 0.000391660498450381 0.000590148473445083 0.000549048011816675 0.000482922415903162 0.000300490559166513 0.000300240247377074 0.000303939355270846
0.0004493203568554 0.0004215369908704 0.000372466615513361 0.000568293910154215 0.000553728884012114 0.000358876370520507 0.000373338637376467 0.000383833158340425 0.000467249424177439 0.000476312400675514 0.000421507759466292 0.000397830648189053 0.000412251066129621 0.000451995808211211 0.00045765875819345 0.000742616660487152 0.000481057397408038 0.000478042261982377 0.000467034650746845 0.000458317837254745 0.000447276290792133 0.000432824286824522 0.000407642945357217 0.000378336274555126 0.00054252504749567 0.000539166421361923 0.000624906621150721 0.000381344756348086 0.000389688046342156 0.000373515286193627 0.00031554210181492 0.000398888811933356 0.000495602559898352 0.000801990329266643 0.000761165513330695 0.000481789821282878 0.000487988907215625 0.000767015041102001 0.000452012711282581 0.000583783007268282 0.000330066858118578 0.000304551134123755 0.000312707159604054 0.000477411441261754
0.000444018500951146 0.000389379898480044 0.000376130775851659 0.000374099871235412 0.000382793594254038 0.000384566171072868 0.000379165312534579 0.000388464630472558 0.000436224215083862 0.000487829078897136 0.00045983300457905 0.000418297422573353 0.000417819825288119 0.000444763710184034 0.000429951959509781 0.000675199017679417 0.000454673350277576 0.000438126113412432 0.000410287272268805 0.000389571361032246 0.000404627319976128 0.000437064536290706 0.000491264836026162 0.000339575130561899 0.000516131378095883 0.000606888853644532 0.000333547614993316 0.000581953256834774 0.000363018861462093 0.000364655376024282 0.000357936878532871 0.000352580947475506 0.000396697878178417 0.000439072105473402 0.000755689091243827 0.000813226279360065 0.000820540992723338 0.000521323263114561 0.00046524666565934 0.000430134466110955 0.000309476223314442 0.000486607616132152 0.000310896507193034 0.000309602012999202
0.000436882336801265 0.000423159572106503 0.000402085745078805 0.000387660739488159 0.000383091220363017 0.000377578428839037 0.000378264539367763 0.000390807441989943 0.000417586516697062 0.000443806285266941 0.000454039984949363 0.000416588083476092 0.000406698739550962 0.000420688030373966 0.000445786658934097 0.000675203953603029 0.000408141710230063 0.000394114636167007 0.000391519012992406 0.000387814419026946 0.000404825674552919 0.000429275600287828 0.000512068833091384 0.000371060817106141 0.000532747148898031 0.000635855447473127 0.000338845394451522 0.000560916047227195 0.000345910569255949 0.00033889358930477 0.000351472283041868 0.000350743817274654 0.000344842969569842 0.000356336721434597 0.000614657737542469 0.000655331506622593 0.000662355429820228 0.000406482487067297 0.000377275710292324 0.000444819865182747 0.000331999138395319 0.000512900386789583 0.000317813304416347 0.000306090604435396
0.00042584717580139 0.000405402180799012 0.000387936121317883 0.00038875644146785 0.000399251065256296 0.000636855977271915 0.000405588019540977 0.000418386120985977 0.000429854811681215 0.000428294257848123 0.000449669038125998 0.000437258109481494 0.00044566611863979 0.000445930768659408 0.000444760335239362 0.000444280880512342 0.000424315977095201 0.00062884001293452 0.000392260726625365 0.000393132496093906 0.000419096021966724 0.000434684407421825 0.000427505901213604 0.000619447167526184 0.000339265892194649 0.000354136606591385 0.000576692956229247 0.000553114849195886 0.000546278200123815 0.000539393656863919 0.000539082828677434 0.000525006504656566 0.000327155114594667 0.00053015523396294 0.000348216283033714 0.000546593892056386 0.000547316649402501 0.00034406349648429 0.000351733458250069 0.00037962328942331 0.000691326067606321 0.000331771680737716 0.000536398650689925 0.00051391933834752
0.000446980635043047 0.000417727506261427 0.00041636519011487 0.000398880181297164 0.000401278159481152 0.000424525493559874 0.000452220406994102 0.000453475876004947 0.000425448839257559 0.000417211099812324 0.000416342019269862 0.000431305515336038 0.000450159566584005 0.00069647774836899 0.000698447795891979 0.000439227835779979 0.000416200610638997 0.00061424764996322 0.000389555119264594 0.000417959575690753 0.000425896234951287 0.000434774517460438 0.000646267255621061 0.000367726871410524 0.000337203641733517 0.000341503197579244 0.000356429774287476 0.000364256188874257 0.000564662139403828 0.000559227660278576 0.000543243699654503 0.000336841790529202 0.000326786986755023 0.000330097827913693 0.000332510328898312 0.000386988713153147 0.000309885921301715 0.0003415042493319 0.000356580239440352 0.000379888475643944 0.000455466341265611 0.000343050275549175 0.000633920650629452 0.000361939616316854
0.000477440862520322 0.000442144494131118 0.000414807511152355 0.000404478876030967 0.000427071953850207 0.000450010070384713 0.000467832412995698 0.000479362186152542 0.000461783502812803 0.000442575973731153 0.00045017908227909 0.000446802071341121 0.000702627422269599 0.000462611888705413 0.00043656613134478 0.000709761876301656 0.000369680086697573 0.000609595699496391 0.000391699201673255 0.000388800646644463 0.000413015659929581 0.000447924041032079 0.00041621469074925 0.000589003682890789 0.00058353093800969 0.000371197483663749 0.000579987038638907 0.000569042755785417 0.000569698824299751 0.0005539522308063 0.000547631777449788 0.000528378213492022 0.000329686603477428 0.00033465624388626 0.000340773093014162 0.000351519631822699 0.000351160073573583 0.000542184009190237 0.000365887763866481 0.000371659240832962 0.00038239025515873 0.000672854125586977 0.000335972730498305 0.000585222325737464
0.000492566788244382 0.00046874901347183 0.000423555341862338 0.000412049817685843 0.000449966347304126 0.000457816769708907 0.000473363867640272 0.000471698703335886 0.000468111398385141 0.000461741336334547 0.000454981712745004 0.000465381072998304 0.000739958742713924 0.000466761502239529 0.000400602662193839 0.00039519944950524 0.000409218579494566 0.00037984356132383 0.000386341532494796 0.00041854466546827 0.000442156732242692 0.000420806317399346 0.000382420473848812 0.000577588815058613 0.000381760596473898 0.000400007382317889 0.00041215528299549 0.000610316160045244 0.000579405014652659 0.000558638576579839 0.000551692810122399 0.000350137185836322 0.00034860058364947 0.000352191027662266 0.00035226833424325 0.000341888995190593 0.000335707503416511 0.000347688863426744 0.000367142132916471 0.000395577775537776 0.000387837086129252 0.000609242001301704 0.000603776202316894 0.000541072212177713
0.000500592605075225 0.000488518151024912 0.000476911456130127 0.000471024239091779 0.000470318124107681 0.000454450710870926 0.000463315794635464 0.000469406788167597 0.000483974858145282 0.000488566570018214 0.000464978488449719 0.000471792682332911 0.00072374693039246 0.000458005176349796 0.000414538918881225 0.000399225575558479 0.000396038861960041 0.000394482875830337 0.000643449784845383 0.000439272854895167 0.000440022155752143 0.00039389059993649 0.000581894867593677 0.000372706529592249 0.000381020353584674 0.000394630412427241 0.000612545824778566 0.000609192908159736 0.000584851900819326 0.000565849129997372 0.000554242868746677 0.000351612209038046 0.000354117978447954 0.000558191146714002 0.000369326032993451 0.000356009682530288 0.000348524452703388 0.000347395104786414 0.000361156089765679 0.0005790366349238 0.000559528225762342 0.000374941497139972 0.00059129499486759 0.000375760887842902
0.000500993163715088 0.000771829332367699 0.000767983072382552 0.000473718555959345 0.000460823288053625 0.000468556849422055 0.000473199399726101 0.000474095193704657 0.000476734332970655 0.000485670830357528 0.000488975357768405 0.000491443601087847 0.000480653053623467 0.000469190210077258 0.000415693666204526 0.000387994017977454 0.000384916271091161 0.000399303971402713 0.00042215993098677 0.000422538124267749 0.000411584626079662 0.000399965474078864 0.000390233245323203 0.000584213111915873 0.000384218810014761 0.000403265082407456 0.000618300108649674 0.00059555357337588 0.000563015327186019 0.000553315064379582 0.000370194184786102 0.000366783971183203 0.000351016391446935 0.00037122727732084 0.000388735746172598 0.000366038226296554 0.000360387437916837 0.000354608771226092 0.000538579866990579 0.000559799406928405 0.000359762985367721 0.000350477856190076 0.000378671269361067 0.000592164001309623
0.000528951046561006 0.000516800846618937 0.000767010780792578 0.000464954889653498 0.000455321903143508 0.000453755914744528 0.000461069832955259 0.000470782068537272 0.00050481129617005 0.000563226486204321 0.000609404762317561 0.000533799513008579 0.000531904042003501 0.00056125167919535 0.000521311926246367 0.00050033834340407 0.000576314370153823 0.00043775339595278 0.000436113063266209 0.000413927355417229 0.000417445932690509 0.000637298033512026 0.000608765915821012 0.00037709055334077 0.000389243522627688 0.000621609230186174 0.000596443972749191 0.000581483057688541 0.000370332155782688 0.000358966805223843 0.000368619701979431 0.000373146877468253 0.000568885978642744 0.000380780022606495 0.000395360829018955 0.000375807251438853 0.00036763371109814 0.000362739590043147 0.000557951757259316 0.000582318490530492 0.000366024185520567 0.000339029211596547 0.000376098983652794 0.000426897573506916
0.000464707419792091 0.000473674727453398 0.000481114003149999 0.000456540485657088 0.000443620176491973 0.000458132044390067 0.000482616066653921 0.000518120339284613 0.00058141390485348 0.000690696356497953 0.00112877423072504 0.000688340079844127 0.000671205983106518 0.00062908966101314 0.000556866645937961 0.000518390584820346 0.000530518288243411 0.000515794263545221 0.000487580566061818 0.000505174894779241 0.000495724521528024 0.000455086780297968 0.00040067843373352 0.00039066727351051 0.000613949329985192 0.00059599299938067 0.000576706644344738 0.000578777859068874 0.000581326854895809 0.000578249348648806 0.000383882703703145 0.000404513973931982 0.000385493323875793 0.000374852083825941 0.00060862661080573 0.000609685311082803 0.000384632510413017 0.000583508043539583 0.000597950067140735 0.000389199914687538 0.000366753630358009 0.000354201295970338 0.000446712607073778 0.000460280907878918
0.000454548246515819 0.000450087331885658 0.000451043249264214 0.000443199858753481 0.000436643314206336 0.000433475835657584 0.000442054438442639 0.000475053293668888 0.000552604130367912 0.000604754422510134 0.000778177511879875 0.00119173784665327 0.00134871828403062 0.000912134086813539 0.000535772326458987 0.000511826423952484 0.000527828975879323 0.000534577526284272 0.000533015914909435 0.000501908665515552 0.000470838818893364 0.000441243236641734 0.000405837611116836 0.00038111570448369 0.000378152946972026 0.000614682468079992 0.000609915450553947 0.000378834230008306 0.000372517018190454 0.000390397139905283 0.000421673534965173 0.00042576125369738 0.000629462205693222 0.000601650569251807 0.000608159317334891 0.000608104469675288 0.000390102301032396 0.00037891568205165 0.000391046788095702 0.000395503929329096 0.000376134446765579 0.000376706342221951 0.000621652669606321 0.000666561793627671
0.000466248302744735 0.000475176765644042 0.000448349819263501 0.000448003161821214 0.000458474566877427 0.000433893381393304 0.00041904159546596 0.000448789219835662 0.000496472293383133 0.000617502345655118 0.000612554532847396 0.00162813592819441 0.00143337238459009 0.00114887375984989 0.000539899105117545 0.000493683255388814 0.000516917927849498 0.000530267650720227 0.000507334006348634 0.000472446734454405 0.000450025143945234 0.000418405972536682 0.000396470394597846 0.000379320588362517 0.000393902275164859 0.000422469160564313 0.000403753048278484 0.000394590172693097 0.000392349741408874 0.000406657251441872 0.000426908364917534 0.000431158694494771 0.000490633536220125 0.000367896798206268 0.000428155651253033 0.000425031706837643 0.000405060091220341 0.000392634236585257 0.000381923792217704 0.000390877841333803 0.000398244342862261 0.00061232068244216 0.000605601893131834 0.000613187498023248
0.000474271071960324 0.000487721719255353 0.000471426117074843 0.000453406984879618 0.00045401327320707 0.000433396267126931 0.000431466491862005 0.000448498580092518 0.000472685706438824 0.000553962544054807 0.00101026777000548 0.000731503977121053 0.000886597516878123 0.000857434567505024 0.000557307211973075 0.000551796540250622 0.000569254282839199 0.000536806117914865 0.000483156658009868 0.000463951583268042 0.000454767738366542 0.000423094377225988 0.000383360563450112 0.000387742663389113 0.000418287484733117 0.000456093268470703 0.000460124760253457 0.000464605403338713 0.000706147751200535 0.000714838622898902 0.000711580319940615 0.000442930469090104 0.000453181869258537 0.000452934794494976 0.000440497350249098 0.000434108957811099 0.000408790504215677 0.000411125213658033 0.000412261250862378 0.000632417084542534 0.000415602236712404 0.00062129833369452 0.00060519560848497 0.000607158818578011
0.000488299901243825 0.000489299832851682 0.000490563512314514 0.000480062045118837 0.000467798709178341 0.000465048905031111 0.000453412906655555 0.000454846377531014 0.000718416688907121 0.000829002709864574 0.000981570604071696 0.000643238356787629 0.000658964190080879 0.00064801527961335 0.000620080160163374 0.000620569107910369 0.000556189096597763 0.000479283732780386 0.000459555516317102 0.000442027244450466 0.000426522019404047 0.000408490242680865 0.000390339757033681 0.000388356305612659 0.000421794825877041 0.000716532887614017 0.000720525800472227 0.000462492762652671 0.000700460954272516 0.000733082819094489 0.000726241716652224 0.000448289899760797 0.000439124484037089 0.000435721920087038 0.000680353300930049 0.000423746876606181 0.000410247069399578 0.000429948675609104 0.00064863736818906 0.000629525456280864 0.000627568565189089 0.000704402563375928 0.000344107859454189 0.000605993331441199
0.000442226437776487 0.000457594255544391 0.000480708362577332 0.000490997203334366 0.000479563170559968 0.000459283121049867 0.000446817087701265 0.000436582152024849 0.00046111661656187 0.000545689779521329 0.000626247015387852 0.00065613575794584 0.000642485594072692 0.000642693508331067 0.000637261366863418 0.000608492053396861 0.00057191213565871 0.000507238743774944 0.000476940845257005 0.000439992816040271 0.000411252285030551 0.000404532607258309 0.000386298728635605 0.000397691241690443 0.000428818718552342 0.000723658427224729 0.000721267211034621 0.00066144144826096 0.000654649177556071 0.000687460688273494 0.000689157052875068 0.000697477014967704 0.000441522715253818 0.000421294746211809 0.000755428329896523 0.00037742588022723 0.000405867229631703 0.000420666451414421 0.000647924794255302 0.000649549123549876 0.000639897969072676 0.000723213933789203 0.000349592583769116 0.00059018026591701
0.000464993040104023 0.000526379334265945 0.000444535833648824 0.00047195638627492 0.000481166746241921 0.000492572509468628 0.000456973742535565 0.000434072123408381 0.000717395436861854 0.000870221138854252 0.000636897168817861 0.000640856989544918 0.000646690891758062 0.000688232246547768 0.000730761767317897 0.000718733795869475 0.000626088738595984 0.000484454486514207 0.000735207433101818 0.000451732674331163 0.000647234070937764 0.000617838007549187 0.000406089460544483 0.000436821663964678 0.000514346028203698 0.000870987754466747 0.000496108946038979 0.000444648752533023 0.00065581203732828 0.000681384592377089 0.000466775941945607 0.000700531905554746 0.000666315454337768 0.000422755957527234 0.000440413892904741 0.000437126938280188 0.0004087340612072 0.000625265088672213 0.000615314386667947 0.000624294327888599 0.000642639306142117 0.00063585930961551 0.000603102179958589 0.000596281111042171
