Partial ROC data/Hypnale spp.asc
NCOLS 267 
NROWS 470 
XLLCORNER 376490.070567719 
YLLCORNER 380111.488324056 
CELLSIZE 919 
NODATA_value -9999 
[rows 60 to 79 of 470, columns 44 to 87 of 267]
-9999 -9999 -9999 -9999 -9999 -9999 0.000309007509318897 0.000319816770843772 0.000333492880418392 0.00031393564555671 0.000313467304181522 0.000307731340202795 0.00025810455154747 0.000244154288238092 0.000312345480974122 0.00024848996965446 0.000379619927568276 0.000386143248362992 0.00033562398357934 0.00030956990582073 0.000223709586986964 0.000292448189963095 0.00026310925246798 0.000264908671231579 0.000255838938876872 0.000278725233279261 0.000220233544361993 0.000296288324568667 0.000301608021287225 0.000293642614733187 0.000439462151280931 0.000438515349676726 0.000295886483250425 0.000310148367680784 0.000471341390271804 0.000445015333383337 0.000524362113343167 0.000410419343239222 0.000566198644981016 0.00041807838359938 0.000638804965839843 0.000474863432923193 0.00063464072219317 0.00080928024709325
-9999 -9999 -9999 -9999 -9999 -9999 -9999 -9999 -9999 -9999 0.000327204521790542 0.000316698964934863 0.00033339556091187 0.000335741361305914 0.00024194377651848 0.00024639945072827 0.000320053814732934 0.000498400586949485 0.000497285281915533 0.000297922162129132 0.000213506862534558 0.000283088062968756 0.000283398655227791 0.00027529520607721 0.000273775649499355 0.000276146018994771 0.000294239446750917 0.000274103703342657 0.000285138284579651 0.000319397194984455 0.000461700146786987 0.00030422318401438 0.000326331763940799 0.000485496646984624 0.0005303514479128 0.000484214859882084 0.000493314997673153 0.000723855700997944 0.000627781704194682 0.000508084248010482 0.000375371588794833 0.000369135436168662 0.000270508578199939 0.000328307771048613
-9999 -9999 -9999 -9999 -9999 -9999 -9999 -9999 -9999 -9999 -9999 0.000323733074317842 0.000322023301930288 0.000313922055804469 0.000333337746716211 0.000252535051355395 0.000251418359600836 0.000313376825681008 0.000301555493122844 0.000357693718340893 0.000410935918956044 0.000294054928757242 0.000289960449974715 0.000283713193279535 0.000278487168923529 0.0002638736655225 0.000266178680223776 0.000266948683276734 0.000291265667363682 0.00029989824617793 0.000492386610619456 0.000748971478105498 0.000483232886323674 0.000511502738046036 0.000509301794593323 0.000487700751425586 0.000416447321576687 0.000467837846058428 0.00077571291598579 0.000428583677704728 0.000502705303278272 0.000237891606211293 0.000232158729012315 0.000274390496497463
-9999 -9999 -9999 -9999 -9999 -9999 -9999 -9999 -9999 -9999 -9999 -9999 0.000317182160463986 0.000329650989988746 0.000274197298683889 0.000265024065319924 0.00028565452365407 0.000360522410868901 0.000327931792204833 0.000318432337102933 0.000323732071262475 0.000290691581142469 0.000276068137145324 0.00027544077121507 0.000272089223211536 0.000246050696838735 0.00024084159679963 0.000255075981347756 0.000260204935443944 0.000423500833811298 0.000451311633188327 0.00072345305178751 0.000307248893073448 0.000439548203655551 0.000379209653055987 0.00028310978327252 0.000446314825406612 0.000360980832094457 0.000250685298394099 0.000371414972987694 0.000232857602845303 0.000215097998412272 0.000214009392210933 0.000315142204492881
-9999 -9999 -9999 -9999 -9999 -9999 -9999 -9999 -9999 -9999 -9999 -9999 -9999 0.000284533919497775 0.000276654301306588 0.000259938128443375 0.000263178781974367 0.000345872656598845 0.000315910984828176 0.000296136594864551 0.000295930135073997 0.000309619967751654 0.000300257642630808 0.000274047094383233 0.000383423464793812 0.000383589128791523 0.000251234256881993 0.00025725749719913 0.00026279373581259 0.000263614675949106 0.000605158571180915 0.000264888075050228 0.000444063592550877 0.00043146577501497 0.00067736948421471 0.000359796446835135 0.00029872433536447 0.000264370485863357 0.00021511073838417 0.000287617046714328 0.000208151992939155 0.00019416084567721 0.000223849095706068 0.000282354973877397
-9999 -9999 -9999 -9999 -9999 -9999 -9999 -9999 -9999 -9999 -9999 -9999 -9999 0.000325416756795825 0.000284484433387334 0.000276057719126442 0.000359274048968352 0.000335255084977951 0.000333128509751336 0.000291651231599235 0.000293652496733057 0.000463591446929265 0.000667456558756238 0.000259990320215821 0.000399584425245752 0.000261162121031261 0.000436273370393746 0.000439835142733441 0.000453584867111001 0.00044147020551547 0.00043741374164356 0.00042194372679447 0.000388254051260695 0.000424354443315648 0.000376500666708629 0.000435252898851982 0.000340423811453567 0.000173332467493986 0.000211310097842499 0.000342282682612491 0.000197761543706638 0.000234134553307896 0.000339506768526625 0.000351466861904224
-9999 -9999 -9999 -9999 -9999 -9999 -9999 -9999 -9999 -9999 -9999 -9999 0.00051175233109538 0.000468163401168276 0.000444390584931928 0.000442155306906696 0.0003804350011509 0.000351069989216501 0.000328564981892191 0.000306425068053239 0.000467700579814746 0.000280784593293162 0.000280037517507894 0.000273910104419842 0.000243053402553317 0.000451760345621194 0.00025882143053839 0.000421079156691974 0.000426959450494918 0.000470566453493896 0.000274241329076631 0.000417663231590439 0.000380172096217024 0.000382975010592473 0.000359386541440257 0.000349713834315415 0.000261151040850974 0.000488709333693296 0.000213550032949871 0.000205923609431218 0.000214432930038092 0.000253184872407999 0.000584444184499014 0.000542916093078331
-9999 -9999 -9999 -9999 -9999 -9999 -9999 -9999 -9999 -9999 -9999 -9999 0.000599022502924658 0.000599629551549996 0.000391784114508998 0.000371292854934887 0.000437050530049432 0.000353752716375299 0.000310425715310842 0.000302127763355827 0.000454147351005823 0.00041531529999826 0.000374526771523553 0.000369598547297293 0.000403364308497957 0.000416158282032287 0.00049006575675498 0.000291233824613577 0.00028190467641209 0.000427921911930337 0.000418221915584981 0.000400895416157888 0.000377702269902908 0.000401200836836535 0.00057287250966513 0.00049060766862164 0.000363947619580206 0.000257913204494087 0.000232759559248684 0.000226899918136839 0.000253603906185297 0.000351136796019922 0.000389300939286335 0.000380037466803227
-9999 -9999 -9999 -9999 -9999 -9999 -9999 -9999 -9999 -9999 -9999 -9999 0.00063172098989437 0.000635290372373937 0.000637235017729817 0.000389165811966041 0.000446153098474079 0.000391104450233218 0.0003142748109795 0.00044723315738272 0.000432461372182197 0.000447470745010282 0.000719074304019118 0.000416299804987626 0.000307766026302225 0.000311466713419872 0.00028115213006256 0.000462928150349538 0.00043983357050596 0.000409596708789361 0.000409989170989269 0.000392209432693254 0.000389632498235506 0.000401465717773362 0.000401034034555877 0.000386814593302298 0.000242742023874187 0.000247815194356169 0.000243237532718137 0.000230043663652167 0.000229369478592691 0.000403322487742262 0.00059118505962876 0.000674817625402667
-9999 -9999 -9999 -9999 -9999 -9999 -9999 -9999 -9999 -9999 -9999 -9999 -9999 0.000546084622185335 0.000450166330845396 0.000466497914700212 0.000312804734502755 0.000615762012219054 0.000543735463589148 0.00044927317716709 0.000434530622365248 0.000460480495785492 0.000301714931805597 0.000505541717892348 0.000534044721764004 0.000304216506709276 0.00049362462178499 0.000305885621320993 0.000273102733626869 0.00041609557067302 0.000279571556323908 0.000260126324244059 0.00024703837269156 0.000386221021785409 0.000377037666284423 0.000360001209950722 0.000242967518037831 0.000244883568649963 0.000244056998032216 0.000237194251391256 0.000222860549317498 0.000372328811496028 0.000564095242076851 0.00050114588325994
-9999 -9999 -9999 -9999 -9999 -9999 -9999 -9999 -9999 -9999 -9999 -9999 0.000455624930262097 0.000417817243837105 0.000438715019377435 0.000441890551613248 0.000317175476825964 0.000593313270252572 0.000577458385415282 0.000488428026577846 0.000445038538605436 0.000472565235326303 0.000286180700908995 0.000438588336507836 0.000457045899998401 0.000278830844462381 0.000473802879124224 0.000314316011181166 0.000286869932128842 0.000416350478325032 0.000267689414314367 0.000258135572242893 0.000238370652150071 0.000370285479379597 0.000399242306668762 0.000572882060716592 0.000325042340482238 0.000266619597793284 0.000332148491413298 0.000223633456722905 0.000214893963895657 0.000360470927502635 0.000568468168669086 0.000555668678731888
-9999 -9999 -9999 -9999 -9999 -9999 -9999 -9999 -9999 -9999 -9999 -9999 0.0004212511583973 0.000461706561213237 0.000322239404720502 0.000435846884720691 0.000410919867402958 0.000583269516880629 0.00060538712059587 0.000562741370710471 0.000507128541348022 0.00048689899781453 0.000318816003808309 0.000306371355373825 0.000301190233403872 0.000292473253834608 0.000459984737655159 0.000452347031958187 0.000434552553814003 0.000414415266809195 0.000260842164716066 0.000250411342969275 0.000237660159939697 0.000237972143335793 0.000239153120324019 0.000257607238932056 0.000360819912868202 0.000305227452938314 0.000237721836496843 0.000246167796412782 0.000224810638241988 0.000355333406181625 0.000361048109693733 0.00035668795749344
-9999 -9999 -9999 -9999 -9999 -9999 -9999 -9999 -9999 -9999 -9999 -9999 0.000454406019769302 0.000423058889809562 0.000491340439912562 0.000352675099660247 0.000308839894743542 0.000619840751376619 0.000639188601570669 0.000760204565273708 0.000508547906854003 0.000310839516866267 0.000485415216870549 0.000469218465586714 0.000445965764020629 0.000516038726843181 0.0006195454452937 0.000429801836923155 0.000431061707760764 0.000429185843654672 0.000258975271545867 0.000372520884025866 0.000243512711151097 0.000258562988994799 0.000392142329006047 0.000345262689678247 0.000372559848360761 0.000332871053378868 0.000231670549379161 0.000563465633581383 0.000386140104026042 0.0003355139953072 0.000579719589290387 0.000545579165081295
-9999 -9999 -9999 -9999 -9999 -9999 -9999 -9999 -9999 -9999 -9999 -9999 0.000438025349403245 0.000479239670068514 0.000416052976448131 0.000432164593340584 0.000400444169762793 0.000572636120344821 0.00053832079263164 0.000667571296277255 0.000460770944833176 0.000489679721654997 0.000446092088305484 0.000450616220807092 0.000487787532942688 0.000703628063078622 0.000325964732872837 0.000442607052092266 0.000445073064094285 0.000436803829440904 0.000456502829382495 0.000240819327367987 0.0004085022107959 0.000402813550045875 0.00065227299526367 0.000416856448535316 0.000329730052038861 0.000228883315404393 0.0002420185654812 0.000273267647465877 0.000437432434576718 0.000674301586034689 0.000590271671670239 0.000570187182854908
-9999 -9999 -9999 -9999 -9999 -9999 -9999 -9999 -9999 -9999 -9999 -9999 0.000421822314534788 0.000433795189156743 0.0004342668884924 0.000666479219199849 0.000348759087012206 0.00048375474536614 0.000472501686462277 0.000479390857571351 0.00046634573483925 0.000458299738232308 0.000468069073384881 0.00045539825609635 0.00053087109248101 0.000514031803884621 0.000685297887422834 0.000289694247383714 0.000276317954059353 0.000275201852225176 0.000278436286638549 0.000463030726482451 0.000600614441549357 0.000707197713868119 0.000405850430353995 0.000547344832405893 0.000236288631357215 0.000237237039088827 0.000271854466167274 0.000390062151442587 0.000703012732081952 0.000623667138987592 0.000517323097498813 0.000417484518370393
-9999 -9999 -9999 -9999 -9999 -9999 -9999 -9999 -9999 -9999 -9999 -9999 0.000379773270255372 0.000389120366639779 0.000254703951211866 0.000524581042981134 0.000527170881497775 0.000493543201810613 0.000484928768773448 0.000470838233132512 0.00045430036948091 0.000453581434940371 0.000523927497173102 0.000489341628151231 0.000736360363890021 0.000337856271886256 0.000297710983173241 0.000281240913614896 0.000263381409063986 0.000243684495053303 0.00025297098605148 0.000284576452471352 0.000651352917242781 0.000630903487446919 0.000385762388258105 0.000385415738256407 0.000412226044986052 0.000321535214312823 0.000250133711543299 0.000278008460849674 0.000233276829467534 0.000394983410904897 0.000482942602537775 0.000403817430815399
-9999 -9999 -9999 -9999 -9999 -9999 -9999 -9999 -9999 -9999 -9999 0.000271482746115903 0.000376328786671604 0.000366916918036068 0.000343165894816494 0.000323515328533847 0.000502889322579354 0.00050105868628161 0.000500186941755177 0.000468642077586672 0.000451480016158032 0.000504022920100123 0.000350220025205205 0.000859854485596847 0.000702543042084905 0.000504947203812702 0.000292807904775987 0.00027224960424271 0.000239552387865625 0.00023461611666646 0.000274689581875951 0.00040643268046391 0.000444464730655529 0.000623995135072914 0.000257790778359349 0.000417969501784937 0.000410241169832799 0.000439762292632937 0.000324229255437854 0.000367129103253623 0.000353300689291694 0.000351304897416602 0.000371710964934928 0.000381698419283463
-9999 -9999 -9999 -9999 -9999 -9999 -9999 -9999 -9999 -9999 -9999 0.000282223369687684 0.00039768976103409 0.000356286899842266 0.000344555523900019 0.000329610041680039 0.000358189765530297 0.000343252292128681 0.00051101930441224 0.000472513709931426 0.000468964677184282 0.000445794293283333 0.000527422774717514 0.000740916524427396 0.000505914214417552 0.000450750010337975 0.000275978248787729 0.000247071790551176 0.000239721640124002 0.000250686273183035 0.000260605295802702 0.000301105907859594 0.00044631302761261 0.000388902764131127 0.000291313532283233 0.000565743853797268 0.000398035167822067 0.000421527080770514 0.00036000195028282 0.000524929489561335 0.000432036936438913 0.000333674354419977 0.000373743278940471 0.000494523907578341
-9999 -9999 -9999 -9999 -9999 -9999 -9999 -9999 -9999 -9999 -9999 0.000288869390313405 0.000385435428100832 0.000377272546048107 0.000363975186490192 0.000329961494755722 0.000338360088266923 0.000536872405233815 0.000486187707041474 0.000481998074366656 0.00048055996731093 0.000480172836558075 0.000475049394720937 0.000489308258245346 0.000529720683811976 0.000301482881750964 0.000412158829031564 0.000248396323248943 0.000243941542587527 0.000406720988065768 0.00046778445917473 0.000434438230349114 0.000396095046289789 0.000280853795497803 0.000268642498655432 0.00033973644022605 0.000322148180304247 0.000390880106439773 0.000488564331285001 0.000241351988013844 0.000394650443530743 0.000492556715735567 0.000523520165726097 0.00052043991520935
-9999 -9999 -9999 -9999 -9999 -9999 -9999 -9999 -9999 -9999 0.000387258499342556 0.000442249650497578 0.000342239444942763 0.00029962963425921 0.000302575235311577 0.000261172634102584 0.000523773044292934 0.000500611965863654 0.00047768169020772 0.00052257082917271 0.000325992711615956 0.000502247498223704 0.000486600024545696 0.000320809188042016 0.000307480993233618 0.000464157235264758 0.000271017879237901 0.000244880311005876 0.000252173024116237 0.000274014066445229 0.00044776560389033 0.000342967955804662 0.000390666525053168 0.000262431823507479 0.000292048592411504 0.000425969879446689 0.000476761916235408 0.000383984834736845 0.000345959607522615 0.000432577200082237 0.000273105085326234 0.000279193987876158 0.000374541554231632 0.000494394407935914
