Partial ROC data/Hypnale spp.asc
NCOLS 267 
NROWS 470 
XLLCORNER 376490.070567719 
YLLCORNER 380111.488324056 
CELLSIZE 919 
NODATA_value -9999 
[rows 440 to 459 of 470, columns 44 to 87 of 267]
-9999 -9999 -9999 -9999 -9999 -9999 -9999 -9999 0.0101517124936882 0.0115648564510911 0.0132058591403094 0.010644699656263 0.0114485587987706 0.0122667576502694 0.012308267200061 0.0115302072727239 0.0123028536229174 0.0141112600189837 0.0142174250220629 0.0155493883047797 0.0201708702257567 0.00756248545351862 0.00948237335076138 0.00903009601769521 0.00833628563017306 0.00849587673463172 0.00870811144764801 0.00883354804534666 0.00925053854540203 0.0062260482837362 0.00616156014305699 0.0101026769076709 0.00826102409216876 0.00509547378526687 0.00576793023370944 0.00523036318736332 0.00539470146385929 0.00607953444042823 0.00677560895294759 0.0114206273154264 0.00523772179039469 0.0122358642823129 0.00819589958690061 0.00625347908729145
-9999 -9999 -9999 -9999 -9999 -9999 -9999 -9999 0.0117572898245405 0.0144459996297092 0.0153967642966294 0.0109142712691773 0.00881540700300338 0.0104992420026315 0.0127773664025433 0.00997102339266067 0.0082346846847758 0.0111495768771563 0.0150760708788482 0.0144236338343514 0.0121881143241263 0.00963566878866091 0.00992600043605989 0.00957449315614565 0.00813060644485135 0.00718631272555168 0.00820695241686479 0.0096019586859026 0.0100072760769612 0.00981541937011699 0.0079102886330544 0.00664058645552542 0.00676900681227291 0.0112811375639149 0.00743385028139015 0.00417321361997562 0.00545950767723217 0.00616946844636867 0.00783664910607644 0.00907456077177058 0.0132679642201367 0.00465564252579673 0.00584970279938775 0.00859085861867076
-9999 -9999 -9999 -9999 -9999 -9999 -9999 -9999 0.0107987059718522 0.0160319979869067 0.0121693144782043 0.0122526466889462 0.0135125577418886 0.0122163680173994 0.0157762835779495 0.0133979160384562 0.0100569125872018 0.00911940885542382 0.00941747715654397 0.0102528530476135 0.0109940659629614 0.00864997062130116 0.00770500493580077 0.00858984780224577 0.00983136912740828 0.00914799412631563 0.00945417710666317 0.00997278497085023 0.010420188094168 0.0123246613228213 0.0096146114414791 0.00677025349391182 0.00688976823751561 0.0117327631637177 0.00501056961781727 0.00568944214515515 0.00627919341369476 0.00900998307718957 0.0102967657828768 0.0092413191184757 0.00691247978705435 0.0110110975480265 0.00941129874266585 0.00692097279412977
-9999 -9999 -9999 -9999 -9999 -9999 -9999 -9999 -9999 0.0163398662829537 0.0236324847208165 0.0165243537292858 0.0117819286057822 0.0121790179976322 0.0139112613312839 0.0137137609024044 0.0116122472120415 0.0100282107107267 0.00883406236953619 0.00961800786560817 0.0104761905138177 0.00937243361318243 0.00845334503672658 0.00803718840765789 0.0137870956938682 0.00791013599677403 0.0110266408702889 0.00842554431148369 0.0092637561613675 0.0114301914674251 0.0091762214688376 0.00738816096337025 0.00772446646490475 0.00733534104144008 0.00713641587770658 0.00706014694615718 0.00780343279250502 0.00990717910536464 0.00968718690910968 0.013888004011428 0.00888338340090667 0.00868648591030353 0.012683095627179 0.0151742645256331
-9999 -9999 -9999 -9999 -9999 -9999 -9999 -9999 -9999 0.00925469855817737 0.0167263209513371 0.0117629959076526 0.0118322572606596 0.0115809783142443 0.0105716895053233 0.0113549873632105 0.0130897979549441 0.0144493884880615 0.0131447898657468 0.0107275107056176 0.00986595285365581 0.00986189041371913 0.00942377185677487 0.00922892549448241 0.010599334633962 0.00747340252468821 0.010589582090535 0.0100102170130458 0.00880961903630354 0.00893048110452022 0.00843173746311659 0.00773379698674411 0.00783188833067117 0.00773818183511971 0.00836448614797707 0.00968592425666051 0.00999230141248606 0.0102479194415174 0.0135658049522351 0.0125798200581554 0.0118980079757044 0.0125261439943624 0.0118334495832881 0.0137477791517947
-9999 -9999 -9999 -9999 -9999 -9999 -9999 -9999 -9999 -9999 0.012945910365649 0.0156228627256901 0.0189344916318627 0.01351315123309 0.0103066259516789 0.0120526839520663 0.0183501043172443 0.0151823286304652 0.0104743688691204 0.0101962139030971 0.0109828294067942 0.0106358602329011 0.0091358560576281 0.00994441504549899 0.0114914607204236 0.00727147926194205 0.0103812458012578 0.0102705899185215 0.00873847596477437 0.00773634273796572 0.00760446452387152 0.00782804872689813 0.00781830360602936 0.00768856853040124 0.00797616686762897 0.00881303514631182 0.00959979502492807 0.00990435803775979 0.0135923799335056 0.0127067316707862 0.012180134206033 0.0121518605794454 0.0107621040260455 0.0126591917695069
-9999 -9999 -9999 -9999 -9999 -9999 -9999 -9999 -9999 -9999 -9999 -9999 0.0164034771083121 0.0157304227209898 0.0172009412643788 0.0132012463160469 0.0128077024875616 0.00828141321701851 0.00791491871437112 0.00789890059388175 0.0098522214619851 0.0111264780910627 0.0118138639375338 0.0117898761244699 0.0104889330726367 0.00872298046713248 0.00879738554969306 0.00783049557710581 0.00710831455482926 0.00697778889272732 0.00710320279512243 0.00712779355908276 0.00676452013325683 0.0071355499829818 0.00774393829120773 0.00819218604998624 0.00877381644952585 0.0089038916113637 0.0129523400949117 0.0123487027794111 0.0081558671283978 0.0140522142368269 0.00970985364888579 0.00919396391303341
-9999 -9999 -9999 -9999 -9999 -9999 -9999 -9999 -9999 -9999 -9999 -9999 0.0183111125708478 0.0168591281194696 0.0162139093681005 0.0157591245053002 0.0129180838932407 0.0106785179678982 0.00811244738188772 0.00785228411618492 0.00549146982541779 0.00790704566416385 0.00988537710989752 0.0159621739847626 0.0133644967444903 0.00833557439146543 0.00951841214662984 0.0101198968427467 0.00869032029215381 0.00734344192051398 0.00702533107514918 0.00678752780666009 0.00628724783681938 0.00661754991735565 0.00865171583299339 0.00986891838721945 0.00941182537660448 0.00966592031417345 0.0102641542034544 0.00947172040757701 0.0112722878378942 0.0106844920359921 0.0110484279942909 0.00821771201799246
-9999 -9999 -9999 -9999 -9999 -9999 -9999 -9999 -9999 -9999 -9999 -9999 -9999 0.0158171398302906 0.0151809372463991 0.0139751703742096 0.0222880219787195 0.0180765428939674 0.00855865030713336 0.00763537325810431 0.00830130387714069 0.00680365022915272 0.00955799952186202 0.0104195594417895 0.011849348597287 0.0133894937221271 0.0141552408696172 0.0114271098066492 0.00850258155309285 0.0107936108365443 0.00745175290938073 0.00737822025686048 0.00746253445017508 0.00895595701355042 0.00649476189736829 0.0122601528819405 0.0101963070199659 0.0108166147211024 0.00653008538819727 0.00833341119822536 0.00803557392390269 0.0102545837735738 0.010243221753641 0.0078680380192695
-9999 -9999 -9999 -9999 -9999 -9999 -9999 -9999 -9999 -9999 -9999 -9999 -9999 -9999 0.0217845456101324 0.0215538190993824 0.0150489380008802 0.013112514917099 0.00968544092593586 0.0091867620682357 0.0115064536096334 0.0104759475835404 0.0103608140727755 0.0103720249716617 0.0115429502678414 0.0131993441228652 0.00987520516612804 0.00702404341262454 0.00718584035059148 0.00838817739301109 0.0112235175305995 0.0105127150661929 0.0106954374482371 0.00803297072759946 0.0109752242443928 0.00763353549970539 0.00758374886975071 0.0075319729416334 0.00942551733803708 0.00707606842477058 0.0113157356813583 0.0076683644425537 0.00673237122603377 0.00744154142410056
-9999 -9999 -9999 -9999 -9999 -9999 -9999 -9999 -9999 -9999 -9999 -9999 -9999 -9999 -9999 0.0168057733718467 0.0138437856662414 0.013229366795218 0.0146093981159225 0.0159840294958238 0.0140350990958362 0.0141210701490153 0.0140260669499584 0.013180316475555 0.0151176682484138 0.0150584499309453 0.012562429242792 0.0108196697842207 0.00899105426972518 0.0101529900271701 0.0156433808452121 0.017171085427202 0.0140345714741595 0.0103586027851691 0.00705617409996197 0.00906407478277005 0.00739147276494865 0.00748248897800175 0.00654484996621918 0.00870154450601452 0.00718192503905202 0.00719593569086092 0.00697660392160394 0.0070961866949086
-9999 -9999 -9999 -9999 -9999 -9999 -9999 -9999 -9999 -9999 -9999 -9999 -9999 -9999 -9999 -9999 0.012684663053279 0.0149087302133477 0.02164456945293 0.0252552219840744 0.0175575283992277 0.0168600714078818 0.0203467103644541 0.0215272530714794 0.0202523506507276 0.014765526298365 0.0113224978444827 0.012661225413027 0.0117977630724376 0.0102455987422597 0.010332357028638 0.0105679418421824 0.0102931530635509 0.00810266348012927 0.00683247556423651 0.00733018386024487 0.0127763124576988 0.00912021592024377 0.00744342551187663 0.0069903107292684 0.00705893207003931 0.00751178882861058 0.0079174139788668 0.00748166516274223
-9999 -9999 -9999 -9999 -9999 -9999 -9999 -9999 -9999 -9999 -9999 -9999 -9999 -9999 -9999 -9999 -9999 -9999 0.017518049583969 0.0246915328581358 0.0279570821163082 0.0336740581969152 0.0355816765981597 0.026364176157735 0.0234855057515439 0.0118051731720083 0.0137813057183373 0.0122461277294946 0.0102569947079108 0.0107839235442714 0.0103461678261545 0.00932808941048037 0.00836475718509851 0.00631635070766646 0.00555060576976769 0.00613334610209049 0.00676302411510074 0.00748167388209548 0.00831115180030167 0.00513659107978229 0.00789264302377679 0.0100600300231405 0.00996057499814543 0.00889901095656996
-9999 -9999 -9999 -9999 -9999 -9999 -9999 -9999 -9999 -9999 -9999 -9999 -9999 -9999 -9999 -9999 -9999 -9999 -9999 0.0203398353524114 0.0189616678496759 0.0260779816626933 0.023993601175788 0.0211841170077893 0.0232518900031795 0.023031949606204 0.0185538226576523 0.0130547751133748 0.0119793311216908 0.00791068007449529 0.00896956112801242 0.00932405537359414 0.00821212903222087 0.0073606749424052 0.00594660979965789 0.00526802211930157 0.00519861870071739 0.00571032763300526 0.00620584259929449 0.00570202644921085 0.00536561509014333 0.00584868652730908 0.00665294360517632 0.00748805384521507
-9999 -9999 -9999 -9999 -9999 -9999 -9999 -9999 -9999 -9999 -9999 -9999 -9999 -9999 -9999 -9999 -9999 -9999 -9999 -9999 0.0173082025744235 0.0196279942218894 0.0333999964775096 0.0335735269903464 0.030850548283954 0.0275140983312866 0.0168935705185019 0.0146559289254977 0.0167538033475595 0.010274031751377 0.0101202361091582 0.0113516431063349 0.0124226691380826 0.00996165377077838 0.00794253085311592 0.00652767294908963 0.00590841721010007 0.00608348673580067 0.00616336653503766 0.0056274882491268 0.00513415042078532 0.00581051866350379 0.00675738454524701 0.011018136719378
-9999 -9999 -9999 -9999 -9999 -9999 -9999 -9999 -9999 -9999 -9999 -9999 -9999 -9999 -9999 -9999 -9999 -9999 -9999 -9999 -9999 -9999 0.0212805167817374 0.0308476583809489 0.03393509644274 0.0247706115982765 0.0176161727455126 0.0143697811349681 0.0123099495460188 0.0122752459865643 0.0160570782709456 0.0172749306716515 0.0152853959018257 0.0123506746523997 0.00907592511900012 0.008014439612928 0.00733658255195363 0.00789677726024233 0.0117157863610327 0.00785559614656553 0.00729798364532014 0.00742910848311129 0.00847383261930311 0.00864107161092866
-9999 -9999 -9999 -9999 -9999 -9999 -9999 -9999 -9999 -9999 -9999 -9999 -9999 -9999 -9999 -9999 -9999 -9999 -9999 -9999 -9999 -9999 -9999 -9999 -9999 0.0204451960832247 0.0206225357819233 0.0134358331703363 0.0108526971564902 0.0117601297971887 0.0159227203825971 0.00984331097849507 0.00990053650543862 0.00913854185756457 0.00831972074662348 0.00847304561360209 0.00833628522557263 0.00844049768711355 0.00863556223135661 0.00878861516157767 0.00929740439536079 0.00998794103010256 0.00939373539567371 0.00923713834572111
-9999 -9999 -9999 -9999 -9999 -9999 -9999 -9999 -9999 -9999 -9999 -9999 -9999 -9999 -9999 -9999 -9999 -9999 -9999 -9999 -9999 -9999 -9999 -9999 -9999 -9999 0.0130995223562461 0.0116042377626633 0.0122439923518788 0.00764974154728382 0.00672257918851362 0.00708508868580818 0.00788410857577745 0.00848978872294465 0.00867463735046925 0.00842523789931176 0.00832916781675638 0.00839504246096546 0.00882054660820742 0.0102849036865035 0.0112701297003844 0.0116283743452589 0.0106863093164511 0.00944748319433529
-9999 -9999 -9999 -9999 -9999 -9999 -9999 -9999 -9999 -9999 -9999 -9999 -9999 -9999 -9999 -9999 -9999 -9999 -9999 -9999 -9999 -9999 -9999 -9999 -9999 -9999 0.0107178146724748 0.013264703624316 0.0112601472361247 0.0178380354804134 0.0125790027820187 0.0123801673842411 0.0081634805428322 0.00740417989498612 0.010002178511475 0.00984437001147697 0.00748090709874035 0.00631444637231179 0.00815725436040979 0.0106682390861996 0.0120898496605112 0.0171266329419303 0.0169078304167034 0.0149250267035837
-9999 -9999 -9999 -9999 -9999 -9999 -9999 -9999 -9999 -9999 -9999 -9999 -9999 -9999 -9999 -9999 -9999 -9999 -9999 -9999 -9999 -9999 -9999 -9999 -9999 -9999 -9999 -9999 0.0137269975195021 0.0131800206973002 0.0102307806422285 0.00810206853983743 0.0173202684099245 0.0153845668667253 0.0121918913835919 0.0117932200324876 0.00574163017542723 0.00640580174483837 0.00459437014477611 0.0157344548601244 0.0116750373555036 0.0139859518389547 0.0134231355757399 0.00936062645192679
