Partial ROC data/Naja naja.asc
NCOLS 267 
NROWS 470 
XLLCORNER 376490.070567719 
YLLCORNER 380111.488324056 
CELLSIZE 919 
NODATA_value -9999 
[rows 260 to 279 of 470, columns 180 to 224 of 267]
0.003863230701548 0.00377075922754943 0.00370865841200482 0.00415575048844141 0.00411317545371447 0.00361467112476886 0.00400371238546814 0.00344335769957396 0.00174697727740626 0.000998183776713639 0.000988982496001306 0.000982932596652311 0.00097234584540956 0.00096275314795151 0.000910332628357536 0.00102360022467166 0.00107504014705261 0.00105832204242892 0.0010579542079036 0.000956976611597437 0.000942930963018129 0.000923618063367227 0.00104357092151663 0.00105302059357034 0.000931572346863005 0.00105470008180145 0.00110203130406823 0.00139623491973274 0.00142717028337018 0.00153039610999157 0.00153213343831679 0.00152780378660523 0.00151470833816947 0.00149858421040958 0.00149822807052911 0.00149791376901655 0.00149096337184206 0.00148079476690562 0.00148490075078004 0.00168936795701995 0.00166611647276055 0.00138555674845582 0.00145800747853942 0.00148581632503669 0.00169092439791058
0.00488883379335674 0.00695733588605329 0.0071859955398568 0.00551636989216035 0.0041086999660391 0.00361284318786469 0.00366939402927648 0.00315451428973265 0.00173427643114753 0.000994312282833728 0.000990676764995216 0.000986527240655131 0.00110014194299769 0.00101665631590754 0.00101134497666677 0.00105382787028102 0.00101954115997868 0.000972611153058087 0.00105512913133154 0.000925848591126361 0.000927901270046594 0.000927052861215428 0.000935395983945168 0.00104563769166767 0.00104507275391374 0.000916572388088956 0.000951171529263133 0.00109642580769356 0.00126724918192794 0.00158758639884153 0.00172945852357608 0.00152398202823705 0.00172350949926241 0.00163917590943028 0.00174905650443834 0.0015039016895579 0.00149683757844599 0.00150076326535512 0.00149928524096113 0.00147952797742111 0.00168206753562163 0.00158888922205617 0.00168043035327392 0.00142779905439366 0.00177305643958148
0.0100155792788982 0.0117350648343865 0.010348610494418 0.0105654883129381 0.00758947656592194 -9999 0.00334035351789198 0.00240781157637364 0.00118562670847078 0.000996149494053932 0.000991109189406813 0.000980871113505982 0.00109603995103299 0.000983393100640771 0.000976080129292879 0.0010711603667484 0.00089964496597799 0.000854542614671205 0.00100482784144372 0.00105707632375557 0.000929026409613949 0.000925796014334616 0.000926072670013055 0.000933006581848956 0.00092978013007079 0.000907083096027385 0.000898047427271744 0.000895217903844032 0.000915583579331952 0.000947811199910397 0.00100563935182839 0.00111581337540178 0.00132929214174378 0.0017210554583352 0.00164504610699286 0.00163098179814243 0.00176689317239733 0.00167348026401297 0.00181305747630248 0.00180159697542788 0.00170315242848901 0.00160025070824547 0.00160150387790799 0.00140758739745005 0.00135556420860647
0.0118308079049751 0.0121585661896258 0.0107268529346256 0.0107068864756394 0.0104789996787082 -9999 0.00382793264172965 0.00254445112271832 0.0011306531771149 0.000995693131093749 0.00110990345567131 0.00102268857866048 0.001078389717052 0.00104708574932014 0.000946282692316763 0.000970909180284715 0.00105653323086285 0.000922951146473252 0.000937935553800482 0.00104620066479917 0.000983237215208614 0.00105410410032014 0.000923368268963751 0.000914084944231274 0.000906301250573687 0.000900178763644084 0.00089626767457678 0.000899010740315821 0.000895415921713522 0.000890723215568334 0.00100908994884765 0.000964459738131748 0.00137202287937647 0.0018946914826202 0.00195224892980973 0.00140220954802627 0.00149887552376364 0.0017548106250149 0.00185162539795531 0.00183752106777481 0.00181756243632594 0.00177984892841519 0.00176582948944731 0.0016126320661449 0.00133614366659875
0.00526555492928071 0.00631916280183123 0.00720894976222057 0.00980332714030719 -9999 -9999 -9999 0.00101595378847046 0.0010236439345893 0.00099460501166864 0.00111049608831303 0.000987241202092735 0.00108740583142993 0.000972394690001 0.000986623070826433 0.000980291976591553 0.000954634922750717 0.000932589215610669 0.000930663447623573 0.00104391420326303 0.0010433321480347 0.000930838445293037 0.0009133910231628 0.000870711662386295 0.000850870705382912 0.000906807907352917 0.000907058266048734 0.000903200563616405 0.000902921249156241 0.00101631969994197 0.000951332908456025 0.00101719815446914 0.0014228319457924 0.00203653327122348 0.00174293287959068 0.00137983610394385 0.00138553007400414 0.00175261621829864 0.00195220100877461 0.00172998556706783 0.00209134263120392 0.00197982597314403 0.00203804546535575 0.00156976317064044 0.00135489928342778
0.00384909411484952 0.00562143045523271 0.00811055841815135 0.010547354909764 -9999 -9999 -9999 0.0010083308254503 0.00100254850531107 0.000995435081172662 0.00110792281202136 0.000986744230853602 0.00109043393818439 0.000958297474413552 0.000953238940040604 0.000948597498525171 0.000946157740382195 0.000944780229206571 0.000938510925995713 0.00104670329890859 0.00105029999535136 0.000881743455515496 0.000859746058824093 0.000913904693265543 0.000916235342967553 0.000914260834497388 0.000911713724965889 0.000870033470824623 0.000849860989914893 0.00102090689639291 0.000942619061163006 0.00106068621186667 0.00158032530200958 0.00215264297872611 0.00179310444032034 0.00151794989284759 0.00133529243023141 0.00152482375694011 0.00168457562969041 0.00170495709935263 0.00202313455217297 0.00170391785711604 0.00162259494380843 0.00130442030543049 0.00130200095719917
0.00379233124553109 0.00618538111333717 0.0090289827840869 0.0106964587916168 -9999 -9999 -9999 0.00100383342517579 0.00111292254983858 0.00102102719230063 0.00100353655578203 0.000979449180049527 0.00108190968069314 0.00107500692739011 0.00100131917768348 0.00099209645394847 0.00106275533211628 0.000945451103565927 0.00094489529257821 0.000951632296620849 0.000948390277454097 0.000931918546541808 0.000881876940741202 0.000863829631407311 0.000927991128676296 0.000921811578434323 0.000916060149305905 0.000910171270114029 0.00090458717994737 0.00102002082945197 0.00102213395415223 0.00121721557633119 0.00173860508697628 0.00193026379803921 0.00168856839693512 0.00133834630402478 0.00150372561568688 0.00141154984341376 0.00152801336454665 0.00139859075787877 0.00143111994880006 0.00134909646014024 0.0013087738037097 0.00123458179097523 0.00117511713006402
0.00444754716223224 0.00487194226385271 0.00617905125257657 0.00562610887110544 0.00526231171646276 -9999 -9999 0.0010052924321155 0.00112037497996099 0.00105787753167171 0.00090742729615093 0.00100725359400658 0.00098849057190138 0.00097531056433131 0.00108077493406802 0.0010733216680919 0.000966206541777617 0.000946381701255341 0.000948333612624466 0.00105449779301059 0.0010601344581973 0.000941957388393446 0.000933404759006702 0.000927011251396034 0.000928973593591586 0.0010929655683204 0.00122518008173842 0.00091825773110386 0.000912317896090488 0.000913445108149098 0.00108640032806802 0.00163769986372126 0.00190020600442793 0.00186260160894491 0.00180643395009136 0.00130994222211606 0.00132929283459872 0.00137412220256064 0.00150846080521858 0.0013208854595693 0.00132325364166908 0.00130989201175429 0.00130103955965096 0.00124484414536844 0.00122931498008522
0.00529352170744283 0.00531843278596903 0.004750922212079 0.00524916757255702 0.00467631916749592 -9999 -9999 -9999 0.00111937087854314 0.00100690637007292 0.00109552889304173 0.000983846093957489 0.000977702794328341 0.00107644985822069 0.000989813623117502 0.00107735686981691 0.000960160272795763 0.00106471909616704 0.00099688355337716 0.001063776258914 0.000961843388460641 0.000944045548560444 0.000943008677615986 0.00142226601873492 0.00196980304528479 0.00250942750549653 0.00206339934314246 0.0015128896234348 0.00122337939094217 0.00107434884946733 0.00114731466656177 0.00180351311100896 0.00192017123399794 0.00182702974129743 0.00149597244677249 0.00119606498091095 0.0011052617595605 0.00113442664311082 0.00131425179397185 0.00120785345956766 0.00131872366437035 0.00131426702939046 0.00124649538730239 0.00115902347860149 0.00123059097056173
0.00487060725718779 0.00481405582799633 0.00527513816158458 0.00522642045405189 -9999 -9999 -9999 0.00127925090649161 0.00136414648666246 0.00117681430247592 0.00121824898089169 0.00124361387028825 0.00113501379729942 0.000994525328710606 0.00097270478950288 0.00107527163035456 0.00106970009679725 0.000987557924055039 0.0010673030148237 0.000970672403210211 0.000950990275785538 0.00106492817454156 0.00157117943332586 0.00251560952590089 0.00281024444108495 0.00257349980697279 0.00235185482382542 0.00186277853200102 0.00161698830847135 0.00151713538208637 0.00153076597726545 0.00183443172424687 0.00191387610650073 0.00170689873223815 0.00120662493803103 0.00104929600731481 0.00104330055857948 0.000996190460856982 0.00100746079689146 0.00135622378257516 0.00151205055560345 0.00125346788301935 0.00115240524388597 0.0012245507561714 0.00133389519503078
0.0047721099776034 0.00527360363975057 0.00510676302826195 -9999 -9999 -9999 0.0014511090398829 0.00129365291200385 0.00142062219986378 0.00139796534531988 0.00140179810547004 0.00125736893429757 0.00120617080890027 0.00105683589655389 0.000973029714013239 0.000981365552192657 0.0010711927242224 0.000989270179902758 0.000976863846015395 0.000952581256523595 0.000947851732144962 0.00159771344474501 0.00233693883831715 0.0028658013463472 0.00260693971847105 0.00252738345611446 0.00224179608894366 0.00174302801603877 0.00165656730227895 0.00181103778817541 0.00189575871342468 0.00224222689320145 0.00221387358468754 0.00149980732536939 0.00106620591307566 0.00104115352281993 0.00103112808871495 0.00103030156870517 0.000978751678931969 0.000940437685105064 0.00106586954137429 0.00123416512232828 0.00131253676463675 0.00132881232098052 0.00127435800830634
0.00475314558161239 0.0052489438407114 0.00463810695026349 -9999 -9999 0.00129659996340569 0.00144499862064419 0.00128193153004104 0.00128705733780062 0.00128390315614434 0.00127721875372232 0.00130824328347653 0.00129645566587828 0.00130511572757236 0.00110777056241783 0.00106755258972294 0.000969686786337795 0.000983248959439026 0.000984933535983296 0.000985658381282559 0.00103329934243634 0.00187764298700248 0.00252066716926749 0.00262190076570353 0.00258508334070068 0.00242994876899802 0.00197520482023312 0.00185871746336202 0.00172236894319814 0.00170154236028224 0.00206187669182913 0.00217351715238566 0.00235841640410718 0.001918340929472 0.00099699198431208 0.000963991631655525 0.000982651904405117 0.000955468837947158 0.000973878658886866 0.000939034659320144 0.000966037646470468 0.000962112083483983 0.00112346211602152 0.00127646223212093 0.00127032821844049
0.00249953281070332 0.00233320332199495 0.00231970686177975 0.00185783666486117 0.00137420251875239 0.0013253089196035 0.00131169191281004 0.00143550308836271 0.00128205746873339 0.00127254412269894 0.00139955386880387 0.00128916089965609 0.00128592804548075 0.0013677150886646 0.00124662316604958 0.00107718896430681 0.00106384994257169 0.00104977053499387 0.00105242660437833 0.000957181655053723 0.0011632016218269 0.00197911947537328 0.00287846462098996 0.00286547215484853 0.00288656644674537 0.00245126559303186 0.00201433457397869 0.00168430379096202 0.00183621125348978 0.00168700012120562 0.00175945828638374 0.00230505643829649 0.00230259929106755 0.00214004750012071 0.0014263366807563 0.0010420268601112 0.000990653158598027 0.000956068319042147 0.00113834013024019 0.00111203044951306 0.000882722075291197 0.000934284446081283 0.00109745176760296 0.00121514822942831 0.00123990205873431
0.00151052245863035 0.00141720377682668 0.00154457014223738 0.00140505448783469 0.00148397219097858 0.00149570398302991 0.00137788339194352 0.00144030403641264 0.00142428560629854 0.00140124389973842 0.00126700574645455 0.00124891631177694 0.0012471811317044 0.00125921464134356 0.00124502656398434 0.00111864463328589 0.000982059282948326 0.00104664634741279 0.00104395008502875 0.000957470922076146 0.00149815911923843 0.00238551336849749 0.00289998299804262 0.00354836422521693 0.00366000088176252 0.00364474626662573 0.00301940616716106 0.00214250257823718 0.00177087966430398 0.00167566074685917 0.00182399915736681 0.00203400225741882 0.00226959132274366 0.00230667253364647 0.00170466034370639 0.00100910908107905 0.000982281356205495 0.00108182247698609 0.0011203115698074 0.000948893864273549 0.000972565218087008 0.000948545489610066 0.00101479291838154 0.00112819836014988 0.00150247275539949
0.00140274463687465 0.00139307594770179 0.00140719891612717 0.00153582436915364 0.00152156133016255 0.00151262501838483 0.00148794915436472 0.0014401793946753 0.00129063026562487 0.00140775894148362 0.00139647250175766 0.00125190079968362 0.00138761643613681 0.00128153706623103 0.00128070719513834 0.00122768148877634 0.00113870972559132 0.000970439396311757 0.000972000508644143 0.0012839941836881 0.00274990099762929 0.0041222704862459 0.00401193348416271 0.00407457948083625 0.00445673609698667 0.00380353901743591 0.00329279498186025 0.00301882970474879 0.00277942872635621 0.00249518847380939 0.00193278977635866 0.00165392521634199 0.00181973134329023 0.00168334922814919 0.00166323503716478 0.00157086311380333 0.00117084483476454 0.000989151217439461 0.000958374227326506 0.00101921717097563 0.00113526855871181 0.00107450062550549 0.00119858137151085 0.0011172916983425 0.0014432948195745
0.00140297077513119 0.00139296505587263 0.00138946256360949 0.00153386661603734 0.00151667809381204 0.00151296286356515 0.00134091036323894 0.00143476131753301 0.00142192203657393 0.00141100404577788 0.0012868005892676 0.00129847875581679 0.00139396586276466 0.0013884313248266 0.00125683955525316 0.00123890823651007 0.00125498411676898 0.00106597577692286 0.000988775651267069 0.00203292023275448 0.00335048330311534 0.00398077474815937 0.00436528850808707 0.00409336761564789 0.00403409943369326 0.00371312703417186 0.00300027719623218 0.00284229594303566 0.00306370603080575 0.0029988997828522 0.00269664022264609 0.00194615182252274 0.00163507332046173 0.00172860075571963 0.00188918376368418 0.00182129087581963 0.00157007413549588 0.00122842222585128 0.00103384636404785 0.000970439227878247 0.00094170878699208 0.00110208160859598 0.00159420360458665 0.00193456555046714 0.00129617447834634
0.00140067540950825 0.00139443000603481 0.00154051370134965 0.00138121760028427 0.00136438232282366 0.00150771058675536 0.00148531803639229 0.00129618913055145 0.00142541123450119 0.00131139821825495 0.00140830673125036 0.00129363311600641 0.0012783499134789 0.0013917907884826 0.00125709817775142 0.00137023294412579 0.00131794496812509 0.00128218377194182 0.00189576800965944 0.00294731803649094 0.0034440041931455 0.00337449170260811 0.00404686549312917 0.00435929743701946 0.00369246454761109 0.00308002914434621 0.00299935749693621 0.00311450953343251 0.00310711993535456 0.00306326652617388 0.00272403526154271 0.00190254979641152 0.00156317269911089 0.00159087829294732 0.00163728427248663 0.00163583390865691 0.0016119904666911 0.00155051189075185 0.00138745014183117 0.00113002043137021 0.000939715185913152 0.00149231589428408 0.0025028176083323 0.00292374004275981 0.00237883991807098
0.00140154950396093 0.00139225368806029 0.00140541024385952 0.00142026871522138 0.00141221019808737 0.00139123730542121 0.00135882701035535 0.00144111093326372 0.001423588535752 0.00128671382871237 0.00129716328713011 0.00130484466041969 0.00140017413494193 0.00126844683562836 0.0013881581854039 0.00131767595966715 0.00173709495828382 0.00215246284769476 0.0025781729308679 0.00275967482424279 0.00324784536844077 0.00318327461282865 0.00338774073986699 0.00344189407672887 0.00299495717248767 0.00274575052018701 0.002890247192026 0.00313923279505122 0.00303283628231703 0.00264116959403606 0.00197466606531648 0.00159514677345507 0.00154010638255223 0.00153821963090861 0.00154905432030007 0.0015427250387345 0.00162681179020273 0.00173566711578455 0.001768515992727 0.00159585403860466 0.00150202397013332 0.00197301993860277 0.00293383379964312 0.00292954392014534 0.00267351817966477
0.00140385462488161 0.00139194544293552 0.00138510134323198 0.00137975852473634 0.00137267419614556 0.00136294874983523 0.00133030249131295 0.00131583404984117 0.00131484005057521 0.00129298249610195 0.00142019688293666 0.0013025028005588 0.00140220698812042 0.00130855511935602 0.00159609239517478 0.00216318506618138 0.00272434660813317 0.00255284489661552 0.00258684436823653 0.00265745546055616 0.00286172531592802 0.00329933625726305 0.00322811824240547 0.00311237055561222 0.00278549236437245 0.00269061997868791 0.0026732014942055 0.00273576298301017 0.00231842928051037 0.00194595135479562 0.00185794702408976 0.00169691611323591 0.0014934151642468 0.00154019371689213 0.00163021079338631 0.00163120869352677 0.00163434792697588 0.00174607480308031 0.00182280300672617 0.00161909651421602 0.00164972044745875 0.00212252866185996 0.00259463405866274 0.00255328084493726 0.00202879554361963
0.00139969794989133 0.00138994756329635 0.00138589964996417 0.00138019204766372 0.00137115849553038 0.00135280393243022 0.00131962912167678 0.00130329662393239 0.00129237812406964 0.00128865645052162 0.00130563206818774 0.00132254826025845 0.00143831000202684 0.0019866033661089 0.00263692010405505 0.00275288093555599 0.00265486237159176 0.00267361955484093 0.00286861241661442 0.00269184530121685 0.00303507260264771 0.00312667409120905 0.00353222831489314 0.00316681579899541 0.00276131357060221 0.00232253134601749 0.00229859971438026 0.00224829564461213 0.00194833944939387 0.00204891023775511 0.00189376682909577 0.00195087084876582 0.00162887742135938 0.00172306533636011 0.00160577690151345 0.00160003339983854 0.00149948822135498 0.00153051771127216 0.00147154893110204 0.00136211231320395 0.00130956238144322 0.00118124371825648 0.00106957422023068 0.0010978322026551 0.00106697600779936
