Partial ROC data/Naja naja.asc
NCOLS 267 
NROWS 470 
XLLCORNER 376490.070567719 
YLLCORNER 380111.488324056 
CELLSIZE 919 
NODATA_value -9999 
[rows 280 to 299 of 470, columns 45 to 89 of 267]
0.00745501673282362 0.00455199251531641 0.00361963618755637 0.00304548763311983 0.00291212890051289 0.00336818819571008 0.00637206542703582 0.00684619153786785 0.00649463638013965 0.00599176814438743 0.00536901804933241 0.00550913567408312 0.00578990969910139 0.00493075748507827 0.00502099256004194 0.00905726872521768 0.0119928871343498 0.00839630597264296 0.00743840847932352 0.00815053409919355 0.00536709120782096 0.00325917100593789 0.0038636670707856 0.00436941937309149 0.00449382190414763 0.00453196618060098 0.00408875232162478 0.00420694991078081 0.00558532566367001 0.00667977435021874 0.00574891177839256 0.00577745772679045 0.0072923384484519 0.00775781714693223 0.00777925293083667 0.0124002751677815 0.0167012328092977 0.0201635066511984 0.023520238576609 0.0148687104423933 0.0120052013417581 0.0137610732681821 0.0145638628555724 0.013554928054537 0.00721316727562756
0.00695111474422068 0.0065618640913938 0.00698063028871198 0.00498160117622981 0.00350122905168247 0.00354444292445735 0.00387017772658427 0.00496656222124402 0.00571714401879226 0.00570345326804093 0.00500827535974404 0.00482160866979036 0.00618137514248823 0.00791083280494875 0.00712349629721409 0.0064403025396742 0.00874778019845313 0.00748262624218336 0.00732113168878727 0.00977883711114128 0.00757722724996858 0.00484691290568165 0.00455602850116066 0.00489399478825632 0.00570032717542951 0.00537341943607382 0.00450205928689991 0.00422612430764542 0.00523965618860722 0.00578026431830376 0.00613378884256468 0.00850821334261549 0.00993817214019681 0.00812351305112399 0.00656567225538492 0.00911554487918174 0.0111810127228719 0.0133368982823582 0.0279730672658548 0.0237088970530535 0.0108459815349363 0.0105900112841126 0.0155620363612857 0.0177395301977476 0.0128330656017679
0.00771917174128801 0.00961597388813072 0.00887947451298323 0.00690137914873387 0.00580465987655891 0.00402020391053866 0.00323786041760274 0.00340624014498087 0.00452260161635101 0.00536669394527006 0.00546430516045024 0.00509632671908341 0.00572485981898987 0.00706835155098552 0.00631492645507327 0.0067827797809571 0.00778610591570172 0.00707411657833936 0.00705934960708808 0.00730392075840547 0.00634927380836125 0.00483977692311708 0.0042652717163251 0.00412910456469245 0.00487916419237643 0.00558594771773362 0.00499838354337385 0.00466435416377291 0.00491366247307748 0.00484154791625834 0.00497611231474808 0.00681292739676408 0.00915213501249562 0.00977110238247049 0.0100407249867697 0.00984487727464847 0.0129044186187654 0.0263618534978926 0.0325619377957068 0.0188581133247728 0.0169599731265689 0.0228177859515717 0.0277927490013248 0.0254096526382176 0.0202604879932085
0.00982289610768907 0.0123796035119379 0.0138173839450076 0.0111336583189611 0.00811242172043111 0.00551664201694292 0.00502651799888266 0.00399794455464621 0.00423051313995412 0.00418082367612416 0.00455926783698556 0.00557457197121205 0.00427658501571484 0.00321618946192025 0.00379354091123833 0.00452520615758942 0.00637655687955464 0.00852924506073468 0.00881304881796633 0.00782212288970183 0.00647577363409697 0.00505594101661295 0.00427259595638729 0.00421552155561333 0.00486919395187794 0.00552613307458832 0.00515426367082421 0.00513152517576333 0.00545675926819516 0.00544991492921237 0.00575058921205316 0.00673325675698205 0.00817461722161828 0.00885570243677868 0.00947306751124935 0.0093617642995791 0.0117192277071351 0.0178284144895131 0.0216585672708595 0.0187293732891619 0.0145337725053821 0.0122666195786961 0.0130679953159333 0.0127341653926407 0.0149933656232897
0.00852161458655218 0.00723984182850687 0.00778880722035368 0.00749341562833541 0.00647345540525036 0.00579333373222881 0.00517936938420833 0.00444847584712993 0.00492100935358148 0.00596305790778993 0.00605237050924561 0.00597807040373426 0.00561834778960204 0.0054228495271036 0.00427868601372895 0.00396014067131206 0.00610109170720797 0.00772877929141246 0.00740498255219374 0.00695071286762102 0.00658587433497369 0.00623292710707963 0.0057106084688525 0.00503059932491684 0.00515993570460757 0.00540403933869042 0.00515379647260815 0.00525397013684821 0.00524040446142956 0.00619439328159233 0.00748163672933395 0.00889760242454689 0.00813488475109798 0.00740720349535351 0.00891763233423674 0.00872445984058158 0.00838429286449357 0.0107519477420693 0.0135652126329118 0.0132026162283828 0.0107647789328429 0.0079002627447276 0.00704284851887313 0.0100934236977458 0.0110855375360457
0.00840406621465745 0.00692590075160729 0.0070134565444437 0.00680363174078431 0.00636074434255362 0.00587109728607251 0.00576857256746557 0.00485637147771161 0.00449427337463184 0.00466721463441524 0.00513557047043938 0.00558307754569216 0.00519281865673693 0.0060205758957513 0.00687529709495904 0.00930385548507227 0.0103255574900746 0.0087218006647555 0.00832822468129726 0.00760608328322216 0.00705462747638486 0.00798197304627674 0.00744606773550842 0.0046073264352022 0.00497612476065848 0.00625829912862374 0.00554912521542935 0.0059527527724279 0.00558755294891584 0.00666820850143282 0.00740294386598067 0.00676340208995691 0.00642499987399788 0.00669476120954441 0.00818337535627407 0.00788146655142753 0.00740440188023039 0.00760826256583993 0.00843987343896022 0.0105728113308937 0.0102930701958443 0.00822904047857787 0.00633250558841156 0.00671063773707985 0.00864945303021114
0.00725953099826977 0.00640824449978898 0.00631308900772258 0.00641064631430391 0.00592366343689747 0.00516762634385182 0.0053961255900287 0.00569470216928562 0.00484739216617413 0.00338070096119521 0.00349014060587299 0.00431342288927927 0.00458019203860785 0.00534217558167188 0.00585307985730899 0.00809882313057812 0.0100751676595559 0.00891113664267368 0.00824295855513119 0.00923116131929557 0.00899839603920289 0.00698207167999579 0.00726764792255764 0.0068304409595264 0.00591744070354276 0.0064716962313135 0.00643809589866049 0.00504044778107394 0.00502804626379498 0.00600592862951733 0.00536877273956272 0.00520403728256667 0.00593453051605446 0.0058754143323826 0.00577883028256275 0.00608788556421856 0.00743093662526343 0.00970234681378415 0.00934900213098256 0.00746276098494273 0.00656803499133494 0.00642081177665869 0.00746607710291063 0.00730947271439431 0.00720417583263702
0.00509679196448175 0.00434252599023952 0.0051811834176463 0.00560840801487156 0.00564878047572271 0.00507706463976178 0.0046059321290724 0.00490556059995828 0.00477573754552769 0.00446828859021465 0.00453557444427064 0.00461097280421063 0.00475829440024631 0.00525659600189469 0.00567657881848005 0.00612935273394664 0.00553280884376235 0.00430854718708332 0.00389286925544586 0.00655247493398852 0.00793899018460802 0.00561964502499243 0.00510485326674279 0.00488854570421395 0.00723125855263623 0.00680387379147616 0.00427781145627394 0.00519984525497543 0.00499299420815185 0.00475159281922659 0.00496798973330518 0.00458757637308544 0.00527315795758032 0.0063749873221034 0.00684417505335721 0.00720332200453484 0.00854139882542827 0.00884345563757827 0.00868482080265559 0.00792476099285747 0.00634410372917854 0.00620448770360487 0.00631590503676082 0.00636983229886746 0.00797559004786668
0.00495129002213238 0.00425683295948153 0.0048429834914378 0.00515755861193996 0.00558493030207393 0.00640107252066249 0.00627297137994129 0.0057506485642438 0.00458868616552838 0.00450579322454637 0.00517440341300585 0.00500194700497467 0.00492587377356693 0.00517104666010856 0.00514980702007552 0.00474317352066924 0.00394745144682976 0.00420103819710478 0.00478117540244793 0.00571573875283471 0.00820413355108068 0.0103207564137128 0.0075576080344899 0.00618418266572116 0.00738303122677994 0.00607604420068131 0.00547646892336996 0.00522223556581737 0.00525956640196105 0.00500363165156641 0.00464775691886928 0.00467527679452896 0.0053609297118082 0.00645878907769188 0.0079227312958087 0.00896027377927814 0.00916537936464015 0.00755323471952717 0.00631549674217397 0.00738797168704666 0.00834683946697406 0.00721449098728552 0.00597889973342871 0.00609497866949972 0.00808927184237016
0.00431955802908797 0.004364923429679 0.00459516702401951 0.00468576015966005 0.00523526400990125 0.00483367759080275 0.00369194736084836 0.00403950157017876 0.00641826040381546 0.00774946824786553 0.00678506927216575 0.00556465688406214 0.00492558701193614 0.00476541013466899 0.0047264777643177 0.00528628044646671 0.00541149074584617 0.0047505808139746 0.00440449379225001 0.00475688581258848 0.00558618613438027 0.00765444480966051 0.00908809152519524 0.00828767439429982 0.00684111305553698 0.00582102420566798 0.00540596313258668 0.004843206874935 0.00477342152832434 0.00526501159989281 0.00536867244381599 0.00532918379923071 0.00612040360303838 0.00684427363850013 0.00743204023996986 0.0101788361231942 0.0108344594972813 0.00719735533141937 0.00713856852452377 0.00895642599235729 0.00847573731383889 0.00684878813684422 0.00479407273689454 0.00404180123911597 0.00466815116599266
0.00447548882481398 0.00492336507324552 0.00485355986696039 0.00439363279967051 0.00454738833559911 0.00482624395793 0.00489726290316102 0.00561677599456334 0.00528031744455479 0.00397053505909835 0.00458976072769139 0.00509189383515613 0.00477064076432579 0.00348159640589165 0.00355390417488146 0.00515540849642668 0.00575802885777429 0.00570495620484874 0.00536285801076863 0.00537167708998112 0.00532956839291855 0.00771371408929123 0.0099012561546663 0.00812012875987753 0.00626972323915857 0.00580879013470267 0.00554617193373083 0.00514434195578083 0.00524036405411038 0.00553286094651574 0.00572026008640951 0.00613625651464417 0.00657892665052969 0.00682621934981687 0.00710320614796494 0.00947197537065454 0.00991186478816796 0.00677120758641685 0.00579889822275859 0.00699006166666013 0.0071257892305368 0.00485380568735094 0.00535449608390515 0.0049212611461606 0.00401856828893258
0.00481309595552647 0.00538041327736592 0.00484354773907024 0.00448501671529445 0.00485154391421856 0.00530870443994887 0.00511488608650362 0.00429610126338017 0.00303382107876617 0.00244882296048107 0.00263547216613848 0.00337395787218895 0.00505581287114179 0.00481585796201362 0.00427388206466047 0.0048750387506437 0.00430646986210587 0.00369262038308353 0.00396747976279056 0.00588381881509879 0.00702788596979326 0.00811237396370508 0.00876927262430113 0.00782191433425455 0.00507276769840478 0.00473400003571333 0.00536768313717036 0.00519915609730363 0.00600775138803496 0.00604064075054985 0.00579030087859582 0.00603336471170733 0.00639626349896755 0.00723290665795128 0.00809342176977349 0.00855866935023154 0.00854002031963511 0.00557117482741635 0.0039189520877937 0.00418008229838598 0.00435814640504366 0.00432175492444366 0.0057166452920673 0.00762017551379767 0.00759016221187282
0.00517642046127512 0.00568910409589838 0.00552320817287953 0.00561128096971541 0.00573060156834782 0.00560531611637892 0.00517916880046467 0.00427844528777683 0.00372304456109649 0.00423400661237947 0.00395000000115556 0.00320513978586247 0.00520962521601376 0.0061668088065053 0.00466168083367246 0.00530173180114722 0.00444166659838955 0.00389839491926017 0.00450104616988741 0.00658065644032198 0.00727175985355678 0.00682387254701768 0.00751180618599598 0.00684766558657848 0.0052651882323608 0.00524099599621987 0.00522194618219129 0.00501920736371206 0.00585127291839892 0.00592184816535451 0.00586231641929695 0.00673153106887514 0.00692816742173356 0.00900323741589588 0.0114300687495643 0.0110744686315263 0.0102961203615829 0.00805314851725044 0.00668633049633282 0.00713813589020603 0.00767062622548796 0.00737994702696178 0.00794800788548943 0.00913252676576747 0.00664201073225311
0.00437102689540768 0.00506054111191755 0.00537047256194615 0.00480759833837536 0.00563497518066655 0.00690737813949562 0.00671040296610558 0.0060092780711076 0.00464463451488679 0.00492552964244075 0.00628910980031403 0.00600253963661294 0.00581880637210954 0.00611802305158647 0.00531064755875644 0.00524777290097471 0.00477903287917985 0.00703816660894531 0.00947528019969264 0.00802864200912116 0.00679367013766294 0.00620133766896146 0.00615633956575227 0.00566399080569079 0.00513348386422443 0.00469779346574575 0.00450839404958976 0.00450904480292648 0.00623780551375262 0.00739577586267684 0.00688603957256058 0.00758874194065817 0.00737099506581364 0.00938452587548491 0.010962190487813 0.00826111391475296 0.0072332519676132 0.00665389545246947 0.00698731211997533 0.00718185152288347 0.00741723605430081 0.00760274407795708 0.00780916332016308 0.00854827082179929 0.00847649236348891
0.00374999424381277 0.00458329948992012 0.00635919530179579 0.00728725331967469 0.00622063764040017 0.00614580127198955 0.00731448887787324 0.00702223732904675 0.00660635276994487 0.0063356826039377 0.00570556169646183 0.005345054454496 0.00610766759565255 0.00689714914824673 0.0062809035985854 0.00625694766755727 0.00854578461136582 0.00865861569459107 0.00603686783483957 0.00524490480760988 0.00564891915574968 0.00720663466003563 0.00765357464908886 0.0061496409335199 0.00450971780862862 0.00404122566286636 0.00483563626555295 0.00372730994451488 0.00279673437421901 0.00480157843684651 0.00725469302496641 0.00876396785490435 0.00670487757623945 0.00694676682235686 0.00762023983926778 0.00672429560253718 0.0081907429729313 0.00790114131607664 0.00725289595435311 0.00645343446371731 0.00583735695235409 0.00699723803523429 0.00855507203662958 0.00629956620139068 0.00412081545608905
0.00588625205004173 0.00707971455588864 0.00983155187303984 0.00989346199622644 0.00717171831968386 0.00716129381910765 0.00785474088415187 0.0066757396740423 0.00655890831673541 0.0060807885309579 0.00506412395638979 0.00556837792357345 0.00646494850359638 0.00831565035796625 0.00848295342889906 0.00693445722030288 0.00729298571672839 0.00689397222314865 0.00485721913733291 0.0052954864407265 0.0060908475663024 0.00726807453219358 0.00782328813612157 0.00650263093813958 0.00471357448187454 0.00434782786728048 0.00521734853795129 0.00398727422888704 0.00259600672102856 0.00403336273537357 0.00601104757101812 0.00733878744673642 0.00605551887491675 0.00601804937727771 0.00647292502044896 0.00630084181575467 0.00768806652334244 0.00778541506957303 0.00753444288109053 0.00683900501044005 0.00625401872148508 0.00713882134350959 0.00827784029196605 0.00567889937345271 0.00470297292336214
0.00887545274533393 0.00883681060256979 0.00796977535342632 0.00855121469310939 0.0100959681375702 0.00681553115791888 0.00572171749376332 0.00674434099836428 0.00752462086823941 0.00751778139395843 0.00688101155492555 0.00701785878246723 0.00705180949766373 0.00811767429642401 0.00856549822020623 0.00730332180210806 0.00656995579219538 0.00533662956954542 0.00492659464236284 0.00612303688735916 0.00714974157395895 0.005918376488185 0.00613325212719991 0.00674985039040893 0.00610342366000389 0.00426390887335401 0.0028854525836806 0.00259493283614623 0.00280285958988438 0.00297781371382948 0.0048623600600733 0.00831237789486242 0.00892163305774146 0.0080570076676738 0.00717776702847608 0.00903459801131107 0.0107852446119972 0.00831733989063328 0.00841599223334966 0.0085910884686078 0.00748374333673602 0.00631030709357514 0.00545174566045646 0.00591360617518314 0.00955860847647905
0.0112159972414316 0.0109276092577893 0.00900434139216619 0.00763817815514984 0.00606772025236506 0.00618384374039399 0.00702579400779495 0.00624007138242207 0.00626004175004403 0.00681506566313934 0.00766187628994928 0.00819897292270622 0.00887058495084962 0.00970693477843263 0.0092450671198587 0.00792987559254043 0.00665082468489132 0.00539501139405764 0.00506375214036062 0.00587991248553979 0.00736097450273818 0.00871782177190189 0.00645650854662908 0.00571154838303038 0.00651606112132556 0.00618417338714499 0.00574033289757079 0.00351113238670228 0.00392183199664612 0.0049653991867393 0.00383569904477541 0.00623823823928521 0.0106676571734355 0.0108648888810331 0.00679749920495719 0.00553633353555973 0.00791989660677613 0.00903557184589434 0.00870499412744329 0.00842385236974392 0.00714762558004013 0.0064900248716349 0.0067863024478821 0.00665994845258913 0.00789082841759112
0.0112444705275581 0.0110380171189454 0.00934883003953999 0.00673977535876846 0.0067014598888578 0.00467771684481446 0.00449953236513059 0.00563896644085687 0.00572475065276476 0.00623553949121546 0.00761243627903843 0.0086075923810122 0.00910719655995782 0.00855563298373282 0.00769738208159587 0.00845250588945652 0.00735198457220232 0.00631199191971174 0.00626048802889402 0.00685917131887971 0.00911350438004905 0.0095472030235418 0.0090727142292106 0.00796931385033876 0.00486157612038387 0.00498576711528132 0.00624874523837862 0.00529807890674849 0.00324672334549041 0.00280072339603617 0.00544319191998773 0.00821989193504403 0.0101707491425958 0.0109119915796791 0.00887067729320025 0.00570012845159906 0.005722119620824 0.00731556403557515 0.00709677860043579 0.00770595011399886 0.00643356413506612 0.00447125708759895 0.00434059485797503 0.00485428158481684 0.00659414346137596
0.00894570988728878 0.00995594615920635 0.00924930154655888 0.00748189519521159 0.00711165353139297 0.00476700679795488 0.00526481302995619 0.00763101422092458 0.00722849908783596 0.00794805091900099 0.00930257877923395 0.00939555369592346 0.00992513081479499 0.00613663331516861 0.00506165441594452 0.0057090547323638 0.00558201689050161 0.00670539969899672 0.00764224018468929 0.00736970840541605 0.00761580936556325 0.00851361033709403 0.00928420539308536 0.00828921030271645 0.00686112161836138 0.00649967058274542 0.00652790463831211 0.00626145924821317 0.00375773906866452 0.0045752090174006 0.0102498214986739 0.0126794927572996 0.0146874181167716 0.0138893816433165 0.0102418886203575 0.00832965065006614 0.00600870581343633 0.00470778632070604 0.00377240160030403 0.00555175742728317 0.00746671499371423 0.008927525276345 0.00882137287381386 0.0101521503527334 0.0110169244632796
