Partial ROC data/Naja naja.asc
NCOLS 267 
NROWS 470 
XLLCORNER 376490.070567719 
YLLCORNER 380111.488324056 
CELLSIZE 919 
NODATA_value -9999 
[rows 120 to 139 of 470, columns 135 to 179 of 267]
0.00475894713581502 0.00482357499979949 0.0030567653274173 0.00302478048140022 0.00356136800905252 0.00346762575599114 0.00474099110364004 0.00480544628205418 0.00336299697579749 0.00262399510085867 0.001109383980961 0.00103696541852203 0.001018333285064 0.00156066260991224 0.00157951054301853 0.00154983641933942 0.0015205260768804 0.00149562005242215 0.0016732596928864 0.00148361022961496 0.00106348468495773 0.00117398938983752 0.00106168962119173 0.00098691287017207 0.00102479243240115 0.00103700531880245 0.00105959076253149 0.00109180482828956 0.00122111993907388 0.00158355683029012 0.00314354567327801 0.00322712276100275 0.00351942215939119 0.00354212405179544 0.0023536929008252 0.00256794611011992 0.00279647185056307 0.00256632612531769 -9999 -9999 -9999 -9999 -9999 -9999 -9999
0.00490863234455137 0.00475513147226979 0.00416057807526717 0.00265870554432723 0.00268177163533384 0.00277347625471496 0.00329240599416386 0.00349983019368768 0.00309507002167641 0.00273986789880132 0.00180814239339008 0.00101880723918161 0.0010039181470638 0.00161900567583945 0.0016290644209672 0.00159547295252672 0.00158917896715728 0.00108506832168749 0.00119918932115056 0.00107239497158425 0.000944294280189368 0.00146947516991796 0.00145007479056762 0.000972181311355861 0.00104524846178952 0.00107616862362559 0.00107400435955338 0.00106774498820083 0.00107547764047094 0.00116350377537446 0.00152116090166168 0.00169278096927498 0.00263016308864215 0.00278110099995205 0.00268726873115862 0.00184975110627152 0.00189921151244253 0.00174970856240283 -9999 -9999 -9999 -9999 -9999 -9999 -9999
0.00468644855389072 0.0044183173525401 0.0042502800364223 0.00268614812466698 0.00268560002038756 0.00268936050728829 0.00272805803140091 0.00260577281073611 0.00225284246460625 0.0019409108758269 0.00143538881497343 0.00101707069806236 0.00154114372374116 0.00170053331350612 0.00161912648687074 0.001587765502815 0.00165685711047016 0.00150598824026038 0.00148923294053736 0.00164915328184802 0.00146679614380328 0.00105966334230989 0.00105016208714534 0.000942014124387184 0.00100843296414649 0.00107733732034071 0.00107165981422133 0.00105875973779524 0.00105560103851191 0.00167598642426443 0.00165031846221303 0.00110859951030223 0.00189192878288239 0.00192634031911782 0.00198963052520526 0.00182232866181657 0.00116819495797938 0.0011817257110926 0.0011818100886389 -9999 -9999 -9999 -9999 -9999 -9999
0.00348388700841317 0.00292311102717291 0.00265601477031046 0.00248874610490439 0.00260084955380544 0.00261789227978526 0.00223993422956261 0.00158702257776974 0.00131351060361895 0.00119356208422353 0.0010764130251368 0.00102028350559342 0.00162230462349049 0.00168562178213853 0.00111705653403025 0.00158835618744752 0.00160007543537855 0.00163567320157079 0.00155775997948321 0.00118575652055243 0.0010639473003567 0.000946247012244938 0.00147174898848654 0.00144987309240235 0.00150561229738828 0.00159541984586912 0.00107449083823813 0.00106506949211157 0.0010607620492427 0.00118922673693095 0.00116714606998661 0.00104110242763992 0.00117194202413365 0.00115297603078031 0.00116421061781248 0.00117219410055549 0.00112875819017166 0.00120919267580043 0.0012829309341495 0.00133349641441929 -9999 -9999 -9999 -9999 -9999
0.00297287897415124 0.00260153473939399 0.0020518975995796 0.00174425872209805 0.00159108687326867 0.00165178958804277 0.0014624958161673 0.00165411238212631 0.00159894119548595 0.00155362894487814 0.00174782550378678 0.00174447215287807 0.00164241742941342 0.00112959842167306 0.000994942976699048 0.0011027828808366 0.00162408187873098 0.00162027468524827 0.00108000633630044 0.000958668357015254 0.000952908627811464 0.00094669613348146 0.00105822437996549 0.00104954091110933 0.00105224940223355 0.00109035898347993 0.00104216103281179 0.00106877597506955 0.00106417219236602 0.00167989811342767 0.00162752933764271 0.00105029677939831 0.00104432177075071 0.00104087225022997 0.00103590077332207 0.00110669152888276 0.0012275189965059 0.00130690803202712 0.00134446529606311 0.00135121842400415 -9999 -9999 -9999 -9999 -9999
0.00405739011328374 0.00226179449105104 0.00204827606220924 0.00177120985052067 0.00170818873762174 0.002580460323085 0.00286180675291703 0.00237739747537018 0.00167966490180046 0.0016341456325827 0.00171639266309799 0.00127400687470187 0.00114621904683188 0.0010078609924792 0.00153607580053349 0.00155593173262571 0.00110536970123234 0.0010884120935718 0.00148299576009954 0.00164524957194859 0.00164015906046824 0.00146535016239748 0.000950168561673823 0.000945624987103906 0.00094175438916955 0.000944467945968814 0.000999097804281489 0.00106047475401861 0.00106627845551096 0.00119528883686791 0.00118067726928539 0.00105495847081262 0.00104924496835617 0.00104293020292445 0.00169162314272696 0.00176688243461415 0.00128689620401636 0.00135532024122236 0.00137464064872263 0.00182361808135465 0.00352833866223109 -9999 -9999 -9999 -9999
0.00432736420385756 0.00237687940375739 0.00208023191662525 0.0019005469984012 0.00184054091841426 0.00204831185661366 0.00294158086978892 0.00251562726476989 0.00118336782449499 0.00116356961220611 0.0016429007366913 0.00174309629373784 0.00156538268640651 0.00101404978890013 0.00119909959539601 0.00129696722978034 0.00175133059787007 0.00188780906196553 0.00179171710905427 0.00172228061627785 0.00123464252638066 0.0010824346276767 0.000953573954964211 0.00146768940717233 0.00166524538955427 0.00176464336183732 0.00139866997086261 0.001333083547896 0.00108651098529411 0.00106694639179445 0.00106452685451556 0.00105972402103886 0.00105384487152239 0.00104701453354292 0.00121510074466081 0.00133458104376328 0.00213255258902834 0.00242433246637739 0.00323314063952486 0.00373743608003263 0.00289649249747418 0.00354500120935701 -9999 -9999 -9999
0.00420259862694224 0.00252363521043618 0.00209246498291475 0.00181636853082926 0.00152778927262388 0.00151283459871092 0.00159681749234825 0.00153586777976371 0.00175150495153774 0.001938181514032 0.00166220429944934 0.00152695024624704 0.00118330693301427 0.00102587557776933 0.00111770613036067 0.00183534518188615 0.00193086738003875 0.00147364836563639 0.0014542366590008 0.00130526489973251 0.00115562583011506 0.00111886465504291 0.00165080438364167 0.00200712138212652 0.00242827851837317 0.00264206445549341 0.00289677664186391 0.00245928136229937 0.00132594348698304 0.00109377496544275 0.00106656771254071 0.00105911304637763 0.00105354248327282 0.0010485825704638 0.00110265275486142 0.00126383068444731 0.00301696150113687 0.00400096031449059 0.00413667826345016 0.0029750683836309 0.00271864336008828 0.00270695734572828 -9999 -9999 -9999
0.00286904650602784 0.00340069882831894 0.00352975071203822 0.00290072934180058 0.00149832386303473 0.00140848674928945 0.00158214112739321 0.00284938535322045 0.00412926387464782 0.00404497909982259 0.00368662062394963 0.00304075927528814 0.002508230101164 0.00171042912569942 0.0017766648518431 0.001856646118939 0.00183263013708926 0.00116915356956366 0.00119747637412102 0.00120216172644619 0.00119699605036567 0.00118157944971161 0.00214792744537543 0.00259648537610539 0.00275338796954109 0.00194895622598208 0.00214358378890855 0.00191356581395518 0.00162934008481968 0.00138185904581136 0.00111411379510598 0.00106237470522713 0.00105474446255178 0.00106665482376389 0.00117344934900062 0.00127666361334866 0.00220746612280355 0.00322575073446848 0.00300895407976038 0.0027279473413922 0.00272126200177045 0.00271269820714932 0.00269569338101712 0.00269148796103988 -9999
0.00327653466192783 0.00238880541118907 0.00238083473779253 0.00184053345657922 0.00210294040486755 0.00217028535642909 0.00224027327340689 0.00361953316229829 0.00428872298380989 0.00390369577301762 0.00337060063413162 0.0027836272218312 0.00176906655150155 0.0012624044058477 0.00126225811442145 0.00168997023875025 0.00165602161240105 0.00162846528355474 0.0019472155618983 0.00183052337326878 0.00120150597714949 0.00119205749999524 0.00155025232828811 0.00206518535385269 0.00196745661717517 0.00175394232694326 0.00175208645811164 0.00174514870200137 0.0017223901151635 0.00163375757253008 0.00136877683953212 0.00179297999503995 0.00176147154271159 0.0012053031034431 0.00127206675118839 0.00120367540682311 0.00136307393270933 0.00197929164050029 0.00253547926918454 0.00439684878880049 0.00416461164001849 0.002726047867536 0.00271803220338617 0.00407497280856931 0.0043868468751348
0.00254415612352227 0.00166559168882814 0.0015587841231146 0.00146570459951202 0.00229172704370372 0.00359465315797345 0.0033770589166413 0.00386310616865923 0.00365735119038907 0.00287111892731068 0.00241438832789654 0.00217072731173317 0.00160007685255842 0.00114623548379975 0.00103160792556044 0.00160279586366448 0.0016123047932189 0.00167813817645658 0.00184838294401901 0.00191841351060229 0.0012060882199556 0.00119906916131642 0.00127445020551546 0.00156654131928702 0.00177770945140036 0.00170149128418861 0.00155870254262976 0.00151227127113938 0.00152533691656378 0.00144991377736594 0.00129970434812173 0.00205615585891786 0.00211603069072477 0.00132823997987799 0.00121922301388892 0.00108336449377945 0.00106931706990161 0.00122989253724231 0.0015713104032185 0.00355955495847422 0.00413841177465698 0.00247544940879713 0.00207103767101244 0.00274813616040319 0.00297217614841703
0.00229624709797866 0.00218742853719715 0.00145333602024117 0.00145089989886475 0.00189288805064635 0.00298515792236732 0.00355493619868885 0.00362686708855454 0.00306267525859319 0.00229492083022747 0.00218806756113357 0.00204810936563668 0.00175136992969574 0.00139258223928085 0.00104020569832527 0.00160614445272353 0.00161510250525683 0.00120730420785652 0.00144905128656081 0.00135915368167376 0.00121493487327586 0.00120702858360559 0.00125325830904585 0.00149459400772636 0.00256149741901552 0.00230411153048988 0.00131436446555983 0.00129327938773384 0.00129322658451845 0.00126500490598808 0.00123014815963732 0.00201968400894951 0.00204394930425744 0.00194123346079752 0.00167264631016922 0.00105156875644516 0.00104559827514946 0.00104117248282844 0.00108830269955509 0.00152857564974509 0.00186022868356635 0.00158797312827068 0.00124921270439894 0.00185838985471211 0.00188243729363966
0.00177584651454623 0.00163241232331075 0.00146180557656309 0.00209164587179759 0.00234142127161556 0.00209453450507371 0.00287120246207893 0.00308345773232681 0.00252671680387728 0.00219630922857387 0.00216363509523695 0.00201112046099101 0.00177215802338002 0.00145157665604605 0.001046864882744 0.00115315554281269 0.00114811309364491 0.00110124711371895 0.00120609879986719 0.00122557484018663 0.00183201949782515 0.00199173557654367 0.00145330203754691 0.00145874859743491 0.00157031573006148 0.00146515366545951 0.00126145729982204 0.00125091653968404 0.00124933549016122 0.00124118343702932 0.0019152618664776 0.00195194644008686 0.0013294133232167 0.00128445558533598 0.00119306218995434 0.00105743693233876 0.00105165854224496 0.0010445401567301 0.00104166997738179 0.00106835967042761 0.00112373459212189 0.00109607597829253 0.00102773584445464 0.00116107792358289 0.00127677202938541
0.00148428215951637 0.00147612046192986 0.00150947323859627 0.00251979445566585 0.00305134075051418 0.0034390255849976 0.00348033227268785 0.00236503385046424 0.00216557863754697 0.00208091984401946 0.00199590700670977 0.00189435077386348 0.00178088078041166 0.001463767069891 0.00105053834179264 0.00154440810081536 0.00169394906219654 0.00163949575161073 0.00119946086250796 0.00123174636635372 0.00149536276189532 0.00177608993058537 0.00173073566896292 0.00259855273931422 0.00252862281613308 0.00151174503548334 0.00129372858680623 0.00125598895374752 0.00124685930041413 0.00124048046984809 0.00136804764180874 0.0013275132756676 0.00117749390648131 0.00115518648322224 0.00111090777977774 0.00106502933155723 0.00105244506723392 0.00105148219646605 0.00104939315379547 0.00166045106959039 0.00158135367302118 0.00103928710020822 0.00104838908237612 0.00113303341730327 0.00121092318388755
0.00156532984637677 0.00238036151215125 0.00278933284263353 0.00233805628900354 0.00345705803485345 0.00356297646202339 0.00252951407155436 0.00221156534829951 0.00209961533139012 0.00200780997055496 0.00188358449236176 0.00185175708008979 0.0018294532602171 0.00165085378320102 0.0014130339214559 0.00159072750208881 0.00181643636999196 0.00171424650979458 0.00159446212437503 0.00162902033661217 0.00167861711286373 0.00177555315610967 0.00179684678555584 0.00198222549043823 0.00189885258816254 0.00149284192177462 0.00128200441269352 0.00126267853497887 0.00125121965843573 0.00123989306894161 0.00121412090238154 0.00118620792654671 0.0011755440165569 0.00116526202126228 0.00114367901980929 0.00109692756947686 0.00105878841903165 0.0010557434750421 0.00105095484887579 0.00121828358281157 0.00123272361636282 0.00108128746891666 0.00176738270682878 0.00181912318589507 0.00123797796719256
0.00301197600083728 0.00299923625859199 0.00313455587580721 0.00223268872694529 0.00255866318635761 0.00258925980405636 0.00228491451808881 0.00221150713225741 0.00211658658426899 0.0020090639184949 0.00187841572479409 0.0018631856967476 0.00184914706102377 0.00181051435719528 0.00194179069902482 0.00215205216967658 0.00215977064707852 0.00216137556462981 0.00215671664039729 0.00209352091091468 0.00287254732193135 0.00270036503898004 0.0017890163132616 0.00178645326629377 0.00162059124176491 0.00135748523142081 0.00129359205811773 0.0020069257311912 0.00223177657558954 0.00194912370193297 0.00121563341724152 0.00118836971424838 0.00118001082558813 0.00116769394683981 0.00115856707607993 0.00182106703743112 0.00176594197870746 0.00117348522957383 0.00117534591477444 0.0011990908150719 0.00123122894604392 0.00122318104413245 0.00203268072776885 0.00195875743372135 0.0013157830176819
0.00309987933023963 0.00307691827934087 0.00339527197785346 0.00347695663942082 0.0024188431245313 0.00240960330316013 0.00234577209305542 0.00221564068720345 0.00212721897977349 0.00202969478106796 0.00190469468347928 0.0018757609306738 0.00185067956403987 0.00182452401299706 0.00195972002538351 0.00221581925220849 0.00230775516578722 0.00229624600697026 0.00227750778956458 0.00216683211852964 0.00303075435135408 0.00293115805641059 0.0019531775509101 0.00186566952241075 0.00155786005599152 0.00136599709921263 0.00137699741019996 0.00153780765043288 0.00167608333046991 0.00144084895151169 0.0012025976051104 0.00118524759090768 0.0011807256217003 0.00182955009849126 0.00198579842637873 0.00185658567875623 0.00132841102452006 0.00125246976994998 0.00197975051619421 0.00190289746108083 0.00126074666750236 0.00125559917316853 0.00139361817378168 0.00145564314569595 0.0018664370598213
0.0030807180903094 0.0036799407642848 0.0037224394801806 0.00271138648946564 0.002449328736309 0.00244421348208553 0.00236326006423654 0.00220379289740729 0.00212211131353598 0.00201349938750123 0.00190404583850673 0.00187782749781729 0.00184442577330181 0.00182235415077165 0.00183974639383394 0.00211076743196813 0.00237804703059058 0.00233475527511648 0.00228893402900141 0.00218784357179787 0.0034632549421373 0.00383947990711555 0.00250571352321114 0.00215941894736858 0.00155023460662283 0.00140855536520416 0.00140306283450165 0.00140094210008506 0.00138892947001681 0.00215504615404299 0.00211943464521176 0.00134928548106866 0.00200710127592206 0.00205345364890698 0.00192122325944647 0.00183704739180676 0.00116683815786747 0.0012161230548145 0.00140322834138677 0.00138693481069798 0.00126201656830346 0.00125830080204805 0.00130852802779754 0.00184011978624465 0.00240918362290438
0.00340016823149085 0.00365014521271064 0.00381156757808258 0.00373712619893061 0.00250389926770009 0.00246318474843123 0.00235133563054006 0.00218948034271424 0.00210734076268974 0.00198873643159166 0.00191710244156855 0.0018850505696124 0.00185397020359885 0.00183158494808867 0.00182032473954714 0.00210497815827993 0.00246200097726568 0.00245827949370965 0.00241241465659048 0.00242736529042979 0.00286675356002101 0.00413054460010248 0.00392187962982595 0.00222375766669658 0.00153225526857637 0.00142034776967437 0.00141562422230669 0.00140898446866306 0.00139434646960482 0.00233975471702392 0.00255146646915526 0.00230144986139113 0.00167299156593066 0.00179037922162174 0.00222293973505884 0.00195479005612971 0.00174933467209394 0.00116428256909054 0.0011833751865474 0.00122786409903166 0.00125978858919971 0.00127104759162808 0.00150137072323872 0.00209557702019029 0.00253341953765084
0.00351914014057946 0.00419076425322158 0.00443178716241954 0.00317090485260151 0.00263985993547078 0.0024512205390913 0.00237179975692323 0.00224392507411352 0.00212580529552419 0.00197244773422089 0.00192367711610187 0.00188958815348732 0.00185768294878345 0.00184239149327138 0.00186160437701224 0.00204027657086127 0.00226279076538874 0.00234292811997589 0.0024268059839344 0.00250149012665251 0.00265703162005457 0.00414009230099912 0.00420599390367901 0.00334755844913198 0.001575414722683 0.00214650048195823 0.00233767709508531 0.00232895284765477 0.00232016604124453 0.00230852569666201 0.00188691737219397 0.00249344716877046 0.00261052258333554 0.00258890098421705 0.00228773236561167 0.00192274673853975 0.00126952768332051 0.00108563861377411 0.000960506406780638 0.00166337020858283 0.00187710908047101 0.00141381669993269 0.00160929501635416 0.00189214927076022 0.00225499298653257
