Partial ROC data/Naja naja.asc
NCOLS 267 
NROWS 470 
XLLCORNER 376490.070567719 
YLLCORNER 380111.488324056 
CELLSIZE 919 
NODATA_value -9999 
[rows 60 to 79 of 470, columns 90 to 134 of 267]
0.00349846191949759 0.00167247793242831 0.00164905633548422 0.00182058399241763 0.00267631936297825 -9999 0.00266496682529328 0.00139787366778674 0.000635643567473491 0.000630210942553828 0.000629768133665458 0.000626656129973259 0.0007083845898967 0.00078870209422066 0.000603005443460967 0.00110581597402865 0.00178060200500923 0.000877338968261666 0.00102387068702146 0.00130557549805517 0.00169465325212419 0.00155616055381533 0.00111367352753625 0.00188147157054152 0.0026239446835613 0.00225097169189091 0.000954503034033616 0.0015817213199167 0.00191351299862261 0.000916320318911594 0.00108815987126 0.00155269688276 0.00203445329958632 0.00220863784949513 0.00220585576916448 0.00213421643771605 0.00174432651117998 0.00104587541239162 0.000553549716639466 0.000624459134014459 0.000692861140471429 0.00171907150206956 -9999 -9999 -9999
0.00197255388348334 0.0014067991082657 0.00237595942105982 0.00363270645724302 0.00164077439800877 -9999 0.000713958842341515 0.000822081043789066 0.000637896244333844 0.000636455641410745 0.000634883406962939 0.000632459719864965 0.000627264632496532 0.000612108095765574 0.000599983191461178 0.00107446077258247 0.00139697771113016 0.000598215218782655 0.00063642305892962 0.000758371375712139 0.000876789516394972 0.000993354624747653 0.00112034805177993 0.001297713121328 0.00158249787984944 0.0012660851378355 0.000931229326624717 0.00108314528705446 0.00115529805050493 0.00146026373240489 0.00193611254861528 0.00199853234315835 0.00136149952453449 0.00192259967357574 0.00368340468996284 0.00320935920468332 0.00100181615877364 0.000635731135271443 0.000676939036166368 0.000693504811689377 0.000819241270191395 -9999 -9999 -9999 -9999
0.00153517989949419 0.000912961518728927 0.00112409044873998 0.00157094317666396 0.00141484781251689 -9999 0.000766348757259147 0.00096891327352251 0.00102037408064895 0.00149322012656291 0.00138763625711409 0.000636429889168899 0.000628960411827134 0.000609690119967489 0.000603925687368782 0.000689959197536092 0.000772161008900292 0.000600437775125113 0.00060027237214011 0.000996498091973508 0.00156436940788679 0.00170892092801397 0.00239342837534161 0.00189947736624429 0.0022317396330731 0.000940521906758515 0.000935745651459645 0.000917030636358919 0.00086314504565403 0.000959911117410638 0.00117935551027205 0.00103054775831487 0.000895343106689073 0.00115943575952851 0.00150061691285773 0.00178072575537215 -9999 -9999 0.000557755811548012 0.000568928078478949 0.00056519973748114 0.00203993575011325 -9999 -9999 -9999
0.000994882417695139 0.00072992718123038 0.00114862946643799 0.00180219573226229 0.000938217042160963 0.000648289809951307 0.000687559594068929 0.00077140215962247 0.000728983207234743 0.000928867672777191 0.000853482097780695 0.000645182532754194 0.000634720242087972 0.000611217127857779 0.000606975991766752 0.000608486495970247 0.000608146591639677 0.000604338663571006 0.000605479444750563 0.0010951657797033 0.0018080884848785 0.00128954466069879 0.00145691771373592 0.00129180210620367 0.001304663007134 0.000947694800270029 0.00094145907173357 0.000899503203452674 0.000827474397182691 0.000819438563334469 0.00081762130444526 0.000814280576926797 0.000814618342252522 0.00145208171064403 0.00159081090515642 0.000693386838456777 -9999 -9999 0.000630955466529772 0.000641881084658805 0.00064950206138846 -9999 -9999 -9999 0.000986437824584478
0.00072097229927683 0.00112463672646876 0.00166644920315111 0.00166877439241986 0.000728179481040135 0.000651549180405213 0.000650758113228036 0.000652225820741071 0.000647862391382499 0.000649120122307064 0.000651662402231227 0.000646250383404213 0.000635835565784424 0.000616522102110655 0.000616494278085501 0.000614806925055547 0.000613407624585531 0.00060951877636689 0.000606984348486691 0.000708358798870803 0.00105774890393274 0.00190443769349647 0.00240741965432761 0.00110838596832032 0.000998371666890244 0.000950246695136918 0.000943640341184577 0.000904657442750558 0.000828145305358852 0.000827932264014894 0.000824536975819844 0.000820361406659132 0.00082097450650606 0.000956666402425318 0.000904047577766206 -9999 -9999 -9999 0.000599393911722374 0.000623836927588085 0.00068516582734003 -9999 -9999 -9999 0.00128610594741294
0.000714244033787441 0.00082500864649161 0.00103410981018887 0.000942838811248084 0.000735509192859693 0.000657395931928111 0.000656133541679091 0.000658968524876876 0.000655855468854643 0.000653722503440753 0.000654725053561404 0.000644575244020871 0.000629853964823026 0.000621245474689093 0.000620415180911101 0.000618540702975537 0.000616904821420969 0.000614062141166489 0.000612157086596977 0.000644667134650928 0.000874523088250539 0.00133148275237204 0.00147335239532117 0.00110376207378549 0.000978942937140093 0.000955888463701523 0.000952850699463538 0.000913743998941162 0.000835066497874513 0.00142712231224816 0.00169110341525661 0.000826570532272185 0.000823220089653384 0.000811137278400468 0.000766764448303224 -9999 -9999 -9999 0.000595021318436984 0.000636113950699526 0.000690395311109271 -9999 -9999 -9999 -9999
0.00110603533224661 0.00168900744456346 0.00160504510049901 0.000743790508090137 0.000741941331431284 -9999 0.00065895546128609 0.00103544038554535 0.00150333100967166 0.00140554735724388 0.00065639334255709 0.000646413617890828 0.00062839371411644 0.000625658642081466 0.000621917713920497 0.00100879399235631 0.00130732519812576 0.000618930856341232 0.000617740395621331 0.000640970459425933 0.00086955319998319 0.00115852556870007 0.00115708229601612 0.00110888616811281 0.000978204079801232 0.000961581797495835 0.000960805907249977 0.000921011765765284 0.000825581919392898 0.000922034661251959 0.000991808635703787 0.000782974854528436 0.00077849112097983 0.000771128705613702 0.000726008426595811 -9999 -9999 -9999 0.00063177983510351 0.000680622174119499 0.00069593117113465 0.00069685968245621 0.00069553713031955 0.000694282667764809 -9999
0.00122042693070318 0.00158693646469001 0.00168340899709469 0.000748392971769962 0.00074476978351592 0.000738265292266791 0.000663189713297306 0.00112664009708456 0.00150527770612797 0.00122132420699678 0.00150018423344617 0.00148209713139447 0.00133757527565292 0.000627497157134064 0.00101333499064911 0.00140586107971044 0.0013953498994862 0.00102057082516357 0.00130021377827583 0.000650581250923403 0.00088749024690319 0.00116687314128645 0.0011621290241804 0.00111837045393406 0.000995109303494193 0.000968592183365737 0.000967996655553433 0.000943783717966638 0.000848723585971585 0.000776764522239386 0.000778391134168867 0.000772659984084543 0.000771418613824711 0.000775794472835081 0.000692081054411627 0.00119363237924394 -9999 0.000612539625444169 0.00121765237255231 0.00139304206167099 0.000704379605677917 0.000702942543358616 0.000702100067198583 0.00070134021844985 0.000698419568112891
0.000842698139597142 0.00142742171949647 0.00168562744824123 0.000752960387549374 0.000750829384994578 0.000747926187516867 0.000724575039479759 0.000749276361348208 0.000850894806032643 0.000750101067775833 0.00129960061990233 0.00138101008481214 0.00141535722520742 0.000633786198768327 0.000718683340729685 0.000894161828198806 0.00118477517915549 0.00136080457321116 0.000792918869006772 0.000689891260191506 0.000943566670374074 0.00117725318874173 0.00117710969379854 0.00113079941709145 0.00101715114186918 0.000980055155873877 0.000974714526571326 0.000950898252623776 0.000860920738022656 0.000779315347069197 0.000783621454205885 0.000783743116244542 0.000780643093249648 0.000798223225690056 0.000777330004121748 0.00135657418626517 0.00150587157690504 0.00119416652723286 0.00149839832719627 0.000881607069295582 0.000708875098308119 0.000708348822123614 0.000706805370080865 0.00126400120610363 0.0013718037160435
0.00076302596658747 0.00124807721337463 0.00162828735159755 0.00161132745796799 0.000755333896242418 0.00075162487388269 0.000734244140778162 0.000676822600203912 0.000673584914683879 0.00105977712000059 0.00145437267791436 0.000924429692159357 0.000811176265891171 0.000637186283576733 0.000636238809563682 0.000636795882245902 0.000721574532648524 0.000801019981504112 0.000631744653666144 0.000717280008214587 0.000986452402999935 0.00118703052532511 0.00118351089574996 0.00114788614142286 0.00104139809810997 0.000986915380129866 0.000988836948332646 0.00162816376553412 0.00176568141148012 0.000783805030346217 0.000786173777639883 0.000787475137276255 0.000786671390389617 0.000787659966344416 0.000782989183268921 0.00146472239149406 0.00165736220842101 0.00152163215625733 0.000890097981837959 0.000718158808030974 0.000715754579466435 0.000712906505349866 0.000709481340303737 0.00138527096115501 0.00196360913852665
0.000771538087225665 0.00125293160833794 0.0015837056058503 0.00168534564288664 0.000759501676622472 0.000759537456947349 0.000751050207988049 0.000716634064098547 0.00067587178561159 0.00114850388891866 0.00149100998820976 0.00066471160736095 0.000643424764734524 0.00064270307532767 0.000641607032274964 0.000637830269690073 0.000635658909615587 0.000637285618038758 0.000637507915283652 0.000752049070210256 0.00103499291282872 0.001197157077234 0.00119527368551492 0.0011774826336514 0.00109745376990019 0.000996535243176829 0.000995610650193606 0.00180304756271181 0.00196446529950692 0.0007894938779472 0.000789907760615198 0.000789175804068953 0.000786988608201753 0.000785674666036368 0.000781109965474999 0.00147737793809887 0.00159333303653544 0.00154609243749246 0.00071822107379753 0.000720502583315495 0.000718749421513534 0.000714531180009717 0.000837662120991668 0.0025061618331299 0.00405026119095188
0.000773685851625447 0.00125916595897285 0.00170155815730281 0.000968289556158978 0.000761589046059195 0.000761472623640008 0.00118154445292117 0.00154110126558258 0.000680867923461009 0.00115485568960604 0.00149418803010766 0.000672118578093248 0.000653888602493697 0.000646250441769428 0.000643459420928829 0.000642374774002678 0.000643040813227352 0.000642904411225025 0.000641966927463971 0.000708640241954574 0.000958118991177323 0.00118353870712582 0.00120486448835915 0.00120104918527398 0.00114729688118198 0.00102825309300888 0.000998613521929918 0.0011552888779994 0.00117558024131053 0.000807379126333235 0.000792851846723176 0.000792631456305518 0.00079476927151564 0.00136375565998817 0.00156409886086118 0.000924265059530331 0.00110112700072909 0.000896311367818397 0.000721659971567089 0.000724560966694421 0.000722278592845326 0.000885648459609462 0.00157856174446647 0.0045964527599479 0.0057804286275859
0.000779711533786994 0.000860024270594596 0.000977880741779416 0.000773081967455243 0.00077267986168737 0.000766082818900998 0.000839625013620139 0.000905685606503766 0.000688300215678478 0.000770038655576559 0.000865201078781159 0.000679616391449934 0.000660761144125232 0.000648330968501209 0.000648022785719117 0.000647787457369665 0.00104620946203447 0.00132453527450934 0.00064377316445879 0.000656537959836396 0.000746638557823736 0.000982117202502245 0.00121463254471435 0.00128192923537314 0.0013990141177291 0.00138383626084947 0.00125186128345477 0.00199644064742553 0.00230341392599214 0.00109302426780677 0.000890415643231748 0.000798162564533866 0.000795825679349082 0.00092651196369808 0.00103026343957489 0.0017937123920346 0.00277518259274749 0.00237867235337352 0.00116172158631728 0.00112799539413085 0.00107163021808337 0.00142076063924756 0.00225924252246031 0.0055164232144953 0.00707837552103898
0.000789746541033369 0.00078286972426928 0.00118934678082829 0.00162280885708073 0.000776473781727713 0.000765976747181166 0.00073139544255886 0.000697490687915866 0.00069118912613861 0.000689255525735874 0.000687982400271946 0.000684940848511189 0.0010605674469185 0.00134866074870581 0.000653286365931303 0.000651456702106007 0.0011403972284037 0.00138150245343924 0.00132094233109576 0.000646724438538995 0.00107194851724161 0.00176801896295675 0.00134223055779551 0.00166569932480936 0.00173671542925969 0.00172705335537419 0.00170790973110548 0.00188816846747137 0.00178786674003015 0.00129144863342933 0.00107672698267841 0.000801542365530375 0.000798280635216109 0.000793194147099887 0.000911980491105024 0.00140619111164222 0.00282405318535813 0.00287336781616343 0.00134465943216952 0.00133703037668964 0.0013212915299364 0.00141464896822488 0.00177517969392843 0.00466966049955174 0.00744491882707113
0.00164251028225879 0.000787511204733312 0.00127849472412922 0.00169141980579805 0.000781262031741305 0.00118998687285765 0.00152027478298528 0.000697581098866611 0.000693982303503195 0.000691811263323966 0.00108942559973748 0.00150296646816862 0.00145038854225478 0.00138728580291442 0.00134578720839484 0.00105748370444722 0.00138489431022051 0.000913930830325187 0.000818492605821076 0.00106130898672967 0.00137653124799001 0.000975257333761766 0.00123138314252971 0.00170958299597023 0.00182687920633135 0.00181925554726379 0.00181382960429567 0.00179177266973995 0.00164893267954993 0.00140133028531407 0.00122038552339724 0.000891048740870623 0.000815383333322384 0.000906749555839728 0.0011222230995018 0.00131889381420765 0.00161933908003369 0.00169979615305147 0.00137591349363195 0.00137982181746658 0.00137676566802391 0.00135812792269483 0.00215428978978449 0.00454901427554115 0.00594495516268456
0.00170651535209981 0.000799642732228385 0.000876539495379543 0.000987773802583469 0.000787100396373146 0.000872162384729204 0.00136021792390455 0.00146464847752142 0.00109363281162782 0.00143723841312276 0.000781985379798355 0.000960736947524436 0.000939681747478065 0.000925249766611263 0.000836772966420491 0.00114969225446501 0.00141713693375024 0.00106719842750257 0.00143338755889547 0.00139869203148244 0.000863841386549968 0.000729027854945887 0.000870149152870522 0.00131948917512457 0.00180968698857837 0.00191197677794586 0.00205460001011216 0.0020206119493319 0.00197420009044631 0.00185264186553445 0.00170239687128752 0.00140306985125372 0.00141066319870022 0.00156357228221999 0.00141731870329031 0.00128015689458123 0.00136343810964132 0.00138517988191254 0.00139259689265429 0.00138520535027136 0.00133571939968919 0.00121354080853028 0.00123947995067359 0.00180622128598509 0.0023582478430333
0.00100282228197329 0.000802270903969766 0.000794933903275889 0.00121293300625651 0.00162472225120906 0.000787323014348202 0.0012856650520481 0.00150245506597532 0.00148592456742227 0.00126669883250909 0.0014342673243709 0.000694045863013912 0.000679624388719473 0.00067013615409702 0.00106710054929634 0.00141797719505484 0.00138560120372332 0.00142754734964263 0.00150086103197664 0.000895398377645236 0.000721555209360055 0.00119047706829598 0.00162913808325212 0.00106287775509727 0.00132015162828974 0.00172173264548769 0.00219328384878976 0.0021672401937923 0.00216353582609374 0.00209018682616894 0.00193100271189106 0.00181126562435615 0.0018048209279524 0.00170908797358353 0.00135373000377934 0.00118722599836741 0.00125860385472585 0.00132449859688193 0.00126235667701805 0.00115538407499096 0.00108252408703218 0.00102951444995724 0.00128361489867251 0.00190111545073857 0.00209148329324536
0.000807007977102875 0.000804332893479943 0.000797037746844238 0.000886481156980384 0.00140881710759011 0.00162247256857117 0.00128603084422524 0.0015971936193305 0.00138334090694528 0.00163793250636013 0.00160445129995261 0.000697730931026271 0.00107237751459708 0.0013661477317223 0.0011588681687402 0.00144769225041882 0.000950264640640185 0.00138820267332018 0.00155219418847016 0.0011899020650712 0.00147441112703144 0.000938622193853262 0.00123822530035011 0.0017113222914104 0.00238449712690032 0.00312525715601852 0.0021979852062925 0.00372787916606183 0.00420514169457208 0.00195415167168334 0.00190796886555798 0.00188544130647038 0.00183980619406064 0.00160196620043718 0.00124725149104562 0.00117296125802989 0.00199720420245527 0.0021691502414987 0.0010574174175824 0.00101592563851158 0.00099521864855278 0.00111704491770192 0.00155952935846275 0.00194757788216914 0.00175006039720536
0.000813756053241261 0.00122417306366479 0.00170395571400179 0.00163964150359047 0.000888073343206931 0.000992648634296611 0.000904477077681817 0.00120703861279324 0.00128718456399401 0.00158148691508854 0.00194930468892734 0.00177643471089255 0.00142667179805479 0.00143782176091092 0.000777049299491827 0.00129162863000469 0.00147085622554765 0.00128829463344734 0.00157207386695904 0.000845059657866078 0.00100254847970524 0.000962740728046497 0.00171657932898635 0.00216908034730925 0.00147534801368327 0.0015765498566759 0.00169267354044359 0.00212192973004175 0.00344853223441438 0.00368837796839481 0.0018984615508396 0.00186569032443303 0.00174417288965881 0.00144393219104857 0.00125177476671459 0.00120951742942941 0.00134216841290824 0.00130079290798371 0.00100553378742644 0.00100727402966791 0.0010013949368343 0.0010358972217391 0.00117704479706823 0.00132515785896056 0.00132612798634812
0.000983879809419052 0.00152861705957989 0.00184445081157451 0.00101699146884861 0.000808445376047655 0.000831601971838337 0.00098799231980386 0.00120215227588294 0.00124743287754573 0.00124006913258547 0.00202237255049767 0.00195165934385344 0.0014606470197897 0.000870353880464115 0.000729283514961744 0.000843314760061614 0.000935190754595803 0.000854018446557992 0.000934377080487244 0.000763355950660481 0.000879764015827323 0.00104454272388612 0.00120490823609839 0.00131106297322701 0.00105914091347777 0.00109152112420264 0.00118248119991575 0.0013618873744218 0.00204992798851167 0.00255748027966546 0.00199569035173614 0.002002785036022 0.00178304119486371 0.00130676730216674 0.00126343338836962 0.0012317644798562 0.00117791061852154 0.00110310086585512 0.00101878931505122 0.0010130734007208 0.00100274073234551 0.000997653435278493 0.00103780023480438 0.00115740400527356 0.00124538843308165
