Partial ROC data/Trimeresurus trigonocephalus.asc
NCOLS 267 
NROWS 470 
XLLCORNER 376490.070567719 
YLLCORNER 380111.488324056 
CELLSIZE 919 
NODATA_value -9999 
[rows 300 to 319 of 470, columns 90 to 134 of 267]
0.0146676494123016 0.0127192356349854 0.0099386958148802 0.0101948275490451 0.0102279374427154 0.0117706548009427 0.0131203945406823 0.00581123263844742 0.00532001841616223 0.00558099195348685 0.0106665636763469 0.0051338985949396 0.00523815134092426 0.0102672936597411 0.0137975336131241 0.0176720148870849 0.0218402771733577 0.0185523344148634 0.0197447116799073 0.0208543819114493 0.0224491457847136 0.0237345009712848 0.0235521875219512 0.0207625674626418 0.0260996270798633 0.0269324499227577 0.0199205208273746 0.0246049051537914 0.0194920095598678 0.0096604870376807 0.0187324667774715 0.0208396629569512 0.02857212381805 0.027264888260052 0.0209367038534752 0.0241039126818651 0.0242744606321982 0.025141273528503 0.0299085334171058 0.0202373110226322 0.0141076326077514 0.0137312841385648 0.0166274834127143 0.0213398282449697 0.0215818162576689
0.0131189331329251 0.00976957942803069 0.0130527303514623 0.0164039144746824 0.0190307011727143 0.0183265382532806 0.0148521291367454 0.00709752459574997 0.00591453625966338 0.0103121032698798 0.00966606271230733 0.0103286635140902 0.0107351538352961 0.0100189036824832 0.0101552871606801 0.0138635023649928 0.0170346019005227 0.0186021322310282 0.0202934970063642 0.0219838344149162 0.0226367253875076 0.0238774756473301 0.023628305224969 0.0236271231306114 0.0322090422736275 0.031709481524261 0.0153609433169147 0.018120831602031 0.018876394740555 0.00903798587925581 0.021364578881464 0.0228676820898965 0.02400625755299 0.0171312106543081 0.0220221794169625 0.026620831563469 0.0202438812727575 0.0226528870930968 0.0280538198148707 0.0211209501025549 0.0113481447931474 0.0145813142435561 0.0205688016168386 0.0246551522796338 0.021561769351948
0.0104975159512793 0.0095375670621284 0.0129709978362315 0.0062092787688052 0.00688536946832992 0.00776507505883603 0.00807578686287893 0.0136494029776446 0.0123482922201338 0.0114511276282571 0.0142790397458716 0.0141824269482043 0.0136024784478232 0.014139993145201 0.013821792355376 0.0137920604278541 0.0168941643906576 0.0201689147367787 0.0224536575672549 0.0228946894870605 0.0224489949304869 0.0341852082835072 0.0382103389843854 0.0237961325251452 0.0230326232529293 0.021726996821732 0.0149715600510215 0.015598885391679 0.00999821891062243 0.00898988275380565 0.00584022899191116 0.0156577268972303 0.0207881771698605 0.0196246633736992 0.0216779168008645 0.031896503481075 0.0323264844333993 0.0273647113539823 0.0227980643073219 0.0189185126690275 0.015398484605404 0.0237146530714927 0.0348182433951548 0.0338913777119476 0.0253101173581422
0.0111267245508899 0.0110824897607892 0.0137891754801771 0.0108704977115309 0.0109378578168486 0.0184855308444853 0.0212934588659705 0.0283471485812525 0.00755290151446531 0.00957932007660464 0.0242525266312459 0.0178928876837582 0.015562884408344 0.0169826790823522 0.0185253576100389 0.0199287640258671 0.0303041213845908 0.0326808695368676 0.0218737442018857 0.0222173876109684 0.0226452422835303 0.0230311549847555 0.0230368741974972 0.0211458066279898 0.0210926180518014 0.00832199968106395 0.0110706526285614 0.0141239714201848 0.00968003868233671 0.00684802196853175 0.0207580856363117 0.0271073758777588 0.0274985034130552 0.0257227081936888 0.023884990161662 0.0286034966793407 0.0294006708177409 0.0300726495421976 0.0325571403837969 0.0176977207833602 0.0218078577587366 0.0240871890992881 0.0206946789100105 0.0258421118213312 0.0252879123379123
0.0110749418165673 0.0108688577703208 0.0120214483910479 0.0135320155214844 0.011798934149442 0.0113170947330475 0.0136716029626539 0.0294338796411539 0.0297380151588094 0.0229476758250252 0.00982064092908582 0.0207420070949311 0.0289648526692759 0.029753725976033 0.0194057257172216 0.0230764339567553 0.0245925871627217 0.0269369796358671 0.0269701681637426 0.0251616799488775 0.0249321647210243 0.0235147342531814 0.0227641031321754 0.0204467767809205 0.0190916549152592 0.00916655227640344 0.0124504207281487 0.0128251918041106 0.0133180384150364 0.0211525648052461 0.0185126532970339 0.0228310417097865 0.0208199722444623 0.016452042063905 0.020508116791958 0.021316047451552 0.0175559485713273 0.0167971005920036 0.0225129088685055 0.0252217377777111 0.0277864731267026 0.0277036748401186 0.0187733904825912 0.0173218455415012 0.00804227969125545
0.0105403703556519 0.0125430991011366 0.0103480633289333 0.0108217838426796 0.0109622707834505 0.0157461883964429 0.0146578763445729 0.019577821471267 0.0297090592826716 0.0325006912655669 0.0114450868036848 0.0285425112548047 0.0304234429743944 0.0121944355379445 0.0127727819771014 0.0135002131247256 0.0285720391348419 0.0252202174801804 0.0259925055512273 0.0281429340777786 0.0296357712068705 0.0247817381938925 0.0222811177169736 0.0237108217124729 0.0201853861059667 0.0244094317585354 0.022749132821307 0.0207223065259982 0.01591648618094 0.0199668206574847 0.0253678115256972 0.0188276316214642 0.0212403096597992 0.0206050387302756 0.0195577078217236 0.0185939263402339 0.0153478761452306 0.0181682468312804 0.0241461162929823 0.0257793335622191 0.0295624401997543 0.0255120636908853 0.016884742843532 0.0173674710483289 0.0206236863605998
0.0110753595156964 0.00959364275636251 0.00891201424195867 0.00985218415588934 0.00952224729999365 0.0149416164460008 0.0158891723036032 0.0179787677734322 0.0254169876643948 0.0299787055876049 0.0258868197158734 0.0278195814690571 0.0300596425214838 0.029101255327309 0.0302467955121761 0.0324013484174022 0.0309667521548617 0.0274334456390056 0.0264034228772091 0.0280096821171463 0.0325691818401761 0.0301463900976763 0.0220285493782352 0.0190433931374189 0.0212715320181229 0.0283402630748947 0.0275805483785972 0.0270148954728707 0.0347647856765042 0.0413082179668335 0.0326470733089064 0.0331765674806844 0.0218720946995153 0.0206097955329138 0.0159754259569233 0.0149048464018449 0.0144256942908938 0.0157763115880274 0.0138973631391443 0.020987434047256 0.0296348813783017 0.0263760817311706 0.0226775350823702 0.0157755568973192 0.0201733199428288
0.0107977862009106 0.0107188449181798 0.0118747682743166 0.0144375710385924 0.0158458798845636 0.020037482737145 0.018113662001424 0.0183397315702727 0.023429798365092 0.0198470508806436 0.0287491855288999 0.0299123981259648 0.0303899728069549 0.0314394796476175 0.0353901596438227 0.0363876740259626 0.0341587115386972 0.0311275000968799 0.0291390268180334 0.0292184580904711 0.0326873137435866 0.0350395870886394 0.0278206698684578 0.0206867206472914 0.0255247124597281 0.0334295187975776 0.0315721623351284 0.0370189152552887 0.0423233387759662 0.0515363038203793 0.0493254517358335 0.0273553167921111 0.0233017687866158 0.0189120190084083 0.0134683587497363 0.0127378610135871 0.0213793853673067 0.0231500251141689 0.0242161151686327 0.022571349380858 0.0186434113308166 0.0155460035857429 0.0118172124014817 0.0187736392355886 0.0220392205376761
0.0128728622690457 0.0152087148287136 0.0185735988243696 0.0235451412333428 0.025650927303292 0.0319572655563942 0.0194566467162823 0.0161757573353695 0.0198414119031184 0.0208448251079444 0.0246495676816311 0.0287705998443312 0.0315582750371177 0.0386272624746362 0.0448536725209032 0.0428931257077823 0.0373881704481848 0.0381556275148034 0.0384237939409143 0.034851755992802 0.035722838291788 0.0390385534930066 0.0328661618058371 0.0288266013416214 0.0394674371726965 0.0391924879248477 0.0379184680194605 0.0417800241451431 0.0389699589938803 0.0321628546287247 0.038786469467401 0.0439161985051225 0.030651985219634 0.0188137062594342 0.0180219374688671 0.0243863292487891 0.0234166325671786 0.0208353785927264 0.0247495417410217 0.0179603328502336 0.0222926091627813 0.0156496828817743 0.0107528545190468 0.0117946949970223 0.0166736205555514
0.0192041201343682 0.0216633553763817 0.026485006904785 0.0272357104658695 0.0286494105043642 0.0454288760574838 0.0419870440377084 0.0275321042676605 0.0255318452619955 0.0269847978942974 0.0293876691658513 0.0306903256509451 0.0323723505145213 0.0364708260938041 0.0434015414266475 0.0448012877092605 0.0405454174031065 0.0392875064711551 0.0359847381353322 0.0338291596059558 0.0347097971579733 0.0357318862676872 0.0323557094151704 0.0287799315845472 0.0393830355703807 0.0483951874901203 0.038333388142757 0.028418787773286 0.0335141049892458 0.0405261988212534 0.0266259010705245 0.0279715644070829 0.0295606407349722 0.0192628445750823 0.0217230910777324 0.0294465164077387 0.02469174003823 0.0309816706376813 0.0231069728250901 0.0164144535609502 0.0150920158812809 0.0164103327323296 0.0120236704932254 0.0117788992160166 0.0140028749926695
0.0274983221276644 0.0271152720575001 0.0293019660816943 0.0272151507213643 0.0310103471009745 0.0494513943148739 0.0420067613149283 0.0336096748240079 0.0297741171699276 0.0265391134230006 0.0261501546517712 0.0267492063979613 0.0296592726295345 0.0339919504581426 0.0375759852207018 0.0400778846709647 0.0374542058270665 0.033367706238818 0.0359059746366944 0.0374889727838591 0.0350377712852263 0.0357873899741796 0.0335466270731651 0.0320542180581898 0.0352415626460379 0.0338018953712325 0.0292258288440741 0.0323046082375423 0.0365564180130343 0.0396741129169767 0.0400116411355585 0.0390600746256048 0.0348187879460936 0.0289035237072998 0.0303303739982375 0.0298031556846459 0.019281174575371 0.0225459290082075 0.0166812113735973 0.017306861862448 0.0180578085916696 0.0167664636953384 0.0116085368133213 0.0114477548916899 0.012628660117677
0.0325488000597942 0.0320268977271326 0.0326743853815985 0.0346943737077221 0.0383999337089524 0.04143639228288 0.0376367908581186 0.0325032981726943 0.0331750240858524 0.0304908858472993 0.024749189720737 0.0231578284917063 0.0229600630917294 0.0274114864729047 0.03310951367444 0.035275016867949 0.0365714578375843 0.0345844676083434 0.0369925441358736 0.0393445903790898 0.0363106429581543 0.0347384209468113 0.0360060091745384 0.0343095550302942 0.0175795653739874 0.0177877679855411 0.0271799348358043 0.0298693347919905 0.0301507854473909 0.0299123668032344 0.0294198409243327 0.0320493011511808 0.0410908905068723 0.0411505177407609 0.0372534854520775 0.0339698266288403 0.0237246394970585 0.0179375909890923 0.0131098357370447 0.0132355762022922 0.0138894407070848 0.018390044542592 0.0186567159139082 0.0159008978568391 0.015551127352167
0.0232807806033353 0.0339294018278985 0.0347943385604326 0.0355719888986546 0.0355436332379965 0.0349696373779464 0.0324978715854755 0.0325470727196015 0.0355670377048843 0.0323475497060856 0.0245777277219492 0.0212150424001776 0.0209757248192929 0.0238839043194528 0.0295319986607707 0.0327196448204155 0.0315381247873346 0.0322587807847392 0.036504645770315 0.0398089887639109 0.0415772282052796 0.0396557293894332 0.0378309566423496 0.0340551850806633 0.021332105539017 0.0221708084304123 0.0259881646113456 0.023690406843425 0.024882463793192 0.02656330403183 0.0279908602904428 0.0314558702711019 0.027502063298903 0.0308951604650182 0.0359319368547024 0.0236175690842276 0.0212998053194061 0.0197776849322191 0.0156229179573671 0.0207626225543397 0.0241490352839163 0.0209992611258629 0.019557736075859 0.0187366299056577 0.015241183296789
0.0326982134249863 0.0328909934015491 0.0327924587844228 0.033721541109347 0.0354994636058359 0.0252017183281892 0.0226466152578432 0.0134450276473746 0.0367569852342041 0.0334017272529308 0.0319256577377087 0.0297560021036108 0.0255827375371663 0.0271582368635952 0.029836002428274 0.0304005658004254 0.03120452375125 0.0302310794672451 0.0331929269198665 0.0427688739046041 0.0471887523435693 0.0403178817774448 0.0376821372817617 0.0362232181355165 0.0326206813202332 0.0390785391934457 0.0337871780015892 0.0223621150476532 0.0222129084063487 0.0243818138125085 0.0182125516754148 0.0182936970550297 0.0245716772005531 0.0276705996418888 0.0317102587293093 0.0308619297842642 0.0300566712240562 0.0256719993551708 0.0247586618843802 0.0256593944166939 0.0280287052924644 0.0257804927518819 0.023557400727388 0.018389427290944 0.0197864551432407
0.0267676375299391 0.0331557003350264 0.0333937432157207 0.0331540897590313 0.0342984603929002 0.0358090898608217 0.0334590626306661 0.0304399208183319 0.0313957071789849 0.0326239400561354 0.0335240670261688 0.0337106855320398 0.0299925893823569 0.0274514901899735 0.0294318184000294 0.0341332297630002 0.0397518168530987 0.0438878436383726 0.0455764733652828 0.0375704649519542 0.0560579787824364 0.0486331710117231 0.0467530200739301 0.0417099535690304 0.0372940900486315 0.0342421571607784 0.0278235879223369 0.0201910993816968 0.0228961894700551 0.0232018491121789 0.0226108850615082 0.0168451825343349 0.0260552826131675 0.0176460734392128 0.0152666963865921 0.0208375875734395 0.00901058249366933 0.0238450359131726 0.0383185796901873 0.0402475820265482 0.0298022912398086 0.0255280491981711 0.0241977453759763 0.0241315565537602 0.0178176448624848
0.0328860312375275 0.0249429989889423 0.0343981359858209 0.0352617133413787 0.0350074405451751 0.0372854483172 0.0371822933246163 0.0317148657590446 0.0280289872388026 0.0318309948219972 0.0322623735268591 0.0311068451810082 0.0270076944814544 0.0257416375399812 0.0296292339750919 0.037065622982161 0.0470406590954135 0.0538665191961303 0.037577416322708 0.0334979828527299 0.0336087059549085 0.0486179063675406 0.0499758192182529 0.0473946567983217 0.0428930961496853 0.0293510471316862 0.0196729726817784 0.0215322727559837 0.0214269042441895 0.0243576334873274 0.0252314080222209 0.0210235623679958 0.0211042679801336 0.0189588035524668 0.0206580201358771 0.018616661409783 0.0164013702563225 0.018460715488229 0.0179492197714711 0.020624164988937 0.028642806321515 0.0317838826783372 0.0195256159868048 0.0239809344945544 0.0280717323485601
0.0354933209305533 0.0329515637900685 0.0379498187322185 0.0422017091103313 0.0374488476645714 0.0363343220254563 0.0393356422276203 0.0255732174834669 0.0235614892687851 0.0251109768338762 0.0308679785759467 0.0286843731572559 0.0252784539262781 0.0248835877683796 0.0212180370847742 0.0343447060497502 0.0486129969994864 0.0575847203080857 0.0512171731708004 0.0323414099962524 0.0499668853061875 0.0349965124993575 0.0468877851698109 0.0445314127827277 0.0392190804841215 0.0306112628040504 0.0334783184245034 0.0391835380406801 0.0356901296532466 0.0265204539083078 0.0213363259752121 0.0262752663327099 0.0380093104297133 0.0304854555552763 0.0255530073634258 0.0187350758455155 0.0162798674352026 0.0185001194994986 0.0169009289643812 0.0190266619873866 0.0257420698201067 0.0137524881374369 0.0111763928948317 0.0221852107836492 0.0191072028540541
0.0345756627760823 0.0366643385284188 0.040721749669882 0.043431293291987 0.0441936680429328 0.0330441901864782 0.0300828640947224 0.0281555888377811 0.0242574580483019 0.0281531224018019 0.026596072692034 0.024140319658669 0.0227931602239013 0.0197964022126803 0.0204280178592403 0.0253018665878182 0.029646725455749 0.041349789174828 0.0170716419083416 0.0414241323659938 0.0440758363071012 0.0445549643821433 0.0451382552942092 0.0406925133738628 0.0346907832394433 0.0314616095661783 0.0375702433914664 0.0386568642902846 0.0270108938729167 0.0286737151352975 0.0316695766641422 0.0301610480071795 0.0300537451794935 0.0302207277056458 0.0289960353623168 0.0238426625645683 0.0179950478314624 0.0224917309503502 0.0207995667479165 0.0178279397215662 0.00919700225229357 0.0248979332206536 0.0279897116028972 0.0250457797319744 0.0223740835468854
0.0377463691016204 0.0329682774824946 0.0404241128902571 0.0301947583836389 0.0351757563661169 0.0388183715553087 0.0175158945544481 0.0309766501411707 0.0285687789516909 0.0308902398516116 0.0447483723543824 0.0457892814687917 0.0409492753297036 0.0356916966612188 0.021368337222708 0.022091739897289 0.0330662292426811 0.0399368841000944 0.0435010540024043 0.049089739735683 0.0537381570342096 0.0369904944121134 0.0398429184341251 0.0357402044887709 0.0338532678677291 0.0380360796076766 0.035873988666206 0.033984470360905 0.0348404458685235 0.0328476931652199 0.0296704109959317 0.0268113620986434 0.0215536885139076 0.0287727246490654 0.0293000575177475 0.022647775216505 0.0356861963228563 0.0362204109002625 0.0128856117264198 0.0120812766105912 0.012015375372823 0.0272430578460069 0.0339809785586112 0.0355046900000244 0.0314823405606146
0.0292546504535633 0.0349321124319236 0.0293472018249725 0.0355658717850919 0.0399725607942755 0.0474639967942321 0.0471951056886795 0.0436017687958125 0.032190287426367 0.0341668933349051 0.0505246324443139 0.0541158393644098 0.0541425209798714 0.0463048787028798 0.0340747245543684 0.0204648969599858 0.0211640964303843 0.0330148645530686 0.0613937864173627 0.0812260303814644 0.0873817935903946 0.0679128600811121 0.0421727706463803 0.0370130547578748 0.0301487458529324 0.0411050958832813 0.0356567078933838 0.0296794842653329 0.0225583780527509 0.0300028675228223 0.0286024626264224 0.0212607909798375 0.0214084263919889 0.0193954542387896 0.031189775613572 0.0275008919774606 0.0374617580924146 0.0302787471826461 0.020317056360925 0.0183493135378957 0.0211702374827925 0.0249473468129663 0.0236112173097187 0.0247754340816883 0.0262937605661181
