Partial ROC data/Trimeresurus trigonocephalus.asc
NCOLS 267 
NROWS 470 
XLLCORNER 376490.070567719 
YLLCORNER 380111.488324056 
CELLSIZE 919 
NODATA_value -9999 
[rows 160 to 179 of 470, columns 180 to 224 of 267]
0.0012361043395787 0.00336149956324846 0.00545477778866212 6.54789010282525e-08 -9999 -9999 -9999 -9999 -9999 -9999 -9999 -9999 -9999 -9999 -9999 0.000375490801945377 0.000332454842186691 0.000346074114000112 -9999 -9999 0.000661224888878203 0.000313235076613645 0.000327229998865536 -9999 -9999 -9999 -9999 -9999 -9999 -9999 -9999 -9999 -9999 -9999 -9999 -9999 -9999 -9999 -9999 -9999 -9999 -9999 -9999 -9999 -9999
0.00143878784730252 0.00143219351359535 0.00413742216642477 5.76747682427482e-08 -9999 -9999 -9999 -9999 -9999 -9999 -9999 -9999 -9999 -9999 -9999 0.000451474687577986 0.000359050296447065 0.00029625066158469 0.000278179265256151 0.000293063443426522 0.000266373502287461 0.000306163959230233 0.000331222348677718 -9999 -9999 -9999 -9999 -9999 -9999 -9999 -9999 -9999 -9999 -9999 -9999 -9999 -9999 -9999 -9999 -9999 -9999 -9999 -9999 -9999 -9999
0.00127558257386361 0.00122306832493089 0.0014552301329112 0.00206258125431181 4.69092630453656e-08 -9999 -9999 -9999 -9999 -9999 -9999 -9999 -9999 -9999 -9999 -9999 0.000540918674448006 0.000409217038244129 0.000310347226805853 0.00029205035333441 0.000262626657680297 0.000236940436175269 0.000297560623180298 6.64604496466675e-09 -9999 -9999 -9999 -9999 -9999 -9999 -9999 -9999 -9999 -9999 -9999 -9999 -9999 -9999 -9999 -9999 -9999 -9999 -9999 -9999 -9999
0.00118531436770938 0.00120429087217674 0.00105975480355409 0.00119981630892867 3.08887511406379e-08 -9999 -9999 -9999 -9999 -9999 -9999 -9999 -9999 -9999 -9999 0.000774746111363982 0.000743866909871469 0.000648554427042569 0.00107344819244228 0.000467788722049896 0.000781402096170609 0.000287470767831259 0.000333937642858046 0.000357741823513955 -9999 -9999 -9999 -9999 -9999 -9999 -9999 -9999 -9999 -9999 -9999 -9999 -9999 -9999 -9999 -9999 -9999 -9999 -9999 -9999 -9999
0.00120670487805718 0.00111352286887105 0.000933606673909189 0.000831850859075514 0.000798467538769259 0.000707546625747585 -9999 -9999 -9999 -9999 -9999 -9999 -9999 -9999 -9999 0.00111039542616468 0.000862390673893781 0.000792189986522636 0.00135819940024138 0.00148493218371213 0.0012212144023469 0.000397605782279314 0.000368445620742228 0.000358085445567996 -9999 -9999 -9999 -9999 -9999 -9999 -9999 -9999 -9999 -9999 -9999 -9999 -9999 -9999 -9999 -9999 -9999 -9999 -9999 -9999 -9999
0.00115957317987447 0.00125479996806579 0.00104744166961968 0.00076212797094239 0.000488313969752532 0.000431041325127632 0.000438806241791649 0.000577673889175956 0.000726834578471095 0.00085320820498251 -9999 -9999 0.00227602765312921 -9999 -9999 0.00129144605499556 0.00249730249832417 0.000730540969149999 0.00166760890304154 0.00124781307975187 0.00145807652601001 0.000563572665797541 0.000538106607737764 0.000504654803785071 -9999 -9999 -9999 -9999 -9999 -9999 -9999 -9999 -9999 -9999 -9999 -9999 -9999 -9999 -9999 -9999 -9999 -9999 -9999 -9999 -9999
0.00100436209070918 0.00108416881658612 0.00101325109186394 0.000763691597617122 0.000452951605730114 0.000436990653016832 0.000570222232401591 0.000677041847202301 0.00197387104354806 0.000925857316774627 0.00144556751384091 0.0018308155632413 0.00193311503217461 0.00180473770995597 0.00128779872478613 0.000817980620244388 -9999 0.000644822020777547 0.00147383680487332 0.00137711807422422 0.00147092808592637 0.00160428270940343 0.00151617763362433 0.000600937424316997 1.03685482540762e-08 -9999 -9999 -9999 -9999 -9999 -9999 -9999 -9999 -9999 -9999 -9999 -9999 -9999 -9999 -9999 -9999 -9999 -9999 -9999 -9999
0.000819633352288613 0.000719415720353614 0.000697117741647246 0.00057056297525112 0.000447005741430413 0.00043066380204567 0.000527212870668977 0.000710110879295623 0.00213767527161134 0.00219891490441543 0.00101384514482263 0.00118182006424413 0.00136105299204925 0.00125831787418632 0.000754195112042064 0.000575798076260695 0.000521941323878456 0.000620951904118917 0.000651143628938192 0.000561613700763382 0.000553113472930979 0.00134895654376825 0.000520599984807239 0.000515848192030414 9.83800630332205e-09 -9999 -9999 -9999 -9999 -9999 -9999 -9999 -9999 -9999 -9999 -9999 -9999 -9999 -9999 -9999 -9999 -9999 -9999 -9999 -9999
0.000693381041114052 0.000611213651102323 0.000562153308336603 0.000504361243094247 0.000423225079873999 0.000398119292471768 0.00118495202299953 0.00163670621471719 0.00201830712781086 0.000823469894618328 0.000815078113414137 0.000817243513242809 0.00106051544038582 0.00102775734663575 0.000707113222159616 0.00165894494074379 0.00178117792986109 0.000765526977157062 0.000689600658786868 0.000661935967334984 0.00140798442773769 0.000487807364548899 0.000492581886741411 0.000475989592776898 9.63074595882664e-09 -9999 -9999 -9999 -9999 -9999 -9999 -9999 -9999 -9999 -9999 -9999 -9999 -9999 -9999 -9999 -9999 -9999 -9999 -9999 -9999
0.00133907293185995 0.00057882412282304 0.000573707546558122 0.000527943847634824 0.000968147396970327 0.0004986813474007 0.00156547907650858 0.00140435613067255 0.000688687999605242 0.000722731898798523 0.000785846435831735 0.000780222562709332 0.000858091394680308 0.000879359600896827 0.000724653265999562 0.000724275816302309 0.000838896085499814 0.00080276518312267 0.000817123577527677 0.00083643112848418 0.00156582508572758 0.000493784459372682 0.000506682867100115 0.000486059051727575 0.000465133209221883 -9999 -9999 -9999 -9999 -9999 -9999 -9999 -9999 -9999 -9999 -9999 -9999 -9999 -9999 -9999 -9999 -9999 -9999 -9999 -9999
0.00057698989404947 0.000569268066906942 0.000566493693197463 0.00109192456200483 0.00100366286895696 0.000480384451566565 0.000657054158930162 0.000721691683518874 0.000688364985373851 0.00174458379375002 0.000719576540847867 0.000758053094935762 0.000772483875424848 0.000732699686098241 0.00075031979900149 0.000834797683191803 0.000932425760522035 0.00104066910501319 0.00130535178798126 0.00138196687718598 0.000842450404473705 0.000490933115669514 9.99907092307915e-09 9.83254198886602e-09 0.000484042277901368 0.000489082859071105 -9999 -9999 -9999 -9999 -9999 -9999 -9999 -9999 -9999 -9999 -9999 -9999 -9999 -9999 -9999 -9999 -9999 -9999 -9999
0.000599931056239273 0.000588962515209878 0.00114132171031246 0.00108420444355912 0.000949240604384949 0.000418210680028202 0.000608293248183288 0.000779682500466063 0.000805061981683365 0.00186956898929403 0.000710845172806289 0.000754376719026299 0.000750690339109633 0.000681138089594722 0.000774600960526356 0.000904997877245007 0.000908072594462304 0.000923993306391121 0.00114553004272037 0.00129012505476283 0.000922239073824404 1.31070088285173e-08 -9999 -9999 1.05710181244422e-08 1.09929452839021e-08 -9999 -9999 -9999 -9999 -9999 -9999 -9999 -9999 -9999 -9999 -9999 -9999 -9999 -9999 -9999 -9999 -9999 -9999 -9999
0.00111920221076688 0.00111736691301937 0.00101733084864288 0.000899005678888855 0.000856276256299052 0.000823528982774719 0.000487947298483288 0.000668924420092225 0.00196663243514752 0.00190299148659059 0.000685899242221871 0.000642099359633481 0.000659623839559602 0.000759735494056404 0.000905057144773494 0.000965314464904482 0.000866154461201849 0.000844821372067557 0.000921243037013822 0.00256931355877461 0.00232246391496444 0.000735705092556042 1.13775155546878e-08 -9999 1.02211266901497e-08 1.17168167937522e-08 -9999 -9999 -9999 -9999 -9999 -9999 -9999 -9999 -9999 -9999 -9999 -9999 -9999 -9999 -9999 -9999 -9999 -9999 -9999
0.0010830828074503 0.00113701541565352 0.00111670576100617 0.000976774293133838 0.000863394186341231 0.000408730727440497 0.000463887877375605 0.000580856854424975 0.000675090367051704 0.000685852622594351 0.000650575689411143 0.000594122196788268 0.000576715217946284 0.000695214039106482 0.000996764085792137 0.00114787629414234 0.00107431518955264 0.000921979853764427 0.000860254676533479 0.000921223623998761 0.00223957117823863 0.00171201090361333 0.000494652826769978 8.68966337835263e-09 1.08028046715458e-08 1.23358045754686e-08 1.24266143457114e-08 -9999 -9999 -9999 -9999 -9999 -9999 -9999 -9999 -9999 -9999 -9999 -9999 -9999 -9999 -9999 -9999 -9999 -9999
0.00113275404085292 0.00118115798487773 0.00108289602925105 0.000911960990879531 0.000812227797659196 0.000411651187156418 0.000649046183490726 0.000701198552320558 0.000616084018180544 0.0017135312701578 0.000720265855376356 0.000718359047569163 0.000708068468376989 0.00069435710136449 0.000882554160974238 0.00113293771032088 0.00122998512342149 0.0010082262037551 0.000695684543187481 0.000666839184558393 0.00158691819035054 0.0013643639781122 0.000485281229148733 9.12464446726199e-09 1.10667709022738e-08 1.23933519645003e-08 1.20939976659779e-08 -9999 -9999 -9999 -9999 -9999 -9999 -9999 -9999 -9999 -9999 -9999 -9999 -9999 -9999 -9999 -9999 -9999 -9999
0.0010961843301924 0.00111537013683066 0.00111199330776948 0.00106162457975811 0.00101837291345921 0.00057391246912775 0.000702919597639362 0.000783656114075609 0.000781011252291533 0.00202442506175285 0.000830720208224253 0.000837539342332757 0.000862720221986326 0.000885362178665641 0.000901746665212702 0.000969278823382689 0.000988183897271432 0.000776660341064942 0.000568308650967692 0.000589263797874543 0.00139510437332413 0.00134987618295153 0.000489653401981281 9.25375805758599e-09 9.42182308288941e-09 1.14295967243576e-08 1.27112783329594e-08 -9999 -9999 -9999 -9999 -9999 -9999 -9999 -9999 -9999 -9999 -9999 -9999 -9999 -9999 -9999 -9999 -9999 -9999
0.00117575486583956 0.0011120626480148 0.0010590733657064 0.00108200288410465 0.00107305081489925 0.000580395401139369 0.000690607449447303 0.000809487783066386 0.000811411561987729 0.000810281832784282 0.000859858637799498 0.00089224578262167 0.000931158545431191 0.000899172933149743 0.000874071715025798 0.000890642453951064 0.000800126763129871 0.00164949327834978 0.00144273801569645 0.000546440347436238 0.00136547034192929 0.00137072874912303 0.00141078560724482 1.12625564899308e-08 1.07549019095677e-08 1.11568432094408e-08 1.27307383576845e-08 1.31231403215343e-08 -9999 -9999 -9999 -9999 -9999 -9999 -9999 -9999 -9999 -9999 -9999 -9999 -9999 -9999 -9999 -9999 -9999
0.000614358177560696 0.00107044383883489 0.000991164358931769 0.00106617102601936 0.0011253492134675 0.00060460880238239 0.000661451879161968 0.000643482682218656 0.000655987744130548 0.000718608967200137 0.000776281415252558 0.000798330628617616 0.000855487843839621 0.0025094410228363 0.00117824040426659 0.00284394930061983 0.001983668332516 0.00168919952493854 0.00162153462069478 0.00144187306148907 0.00114098853254472 0.00139029268346265 0.00109839580704777 0.00137271989703153 0.000526742534713632 1.03902534214929e-08 1.21426190506613e-08 1.34029077125887e-08 -9999 -9999 -9999 -9999 -9999 -9999 -9999 -9999 -9999 -9999 -9999 -9999 -9999 -9999 -9999 -9999 -9999
0.000563611502788896 0.0010525827327229 0.000970587585838275 0.000960686376358885 0.00109098955701722 0.000600428079957482 0.000612738609087777 0.000588077981167471 0.000587325995027701 0.000576266512717432 0.000577729808289612 0.000680936533768872 0.000860959370280825 0.00105525783245797 0.001123917666874 0.000962051379486179 0.00190535587427406 0.00141821653958375 0.00155607091341898 0.00109311511386275 0.00112305010722993 0.00107922114782689 0.00108425032107539 0.00114556599374628 0.000536196018775848 0.00052870751805314 0.000612191599497239 1.33327483460961e-08 -9999 -9999 -9999 -9999 -9999 -9999 -9999 -9999 -9999 -9999 -9999 -9999 -9999 -9999 -9999 -9999 -9999
0.000545241522413929 0.00111721573523855 0.00117398524770859 0.000632572396705435 0.000642379257990777 0.00131531411103329 0.00123562429575694 0.00111670276537152 0.00114133125076818 0.00101527909104392 0.00136731202461031 0.00149404536420819 0.000766752390976507 0.000901855464736218 0.000888530448368277 0.000788216257972989 0.00183735696411064 0.00178910099880987 0.000629210143789527 0.00140934656091472 0.00108285705206861 0.0011215079636761 0.00122210914968928 0.00122457463292493 0.000543204238151119 0.000505549602956612 0.00060921545029483 1.40962485650739e-08 -9999 -9999 -9999 -9999 -9999 -9999 -9999 -9999 -9999 -9999 -9999 -9999 -9999 -9999 -9999 -9999 -9999
