Partial ROC data/Trimeresurus trigonocephalus.asc
NCOLS 267 
NROWS 470 
XLLCORNER 376490.070567719 
YLLCORNER 380111.488324056 
CELLSIZE 919 
NODATA_value -9999 
[rows 220 to 239 of 470, columns 135 to 179 of 267]
0.00324927859361951 0.00313530942783511 0.00318365392831702 0.00301600727909415 0.00298656072342665 0.00306727305330442 0.00303168446675583 0.00303618078274142 0.00313818554230798 0.00328457295086876 0.00370493944407356 0.0021142637302802 0.00229390308685932 0.00447510139411201 0.00514796188415808 0.00550044312937285 -9999 0.00356988360739413 0.00328897633986051 0.00304764073224789 0.00308988817259528 0.00302423015697206 0.00324406371208872 0.00356637516258006 0.00341469407168527 0.00296207964093159 0.00273371766902193 0.00256851296823874 0.00249786468071274 0.00251649989713841 0.0024506084483028 0.00223181438993657 0.00214642973329048 0.00238777144898077 0.00269054933826096 0.00286154370226452 0.00271309105251632 0.00233788782559863 0.00171321201194197 0.00104687591589977 0.00207963760209726 0.00206080557734953 0.00245795698824853 0.00285471167256903 0.0028938472206564
0.00429084778744083 0.00318090881074532 0.00320452448489258 0.00313148306891241 0.0030209582451055 0.00307599500066532 0.00318030713458696 0.00320497022809706 0.00314526962949535 0.00309896892322121 0.00331775273960262 0.00202583444124959 0.00227472667861027 0.00442874071922194 0.00412747288249572 0.00443255867837497 0.00251017305002787 0.00301376746027734 0.00342101483409996 0.00388165998028643 0.00423554696826459 0.00381925975952508 0.00354742152385966 0.00300004520175592 0.00280527469732012 0.00278347315050002 0.00262503094031896 0.00252969452226068 0.0024940124436859 0.00250769896885206 0.00252314875701776 0.00240544395398351 0.00229412445680982 0.00220609446288044 0.00229588474415591 0.00241765356236544 0.00235787455207379 0.00225243076115683 0.00174115397426135 0.00194772544569606 0.00186496881218122 0.00190449458484808 0.00246121497106516 0.00289050452711347 0.00255735610059317
0.00345659403239626 0.00325507889701309 0.00346624155475849 0.00398595021061328 0.00390758321021161 0.00311492047577285 0.00311079213736893 0.0031125899318254 0.00378658960343027 0.00396662398635621 0.00445295037204419 0.00204456448830823 0.0021145440873587 0.00408976750365886 0.00200623937892145 0.00407426608572856 0.00478448874992421 0.0030307132617796 0.00348229861555006 0.00402576756625763 0.00413970381770907 0.0038722318063354 0.00362428084842433 0.00285471313416371 0.00292872107741802 0.00322572079069179 0.00304210201113527 0.00269537065168631 0.00252151435533258 0.00268299124812372 0.00275382044504175 0.00257992289400019 0.00235691503778946 0.00220949008821972 0.00221657202631793 0.00226099984492235 0.00191314745840418 0.00163699291022105 0.00126743711275528 0.00167405440948834 0.00183283192430826 0.00206020062907241 0.00259633556533784 0.00283935551404661 0.00276344049895245
0.00339206668007376 0.00336729427197473 0.00399315683394163 0.00447402151811149 0.00426795240145033 0.00359147902530636 0.00324015581587209 0.00319817476353864 0.00339368007603087 0.0021596520059945 0.00523260619478821 0.00249513520370657 0.00201757574373169 0.00217193000914907 0.00235598389346838 0.00473665736215189 0.00616014072134031 0.00584794217833682 0.00846770248579732 0.00693876065450409 0.00332016567442075 0.00314957594402197 0.00323123792133813 0.0033903827981399 0.0038132321406659 0.00368559824692015 0.00617526589575544 0.0058210310440577 0.00532815593228646 0.00591511828452185 0.0028020902613945 0.00253192006810012 0.00225966484660805 0.00212178209901104 0.00218715881347754 0.00208054690612605 0.00171370626739347 0.00158982782079916 0.00135775323674189 0.00207533815790901 0.00190823156008529 0.00196339738714019 0.00220525773448668 0.00255525260402774 0.00251869454167248
0.0052962299137889 0.00374316254327833 0.00414628439120197 0.00561094329960947 0.00392243531163004 0.00348804555315103 0.0035779702038117 0.00376934145979883 0.00503417454904044 0.00223427386781537 0.0027154397168288 0.0028105633694612 0.00213638909301346 0.00199655558690154 0.00410867344183313 0.00422430931040507 0.00592722688011041 0.00546823586398136 0.00593961505148037 0.0075878165980054 0.00297648750479127 0.00292993774445929 0.00317694956187192 0.00378244786321883 0.00413029791752203 0.00385223034107608 0.00351036687902353 0.00353921207284393 0.00344444673175492 0.00336872070215817 0.00331342960471014 0.00283664573940256 0.00234250069349305 0.00214434643072749 0.00221645873174747 0.00229404315763711 0.00214286952702588 0.00181690831272815 0.00157496659409778 0.00261667564062453 0.00256045226545442 0.00199050684787371 0.00180110541048901 0.00162481560523926 0.00193693302080257
0.00475667674038822 0.00468297411530351 0.00449348614262171 0.00512052832680656 0.00350275402466987 0.00381228239022127 0.00443400381251038 0.00462687491704135 0.00573098691183431 0.00480956262170386 0.00286060095463849 0.00310530513570299 0.00257356370274504 0.00206620050679987 0.00201494134355971 0.00218250953911077 0.00479228835627858 0.00478818886943765 0.00517701276946457 0.00535764860974677 0.00529489250461661 0.00607708382573565 0.00318526204768595 0.00330921219644904 0.00353296916040392 0.00334614682757692 0.00820930564929379 0.00878358667493857 0.00351250053891576 0.00312104626191115 0.00315248257484629 0.00283353139856258 0.00246538431929278 0.00224216683512208 0.0022144070329983 0.00232921263496597 0.00224945089344413 0.00190956731024106 0.00155773401280669 0.0030644489989604 0.00298415995939951 0.00257061770598439 0.00245755968591031 0.00249781488725619 0.00239483520380796
0.00490883816492051 0.00614172345089626 0.00581991880463896 0.00392833619443348 0.00356166280305288 0.0039920518391329 0.00466970034223071 0.00486653347937569 0.00359600681916441 0.00174188040358834 0.00303157640586642 0.00317459194233348 0.00259726575682977 0.00207943290787679 0.00216697137393736 0.0056640223664276 0.00462357674682756 0.00460335050638918 0.00465163105503644 0.00471063825967082 0.00455016257541396 0.00498148349741034 0.00270093915295545 0.0030277607376472 0.00341639446806776 -9999 0.00350458215182234 0.00419077527428552 0.00419431061245804 0.00342381687676859 0.00303560384262552 0.00296556592703065 0.0025800948769665 0.00235172267121137 0.00236287558152894 0.0021331773729018 0.00182010413893496 0.0017004914216544 0.00153503077405759 0.00283695190763454 0.00279768523590612 0.00262628602462417 0.00251214698335552 0.00256146381028366 0.00256111626961922
0.00477747710981328 0.00468716512272688 0.00422927434867775 0.0037880810083055 0.00366756863834686 0.00430364300052843 0.0051868083910942 0.00519841400608029 0.00487652974575619 0.00640369960009334 0.00288744415354731 0.00581189294346736 0.00506799607510698 0.00218451531023593 0.00439159536554381 0.00422511907236838 0.00407147947938399 0.0044499363425963 0.00473722853894907 0.00471530850979343 0.00447790814329761 0.00426483136101126 0.00448628679061649 0.00497114762386145 0.00732768026362496 -9999 0.00443031165443468 0.00447107851946014 0.00431156541393042 0.00391711388032476 0.00417965799722217 0.0042552740530626 0.00306183583090217 0.00227898534589396 0.00228519677874266 0.00214555285880067 0.00182179410917363 0.00153578529301552 0.00300433391389286 0.00281515564520679 0.00162067060432097 0.00149344181035984 0.00136711284348324 0.00257920028323915 0.00150487344626777
0.00398823817091094 0.00405402614743122 0.00386215830567832 0.00371595531133568 0.00421779820261913 0.00500555218832582 0.00522956322411121 0.00513150420021338 0.00492548663494216 0.00447221337505536 0.00179724609381695 0.00268824157476977 0.00258496981709028 0.00646651475718997 0.00606101651384659 0.00417016997017335 0.00345949699228684 0.0039941324346633 0.00461793016195672 0.00455534213210476 0.00438347139586382 0.00421799471885179 0.00427199307775303 0.00606370688054212 0.011456976179403 0.00535301568663151 0.00449698491725952 0.00365194573068058 0.00349118075125231 0.00375768718507714 0.00469866142822266 0.00526773384804577 0.00410064621627941 0.00268657904438303 0.00237611126511136 0.00216594228292677 0.00199747217408942 0.00177585671795275 0.00159842264651614 0.00163599244376824 0.00304430592602956 0.00157704429505293 0.00148505932586076 0.00146286980681093 0.00140432030329644
0.00378024038729626 0.00370308426099616 0.00375902924208002 0.00375501843280143 0.00414198948417129 0.00495487612442865 0.00673365973551 0.00541894619129966 0.00651050881301772 0.00595176228763851 0.00244992386659906 0.0026310584600952 0.00261487686542053 0.00258599640197875 0.00506504375723545 0.00459999664731029 0.00330328986887135 0.00324434519003518 0.00403508070754607 0.00446644644249601 0.00422901267960226 0.00446331424086907 0.00446267626259562 0.00767436028611796 -9999 0.0143418317611945 0.00526429606865171 0.00459105049836781 0.00407976598378824 0.00346781533524366 0.00391164538548165 0.00457800934499117 0.00405062301825557 0.00296938487719887 0.00280116343373118 0.0026714443658352 0.00251579644827416 0.00217816638328478 0.001827806086042 0.00176678294678557 0.00312311934337363 0.00167657523469986 0.00151465137941286 0.00137102082197847 0.00280350474842327
0.0048179658456689 0.00377269421876887 0.0037170669593108 0.00369577040798897 0.0040421847955951 0.00452005628272576 0.00597375821100365 0.00504226517295083 0.00628755109269111 0.00634318147012738 0.00266094912020669 0.00274349702285755 0.00266703818974021 0.00256278975775353 0.00255491202453515 0.00454579047339548 0.0030476927150581 0.00305899171689796 0.00379796892506919 0.00447073967102208 0.00563387663224401 0.00461929556275395 -9999 -9999 -9999 -9999 0.00622353811290646 0.00546636672112623 0.00365601093262175 0.00257970387986742 0.00235778353039242 0.00530786666250864 0.00648919995413542 0.0037161730061336 0.00360491111001951 0.00285246471914341 0.00249256192426034 0.00210653988950075 0.00182963047354806 0.00308347076899289 0.00303127974090878 0.00165168221052471 0.00157395312278404 0.00149110829486708 0.00141868109474059
0.00492338114179247 0.00500810227224368 0.00391885100130302 0.00373044408392889 0.0041440591689288 0.0045673680841522 0.00451279399201983 0.00605361406241559 0.00520211348088888 0.00256577118859196 0.00267725313781787 0.00290750018705376 0.002792439653544 0.00267828483225275 0.00258111033853852 0.00429936147301385 0.00298686840622429 0.00301145380749104 0.00347813803818214 0.00415077765669765 0.00440929367146672 0.00494949931809654 -9999 -9999 -9999 -9999 0.00435929413874153 0.00400467366388539 0.00325262342048817 0.00227041219335051 0.00353004918384911 0.00432707505640216 0.00439399227641701 0.00667634376755641 0.00666431128107474 0.00199849663658767 0.00168946974699094 0.00175438508848782 0.00182344271679009 0.00172829711162212 0.00160267401561596 0.00155643616190897 0.00160438245208322 0.00160457072908555 0.00153434316553107
0.00235506708055869 0.0064796405580731 0.00490682003225421 0.00451089323146585 0.00455144029655731 0.00446890788035874 0.00440266584754344 0.00446299084090806 0.00238877594310704 0.00264837145844263 0.00281126775905735 0.00303096239529824 0.00300188911142875 0.00277005741006001 0.00252188202920852 0.00518878047219041 0.00295079367919576 0.00304553797950695 0.00312980989634469 0.00350216285733919 0.00445421492291793 0.00632032170924389 -9999 0.00245730463244257 0.00293060167266346 0.00368815753283396 0.00367439505162768 0.00321360088216198 0.00296403952343724 0.00222216721744402 0.00411148462887607 0.0033113083305305 0.00337442741134786 0.00444333926368121 0.00343884241627338 0.00298901537278076 0.00276865035539984 0.00173929927604995 0.00178086235672627 0.00172641574703849 0.0016238731464649 0.00158781683097366 0.00160721332765756 0.00156808837406577 0.00155258205432624
0.00267154421853642 0.00549579590147051 0.00506753946724036 0.00423767278887854 0.00421580132056956 0.00450286423559913 0.00454336775461782 0.00485474518292939 0.0059557599406462 0.0033073755465541 0.00309837140644367 0.00295418925015161 0.00295391735330712 0.0027748010034025 0.00248249267994844 0.00407004825157033 0.00300705232680242 0.00306458915040353 0.00303556734355966 0.00321128414360617 0.00402194284309624 0.00248599185247843 -9999 0.00275694068383315 0.00300846204112304 0.0035893178838258 0.00334682619526397 0.00268546865752366 0.00267216818812363 0.00225624901174455 0.00325699121329505 0.00325484706253137 0.00155298783300233 0.00302996673947002 0.00369538167168816 0.00323356110941826 0.00348478668999973 0.00311859736623256 0.00314530117245831 0.00172838851949666 0.00165996673460189 0.00156131175085431 0.00157143745563379 0.00155529927497104 0.00154212027958851
0.00280524163184376 0.00697817016073969 0.00635316541107265 0.00464621105682191 0.00474568757685714 0.00472410090084971 0.00485054926814193 0.00594316316424562 0.00351460510892478 0.00353864998064308 0.0034914260890973 0.00344245506192088 0.00318142334945015 0.00284022705497748 0.00249822371909339 0.00202579299249287 0.00298794348331418 0.00306105485802936 0.00315512373155756 0.00346556601080466 0.00397151562069952 0.00228009105020384 0.00257668387555953 0.00286180263243692 0.00306408018876595 0.00319286419198612 0.00304872642329917 0.00238426850844323 0.00190841998580088 0.00354640858771326 0.00323815818799122 0.00330669634842535 0.00331059757697613 0.00318488885319309 0.00288474764768444 0.00313331607868932 0.00357826595572618 0.00363013342441697 0.00181514663280888 0.00314879934594716 0.0016888375821321 0.00162131999094906 0.00157596854584065 0.00150214023762217 0.00145794958784303
0.00277980981133057 0.00694495955363887 0.00649397177323613 0.0048223228472819 0.00472585603109631 0.00486742127710882 0.00498071101723512 0.0057114630485269 0.00340233996130469 0.0035574721930069 0.00343734881690772 0.0034574829603951 0.00353240412771586 0.00340462316456876 0.00286926506259158 0.00207573601269206 0.00305114550576235 0.00300677013536629 0.00304407309981207 0.0030479765048097 0.00317235095836326 0.00207460608889625 0.0027635060781293 0.00300626274795428 0.00292265137244951 0.00293319934298344 0.00228858125259643 0.00156665889776057 0.00140535708403396 0.00282392894222195 0.00273139207605842 0.00277496028763765 0.00272714375998909 0.0030337299155814 0.00318590060581909 0.00328728537080405 0.00368497299366599 0.00363230766223088 0.00182566465152115 0.00323786935851596 0.00170214735968381 0.00159639151202581 0.0015126659553041 0.00148243199792309 0.00145510366866526
0.00258149795534682 0.00268507253064894 0.00263091373764468 0.00478549455963349 0.00457870987666713 0.00478060167721801 0.00495385807008615 0.0055455454620506 0.00319721201833863 0.00238126139246694 0.00218037780852736 0.00353147479277714 0.0037802065664988 0.00382793650673571 0.00311627206903701 0.00193565771536216 0.00305020302667723 0.00309915098349035 0.00306469540287716 0.0036700557232865 0.00292221604356654 0.00373835698481675 0.00449058518315512 0.00492926505465781 0.00255801372945421 0.00213849225181123 0.00373829351846054 0.00331615201762332 0.00253426477826581 0.00248198443529031 0.00242526305178563 0.00237466273702947 0.00239616839736899 0.00331286903189448 0.0035159745908705 0.0032488479556108 0.00311233261600119 0.00169606774565344 0.0017586828766739 0.00172520013041621 0.00153164998987505 0.00129525252911388 0.00106113398745148 0.00119194859103382 0.00264511132067401
0.0034355027069421 0.00321494658344439 0.00493762975400211 0.00485724109344949 0.00500705739346336 0.00496975583736882 0.0050504389652151 0.00644091898839108 0.00279535585601815 0.00309156426016934 0.00323212880392964 0.00344944169985967 0.00365871575722819 0.0037832461351877 0.00318320030705163 0.00411332728619471 0.00316406012636875 0.00310232611484086 0.0015263489943748 0.0027846785220336 0.00305089298436256 0.00301509250611005 0.00323188148985678 0.00337077100554247 0.00343558322416526 0.00315046121572375 0.00272096597122817 0.00253378507407442 0.00245225184391825 0.002564087831369 0.00247740072399463 0.00291768148173475 0.00236003877949629 0.00295140954008217 0.00364954653053804 0.00339533354647071 0.0031127003372746 0.00343417755379281 0.00310690231341007 0.00178075750658644 0.00168357173774579 0.00158250302045018 0.00139745248741699 0.00265555097294974 0.00144569496575026
0.00470603769786138 0.00470110456020116 0.00577753502155492 0.00629129065750234 0.00558102103613985 0.00535484979997879 0.00554514878969125 0.00277872014198568 0.00288920168187106 0.00341654122983649 0.00360347115622603 0.00335769041280054 0.0032253234463939 0.00311610343046606 0.00264493647879822 0.00193538694411259 0.00315560256936739 0.00310610851053975 0.00314251263148746 0.00311340875884337 0.00299714237911745 0.00286921885600785 0.00284425256798924 0.00281149088021399 0.00275813412902422 0.00276978788072496 0.00274656145672148 0.00264707705030038 0.00331137356452737 0.00391002093407729 0.00404068719691724 0.00196628323679163 0.00187010973194052 0.00188058115538717 0.00198499411680683 0.00397323354982162 0.00329606956139004 0.003204364878275 0.00184019088370333 0.00181649877459161 0.00167799399790876 0.00149131711148899 0.00147343024872665 0.00148096706708033 0.00140507237488529
0.0042008212935856 0.00444599377116174 0.00520614987500743 0.00618486208447403 0.00569346342923661 0.00556531468262096 0.00717234429781319 0.00285868870917245 0.0028598031368849 0.00333314411767449 0.0035500661813746 0.00310784355856079 0.00283691365177857 0.00271460721198861 0.00575419078164105 0.00348320427786565 0.0030974857360951 0.00299882721536435 0.00304592650770384 0.0030879558142863 0.00307080057333829 0.00295350674828147 0.0029012778813977 0.00285343721998211 0.00277234897760386 0.00283715223259215 0.00284170602225491 0.0033160808347567 0.00396828265344793 0.00410708474857393 0.00405295847441773 0.00404345479204389 0.00389932073135522 0.00181183187916044 0.00180883142618756 0.0018706583028847 0.00183905925538174 0.00175060926351062 0.00178868764444494 0.00178507689096022 0.00170805845240302 0.00161012807695138 0.00149888338028108 0.00148192691384669 0.00147096202358167
