Partial ROC data/Trimeresurus trigonocephalus.asc
NCOLS 267 
NROWS 470 
XLLCORNER 376490.070567719 
YLLCORNER 380111.488324056 
CELLSIZE 919 
NODATA_value -9999 
[rows 240 to 259 of 470, columns 0 to 44 of 267]
-9999 -9999 -9999 -9999 -9999 -9999 -9999 -9999 -9999 -9999 -9999 -9999 -9999 -9999 -9999 0.00135039672188496 0.00133162318564022 1.46176541846606e-08 -9999 1.5321994452654e-08 0.00119755322394246 0.000542363117597735 0.000564023604866361 0.000583219850969097 0.000589147144354818 0.000579037575594072 0.000521849359710871 0.000478796610373289 0.000479401519280591 0.000483392539264147 0.000495397994580566 0.000510757795365008 0.000976206925486933 0.00102084374228376 0.00139870899636034 0.000559323386453991 0.00103634164576079 0.00111509818890233 0.00127061653558711 0.000793175726383003 0.00148225976365575 0.0014426280412324 0.00140852086316237 0.00137539926586112 0.00139203031352787
-9999 -9999 -9999 -9999 -9999 -9999 -9999 -9999 -9999 -9999 -9999 -9999 -9999 -9999 -9999 -9999 0.00123098328483035 1.35956335094313e-08 -9999 -9999 0.00119413706267134 0.000564937651004516 0.000582048790233481 0.000596057039629992 0.000611786259687541 0.000619711953068695 0.000573150843928174 0.00048452132637134 0.000471790284823407 0.0004814081079678 0.00050725603960546 0.000970868829067147 0.000964508577482752 0.000981053843348734 0.0010057206421023 0.000998461966672021 0.00101937211586583 0.000650052841530381 0.000736004709798611 0.000752662997270317 0.000756973605047422 0.00136545226041077 0.00137707392949778 0.00133624044717058 0.0012907311519803
-9999 -9999 -9999 -9999 -9999 -9999 -9999 -9999 -9999 -9999 -9999 -9999 -9999 -9999 -9999 -9999 0.00116652710340466 1.2491494961564e-08 -9999 1.55420860317026e-08 0.00120804559756258 0.000566063156585243 0.000590856063350728 0.000615945473913552 0.00112364319953073 0.00112381399275112 0.00107519063833486 0.00098413747478481 0.000909075998684615 0.000920728016047321 0.000520102525370572 0.000934235349902269 0.000944966074493837 0.00054151672714261 0.00108560021889654 0.00116751275167222 0.00117633358519358 0.00119584465608997 0.00125012008227347 0.00129943664900714 0.00136014446368395 0.00136025611221605 0.00124815018571457 0.00114758468811138 0.00173889680353201
-9999 -9999 -9999 -9999 -9999 -9999 -9999 -9999 -9999 -9999 -9999 -9999 -9999 -9999 -9999 -9999 0.00115425090033796 0.00112072017371138 -9999 1.58914909680137e-08 1.45242812715699e-08 0.000583493117772815 0.000602693099818838 0.000626631458994561 0.00158908356600312 0.00163315990842301 0.00119500100560833 0.0011224259383805 0.000987101778496592 0.000917106657977334 0.000906905752761975 0.000926863686680778 0.00093796981359805 0.000967889495062262 0.00111166709084955 0.00129092526770868 0.00128654236501818 0.0011440579253318 0.00064601134572762 0.00139607909122509 0.00129489613612809 0.00132013319480169 0.00128457755568101 0.00116729553388173 0.000650776167386572
-9999 -9999 -9999 -9999 -9999 -9999 -9999 -9999 -9999 -9999 -9999 -9999 -9999 -9999 -9999 -9999 0.00116910462655046 -9999 -9999 -9999 0.00133447900646242 0.000645694770097682 0.000643268368499619 0.00062789274752636 0.000627186261297821 0.00113434120327835 0.000621370776316204 0.000587004459740913 0.000533984785083972 0.000536748343162835 0.0010297927662656 0.00101753414042359 0.00131970060817058 0.00103845643255945 0.000672493816876291 0.00184798152396056 0.001308787967536 0.0012245888300208 0.000665309453006612 0.00121375145690593 0.00125015818941244 0.00132339053435636 0.00132006412948845 0.00124668923418977 0.000671423575199389
-9999 -9999 -9999 -9999 -9999 -9999 -9999 -9999 -9999 -9999 -9999 -9999 -9999 -9999 -9999 -9999 0.00117126806678011 -9999 -9999 -9999 1.57255735157874e-08 0.00074472238575764 0.000700460069873372 0.00116813958314388 0.00115092631331075 0.000621690445054663 0.000581927815771696 0.000552052257923627 0.000566859932884241 0.00107553669938062 0.0011777747136391 0.00117865260435736 0.00154326831711958 0.0012600923827158 0.000769316317050911 0.00137489300747435 0.00131261200729142 0.00123354460110513 0.00123801162040959 0.00123868991610639 0.00124373377105941 0.000708788194217049 0.000704983582749918 0.000679589977771833 0.00168927671718131
-9999 -9999 -9999 -9999 -9999 -9999 -9999 -9999 -9999 -9999 -9999 -9999 -9999 -9999 -9999 -9999 0.00112109519870231 -9999 -9999 -9999 1.54499709991048e-08 0.000742756599741276 0.000723725293180077 0.000672901029710058 0.000651443940479477 0.00120369763387034 0.00122475305975281 0.00115341598054936 0.00105784978460218 0.00113591114594271 0.00124781246983996 0.00128634518460927 0.00134797347443262 0.00146500115532963 0.00212755038961245 0.00205571753984038 0.000696898378187594 0.00118637693273764 0.00132939259128568 0.00146232124376915 0.00141495490537454 0.00131841537917215 0.00130834601892121 0.000753865292557136 0.0014373390459444
-9999 -9999 -9999 -9999 -9999 -9999 -9999 -9999 -9999 -9999 -9999 -9999 -9999 -9999 -9999 -9999 -9999 -9999 -9999 -9999 1.45509646689597e-08 0.000747703895076136 0.000744095923835925 0.000721368285047094 0.00126351810281304 0.00187115372399871 0.000749550460398306 0.000753704349329632 0.00151140188001109 0.00124091596391961 0.00116264225459369 0.00119034041791582 0.00122574204426474 0.00123040323045227 0.0012567921061773 0.00128305279648854 0.0011922866622398 0.00121122083508276 0.00139080676546219 0.00155679435256506 0.001550654244851 0.000830892253799853 0.000821811461527284 0.00152146895962542 0.00152795331159834
-9999 -9999 -9999 -9999 -9999 -9999 -9999 -9999 -9999 -9999 -9999 -9999 -9999 -9999 -9999 -9999 -9999 -9999 -9999 -9999 2.09971714856916e-08 0.000987387067243914 0.000884800127809538 0.00145416032193533 0.00190357508281464 0.0019180572718422 0.00136167546336757 0.00132586493840604 0.000684295500920698 0.00118126376338205 0.00115077450078021 0.00116662545965786 0.00122520653568112 0.0012452001319197 0.00120114251495395 0.00119205626089056 0.0016502012813697 0.000695767734132123 0.000804433040713764 0.00158408703648234 0.00156904405219742 0.00146601922610414 0.00147319911065772 0.00210673411462952 0.00216291328698454
-9999 -9999 -9999 -9999 -9999 -9999 -9999 -9999 -9999 -9999 -9999 -9999 -9999 -9999 -9999 -9999 -9999 0.00202497280878726 0.00199331716465213 0.00203862196971654 0.00109923847875711 0.0018117314271573 0.00174257686508265 0.00206610276365068 0.00141084683396988 0.00200957221411591 0.00208235353562166 0.00203251410629445 0.00125628553695104 0.00116221080401452 0.00116840848945592 0.00119007871617101 0.00124204332138763 0.00124977030320039 0.00124528167803874 0.00122548565958948 0.00120851740577524 0.00132056743089669 0.00090116554008969 0.00188034534183014 0.00180941658588172 0.00159110447084733 0.00150906476958968 0.0015136272739512 0.00222133332989263
-9999 -9999 -9999 -9999 -9999 -9999 -9999 -9999 -9999 -9999 -9999 -9999 -9999 -9999 -9999 -9999 -9999 0.00187257282952611 0.00154345192475239 0.00181628790350687 0.00107053793019899 0.00185694540592366 0.00179109770188934 0.00206472159989711 0.00144546801129254 0.00209041629307521 0.00219186722570948 0.00225381204043299 0.00150940234614312 0.00136872505253278 0.00140813397947949 0.00137702153721042 0.00131454062930205 0.00126850585109507 0.00120960592673258 0.00119980854689201 0.00121979752194438 0.00139841062812774 0.000892054568593091 0.00179969652471247 0.00193109381609818 0.00172025073466614 0.001486348292771 0.00154414447100438 0.00233972890903801
-9999 -9999 -9999 -9999 -9999 -9999 -9999 -9999 -9999 -9999 -9999 -9999 -9999 -9999 -9999 -9999 -9999 0.00194565392992534 0.00121328138806165 1.33408510923016e-08 0.00067241345930869 0.00177569436522007 0.00182562904536365 0.00188595525606801 0.00145896518521655 0.0014682294470299 0.00146821643561271 0.00152030827993949 0.00152313246108344 0.00201904389614156 0.00142866841347933 0.00141291156170839 0.00139032888186766 0.00132982994674017 0.00172649528005808 0.0012843393227379 0.00144057764372578 0.000839695982977373 0.000848920490444244 0.000910562928285973 0.00164893878266411 0.00149372981589101 0.00148279483750111 0.00090819372526564 0.00167930019348047
-9999 -9999 -9999 -9999 -9999 -9999 -9999 -9999 -9999 -9999 -9999 -9999 -9999 -9999 -9999 -9999 -9999 -9999 0.00152783475403767 0.0012054890864155 0.000668275731772933 0.00124161111675878 0.00126613661767865 0.00149889655967089 0.00179038907149302 0.00181235285428816 0.00183570175392836 0.00174766216058995 0.00142134766696068 0.00120161322146121 0.00130897090313397 0.00140438983827605 0.00136084679238895 0.00137693347380956 0.0015066222131528 0.0015617207341819 0.000879062257241444 0.00155213348705833 0.000815109971298489 0.00167297083714336 0.00159141519235327 0.00153465180836117 0.00149806210670146 0.000916514114256668 0.0017387347131169
-9999 -9999 -9999 -9999 -9999 -9999 -9999 -9999 -9999 -9999 -9999 -9999 -9999 -9999 -9999 -9999 -9999 -9999 0.00126088008545808 0.000664285922974369 0.000686428628826992 0.00130812800572376 0.00128724072557932 0.00126517283830977 0.00130236926509772 0.00117663804093635 0.0010686482428182 0.00104825812928129 0.000587604387977428 0.0012084470538245 0.00128630479223002 0.00123382326811069 0.0012744114294229 0.00139111715472251 0.00150587081489558 0.00148183636185391 0.00147723484280103 0.00144343094106019 0.001339612474177 0.00151541132305403 0.00140712330845978 0.00140173448793488 0.00144922413609988 0.00165354873993719 0.00165861508065976
-9999 -9999 -9999 -9999 -9999 -9999 -9999 -9999 -9999 -9999 -9999 -9999 -9999 -9999 -9999 -9999 -9999 -9999 0.00118139083893257 0.000662906092941447 0.000738155335528498 0.0014808721691254 0.00145147193734226 0.00133156057613167 0.00116356816994685 0.0010202697304732 0.0011775309588297 0.0013208606884284 0.00129314346283697 0.00128247234287859 0.00176531435805185 0.0012729944978137 0.0012725632644863 0.0013355830566957 0.00198991007488914 0.00075465857945716 0.00125532331487227 0.00128525264020154 0.00131700736181098 0.000726485228845082 0.000712298913233848 0.00071120135130814 0.000764765831774553 0.00156779721962281 0.000862491698530841
-9999 -9999 -9999 -9999 -9999 -9999 -9999 -9999 -9999 -9999 -9999 -9999 -9999 -9999 -9999 -9999 -9999 -9999 0.000650151548148179 0.000647437739550092 0.000733988452724961 0.00154354508482871 0.00157541476169582 0.00151875908345659 0.00150282129820165 0.00150428174163619 0.00148549305846362 0.00137415180069245 0.00115368075592589 0.00160277104479039 0.00135458595120432 0.0014910519908338 0.00162370765180809 0.00144619514557746 0.0014536155260492 0.00141861576321051 0.00131478969679142 0.00129882626722536 0.00135945159358499 0.0013953336764827 0.000754555677878305 0.000764637120183751 0.000826775873293783 0.000867207109739787 0.000860980455111396
-9999 -9999 -9999 -9999 -9999 -9999 -9999 -9999 -9999 -9999 -9999 -9999 -9999 -9999 -9999 -9999 -9999 -9999 0.000659004309988662 0.000650895222269966 0.0013256941784019 0.00214024734050208 0.00159267999958301 0.0015715695918945 0.00213320036583913 0.00220682618600506 0.00147744909181605 0.00115358694691449 0.00146491625668474 0.00162086096044266 0.00191173793221528 0.00205535467963004 0.00158661736685108 0.00158849048686243 0.00143658864686661 0.00132994464827744 0.00132250920013909 0.00137788467799563 0.00137958206314169 0.00140047404180471 0.000822529533863604 0.000856868707500843 0.000910472365246704 0.00163567307718109 0.00151705487581766
-9999 -9999 -9999 -9999 -9999 -9999 -9999 -9999 -9999 -9999 -9999 -9999 -9999 -9999 -9999 -9999 -9999 -9999 1.43666318553911e-08 0.000763847604168109 0.00149199126165836 0.000892933140612644 0.00230442580034211 0.00158476581707487 0.00215606083597984 0.00224551047267342 0.00208170438129325 0.00165059336901429 0.00152133554803662 0.00185399289923823 0.00216998241831631 0.000828420576414084 0.00153026753000239 0.00163916947034698 0.00160051895097611 0.00155933854291636 0.00150679606368346 0.00144251122293422 0.00147820018642905 0.0015358053225713 0.00162233546563752 0.00238092199823359 0.00254131864944307 0.00221841941211397 0.00158010119736392
-9999 -9999 -9999 -9999 -9999 -9999 -9999 -9999 -9999 -9999 -9999 -9999 -9999 -9999 -9999 -9999 -9999 -9999 1.39916998026298e-08 0.000819698664944407 0.00099093634150445 0.00180936679627647 0.00230299857965575 0.0022384538785252 0.00158131872343905 0.00217598307200641 0.00160925488052562 0.00154078659439077 0.00201046492209542 0.00150236535953298 0.0015840237469598 0.000888420899354382 0.00158452233339856 0.0016003663491157 0.00133983132835885 0.00156083301903375 0.00151294454120768 0.00152329727515279 0.00154565825446666 0.00157546097993771 0.001680437334744 0.00175147664450917 0.00189651597114437 0.00245126470848723 0.00176581129870136
-9999 -9999 -9999 -9999 -9999 -9999 -9999 -9999 -9999 -9999 -9999 -9999 -9999 -9999 -9999 -9999 -9999 -9999 -9999 1.67586295962461e-08 0.00105500103523857 0.00189202950383846 0.00167944514735196 0.00141061680043801 0.0015892470273646 0.00217696553458988 0.00159054908871387 0.00154450484935853 0.00156379113493322 0.00152523631737186 0.00137381734894664 0.000793313616247861 0.000822097332610777 0.00133535106406753 0.00072318936240359 0.000669053736346284 0.000850027665497133 0.000865550210309245 0.000904054317425689 0.000899906007117154 0.000930055269505891 0.00183893012504835 0.00191726876403277 0.0020354959884496 0.000962347334068832
