wc0.5/PCA/Component-6.asc
NCOLS 267 
NROWS 470 
XLLCORNER 79.65 
YLLCORNER 5.91666666666689 
CELLSIZE 0.00833333333332575 
NODATA_value -9999 
[rows 378 to 398 of 470, columns 47 to 93 of 267]
-70.6537125756484 -87.5593895258029 -85.7675983319382 -71.7086881692173 -72.1884148280871 -69.2986615541415 -65.1814549857348 -66.4595828351135 -65.0676756125746 -63.836843761874 -65.1864057326307 -69.9715354664302 -64.0118224120705 -68.8290862479101 -65.0500113415319 -64.3426755719262 -63.8116513752637 -68.0001732780285 -77.4656213945877 -96.462653993684 -102.651674181651 -97.2049549282201 -106.289716424378 -106.058855868138 -98.8428078269842 -89.5655553077666 -110.551349273446 -110.629004949704 -87.4059345537359 -100.348815790141 -59.2972627391687 -87.4105055278751 -103.440807889841 -94.3530841012025 -84.03060291527 -89.3543508598862 -55.5858100283208 -50.4363325706159 -46.1915635118772 -81.6477063360705 -70.5059434413578 -45.4864949002042 -43.5538447641677 -42.5927918969337 -41.5606219949768 -42.0242277121105 -73.8907235248789
-71.9134209381705 -81.7957933265054 -93.5271467554265 -71.6282098009455 -68.9933661441606 -69.3416945980028 -66.4513007826765 -64.3578507953189 -66.1431923347656 -67.8686270481462 -82.7770216548341 -64.6644100212703 -62.4352344984695 -63.6379789011986 -66.921150670594 -64.6710883869638 -63.6176500220028 -95.5382642747208 -74.9452566717672 -87.1342259583608 -81.996219691374 -89.7443070314401 -82.2369272488608 -98.7416163821944 -98.3670879939384 -95.5123431827552 -107.381363701517 -106.991872359222 -87.2806865079046 -98.7133711708526 -84.9659743565493 -75.5242293080368 -99.8897711948059 -92.9138698194703 -84.0734464977397 -78.036358924154 -63.9841123329863 -75.2326560245788 -74.8845967048196 -45.1401878492261 -44.4153027015414 -60.5349945602975 -68.0931454434297 -39.354787146741 -37.8733704014975 -35.8732884237145 -32.2908447582763
-71.1175111829357 -77.2768304283677 -73.2260443376915 -70.0809701410504 -71.1793117807757 -68.9460403610933 -66.0994700992375 -63.6912207524352 -63.447430891645 -65.8940888549749 -66.5969069793961 -78.7705260394844 -61.4540842973073 -62.5020099176963 -62.9631432405139 -62.069598306957 -64.8675549257588 -60.0153795499528 -88.2306508440368 -74.6352522622142 -91.335189167405 -92.2950330307291 -96.9759508079232 -99.0618626989982 -97.3774425793043 -103.250727508614 -90.1539499240227 -102.278950959442 -94.286477923877 -73.6706397077089 -97.7576243841923 -54.2057580592932 -91.7813724092391 -97.2520134845621 -81.7507684072076 -78.3836287034078 -49.7237642051386 -73.9090956580923 -72.8998712578193 -70.5862264502618 -40.5377283073738 -79.0648145816667 -42.8207436738466 -46.7483915905832 -33.7442277235328 -31.4038796265124 -55.3726916764354
-69.547217027372 -70.0959418306696 -74.0497498967086 -67.6387840960419 -72.0858289934597 -67.2223145476995 -67.5183549867267 -63.9593542506741 -63.2988908081635 -63.0289545296908 -72.7860147960197 -76.5159713903898 -65.9071769111395 -60.0499095505408 -64.3738149350799 -65.6042114886095 -61.2887045037685 -61.8939325034817 -114.696088112093 -59.0722381665131 -98.5613082462085 -93.4807152301818 -84.7799885906282 -98.4215059065479 -86.1172748066571 -90.9463136862417 -98.4457500643786 -98.7816225911095 -92.9318826374548 -68.5404683946946 -54.9240662618069 -79.3156016492443 -94.5751203658442 -92.6911230948918 -91.6264077340253 -81.2353250529701 -46.8875477547655 -78.0132526830745 -42.0649463496154 -38.6537094246267 -68.8098035295273 -38.1023568573879 -79.8736099190822 -68.2101158896447 -68.1137258977468 -61.1578194221 -29.9369923864428
-69.002244012088 -71.4550358431422 -70.5787459795664 -69.0839595606253 -70.0076259763639 -67.0732813857865 -67.313250128074 -67.4407313904368 -62.8086162969424 -63.6319888091336 -74.3136421564018 -62.7098672267186 -59.4823341214586 -63.9404043959595 -62.1810129106254 -63.9250535452876 -62.7910273692148 -60.0030175598911 -62.948244713086 -55.8930436431671 -54.0769265578241 -55.0887796535054 -55.3596114796177 -57.9145394276277 -62.8917013440444 -70.4403877754813 -82.2131475031539 -88.3524487828831 -86.6422025080457 -76.6794474231209 -53.4577773035526 -54.6298992595371 -50.5527134617012 -81.8587396531591 -81.482202831742 -83.1090799716666 -53.8590141162277 -44.0563460140613 -69.2788610488817 -44.9771406540164 -63.5116049993506 -61.9212267545287 -61.7084669098125 -44.4157126925368 -40.3358663808294 -38.5289442637077 -27.4503663236839
-73.1291345264846 -69.8194028883358 -71.5262489122841 -69.4096364969685 -70.5193174377254 -66.2088543542108 -67.6293056725349 -69.7436653375921 -65.3920908628403 -65.7717198523978 -69.1885087851612 -61.9990289766558 -62.160686166596 -60.9471014130414 -59.0374960076135 -66.2304520591058 -57.7198203633619 -58.3053010786256 -59.9874510527901 -58.2266204580089 -55.6017735714299 -53.5646675388864 -72.2918270872414 -82.0525150362708 -80.7471084371145 -68.1698002610985 -64.6559769663724 -89.4327121053416 -90.3663402449583 -86.5923662389378 -67.5119142647974 -51.8457438817785 -79.568990256347 -64.7039962036114 -83.8776437413752 -84.5577024182241 -75.7492230704914 -47.3415182338522 -40.1558484015972 -46.0207617843072 -62.783193223268 -56.0743248667766 -55.0787268377694 -47.7111195790631 -34.1051431456827 -46.3313414982497 -35.2748534872143
-70.0012783823622 -71.4341188748729 -69.9868892618059 -71.2456828830806 -67.3990315853582 -67.2088394821336 -69.0896811622099 -65.5954062866039 -67.3241115851098 -65.3542535141586 -62.2698715396053 -66.7480775985398 -61.1500087972763 -60.7237013397294 -58.6163252065071 -56.122759359159 -70.8796926227751 -64.312934023974 -57.4380037635075 -56.763603073296 -57.4828511261411 -53.4452549270045 -51.1544946400163 -65.1751984225218 -64.3918235515618 -56.9233643011843 -66.0973160276125 -81.0074644194153 -84.2144781931332 -86.4040423270383 -83.8508752996857 -63.5986916509898 -73.5331581316131 -58.526646461134 -77.645326648875 -39.5730368050367 -76.470288244931 -57.90061443018 -63.9750170459468 -35.4448282067162 -59.3906267186852 -35.5524488554341 -27.0041404703966 -34.7123705734098 -61.4627327248025 -42.6946900964272 -46.6575844314204
-72.7776631159709 -69.4475207446972 -72.2825180731496 -71.6832709817386 -71.1941780719631 -67.6803820562984 -67.1714592036329 -68.1276597233018 -68.1900016938408 -63.9176354077025 -63.9023085353297 -79.8222876563005 -63.0613740019867 -58.5284784742675 -57.9874363266207 -55.6953846541279 -57.0770198099095 -58.0131293568133 -53.3104405157234 -54.8405078780137 -56.0836599747807 -53.343238968347 -52.723430487693 -80.0054032057497 -69.4190727634778 -77.1301360692557 -77.6729896769168 -57.2939268666894 -52.4945014294428 -82.0283175573866 -79.2164905227322 -81.529625747742 -62.3486568316445 -45.7129437582057 -64.6498071591737 -75.9934184140835 -27.6545792554293 -70.7619046538954 -57.1319549263567 -61.4974431220048 -46.9431528240109 -44.8802161558062 -44.2088964032265 -53.680590754349 -27.4921374225228 -31.7787501889495 -41.3858912310994
-73.0555490828609 -73.9059260666569 -77.1571339353447 -69.7393890427029 -69.7420560112806 -70.7992588842982 -67.6094483518535 -78.6879015750098 -67.7902166024409 -68.9431015756442 -66.2105605047009 -72.6695920472732 -60.8792283850783 -62.9117905114705 -65.9877483423988 -71.2875893027679 -57.7317585033161 -54.8907945616638 -58.5194501073919 -51.5238382874228 -51.4409243156373 -54.7810182002138 -51.1566443471049 -48.9325198542578 -86.1658942554596 -63.9711070766031 -69.5675537509027 -66.0083610088523 -86.2950134516732 -50.7702530178616 -61.580507220196 -62.7896240674348 -63.7101624242064 -44.2638407995103 -70.2085026554903 -65.3991142057685 -69.4556791054479 -61.4494307307193 -66.1439120925405 -49.2632974014366 -42.4711368810479 -50.3366021393259 -42.7065294015341 -31.9732340524016 -19.608957560252 -18.4042924926456 -16.2580637015261
-74.5556979101271 -72.0715180615107 -71.1526620892546 -68.9218070583414 -71.9819234422752 -86.5619319386323 -69.3172465585326 -71.3593908575178 -75.325763049782 -68.1530982270743 -77.5516462393029 -62.824430087128 -70.5727944060785 -62.8649907753653 -60.4888375902724 -85.4561628934272 -59.5838994251182 -52.7938603187838 -78.7403485534456 -50.4223193922588 -51.4088967195125 -80.4979166730674 -51.8406532546222 -50.1556320514808 -67.4410295101841 -75.2394853299101 -68.4101389122565 -72.2245793712491 -56.5536502798388 -64.7548909916335 -58.9922376143593 -67.5129755404786 -66.0400656907323 -58.6804773472174 -49.0860548557557 -65.6384236286686 -58.1219632173914 -55.3402889804887 -57.9577615111957 -60.0971724146643 -42.1035605366104 -55.0248682415671 -41.3596343101715 -32.7304116397743 -22.2106025352833 -20.583562262142 -13.6731902396328
-75.8825439864039 -73.2043750799097 -72.2402052279351 -79.16197017488 -76.1905309392375 -69.0549547953673 -93.6512498964819 -77.0028314607789 -82.9334959685465 -78.6591106316509 -82.0969429056699 -60.2721519220291 -59.8104101838979 -75.4920868371265 -60.879165842081 -83.0982951442751 -56.4504669936198 -59.6084725875809 -63.6945041049118 -51.6592715433362 -48.4890258730058 -47.7575885714846 -48.0300418798976 -47.6785137347703 -48.4439766976174 -77.7938726355638 -68.7463053813303 -64.1921837336444 -65.8930448480229 -56.1535975160665 -59.1803149626176 -58.6890891479735 -64.1076984710804 -63.3761437815359 -66.2932806905457 -53.4107685611836 -40.0698658911199 -60.5020093577891 -29.7694878634002 -53.5223269943388 -52.7404307025637 -30.0109873871209 -27.0099040383446 -33.2586006648745 -21.5054814157147 -16.8523485293496 -34.5398174910931
-71.3637847040707 -70.5839971979864 -71.836739438809 -87.8497577623536 -90.1784554393323 -67.9494586500582 -89.5735693366065 -87.1533667824419 -81.0833374099922 -76.0302319837991 -60.7928891019638 -57.5322246468955 -56.6561855955473 -59.0144968699714 -56.5296498427738 -55.1753843135295 -58.4328347216078 -54.4270947840698 -72.0517312319499 -70.5108755846299 -46.6900724183734 -46.7746765300397 -73.7572149764825 -44.9156928223837 -73.5778483406958 -58.5125941930156 -65.470554684668 -63.3794574731811 -65.1822227185407 -61.6337682794957 -49.9494094039353 -64.0347602616237 -64.5858756928573 -56.3784431976989 -58.3449841065442 -60.1225649168107 -37.8797185392432 -52.147616007008 -56.5973242569731 -51.6136675547625 -50.6629490400337 -52.8119930602805 -22.6328848822479 -21.0369582555701 -21.9022570734148 -17.9481154590448 -12.7478992237594
-67.9606569330412 -84.0649315373741 -86.4076730289954 -81.4663304309556 -88.4478700523925 -89.4786990892521 -76.1864953213076 -98.7433141742491 -78.7753379125444 -63.699006182 -86.40579468725 -71.5351118296361 -59.5100594439267 -59.6967197153612 -56.2509900561369 -56.5670854676495 -63.273276591106 -65.0606540329806 -71.8289840351981 -62.635614326269 -45.4842516896188 -46.3149537495481 -46.6244647857036 -72.9291118668353 -42.6583631719732 -46.2711948557648 -64.3918143468051 -61.8745702805459 -61.9548722721274 -61.3939988867869 -48.2628300677673 -54.6735309866912 -61.0215398641701 -55.5461784643586 -49.363422549773 -57.1983870112497 -46.8221272859244 -40.37791014854 -35.3786177117036 -43.0778767803774 -48.9940056059839 -47.7196177348042 -45.6950791568121 -33.3327436001335 -16.9571788228115 -26.4812220177856 -29.9909417766234
-74.2739080501031 -77.1509909016709 -83.4058196700646 -79.9730869644049 -82.1734117292629 -76.2450534908261 -83.8312709168163 -78.8532018754777 -82.3536386100411 -78.653367764771 -85.0964637159982 -62.8137054532456 -62.9723998188567 -56.7914791934508 -58.2147199792973 -72.1082061553284 -52.8071974531876 -71.4505814487429 -58.3832690796394 -61.0545616797024 -60.1088566501208 -46.1364805267739 -44.8423983239599 -46.3142847847263 -69.100623523525 -47.2023610555617 -48.14030534642 -53.4930883813491 -42.0476187828763 -57.1988636219671 -54.740649884814 -49.1709103172288 -55.1123425577671 -54.3823485464821 -53.1717842416679 -51.5577810700963 -44.7678047566051 -42.2412664376566 -42.7563954334377 -43.0619766470097 -44.105363955603 -45.168404644373 -41.5260991128056 -39.6024184568311 -34.362566108453 -10.3335145421616 -14.1383944487471
-72.7695204599392 -74.4057884212964 -81.4469673280385 -80.752387374036 -76.6785107479373 -75.5858440135075 -85.8149653836734 -65.1395180492108 -69.7782072696001 -78.819080301733 -68.9995981457031 -66.0815186531596 -65.3792692620637 -54.0756665715148 -59.7143623370531 -54.0500109139202 -58.4571984650399 -61.7429302586363 -56.2550416841693 -58.6141531125097 -56.2067344368504 -46.5191108519178 -44.9487721962871 -44.1207015185142 -40.034369485518 -65.0191970226149 -38.1753016899691 -78.80475679686 -50.7163595660104 -45.9596244940676 -58.4462293875983 -52.6869388949605 -55.0467776778693 -51.9678224876314 -49.8689671979457 -46.5316745962953 -46.0332691027487 -43.1715240583748 -37.786778188228 -42.2900714673274 -38.0079861285694 -38.7809165539511 -36.9891395618844 -37.6839949537226 -32.1872303000014 -32.66963397035 -6.64743739912304
-71.1887333666416 -72.4659641602445 -77.4361632993359 -80.5922350247672 -88.3015347126945 -75.2285382651767 -81.9171092062316 -67.0122519744575 -69.828958896242 -68.076640087999 -63.4516886393191 -60.0443089839761 -59.0768107153093 -57.0187358320984 -52.9333847704672 -54.9943930801944 -84.8878049851057 -49.8522905240656 -58.2779946311927 -60.5267471385918 -52.1510389587331 -50.4851887861938 -70.1856503154277 -42.4072291410025 -43.5095514788593 -62.5322230036894 -36.1768545865577 -43.900044280346 -48.1649775400939 -50.1070683216469 -52.2829950704896 -51.3770783814135 -45.8542862470667 -50.7756235409368 -46.7166215047802 -42.5436960005175 -37.861013093909 -37.515998897756 -35.0825744938535 -38.2068209988218 -34.8860616391378 -35.4914244953624 -32.9638162271117 -27.6243051779049 -32.3945784313194 -27.1078080495505 -29.143949816122
-72.7383801426631 -75.2959437526877 -76.5028791014727 -80.5192887636797 -80.6660310307357 -87.0167199056708 -71.266810408998 -72.1129100360718 -67.6625674000939 -66.8238055538018 -67.2413805344035 -60.6016161207507 -61.0016451007178 -53.905956893448 -52.7414620492525 -56.9509942688483 -58.8856863967252 -51.1417960837472 -56.1315649248033 -58.0875017636348 -46.8793069166834 -46.0453357137632 -41.8887750651779 -40.6337709222362 -38.2126244849501 -42.1980039728784 -35.9386949258081 -31.9089377154584 -35.2872995704993 -43.4575421966369 -43.0998415358548 -47.4377722029034 -43.970009828849 -44.2799035551097 -42.712395759463 -42.5156256370474 -31.738348613528 -34.8753953538715 -33.568576866096 -30.884934760288 -32.7227712621358 -31.3587594025331 -26.4470669390924 -24.7582385722905 -22.7014524632356 -26.2001884976726 -25.4947439412449
-70.7275658903845 -79.0906651880984 -76.9863829881241 -77.728034141122 -74.8649240311277 -77.7292136474193 -65.6052158508825 -75.1339427213553 -65.2350802169727 -69.9069934154116 -65.3933360902193 -57.6466655914682 -58.6580677109252 -57.8447887237582 -55.1034954054957 -55.1594180504593 -60.4463486492431 -56.4182750445897 -56.2729780072888 -57.5129365151022 -44.0211659989416 -43.705599371956 -46.3013684762045 -39.9988562238573 -63.9676246207789 -37.1704046228239 -36.9339482732592 -33.5491726365764 -43.6065385412311 -34.3284257748688 -34.534324265108 -43.2268848846772 -39.2722023110501 -40.1090017998638 -38.2882193370901 -41.2025368687531 -29.1255650594685 -28.9080407070507 -29.6384917213276 -27.4159195654665 -29.7212138096835 -27.933994802289 -22.8932739481991 -21.3726653107021 -21.6076285125159 -19.5212521084646 -15.8769835035919
-72.1641992254198 -72.1243944741998 -75.5675986118553 -82.2704712976312 -78.568430170188 -68.3476411908374 -68.0290159691869 -64.3752633884574 -65.9161127143637 -66.6037868160149 -58.7857582246253 -58.7745851254698 -54.8691660828136 -54.7739770672088 -58.6639180976312 -49.5302168648394 -49.9281573170604 -52.0553977061723 -61.999376234281 -53.1788531700308 -46.3339362799809 -40.9714061405451 -43.9525605016665 -48.1130285172055 -40.3245142700621 -37.7882766658174 -33.6840347740246 -32.769798156993 -33.8657532435594 -39.76483550857 -36.5461174158194 -37.4497252447934 -36.9062034844563 -35.4895381521894 -31.7784195455119 -29.9425288190654 -30.7322801583532 -26.1589366174428 -21.3044396428973 -27.3501461751459 -20.609037570529 -22.7382512403678 -19.6905911566036 -18.2806637071317 -14.8160289537249 -15.699583646875 -14.7690952463136
-72.6575325557193 -73.073431065813 -70.3091550488197 -71.617498284046 -73.8505950028992 -73.4440491622732 -66.7066876777404 -64.3354461589116 -61.1373341134593 -63.7816544441923 -60.5008428104394 -60.3818121958189 -57.5087995974619 -55.6003878260929 -56.5789045443602 -50.4933533736002 -49.0750602215903 -50.3920723344489 -47.2744088795994 -49.9543022650529 -45.6541859816001 -41.1433417588427 -38.0535240274309 -34.9719170955127 -34.8355058419676 -34.8018050946859 -36.8607475942941 -32.7292835254578 -32.0060862797511 -38.304277104018 -39.4827481583733 -29.0502532877579 -40.0895661572592 -34.3045182125173 -34.7112205014107 -27.1934386613037 -30.979451449225 -28.2678443316424 -20.715903804589 -19.4148223980599 -16.8676566944376 -14.2486233286109 -14.0422623699236 -11.9260835502347 -16.8973891473293 -14.7851875739736 -9.0937899266879
-72.8258698393331 -68.6344939466402 -72.5855984554144 -69.7884743234108 -69.5015808764424 -68.7981339119171 -66.9921504590638 -63.987100713012 -60.9801005627465 -59.9395335760713 -59.7663151984575 -63.2745138417821 -61.0827094241627 -55.8829005910061 -58.7658154985425 -55.1522375275266 -46.862205438311 -58.1745687566151 -52.5557307162308 -50.4443719624598 -48.47848384976 -39.3363516834629 -37.665009435361 -35.4683818115959 -34.160585561628 -34.486175410911 -33.0143712163804 -33.8685555794013 -31.0998682293058 -29.4392248133619 -37.8485080180006 -39.1992552442523 -31.2423395392003 -33.3937160569838 -31.7156947932235 -27.7091056280343 -28.067905624674 -26.6371752949351 -24.9614575305603 -17.0999728450053 -15.1769728142381 -14.3263196629442 -11.9927978441223 -12.7902301582632 -9.38659922630288 -12.1165277007574 -10.3375376310315
