wc0.5/PCA/Component-16.asc
NCOLS 267 
NROWS 470 
XLLCORNER 79.65 
YLLCORNER 5.91666666666689 
CELLSIZE 0.00833333333332575 
NODATA_value -9999 
[rows 294 to 314 of 470, columns 188 to 234 of 267]
-15.2310007087963 -15.0971421903196 -14.5832866718404 -15.2055439548886 -15.174330110817 -15.4539420421051 -15.2416877953807 -14.9049991614886 -15.9939291356967 -15.9536864343214 -16.1347170272677 -15.5008748945553 -16.3577286997256 -15.4089589836154 -16.4047931069879 -16.1378573360287 -16.8533316120137 -15.9255724988711 -16.5227647763198 -16.3810396098621 -16.1674464086872 -16.173804419684 -16.1091994841359 -16.1897275873263 -16.3121442841879 -16.4295526612859 -17.1283055212215 -16.30276716523 -16.3876825089345 -18.0056380914764 -18.1114779892528 -18.114958579449 -19.1262823095897 -17.808073343028 -17.5695966476865 -17.246001056194 -16.6481779168506 -16.713174259918 -17.2242169760048 -16.3346357802755 -16.9501463931232 -17.2632786305242 -16.414735096296 -16.6525728876924 -16.5761092975809 -16.3570652005705 -17.3327087817075
-15.2656407265303 -14.8964150355931 -15.1961509335832 -15.9694460838126 -15.0505217862755 -15.701855992926 -15.481713782692 -15.6584332070138 -15.4386995809204 -15.4312632637031 -14.9978774026416 -15.3808535119489 -16.3425003658311 -16.3049275501286 -15.7478968984282 -17.056289434737 -17.0631339126159 -16.7946685714806 -16.2390673709197 -16.8547920127641 -16.3972069261779 -16.7862882274473 -16.9055339170208 -16.3777404126143 -16.1390288567504 -16.1410061989935 -16.3504690448619 -16.947828156287 -17.1531778725195 -16.6802974361957 -17.2317278853441 -16.9597557365043 -18.6018756612013 -18.4053746506588 -17.439759832243 -16.7739390863446 -17.4228730116002 -16.819660772377 -16.9195691894484 -17.2921889096317 -16.9412053803975 -17.3104776382946 -17.1312754130571 -17.8995740690948 -16.7780170936408 -16.3986000176631 -17.3311125718016
-15.6517851046936 -15.6876950021868 -16.113125737929 -15.1335624783059 -16.0644567913756 -15.6213712615445 -15.6061169316246 -14.9412723604309 -15.6415983233157 -15.5032894287317 -15.575983380317 -15.7437092487673 -16.150736554338 -15.8599509932368 -16.3829774714482 -16.9004429977413 -17.610813824445 -16.9037396202443 -17.0675996674585 -16.1617515235416 -16.0135590729111 -16.7654426251575 -16.2728276036125 -15.9892883444895 -16.1384880407308 -16.6734686395347 -16.1429192552595 -16.4002990679372 -16.3347099789152 -16.7227704438211 -18.0013126017297 -17.7003301061171 -17.3698644389306 -16.6079346501634 -16.6954253940828 -16.2889873017686 -16.3432111455871 -16.6921272731806 -16.7354877517047 -17.5811520038023 -16.8114523588284 -17.0256696696002 -16.5679736212377 -16.8836231565106 -17.0462958038775 -16.3561349491023 -16.5261649081923
-15.0477075122267 -15.2904484456285 -15.3714700508047 -15.5500355929073 -15.0071792260727 -15.19839788994 -16.068168997705 -15.5870360154404 -15.9824430976062 -15.2910943140381 -15.6577835113218 -15.6702298877526 -15.8133554120521 -16.443187886298 -16.6022807695848 -16.5182188798224 -17.4066993922424 -17.4902703469074 -16.3502168770783 -16.2402385088675 -16.4175506980238 -16.4437200492375 -16.6954866182174 -16.9796077635232 -16.0299961463725 -16.4418071312342 -16.7796786817129 -16.1858564550186 -16.3345557288876 -16.8633165370772 -17.8890768704205 -17.4500977039254 -17.8441094316647 -16.729813013296 -17.1091091076317 -18.1369077351014 -16.9858787647494 -18.1383858528218 -16.9265812327218 -17.6127436513492 -17.6180288824316 -16.7011282776415 -17.3772664193666 -16.6586503823692 -16.606960063178 -16.8108610218073 -16.3559541890235
-15.4321058395441 -15.9488661193038 -15.5736080064677 -15.5531267868643 -15.9215496793621 -15.7155379935308 -15.7507470263169 -15.4826768553606 -16.0083328429669 -15.3950736708034 -15.1034548950874 -15.3193293922787 -15.6469376578699 -15.8220987681115 -15.5558019504695 -16.0091946503964 -16.976621547384 -17.7514938858386 -16.5624463131225 -16.9250536958368 -16.4784100558753 -16.0434152866018 -15.8669793961723 -16.7172900488661 -16.0965628432041 -16.6133036759465 -16.722206105466 -16.9792306385102 -16.015699845365 -16.8792716927148 -17.9015333241494 -18.4445952721343 -18.5721879902442 -18.2763968252493 -17.6813070562949 -17.5751962959927 -17.8699464474551 -17.9620944211904 -17.575856383424 -17.6268707391258 -16.8724078581618 -16.6583849264773 -16.6753331760102 -16.9932461491423 -17.1111637593518 -16.6052768936223 -16.2381831891839
-15.2986513930294 -15.4432929644052 -15.9347528115315 -15.3104389753817 -15.3429019835427 -15.5617331150753 -15.1553273178948 -15.9106092266027 -15.90025606109 -15.6360937235299 -15.5856504840581 -15.3201209220982 -15.3972228134856 -16.3872069080415 -16.1266367107617 -16.8812279084152 -17.5197071386765 -17.6748627584761 -16.189487142902 -16.3694771302851 -15.9469564989906 -16.0808614773276 -15.8466893847262 -15.7062302654266 -16.759462719994 -16.4035544293073 -16.4401195517242 -16.2073847762274 -16.0771983843825 -16.9545089983811 -16.2683473214151 -16.6634350846228 -16.1581181456963 -16.8825714978879 -17.2643384012329 -17.5004957428032 -17.4445205621252 -18.452316964343 -18.3456397338031 -17.8144244803061 -16.6280065822434 -17.2506340314724 -16.9831576943383 -16.8787005842864 -16.5623426137895 -17.0265050190685 -16.6262295251088
-14.472464711806 -15.8007565430385 -15.292577387552 -15.461851865773 -15.2855383472411 -16.0893652316012 -15.6830897946083 -15.4944586913742 -15.3941569044709 -15.8242691779655 -15.7151010347508 -16.0145980454952 -15.2565432140172 -16.2212192311846 -16.0560035087249 -16.4776940229078 -17.4718626839013 -16.5985534473539 -16.3760209696179 -16.5051803217459 -16.3163438712222 -15.9828400923949 -16.1373713559618 -16.5643430300178 -16.038925872372 -16.4878973138106 -16.4938346213354 -16.7216504716192 -17.0027829516623 -16.1336671799377 -16.3423855040644 -15.9327917126867 -16.1350616555507 -16.2792154293045 -17.6096716273421 -16.8926501073278 -17.1112730952823 -17.6069487816891 -17.9930055148812 -18.7808590109475 -18.1996506069041 -16.7542147837191 -16.982459351612 -17.1190171122623 -17.4304740570014 -17.2030870658114 -16.4999804052668
-14.4729530698094 -15.2968466397664 -15.6069296398329 -16.0645959221178 -17.2696839134269 -16.7774599607629 -16.2753696683007 -16.0652949486292 -16.0660109247605 -16.0972722314038 -15.6444299391131 -15.0499620501675 -15.918805290849 -15.4460042749088 -16.2693068056431 -16.4312023832653 -16.4918228684725 -15.4284736056865 -16.3002998374724 -16.7021189401549 -16.4602062275358 -16.6227880164431 -16.4226141456463 -16.7461405487734 -16.700140904079 -16.5619486981774 -16.8177816035657 -17.1508573063124 -15.9801503149583 -16.0847298700016 -16.1024010425514 -17.1977207174714 -17.200950024682 -16.4681338767058 -17.2280927473873 -17.095243082819 -16.3900941360207 -17.0059435800758 -18.3574300044955 -18.2320297960245 -17.4939759658162 -16.737301291353 -17.3967507306322 -16.6741373325578 -17.2602633378326 -16.8824166636414 -17.0957359701542
-16.1862523799492 -15.2062032651399 -15.4040697198357 -15.7418493827797 -16.1309650292301 -18.2174789062569 -17.6575579050837 -15.9498069650177 -15.2790949969178 -15.6261299129571 -16.5348164075727 -15.5740001022613 -15.4641589894973 -15.6454839364854 -15.3039919360453 -16.6130398178712 -16.5287678236936 -16.2545868393857 -16.58732538416 -16.8087777827061 -15.9618451491247 -16.0468098593013 -16.6094681070092 -16.5232048763829 -17.3015216451863 -16.1996565529424 -16.0868976824719 -16.5867532874757 -16.264548484909 -16.7823174988667 -17.1756168773886 -16.3394033494579 -17.3577155443604 -16.1248941686777 -16.8031620470729 -16.8800232108151 -16.745845311973 -16.5216409633515 -17.4101757005771 -17.0772383447688 -16.9622391061131 -17.49489488928 -17.2842970949595 -16.706830008954 -17.1382434322125 -17.4302986680582 -17.5965841757288
-15.5455596484889 -16.0332193514689 -15.6049448844131 -15.5986057510119 -16.5888698009584 -17.9273014372238 -17.6362947388039 -15.5644883959417 -15.7678063492688 -15.5903767922059 -16.0258691260989 -15.7480565308668 -15.5258915214619 -15.8610519652463 -16.502834873807 -16.7873308597678 -16.9151527730536 -17.1273525846557 -16.3650099803041 -16.3746148897418 -16.4580125366266 -16.2504892106455 -16.1475029156052 -16.9614844520752 -18.0223564084133 -16.9916240661742 -16.6306000736554 -16.6207742916214 -15.9739552171222 -16.6919166126908 -17.3960757390293 -16.4894867683873 -16.1737002920931 -15.8782168843617 -16.7765633534847 -17.0010481952901 -16.5493165373898 -17.4298997306682 -17.4645995921136 -16.8282704423779 -17.0154045196898 -16.0006308391757 -16.956680164666 -17.2918833066726 -16.6782060124829 -17.3222239152033 -16.8450383774111
-15.546326806045 -15.4885858887458 -16.0483521488843 -15.3859323066877 -16.1932561205223 -16.6754053640412 -17.7723041089651 -16.2248513379737 -15.9377786878348 -15.4986548441382 -15.9748789247176 -16.5107155707788 -15.7157188653974 -15.9095225120019 -15.871791446894 -15.8941343343649 -17.0680480505107 -17.8030230845596 -17.3753809497872 -16.372797386773 -16.4126062932599 -16.4069064426705 -16.4354979319137 -17.750812919479 -18.0793836812654 -16.4242918249715 -16.0388205268845 -16.5081023970941 -16.7963743933516 -16.1755662816736 -16.6804217613079 -16.133434441746 -16.3968350914753 -16.5527338530125 -16.1933661705247 -17.2538479105453 -17.1371035964137 -17.3705152488934 -17.3643254365722 -16.8402246805682 -16.8424897091033 -16.8036564070498 -16.726768915603 -17.2270883949627 -16.7418797842169 -17.0730377014035 -17.2015169898397
-15.1585437484935 -16.0317200934804 -15.5803949719546 -15.9986091718678 -16.9228668019034 -16.3491254689092 -17.6062841631865 -15.7023076134216 -15.8727767246187 -15.1084422515719 -15.444449268065 -16.2364510608443 -17.5568111878947 -15.5015502579809 -16.0055210239587 -16.8705116785402 -16.7305350249577 -17.4952839378183 -17.2489748686796 -16.9693747751587 -16.5850269844129 -16.3541404979805 -16.523581295273 -16.6119931679903 -17.9944880508904 -18.2124807463057 -16.5882698138527 -16.6114504881333 -16.739088722674 -16.6794632003222 -17.3904641079774 -17.3962953213717 -16.1002800855105 -16.4035112562793 -17.0492116021308 -17.1927830042863 -16.7028343393496 -17.0716728638123 -16.3728799798743 -16.1320537531159 -16.6161796622006 -16.6297401140329 -16.662965237056 -17.0888383453204 -16.6826560346423 -17.1016235277062 -16.8403718386717
-15.9764663184953 -15.9881636421274 -16.0221132897986 -16.5515402515104 -17.4709968865854 -16.8429156322917 -16.0787645186728 -15.7917013731751 -15.6091549117995 -15.8054540295633 -16.968319193323 -17.2802922130344 -17.313964646948 -16.0444329791022 -15.8346539668624 -16.1098460275158 -16.1234848302683 -16.9523822954225 -16.7911456600302 -16.2875752199961 -16.7225893621577 -18.0155052297818 -18.6041164694369 -18.0895441220415 -17.2268696568172 -17.2819991871991 -16.1213784763174 -16.4977440877295 -16.308210983629 -15.9794329125983 -16.853378018064 -16.4969700638669 -18.1390542692427 -16.1856326814815 -16.3284225451717 -16.7527937297089 -16.8418281644502 -17.1408304389224 -17.1798850912539 -17.2792098320935 -16.2087961482119 -16.1352822128822 -17.0627582449046 -16.878052554069 -16.2774113726298 -17.0052828870366 -17.1040805084389
-15.0419843524364 -14.8703825179693 -15.9613691382944 -16.4022597412366 -16.7776313943922 -16.064654256327 -16.201374329674 -16.548757022963 -15.8166821285684 -15.0662064176051 -17.2166368979419 -16.7009659555946 -17.1322736078495 -17.2809740544589 -15.8381813150821 -16.6168868143887 -16.6901956847073 -16.7239730345707 -17.4689047857376 -16.2412793808661 -17.2861863048002 -18.0735484756713 -18.0818099654881 -18.4436670063241 -17.5508529684783 -16.7201873752679 -16.9390051375937 -16.9236335328367 -16.0567815058549 -16.5369580741629 -16.6951204138616 -17.2597532470533 -17.8241851452564 -17.435365440768 -16.424938677859 -16.5714015925728 -16.6385423013359 -17.1367840397193 -17.4280423201354 -16.9311172555172 -16.5600426667609 -16.6356748073538 -16.8031837634243 -16.962315436468 -16.7002299891153 -16.9195111497618 -16.8653431305393
-15.9389460903006 -16.1462791364726 -15.6937725319946 -16.9369300532451 -15.7404463687689 -15.3382454246877 -16.1177397637501 -16.7903079794358 -15.8212393349861 -16.3760556496852 -16.7346213546043 -17.2819661774379 -18.0665814902892 -17.0619443175162 -16.1739421184389 -16.1842647444105 -16.3158175868022 -16.6622283954637 -17.0828020214374 -15.9533074833156 -17.1079954288208 -18.8554656321592 -18.3605398067325 -18.2464692908329 -17.0162010203125 -16.4556141577644 -16.1441393409838 -16.9020691704955 -15.7875529223286 -16.293134188199 -17.1831545322174 -16.4435928542953 -17.4132174326152 -17.3291191858874 -16.7991326932848 -16.763145482268 -17.3243509167571 -17.135771311916 -17.5127319114849 -17.1403690406699 -16.5596739097514 -16.8457118584308 -16.8989649769226 -17.4188211670533 -16.7587679415597 -17.049357342283 -16.7695058681257
-15.8667263953282 -16.0451910872336 -16.0447088832561 -15.9321607155513 -15.6604095181917 -15.9950121589358 -16.7420774717674 -16.636692448258 -15.678022913404 -16.9795512657764 -16.1086987770897 -17.3739067112265 -18.0958735200447 -16.4858864395193 -16.2780598301658 -16.5229465151143 -16.2320011527307 -16.8340451589935 -16.6810438998239 -17.7924636496871 -17.3406866074337 -17.382154243925 -18.6136982111953 -16.856907819608 -16.6795168629152 -16.2423424557101 -16.1052682268424 -15.7225854676023 -16.1228538671922 -16.0038261062304 -16.2171198738143 -17.790800826794 -17.0046636166448 -16.7855796132384 -16.7702706481443 -16.4706198241081 -16.4238157834254 -17.2710816165645 -17.2247946929856 -17.0973035007206 -16.5580955088278 -16.6543517186805 -16.7231027509105 -16.8669107680266 -16.4534107330611 -16.2629179608891 -16.8437154311974
-16.1231918329066 -15.86550202871 -15.9071248351948 -15.6450846541483 -15.2709142607509 -16.4904932848268 -16.5405205715915 -15.9629159123381 -16.3911597385106 -16.3705575387905 -16.2899075670894 -16.5385686355289 -16.3711788414278 -16.0739756144035 -15.9391628274721 -16.4836553474365 -16.294726755173 -17.6321308174883 -16.7319401292507 -17.5676882073692 -17.1849607749238 -18.3540317976222 -17.426503677938 -17.0717756538177 -16.8061900426516 -16.2469200405746 -16.1538325738003 -16.372852560403 -17.077052035069 -16.6575474230529 -16.5204422043402 -17.1349965949127 -16.829265776574 -16.1134808045361 -16.0288838563916 -16.5849467253936 -16.6867353223363 -17.3348191639198 -16.184334742559 -17.5066639746331 -16.9992584431164 -16.3946221538281 -16.8891237238 -15.9311293189612 -17.1259151488408 -17.3424461836116 -16.8843428322366
-15.7361436528792 -15.611640811438 -15.2508420082376 -15.9136999472885 -16.4099332944305 -16.4907890970272 -16.0993822652516 -15.5480007355781 -15.6326547184269 -16.2693123140662 -16.5963804916896 -17.1207436906701 -16.4854751499469 -16.0771455917818 -16.0641853055084 -16.187162889525 -16.3514570970442 -16.257460183851 -16.409397725853 -17.7710237885569 -18.4781740627554 -18.3808708632574 -18.0627537207168 -17.2628017760216 -16.4132664188653 -16.530325286193 -16.8228420523878 -16.2539857549836 -16.2786721953099 -16.1249802339859 -15.8723905936932 -18.0523649961347 -17.2780383520482 -16.7815879722578 -16.5397259657376 -16.3949063648515 -16.6722241356488 -16.6865545622576 -17.1447896138609 -16.8908895136636 -16.2606825073991 -16.2553694244826 -16.8888531679027 -16.8358466969014 -16.0198674631146 -16.2984953439305 -16.2495160042783
-15.1368744461133 -15.179220853234 -15.4785092149072 -16.0666386098259 -15.6798146535081 -16.086476096824 -16.4539664675782 -15.837812837153 -16.4931141130897 -16.3636685274879 -16.3786791994604 -16.8508481723722 -16.6290981690516 -16.8885149299876 -16.1211108243302 -15.692929289503 -16.448760987283 -16.5521854625763 -16.4320672438167 -18.1126219021957 -17.6682618418145 -17.901337785862 -18.1316516527287 -18.5284141862801 -16.2159233879688 -16.2627328640301 -16.2470979846063 -16.7418517180985 -16.2904549521912 -16.2654985694071 -15.9235533474497 -17.4637704255037 -16.7615866597233 -16.5009170735442 -17.0153514382181 -16.5922903063405 -16.0063389177804 -16.4707463477339 -17.1444562567049 -16.7005958543813 -16.7475066017106 -16.2545064966801 -16.8026707921078 -16.0692232909559 -16.1540223287907 -16.7961466486519 -16.671220250938
-15.2438685794459 -15.6302916108577 -15.4930993737576 -15.7333449510337 -16.5326077651183 -16.1156115583775 -16.3561680992238 -16.507763317863 -15.9351339303167 -16.427063951619 -15.8559329010517 -16.4660801703131 -16.3671978758916 -16.6173309004284 -16.4406943767731 -16.2814962276941 -15.823228211172 -16.3189711286031 -16.5914515096119 -16.9143824925654 -17.2340848486118 -17.9612039572955 -17.6348090164172 -18.304099465076 -16.8586461662065 -15.9755003490738 -16.1837568524072 -16.1729033392043 -16.5120773575892 -16.6735161180574 -16.5218057728302 -16.5913864693475 -16.4899924916366 -16.1909601827117 -15.9824128140408 -17.1068806353339 -16.5023876438421 -16.4840165346693 -16.4695949063361 -16.8100242095563 -17.3584335253695 -16.3754044038773 -16.1372647110232 -16.2489833338236 -16.6556531470401 -16.424100701199 -16.3625563842764
-16.6199008224291 -16.595527404746 -15.8226344422033 -15.6651780578579 -16.9322230027717 -17.0149367169581 -16.3275320893436 -16.5500149062288 -15.6624138074389 -16.3212906850819 -16.1025698258652 -16.0358109338749 -16.1588516569175 -17.0934720526034 -16.7183845875738 -16.1960047090091 -15.7627737155752 -16.6870437071239 -15.9058319623805 -17.2127565673001 -16.8956497179586 -17.2711324769826 -16.8174941418697 -18.8616273851544 -16.5017087825981 -16.2560508375565 -16.0322401445541 -16.678872197726 -15.906455843344 -15.9068325157933 -16.316440791112 -17.3714229051871 -16.4027423573179 -16.6676459182286 -15.9186363481649 -15.9822397806681 -16.0058974953469 -16.3202885905074 -17.1780567576672 -17.3499540986288 -16.627550682369 -17.0404170385309 -17.0938810879976 -16.4574775295592 -16.1645288452636 -16.7049104975529 -16.6579272834889
