wc0.5/PCA/Component-7.asc
NCOLS 267 
NROWS 470 
XLLCORNER 79.65 
YLLCORNER 5.91666666666689 
CELLSIZE 0.00833333333332575 
NODATA_value -9999 
[rows 231 to 251 of 470, columns 0 to 48 of 267]
-9999 -9999 -9999 -9999 -9999 -9999 -9999 -9999 -9999 -9999 -9999 -9999 -9999 52.3877755648281 53.4767825520807 53.4321124252842 53.5552014318663 53.264386034825 53.758571029509 54.0579831101385 -9999 53.8235340534194 54.0361234126022 54.1323518080106 54.2451464746819 54.7735796844062 54.6179920500041 54.519339379311 55.0317161624957 54.5518602356999 54.7944053595841 54.4804768041731 54.9222889550771 55.4836814159362 55.5818598659903 55.6359149116043 55.5223781957169 56.1358520063512 56.3461012529028 56.7680811839778 55.9496605847992 54.9963209567696 54.6377950391413 54.6330730689508 54.1125657329065 53.242353118875 53.1262503498333 53.5991867123733 52.7066797605889
-9999 -9999 -9999 -9999 -9999 -9999 -9999 -9999 -9999 -9999 -9999 -9999 -9999 52.4704847362682 52.4706073961961 52.4107254867507 53.2095048358348 53.2332681458967 53.5391899514525 54.230800863467 54.0746753952424 53.9454790818725 54.1494313532701 54.4121311747897 54.2683280759714 54.678344631437 54.2046773735042 54.4117545216716 54.4046175951557 55.1189415954773 55.1837470689687 55.0197745644411 55.3093860954496 55.4269933481453 55.6953510670809 55.8272914679936 56.7660977947085 56.370479998159 56.2442353136535 54.8320967163472 55.1863947514488 54.793905358616 54.1052121306017 53.6030884679134 52.9175538398187 52.9135365816761 53.3072082930209 52.7916588575105 51.6790421492958
-9999 -9999 -9999 -9999 -9999 -9999 -9999 -9999 -9999 -9999 -9999 -9999 -9999 52.007998208275 52.2733331059904 52.3502422584935 53.4263083937344 53.325926998892 53.2692380693107 53.8767324838428 53.7823493532076 53.0463859357107 53.7403005369447 54.1570484051909 54.1898334535304 54.3502474138093 54.2561769477071 54.5804544633971 54.0516116998054 54.4562937135211 55.1645063143879 54.7219006653947 54.8313757762033 55.2256827466464 55.405084549395 54.7999563187318 56.2284013143952 55.5725116628893 54.8426065229937 55.0067584351849 54.2131034955726 54.1998226096965 53.2765705247252 53.1602994177582 52.5279438963311 52.7259914369697 51.8669718053287 51.6377130929651 51.3469297634849
-9999 -9999 -9999 -9999 -9999 -9999 -9999 -9999 -9999 -9999 -9999 -9999 -9999 52.8717105859754 52.3283644113622 52.2809149313978 52.5620008993489 52.7548366984867 53.3643122321786 53.4909576664026 53.4242228835562 53.4238872405908 53.4611715343188 53.3292580334181 53.9986699699727 54.4085162886795 53.9950746306951 54.4774473901147 54.7949512283312 54.3648875889513 54.3515876338009 55.320010722911 54.6651037880263 55.1684397566911 54.901221479578 55.0025649033643 55.1990590246583 54.611116466723 54.3346548160332 54.3285147866043 53.9658112777004 53.2234654985362 52.5382973035414 51.6989524989833 51.8467416338582 51.3047418651028 50.6824696561095 50.6869487051831 50.6887369100061
-9999 -9999 -9999 -9999 -9999 -9999 -9999 -9999 -9999 -9999 -9999 -9999 -9999 -9999 53.1584195268922 52.6512502056244 52.6871344430142 52.6871344430142 52.7686082787022 53.805017269942 53.4043865183254 53.2043051792395 53.7294195747678 53.7329217712797 54.0694108841486 53.62682769993 53.3588524136791 53.450402451391 54.5931946232469 54.4561514771152 54.4527515379963 55.3915743289993 54.8945752446305 54.3106656838983 54.5411989157642 53.9957680527569 53.7565309593543 53.475210472469 53.8235890624619 53.3098988425545 53.1715993736708 52.5865846606867 52.4078364058922 51.6364478640572 51.3115284668985 50.8157341981816 50.1539397927544 50.4529341856695 49.8540284918176
-9999 -9999 -9999 -9999 -9999 -9999 -9999 -9999 -9999 -9999 -9999 -9999 -9999 -9999 52.4964103663807 52.6188599492063 52.9193619758263 52.843634037435 52.8556597147554 53.0996527262451 53.4285475378799 53.2216319849588 53.5484227668977 54.4817385082243 54.2587995095929 53.8647475076344 54.0479576786622 54.5358365835119 54.1152964541157 54.4135777415515 54.7537133206841 54.0261653680021 54.4817316650748 53.6229225302099 53.729599393082 53.3608312261795 53.573861165177 53.1898506753277 53.1295423234166 51.6480401410412 52.2501654814345 51.2398594364592 51.2342275368708 50.2083974001659 50.0699496530551 49.6659533242505 49.7080016229059 49.5456358197847 49.0736750703915
-9999 -9999 -9999 -9999 -9999 -9999 -9999 -9999 -9999 -9999 -9999 -9999 -9999 -9999 52.3332480625834 52.5504021221558 52.3552826305612 52.8692235226407 52.9806705984927 52.9127325020278 53.096342177694 53.6144973575864 53.507948799086 53.3225021908569 53.9620072439698 53.3004218825061 54.0558874517402 54.2376278332535 54.4704109966142 53.6680431019474 53.5256866279568 53.8713520862505 53.1822979000622 52.8588817322489 52.9042658826382 52.7700726839255 52.1946511442081 52.1628569745636 51.5908047612341 52.149248307699 50.8267246664132 50.4694474042501 50.9024826522446 49.8752492627374 49.3307966501777 49.2359767118596 48.5645187665404 48.3285065855276 48.2586051218795
-9999 -9999 -9999 -9999 -9999 -9999 -9999 -9999 -9999 -9999 -9999 -9999 -9999 -9999 -9999 52.1597089483299 52.1314730851327 52.4377848279696 52.7437909258654 52.7934578160458 52.9366877573909 53.0952537458204 53.946842226836 53.5885131875166 53.9513132202075 53.7692903853191 53.7271831630325 54.1401405742988 54.2100223679636 53.4300523881078 52.9732381473805 52.6955964721813 52.7409052735449 52.5238933061702 51.8837588347129 51.4951342766513 51.2506682262889 50.4717866928457 51.1922087374725 50.6144215813853 50.3805081101409 49.8696010530865 49.7480343045649 49.6069273458715 48.8671985115527 48.6325554995914 48.2911405576867 47.3495644334057 47.3230811261427
-9999 -9999 -9999 -9999 -9999 -9999 -9999 -9999 -9999 -9999 -9999 -9999 -9999 -9999 -9999 52.5286473284812 52.1320164202783 52.1738193681615 52.5357842845894 52.5188325356739 52.3465309204488 53.2763208017603 53.4432820008188 53.9475259239358 53.4565263862414 53.5145157456771 53.5132796583098 53.441609203334 52.5558477591707 52.8480184337623 52.3580398002896 52.2244144391039 51.9018401701208 51.3641608384046 51.7725449436683 50.9315643898518 50.2862805000533 50.2006387435988 50.7131183007394 49.5335152366358 49.6409133745503 48.7873800587659 48.9322516649338 48.0506604734599 48.1219785347694 46.998395794074 47.4991559074344 46.9387574376442 45.7860994897672
-9999 -9999 -9999 -9999 -9999 -9999 -9999 -9999 -9999 -9999 -9999 -9999 -9999 -9999 -9999 52.1427847792126 52.7090526864047 52.6095836418742 52.448194670356 52.5698943789533 53.0514819621971 53.1765216621319 53.1218131995053 53.8236130509929 53.5262836953146 53.1043817971126 53.0412848935746 52.4076153415371 52.3490192808207 51.8838454030807 51.5014441658879 51.0637947891994 50.5194723643997 50.9653435763305 49.6730064404542 49.9925031393424 50.1051333454405 49.3864138829481 49.0206018304745 48.8164141843694 49.351360442785 48.2302572487947 48.0490922800922 47.6775997260759 46.7328693257192 47.0961837968245 45.6843460489379 46.0165541781411 45.9694483811858
-9999 -9999 -9999 -9999 -9999 -9999 -9999 -9999 -9999 -9999 -9999 -9999 -9999 -9999 -9999 -9999 51.9182883015004 52.498856315937 52.8099958259259 52.4962562502792 52.655022830353 52.9334173818517 53.6980908024059 52.6551111816873 52.7462721272561 52.7112661965608 52.4779415130708 52.1284873382988 51.1261686155516 51.0140926142755 50.690021606329 50.6550229613497 49.9464267185137 49.8107469224167 49.53990233417 49.0280787231286 48.651789232286 48.7582992791175 48.6187907445472 47.9838422021784 48.0824535635678 47.3694222498171 46.3254153768678 46.9226859013502 46.3665872186209 45.1866930096408 45.0068816905577 45.8202551200165 45.0514399124125
-9999 -9999 -9999 -9999 -9999 -9999 -9999 -9999 -9999 -9999 -9999 -9999 -9999 -9999 -9999 -9999 52.4398562070399 51.9230315348417 52.3191272922624 52.4112760606856 52.671385427909 53.0269487067097 52.919378223199 52.6458373950756 51.8054216878318 52.2069827133196 51.1981411109215 50.7024583912724 50.9272439503828 50.4293759410129 50.0732929795004 49.9983790715516 49.4061157252325 49.0532267014321 48.6577169971809 48.7582848177566 47.7222784209251 48.0977991477159 47.7838589778979 47.8159384409051 46.9152641900783 46.5849753495778 45.9841413416528 44.8804829790654 45.5135833982776 45.1253603518492 45.2597464428152 44.4865879356092 43.9479779016074
-9999 -9999 -9999 -9999 -9999 -9999 -9999 -9999 -9999 -9999 -9999 -9999 -9999 -9999 -9999 -9999 52.2701642288321 51.9886599884569 52.6658073482054 52.1305216804056 52.6664212596155 52.4764607587962 52.6851079834549 52.0576157297567 51.3359534911885 51.022433855882 51.2592221340889 50.8073498024284 49.7708295703369 49.3775502962782 49.0206893688924 48.6700788076572 48.1137847124895 46.7762194906142 46.2700298771746 46.9060272171615 46.6964602572082 46.2102274822603 46.5733908140635 46.9618821534709 46.2801652133629 45.6486791253358 45.3976146321961 44.9040072255592 44.2430558165953 44.2869573912528 44.0275535939235 43.5015513194027 43.3540582092223
-9999 -9999 -9999 -9999 -9999 -9999 -9999 -9999 -9999 -9999 -9999 -9999 -9999 -9999 -9999 -9999 52.015416478554 51.9094400990063 52.620668517672 52.6585294996285 52.0659096265313 51.9570457996497 51.3306273403899 51.3970987526929 50.8730447739146 50.2320026187311 50.0349739519207 49.8602442259184 49.3111875011968 48.8829089594737 47.7942410091193 47.2032561082676 45.8137741757998 45.1150428572508 44.7537239430678 45.0427870673535 45.2848037087789 44.7266098159414 44.4010255402473 44.6479188074416 45.7895949275285 45.0674274271306 44.5194026741556 44.1667851483867 44.4152782010581 43.8660209438723 42.7987728492764 43.4429633395891 42.4437842132392
-9999 -9999 -9999 -9999 -9999 -9999 -9999 -9999 -9999 -9999 -9999 -9999 -9999 -9999 -9999 -9999 52.1114974080806 51.9630124309176 52.4435388884041 51.8255524921502 51.4837488655934 51.2613529638831 50.8536214407008 50.558771202111 49.9834702580454 49.4676914795469 49.4427755007186 48.7877660745869 48.3955436125032 46.4251391444862 46.5003021389392 45.0299171382798 44.5741272452706 43.6399440919364 43.3945065203826 43.2524413101269 43.2020453766232 43.0453480800986 43.8407940219451 44.2783121298212 43.4987712510043 44.7488269323448 44.2565746898466 43.8365853501075 42.8037628379219 42.4707431910913 42.367352879124 42.2349319947813 41.578965060537
-9999 -9999 -9999 -9999 -9999 -9999 -9999 -9999 -9999 -9999 -9999 -9999 -9999 -9999 -9999 -9999 51.7834344800626 51.8343160715182 51.293283087377 51.4334766229669 50.8858656688453 50.5945876047818 50.2707634280655 49.8056970831107 49.3486986250733 49.3989460236834 48.2236131227114 47.1548929273054 46.4755668564569 45.8094586864858 43.5324942824106 43.7703913794001 42.2940230571724 42.5595132686536 42.1105123022667 42.1066315462158 41.5896849836253 41.6979847159009 42.3101288325277 42.9485323900166 43.0699221477005 43.1017281406393 43.3030173282193 42.8324513125753 42.1786356909766 42.4323614453622 41.9390511513503 41.8058786885418 41.6816432579523
-9999 -9999 -9999 -9999 -9999 -9999 -9999 -9999 -9999 -9999 -9999 -9999 -9999 -9999 -9999 -9999 -9999 51.1620918679814 50.9586933064439 50.4598291211955 49.8776251833855 50.2221450732597 49.5777545404856 49.7273703310626 48.3820273508916 48.0778261908642 47.1609833690505 46.0267003954484 45.0798645473596 44.5474884859254 43.1575780895746 41.3551412437416 40.6213408120254 40.0793884357353 39.8565310460649 40.3112238494889 39.8078978937145 40.5043696445916 40.9408199402747 41.6174395587725 41.3357843075343 42.4030297982273 42.429001353137 42.0384686882629 41.8460706412429 41.4720523523304 41.2367730881001 45.0633605936797 40.7076506349015
-9999 -9999 -9999 -9999 -9999 -9999 -9999 -9999 -9999 -9999 -9999 -9999 -9999 -9999 -9999 -9999 -9999 50.8190598739707 50.3293265603537 50.2073341117551 49.213155078477 49.4362387047462 48.8110199468187 48.1459150653547 47.5868607024924 47.7377681007416 45.8391700123364 45.6698024608932 44.6014112924664 43.1091168936481 41.4919161191624 40.2251000430628 39.5682575997154 38.3598093510472 38.1812447786251 38.6603887750579 39.1249978679499 39.5772336215562 40.0810874580993 40.7019055333978 40.7631396945679 40.676367796308 40.5490202527353 41.5363544974312 41.1684380940481 41.0998494443137 40.6231022276064 39.9659241791636 44.1941511934331
-9999 -9999 -9999 -9999 -9999 -9999 -9999 -9999 -9999 -9999 -9999 -9999 -9999 -9999 -9999 -9999 -9999 50.1923250911641 49.9776000760103 49.9786493162934 49.2287050249537 48.5198466228952 47.9505110231028 47.446861115279 47.2197049632538 45.9156578778515 44.9372787035362 43.7921399168096 42.4778798354213 40.863407909656 40.3548671157393 39.4834183473656 39.2017904392155 38.3255426185273 37.7080021289984 38.1449830155795 37.6257014007132 38.7833597514982 39.5788809788462 40.0100290385968 39.6707743103701 40.219937154113 40.2760879046208 40.162308658088 40.7053521148229 40.6645414770459 44.224862048616 39.6560947534527 39.4528399115666
-9999 -9999 -9999 -9999 -9999 -9999 -9999 -9999 -9999 -9999 -9999 -9999 -9999 -9999 -9999 -9999 -9999 49.6715623058564 49.3528015047633 49.1335643466183 48.6179750016961 47.7037656680443 47.8431478132879 47.1093357155317 46.5067666503587 44.9577602479883 44.1020804259132 43.2023265352418 42.0679021147871 40.7111010810621 40.8974600850381 39.708478634357 38.4528477045341 37.9499300440932 38.0919711132071 37.7095180351928 37.7150758341187 38.5643613715453 39.4297462122919 38.4672029667257 38.167071166622 39.0832319703131 39.4258988136097 39.2105512834277 40.2862602372154 43.9008162594105 39.7370267255442 39.3174855125538 43.0167575972009
-9999 -9999 -9999 -9999 -9999 -9999 -9999 -9999 -9999 -9999 -9999 -9999 -9999 -9999 -9999 -9999 -9999 48.9070777433978 48.7042663678682 48.2964535706899 47.5761172504489 47.5520466100067 46.5316253352544 46.1246466362821 45.8904893444037 44.7499309415667 43.6802488166486 42.5633158092916 41.2339850240124 41.2130197454311 40.2111318260183 38.7757874057105 37.9810500484749 37.8808018233732 37.7124104828623 38.0654215675912 38.5440670522508 38.5899977537702 37.5752458340562 38.0143755903957 38.1213460086852 37.9689677557216 38.1879954373543 38.7990286358099 39.7565924216678 39.3611817867575 38.914707145417 38.4286555970547 38.8692299134584
