wc0.5/PCA/Component-4.asc
NCOLS 267 
NROWS 470 
XLLCORNER 79.65 
YLLCORNER 5.91666666666689 
CELLSIZE 0.00833333333332575 
NODATA_value -9999 
[rows 336 to 356 of 470, columns 141 to 187 of 267]
-413.766080978658 -431.016042486928 -462.083148186547 -514.783248290472 -609.198440807674 -681.586984169627 -757.754519436769 -728.592520727992 -702.222455153533 -662.52250251633 -619.113227933971 -676.030874598432 -734.147264455526 -752.315602418308 -662.85567989033 -670.195058355873 -630.528895639889 -723.137312130225 -722.838085545821 -726.749642413666 -784.040758356968 -812.246428236757 -819.944090625549 -804.734246203058 -778.455686960643 -755.550582814284 -737.327814481515 -642.015782963385 -691.551007730608 -721.60222292569 -757.737628796336 -797.546680869611 -791.286371914531 -830.027558373818 -843.913971043937 -802.924675343014 -719.308986624131 -749.711135155254 -855.298731819772 -861.962607649762 -838.496286232722 -825.625858662355 -858.911633123889 -889.633201620956 -852.773727250159 -858.312690317721 -854.739560090211
-400.750807809243 -425.97237731549 -494.303616580854 -559.268187291324 -634.282365975852 -706.703462829515 -728.718343632988 -739.488195981426 -742.14070310339 -669.223214253144 -682.138914824993 -681.068320525147 -727.523506921212 -728.213439690613 -676.752321796582 -625.265143668216 -608.045355761279 -710.748029270591 -721.322465664282 -757.10109584738 -757.691332712205 -776.744758846383 -771.629515620481 -792.681713344445 -764.623141130741 -746.525020865552 -706.364578050417 -730.186930892595 -718.266723756893 -752.821070119497 -817.17665346035 -803.110197478677 -820.819149302015 -842.440885641347 -864.117553796326 -861.637202560487 -760.884670945686 -711.026044973699 -814.003385936699 -853.754172977933 -809.011417157608 -806.887060571439 -843.083177813149 -852.507441449617 -857.159289973017 -865.605951084797 -864.22006146484
-407.589219814545 -509.322848988971 -528.711683999164 -606.861661599294 -631.759637567003 -674.857311115218 -716.213549952303 -729.508864097818 -698.926887320926 -672.213064720233 -718.216856929413 -764.230374103593 -732.219001383696 -692.204743050477 -693.675335396754 -686.074913580899 -696.273407058323 -644.156441910672 -735.499292903878 -766.076298409026 -721.45602041664 -764.13303029354 -751.658328545974 -776.733582094438 -756.63162923853 -766.972085538994 -750.086368171405 -756.282498675917 -759.392275403427 -782.228969962547 -802.136380428198 -842.422391209757 -830.032129028358 -825.838452084605 -849.260947766213 -843.06171469577 -775.71611515477 -746.550762610573 -811.075773206266 -871.532055436185 -819.225979288376 -807.55611694094 -875.912035665125 -869.157853941522 -848.006656473771 -850.046239419088 -848.356567556455
-399.397393418118 -404.696747882603 -464.589853197581 -548.694768689045 -648.856364031372 -687.589677079969 -721.168862557444 -715.420085190228 -676.680252092916 -728.652461979689 -755.7398879178 -790.310464586663 -722.033318730258 -694.415130204574 -683.749252486515 -694.737399627927 -694.629737993412 -667.7994570874 -675.321624919388 -695.42780520389 -705.343866348701 -747.459122892361 -763.268962237707 -801.451792247994 -774.139603825309 -802.698389563335 -780.647771106817 -723.896713633087 -731.28954344292 -805.096867515235 -841.419584184991 -806.067124767265 -823.307134434723 -847.605312413562 -842.315239841801 -844.60826488597 -842.897209217851 -759.427666698212 -816.93730116145 -861.982890884572 -791.246075206019 -829.390230816245 -830.327625435282 -879.942298299765 -844.796717776644 -852.991922288802 -850.005307400074
-402.012107281018 -370.687404394657 -473.689784700863 -463.957507689712 -539.239261477852 -545.224618993525 -522.618410946728 -697.754644945582 -724.788953293448 -728.253303007257 -746.773901913798 -679.541958872371 -762.775270612412 -774.776868637655 -758.085184634095 -758.22889296006 -706.243037859188 -697.936524007144 -664.164078611923 -672.412348327714 -700.878665179205 -753.163937553986 -755.053251933001 -786.014795862024 -791.501252007895 -768.61106269118 -777.724567030809 -717.647340607235 -752.932566230967 -785.247240031218 -763.090673686882 -803.057568305824 -824.208850420572 -836.153983976818 -836.056293676937 -838.863656760406 -846.862099764162 -811.544739005678 -708.31009883402 -844.395131756555 -858.275611018115 -809.017586435984 -806.131029860124 -852.048490815268 -857.976027686248 -825.170727315424 -830.734657790706
-402.303799938045 -408.020123959114 -386.394934593133 -415.538331050498 -487.072337575226 -525.713030762006 -730.721577003912 -718.661410687409 -741.342081031979 -727.145487533446 -622.956683172869 -657.640323183793 -776.759560468134 -773.070336722685 -747.326142494563 -695.428833255339 -691.272482616488 -698.542872031171 -711.268973130836 -657.382178219482 -702.922177633827 -741.562357532076 -724.907695379141 -753.036142533866 -774.899707176828 -775.619911963009 -750.742152522725 -734.099847953861 -730.126753798715 -742.229358441123 -753.71078805546 -808.036009397173 -806.659664416818 -820.224804266217 -838.517552401247 -835.085374639929 -838.699403967702 -820.516833799171 -769.522620266554 -764.131201360518 -878.045727907489 -857.256816373268 -859.377026887345 -829.646961489608 -864.164369907377 -820.980709372971 -857.217349377745
-394.473615459704 -382.300644508261 -379.223437394222 -377.62145674966 -434.95532639747 -627.755994377974 -651.758774651619 -591.241178438605 -605.331882512738 -595.183291318521 -747.47853621413 -758.303931682168 -732.482317045743 -748.04796059486 -734.589388742396 -693.60348890054 -702.606612815601 -726.134625854953 -623.339424624911 -704.286159807048 -732.510673031312 -751.538315057084 -714.057384210044 -738.796816231662 -773.855191178066 -796.898026340117 -732.570648144723 -736.932907881063 -742.950034056545 -755.114993167938 -758.963404055249 -776.410084567661 -782.82919941559 -830.493770572747 -827.909033829101 -827.138625695586 -835.563599826753 -847.514557743662 -798.151453874936 -767.432513246756 -833.673457698747 -862.874045257639 -854.366477958524 -850.691011864842 -857.585235547223 -851.271060037239 -817.567818240587
-384.612428275347 -444.443477524699 -535.34427230048 -487.386812666051 -601.412553110868 -704.544811978401 -702.539151143677 -725.078379739246 -732.967080961952 -723.906990268212 -682.078163622412 -704.13968322202 -699.826308175373 -719.75818565916 -730.679352704756 -715.197037445929 -692.18315558284 -706.775739204029 -661.056554448184 -705.662388938681 -753.102097731139 -758.903052749384 -764.844301801299 -734.472688562653 -728.501018963308 -755.659087834088 -749.326515552996 -780.135894921709 -722.02537688419 -768.164425123243 -811.601918716757 -781.547870791797 -789.375081256074 -795.621617493453 -807.41876304065 -821.913547843392 -809.837513770011 -838.894604730605 -801.275487940491 -785.075050029104 -817.662484766915 -850.82631779749 -853.205137554925 -851.786850623233 -808.735133163619 -834.929112462788 -791.13832543219
-368.3878007536 -498.955861654374 -626.440093841924 -675.836350021415 -680.738610326199 -652.648400787979 -663.7435871114 -672.095289323305 -689.0889831488 -711.423314723681 -691.609004847668 -718.817812865156 -700.351758238519 -703.164462406897 -705.565323343902 -672.369152326109 -652.992567806168 -673.190026070971 -682.014201862773 -730.130031419235 -754.854236895849 -777.916633372289 -781.220674608673 -721.934354040793 -740.04323544336 -750.955013759856 -749.492500139691 -770.123333331169 -755.687366354554 -737.330475601327 -795.926721974122 -794.133614732608 -804.967993620095 -815.02087992628 -817.943122211343 -849.310522686091 -818.535849798365 -824.642064762144 -833.568535498199 -783.723082630896 -804.149296702303 -831.02893874137 -851.000055357339 -828.782433111706 -819.861266902551 -794.870184307556 -750.881941176757
-477.549127872793 -429.757149297885 -640.625924345217 -675.575966654893 -629.2488894839 -643.567727104062 -629.271549581966 -657.546357566263 -639.636267892735 -668.216572825692 -687.834849823571 -701.068340126655 -712.475044549708 -714.782005610672 -704.882681734188 -670.815301517882 -664.377174742915 -715.607596702368 -729.694121864519 -749.89268842201 -763.977372904258 -772.677508168366 -746.334842168323 -723.907256609899 -736.165736235219 -769.561347646563 -752.676447360273 -737.030418762423 -751.486974140751 -758.420699449074 -765.458442348121 -803.177231410643 -792.800560350143 -797.799460472233 -800.176334346985 -794.114204402803 -813.157264925073 -795.567761836963 -797.47717616228 -799.037566820006 -827.151192393176 -847.727176690485 -845.479069502074 -845.796699480107 -815.28786727298 -823.493880510065 -779.005864838175
-535.757889638374 -645.257547482672 -647.573559449428 -635.529308379596 -627.885578169196 -628.860617450407 -649.841771562355 -668.855062783867 -665.944404075981 -663.478786241381 -668.003711195412 -700.503897015145 -688.120002069664 -685.495262418504 -711.073998612668 -711.113877863348 -696.08453488418 -716.498479521087 -717.728908855563 -736.835768903905 -754.466345164953 -753.16200917596 -746.857856856765 -760.064136029166 -739.128508166075 -748.306084974439 -735.521054742401 -754.128791912437 -771.9761816172 -745.161574056267 -760.261292480109 -802.242488530521 -800.263109344865 -668.251421043623 -542.389979779603 -802.68480107165 -826.459286971035 -826.307318038706 -823.870962061972 -818.377769352693 -858.829927149993 -820.773874932283 -830.531569772903 -824.846935543765 -845.898028592733 -836.708503182459 -799.327159085118
-407.059538257243 -635.092695993322 -621.096822522088 -639.243688382693 -638.769561950106 -631.010757440863 -624.800134740683 -651.998288611011 -657.501442742832 -651.281126710537 -690.611892348238 -690.125700377897 -696.308753827415 -702.455695703295 -702.307682403567 -680.075201793396 -696.786221459081 -710.725162304818 -713.958644495597 -725.458134310236 -736.91932119471 -742.494765203234 -724.854263469057 -742.382639667554 -751.083866866675 -722.970927524656 -760.659850935122 -786.990580299557 -766.161886395746 -743.117915770541 -743.728383808436 -781.723151660531 -787.329733653564 -700.79970786567 -535.954527923794 -763.070745951066 -824.894101135778 -817.290893083652 -807.293340730577 -816.431299840466 -797.965482209684 -815.336694488327 -825.526237260336 -785.63792252665 -825.886724508176 -810.824708139673 -729.640876347687
-466.223942040453 -592.068777950297 -628.998154684203 -633.599014615728 -613.007163285344 -632.660178863991 -614.931755191226 -634.309409263535 -667.758429760558 -695.178406836626 -681.710019656157 -684.581494662159 -687.422008619284 -707.785866951042 -694.262651683645 -641.72242554493 -674.867038639589 -710.073461883999 -741.232634036118 -759.250960893793 -739.07223862908 -749.922729423027 -726.509747834112 -762.057125083157 -741.824686536892 -756.459457510213 -755.182423337156 -764.962136228574 -791.125787253177 -756.996086654714 -818.196954885762 -801.218283052833 -808.621890125484 -736.033023833972 -514.156962370485 -586.458510092351 -787.813280669058 -835.794038313762 -817.805044060643 -832.571548936871 -791.193479625148 -757.828252594087 -800.456931919104 -749.471785468977 -780.249873738107 -800.974500096079 -707.022852180643
-468.616183046691 -617.667926645128 -629.266585929222 -641.217921458746 -625.709829991945 -622.216062416751 -621.413092472937 -658.145474198475 -659.156704674837 -679.181485452636 -677.613561191808 -686.433151130992 -664.515511311015 -677.327806949626 -675.122854677565 -667.00861672007 -672.380372141839 -722.462367188226 -710.298023980321 -733.419908611587 -713.396833819888 -728.616466505657 -742.987642143017 -746.090220723144 -746.125039020863 -739.052136374222 -735.794493924626 -765.347384526555 -780.804491858508 -792.697370214716 -789.6867876543 -766.294532722794 -783.832141384477 -753.515918998981 -710.59370478944 -635.498384490852 -736.182117397262 -811.490982693998 -831.731772227744 -818.831896734149 -824.842003370145 -808.520710555068 -740.07615778783 -718.708342336497 -746.368775470401 -744.996843028662 -679.589041644926
-401.455058718338 -608.900513454059 -636.463734443383 -625.317543360201 -624.912881162991 -617.724413650414 -622.114083530532 -643.264623772562 -672.688423786111 -635.005278365418 -673.426209140739 -683.001777046622 -664.113905250415 -681.203157834054 -670.901820367464 -696.23200326074 -691.922042022225 -711.889606053423 -698.636588820488 -714.373763976014 -726.231909780266 -718.890093836164 -721.765567846175 -730.633517597721 -759.641083720079 -749.413578376344 -771.97791603881 -750.042875279297 -742.488608475716 -771.539911680815 -792.190660185225 -783.041239905187 -648.630883510523 -647.544182094156 -656.255087624387 -751.545765806354 -805.944038816198 -803.510132681753 -833.546354682739 -832.873494494977 -796.318095601161 -797.834193989714 -756.56996770326 -676.690671692513 -673.316655717521 -725.8450038326 -695.515952610841
-437.368124764439 -501.079641714059 -621.187926019939 -602.564852163744 -604.984021353504 -627.42832142156 -628.060827587805 -635.761391294791 -654.058998457047 -651.827459435339 -649.794262709093 -663.348686588603 -668.845345153947 -668.04374616162 -704.304501934986 -670.379333025347 -667.898919112635 -715.432510631432 -697.458574839063 -703.509303375563 -728.448952945423 -725.225552471222 -752.938193902557 -729.947806542561 -727.238603003596 -736.340680441302 -760.543051251048 -769.427864078485 -757.223483303476 -748.896448794613 -783.602156609651 -770.14698671028 -729.08515814141 -643.953727376125 -755.251224350021 -781.205286645145 -785.24372272495 -778.600913037926 -789.841681655941 -835.485515239234 -771.769926978548 -755.129303101988 -726.25679362908 -702.910839501263 -704.982936376965 -696.836486041289 -693.216598974534
-479.839374662853 -413.883398726486 -503.55604887287 -565.989299162658 -626.413623717703 -593.585447675293 -647.741663304268 -618.333342486003 -631.762276592648 -660.992354637037 -651.354352876512 -653.028385261057 -675.121514120646 -680.13391766101 -692.043663188198 -667.015019028477 -684.02895870844 -685.313359998046 -695.134454893249 -706.555738836526 -722.407890036577 -722.116580836194 -742.622503306141 -716.435706510731 -736.790547883776 -747.668367319051 -753.644168521399 -753.981407278013 -746.263006802084 -758.954735176623 -766.292981849148 -790.679603668695 -792.824975862055 -723.715435427913 -660.771078222993 -781.971691793005 -796.498196688836 -810.594108486526 -774.116124916431 -782.992521844391 -788.473433027445 -777.720882167357 -769.622155347254 -687.58427532016 -671.641499504578 -658.399005287555 -676.591953680362
-439.648698756115 -592.981714741942 -604.888985815652 -601.053881106196 -617.386210718924 -607.397154635814 -605.014978167503 -625.195408223381 -622.030994210788 -641.025158583808 -637.210292489649 -670.533750599281 -662.325411658843 -688.691822825433 -688.187755601566 -648.601060513766 -666.170434574645 -709.500457985716 -711.614338712337 -698.389578032822 -730.010634286119 -697.165208760027 -705.61693850363 -718.442121332948 -736.028169340403 -694.332079513905 -731.830367710055 -743.679013503306 -750.085467686553 -759.263122585107 -769.151381470645 -774.556873146556 -797.931750727589 -726.687553042848 -655.629313606282 -744.382189914167 -780.808736466336 -785.231640159377 -788.228417893661 -716.086748854943 -717.969586787637 -776.119804845401 -717.169472229061 -651.648081589557 -663.883007924088 -708.863517886617 -698.096711846861
-391.342187934506 -470.157209993002 -560.946155396838 -574.962571261876 -606.666285872761 -621.503822471097 -603.61021758556 -643.817377728314 -627.369781877043 -635.231105865305 -640.946155733418 -696.41800587108 -660.517085778375 -672.805099219976 -688.346227137377 -672.724306044231 -682.569068026871 -682.511884132821 -692.772587581865 -709.842531561527 -707.087902888507 -688.030839538296 -715.388050434457 -723.342677442017 -739.927446663288 -697.350428973944 -728.093766251028 -761.171429930445 -728.84004671229 -776.331174208755 -756.887799723265 -774.754968611536 -755.651552845257 -730.20562488207 -698.757815979309 -722.544515207982 -726.391249099775 -739.756062542504 -790.055515255553 -767.195273231033 -723.723034654666 -701.818854463093 -711.27651284502 -689.27696117206 -672.522600632453 -670.201132244728 -675.306844790719
-360.618087182083 -575.975002150514 -590.96238096146 -605.859666173419 -592.161678029272 -615.771918308756 -630.950001916301 -623.121085433407 -623.108181508239 -666.325000102619 -665.137881584745 -685.694754067923 -683.200543855717 -677.592296759068 -663.616858932178 -670.382643415407 -687.567412938785 -690.542944655706 -698.734269587861 -694.344692109755 -677.108250000671 -696.183869798549 -718.576096398644 -723.196945036696 -721.163426938025 -750.600174006818 -753.67228207994 -758.086322350444 -756.607234050383 -746.271921822008 -757.89166746807 -751.028889732933 -771.766917601398 -765.879201431102 -711.726303659727 -777.518703487787 -772.118631816396 -774.65606360243 -759.937580906948 -748.853238953454 -731.898036337648 -681.399379638089 -655.065456145767 -682.843988911991 -632.222079010864 -627.316573800089 -640.075713129979
-349.475603655938 -389.502607545355 -475.868124097569 -596.446437087037 -608.547774468672 -588.561692020529 -619.458731542015 -610.791212740875 -630.90675908202 -651.01005135599 -645.230606062253 -661.271673270618 -669.730986148899 -661.751993034599 -675.631726378455 -686.557717294884 -670.076611109353 -658.371748861039 -678.089916768635 -689.263653714885 -693.856711579901 -729.993396975224 -722.289262433193 -714.843307170522 -743.642991093365 -738.043217188475 -739.665909633037 -681.539193632514 -732.906604463077 -726.988063813806 -745.88486245836 -744.178904991484 -766.590284640186 -720.01152741122 -673.824175322515 -752.251903648124 -798.602433936222 -747.933668408065 -762.996885434257 -748.411317530354 -718.833372480854 -648.579312556391 -651.699673461249 -634.885879155855 -664.91974506315 -647.436694307457 -657.959485242316
