wc0.5/PCA/Component-5.asc
NCOLS 267 
NROWS 470 
XLLCORNER 79.65 
YLLCORNER 5.91666666666689 
CELLSIZE 0.00833333333332575 
NODATA_value -9999 
[rows 63 to 83 of 470, columns 94 to 140 of 267]
-327.11396148761 -329.309636408235 -322.322052092733 -346.385235759594 -341.951387799462 -341.451326600953 -338.099065628577 -346.828176131948 -160.502935120139 -339.803371320211 -160.046359290719 -336.317521785385 -345.041063786528 -159.422410487639 -353.159717572897 -352.073281171636 -168.388719685558 -386.704859754524 -361.99968150198 -364.313424926337 -386.712546387991 -370.270210356828 -379.249958223857 -391.126636531539 -385.739498371208 -386.215825337055 -390.069380760337 -384.21670798261 -385.659531212917 -393.089199338127 -410.710888244374 -389.818517638606 -399.392535820362 -396.284194060515 -402.612216513812 -404.580670170048 -406.685010353668 -412.491059791298 -406.126037365895 -403.831125687222 -410.0976248366 -405.314856060536 -405.911379749083 -404.194951317882 -9999 -9999 -9999
-326.545651236809 -327.367821673392 -322.54511689872 -160.576814010032 -327.266822971933 -333.732661175222 -342.873185274713 -336.450878661308 -347.004293548595 -346.983222537857 -355.239082625357 -344.563872041568 -354.700714644012 -159.67186902891 -376.298717713661 -371.686189367188 -362.860588551007 -368.168667134578 -193.238337600304 -365.928762023592 -351.209270419124 -395.347676245094 -357.959298886766 -384.466321062956 -358.573839661657 -391.64974848255 -392.366010208903 -389.709682200173 -385.545604850173 -389.781157230956 -390.014296015488 -389.866131514114 -405.450539653735 -396.623418253362 -402.431271215632 -407.386970923862 -408.797028896528 -409.5590935791 -406.317313872036 -403.368824151813 -406.850906120311 -410.459234596497 -404.105748454552 -403.745789797074 -407.449857885706 -9999 -9999
-348.084230774658 -326.926954522716 -328.410921213956 -339.695868776984 -341.077544526854 -332.653095355395 -160.913045555343 -338.486966884346 -160.338558367228 -349.527198429291 -342.975838436976 -348.083014534119 -355.031092945746 -355.962840525092 -378.824910740606 -374.155397812226 -169.026731577783 -187.777694256342 -169.051488732697 -377.936339006805 -369.417884702446 -395.302828386338 -383.593245924988 -397.670593997798 -394.45780942475 -400.547778046777 -390.286929871752 -390.481525326773 -384.535334037159 -377.678149613341 -390.394161475312 -388.551446266371 -398.869077772749 -396.422928498609 -401.991884778435 -399.45546309104 -408.149310903619 -405.495844546018 -408.338032043258 -408.675663728118 -414.484120195099 -414.703076323728 -407.936574395281 -404.331396868446 -410.232217558334 -9999 -9999
-337.239551462389 -330.35214792162 -321.654178142592 -340.948155834821 -346.347122691989 -153.271006441517 -342.68119196241 -150.019486651254 -151.242261310364 -346.980778640456 -347.00797416252 -343.451703761644 -343.145978608439 -383.620005961694 -369.219701677431 -371.357976020848 -375.9779319985 -187.331111521019 -352.140036409728 -350.835085950629 -382.373372008866 -370.827957527903 -376.017468042867 -394.424092838506 -394.6951564526 -391.140181206341 -392.863095710801 -389.046691339936 -385.656999357995 -390.35957080074 -391.925241934751 -397.590245416721 -399.994406744054 -402.224429983574 -399.513491997156 -406.022398656708 -400.204400824108 -408.63040776302 -408.74384127158 -406.604248082381 -409.73483873652 -404.145776843755 -413.581105496706 -416.739204466795 -414.983273486868 -411.330745542256 -9999
-329.082785131407 -321.645774399917 -321.585099638605 -345.058218588993 -158.324781132977 -328.556140617155 -183.115367345426 -153.738317180681 -336.8187240849 -350.229302585567 -351.251527451991 -186.074173564213 -351.50498202794 -374.23203990388 -339.42103950306 -362.019391395242 -350.016287392118 -384.763557245355 -381.401269928684 -369.183601801946 -377.950548703347 -378.524322460143 -383.417367486271 -394.46273334985 -400.006262502371 -384.54454301887 -401.908714103261 -397.878880419983 -388.726733461092 -389.927936844433 -392.698619904966 -392.573711368819 -399.887734524746 -403.490273581289 -408.674285449986 -406.097256073923 -406.610471324052 -409.442668827723 -416.461714637595 -421.496714332952 -419.359226466615 -424.326860992169 -413.63321298217 -409.209970926244 -418.822666147944 -410.685141923191 -9999
-333.290983276118 -336.127909128764 -327.340412931707 -329.084919947855 -158.658728977424 -322.624986783948 -334.253095915643 -336.304032581429 -147.84818738772 -344.25026085913 -346.939727602322 -182.972765925983 -340.030114919478 -365.536582836243 -342.395471101896 -346.983539096361 -347.362395221138 -351.060991293591 -392.937894303482 -350.032533878631 -387.913047807575 -389.627646542268 -385.221622255046 -378.150281497129 -393.922144336256 -393.817284339839 -396.554598773674 -404.556680486152 -401.347817425562 -401.671362519334 -395.426881039462 -394.752009796793 -402.61770878251 -394.11251637142 -405.885012680988 -400.624476184268 -404.428024545008 -408.786353182075 -416.647123909684 -420.529734971686 -410.332770926764 -406.270454196898 -421.345791222983 -414.635545899039 -418.820735467679 -414.951099921808 -416.887199435219
-328.643151343773 -324.622897153096 -324.781337411472 -327.141843396225 -349.112479226314 -140.00562944194 -335.084172617055 -153.928472301576 -152.271622587937 -336.728950393625 -349.715112507089 -341.56840706277 -341.676418226815 -337.108027214763 -342.998281596272 -344.282109491891 -353.093260312012 -356.533176914092 -379.291620824437 -357.885986371983 -382.444444205662 -374.650916557905 -387.548860569924 -362.704169333629 -377.025682451324 -381.386162425518 -395.773003538945 -388.207335531296 -405.371285329461 -405.734613946282 -397.863041751382 -391.949137127902 -391.111902025386 -407.871036429403 -393.159561208562 -401.508179153667 -405.037215101685 -407.618106641219 -410.579008222792 -414.790750077651 -422.421310823475 -415.8088363491 -418.65267901675 -424.337054011229 -417.705662274883 -422.530292710561 -410.783449763945
-324.847772088037 -329.201194163636 -338.982844439992 -338.136059876538 -176.372772619795 -137.686330208595 -145.580074308029 -145.486413965824 -157.41351267907 -337.764025882854 -343.66670134681 -344.612312785354 -340.1191275841 -343.821117981872 -352.211696528203 -359.952262058529 -362.669509340917 -362.430954229887 -360.295836546141 -386.721303802439 -387.560199103564 -378.167854137429 -395.92634558678 -389.293197007629 -356.651753513178 -372.865547996681 -366.729626117834 -395.479866186879 -398.315474828725 -401.872128576498 -399.025656423369 -387.871166526665 -398.893599293607 -396.086541333863 -397.538807693964 -398.630003108867 -403.636835390043 -409.628475839026 -403.320831053866 -411.55777882689 -419.053831649541 -418.004917692968 -418.209556853564 -424.789978376086 -424.617090375298 -425.559550864491 -408.320542949891
-328.468690537958 -330.84351522477 -331.225768124867 -337.401379180017 -338.604459757617 -336.139883971814 -334.341771581387 -337.955442990293 -341.033963108813 -342.649827425617 -339.532777810973 -328.553669464761 -341.857951625688 -348.864612606708 -337.792874068333 -384.451635826764 -376.587263405631 -374.826603945555 -392.018793734909 -371.911383933139 -383.25959653092 -379.321550292552 -385.206474339167 -363.201727934948 -395.891062219135 -396.200774126555 -387.751552403401 -388.466557766493 -396.767497237311 -403.753867545878 -389.885149884006 -392.189044615507 -384.956919867447 -392.137342604171 -411.182513051661 -396.371652092079 -397.887995156235 -413.114613450778 -408.762321546397 -413.268108867761 -417.448551847703 -422.024975102128 -415.986481562504 -416.439069329848 -421.592158455722 -422.268201846443 -408.560456381148
-146.16544707911 -319.969383744571 -331.779942546026 -335.352612850292 -346.130744918434 -327.387521821954 -332.079919830802 -339.953440044699 -336.78665414579 -336.944935513107 -323.983498844295 -325.869887275485 -346.927607576021 -336.556051151142 -343.956992627299 -373.912484457952 -372.646250611981 -377.416143235162 -378.792207559489 -386.922736371247 -380.820457032985 -379.242343550159 -349.623552989552 -385.62138271674 -375.521770022826 -386.848189442014 -397.762165291584 -391.099634888561 -415.47407681371 -398.412205011631 -389.771223521262 -398.783528178651 -400.766166675297 -394.558184622456 -400.262148650159 -393.044581632065 -405.663256289871 -416.981881986659 -416.366916839031 -419.272921195664 -413.211613453651 -420.943194347861 -411.912946866717 -418.620776403041 -409.899213990072 -417.386446960188 -411.625721824947
-149.494015415671 -139.717057443992 -334.849923517768 -325.851159167943 -333.017014244628 -147.869386570139 -330.610877200997 -337.556779116003 -362.988353593077 -337.741032595346 -335.15842050532 -338.824491562411 -350.507913283582 -377.114565493023 -375.188015417612 -367.377894364178 -373.293961904684 -376.754414720316 -377.281512491062 -382.248858578856 -379.884658024611 -380.981382076547 -360.277503570062 -391.813710595286 -380.852160983192 -381.767872978781 -390.164682205201 -387.445393820681 -400.891006789268 -398.099431347558 -398.274756379832 -398.729774066631 -402.594186430295 -401.720221943231 -401.035359394065 -392.184542182975 -398.745190083077 -409.574350504674 -413.074299764368 -412.763022345818 -410.022138129524 -413.941519117412 -411.903752362893 -414.056785402212 -411.44397468957 -412.660341922262 -422.310671453068
-148.376451386578 -143.962481914072 -335.494635573187 -335.112979860884 -143.314430957531 -145.934507325814 -348.632771406185 -364.518555249723 -353.0871426249 -176.965235085169 -335.660661544701 -352.424396144624 -350.844644007918 -357.796467717998 -373.676690523109 -182.993962274461 -337.850946930505 -365.16326176309 -382.455460427338 -379.433903015632 -384.973539755274 -359.195757726265 -354.693154375767 -381.311314465357 -393.410182526829 -383.692770761266 -397.438905513398 -387.26386966743 -404.277406894737 -399.759685542066 -402.307579779852 -407.572914558122 -417.211467444289 -398.235474800715 -399.407594085588 -397.464204538681 -402.804656483966 -407.141192833503 -401.350948705583 -405.112679166844 -412.749533601802 -410.573813959314 -411.497508020575 -427.814843076808 -410.854985924916 -416.585429047237 -415.054646587218
-143.311718764797 -143.142024600757 -338.054687144964 -340.934254878916 -325.986094816931 -361.915859195577 -172.936777082834 -336.020049210726 -332.780482521837 -160.858607883309 -347.426946627115 -347.056623905084 -161.25347162666 -375.318984579289 -341.714260156014 -336.839495350791 -375.39010997834 -369.544977490546 -379.012767015439 -372.96719460503 -373.432556360778 -383.269929455953 -378.542466902233 -387.289503005681 -387.406404300523 -401.135139833013 -391.653756317976 -387.962092217602 -400.517281631077 -399.456975399364 -402.46327920512 -400.519832684946 -413.099393171439 -401.514229216468 -404.269294747563 -405.180948827934 -399.777609790759 -400.637043929236 -400.665507296997 -418.905502721511 -411.835011413847 -412.222940584903 -417.155708502625 -411.710151110814 -408.581224108939 -419.416059333609 -417.853699348969
-319.750985265465 -324.225152305563 -323.850564035642 -337.064361567654 -353.485609553502 -334.625272714571 -147.048849800114 -335.350109538659 -156.400282603425 -159.760661234788 -166.946787901561 -384.055008678955 -158.45486234279 -340.726336192093 -337.645376026826 -378.689239729901 -347.689115391699 -359.17735662779 -349.886566016823 -355.477687890056 -385.198118080872 -384.859456676271 -386.861062264893 -383.797138757008 -387.341117636962 -391.562917086763 -404.43524404404 -388.769424336014 -397.789193873662 -392.126194638334 -405.490701960993 -406.276299115572 -409.617549641633 -405.678456572472 -408.284188900314 -401.891880274597 -392.158789373429 -399.092022785343 -391.151939454852 -406.611218076739 -404.532463759426 -416.44588337356 -414.899051219388 -414.932697619997 -421.948986251575 -414.386794155055 -412.180010227734
-152.651233763866 -325.30294419222 -331.095708607664 -366.755549276071 -343.482472603181 -157.543138585793 -149.608549150304 -336.229031245905 -156.764376798884 -351.815680272023 -168.767535916865 -381.207728672549 -379.690073589718 -338.445599608255 -378.415164981931 -333.434500290869 -347.904445842839 -357.661185258972 -347.202008625116 -356.407239446331 -385.561010130703 -386.796680457923 -383.138890868718 -386.259025544093 -382.870790058439 -387.729357843084 -387.962496627616 -392.800087058642 -402.355121229371 -402.611405794152 -397.457235386237 -398.191916082758 -405.576464267679 -397.304985545222 -400.4571378725 -403.61861896609 -405.173496531531 -398.045494822563 -403.002057982243 -412.118763221117 -403.573092737412 -404.833505495224 -411.385206858821 -418.370542732515 -425.732710072904 -421.898023560539 -423.336557799902
-328.62695559752 -330.633421667136 -333.547897037154 -336.705720710058 -341.095044868855 -157.474060081806 -343.819912994944 -164.586934086799 -335.191372714349 -171.315375774927 -384.302787817022 -380.147278422122 -377.248368154037 -376.656387441884 -338.856368151639 -359.375558784573 -350.293672353649 -354.430633945017 -384.209759449539 -383.08500377484 -379.558648167087 -382.254384286221 -383.099304654555 -396.165631576353 -365.542225157954 -391.359759495468 -390.984831752351 -389.302983242112 -392.764324790608 -391.470584683798 -400.256288147988 -394.134570810534 -397.620108906011 -411.428495545896 -415.317588732493 -413.410353918612 -417.910349830205 -405.666922206065 -405.401003663325 -408.096591690424 -411.033093545561 -414.534446265972 -424.178516737667 -407.64603898057 -413.724817700648 -422.52126607079 -418.855997382222
-339.326941953846 -325.319863619221 -331.821553828934 -339.277186059497 -341.301536268058 -331.205960605662 -334.897581910254 -345.763972567761 -339.457564625309 -366.727942028502 -361.848654906347 -379.018249111978 -335.866264131054 -383.794759144012 -347.249581814166 -349.319914240687 -352.9428613159 -351.882259993622 -379.294870631653 -367.461762278286 -388.475904517171 -385.291931910151 -363.36533692522 -383.038086572074 -361.630062773421 -393.341987625812 -394.458111501322 -386.97658923172 -388.894605579302 -396.82550343344 -391.578053560858 -387.517357587732 -398.95554826513 -405.895874378965 -415.050292986131 -418.01537959609 -407.683958086839 -401.848271578766 -409.952208732071 -397.861224973461 -408.090829531996 -411.276468980303 -417.320138349102 -416.519454527967 -420.114864260738 -425.724632494593 -427.134787472945
-146.492574568239 -325.545166002521 -143.699636574267 -335.449358274132 -339.002352757028 -338.766311908144 -340.265962434438 -339.023204056318 -359.219415349151 -359.264665602303 -369.306443217548 -364.90652720794 -329.798581096166 -361.850501158218 -340.664967191034 -374.129458373336 -390.021652154699 -381.529186814569 -378.509692310577 -387.589323374359 -386.469157029383 -381.631609648863 -388.026940601401 -393.932416275387 -386.099080993211 -388.112299929259 -388.324574986034 -395.023869654521 -390.88991285263 -396.838322627176 -391.327450903619 -396.156275040977 -404.468788364082 -402.429869604637 -402.056026735375 -404.378567618857 -409.828386043974 -417.136549074267 -407.749397367612 -408.350880629766 -413.304471186544 -420.147747341941 -419.011073816635 -418.702076862795 -422.424394658477 -419.736003904471 -417.322915550383
-137.828067725412 -136.057509206026 -145.754233555886 -331.870856094001 -341.401328389126 -347.835111390773 -148.308279958641 -367.584282923638 -332.983794641264 -364.100768555673 -358.753561263569 -342.465732232863 -386.818811736446 -344.805309925538 -345.579589976796 -374.831011827768 -387.290189889414 -373.962842394864 -383.263345446297 -380.186829371543 -383.182872207833 -356.511455901442 -387.179712255786 -390.949877668523 -390.688170777101 -388.546194568668 -388.424600786218 -394.921399948604 -391.031934734023 -390.676968425474 -396.270461632331 -396.868134920117 -399.796521370084 -407.929912355581 -410.858298805548 -411.352663924721 -409.238966628119 -408.871065663268 -411.208900053245 -401.872566550648 -415.044498594292 -407.496098008681 -420.084276007659 -414.596961150839 -409.038852705644 -422.05156039777 -427.038893049336
-135.615204229266 -142.384571712389 -143.161894290215 -321.901091592686 -365.466660888 -354.459117525943 -359.013720588603 -351.565734012124 -332.86986827852 -333.204934639824 -336.136697808428 -356.948118671404 -345.099962610985 -386.870919221911 -348.43908748154 -371.194084241109 -372.22950151267 -374.570636733293 -346.407300357179 -381.16592897947 -383.910085032674 -385.902305886386 -392.120070552241 -386.423177103976 -388.921750150148 -387.057445655333 -394.490681233048 -400.476822096267 -398.298975088073 -387.523342710613 -395.63387793737 -398.855134111228 -404.496371976352 -411.918603683085 -412.230286575763 -415.860427513643 -414.645698934833 -410.934283839437 -420.393518549804 -420.555921735052 -403.953436403498 -416.569131447947 -419.340630107557 -413.289459047746 -420.03082996289 -414.338991909959 -423.1902147249
-139.514522227706 -136.432341793355 -152.306617831956 -333.445235407962 -334.447356251897 -327.076988060562 -322.170092360168 -331.77977203662 -332.519259633603 -159.259716514448 -168.315033101519 -341.001428145893 -375.700934680201 -352.348289143953 -369.553222959052 -353.969074072841 -345.257481564696 -377.642101637326 -357.290560612892 -359.365049544066 -357.006903674156 -379.180827202791 -388.768609033961 -388.809228312545 -392.101797599679 -393.774998432064 -389.228852918987 -392.940611324018 -398.641664309656 -399.403752723929 -399.863228152445 -401.618786521878 -393.653136491688 -395.58762673588 -407.900146707003 -407.474601304513 -417.344775562082 -414.604469039284 -417.124020613647 -412.492982668367 -402.458776197935 -413.565938988337 -414.296451304405 -410.809464353818 -414.025068857563 -417.539085109622 -420.058506981432
