wc0.5/PCA/Component-11.asc
NCOLS 267 
NROWS 470 
XLLCORNER 79.65 
YLLCORNER 5.91666666666689 
CELLSIZE 0.00833333333332575 
NODATA_value -9999 
[rows 396 to 417 of 470, columns 144 to 191 of 267]
30.6358627751653 30.6376877014251 29.8660981187884 28.4874697874146 27.6557006337668 26.9781296638885 26.1188881704475 25.9319708150977 25.4942697815935 24.7346073862273 24.3541990735411 24.2003691667112 22.8652832223275 22.7904832615211 22.4275098623699 22.2619336766045 22.5966054156273 23.165757052166 22.2601497417894 22.8748105175169 22.7724870217381 22.1563131575939 22.4324697314202 22.8925197555658 22.9651933332879 22.9550516551631 23.2913343764156 22.5787205807339 22.9534637682459 23.2959963666123 23.1951665788749 23.6114590887415 23.5470139374919 23.5469245587214 23.3191373025341 23.6119916744477 23.1906274683149 22.9564523221427 22.8423247523286 23.2111126541289 23.2634166500882 22.9484757780219 22.9794608988593 23.0208206930043 22.9202030136522 23.3239332805934 23.1585834654018 22.5755744380145
30.2135720752078 30.6822458991999 29.7719148819839 29.0948244971093 28.2441536173648 27.4360544923136 27.0940368676767 26.1868966749984 25.8457350732575 25.3707725952523 24.6134314379936 24.4816697562785 23.6825757580036 23.3417567070941 23.0132956337801 23.5043808332796 23.110625455515 23.4063127451214 22.784933802787 22.8138396356673 23.0179110475732 22.6336235970665 23.3443649651183 23.518510217243 22.8140275257574 23.5745523514689 23.3814318531226 23.9351174718276 23.2257892566105 23.1675154381427 23.4619991744968 23.7960921394417 23.9174370012868 23.5993569008866 23.538720250938 23.6047431146866 24.1668589476771 23.1996963739039 23.1389085174853 23.1053318333334 23.4953898552982 23.5549798536601 22.9268455445706 22.8862553422267 23.1823521219198 23.2933673729967 23.5309461232415 23.5302293367436
30.4405732216092 30.2389312393781 30.3883406903427 29.6172443414344 28.8472183276406 27.4357643100433 27.3341745239675 26.8895850817414 26.1450875448767 25.464984952095 24.7963073497454 24.0610501102011 24.6331957015858 23.6252441450889 23.1281635195073 23.894799639139 23.4649655698433 23.6596169216323 22.7726769805324 23.626701753639 23.4722995208736 23.5282839003225 23.5891423427138 23.5657927085597 23.8415751416729 23.1329064673167 23.9031321350159 23.8833388130634 23.7712955107242 23.5211842338137 23.7568280346635 24.0228206531362 24.0443006967453 24.1631685066996 23.8410880317488 24.0987307782442 23.9884186267806 23.7500080876768 23.4312137887895 23.4541726420021 23.49801004636 23.5001871791693 23.8062325078351 23.1835603045528 23.5018561930833 23.5749902527437 23.5830223825149 23.9184124825658
30.1724455462888 30.1703016691471 30.3470642546775 29.7920147413364 29.4241152626211 28.0182507051085 27.8422955959875 27.4494578378481 26.9015887984622 25.8925667206713 24.80879406897 25.0265802093317 24.9001987697796 24.5186375671752 24.1044143023216 24.1217510389812 24.1031138762722 23.7089646396089 24.2510691490369 23.6013155994473 24.1971314783838 24.1525543631824 23.8645227156577 23.8456049438605 23.8578858914784 23.844409458077 23.8232278265735 23.7582426447755 24.0060393724049 24.3841591019466 23.9011041374513 24.0723894039715 24.1467685427902 24.3820620293106 24.4564320116224 24.0452540824244 24.2830475846377 24.0759411653622 24.355781629689 24.0802630344406 23.432066762452 24.0362004596316 24.1307981964757 24.0908397226017 24.1480046179201 23.5039863702839 23.6402716645397 23.8301102633909
29.9853175397916 30.043758484428 29.8774916696719 30.1593848377809 29.3765765863825 28.2260666999366 27.7293622160961 27.7292493815043 26.9325962549576 25.874287965135 25.9552896679237 25.8614940072727 25.1188865277981 24.7732555815526 24.4661577082021 25.0489660822435 24.3573930604333 24.9529516191145 24.5389865212815 24.7831353213466 24.1773256748601 24.1244190884186 24.07323669746 24.1251497707592 23.818303649569 24.435126254032 24.4837583016667 24.4179196781867 24.322114815969 24.371657381807 24.3307727652745 24.9585129343203 24.3578736948305 24.4410171078173 24.7495834826061 24.634898944178 24.2118876430417 23.9989054013769 24.1204489569845 24.4247443142268 24.4019204103491 24.0029717230304 23.9880180429631 24.0948408752687 24.1146449303451 24.2095176606407 24.5268801253336 23.740782051222
29.6172362997162 30.0474024635311 29.6028651599796 29.68383534262 29.6508600560993 29.1150192034896 28.3139743319742 27.6520402458264 27.3833642166172 27.2726933549271 26.5955813356235 26.5777575450317 25.7312720170316 25.7081348799509 24.9710049318778 25.0411660572975 25.5330022010985 24.9404124675663 24.7187803798641 24.7604303048948 24.6502384256852 24.4303241514003 24.4162721598561 24.3946408146926 24.4511894719774 24.4458322457194 24.6238537309784 24.9268207027861 24.8800968846343 24.2772600448488 24.8562421037235 25.164375378579 24.9391782239277 25.6478065406999 24.6348957479365 24.6581521348611 24.6012647757278 24.9830596366733 24.3131581374848 24.6468711586238 24.7446506709574 24.7052016025899 24.6670706892982 24.0698638404913 24.0975347150949 24.3955733631002 24.4770638875294 24.4834248337179
29.2375412443019 29.7023013380012 29.8055736209595 29.942186274784 30.1748644036297 29.0663707760952 29.0355496314456 27.8494962039387 27.486670247451 27.9074500894586 27.2656345869204 26.5243555939864 26.3981897809928 25.7327540599287 25.5947374859806 25.5569979658971 25.6063551482587 25.484384435281 25.4382375599916 25.3480180819921 25.0238291702282 25.0362189485229 25.0195590887843 24.6687241291242 24.9918171319083 24.9672751032352 24.8616726896032 25.1439908588999 24.8893650938388 24.9292242243253 25.6337874715066 24.8744575466481 24.9202369830011 25.5540023530969 25.586180334157 24.6102769474995 24.8941589443309 24.983325554469 25.2904396795176 25.2807080740835 24.6220559905979 24.6226678371425 24.6376461406999 24.7232415077206 24.0082089339015 24.3775011211116 24.4214563127664 24.4872886096281
29.4346357902854 29.2280969179817 29.7902267773748 29.688059823263 29.484084716633 29.9556645010395 29.2566265142576 29.0452208877109 28.3775802840397 27.8954096543707 27.8541528837052 27.4226782912601 27.041321411571 26.3842692100249 26.3221213459365 26.2229205000473 26.253728529268 25.8939057274691 25.4135969422371 25.7195598038342 26.000775209104 25.0430173351888 25.6251139134619 25.6193639265485 24.9567709276085 25.1864269628613 25.5569182994658 25.4991668187171 24.9072191710524 25.514129450824 25.4645151711095 25.8186779051362 25.301589492828 25.2027424122212 25.3445039948191 25.6463586637818 25.5467151738945 25.1571055238467 25.2412292383901 25.2668059073375 25.2513780716716 24.5873972576593 24.6707919734805 24.6490961969177 24.6480179446076 24.9865259904705 24.3678049972739 24.3933280123042
28.9951859747566 29.1910409974056 29.3945812721976 29.5636201406939 29.1478117182383 29.9685506369729 29.2045479148701 28.4592640896948 28.3363667608275 28.5922947089054 28.4910231506196 27.6476187023743 27.1408419625989 26.9876533867156 27.3561491801892 26.8934912415761 26.8890379977792 26.6975305527817 26.1231691807399 26.3833429379466 25.788884909611 25.9952056987173 25.8273229788555 25.6241262525176 26.4574565848065 26.506416038004 25.8506111583301 25.4668706529981 26.1141146433967 26.1340737750037 25.5007279659659 26.0514430633753 26.1184118340087 26.0949004686287 25.4748110318172 25.5124638792799 25.6133726792634 25.7965194877788 25.8769459399202 25.2069134106977 25.3062516756582 25.2856212121127 25.236376959641 24.6012035440003 24.9384699154077 24.9450673576292 25.012379090769 24.9834601785464
28.697487817015 28.815584287693 29.3448577187133 29.1822997919079 29.376926744972 29.6045987502296 29.7830866147055 29.7159290503294 29.2053718142531 28.6374390743069 28.4575999498838 28.3699912275633 27.9265260917509 27.5880586565646 27.5099175782434 27.0836243799724 27.1011407435901 26.3104000852069 26.722502384299 26.3732384616038 26.6497873932084 25.9828046444894 26.5470385270972 26.833195239624 26.4934073475705 26.1849171953208 26.270185029514 26.8278394232362 26.099160557024 26.0502548013901 26.3336402356222 26.3859437733179 26.32552577161 26.4420391649877 26.1765606077889 26.1487349308866 25.7747921007702 25.838698852594 25.8801335030915 25.965251873588 25.9562822954993 25.2737971822538 25.1948433149369 25.2512684783804 24.8912642518593 24.9054790080299 24.9862849980735 24.9687930335321
28.8434938321444 29.1049679274527 29.2697463154725 28.871240069731 29.3802254960129 29.8139649979133 29.3954103710202 29.2927997241285 29.4972521625177 29.5455896507847 29.323512618465 28.618454554294 28.1701700606869 28.5748199645529 27.9131832959556 27.7311487276492 27.3841919674603 27.0908287267589 26.5594643300969 26.9957758027188 26.8507400488016 27.1376579132433 27.2191018013966 27.0825247584109 26.8653599838901 26.8605510440851 26.4511624558058 26.812139259442 26.6887496713341 26.7284109640702 26.300731669524 26.9122494961154 26.7622580515652 27.034392094506 26.2016319390567 26.1769587150908 26.380226823991 26.4691300675207 25.9114202086711 25.8197221078312 25.9020251554041 25.9222266445044 25.318469766733 25.2788334136593 25.5741883169413 25.5539486084645 24.8839698556469 24.9606255386245
28.6097526877882 29.0885596960224 28.6022411665763 29.0568045494507 29.3036596980575 28.8999130029115 28.6824947828586 29.3134238097779 29.1887990693111 28.8478515031624 29.2911524510213 29.2647883754266 29.2688663782143 28.5085380707434 28.1478895649427 28.1461464365693 27.3646390017458 27.040369277067 27.2420814020482 26.9959077676313 27.8800649105276 27.1802978931455 27.2054780257108 27.8210600083115 26.8097170356183 26.8052514488775 27.0693243412144 27.3551516756444 26.7048409464691 26.978450210414 27.228705875864 27.3617624745207 27.0505317780949 26.7491169945559 26.7494174728183 26.8162317341296 26.4200342762405 26.4373552985519 26.5425362508239 26.4997932732176 25.8408091678765 25.9304482948036 25.8870176774138 25.9682016566 25.5003628180236 25.5738950185699 25.5767303944836 25.5927446881089
28.5354094149914 28.0430671185021 28.2775437960446 28.5292986240974 28.6751398774288 29.1723074952675 28.7971035029973 28.9383199892416 29.505408356006 29.0970625999695 28.7460140182575 28.9074815046049 28.8811663461359 29.230896822445 28.8061039937758 28.3818405468629 28.3469403410282 28.2903860045774 27.3435128805069 27.5952357846524 27.6394234389922 27.6023417915042 28.2060837838088 27.7133345131537 27.7218299089391 27.4517267736155 27.2388547465448 27.2963179514513 27.5773691268292 27.580122759917 27.011077676306 27.395416841355 27.4165792132129 27.4980155843598 26.8047376913631 26.6902174870414 26.7479229643997 27.0426184297757 26.4425045794105 26.4630744696444 26.4449897732294 26.5388832460598 25.818180173221 25.9217559416676 26.1558185083133 25.5140501040787 25.7391044492296 25.4596506049815
28.035238148348 28.404827914241 28.6413600887982 28.7272705496775 28.3200865519155 29.1110146853803 28.4491742705379 28.9078793585522 29.1400204678562 28.7691791623824 29.4321523726925 28.9815090791865 28.869719459687 29.0834720906376 28.6973250424998 28.7956201276439 28.2898685201294 28.233589742714 28.2436853928505 28.7995965560899 28.1380500993288 28.2600737512515 28.1472227433696 28.069805174964 28.0806393715707 27.3845918622053 27.972109125803 28.2629828907313 27.6598636430239 27.4221444509387 27.4295106480575 28.0437672335602 27.3245637599362 27.3651484865945 27.3623718752407 27.3447293936159 26.7817138074015 27.0949734262588 26.9428305398878 27.1673891255877 26.4492511451478 26.4974427390787 26.6033033552993 26.4829283727133 25.7705016966261 26.1922958695677 26.2032463832176 25.4848775835761
27.7826062328407 27.6289230010067 28.4532522172045 28.2865854375948 28.6359659217967 28.8673148285579 28.3450562023193 28.9783093767514 28.6125464340011 29.0306130017534 29.0368028665824 29.013950327176 28.5019524307325 28.8613611048704 28.6974312175089 28.6797045759784 28.967970275284 28.8936831298693 28.8376808219962 28.7910450291784 28.8002379686636 28.2427049346339 28.4738991620199 28.3846075167926 28.0508157658905 28.081426156564 28.5660263209001 28.0635042862385 28.0148784108211 27.9691885867834 27.3784764882037 27.7138315791259 28.0481876706122 28.0890794403157 27.3744802783426 27.382122551081 27.3698866862727 27.3264340928542 27.0605480320795 27.1913795433571 27.163740351092 27.0512665298259 26.4914686200761 26.4258640678333 26.4099932196024 26.0812979445234 26.1211475687706 26.1477397599894
27.4676130402612 27.9444362566695 27.5113043448045 28.3011216942982 28.2393967013275 28.4871707108281 28.6432155522681 28.6131870036053 28.5500435501591 28.8070784125753 28.7389858190892 28.9819859588263 28.4400063604959 28.407007493863 29.1199112238024 28.6803259065745 28.6550384765344 28.5444799031574 28.8911547060944 28.7805568002216 28.8146195816467 27.8801693224015 28.4188926319915 28.4586285336203 28.5806554756495 27.6783684248082 28.5259573008177 28.3998916506144 27.7466825556155 28.0678779385727 28.0800623363334 28.0793628999085 27.3759407585502 27.9541077599787 27.9107492143035 27.9546545211196 27.5855387299587 27.3864917081168 27.4263239715864 27.4529203939347 27.1583052797929 27.0928764199998 27.112179614121 27.1316094071998 26.4231822977627 26.4258049752547 25.7314804320055 26.0364053725305
27.2018452696936 27.3223009478312 27.8167416535069 27.9852877110171 28.2082725546435 27.8547314444953 28.3057004662531 28.304473771946 28.4966418667431 27.8212290081133 27.9847688388298 28.570035291497 28.2486045977936 28.5025874786079 28.6713855871314 28.3419160795416 28.8553777678748 28.2073014501693 28.4955842233955 28.439006387705 28.4053799504021 28.1799515072146 28.3566796632037 28.4144356219223 28.3620248816406 27.7513148229195 28.2807181120934 28.3222980674351 28.3968134220517 27.7783042026301 27.6813247331709 28.0826812561336 27.9397487808202 28.1733599080772 27.8841005141815 27.979426504319 27.9910126402518 27.9798618606826 27.4179873462177 27.4735160888643 27.4974991846001 27.7592936763318 27.123256114118 27.0790005371847 27.1733128285276 26.4291233314797 26.3692443527585 26.3969351603686
26.717473098354 27.6869347492552 27.0540691859785 27.6326626478617 27.8377102124063 28.1855305553157 27.7519634450041 28.3663415600631 28.1921673074271 28.1577941223331 28.3916192452812 28.3101928107716 28.545938111951 28.7433056221178 28.7722202947765 28.0818954320567 28.6980699546807 28.3432533426284 28.1208993650112 28.4778172413252 27.91340766641 28.1718240889197 28.4334052154773 28.0773954952582 28.1815614195192 28.3483990096048 27.5099539999502 28.3419626162578 28.1086788656643 28.0606951312508 27.6036443382067 27.8421904643999 27.6501422370015 27.8921482283056 27.9329962038952 27.5681484256839 27.9552450001197 27.9741384120597 28.0259869591883 28.0591764175202 27.3730895929058 27.4816736363556 27.7921552492043 27.7801414813365 27.1196185138975 27.1241909867018 26.4549104647177 26.3216691905259
26.6996477663505 27.2107895050246 27.4153759415683 27.4077747849125 27.3082614960763 27.512528654715 28.0325301118269 27.6183342126022 27.5526125382913 28.1076510496324 28.330364332488 28.3209942936419 28.2313134755594 28.5369346548195 28.4131228885508 28.7534954143315 28.0468907873589 28.6453609331411 28.5063435313411 27.9905413229747 28.556932796022 28.1626454412359 27.9680350285254 28.6938071821711 27.7705099179358 27.8386282846554 28.1820014863612 27.4169445067508 27.7628380851376 28.040908776128 28.0112345882338 27.5720581585398 27.5599361826162 27.8173228457253 27.6516237078881 27.9663972265365 27.3017172742552 27.3819170977879 27.6994032063186 27.7251326052839 27.7685289719487 27.7868631153001 27.1002276573621 27.132881183415 27.4655183314804 27.0476996659583 27.1423722056297 27.1228304612174
26.4221170590917 26.4941884113278 27.0636341852853 26.9769548789539 26.979074213903 27.1355747115119 27.6826736054467 27.2825925763108 27.535565604234 27.9919623192422 28.0197291255751 27.6297194274803 28.3007079972686 28.233051418923 28.5435150260584 28.425059015549 28.1718311153814 28.263758980623 28.3584230914955 27.6053560790164 27.9420667294995 28.3199385366997 27.8985076864829 28.0451250366775 28.0973540233393 27.811722079496 27.8277368313736 27.857111696785 27.4969347884514 27.466485252001 27.8031024780048 28.0201879088834 27.2734546269005 27.2991289365643 27.5549671397033 27.676030412522 27.7501279236269 27.9820775989623 27.3416357392897 27.4690103787266 27.7451001973049 27.749385175469 27.7378045516788 27.7696050366639 27.1303865240319 27.451061462908 27.404113683939 26.8388688716243
26.0405727339752 25.9384757858374 26.8193495766086 26.6147956252899 26.8943921223752 27.1382941774257 27.0325808580411 27.2598631929883 27.2299335896392 27.4554879468673 27.4283783437136 27.9833688234464 27.6161527858765 27.5073117733891 27.8774571110584 27.7825779332624 28.0859037807297 28.3504935976112 28.0291239897138 28.0135224035693 27.9433322037852 27.9027879808301 28.3918372069875 27.5335951116138 27.8180549871826 28.1198739614631 27.5002872035124 27.8052992020113 28.0198389581702 28.0386940272386 27.628920114687 27.9257266165127 27.9863716081738 27.987215333261 27.282423703339 27.5872063289105 27.6487694770384 27.6793964324228 27.8003238799119 28.0596452345561 27.3133358531912 27.3934312381096 27.7606675441562 27.7729823201224 27.8305924390736 27.8110545296856 27.122423453269 27.4217809465187
26.0997387645465 26.0382402854674 26.4955439079866 26.7150315926513 26.5690728820119 26.5509287728239 26.4299959767573 27.0244606675154 27.2103379504121 27.1847723666173 27.1200932025799 27.3648314784254 27.3506786936245 27.3934922342316 27.6099993103744 28.0684416039084 28.1128350344734 27.6678045746177 28.0290439324162 27.8776095580008 28.2405321717239 27.7717835893199 27.9194620903407 27.8978632600194 27.5469029632449 27.6098360713387 28.424922316459 27.5191780404641 27.7577475814788 28.0611227488885 27.7499431900269 27.0711945421076 27.5679625674509 27.6972002761822 27.9494902145947 27.978076095558 27.378518251346 27.3171198625273 27.6523842553356 27.7009846295472 27.6833726384844 28.0186167383238 27.434044315283 27.4678781820901 27.5764674984376 27.8813045284654 27.8913408624908 27.4003197952927
