wc0.5/PCA/Component-16.asc
NCOLS 267 
NROWS 470 
XLLCORNER 79.65 
YLLCORNER 5.91666666666689 
CELLSIZE 0.00833333333332575 
NODATA_value -9999 
[rows 315 to 335 of 470, columns 188 to 234 of 267]
-15.5544336958484 -16.1359545033407 -16.1850929094021 -15.6202026191882 -16.5157489359619 -16.5995477825152 -16.1772230506546 -15.8689348644668 -15.8532755334146 -16.1753604858745 -16.262048065872 -16.8965106356562 -15.4279527323168 -16.9289977050272 -17.513140183004 -16.4199798284063 -15.8271569479744 -15.7767988387138 -16.6176837410816 -16.9359066684249 -16.6731601811967 -17.0120824566591 -16.6114641823552 -18.4032994727339 -17.3865352232048 -15.975788080827 -16.9068381213473 -16.0637469390119 -15.9048076342312 -16.0314442374643 -16.3033111281118 -16.5388638120285 -16.7294451243323 -16.9803972461251 -16.4738183198313 -16.6076031645952 -15.9828044794256 -16.5082344070609 -16.4913915714601 -17.0291187851915 -17.0310961274346 -16.9620979214657 -16.5325649163306 -16.1030872857729 -16.4243585353834 -16.4351014654671 -16.6369410977529
-15.910665616405 -15.7769771044079 -15.8691497541899 -15.5231227754787 -16.4623151761792 -16.2902433271131 -16.5508430018872 -15.8415991361022 -16.839275720534 -15.7994581054397 -15.9485121784192 -16.3665370561858 -16.3311344775814 -15.8180420112144 -16.240042763275 -16.3431265846074 -15.7625154700906 -16.0600598836435 -16.7319807966259 -16.8938240300492 -16.4292781517788 -16.7441924137455 -17.2739712719853 -16.8143512528395 -16.5700045790652 -15.7623865930574 -16.5856054420601 -16.2578496806481 -16.7545263009287 -16.2532992827038 -15.885795177056 -16.5364314784791 -16.4481214457123 -16.2287186924202 -16.301607523777 -16.607928353391 -16.2978168778814 -16.2977903678303 -16.762086177682 -16.4808129274818 -16.6507518982794 -16.545193944941 -16.8484675890386 -16.4712409631329 -16.2476616851866 -16.0485631474713 -16.1161213321055
-15.9614590148346 -16.1423477053437 -15.9463587602642 -15.7248216826209 -15.5652498417355 -16.4638369821924 -16.2957150230225 -16.4871633713773 -15.7354026102516 -16.2698682720408 -16.6349811179963 -16.7607507942714 -16.7188488789515 -15.762593822783 -16.3340524602513 -16.5599122438875 -16.4229381875683 -16.4768068024103 -15.9915595849232 -16.9824906122107 -16.1445035264746 -16.5737532386145 -15.9998213991906 -16.3199001490628 -15.6681574908256 -16.7957519803227 -16.0672763909532 -16.0822632938428 -16.2348446012532 -16.7356953144246 -16.6163554879982 -16.3038599318033 -16.4243802779745 -16.9694458928544 -16.2643329504071 -16.4931608401212 -16.0040777609183 -16.2976581668946 -16.4255114993057 -16.5833073892989 -16.5367907391332 -16.6895882305083 -16.8348514589116 -16.5982635237535 -17.061720204285 -16.6423194834067 -16.9956890639464
-16.1226543282924 -15.7107159094857 -15.7592367806992 -15.0815233579322 -15.7729312494668 -16.2886149291179 -16.4652931050687 -16.5924593880044 -15.8262687065792 -15.9059896225048 -16.777167677443 -16.5378924851393 -15.8223463702983 -16.9892562728538 -16.5473180980035 -16.4790136892323 -16.4438129164457 -17.1298140624915 -16.4792622560666 -16.5083018168892 -16.1612703317537 -16.7324319310701 -15.7670952174257 -15.6096494447325 -16.3562153941914 -16.4570867176212 -16.6448675356444 -16.8838893186384 -16.843147905852 -15.9897452814701 -16.1314492564974 -16.3026829331439 -16.3034583380668 -16.3144596745431 -17.0907021294716 -17.0016050792381 -16.4932414503622 -16.0034963814659 -16.8441894695957 -16.5324117363575 -16.9834871023145 -17.0446469279733 -16.1459214528478 -16.5787262919212 -16.6071308909001 -16.4344827842359 -16.3385923129863
-15.7015401439204 -16.0128180194593 -16.0820140617653 -16.2777270346562 -15.8727214082179 -15.888268853285 -16.1118565244849 -16.5892246216842 -15.506055508814 -15.8247515389771 -16.3764525229983 -17.0225041812313 -16.8337756545918 -16.3444822610596 -16.2014966243335 -16.39870360354 -16.2554739027704 -16.3562078431039 -16.0306466437548 -15.8578263413241 -16.0760878049399 -16.5778578529014 -16.3154447008238 -16.2537950732229 -16.3302006866738 -16.9045433072132 -15.844161291176 -15.4203805267575 -16.8782239648642 -16.0967666680646 -16.4901715666197 -16.3018932018068 -16.3037669103542 -16.4243854576377 -16.3143504167917 -17.2502087855556 -16.8637528972991 -16.5717172715577 -16.7909443853316 -16.2838849423306 -17.0332085709104 -17.0982597859008 -16.3582553268536 -16.7740536631826 -16.6468187998762 -16.6426578314919 -16.142081538282
-16.2444795160473 -15.8223755995234 -15.3064889682306 -15.6970648270272 -15.8306832776094 -16.7043242736561 -15.8678707831016 -16.6929159678955 -15.9964937435886 -15.8604997135878 -15.3568064825203 -17.2031448726865 -16.7641905184994 -15.9910615318638 -15.6007880397797 -16.0916223971246 -16.4037564652119 -16.0678616889265 -16.6880064593802 -16.0043453459906 -16.5978561089297 -16.2043350572717 -16.5029157020662 -16.114886925331 -16.7119909091341 -16.3295261547521 -16.7131587360297 -16.4113126620878 -16.3395297085443 -16.0316094917684 -16.195943580294 -16.4826029575385 -16.6388508015037 -15.4976678108691 -17.2307153940909 -16.3717912770505 -16.9539395390134 -16.5643573163644 -16.9166850205487 -16.5000509528212 -16.6144626527306 -16.808273564992 -16.9632581940015 -16.4666935337206 -17.1478159787544 -17.4663007590622 -16.7436030657462
-16.2421852416845 -15.7160502517903 -16.2013972553333 -15.0447488006308 -15.9475750546163 -16.2965056241408 -15.7075410718394 -15.5119171466439 -16.907756869874 -16.5056180768927 -16.3002750389353 -16.0315835271626 -16.2243480440204 -16.2050921659654 -17.0697233166109 -16.2267622275504 -16.2120148881894 -16.2039308965849 -16.3653768922783 -16.6953145298271 -16.3678906695026 -16.6918722440331 -16.4489714061222 -16.8650210582718 -16.8022034855091 -16.2444958196716 -16.4665555016441 -16.2386986637251 -16.0382170822412 -15.8791127237141 -16.1404370290166 -16.4863643831364 -16.9085460850999 -16.6771587357519 -16.6796124398055 -16.6795127504443 -16.7218453196879 -16.9207912965 -16.6787660285138 -17.0985335644699 -17.4012211317825 -16.8295615586463 -16.4647370774729 -16.9399466999522 -16.9146566239099 -16.4222270708683 -16.2004369641063
-15.8713117665341 -15.6089667324905 -14.9891517749471 -15.2148807724831 -15.9437847894191 -15.9054836108692 -16.1191480250206 -15.4824837848686 -16.0461095875645 -16.0575025862961 -16.0722171411113 -16.3598265448771 -15.9324504645149 -16.3174786174937 -16.9676600021066 -16.3347484001075 -16.2908302721742 -16.2975647559959 -16.5306747336018 -16.4418529492149 -16.4991621319181 -17.2737758830694 -16.6083690803005 -16.2043705312922 -16.7257950475192 -16.9618654987987 -16.8514555505526 -16.3447072751845 -16.973449659189 -16.4382881226812 -15.9890922815215 -16.4897017573939 -16.0548278572866 -16.0407390496436 -16.1449523859723 -16.6686188450137 -16.7448874144095 -17.6108777092227 -17.3533026085157 -16.5806519892754 -16.3308229193503 -16.8646790739996 -17.3038760343552 -16.9402773213314 -16.6895531389749 -17.0504397890118 -17.1051919415518
-15.4933540031126 -15.923981713468 -15.9120053013369 -15.7895811042543 -15.873225204495 -16.1443269010794 -16.5152663524416 -16.161301018711 -16.5614720301145 -16.7572094252897 -16.0502387380627 -16.4497479777409 -16.6726726187022 -16.0838944266236 -16.2111460133029 -16.1506056088862 -16.2908118139815 -16.3088359991591 -15.876264962961 -15.8196806835083 -16.8990601954145 -16.9016575407057 -16.24086328683 -16.70206195185 -16.6017103712006 -16.8976780614501 -16.1281302522099 -16.2393603160671 -16.4109075820602 -16.6428942627167 -16.879084122081 -16.7580416068167 -16.7991429799552 -16.519825664163 -16.7971005924028 -16.4659843121778 -17.2199964545865 -16.5041174975325 -16.8084036382531 -16.6261524956414 -16.6034473334375 -15.8875161059768 -16.5235282404037 -17.3574548061208 -16.2509533132341 -17.2958764825174 -17.2699482577362
-15.8776625460985 -15.8110450002476 -15.32428950204 -16.0512730328471 -16.0592928313117 -16.2719765746792 -16.2720919494336 -16.4766993480629 -15.8147313685114 -15.7769993327717 -16.4680377121214 -16.0677042232713 -16.0454845811515 -15.3457039194003 -15.791973048854 -17.5158319407922 -16.7169687317982 -16.2079306152882 -16.4405727010639 -16.6429837539717 -17.9731509876197 -17.5641262069013 -16.4016186295781 -16.7738348669683 -16.6090567139981 -16.5646007089786 -16.4672243814008 -15.8757871522885 -16.2394028808461 -16.2394026569978 -16.7998089019267 -16.0616023390328 -16.0485773846207 -16.9080550618848 -16.7152954744029 -17.618786701647 -17.1536448447052 -17.0102379825264 -16.9579204848878 -16.6518495338171 -16.3265876238493 -15.972625670636 -17.3855920598595 -17.1197322028043 -16.9117130597378 -17.3024086465543 -16.37309649415
-16.1366953322328 -15.8809800346683 -16.2171478871662 -15.105392764876 -15.8462817910598 -16.5758621192367 -16.3626071627389 -16.2107287497062 -16.0668619471775 -17.6500759555829 -16.3303517590632 -16.1666321328076 -15.7732491608588 -16.0924525874511 -16.9987423060361 -16.7436630023115 -16.4069311999634 -16.5731644368554 -16.2507283042011 -17.1865619907191 -18.0445547989121 -17.3752852648459 -16.6532691438867 -16.5870298814504 -16.2255952042649 -16.7691259174539 -15.8278671538625 -15.9085526761103 -15.9226884333748 -16.2923133253121 -16.895901306022 -17.0489036557602 -16.9254219478271 -16.8018951734996 -17.4536623636335 -17.7744246013326 -16.8837740879376 -16.5764607444448 -16.4972575629279 -16.5313069470816 -16.326552362349 -16.6253948154023 -16.8108803169895 -17.0147521773373 -16.8162493736107 -17.3551431394058 -17.4015839310556
-16.6407594199988 -16.1313871695448 -15.3342532436429 -15.7896837209841 -15.9804437589313 -16.4423065744898 -15.9388282512563 -16.2355583690679 -16.3955379627632 -17.3714266963201 -15.6949206080581 -16.0974410911023 -16.0658395611897 -16.7695057258647 -17.0418550296567 -17.4115556630511 -16.6929679299983 -16.678119804166 -16.2187503275959 -17.4239922186547 -16.2973441698945 -16.9564764883009 -15.8354554153775 -16.1774378423934 -16.3214961964711 -15.2879982910099 -16.4081316866484 -16.4600619459121 -15.9823320873952 -15.7121397057594 -17.0267248252019 -17.1775545797723 -16.814534266216 -16.8753675586282 -18.1044247554357 -17.5331896328907 -16.8245917705219 -17.2237155604622 -16.1290524423523 -17.0602433576682 -16.9895256998904 -16.5418486414531 -16.4710632198067 -17.3836482730472 -17.0913299377523 -17.3974469526756 -17.2949464883859
-17.1737302883777 -16.3263120821171 -15.9114870503042 -16.8971868698521 -15.1041109402924 -16.332323503666 -16.1638957590787 -16.2788278321614 -16.226171812981 -16.3542471772431 -16.8019677366094 -15.5447588004139 -15.9382960995955 -16.2826511054473 -17.4025812573896 -16.8301465034614 -17.1181950518745 -16.3587458067531 -16.1639045273654 -15.8882081192644 -16.4370576193903 -16.2603533391426 -16.3734522526871 -16.5604834411016 -16.3748595427242 -16.5514081982887 -16.6087546462312 -16.6208076874095 -16.480559787828 -15.9017739713059 -17.1745195435263 -18.6877308657373 -16.9846134823295 -16.5686136407513 -17.2739518870804 -18.4591345037903 -17.4215256963684 -16.5331613441371 -17.0221651015863 -16.4122493009716 -17.3030433020591 -16.7750466767904 -16.4150622503687 -16.6768059707061 -16.892912111134 -16.9649491838525 -16.5324496409536
-18.2710973146522 -17.297005985906 -16.1966692600899 -16.8069485546791 -15.996172706998 -16.4622739691301 -16.3266246551356 -16.2748739788109 -15.8601407179493 -15.8945374493909 -16.1470116066357 -16.6198341204113 -16.9311600961303 -17.1134344578857 -17.1651082730921 -17.2760978126862 -16.998772109721 -16.7101928250179 -16.1644941634939 -15.8175477664426 -16.7567528565317 -16.1549600791213 -15.8193745205986 -16.6397842676519 -16.3266838865059 -16.5309222532885 -16.0681059908525 -16.5613109995635 -15.8464917849719 -15.8690623393861 -16.1946409016306 -17.4272738966046 -17.4462524039152 -16.9868932390401 -17.2153558178095 -18.1183814880866 -17.8236533911463 -17.0357247376039 -16.5032569578912 -17.5307910136633 -17.0458825199291 -17.1487565100058 -16.7340071403332 -17.0455461739928 -17.1093741759464 -17.2647779045221 -17.3028333093911
-18.5081987996401 -19.1271591917799 -16.3311089324279 -16.0946037561698 -14.9787369228933 -16.4616696464933 -15.8298461254481 -16.5290287776371 -15.7853136722791 -16.0364260455644 -15.9678371088384 -17.6080509165208 -17.4007337206246 -16.996602557627 -17.0719307363507 -17.1714848449259 -16.937021014936 -16.5386832459892 -16.6642064013652 -16.5202941920322 -16.1789204612153 -16.0919124555731 -16.3957409461056 -16.197093717151 -16.5019234819 -16.523218356957 -16.625309804094 -16.541800141538 -17.2095412924089 -15.8147252982855 -16.145608963331 -16.731626639827 -17.3091116371905 -17.9940134126746 -18.2546679118827 -18.3751393886317 -16.3626326651281 -16.7400645500493 -16.8461306955429 -17.0174960254024 -16.2018605933163 -16.1840263272744 -16.9624767725431 -16.4402863168614 -16.7347744444933 -16.8647124707431 -17.3824828336325
-19.2417098080767 -18.5711931455897 -16.4912136308208 -15.6916459547232 -16.6810643295758 -16.0304379881636 -16.3907677929859 -16.6569075687343 -15.7858364557733 -16.8696121915912 -16.8454103441795 -18.0839703914082 -17.7690870864085 -17.22208948855 -17.2255546880533 -17.0385998924405 -16.5477708681112 -16.2692461073355 -15.8153070841095 -15.7003021749394 -16.0008739523549 -16.1375954551664 -16.4391545251943 -16.2547648915027 -16.5017746644558 -15.9135728524061 -15.8130484869737 -16.4225862282867 -16.1722907655831 -15.6637228174661 -15.8269250333027 -16.4777570336164 -17.4390412405938 -17.3655058366577 -16.8442137452018 -16.1342585826026 -16.2900163065137 -16.7375904899704 -16.7960138006684 -15.7445994626643 -16.1806284250346 -17.3012264172792 -16.8434559786183 -16.3708625667428 -16.5333965688417 -17.2461188205599 -17.3615540740589
-19.359234031721 -18.1639441363495 -17.5073345105426 -15.6567938557261 -16.6117592761233 -15.8303059818248 -15.8395253990602 -16.0954671545275 -15.9132228971713 -15.9452156218299 -16.6627423503529 -16.4703588996522 -17.8786993181893 -17.452813739307 -16.5290036976047 -16.2191534962444 -16.0200211179174 -15.7746888639811 -16.0724923621822 -15.6396673596842 -16.4838779314154 -16.3789173756658 -16.4248670531961 -16.6797155656472 -16.573453995364 -17.0011289563831 -16.5760671863806 -16.4917580231938 -15.9964835226635 -16.4396644765465 -16.3644315059666 -16.8231001232099 -17.0682420535126 -17.0958247260343 -16.2656125690821 -16.1372590566776 -16.1373688900115 -16.7734833897429 -16.4569141627915 -17.290134833043 -16.7562973020353 -17.3423204049479 -16.0474305144747 -15.8404532683629 -16.7369775010043 -16.7080469433125 -16.9274948907442
-18.9909612295342 -18.5819846370356 -18.7933977025411 -16.7072167209822 -15.6423668716504 -16.304743922918 -16.6680985090523 -15.9865619181688 -17.4135885561459 -15.3969753213412 -16.3356510044207 -16.2786313243785 -18.7861319727399 -18.3955417173944 -16.1631916073128 -16.3480282140212 -15.9917540078088 -16.0198834843983 -16.072171485728 -16.279741053283 -16.3769523853404 -16.146491135398 -16.7438819086714 -16.7343787639117 -17.6049202292969 -16.8730979165616 -16.3876951955863 -16.8462763447287 -16.1560886221165 -16.0068738416383 -15.900782027305 -15.6944741357489 -17.0080347837253 -16.7465795515037 -16.6899279102325 -16.199396370005 -16.9604830354327 -16.9512186896178 -16.9132585714638 -17.0626094502891 -16.968710143868 -16.2341531525577 -16.3590202919696 -17.2226844497083 -17.3783971615352 -16.9080337136687 -17.042221517311
-19.1213815570598 -17.6826231125775 -18.8132328409748 -17.2385505334403 -16.4645045340949 -15.7835581198547 -16.1257543042587 -16.7363920187944 -15.9446414001434 -16.5722280650502 -15.2211862655854 -17.8890147373079 -17.808484779206 -18.1076525441463 -16.8636203785006 -16.3390544876747 -15.9013670649968 -17.0049193821568 -16.2706698010132 -15.8194400129762 -15.6622428097058 -16.3275625021994 -15.8999525868101 -16.9063255726346 -18.2368233390308 -18.0875527524092 -17.5312748536043 -17.7080061382093 -16.7333148277707 -16.1393687748223 -16.2721717506989 -16.3461450021791 -16.1000045530857 -16.6884057647774 -16.2633815292996 -15.8163643053453 -15.9894838764385 -16.9957420959819 -16.9389109069487 -16.6054479842897 -16.6433164327921 -16.6559540276496 -17.1334240606236 -16.3310746007234 -16.5224578819611 -16.6790746607917 -16.9358746349775
-19.2407315454191 -18.2632950889479 -17.7600576321339 -19.1412256384297 -15.9755643134845 -15.5238128580939 -16.2582406476917 -16.2968989179915 -16.1874889967668 -16.0192941467123 -15.8895571217628 -16.3761191481598 -17.3972416345305 -16.4730427884077 -16.5931272636441 -16.174408698172 -16.6527765428365 -16.3429407745519 -16.2922532076654 -16.163949807276 -16.3049423661857 -16.3648686797469 -16.4057783655165 -17.1532214577526 -17.6906095424907 -18.0166710150449 -17.4989450527326 -17.9562749307849 -18.4031470802414 -16.2337988592713 -15.8415625258887 -16.049270729106 -17.2130545292555 -15.9667336661845 -16.5856614372136 -16.3324683924017 -16.6633070594693 -17.2115018441073 -17.0044759025154 -16.2589991863067 -17.0294867471922 -16.7556067995829 -17.3604636174794 -15.6115863642445 -17.0020885665882 -16.7428197050744 -17.1815601436019
-18.4457311508195 -18.0390805238647 -18.1198332133791 -19.1189138834335 -16.8561571087837 -16.0001285621426 -16.384692885499 -15.9713430182665 -16.821328554368 -17.3662943221208 -15.8578847288953 -16.7067734781475 -17.2701125239874 -16.3326914055746 -16.3529098550097 -17.7220292259259 -17.6689251003731 -16.1028315505417 -15.9390626610069 -16.6539396815522 -15.5170875666551 -15.662693412285 -16.350393571782 -17.1513775554814 -17.7720453525862 -17.1796588035537 -17.0275204827959 -17.3926915489051 -17.4837124421835 -17.1390184680476 -16.6240727318426 -16.5263304040272 -16.702600551122 -16.668343631962 -16.4302876153888 -16.616754347098 -17.1520917923711 -15.977341656763 -16.038897784585 -17.3584899328898 -16.37699083559 -16.8074476752824 -16.8538675244933 -16.6278500792062 -16.1851060640009 -16.8488007055478 -17.1304546442624
