wc0.5/PCA/Component-5.asc
NCOLS 267 
NROWS 470 
XLLCORNER 79.65 
YLLCORNER 5.91666666666689 
CELLSIZE 0.00833333333332575 
NODATA_value -9999 
[rows 168 to 188 of 470, columns 47 to 93 of 267]
-315.230528837749 -318.331201744805 -321.624003441727 -322.624697619701 -316.108372190889 -320.49946101861 -320.994197813077 -321.01609862427 -335.712614546228 -343.327827409525 -337.129292176741 -337.839249373848 -346.920989959639 -345.660487907802 -343.502109422747 -347.048653499653 -338.310051052462 -349.271326621848 -340.508804521421 -340.487629543333 -353.681974900647 -353.610794386558 -354.662708854384 -359.826373913747 -416.543908243371 -416.156769662283 -357.705983408124 -351.400072625473 -412.175042657849 -413.781290551108 -422.972743608037 -362.47996109958 -422.631816906817 -363.824034759683 -365.025302504721 -420.426862534653 -432.775171921239 -444.922076090948 -375.445276609523 -445.6971960555 -436.211549610085 -436.842543534309 -435.250465228843 -438.227009116261 -443.805861490671 -431.47215635856 -442.295608536518
-312.436360944819 -321.267858764361 -325.879962570145 -325.023061140748 -328.304278357875 -329.111070283921 -320.165119516128 -324.813252240024 -333.152882358565 -339.205237034014 -339.438375818546 -345.811275353153 -340.331386981413 -343.65510547398 -344.814364401405 -352.073015140484 -336.715162441021 -348.44280734819 -346.92603771661 -344.531431693514 -346.857655601822 -344.964727077824 -356.368260986215 -354.183866814286 -349.790848330173 -358.285357750911 -351.519905702585 -351.637870417417 -420.165294571717 -428.232329855906 -418.561966875329 -411.604599799212 -430.085375583954 -415.084869000079 -424.853606935307 -439.720919796469 -428.450088276224 -445.408377592688 -432.133589020605 -381.145113561698 -443.712235008162 -443.478581786276 -443.690281367929 -431.137186791956 -376.135335887655 -444.122717935421 -447.95481100567
-318.936484789132 -316.027027243217 -330.776516312857 -329.121121605591 -323.409318127992 -334.821621456688 -330.695701346038 -332.079600689392 -340.252042469569 -339.728048164274 -344.73383542844 -335.635468322577 -329.926369828684 -343.18326173899 -343.55892513378 -349.643534505794 -342.94809548571 -346.531048528509 -341.846466937794 -343.201630952262 -350.254266795544 -339.451388877759 -411.757419386089 -349.5725485889 -353.700439120241 -353.142911849958 -351.769255156 -359.972541443197 -409.887768027286 -357.94438406846 -425.240544628971 -412.980381141467 -431.063572469809 -422.758170259437 -420.263512087031 -432.096060021517 -383.028879853889 -427.511503270398 -426.963166307088 -443.840795997742 -440.991261493739 -441.926809410912 -440.612115856276 -438.3114117389 -381.819943291923 -428.884226490895 -441.191207807878
-327.645102165407 -330.740918521984 -329.44133349812 -329.688287740424 -330.028662268294 -334.59017548811 -332.162158074471 -332.997043929412 -338.06534029892 -348.398754354255 -340.387751381397 -338.553631559547 -334.252877915052 -340.391902520166 -346.840634254042 -346.815910754628 -343.334230321475 -331.825389100634 -352.576261035968 -343.7300988379 -345.168620942713 -353.288978935518 -348.629721639918 -358.982225311172 -351.391006320201 -353.50432318631 -363.337905539906 -361.014812867337 -356.921770186292 -422.862939086343 -429.534321178105 -424.398778884011 -363.875115345206 -371.377522279712 -369.968299994371 -427.250757414594 -372.776043388945 -433.987840727137 -444.685354640067 -432.41863984391 -447.989373920849 -439.176302828625 -438.727718923336 -439.669377078893 -443.441685709633 -429.223660218516 -422.863850578451
-337.850151234327 -333.102119239127 -339.707401066548 -339.28007702835 -326.245803309575 -323.392686628746 -324.683069710275 -324.730003500335 -341.882926693764 -342.38712909239 -331.748043818877 -335.336144798806 -329.587107434428 -350.007957211983 -340.049633009581 -343.180802502806 -335.497321582228 -337.93371656798 -345.57394494232 -349.396295006093 -343.946771919414 -345.383166869438 -351.523097252618 -351.152640639026 -348.584054518013 -345.469998632442 -344.154383492263 -352.651264552163 -354.026548644618 -411.961593389562 -433.069940384495 -360.952959571599 -365.04906689219 -421.498124830623 -436.269071926553 -379.139428275064 -358.479274755037 -373.459303518976 -358.919191111577 -437.586627829945 -383.680358395298 -426.267438695202 -431.763888777591 -441.297198904469 -443.683391770013 -426.330406008907 -415.158727218958
-335.074760916787 -327.519914716142 -334.051133875916 -319.419145919006 -331.962108981118 -333.667424327233 -326.470029324337 -329.312216821577 -327.896660369518 -336.269940545483 -347.247173502772 -328.560337009206 -337.888023178111 -339.993736453556 -340.423601325419 -338.019527076346 -332.357842727078 -341.700000672451 -346.922848253663 -342.655254302353 -344.681716462477 -340.202310756757 -349.368518113985 -353.641646561703 -349.302009510485 -343.755052451922 -352.423483359315 -361.128732358152 -355.692381804558 -416.13558992056 -410.755357875605 -427.937279170697 -363.83537545067 -436.047174495608 -441.221668066812 -425.086398042061 -380.211226903257 -444.009831417642 -419.573831774021 -427.600799870059 -427.995060642651 -431.607896412366 -425.948408795761 -439.744840695797 -383.077121329738 -441.587964482134 -445.078664512911
-332.05294555975 -316.955442813434 -325.983428314814 -332.885883665253 -323.03937685383 -321.476831143974 -326.497719544777 -336.585637061716 -333.844628217312 -340.897649830702 -343.574889012709 -330.809637475435 -331.654100077923 -338.396298344746 -331.048147098688 -417.576659727613 -350.101269792868 -338.812946685662 -353.664704690409 -347.586769774025 -340.378549593925 -343.757433068399 -351.395082657253 -353.958610389588 -347.271764102121 -362.788880382331 -352.740539691093 -354.09358376954 -362.175345955444 -362.85886652987 -414.340615053714 -369.780112692078 -426.299707099383 -426.9223353555 -420.518768911796 -427.959867836429 -432.022373117836 -365.702167569383 -432.216755517096 -435.421038661183 -436.370449673413 -427.484477933477 -439.50955772101 -444.667065577853 -439.976620963928 -431.195057194485 -430.627601818195
-321.039222633323 -331.007538661376 -316.044737378985 -328.043652262823 -320.446936335621 -327.572509421158 -319.200998460402 -338.031424820083 -331.216934831788 -336.745266461456 -329.990222532091 -335.459276683188 -335.286388682401 -342.646290302282 -332.294646233255 -336.748923187843 -330.91328011819 -411.335256138723 -333.465969992857 -354.801326141232 -338.392715563655 -346.697328932976 -349.129453293071 -357.048660612429 -427.388882931645 -364.699014406298 -354.133146312213 -357.363682321633 -356.998038364089 -362.652925111594 -366.522901988052 -432.490700046002 -430.869673916997 -371.098531076751 -430.149112492099 -379.095984372864 -426.111550029709 -366.875632476374 -433.260740064504 -367.349152578409 -428.829015745112 -436.866899591148 -433.826868183918 -431.927382200289 -448.369087896842 -445.169926739421 -436.774065094647
-324.448576265396 -315.885659584445 -322.402193251904 -320.210104297036 -331.097899576918 -313.939322969081 -331.372584319442 -330.867007172921 -328.718219187768 -327.873244753269 -339.236164168412 -337.062342486591 -330.774464610693 -338.492264374206 -335.79102977568 -342.523887967765 -421.26058680902 -346.300340770222 -341.136427199914 -343.070515355782 -355.734868991874 -353.299801867446 -346.915610178071 -357.814674048593 -366.229941696556 -356.705893907653 -360.070256194215 -425.28115369521 -361.132448680923 -355.663212430882 -354.371913587853 -365.947413448481 -369.108290908372 -432.289603164003 -435.95046236299 -373.986972877665 -366.177810948492 -366.719661480737 -364.754725345351 -430.041171241565 -437.421320520379 -433.62365226255 -435.130479125316 -443.946020413775 -443.354193655323 -421.153487223353 -440.170920846738
-315.089568836178 -335.804640660707 -341.873440014058 -314.792391272139 -316.050360648568 -325.440926162226 -332.31075007058 -339.608712220242 -342.55312638642 -341.828302111447 -340.102373893821 -344.801047103674 -335.698178566416 -349.540169638062 -349.024231722565 -337.499135802143 -422.479172480485 -348.482103885681 -339.109856766559 -358.216537441496 -359.748897484975 -351.345248230563 -355.169747294232 -360.846517419959 -363.783899350622 -356.774930252446 -427.262829531533 -424.408897912413 -355.919407503495 -349.202153080781 -361.310272452784 -434.343011482374 -422.24807808319 -435.593141262644 -439.251429339601 -373.673644315527 -431.046006713324 -366.538556402623 -365.504245085131 -429.760901928485 -426.585212925112 -422.313158712471 -430.513506959412 -424.658348205421 -427.580112754024 -434.583406601046 -423.499546616259
-309.207224322283 -341.051723154314 -338.785097024398 -317.18276132945 -334.784861496212 -341.630510432474 -346.121678099098 -336.612162456405 -343.885653154956 -344.396366249063 -337.2846494516 -346.535559573389 -338.329216997676 -341.923238872765 -347.359471120434 -353.420883320571 -350.437202831769 -361.552143424496 -347.055429138145 -356.757488750449 -357.519553433021 -345.59415571095 -345.008461377985 -367.325260012975 -356.666918640904 -359.679723191263 -369.065851209068 -426.082755343071 -370.64976312438 -357.729571543735 -355.106745649252 -363.88079785489 -434.003875376587 -437.055221924624 -371.867532136711 -370.463670269761 -375.079103992672 -356.791070875282 -362.41559243292 -442.359591543695 -431.197529288298 -432.264366886204 -422.391663523284 -430.028232806061 -426.124980766919 -427.267288983135 -422.386255550721
-325.851673161595 -318.240624154555 -343.739468057531 -333.708945110342 -330.433784034185 -332.421432687007 -343.93355124294 -341.509235373023 -347.837779903056 -342.606666601268 -346.698158798739 -347.867963389899 -348.449973308303 -347.136558813358 -344.821816500678 -342.325335634313 -355.048431561178 -352.145308858232 -342.945433154013 -359.683593794935 -343.936117975098 -347.544228242188 -355.802775347712 -371.480879554135 -368.319797561556 -354.925899235632 -437.892035806152 -360.660196762575 -370.710930739875 -347.431399498267 -357.54327656893 -431.550520878755 -360.106967480663 -364.880343480321 -440.373210602991 -427.732596975309 -421.440594784078 -374.606526494218 -359.488498482897 -360.627965258701 -426.633011248943 -432.960498591078 -438.38294345654 -428.525256813706 -433.919515499788 -433.42658998734 -440.469282361633
-330.119641346333 -330.19626770387 -322.51614040376 -344.487424202734 -324.921094320384 -346.334363014153 -342.86918409495 -352.180745334122 -348.360591033317 -337.981496257133 -336.688485875501 -342.684342350971 -340.967857031337 -339.335285416189 -347.329001249642 -344.033495726942 -343.841753854661 -345.754632318233 -351.99960865277 -358.26659175138 -342.606388114608 -338.996502051302 -357.709647337568 -360.93750048788 -354.036026405201 -352.296986920718 -372.496218901031 -369.61526861235 -370.554816072664 -355.403504557348 -360.30709063833 -353.380504017553 -359.467541466416 -366.756310849863 -440.662882948719 -372.283276178699 -431.089091884195 -362.952544236821 -367.18577349195 -361.423036880822 -361.225192970832 -433.330328458926 -433.059539413815 -431.77347220025 -422.245991849401 -425.913011929368 -426.229469643549
-340.893925924473 -334.531910931879 -323.86249331154 -325.317003294465 -345.872716516792 -332.69321793515 -350.394781124246 -334.756153104646 -338.15098600475 -336.693276682237 -345.005359791479 -341.664824218999 -330.233371550414 -337.691731392008 -345.037996158876 -346.871225312466 -344.442425813091 -347.117434231769 -346.550007652541 -347.779657553318 -348.53225663173 -343.880666453099 -351.770085067984 -343.093459917385 -349.63253036381 -356.264715751982 -350.159939923518 -367.11657406957 -363.276333933703 -366.070279848409 -342.620456273764 -361.35679410502 -356.588427309303 -359.166461069169 -432.373456303229 -433.53984877244 -363.947601407597 -364.029515217022 -360.344161638689 -357.150667051573 -429.736169473567 -433.732214044129 -430.615351652022 -425.603307259363 -425.934096621714 -434.270457323355 -425.459594710328
-323.005014979705 -346.324483055668 -333.737742848515 -327.463027232495 -347.332842957748 -335.358162584653 -337.137496723444 -335.836147333393 -335.952735247198 -340.254265845013 -336.067925350872 -333.233758790623 -335.678951285226 -333.295348713152 -336.964802280227 -340.326682481136 -339.566243541777 -351.315499273655 -345.903012532134 -345.177955847373 -341.374574233135 -340.972963945117 -359.503151624756 -360.770925063173 -358.56036570323 -341.652019187905 -433.16571152213 -432.715077053256 -347.960148532529 -362.240955112683 -355.936172109157 -354.82260446179 -356.266042774044 -433.633302787843 -425.473083987459 -427.544537077628 -431.189284194001 -365.993805601043 -366.640952729233 -360.456010129141 -363.529636795208 -432.723273505298 -416.453105864199 -418.614146614597 -424.903375973471 -426.408263878025 -434.595424543625
-342.776708034142 -350.771449479578 -330.309083977471 -337.580289432494 -338.529650903383 -327.639021493409 -329.769298002079 -342.701551040852 -340.362645231135 -335.096968061042 -335.964555363682 -334.013631659804 -346.00530304586 -335.535259621867 -345.739872224888 -341.431598509291 -345.51149786765 -346.416255678606 -342.331264325992 -341.302183980727 -357.87068770669 -338.718899015567 -340.967565093229 -343.002293796784 -424.396182297592 -342.771973148716 -348.399874830851 -345.518357200727 -352.503397911196 -347.564163442632 -344.115598651393 -339.656822342678 -360.87573433967 -360.145902555354 -368.341235685022 -425.174321281799 -427.498366912993 -362.641549724636 -351.787258760041 -358.092168250733 -363.069514832173 -427.421104684204 -423.49115679858 -416.358376735425 -432.961208455324 -423.015995542494 -435.827727148015
-330.096038780412 -345.495483257165 -327.809559982996 -344.852476514135 -328.479889157128 -340.715792627251 -337.545862008443 -335.232419062768 -341.942999378783 -336.591550387551 -334.652657983583 -334.583579479596 -342.06893618182 -338.321829553265 -339.146720725336 -339.686630524526 -341.353336659714 -348.582525087194 -339.678365924216 -347.048285925163 -338.553433921565 -338.473079748436 -341.398618668513 -349.653431536405 -420.587786149121 -340.048283119685 -342.738878026408 -345.904492036492 -350.619294337515 -355.233980543348 -342.578995118952 -348.231282107424 -354.210964464777 -356.982473346303 -369.022328182599 -422.37716383434 -350.600375811544 -352.371946866559 -362.955453131212 -360.912301025974 -362.133568424331 -361.656908419357 -427.401588699248 -417.52756331472 -420.311925254547 -433.186594758966 -430.116975779704
-339.013020673681 -334.5746203604 -348.01109799128 -351.673568508207 -332.178478976709 -345.013505042514 -335.387576279169 -346.441971492192 -328.212855764465 -345.002148395297 -344.768025719738 -342.490453272184 -336.359013852859 -336.691259723805 -349.35479601331 -343.292422699946 -338.662300271863 -346.965047936016 -343.122119333554 -353.186780709271 -353.985447915526 -343.594116412618 -347.373767649637 -357.027257737814 -340.682137094957 -342.683415905126 -413.88799947476 -414.337629485798 -351.049784177854 -348.59852397828 -342.887561289268 -347.664273227127 -351.975594703108 -350.302908089264 -352.298691772063 -355.455026567816 -357.707578844165 -352.453716281664 -358.481997105037 -363.496085637678 -359.320953574669 -362.616820485635 -427.780463908307 -433.856543913481 -418.801785266797 -413.268320230833 -432.367087124809
-340.403697035981 -333.669815405105 -351.311711596199 -339.708245167513 -328.154347327928 -329.882653215608 -347.119826293457 -349.990042257132 -340.537635236132 -334.324517889138 -345.522470573395 -334.332443419504 -338.638715202217 -338.268006917422 -342.549801322596 -345.348642605205 -350.077233509978 -352.375043091566 -345.016235835837 -348.135476818778 -339.51269995387 -353.983749645049 -346.752721321412 -352.164023149719 -353.448150357041 -416.581943206553 -357.168251856994 -417.58667688515 -358.642228404451 -346.686036515196 -349.283757675974 -343.721234785521 -364.294357585735 -354.738435758566 -422.858263055619 -424.431443474119 -359.940677414309 -366.738657100654 -346.697091171767 -362.024145095936 -354.245611393897 -352.712656791249 -356.279599861561 -362.393693056536 -431.039470733045 -350.542872589584 -427.534622055345
-331.238543881242 -334.281867779889 -351.526251291497 -348.259270714251 -341.343429940299 -345.648600082095 -340.733985443896 -341.645968875771 -339.119515303122 -349.81362058781 -349.382698849545 -344.266536057719 -344.393957604846 -341.364891869839 -346.277536548756 -346.84539991226 -349.6616770283 -351.704842678689 -351.182117800504 -347.944625601711 -340.877152226802 -357.939450160471 -346.726678619662 -344.80638542026 -355.018669299378 -358.225622768788 -359.291791938497 -425.788286025376 -346.027347835555 -346.990118209752 -361.092763430837 -353.173381362127 -341.069935008898 -364.087280481375 -353.009598830754 -351.663679924118 -352.30963743018 -364.654934975111 -358.457021376607 -361.601517203496 -362.941570214794 -347.134178487822 -347.338157403587 -356.868371069217 -416.53868675693 -409.33681974309 -410.565908430115
-342.510135575398 -351.332089332127 -335.929169919573 -348.355506704408 -335.401091901113 -337.544481044774 -337.897720274523 -343.541743374828 -348.349701822623 -339.804471841978 -343.668963679534 -350.591074791739 -340.425963254039 -339.704547627297 -345.692423997425 -347.499275561041 -354.142853760585 -350.869915978612 -347.635276245285 -355.141831241108 -347.321845821999 -350.306796803074 -339.453277148006 -350.914699757429 -348.690354851634 -348.764195725997 -349.996118177871 -358.042639246048 -355.135763312326 -355.995176778326 -358.515524779912 -358.857540820331 -349.690396509704 -345.070748369871 -366.681462116218 -352.982637917137 -350.315742191003 -348.774621463688 -353.088851415351 -357.51210935358 -353.853160961176 -362.895892904342 -348.262283291107 -354.931003499192 -414.843073034814 -358.232520900979 -405.154535368894
