wc0.5/PCA/Component-7.asc
NCOLS 267 
NROWS 470 
XLLCORNER 79.65 
YLLCORNER 5.91666666666689 
CELLSIZE 0.00833333333332575 
NODATA_value -9999 
[rows 63 to 83 of 470, columns 49 to 97 of 267]
-9999 -9999 -9999 -9999 -9999 -9999 -9999 66.1546208453946 66.0647897957815 66.3076914064764 66.5939742764751 66.3207320871614 65.730141435789 65.412393730518 65.6121269429981 65.814790217238 65.4664195676576 65.0855748521618 65.3939563508233 65.4566861463666 64.5431038420175 64.5467491910062 64.7645476197332 64.779715244985 64.6688320133762 64.4939210809088 57.1849895862502 65.176220324638 57.3055135066089 57.7471332221398 64.5016176190766 57.1578072977292 57.3104531479298 64.1567068525128 63.7639350268181 63.8811582893062 64.0082743649322 63.3664019354081 56.6457736884659 56.3148646782277 56.6135880499538 56.4645224632768 56.4487376321998 63.5463535425399 56.2695552995296 55.8305919485606 56.1674325940517 56.3071248833886 55.742207378723
-9999 -9999 -9999 -9999 -9999 -9999 -9999 -9999 66.4778644406047 66.6745492189492 66.0442123821061 65.8840221600588 65.4875276578466 65.6485195127874 65.7704476003912 65.9707002180181 65.8546842928945 65.3586447459181 65.1770476111067 64.734826170123 64.5160774286259 64.6441092906244 64.781610199104 64.4984827694312 64.3117599591138 57.9833712878972 64.8799528533611 64.743357533581 57.1132454012654 57.3553017126582 57.1163957480871 57.1685584425526 56.6594233199602 63.7987717495379 57.1181011439414 63.7445293559038 63.5251888425244 64.0737953348327 55.9759593966418 63.344010593794 56.2661676623622 63.4985995451283 63.8694135247174 55.8732605805513 63.4985838125278 55.7807862752993 55.8034023480486 56.219386372892 62.9097303930518
-9999 -9999 -9999 -9999 -9999 -9999 -9999 -9999 66.032060797536 65.6975507769258 66.5808033768143 66.2583140869087 65.7244932866139 65.8715027371977 65.4699279819786 65.8996796834611 65.3157782725798 58.5042212859251 64.5871728859496 64.4755525604863 64.3324344279124 64.9300688618101 65.2162399740316 64.916126585176 64.8399593270258 64.9465136721083 65.0605498559923 64.7633760827722 65.077904517038 64.1416303833923 63.7493310143978 56.8317473757733 64.3268137943882 63.6463889736194 63.5779049483375 63.2125535698705 63.5871739860423 56.6788505727744 56.1512077246045 56.6105924980777 63.64262504824 63.4941372208802 55.3568887504015 56.1055970406983 63.0929484208933 55.2975338765825 56.0053290473199 55.5905906862308 55.7104111126108
-9999 -9999 -9999 -9999 -9999 -9999 -9999 66.4331201559602 66.3547443130851 65.8230662150356 65.9817943818534 65.6655978652967 65.618585038354 66.0881257577445 65.8951499302543 66.0101097761129 65.3370917493717 65.0469614504198 64.753434151626 64.1742224634585 64.6738199775773 64.6653540814215 65.0080755392713 64.7275543323612 65.4751675448247 65.2260816066253 64.8004598475879 64.1635035359405 63.9688467234148 64.6756977456319 63.5843532304211 63.7303281687618 56.6844650792129 64.248975707335 63.3887504992138 63.4037854949368 63.7142167110746 55.7824894449225 56.2766924382135 63.7980912994099 56.1114531282117 56.1860845578086 63.2463402924831 56.1798279105121 63.5080391456748 55.5796574558357 55.4967757034569 56.2507280697691 55.6575610834993
-9999 -9999 -9999 -9999 -9999 -9999 -9999 66.089396623423 66.0464269682374 66.5470351108106 65.9240616401115 66.0787249796559 65.8916549321102 65.4254787095092 65.1851973952611 65.5077633921601 65.6008557225731 64.9154635248052 64.8067088823323 64.3358434386793 64.4067620551755 65.0094324353247 64.9351455320111 64.8279136911022 64.666690010835 64.5433374469739 64.877049803218 64.6361389410422 64.0074719561353 56.9488964286029 57.0259697024658 63.8730893143508 63.7168975878894 63.6374134329573 63.5573829343386 63.8723817548577 56.3160391320904 56.5794552078332 56.0007909205857 56.3688396321489 63.983292305215 55.6433263471864 56.1968165615423 55.9628665229854 62.8322038180324 56.4264223879163 56.1404261343333 56.1797075352121 55.2979635446386
-9999 -9999 -9999 -9999 -9999 -9999 -9999 65.9555347890641 66.5025822918602 65.8652149007557 65.7781734349519 65.707335326078 65.4041688437577 65.6581729986568 65.375520576443 65.332638586004 64.6941202135628 58.4531550093347 58.4196102215114 65.3644825632194 65.3593470632281 64.9139306891565 64.6037460504335 64.3595482044713 64.4862870244556 64.9550017528102 64.5953686580405 64.0379649217837 64.4062773790261 63.980272733027 63.7154584754685 63.8666652596933 63.8103355018466 63.8169017421365 63.4863623997817 63.6259194118498 63.124132252261 55.8460038069272 56.0660498458856 56.7167771965077 56.2053045104436 55.9698465284494 56.0233904034979 55.6266624823098 55.8964145378951 55.9264628191495 55.8829512533867 56.2336662075637 55.7830309756818
-9999 -9999 -9999 -9999 -9999 -9999 -9999 -9999 66.5707106722147 65.7874387723143 65.712347428659 65.9799179680703 65.1888788089256 65.0209826314053 64.6717665275861 64.68136317059 64.8014254487281 64.8032195228745 64.8520863722544 64.7266115482413 64.618460487301 65.4016553569687 65.1836064275964 64.8930462952074 64.584271401488 64.2398047238519 64.5492998072288 63.97720317396 64.3381267608464 63.9885292759931 64.0023270577509 64.0235881961863 63.5466438004856 63.227852231574 63.6886426323328 63.4800312066902 63.0185712079795 56.3003968641565 56.0982274629453 63.450815931618 56.4517374943232 56.6439738207439 56.0746176279675 55.9583548709864 55.5934684553933 55.8008394790218 56.0122647268759 56.0290610996415 55.9676187986124
-9999 -9999 -9999 -9999 -9999 -9999 -9999 65.7932796530992 65.5821162137023 66.141622869664 65.6729139379211 65.5903291697426 65.4049660169699 65.5191684297418 65.2079595511146 64.8065797976912 64.826103156498 64.75891541462 65.2562358991477 64.4478029989112 64.3001428240615 64.3388518428395 64.8203206762148 65.1245168595853 64.5278747899341 64.3967549371313 64.1692941256942 63.7377404881678 64.1386720940781 64.2343554205217 56.5567110297074 56.8558767753252 63.5373509151061 56.3236667009147 62.7898261600959 63.2342287920225 63.0760966457438 56.0140729128509 56.4614130425342 56.2251788666235 56.6616960487773 56.5017407001615 56.00017905644 56.3845117655688 56.3816141140783 55.7352777289739 56.0111521721125 55.3004115768424 55.8642790513999
-9999 -9999 -9999 -9999 -9999 -9999 -9999 66.1057786038638 65.5739363485895 65.9112137467628 66.0296443644757 65.3960545126246 65.1851841669179 65.4773229800633 65.0710787941058 65.6492831240231 65.1380099618638 64.8013588454306 65.0957537320811 64.7486047147372 64.9402192411534 65.2234998403778 64.6304309978693 64.3768946885584 64.1477424823594 64.3663966364339 63.8682108380974 63.4336524747622 64.0531802493794 63.8360795207301 63.6942085361179 56.2511159015954 56.024352973033 63.3439041673817 63.8819134115948 63.6692405677465 63.205923835051 56.1400941320702 55.7637214611051 56.1871690396923 56.465086321915 63.7221742883204 56.7315153500029 56.1999493370201 56.1886011561161 55.9975586447488 55.8756090440989 55.9488356713956 55.7221153223581
-9999 -9999 -9999 -9999 -9999 -9999 -9999 66.1600071119934 65.4329931074307 65.6963073706383 65.8630707676337 65.9261183521436 65.4980056242047 65.3751489572274 58.5990614218836 65.1411228289264 64.9218986359711 65.4318127249121 64.7702724644579 64.3933538862177 64.7739043572808 57.8709336704602 64.5197083138326 64.7129022712016 64.451662847787 64.0711333934352 63.2447751363365 63.8205839681461 64.0039602612205 56.7832856769612 56.7092448309858 56.4505464922029 56.3982206781522 62.8548805157522 56.6424944096496 56.8441464441023 56.5528955729325 56.3421050170073 56.4570043762211 55.8973492215787 56.5458041705423 56.2429678935238 55.8784928982003 56.5573423818737 55.5732681682744 62.9429638500458 55.9843235695397 55.3227461294168 55.6687779179278
-9999 -9999 -9999 -9999 -9999 -9999 -9999 66.121299359366 66.0345806100852 65.1367767367897 65.2919898640142 65.5092723433999 65.1252370975813 64.9118404601078 58.6680740945453 65.2623522744214 65.0132519507429 64.7290309111085 65.0900189378592 65.2566554349493 58.1019895362687 64.9479234293755 64.4563982319847 64.3026566343136 64.9202345684957 64.5399399875754 64.0895583312672 63.7837871052977 57.2725201152655 57.1382425488608 56.5772996059187 56.017683701146 63.5633093471349 63.4031191250876 63.3594318598953 57.1205635532695 57.0852844570548 55.9144316705225 56.3653694129546 56.5779723592088 63.5295103471034 63.1920662906143 56.0196627438373 56.4459199796364 63.3119878314634 62.711502609854 63.448839340836 55.55605029225 55.6360583480754
-9999 -9999 -9999 -9999 -9999 -9999 -9999 65.3940752675605 65.7586476319448 65.3703717076264 65.4527760830178 65.3685618815702 65.1847767572556 65.2184384980187 64.6385305117272 64.5378148006532 65.2264220156238 65.0663649633173 64.7908110125153 64.1157918573967 57.8484409511192 58.3408580576826 64.5998720095781 64.6256010860258 64.3335534724325 64.3656697516483 64.4025435158864 56.757368398529 56.5871582323342 56.8441021478201 57.1675319565512 63.5371153058705 63.8537410191076 63.7078457100036 56.9655294578209 57.1906225850692 56.8786188647066 56.404969916398 63.2008747454491 56.6371225795808 56.9193072534226 63.9137005615681 63.7930007082322 63.5038881029469 56.3474467013729 63.1230818415552 63.1829741670207 55.3171674569491 55.7772702529385
-9999 -9999 -9999 -9999 -9999 -9999 -9999 65.0353421000961 66.2911725517016 65.2107922484097 65.4863813432347 65.162658575848 64.919622833885 65.1406610594565 65.224197574901 64.7788490657454 64.8119506297202 64.6334195428016 58.7054114698674 58.1018909424029 64.6449116123174 64.4129283336563 64.2338865494898 64.4838968084041 63.7274909085766 64.0930791615103 64.0931831374952 57.1190186035606 56.8560479714109 56.7682230299911 63.5919133809103 64.1377384731349 56.7363944283615 63.4626922878594 63.6791408386735 63.5271960816157 63.2389880600896 56.2897741629509 63.6323161909744 56.7518368277609 64.0112999516363 63.8340457624651 63.3862221249829 63.4114151117601 63.2469246662374 62.6755877617203 63.0983086157527 55.2374004790574 55.5643198904748
-9999 -9999 -9999 -9999 -9999 -9999 65.1243891276585 65.0796852942938 65.3230477090409 64.9329829441941 65.2484166769211 64.9009786396914 65.1265517482377 65.27554726669 64.7327306463731 64.6951218932312 64.9753570972266 65.1612767611511 58.2338744554213 57.9360860737477 65.1658858184695 64.7158569790396 64.6158324293161 63.7289747333804 63.5411066452649 64.0659202942277 57.6020676628957 57.2146345660937 57.3254355952295 63.5156541246394 63.8974402239435 64.3115585894885 64.2629009663983 56.8500245614386 63.7486010389412 63.5206825639527 63.9207437652257 63.715015721809 64.1066137183903 63.8310597675883 63.7035744674107 63.9228221915344 55.9482571303184 63.4963616495711 63.7631677940292 55.9381502450541 55.9073748514435 55.9396931421326 55.6338254792904
-9999 -9999 -9999 -9999 -9999 -9999 65.0547059103027 65.3713919108825 65.4389248411743 65.1049186499788 65.1091333439307 64.7304964764136 65.28590868136 65.1350457385896 64.817026436301 64.702521716978 64.1124787981496 65.0092005394168 58.7666190223157 65.0137539499587 64.4819343101319 65.0496125286224 63.8448284709097 63.8357041975891 64.2773903885548 63.8665713312296 63.9423416817886 57.3305647322801 57.2544150606725 63.8926259161347 57.2159232227391 63.7296290784201 63.4120350582688 56.5451965153701 56.8565879830128 56.3072338672854 63.5683000344228 63.8660883802155 55.9203003527467 56.275356279867 63.3002781332965 55.9256639536064 56.1578296579505 56.8430195622868 55.8445136377478 62.8182612052357 55.6173089013121 55.6385995646123 55.6520793814655
-9999 -9999 -9999 -9999 -9999 -9999 65.2262066519553 65.1595335851627 64.9621430405889 65.7072344663529 64.8714398450913 64.9742811390417 64.9259341386441 64.6196783251419 64.6176233923534 64.9956164419727 64.8713785292204 64.6975900950607 65.3481728799823 65.5777798398709 64.7762865087209 64.2961484278664 63.66874747758 63.8936171821993 64.3189879361527 64.5741819903285 57.3605468373154 57.4181377073692 64.0146901353596 63.924004410646 64.5522168907485 57.0177506241141 63.5058485051475 56.0971520517014 64.1163979651027 63.7765831386981 56.5575926282643 56.8780847754793 56.1378680067639 55.8137276833352 63.2773028604873 55.7815911809085 55.7927659803386 55.2455476839298 55.3941913080197 55.4134307611435 55.4958399871812 55.4553079918306 55.3207612578954
-9999 -9999 -9999 -9999 -9999 64.8934194326476 65.1851108970557 65.4755874919363 65.4307147612976 65.3564715154809 64.8404179715559 65.3114419932172 64.9080322934031 64.677378720742 64.4331856506941 64.4196231818798 65.309589894884 65.3641761350038 64.6923741113486 63.9673304874916 64.7260962790695 64.3182822514788 63.978939733644 63.9961627188702 64.5355065484725 64.6422372311481 64.2228729491996 57.2565111937933 63.8405484431834 63.8297345115455 57.3809975415469 57.2634458232891 56.9685193376792 56.8829842430413 56.2801329307544 63.6147897596061 56.2104254517557 63.0586248684909 56.170964824892 56.1502382291525 55.8707608683988 55.6059320780266 55.6910456616387 56.0859446374676 56.047006917058 55.4713375571479 55.7762091431373 55.5249022909714 55.3711410575529
-9999 -9999 -9999 -9999 -9999 64.5956681365669 65.0109684847882 64.8290073797239 65.8312990688172 65.5660007177958 65.4072285691361 64.9597293537891 64.8712930272256 65.457674464945 64.4935476585344 64.7815180609106 64.7080015396488 64.9616668605479 64.9939251369037 64.1551826314856 64.2864838635134 63.6885507764424 64.078467620027 64.1771895986769 64.3660163371014 64.4812830786464 64.5827095333428 63.5185290317553 63.7504549438562 64.4139081559589 57.2200576109346 56.866638531562 56.8407825002567 56.385609738921 56.3314569328522 57.0252117121369 63.0771568778563 62.903718630288 63.1116248442284 56.4302376970464 56.4600179381934 56.1819792769547 56.3596243359593 63.6295814764653 55.9100879012291 63.2798703837504 56.0262283268994 62.8167205647008 55.7089490048399
-9999 -9999 -9999 -9999 -9999 65.3536243640031 65.0821164830808 65.1716670548636 65.1270592849543 65.0380122573919 65.0155996209357 65.1227036183557 64.9867273838174 64.4750166991269 64.4911750904016 64.7840785148129 64.8106164557947 64.9592457972135 64.3634812518411 64.2174241494074 63.6742254427067 63.8959152407752 64.2507643416942 64.4130663170016 64.256333668679 64.2557124780462 57.7093362240419 64.5948985793874 63.4794894493448 64.1890278549638 57.6039875128808 57.114008879408 63.263042275608 56.5137637296509 63.6401203206807 63.5876946678969 57.033334034861 63.3841820154495 56.2166513421787 57.0745692940342 64.0514359313897 63.108373843904 55.656123300455 56.9096977260152 63.652529285621 63.3946577714654 63.5427101184534 63.1629989825171 55.4803715890617
-9999 -9999 -9999 -9999 65.3553370356366 65.6577953895781 64.9502553598165 64.4059787168207 65.1714346660179 65.6558051702822 64.9646684200068 64.6808859518784 64.8597243648253 64.4893187160147 64.3067867651247 64.9969532945326 64.8945628415117 65.027535577146 64.2485410543647 64.6273866489533 64.6514158109069 64.2865368527893 64.3062521734705 63.880122317109 64.263371486373 63.8429393349839 63.7452284248925 57.4286247417834 57.5274458023365 63.5425394535726 63.3603029664452 57.1739039884289 63.4678208161768 63.5177324196363 57.3018644746897 56.5707795099528 63.6410836249351 63.7073111088682 56.226095195084 56.6358178850311 63.4468776530445 63.7618590382957 63.2147638389255 63.4595691680935 62.8088531652896 63.2331986236778 62.7941270518071 63.3067217580291 55.7603705066188
-9999 -9999 -9999 -9999 65.6977835437011 65.222524427624 64.9859404417936 64.9701664000626 64.8807356040028 64.3781548241344 65.306058745586 64.876225663249 64.986215395903 64.4761351649095 64.8471527950175 65.1343761324202 65.0723681564737 64.5388991752803 64.78971573426 64.3227465026845 64.0834415248737 64.9396202521832 64.2992085372705 64.1534882784078 64.0060557886953 64.0928680075847 63.6811600243287 63.3689729655772 63.971009541011 63.7198317650749 64.001038708779 56.9307298342223 57.4546966107329 56.6357819228323 64.1270185231313 63.4191469278693 63.36639033473 57.0901722298324 57.1950957798447 56.8149934670286 56.4291368873105 56.280280324732 63.4535294639628 63.9176301181175 63.284175237333 63.4975666615061 63.2026836719532 62.9391908015099 55.8220084428411
