wc0.5/PCA/Component-3.asc
NCOLS 267 
NROWS 470 
XLLCORNER 79.65 
YLLCORNER 5.91666666666689 
CELLSIZE 0.00833333333332575 
NODATA_value -9999 
[rows 231 to 251 of 470, columns 48 to 95 of 267]
-137.46800050085 -129.229091941146 -133.048659614807 -129.965766635583 -129.042968472907 -125.691967831687 -119.595464769358 -128.689106022636 -124.58791499732 -124.048396939807 -127.540363408499 -127.601255035221 -120.810147878013 -119.67979864179 -117.924810439686 -109.265119061601 -112.354438214355 -103.356713784555 -105.635257607579 -104.532042173756 -104.557305003788 -103.041682431411 -97.9501645585927 -99.8703189704543 -87.7542987908941 -101.760041393113 -84.1763298742821 -89.4708061099496 -124.681379235116 -85.9679028066248 -116.761270902915 -118.296275479439 -79.7096062828922 -78.3015001327276 -73.8007147368348 -69.5390201791384 -37.5308160031226 -35.8441065858152 -57.1390523271463 -52.9457948622784 -50.239721584522 -49.3540707041525 -46.3039025500007 -44.915362917828 -50.0851036948565 -49.8416979547239 -38.5616930057642 -39.8472633452701
-140.523798923947 -142.964888922728 -128.211056514247 -133.858281907548 -127.73987016975 -130.519158420539 -130.430647208257 -128.402519995048 -126.785886476117 -126.776487995487 -128.020530810231 -128.006667461124 -122.429662207281 -114.725208056447 -118.473175847815 -116.59547929687 -112.702853328983 -110.661563765128 -102.065806846679 -110.422806688842 -98.2641004777076 -76.5298699456144 -98.6931601022503 -104.566316264324 -90.228711635982 -86.5484426873942 -88.6864820955605 -90.2324960810521 -86.0990688139721 -82.3290724190186 -84.3160208450056 -80.5651810099856 -117.264404721783 -115.746698589984 -110.416157532591 -104.480413601448 -105.287447981277 -58.3204772713337 -102.267982061744 -59.7162482316931 -47.3424626405312 -90.1414824244334 -89.859848819383 -44.2830930064752 -45.0094069680937 -46.1071271599371 -39.6154345409934 -36.706192077714
-144.314439062332 -145.963998116179 -139.150439198548 -129.816161235844 -126.067497265621 -135.849047201955 -131.19263136358 -131.882024967046 -130.425836629998 -127.149732412421 -128.451233627504 -123.803247097673 -120.527466745136 -122.094752436253 -117.69554412824 -115.577007318183 -109.2501273107 -112.940278828827 -103.056125634129 -85.5320241942884 -101.827601248826 -99.1846123757939 -76.1834214280405 -96.5542415036071 -69.3031226299485 -93.1384147953695 -92.5648258163882 -90.3383213705551 -86.9131135674599 -88.3454264466351 -87.4169815731721 -83.3367424618934 -122.912098465746 -74.451665811758 -114.541180558594 -105.546561333307 -65.3280552888722 -39.6752906293592 -33.316114260089 -53.604116855537 -67.9757679168911 -51.1789728984565 -24.3094410376146 -62.1689309063425 -46.4954745930336 -42.2227054084681 -37.0888299292255 -35.1893715987214
-136.851711992239 -144.708359093561 -144.850462960821 -126.951071423272 -136.571158215059 -130.203814798605 -134.589899464289 -133.399653726806 -129.361001524512 -122.574475177274 -126.961250341921 -127.314189015399 -120.899238438088 -123.675332871281 -118.111485181444 -113.77488365182 -113.533219595499 -109.82073043334 -107.207095065633 -114.883071054726 -79.6250855588824 -102.98318803844 -78.6691946234633 -104.115193137615 -75.2519248713227 -100.331368694199 -90.7747280309242 -86.7034948627968 -87.7978557246146 -85.1620276950303 -86.0835892873761 -82.1147045863417 -84.2074456017143 -57.1088455409902 -78.2706574453237 -108.518017770197 -102.000627049034 -62.0183145718454 -80.0983874279924 -102.163198650703 -97.465581372531 -50.6655952048645 -71.9424105864664 -86.7361643220237 -17.9843530342781 -86.2158473104974 -39.8723283617512 -8.07906110364168
-141.318992967015 -146.000615786694 -137.090292131031 -133.703188992076 -135.637200079221 -129.238731434505 -127.250341266254 -131.035616166548 -129.7111162999 -126.102386222396 -128.677705121357 -145.501757370175 -149.619842665229 -147.228149369499 -93.5013281376518 -108.290899413164 -117.828915122857 -113.815569853576 -117.186069545502 -109.787813371192 -105.82258762573 -81.2743975071405 -106.77201181557 -101.813022861441 -106.78873025751 -135.452139251391 -108.570254342344 -90.7133461586922 -84.3777036806413 -87.8289912058773 -89.0112245712844 -80.9365633698512 -59.1264692431949 -81.5909961602401 -54.6785293074829 -52.5913125712528 -45.5487984939007 -105.130396476999 -81.1574749356387 -80.0760261491427 -99.5086395345664 -92.919832641302 -68.7746003835958 -69.943614190084 -86.6086879253166 -18.1001849306235 -35.9376850578974 -6.88052251227916
-144.174299457537 -145.024514059364 -138.570607680126 -137.972796114424 -130.766454230678 -132.720475965091 -126.657644147042 -135.424733449053 -153.136065515208 -130.25639586177 -134.062629083268 -132.158807618442 -149.387560422266 -98.1943415523583 -120.327210351749 -116.844365023061 -88.2571164873564 -114.998809833383 -115.177734040713 -84.8561202060632 -103.213835743623 -85.8042955323565 -83.7463003150174 -99.2007917764224 -135.076684683097 -74.3975472968978 -93.6564866453983 -102.053805186842 -99.3409295850244 -97.1402038757258 -61.0770533484572 -56.075790835238 -78.3983473344821 -87.8233891624869 -75.3945609198107 -114.122933775546 -109.58509194934 -105.916151413849 -48.7280891464216 -41.7307555155359 -101.708955631795 -31.5295507512372 -48.6169622316664 -66.0847314358256 -40.4195861148391 -63.6025898917064 -13.2542940657806 -3.58893126145416
-145.316612653851 -143.542895992631 -159.603893287386 -162.040075523856 -135.30512680903 -129.388073707301 -128.169999647835 -126.017248017827 -128.930861444112 -132.729479999122 -145.671189188603 -148.74320708278 -121.646131531114 -124.376329726931 -95.9797857222848 -117.322871606668 -115.074853361379 -113.987257427507 -114.583219560329 -113.709759869 -83.3370846367105 -114.7381867305 -85.6778951899955 -80.8956890753791 -112.184540147499 -139.819313427195 -107.72809366521 -74.1580428015513 -98.7900061769963 -91.8419992291185 -61.671699378453 -57.1505218895897 -90.7657191435305 -49.2343415612524 -47.5450322918869 -49.5641072426551 -44.4737303483708 -67.3406844619511 -81.3572557509127 -105.193056429649 -105.676778316273 -58.1779761295941 -73.654067340445 -73.5406677732015 -41.8388057164673 -82.4514616518031 -58.4963908470326 -27.8053956854084
-149.853856992839 -145.549957030608 -145.77957127684 -167.844323101506 -138.605930212826 -139.489063002761 -139.515374633438 -149.420868666322 -146.869862342776 -110.584786253527 -111.769792655962 -129.282758129142 -129.355928144808 -126.279915100134 -120.883782274965 -114.604606971222 -93.2089058338941 -105.257239260481 -105.024876276575 -107.206018056824 -107.33516723536 -107.990447507683 -108.563979481385 -88.6914989289414 -110.339854175763 -76.2062157444923 -106.99855793347 -77.1276515425465 -74.6660895750259 -71.6705601456915 -60.8711243491467 -94.9542261758046 -95.5895440009836 -92.034727324823 -50.8914775052823 -45.8843408539458 -45.8578717232102 -42.43096454294 -81.8498586027385 -79.0574073383764 -59.911949457544 -54.0296949448692 -53.2619595702347 -76.839162544643 -65.1804868536223 -98.3465405524979 -64.8570252005884 -27.1080218261544
-158.772249466074 -153.879658933385 -145.457784126112 -158.627582937865 -160.44446196449 -154.365310739613 -153.57303481311 -106.394407455237 -123.999965553587 -134.718918195448 -153.152752958479 -126.458994626424 -131.815383540573 -95.3435876274905 -126.742987282138 -125.546857339291 -98.0478915710685 -109.376822388932 -118.970476601149 -121.300803647813 -107.778613641334 -78.5712405961828 -133.053531000326 -136.959640088062 -126.935205049636 -108.209292441899 -106.01912368305 -105.145663991721 -103.436107484983 -102.035258149292 -65.4207404593755 -65.1204955609662 -120.354857241857 -115.573026700812 -117.127315688691 -42.887676402989 -44.3009788435244 -42.2810824732755 -71.1244171489235 -65.5213911635512 -77.2666866849686 -77.2924447724334 -73.7841127219054 -76.3398312838001 -46.2702894341995 -68.925929934989 -68.0093049555565 -53.4291867586584
-152.083607974444 -158.191390444832 -158.634623774525 -146.802945573049 -141.682001510253 -138.2297909025 -128.506335207089 -152.790302635278 -156.219838522526 -148.15699226534 -152.290294520786 -121.167614596573 -120.294154905244 -148.35338417305 -127.423562544279 -131.884003240368 -150.29925046901 -138.916636702226 -123.564958379014 -111.009686120624 -122.407525641528 -135.483421359222 -131.897987858018 -111.406680162862 -111.803201060345 -82.9845025024842 -113.822645968917 -98.5013314860383 -100.656744797636 -100.654944191851 -87.4478875926029 -96.1354015082826 -83.2929235293371 -118.52948194893 -114.680006632881 -82.0939686319105 -42.9847183786558 -44.4068120677213 -36.0025338289604 -75.410224787594 -36.05500212184 -76.1470256283917 -73.1848626246041 -76.3923457232496 -26.4549781486261 -93.5754088047048 -65.9772127329859 -57.4351992458911
-157.951140683965 -164.618230789452 -164.308014438364 -146.463826125591 -163.569466563361 -134.005720502271 -136.532829634861 -112.224422466376 -152.250575641264 -101.805099458425 -149.546163446272 -153.973528185344 -123.632338543198 -131.60029009031 -149.105884596412 -132.042925860015 -116.611976404555 -141.101688718672 -118.844881785927 -140.185734704134 -119.350775891492 -114.539227031137 -112.94473292947 -118.493497977808 -104.250877663445 -97.5494825231408 -99.9994032738291 -96.1953323728331 -100.403556556718 -106.308773621159 -105.861971959551 -123.993560138017 -58.5411335400268 -54.6383549187127 -94.0249357887778 -91.9309993442167 -107.55193103719 -48.0940101243488 -39.0251196910927 -100.075783420696 -35.4749641559866 -30.9013026196781 -74.5279093550064 -68.9164322773645 -27.492953971476 -71.2624643021483 -61.8225534122838 -58.444928553752
-161.414027670661 -170.183697145231 -167.356605947289 -154.268633697176 -151.047063454583 -142.825883385583 -158.822980116175 -132.035426250325 -135.770036181492 -132.412955204085 -152.252758866551 -150.216960484813 -150.952428852046 -152.171786112952 -125.294075185083 -156.924266207645 -144.274181635959 -143.430376586502 -141.244968513556 -115.064418620553 -108.790994169845 -111.742532240201 -111.845039188022 -110.971579496693 -112.957376175277 -115.923226358864 -136.178374102163 -112.89056895913 -129.562517827804 -130.78387727546 -107.71267584127 -127.89086323358 -67.4703521516066 -117.646679611121 -91.9243596533151 -94.9321663374076 -92.9564998085231 -49.8927468674564 -39.8476242666622 -64.3609136926268 -76.753372702215 -68.186730009692 -71.3913246547359 -66.6425411502947 -71.5911100871503 -72.5577453143834 -66.6667206476598 -58.5163394518196
-165.858875475047 -161.643454982893 -158.870041510645 -154.412469085445 -165.98843627515 -140.450558609838 -139.0713265032 -140.129097681143 -141.357696117546 -158.954392761037 -101.156797800235 -115.361066109554 -134.672313163488 -128.271205152301 -107.927364112908 -126.674297881432 -154.548206558283 -150.132133403146 -123.52018908989 -123.251474838229 -114.162229563477 -114.082261506567 -137.616392736326 -116.492702022859 -114.131979777573 -137.826257952095 -115.019014005135 -111.247775352587 -75.0803771874662 -107.767718032115 -94.9629855542531 -90.7391020917167 -106.084154143178 -60.4618010386248 -92.5032396848858 -117.178550842168 -111.277537205943 -50.0144997187077 -43.1511731559515 -80.358342384348 -33.5970642168919 -32.1521983992654 -30.4366779196086 -69.4945311111549 -71.3629999523955 -72.6199207592102 -66.967625241249 -51.0966268401742
-167.412582927338 -161.759819381479 -160.16259183039 -125.026633908531 -119.675286967129 -165.007645045149 -160.866592559055 -140.400835858513 -143.266982770129 -156.48452903861 -111.021616498581 -148.751612378057 -101.736548749024 -162.146091496317 -154.590348671121 -161.608955061183 -129.571468544226 -125.758949721675 -117.397316607906 -125.260980809255 -142.1206022038 -115.694597765454 -133.338649477683 -131.420398833347 -131.590849212432 -136.754973253275 -134.005761964474 -133.01454189519 -112.678910827977 -106.859070679126 -104.952693627517 -87.3096642081468 -103.842628626186 -121.75704608569 -118.054032978018 -90.0554247765218 -111.097688323889 -52.4495874631813 -46.3850486469603 -70.9842139796391 -83.0038246294275 -35.1858632062776 -76.3438279365157 -35.8144784421859 -73.0402983726271 -72.2823626427165 -66.7054988500912 -53.6745110007356
-170.532533211026 -164.878255162958 -133.724689307699 -157.937403561839 -168.332635451564 -169.394064915284 -127.024439860255 -116.34834753387 -146.680804492448 -155.753526154778 -131.535611722687 -131.880980496033 -156.605087538602 -161.760089841191 -126.322816194619 -136.931802549173 -123.854080714279 -156.828254756309 -122.470048261791 -150.538417932034 -140.215674957316 -139.711270262366 -121.189255025646 -105.971552372826 -116.368778480695 -112.092429008696 -112.389205233013 -100.467675665599 -116.201592273666 -105.928758611525 -124.154761129244 -102.715861801203 -102.507493909946 -100.834044897495 -114.983121868361 -90.3841007358566 -87.6897367786486 -79.6536832873712 -46.7795641916319 -111.49121177643 -81.8917709246665 -105.798794330265 -71.3445013953029 -73.8392018842463 -76.4475460967911 -76.0317000003579 -67.824078329987 -62.7502281799738
-167.089555015747 -138.41184805885 -168.360963489733 -162.187383495464 -150.418346900893 -125.514660234712 -121.971148288452 -127.286142721589 -165.357676836188 -166.349447459414 -162.072230617372 -162.876980273093 -163.037627088919 -160.882941856595 -164.155885031741 -125.806367160786 -133.868587123204 -123.550104407357 -145.538472093091 -147.036537363595 -142.467724486944 -123.39021993753 -137.372435868473 -131.526403528635 -113.343650060943 -132.836468474985 -117.670393900113 -133.426098619272 -97.4634464070426 -111.320434885878 -94.6305854113376 -105.659197867996 -126.006023842899 -96.2984965438588 -123.236951282024 -96.9468741770064 -90.3288984358748 -83.559187530466 -74.4485105862739 -83.9603117475524 -104.230355242101 -106.62124457603 -99.1512886153428 -81.0359034748038 -72.0751587702443 -70.8286742802499 -66.4684544110316 -62.1275140802327
-185.194193906672 -186.221059259427 -134.219437631555 -182.916209563938 -157.735682360998 -130.574757436183 -122.95697247106 -144.024482243047 -170.465132272419 -168.003908333639 -135.339001325088 -132.949467489238 -165.719744984654 -127.798790955867 -165.267491042687 -160.518111042081 -139.148986934566 -157.158524685789 -130.295378313827 -151.329439240641 -123.92820020654 -117.928338882169 -121.120069142104 -116.002803800604 -119.319042337249 -105.972065531717 -117.731856553354 -107.219876079563 -112.707073472645 -108.015529953066 -100.918588395491 -104.803850629034 -98.7422418202076 -100.82823989622 -94.5510165986473 -89.4589720875592 -90.9208676249275 -95.2774512273012 -84.873059948063 -85.8225786392363 -86.7544068677271 -106.997750766932 -81.5349678157434 -81.901756491399 -33.5284969205929 -69.4597993637531 -67.7868860029543 -68.4606004300629
-147.278402759113 -183.838533067896 -179.230320804479 -153.858314327367 -159.997209807372 -146.969543434428 -151.771371522344 -168.524781867659 -172.900442585825 -142.722597793094 -163.742045556038 -136.457714978033 -138.430312543837 -128.260173818343 -131.198530225579 -129.751953794976 -135.943523114369 -136.282163869474 -130.503765585254 -123.006792891139 -126.661406177483 -126.374163142996 -115.587585425171 -115.363439297956 -111.188979241705 -136.324303202884 -118.103111551634 -134.021890785682 -103.690472847164 -102.81778220278 -109.325596919959 -130.976677090787 -101.910870226319 -96.2547149578162 -94.8459092908869 -90.9227931233941 -126.138834139079 -93.8016218126516 -90.0723235463145 -113.579597426601 -111.093233503914 -80.5705887847187 -82.8600250800949 -81.5472247422888 -74.5917582733994 -90.5828968188663 -95.7375306278667 -68.087153241649
-184.839665790521 -142.591551841854 -158.300339734714 -160.582823610854 -151.361190016258 -155.796669885449 -128.985751667658 -146.608013101461 -146.687399788825 -139.737114625014 -171.343477027344 -136.616171532227 -166.784125799798 -136.9432233759 -108.881023736564 -135.729162634097 -137.052989759813 -159.664447015547 -133.509188527076 -130.467272082876 -135.140732713364 -127.873870471218 -122.060367734848 -117.189747505835 -84.9229899084706 -116.526330543346 -108.798440393702 -141.181147366386 -108.844843237395 -104.746960003882 -108.753502462088 -103.798461093063 -100.969026383475 -99.5821401282541 -97.5242099177575 -96.5409283724518 -97.0992826658855 -96.9447658915716 -88.8041872202924 -91.3937523125369 -112.417296186048 -106.916521122046 -84.8183094250918 -77.7081251726471 -98.5247360567184 -66.6122789080462 -92.1090504279091 -63.22627153358
-157.996353353771 -174.277203365186 -175.318538609855 -173.716387275884 -134.425155476246 -132.532705449373 -149.032968408361 -175.827820435036 -175.355298915606 -138.985289636537 -139.655229262902 -165.417291159646 -136.99075398989 -140.059355847192 -137.578108730154 -136.410355031333 -158.68513041169 -132.770686482584 -136.725122813566 -126.234288272676 -130.730789639808 -124.528175124633 -123.78045716545 -121.437226597514 -120.396513555725 -120.778982347806 -116.155215933119 -114.115521783378 -109.157233488224 -143.330212956354 -106.136847421064 -106.106645431837 -105.153052064119 -104.175810898666 -101.116595220795 -94.3799926850143 -90.2032913907647 -95.7579698965872 -94.7136133529386 -92.2721081496217 -92.8748155920413 -84.9898972459361 -87.1756255027049 -73.4796589091184 -74.3438145907273 -81.7513670902824 -78.9374634223083 -70.3812859194105
-181.098326694193 -181.23339984253 -156.804980104498 -183.57230665046 -160.421932312681 -160.867125089692 -158.959192102041 -147.31462570364 -173.868136458941 -147.655012641718 -164.489880206731 -166.069041200427 -166.899131403561 -168.001323122741 -164.107550633602 -140.115162452283 -143.14119999999 -136.110746780008 -135.740603937403 -130.662173456485 -130.795697494547 -129.215166473351 -127.422659244837 -124.241079935985 -128.403159099768 -115.459504369325 -152.197935165698 -112.2922449674 -114.090071872089 -139.100079250251 -114.12677499546 -135.481552601757 -132.740479242909 -104.156553579646 -105.148290458068 -103.69458198195 -103.320821304672 -96.2868461215828 -96.9285203125885 -94.7219980985574 -90.0931274793088 -88.4384545593476 -115.732765166067 -92.0793323290867 -110.486145091456 -80.8432477767564 -64.1337049969199 -100.94813823279
