wc0.5/PCA/Component-1.asc
NCOLS 267 
NROWS 470 
XLLCORNER 79.65 
YLLCORNER 5.91666666666689 
CELLSIZE 0.00833333333332575 
NODATA_value -9999 
[rows 105 to 125 of 470, columns 96 to 143 of 267]
-340.156957604347 -317.383918886806 -256.626164171815 -326.942558893663 -327.264332649482 -322.028688418528 -315.258628109836 -311.83066413162 -307.953932732003 -308.277280450229 -287.965330276682 -306.7270418511 -289.954587242346 -291.315656646224 -293.42792112133 -284.89835063131 -288.854629334478 -284.591391119418 -281.805953454502 -277.266940631911 -274.917029457322 -273.357838526218 -276.809037931724 -271.585525793465 -263.785074722156 -267.474569773683 -267.12950015699 -262.260776134294 -261.511392875349 -258.098860265337 -249.43382291249 -247.856477125842 -247.563745584772 -247.886502805893 -238.914157013101 -233.50349295657 -242.035337661074 -239.363629359141 -236.47966211978 -231.018433864084 -230.956464542259 -224.336540699121 -221.552828542712 -221.604147543919 -219.278697869117 -214.992268913151 -212.78479726687 -211.884916977671
-321.630228881792 -318.094605590801 -308.895129562695 -308.373644562239 -308.474682197087 -322.207569906844 -317.414967473331 -311.953562592286 -311.141687348356 -309.060721389561 -285.667698223337 -298.787400507705 -301.539837290046 -301.589129846549 -293.99301762067 -291.244268348504 -286.698403978331 -280.180302634993 -283.110042710698 -281.394426060478 -278.24022574191 -270.235555873199 -270.890737713911 -270.584312538916 -268.504106557155 -272.304794635567 -265.935435662428 -263.4497967354 -260.470661694337 -257.038271595791 -256.71031609722 -249.569512196415 -248.516882353939 -241.678918033735 -235.513378721437 -237.903204603473 -234.771886001233 -236.272068886197 -233.508291691323 -234.288883998687 -230.778073315338 -223.79185205177 -223.637081309883 -221.057830923966 -216.365015969312 -216.294977447998 -213.743136264239 -210.169645547958
-319.377114759373 -318.102048139744 -334.876549808079 -309.340900842495 -304.338160706062 -306.447177939036 -303.172025876534 -297.934125789544 -314.293154296036 -305.753076456341 -306.236220302052 -304.267432528077 -299.166406906703 -295.218558208829 -292.904264357346 -293.923731358216 -290.050169988036 -280.692263804598 -278.433424310613 -277.695206854691 -282.275361282632 -275.517160765979 -271.751845792976 -266.448516809911 -268.791381112316 -266.449359918747 -260.01474158502 -261.700698746993 -258.318507957722 -259.783019921437 -251.927022710707 -249.616676760851 -252.811556792009 -246.363850571113 -240.113157388629 -245.157626582659 -234.847647113075 -234.01021935702 -232.75630733892 -230.785015026206 -230.484262429412 -225.580655535908 -222.995452618489 -222.755210151442 -215.549842688734 -214.766325116735 -210.387865669444 -208.399842859062
-321.268645346923 -316.67756590876 -317.956752566283 -310.036552483995 -320.864125699531 -306.41563487011 -299.997922343024 -298.137354253898 -311.495647602542 -304.225127835782 -308.84509970768 -289.111088618123 -301.126886639755 -297.519986790195 -295.397197609588 -291.821663543678 -290.771939920765 -285.479374755128 -282.745337239784 -274.306226228663 -273.797278849249 -278.431506556693 -276.815512991568 -269.855267325404 -267.843049203962 -265.614352379493 -258.402965421519 -260.366635562951 -255.784962952214 -259.445267479497 -254.158964381266 -247.411720384338 -243.174717710901 -247.564595419442 -247.302298292668 -243.015398978235 -234.832785706571 -233.773770227084 -229.285624699137 -226.87765169688 -226.518837068748 -224.777848057003 -219.108437698773 -216.105546585353 -214.17286714143 -209.280130568678 -204.619902981752 -201.925855129589
-324.191780997322 -320.704778839728 -316.973868969604 -334.574609650949 -327.618353521345 -324.003279896386 -320.878193794614 -315.916955831559 -315.065870023061 -300.043423640552 -307.078144599145 -290.267274603473 -305.248620067236 -298.929348505477 -281.570467434942 -289.57779273047 -287.196913978081 -278.901573242445 -274.60287969492 -278.493667021482 -268.048832703303 -270.199932383575 -276.237339903929 -261.355052203393 -262.948596593023 -266.370415247866 -265.000577576184 -263.509119190523 -259.50898243913 -254.657926386313 -255.632788076578 -254.079756155271 -243.013768475038 -246.316113146521 -246.678340571518 -244.81003266731 -236.741675690834 -233.967801766665 -229.452929630245 -226.422721934061 -223.540348247669 -221.068047662022 -215.075874473609 -212.649423109665 -213.651393314682 -208.756988882518 -203.01302569147 -199.111597690545
-348.284849361015 -343.497193375524 -339.001259080605 -316.915834135473 -331.899374610605 -325.043451821665 -321.697443128784 -320.099842775624 -312.019088224357 -304.166463460284 -305.737544455935 -304.535579072305 -301.618796198042 -298.327638879208 -296.696371914674 -290.511158892206 -287.743270410167 -289.05292780458 -273.153209062303 -270.019336421548 -275.834697178893 -274.328211172672 -268.287991185765 -265.644181080878 -264.594345258446 -257.96531631786 -268.855630411227 -263.366055854574 -259.407849488078 -250.865557431205 -254.490726059489 -249.745623844952 -249.151910546662 -249.488834639619 -233.933283472498 -239.845037556881 -237.513158134482 -231.250245664668 -228.453898181864 -228.347019883292 -224.197070101006 -220.492323489863 -213.806179137046 -206.842676201624 -211.470900343287 -204.890509351185 -200.444519881682 -196.889369093983
-349.728347963387 -342.651618115036 -323.992084220824 -338.775266866909 -326.505937556446 -325.834217028069 -302.099783363198 -324.477237671081 -313.159840251692 -296.695910554918 -298.582792256254 -292.853723295074 -287.54493345636 -299.475855537856 -299.533214784322 -293.807679308576 -285.513443683886 -288.6383077346 -277.009651615142 -281.539061307097 -270.886274686133 -273.290450945946 -262.817478092122 -271.350866432581 -269.555972678781 -264.319093147739 -264.162390747142 -262.120842197066 -257.782103596238 -256.088211745258 -249.696834655396 -251.319874761843 -240.082547503135 -241.915067471179 -237.513694958669 -233.760233313974 -235.907183287835 -230.446533451314 -222.116421407196 -219.193430033567 -220.492779288912 -217.95971656013 -214.058800749175 -207.749476310965 -205.468419182299 -203.965436549719 -199.262290596199 -197.547937090479
-347.745761940778 -326.11824117514 -337.078674270537 -326.39884200979 -332.981411080461 -308.597358149643 -308.03431352661 -302.747267207845 -301.341976339402 -293.006774132685 -300.844320450849 -292.882232996072 -302.767148662324 -302.662028923239 -295.748103307725 -293.164284725359 -286.834358424959 -288.678904550543 -282.03560202318 -281.879480876321 -273.071536623076 -274.485265991794 -272.828850261557 -269.950903696666 -268.793171573449 -266.100299594145 -261.090514943571 -260.925846976603 -260.94709145126 -255.920765695143 -250.427752917807 -248.351116052247 -247.979770201919 -242.661634260831 -234.813391831361 -241.382347992009 -239.494224046105 -234.46554565227 -217.642007326229 -216.161803622691 -218.874535803176 -216.396106139069 -214.043321469383 -203.207703710639 -201.817932414068 -202.46291276131 -201.220309111422 -198.552556161211
-350.636387063713 -346.413675451881 -336.883204035044 -337.137687864069 -335.41626265295 -329.79128114132 -319.88177110545 -302.149787020218 -298.323660669565 -309.82368009346 -287.62025416092 -284.997252114226 -301.032829292277 -288.590312429489 -281.880209761037 -282.159635885641 -293.237159947672 -287.196689420567 -278.135732555391 -278.142806274473 -274.046083780133 -272.39440127453 -265.043736022499 -271.161823190201 -271.366380491494 -262.895124530769 -264.638069186372 -262.865891555568 -258.762489616554 -253.737468817343 -249.829877447694 -248.914637547187 -238.091034601412 -239.976032512229 -242.001506760878 -239.449117008692 -241.341018613041 -232.888552788663 -221.639098901738 -218.717965544849 -220.310110672826 -213.75839905316 -206.646675302383 -203.516592394681 -207.421021776021 -205.723380207395 -197.02634093739 -196.099334330069
-333.02991217532 -343.958859655074 -341.817227476831 -334.883697784265 -317.347262279352 -335.399045722303 -326.560230382386 -321.062170521733 -314.643651478798 -306.996897750055 -290.272359366986 -302.59041846494 -296.701618163247 -287.401912037055 -292.555295199491 -296.947271808781 -285.655644873883 -282.365889220299 -280.789368645079 -271.26946267603 -279.414570646211 -272.544540068063 -275.944091464676 -269.485758117554 -274.245363610043 -270.031389531697 -261.679758814404 -258.339319351441 -255.229688944295 -253.355948951367 -249.691304387167 -244.148389427352 -244.952739263854 -239.200584780087 -241.495213904856 -237.797549078094 -234.502005154458 -227.70548799177 -219.950511974229 -215.322543906527 -216.175473087099 -206.460696935786 -210.135753387208 -205.103477825658 -200.810365900513 -196.652377749289 -198.093150936512 -195.215313816613
-338.536909605803 -347.583525814479 -347.108937002613 -347.368038027125 -338.796564962608 -335.443693912779 -332.150730579009 -323.28806062454 -306.517037695354 -300.121562584996 -291.847455699158 -287.863061835662 -294.88138952598 -292.585100799204 -287.818264446561 -295.179419330657 -295.306900357262 -278.612828664017 -279.107270340253 -274.664378365573 -273.25306123184 -276.170354415188 -276.126063919882 -270.248343933362 -266.501224624103 -270.989731600849 -261.555174133165 -262.63868098325 -255.408523011284 -248.943360377295 -252.256395738947 -245.202086157218 -244.00679753956 -242.607202509678 -238.725705187412 -235.849146504964 -234.438678231765 -224.045801993317 -216.378426901638 -214.53347820531 -211.785256265519 -211.750146090248 -204.483405104822 -204.817296224962 -198.832574810839 -195.965904838718 -192.537190625757 -192.333222148869
-338.534247248455 -344.165320916667 -340.895492301722 -343.046737018139 -344.170240283175 -336.951528791584 -333.870713297327 -323.728400786584 -305.531275826743 -320.076732569187 -311.622903421325 -305.287846819979 -283.520221922979 -295.073949652437 -290.309289196088 -295.104869482221 -287.644325833266 -280.641319103316 -277.326988699469 -276.847757082567 -273.684075901893 -268.888826201239 -271.578364318853 -264.713829320085 -264.031553083707 -267.739998700575 -261.840470802677 -256.670500639524 -253.771462166693 -247.000581354927 -248.408863096372 -244.374388564731 -233.908201706846 -236.859275203339 -237.164208011892 -235.669435021045 -231.188609970398 -224.142389529194 -220.563158199023 -210.77586251458 -206.518460634275 -206.550147297017 -203.981538326792 -200.141702125799 -192.173907656525 -195.735613462245 -195.086107707045 -190.068094099532
-340.943078894462 -332.848711553038 -348.621535827529 -335.223021089256 -331.65194430975 -339.199841368201 -328.688217923469 -324.156169807504 -321.832747611833 -313.55819972006 -311.079768837726 -292.892321209378 -297.232186189434 -294.592660096923 -287.802675054901 -289.653301624251 -284.124612126717 -277.005605560413 -277.280154801006 -271.092623812792 -275.084644565626 -271.537288368327 -269.139202880108 -263.304098460698 -265.105072391546 -261.010117275495 -261.747965000871 -253.538642328106 -249.264626719325 -244.973497413958 -245.772410466487 -238.526039204423 -238.665967428886 -239.541592657603 -236.042137668566 -229.338122517873 -228.627269483573 -221.778549205318 -224.200711969812 -212.063398941327 -207.499712758208 -206.77671406968 -202.456504799266 -203.558359234493 -196.116041221837 -197.103664159719 -196.518786064359 -185.974239072892
-336.593492740088 -355.786640550461 -345.774535386566 -337.358640581171 -333.980718253875 -327.4098304083 -325.654176017872 -322.316827636246 -319.882157184655 -317.086215964882 -316.284555450298 -303.308227772149 -286.023263116118 -301.200077848047 -298.112047827682 -293.953713832855 -284.02554419484 -285.148928505686 -277.856698680218 -272.095643789296 -270.30472927468 -275.673962020352 -270.660599277236 -257.768241232011 -256.456990322291 -258.045750994924 -254.376492074238 -252.97270607889 -250.97835237685 -242.533907210625 -241.17169487755 -236.378128252454 -237.921936354598 -235.733308266838 -233.670165346806 -226.924079532163 -223.019529283735 -223.462654361786 -219.254238315027 -213.418916447021 -206.095540750079 -201.132575090794 -197.838577909801 -200.81234871694 -195.417678442374 -190.598150167367 -185.512045241432 -188.977930995889
-355.824716987457 -358.021089222798 -353.003179929228 -343.839024580526 -338.702842460263 -331.797886948715 -329.156995814058 -325.979941877095 -321.799593384182 -311.189328962258 -308.684314121717 -307.113643900577 -301.98552102836 -299.815886230235 -295.295353166317 -289.3927468937 -286.800288247311 -286.126587977618 -282.760191938262 -274.491086233618 -270.849980494174 -267.109368929039 -261.320194582991 -264.708351034601 -257.335906903733 -250.305344608124 -244.766571448988 -259.803287134775 -250.540609159802 -238.687594861012 -239.086126481074 -242.263218359551 -245.629667732056 -238.310668861167 -235.621501940823 -226.949025919526 -223.997116181735 -221.609834595323 -218.236702368916 -209.713323046283 -200.194187394816 -199.458688059291 -184.509444645614 -190.704914014403 -196.738156440573 -189.91329707033 -186.454500234326 -186.396396569977
-358.666108076314 -354.403436898023 -346.576659857271 -329.415426602992 -346.180952981036 -341.010013949791 -331.773711595792 -330.12725534263 -304.677506172789 -322.837435316189 -309.921748593862 -294.214511715092 -295.299193847653 -296.66358578109 -300.148682252463 -293.086407104363 -280.199062001992 -278.023156820838 -282.762920458329 -276.937846482236 -264.700246497961 -267.027271360295 -263.060511502929 -262.888053080665 -262.101081182685 -255.118279477602 -253.438530260229 -253.808031116252 -250.014733993254 -245.170738772359 -240.186674944455 -241.752282293778 -239.417195674201 -233.630868500044 -234.499687400955 -223.866880047509 -218.391325808963 -212.237105449438 -209.163515177161 -204.079344568786 -202.582376190112 -193.265166227579 -193.373657302015 -190.322497761112 -190.266074862947 -186.809812602135 -180.976682155871 -183.516459715463
-355.889225047475 -352.018860519332 -349.214069644847 -328.313088446369 -342.787262653769 -338.027039894675 -330.235930867888 -328.448551640932 -310.037994674669 -322.675688101262 -320.682622307567 -312.600135159205 -304.013645504267 -299.671388382366 -291.819251089152 -281.651608256957 -286.821336369087 -278.612612919247 -274.188140633896 -266.823228789256 -274.330868760768 -266.696048400437 -259.477676264377 -263.945173286474 -261.766300141161 -261.77995787594 -251.713157461551 -251.678409704144 -247.456523081738 -247.409970272638 -240.584450207415 -239.199199503772 -235.447607924977 -232.232554228552 -232.712465604563 -227.096766806587 -218.212861056286 -214.693103591747 -212.995702243069 -202.791168419651 -202.725868877362 -195.190718461271 -194.157579040097 -193.680719109637 -193.071140821917 -188.449509451916 -183.383085341726 -186.072250025249
-341.770833288514 -356.455099985288 -351.615217079377 -347.706562197412 -346.877751822522 -325.008935727481 -320.430758001136 -315.000503924681 -309.655589199483 -317.876191223028 -316.483358181944 -316.132108654412 -311.136893291148 -307.372998890848 -297.180467374601 -289.551975550307 -287.778062777976 -282.998231744906 -267.778772054138 -265.015273029296 -270.271262408928 -265.81299389703 -258.730304081524 -257.024704725396 -261.109127438211 -255.248015919653 -253.306964104888 -247.202148396267 -242.769991591724 -236.813569426811 -239.564143845436 -231.09712195876 -229.416147068806 -225.777451730226 -227.020787668091 -221.140309652121 -219.118833144636 -211.372303950058 -207.753568637595 -209.0252202471 -197.608738833724 -197.263524748067 -191.159787088873 -193.245961186528 -192.41781550269 -191.775481298615 -188.971391658517 -186.37902262007
-364.438950703464 -355.864150877883 -349.650447846742 -350.833537340692 -347.123233787889 -339.523447671551 -338.659822067458 -326.101100073118 -325.866333841254 -317.989734533744 -315.591726461716 -313.567787697516 -304.72808305491 -309.963316987953 -297.629933974873 -292.951762264597 -286.138589559976 -279.883729659248 -278.246308570118 -273.710192564387 -260.341482201447 -263.131874064815 -258.120813095227 -256.703757557937 -258.182544177827 -254.770105125563 -251.867312838668 -241.768274416786 -239.587445686504 -229.700290467581 -242.832709338302 -236.488835971437 -233.502744597289 -232.566764769273 -226.71173004886 -222.270828434493 -218.612280013447 -211.882731013751 -210.478774435804 -204.657230733011 -203.582980361472 -193.26488324664 -189.413877618102 -186.128316203053 -186.995369141219 -188.873957372573 -185.59338479564 -181.842778644613
-358.038944043727 -348.154020964654 -334.267415341417 -349.62690865149 -344.047552606679 -341.165215366709 -331.151280274757 -330.526660017094 -328.056203365332 -321.880792296055 -313.667288400854 -312.572759288968 -299.597419879102 -296.075885599932 -295.075944184747 -292.571453368362 -287.240177606367 -283.023641030316 -277.396119136974 -267.997277971162 -259.960687612908 -257.478907861236 -260.880076623773 -256.811019638438 -254.942627774651 -255.772408668787 -247.276699702106 -241.936846140335 -231.392426835224 -229.831274793724 -233.363690215445 -233.69060583645 -232.848358719486 -234.323603934087 -226.365311271144 -225.054299372039 -219.629120980654 -211.538696763643 -206.344770285787 -206.998778502311 -201.652033418151 -193.096583728108 -187.253555706691 -187.178801083002 -191.095956348008 -186.035157048267 -180.894063330277 -175.623064005275
-337.029229732755 -357.461234565324 -352.195710267179 -333.093708325299 -348.257558406949 -338.400464713925 -336.518865181383 -328.652326487134 -309.351522125546 -321.910574316424 -317.828157663437 -312.692547426897 -302.99582404779 -300.282611335286 -297.321650834731 -291.882965103132 -289.485388493303 -280.890347012793 -280.781071913179 -262.197821255365 -267.853573721953 -265.25768571529 -256.795747370187 -260.307373722105 -255.590335691196 -255.749006033003 -254.567153688367 -239.928817936718 -232.333124309956 -235.043944289794 -231.852088472966 -219.437147833627 -218.55772006065 -229.905505117308 -224.578149935266 -216.312038198276 -216.651787988368 -210.579603887121 -204.011262836332 -203.171331054912 -203.058367991048 -192.101390944265 -192.488444445375 -187.21009874413 -183.818762883456 -178.079285689213 -175.606286696638 -184.666719230277
