wc0.5/PCA/Component-4.asc
NCOLS 267 
NROWS 470 
XLLCORNER 79.65 
YLLCORNER 5.91666666666689 
CELLSIZE 0.00833333333332575 
NODATA_value -9999 
[rows 126 to 146 of 470, columns 47 to 93 of 267]
-1037.25486213472 -1018.5977669531 -1027.42776448495 -1036.08910461328 -1032.9336306451 -1060.54397836307 -1054.34209930732 -1046.49449805432 -1048.02349188232 -1055.71088142663 -1063.92713371552 -1066.89719426355 -1076.11482439755 -1086.29411178418 -944.537455127496 -1079.08035397516 -1075.36296730576 -953.495348720848 -1081.63370980844 -1099.20752619191 -1110.79308851768 -1122.92431305014 -991.408470134507 -1113.46487322449 -979.325425629991 -993.229672389286 -1006.65414702278 -1125.00928502345 -997.597970455455 -1001.2296028725 -998.570996800571 -1011.38505710212 -1147.28427950046 -998.690726127573 -1021.48856987424 -1035.47701199222 -1035.84175486405 -1053.18143507765 -1019.88657889323 -1031.76460942254 -1044.12914328816 -1064.44413182886 -1047.87780129041 -1078.94625610582 -1072.8109566425 -1059.86562974663 -1070.21850572979
-1013.12550147135 -1005.69056146687 -1024.42972210136 -1046.06695285354 -1045.78618602121 -1060.72734279943 -1061.59277917918 -1044.69319674845 -1047.39685629706 -1055.90783727504 -1055.81978553253 -1083.63449751404 -1078.36673386302 -926.729246722007 -1079.98449342268 -1082.30467872131 -1073.32495841128 -972.287452670622 -959.518324799572 -1074.33051387274 -1083.95431956633 -1121.97738075877 -975.167957497426 -992.339807641387 -1115.38786256213 -1111.08423179378 -1001.77535437654 -982.6862713154 -1005.23944189376 -1006.62605453739 -1009.69816357765 -1017.60251772643 -1005.64901712701 -1011.40074907133 -1004.79834986139 -1033.91599596082 -1050.10831294272 -1151.90078120142 -1013.28262717612 -1021.54514594395 -1069.83025672465 -1066.62312084613 -1055.90642053812 -1066.03212315463 -1068.20810980433 -1047.24403638347 -1073.17645172248
-1026.382554597 -1008.10676547492 -1045.97343109133 -1066.99209086033 -1069.01883722906 -1035.71963320783 -1030.27494187473 -1022.15166519298 -915.754494990129 -1069.47427711313 -1080.77550899162 -1076.43793591109 -1082.02295071739 -941.837525404222 -1081.86555714218 -1073.38053426327 -1095.29997840797 -959.57747600025 -1080.94567166199 -1105.6684677997 -1106.9813441949 -952.299340376904 -1113.23497067165 -981.545214357816 -984.391898389186 -1001.30038753844 -1117.15386976179 -1003.70560696149 -995.891797093506 -1001.65204323873 -1002.91920091154 -987.376184610133 -983.946794241427 -1025.95354506059 -1032.36177918819 -1039.40130786039 -1040.96031112475 -1016.90866316006 -1011.70072082231 -1024.03945295156 -1062.25883546717 -1050.82831660245 -1053.78898097524 -1065.21536990441 -1043.85207212511 -1067.68921769981 -1079.66541895805
-1018.6851841377 -1040.4442625174 -1058.08614259799 -1045.03944133332 -1051.24880212736 -1016.59606197279 -1030.25653934314 -1042.80499120402 -1056.53414911573 -1068.80722643722 -1063.80602668751 -929.899127999841 -1090.53048542533 -1075.41305696203 -1075.32490308829 -1075.04969603733 -1081.03175720754 -1062.70099363998 -1079.69420144692 -947.572840241203 -1106.18273624505 -1115.2723629484 -1100.2715398928 -955.140751291546 -992.159079424091 -1143.20576718989 -1012.64659879277 -997.909956106249 -981.158354250303 -1143.31233257554 -1019.13399908069 -1001.78947341872 -1000.31288265488 -1031.52876146609 -1012.2509932584 -1036.05781539099 -1040.45423990948 -1037.83329709213 -1036.8281372673 -1015.14795493723 -1072.45852868668 -1052.77702531239 -1057.50689121204 -1061.64544164348 -1035.44233357209 -1045.07628373463 -1072.69380525793
-1037.26135653803 -1044.70391699307 -1046.86750181991 -1036.37750943792 -1023.94318805129 -1030.11829326147 -1046.78502162693 -1065.18075158481 -1067.38161337747 -1040.07843489298 -927.357842461856 -1056.18894545252 -1071.20095865768 -1073.32205178015 -1060.00520963991 -1084.18992555084 -1090.61838538183 -959.848735980506 -1083.31547945894 -1100.21314075458 -974.721948691314 -976.950519389518 -940.329607508192 -1101.34353078243 -1091.24252456308 -1006.77172864042 -990.212740644046 -996.531489389698 -998.327510180175 -994.13309615136 -1006.74759243157 -999.98986447765 -1008.9087082156 -1021.55878000269 -1015.63065448348 -1025.56132272929 -1041.73052393999 -1045.46707025012 -1021.50468362765 -1013.61627686388 -1065.57702581 -1069.09943934618 -1043.57019385887 -1061.5045566176 -1056.85803067897 -1074.98309372845 -1071.23217066228
-1054.71576896342 -1026.09571909223 -1014.41930566236 -1053.54047313464 -1041.75133118513 -904.529536731599 -1031.76559628874 -1068.66849572055 -1065.88817277619 -1043.84008669914 -1040.17410222814 -928.334518333906 -1066.71230035837 -1063.87542017187 -1070.1483754338 -1077.24087397999 -1099.15066224225 -1093.09564497502 -1106.03744521357 -1106.2582405412 -951.073532167232 -959.0673699858 -966.228096720895 -1101.15508653981 -997.128877360103 -1013.96508593767 -986.858296037054 -1007.77481569442 -1003.43925852115 -991.598591399995 -1009.1591125822 -1003.75451018122 -1013.85031067045 -1020.0852088046 -1032.44226931057 -1029.83699436655 -1035.03795473302 -1040.18481059112 -1054.15833499863 -1032.4767856686 -1064.80821183428 -1055.65930127454 -1047.49065638395 -1053.05809113179 -1067.90439909308 -1050.37281762006 -1076.02928338141
-1032.70223238249 -1000.63475178101 -1004.82748208018 -1015.45589283207 -908.434290841731 -1029.01827739233 -1038.87230376789 -1052.99049376293 -918.460263664459 -1058.90738713018 -1067.4554478959 -1059.94956910139 -931.251494809113 -1053.22487040486 -1059.65257073774 -930.188337624761 -1082.99019555807 -1097.5395726793 -1107.0795933172 -976.3344460128 -960.511373406524 -1074.04546362201 -969.375521170697 -1093.16530544867 -986.880793615317 -998.663838072158 -1003.45164339971 -998.414033062667 -1121.36113201357 -999.58802388097 -1007.68758760803 -1005.04642665312 -993.29843871185 -1032.75631660912 -998.018279448207 -1014.50560229834 -1017.7577852381 -1028.15511686652 -1063.20816673308 -1056.52502373644 -1061.21245536729 -1053.00661078599 -1029.99844122328 -1071.72312491898 -1052.75668533714 -1081.99246346627 -1048.68378193806
-1006.72975469437 -1014.03568054424 -1032.27717825883 -1052.40570298358 -1041.47940255664 -1049.88883885325 -1048.75857793349 -1042.86854964379 -1063.37052319871 -1064.04479688945 -1045.69335639072 -1046.16122826706 -1075.43782911127 -1058.1426611298 -937.10700463406 -948.168529470792 -1089.1152644089 -1101.85148615509 -1104.18228179979 -1103.20345539865 -955.444358596997 -950.875999116513 -962.526381944231 -986.887941530322 -973.733421607789 -983.425681539787 -982.102307565424 -999.719679835075 -1008.01972756418 -1001.11731730465 -1010.7585676613 -1017.01190405062 -1030.20644664948 -1007.38420622407 -1018.38176813717 -1010.24329274924 -1024.99727387013 -1005.9515554522 -1049.57655825007 -1061.04777386959 -1068.77601725589 -1048.53363413583 -1053.4440847404 -1059.17820942269 -1040.88550955845 -1044.32817285616 -1077.92527179617
-1011.34047360823 -1018.44261893788 -1054.17976895148 -1050.31521835557 -1034.28693392234 -1050.42556464521 -1051.51834071894 -919.134808387812 -1067.35900713697 -1068.37495783695 -1040.07193419518 -1044.79932669499 -935.08314769211 -1064.16802187319 -950.119632974286 -1079.22077866289 -967.34006243541 -945.984294952457 -1090.45539500303 -950.638529727098 -1103.0727375944 -978.24442687585 -1114.63594689369 -990.045601249012 -988.473718553256 -1003.23166052887 -1008.6997633627 -982.250983150772 -988.534774360411 -999.502488329637 -989.060629527072 -1014.17866485904 -1021.72629217359 -1019.05641450886 -1022.27055398393 -1024.16519352391 -1031.40068044721 -1009.97641306732 -1057.24282087511 -1055.74353216112 -1047.14027177819 -1066.51037626479 -1031.47737579219 -1086.5094302984 -1039.90435096874 -1058.19910471971 -1082.86671891305
-1036.69591467632 -1033.88314228045 -1028.38830934328 -1019.88058190254 -1059.96499979433 -1049.99491232045 -1065.3353668778 -1053.53019010979 -1037.51217284305 -1038.75493977897 -1049.50764471674 -944.157984761837 -944.021897250639 -954.944043405544 -942.440650639091 -959.760348094756 -1088.25489141765 -938.939389965547 -946.519574999354 -1083.85418867268 -1096.14597486873 -1080.20258754043 -983.172618207076 -972.27371777925 -977.670848541458 -952.750389528695 -997.208113689136 -987.942538778492 -996.668360897958 -993.342376896943 -1005.38237670809 -1019.00360562077 -1007.39801357881 -1021.83307192236 -993.793110202799 -1016.96619816448 -1024.17341235783 -1048.60487352574 -1024.11786095236 -1059.93254918127 -1040.76319836748 -1042.49621426173 -1045.80641214998 -1063.72246583455 -1099.00989283928 -1058.88093186445 -1069.51694652867
-1019.93696126111 -1029.31238393919 -1044.47980368493 -1021.70182430876 -909.138986024744 -1056.03835419431 -1055.91906725278 -926.256685937099 -1040.88457989713 -1067.68802527938 -1032.91113474381 -952.497973212058 -951.317035097113 -1081.67090780443 -958.244350281552 -947.100968619877 -1057.19088843545 -951.006538458611 -945.118077817404 -1074.68959757023 -981.680240181699 -986.120816320284 -987.029097281434 -967.29741212923 -956.453628349537 -1092.21903025755 -1005.01158444888 -988.831200718914 -972.264564861302 -1000.63356278386 -1011.88690947532 -1018.87979895257 -1012.81844659576 -1007.37842448293 -1015.02233797564 -1021.83795277203 -1030.58339233167 -1032.91768916383 -1037.16800504228 -1057.10505746706 -1035.91300685793 -1025.99125963138 -1044.85397844211 -1027.2001403748 -1060.90750767542 -1056.94598266007 -1055.94645842854
-1017.46370908592 -1030.21470023719 -1061.99002026206 -1061.37207067289 -1052.01764137938 -1048.54682474899 -946.897611049159 -1018.22829581404 -916.599757924162 -1029.90383146553 -1042.31355039502 -925.513208189076 -1037.4488704166 -963.79669478903 -948.768872209367 -942.975266412657 -1067.36186937977 -1066.45404831742 -944.12604849966 -954.698269767767 -977.415418269831 -972.210944395497 -973.228676849019 -980.440818586243 -983.342616435724 -990.390183917747 -1115.45342516753 -987.248043389933 -983.06077550469 -981.168638593607 -1016.01597824813 -1015.13386928978 -997.279070734262 -1012.31047253075 -1004.12153323762 -1021.19958048895 -1034.43308544649 -1029.75604142509 -1036.07121656166 -1054.65272138789 -1022.5910116796 -1041.53453718452 -1042.65192224162 -1073.40922958587 -1043.30241261425 -1040.49570856779 -1056.71170141398
-1014.28891881024 -905.886098479603 -1064.73360123759 -927.349911377184 -927.113234061694 -1031.56763907726 -1031.86745407652 -901.708926019865 -1053.19122092058 -942.123025026756 -935.206187608391 -1059.50779579991 -957.164180108427 -915.532845996145 -1074.54236903397 -940.452269190545 -950.810607162 -945.86006219311 -975.07175491191 -983.12800406485 -978.991381302552 -977.907915444706 -965.69076709793 -972.77137144775 -979.968245624989 -984.008381145158 -994.460726941677 -1001.45467611924 -982.26871620179 -1008.67047135097 -1019.60607782496 -1018.42889684336 -985.096204243272 -994.340695875409 -1013.89289048266 -1021.80411097999 -1031.59827084526 -1027.00290076639 -1041.73548016781 -1054.06505337506 -1021.30565258882 -1035.43888317745 -1047.15543914714 -1066.49825161216 -1045.09428493103 -1039.29748573005 -1097.24167315224
-1017.98356342285 -1057.59595287012 -1032.93186205835 -1055.08260973866 -1029.02546997672 -1024.47073007789 -906.863831282024 -1044.03725432485 -1051.18136700581 -1044.42451214193 -949.633218004029 -1033.64410902891 -957.826308586655 -913.295433808095 -1070.80168942001 -938.659333328071 -944.757751763323 -966.255333500517 -985.636794639258 -968.339674221632 -963.88200741648 -973.546359353731 -962.467267621774 -958.324947726586 -976.508506705527 -983.646688156233 -1002.18727098591 -972.199536180628 -996.772611416371 -992.638525135542 -1027.67612989322 -989.44807542787 -983.734302671195 -1001.41294296617 -1011.65433059539 -1031.2582802462 -1017.0122576126 -1030.94505913819 -1047.67278134657 -1053.67947130178 -1033.86705765063 -1020.04645272402 -1041.93038305452 -1065.47499651638 -1036.67209859724 -1039.61024354899 -1085.31512102023
-1023.69829249614 -1059.57165063693 -933.957417024021 -911.10883265537 -928.093457717966 -1027.28514524303 -905.986814005259 -1063.381274048 -947.767089666237 -939.911039083273 -949.417145700272 -927.156964422392 -1058.20088397265 -911.007339583085 -1086.30746967002 -971.089797315197 -952.010514351519 -947.911103005774 -971.600174840045 -959.190233162815 -977.766319854472 -955.521316985981 -1090.80894715871 -964.050998201864 -966.065753273923 -1018.67850706153 -1022.01951597054 -991.447959954847 -985.669474433454 -990.547519953663 -1121.07699448397 -1003.01424577447 -1018.02409322287 -1003.64766497677 -1010.73099497987 -1021.5867163821 -1028.2600358242 -1033.71205880042 -1031.08175434487 -1026.78519171282 -1014.49843033228 -1019.13056025759 -1056.77494598782 -1046.14750782243 -1054.97574960902 -1050.66263323476 -1084.40156250202
-1037.79526002867 -1028.72363871063 -1051.59731149279 -1046.1851702458 -1020.4548894518 -1027.27746482267 -903.791619513438 -1064.08856810135 -938.406714199651 -1060.95179084133 -1021.92192803629 -1041.1099156983 -1071.98236331558 -965.888075172843 -940.800342003347 -980.405800929142 -957.693649484101 -966.70441449673 -951.690386753089 -951.541394827929 -944.914213532516 -1068.27558698564 -961.796407341331 -973.079869775137 -990.534460697182 -974.279656861261 -1013.65505802818 -997.134903113425 -1132.39874719489 -1117.51032377618 -987.850999310593 -979.05002904736 -992.121624970679 -998.81587553866 -1025.65752970548 -1036.01955295933 -1026.67480415405 -1017.68785051112 -1033.01907233216 -1053.9252819162 -1013.37228151068 -1014.68467393223 -1040.35648467169 -1051.75324379952 -1052.21166029849 -1024.18646881 -1024.68923620702
-902.045600778534 -1024.74713551108 -882.801784639419 -1033.04329812675 -889.930845665368 -1047.9402483162 -933.152868424043 -956.931711253874 -937.425555609938 -944.591052012215 -922.351605592691 -913.127092900568 -1037.2132220875 -969.403930716735 -940.28049837414 -940.505484381852 -967.922905207441 -1082.39626269859 -956.483186587455 -1081.16325436652 -948.948283602185 -1089.04139562059 -1082.14613073257 -970.6892369483 -1020.77120092487 -977.132822087854 -970.888013789232 -976.24224374921 -1112.97823033425 -1008.38142001973 -979.071678973087 -999.423872906034 -1032.31877663705 -1007.26183901838 -1026.84946459455 -1009.38369897263 -1021.59885793742 -1027.70943610932 -1044.43924116449 -1037.07615604442 -1013.08918700653 -1027.45945461905 -1058.16311226103 -1033.5905968955 -1054.01866126643 -1058.11908472323 -1072.30147525681
-891.091081619458 -1031.89696269488 -901.034101192885 -925.790164475935 -1023.57064098865 -1038.09581894187 -941.308432714993 -924.173323753981 -892.753622776506 -912.836234438559 -1024.3634735933 -1029.07346060342 -916.082261610031 -1083.81599939581 -977.107485400318 -929.83717076459 -941.892374008464 -1079.47456805288 -951.947435438828 -955.139936343491 -953.154823852692 -964.174793549235 -955.713811683682 -980.129660131343 -1012.9287958838 -974.604469058183 -968.987255813275 -1000.74843827462 -1009.1802954072 -994.272684885327 -987.198006083309 -998.52126092298 -1011.33920452974 -987.646931450942 -1032.56126884388 -1030.71713997322 -1001.64039117475 -1035.99743235966 -1027.71676939267 -1024.20748407171 -1020.76563478803 -1027.50229481123 -1023.99462138526 -1054.91027468918 -1047.98144937191 -1047.62977166958 -1071.41088029618
-878.12900226136 -1040.43949494383 -1020.08722448181 -930.623715227069 -918.310348218446 -926.000371074899 -939.83641423365 -907.49932075853 -912.941108465861 -910.617167198772 -1026.25538484636 -954.034245680253 -938.091444108128 -941.260254715352 -976.587504455728 -919.548076925851 -955.761808678469 -1056.13542217519 -934.463864084626 -1068.75164262274 -954.823617336433 -956.245117379419 -988.058272167707 -979.199469560845 -1133.89895557986 -1131.95260651103 -968.172148153305 -997.498764368213 -987.494879479321 -997.553095494448 -981.958709466718 -984.107040088836 -988.163445869016 -999.981237946781 -1015.27017464425 -1025.26164554411 -1007.12708357246 -1006.9618842948 -1039.22641395377 -1018.97722831618 -1014.9300238705 -1010.77964527658 -1053.39094460146 -1053.15456902754 -1049.40262772141 -1037.83184756683 -1025.96803379949
-888.262903223829 -1028.52741379901 -1042.8670391267 -1037.30353465264 -927.019364503581 -931.348917105944 -918.709783872498 -901.822531038492 -906.239598089656 -913.566257654574 -906.585766339881 -971.025095762804 -929.389855965367 -942.433532425802 -960.726462094248 -1084.5063084972 -932.912324198423 -947.307459214313 -950.755879029958 -965.567158310833 -968.40104652026 -968.48352175584 -966.660070709251 -1125.53746827664 -1001.91639619659 -1122.42656982445 -1100.09693237433 -1088.50357660435 -991.288557443823 -987.366002321926 -975.304391350902 -975.041700650482 -992.791955314667 -1026.60935955771 -1014.27873832496 -1030.15409798206 -1025.43454192664 -1011.001116212 -1020.53274112771 -1009.71730873425 -1023.46038574908 -1025.20842091512 -1023.2281095491 -1027.84124639665 -1044.43243908018 -1050.10505388511 -1048.29141842771
-901.297650023812 -1046.71239265339 -915.431308122802 -903.208195360405 -911.85265214212 -896.952439423757 -1027.78744811536 -1026.71845107941 -934.38939544469 -951.982658680826 -957.444740138811 -940.556213395253 -920.815000358439 -950.862729818031 -947.387407528026 -1062.65419267396 -1051.91264478569 -950.504714542876 -965.394595560519 -946.525361961348 -965.865388644565 -959.355704728946 -975.314421130661 -1117.82073443807 -999.935994766312 -1000.90034198794 -988.843837216027 -978.627332474235 -1096.93853019654 -977.179599029472 -1003.53044679693 -979.82426521596 -1027.30850392622 -1000.45679994794 -1006.59628087797 -980.728013199661 -992.073451645609 -1026.79580518635 -1017.35072217874 -1026.98038877177 -1012.80161046227 -1027.34231705598 -1029.64397134856 -1053.14910970223 -1053.49114414442 -1049.25227278082 -1041.35973083218
