wc0.5/PCA/Component-11.asc
NCOLS 267 
NROWS 470 
XLLCORNER 79.65 
YLLCORNER 5.91666666666689 
CELLSIZE 0.00833333333332575 
NODATA_value -9999 
[rows 242 to 263 of 470, columns 144 to 191 of 267]
-12.8025142519936 -13.9677730390005 -15.8093299752266 -17.6497171147671 -18.2727783655802 -17.4234695017125 -17.9565359461677 -19.8089706037868 -19.7373388606053 -18.8793703126778 -18.6778716287886 -18.0995651068801 -17.4700291314959 -16.2804677280305 -15.6665202181838 -14.4680798122989 -13.9204808439577 -13.6354962234493 -12.6882837838137 -13.0836490517646 -12.1256515913204 -11.522269732767 -10.9699505692413 -10.4192653083566 -9.81266943946845 -9.14133400387294 -8.83248768008222 -8.6115684010501 -8.05776117962859 -8.07975697281084 -6.47458396448391 -6.55149442753148 -6.294913111598 -5.91511641754133 -5.41920336035213 -4.70280080407958 -4.75440762307764 -4.50643893448958 -4.46840251671033 -3.50930001663302 -2.9126389914238 -2.3349654042781 -1.98220120445718 -1.34918448470417 -1.43313269481506 -0.769749842706572 -0.119603766327664 -0.157154099242541
-12.9227582755808 -13.9629730122152 -15.2346923777874 -16.3946040465941 -16.8199537197546 -10.1853796936782 -12.9786097044993 -18.5043202153026 -18.6964588860774 -18.2339707562999 -18.2229950819687 -17.4258640694134 -16.7878296099782 -15.9001526965612 -15.6326956722686 -15.0449126282003 -14.1967377342934 -14.448669010188 -13.33995200863 -13.3368484413631 -12.784797180096 -12.1098205966728 -10.5999063049198 -10.3732596570873 -10.1302878058213 -9.77706649294031 -9.21319012900714 -8.8968114293223 -8.01521436218327 -7.41029827481585 -7.02522302556366 -6.40697322435547 -6.51820113590801 -5.96970790499486 -5.34128323874634 -4.71523808947588 -4.66034595710371 -4.73646736518147 -3.52034720964781 -2.80712470495856 -2.79752081191683 -2.27751272570378 -1.91981997566777 -1.60834137249748 -1.30633684135951 -0.695137004173217 -0.368716574671392 -0.139856535535277
-11.9530624360641 -14.0539456668833 -14.946182930713 -15.8069702676365 -16.4592656594924 -12.321359558495 -16.8475515923735 -18.2048556647036 -18.3282056847921 -18.250636328209 -17.9558115390191 -17.4004247233548 -17.0836613230683 -16.5591214152951 -15.5811104133425 -15.311427992684 -14.7606724567504 -14.8169984636496 -14.2240686591143 -12.9596866897782 -12.1232502113052 -11.4309936630648 -10.8808672469859 -10.2495640095767 -10.0459807762204 -9.73739390532959 -9.16326863807734 -8.47262402589346 -8.23506057107039 -7.64784775468794 -7.3666077560996 -6.79825524899152 -6.80096823007817 -5.91917190536815 -5.50932304974684 -5.2641297306551 -4.90290630425979 -4.0251305855716 -3.82466560591471 -3.39442042232674 -2.85850743145014 -2.49845218460257 -2.27627199080339 -1.31735341818571 -0.91179842986613 -0.674609934432304 -0.72779203923492 -0.432310667148009
-11.8694616436267 -13.1499374761899 -13.6240646139822 -14.0087448793034 -14.2731931942716 -13.5999128050909 -16.4468336071786 -16.6462032189144 -17.9298019210313 -18.0267714778855 -18.0080005290039 -17.7000031406547 -16.7977341308372 -16.1759648782858 -15.8861154756516 -15.280259042816 -15.0493961517232 -14.1160884505678 -13.8858362999557 -13.2465439654792 -12.418471719897 -11.3974039789064 -11.1156411602554 -10.9027174841698 -10.4110337572307 -9.47156111952363 -9.07123742209137 -8.83021073031905 -8.54703300346907 -7.97596128055243 -7.96651616952065 -6.69118148107276 -6.11948027078651 -6.12747427330532 -5.81315668192375 -5.54502771289149 -4.67026367640602 -4.38779366413761 -3.95232023988252 -3.80254707980246 -3.43093147405794 -2.73617769822003 -1.58643227259102 -1.61697622694877 -1.29985199082679 -1.00416575227116 -0.957762966916132 -0.103560753330909
-11.929808248087 -12.1341705357508 -12.8754040152129 -9.77432779503905 -13.1462703957412 -11.5054717942805 -15.687100191835 -16.6653923179239 -16.9391184815259 -17.0126365475251 -17.041981462077 -16.3988840963297 -16.0799875941902 -15.4888451216181 -15.2662900331352 -14.9064905712761 -14.4012928814888 -14.4618794073196 -14.4667425150576 -13.2282848255233 -12.7323971055544 -12.0076676490402 -11.4162809861707 -10.9630772102864 -10.2970322854187 -9.74232324519278 -9.13348549541198 -9.13480091509117 -8.88996773596911 -7.89112462453937 -7.28878945812559 -6.73380616763524 -6.68751764079525 -6.15119295046275 -6.1501161331347 -5.54444847445511 -4.96001696762714 -4.32474742880629 -3.99028186283641 -3.38782662140442 -2.70185450535435 -2.16931177463038 -2.16091044010449 -1.55084337775473 -1.62512206315975 -1.00528455613365 -0.299780714319718 -0.394880600832741
-10.9608436807367 -11.5704185127501 -11.5916037401293 -3.49472507566528 -9.39055726096371 -6.49376843379102 -14.3524743465009 -15.1688381619701 -15.7688874555603 -16.6675001219066 -16.3936121081138 -16.0322636139372 -15.784667451647 -15.5364207110179 -15.540559918473 -14.949593256195 -14.6109034832994 -14.4131274970291 -14.4164212331222 -13.2243333229185 -12.6465771748041 -12.0897706655258 -10.7645353370788 -10.2766254913577 -10.2900671756805 -10.3303634009509 -9.71674732245723 -9.13300959322954 -8.49417427292702 -7.87973711789304 -7.91025928844633 -7.30489392129024 -7.04977342664396 -6.09994348834411 -5.83394855685635 -5.49280167903049 -4.89775524879913 -4.58821276217675 -3.64815981916484 -3.2761838832193 -2.73701594823484 -2.46085046389748 -2.16243136677895 -2.20897217904646 -0.90361659946498 -0.918534984489943 -0.585479021526673 -0.294588442283928
-10.656159214135 -10.0237498806903 -10.4364337849215 -4.03245351200098 -7.86699827742056 -3.5294159807236 -11.6353372934918 -15.0014362548634 -15.7776094261842 -15.6728436512259 -16.0887003258839 -16.0498480277519 -15.8376699159806 -15.5030233687844 -14.8980828795616 -15.245156322081 -14.5994901336712 -13.7131685472852 -13.4497848975638 -12.8572117207894 -12.0475272151813 -11.7280227260932 -11.1392077348319 -10.8179704870128 -10.3113063416489 -9.66559221428 -9.69993916998987 -8.81675932456793 -8.44585489756723 -8.27254962763746 -7.92381788016204 -6.97783421776357 -6.70588953999304 -6.32733358307184 -6.04044911790417 -5.45168900338474 -5.22833509842507 -4.21014434914996 -3.70958363321062 -3.29112836338024 -3.03670672947702 -2.72516015382762 -2.40587132841869 -1.47514102610325 -1.1623513186502 -0.879811883626059 -0.28842888567693 -0.30200150829645
-9.25077386569649 -10.0446956506212 -10.3965644212996 -8.71778963107587 -5.63495198621892 -2.86430932866803 -12.8048278749713 -14.32689165285 -15.2020811610936 -15.4027993855782 -15.5617579446805 -15.1010531129782 -15.1780282684813 -14.9195915909171 -14.5015070229558 -13.9859283339718 -13.6968519427785 -13.6926742342638 -13.8112246547766 -12.9020603491479 -12.2706275334835 -11.6766461562501 -11.1315731111703 -10.8382515735194 -10.5181560189925 -9.59353204503442 -9.34520705827356 -9.13809604800158 -8.79392426456351 -8.47201658000833 -7.49880023840921 -6.97386947188861 -6.99138642378075 -6.36574070395419 -5.68119338583693 -5.2222534750914 -4.86579624523296 -4.17668324526804 -3.88551200045191 -3.60016968431497 -3.01801074672951 -3.03385500360423 -1.80842147973939 -1.78917821971413 -1.38082049500203 -1.12361259280633 -0.905188510851438 -0.00538304281729618
-8.26302494235015 -9.05168160160067 -8.95523314700208 -6.40794788971088 -0.411679939950271 -9.3630229593935 -12.767903973681 -13.2783142977433 -14.174533063428 -14.7851909498396 -15.1677249912828 -15.0823857561369 -14.8933448042459 -14.4881743599228 -14.4816741507522 -14.0007712750305 -13.6811933045312 -13.6566791233355 -13.7905322935662 -12.8647992762753 -12.3325372367271 -11.7144016870478 -11.0098261769917 -10.1326231347366 -9.78662624644944 -9.28194496888274 -9.33263131367572 -8.75547591390116 -8.77861578793754 -7.53199556356383 -7.51871209457919 -6.93804980363649 -6.97240819295341 -6.31781387668452 -5.72566304718172 -5.68134597033465 -5.13996686220847 -4.52415803975942 -4.44847297056967 -3.22761276291356 -2.98662219165306 -2.3396333650289 -2.28251580521103 -2.35762664407556 -1.42553434059545 -1.14234856087226 -0.22802936303951 -0.264669757784788
-8.44778454167064 -8.84650924319774 -1.80302620773022 -5.31421703926833 4.50959241011609 -3.2911165376034 -6.42526898775356 -13.0314639654306 -13.614412947216 -13.8917075166907 -13.8183747046103 -14.206024096292 -13.8291851001698 -13.9603646205383 -13.6131538042784 -14.2110757028084 -13.9658836695492 -13.3582573540851 -13.4267117707722 -12.5371981862533 -12.3135831393229 -11.3215180507706 -11.0522802517479 -10.4332325694853 -9.80352938644039 -9.30400063402821 -9.26905600088846 -8.64007412625156 -8.13187225422526 -8.13941529822077 -7.5035960393536 -6.87413615650419 -6.64286491001345 -6.31356209608955 -6.02578465228804 -5.6890840629942 -5.11815889339083 -4.54441621637385 -3.87770944032442 -3.31766040840169 -3.29221166552975 -2.67437786038017 -2.31825779042289 -1.70178281762337 -1.80614088885337 -1.11864764911142 -0.543452944715101 -0.187324112758649
-7.61606883850198 -8.02210670524672 -7.7760615534474 -6.51977668138578 4.95457262644512 -1.04268491408787 -7.67765218488346 -12.182608155332 -12.5785536494315 -13.60683526614 -13.669300636391 -13.9666493392025 -13.8559424605089 -13.6763313132576 -13.5978218459189 -13.2818194441814 -12.9585814490925 -12.7165983676506 -12.515913955935 -12.5385119453014 -11.9891869318849 -11.2881909712891 -10.7155156734268 -10.423725340581 -9.82860021570395 -9.30448820843004 -8.6498547310151 -8.31815331662912 -8.1013895122627 -7.82428993805974 -7.1638665650918 -7.14537480703208 -6.55269226546299 -6.65208335338265 -5.98262329331128 -5.42810219127848 -4.72467938194842 -4.87930330312338 -3.87074433058614 -3.21584116719557 -3.22156540593001 -2.34733736236176 -2.03722836642432 -2.08145369373652 -1.74989658269455 -1.46592878186764 -0.478341116210222 0.131964470265486
-7.52156626448286 -7.95063251541912 -7.31560083238181 -7.53621643372252 -3.91226442803244 -9.96305176350037 -10.6229385855222 -11.753383151963 -12.3613875940572 -12.3624993703334 -12.6238403761335 -13.2875556106539 -13.4350002721457 -13.0053701496906 -13.3629598491234 -13.3063748897662 -12.9492082842431 -12.4285274258373 -12.4040838259153 -12.2549619897042 -11.9019360701034 -11.2362922504687 -10.7767068484065 -10.1448548211507 -9.23300510442003 -8.94960661753389 -8.65474020096122 -8.66997105948084 -8.38743431139811 -7.80600049515137 -7.52108525635197 -7.4787034761965 -6.53788286524309 -6.52339014125799 -5.96754286762435 -5.33644834476604 -4.754177337102 -4.39321919230112 -4.13007208848228 -3.85219687019481 -2.54441247125441 -2.59969765248498 -2.6429467712066 -2.05145080739574 -1.39625019712551 -1.04540860425807 -0.163043611266255 0.151433236827396
-6.85852120446498 -5.58060315587061 -7.01840590946372 -4.57833378933784 -6.14580947493746 -8.74444797204333 -10.4677133898365 -11.5549567868772 -11.9848855556746 -12.289913631417 -12.3202951141813 -12.6569105465483 -12.3901000371443 -12.4697359266837 -12.6748037283432 -12.5867575228773 -12.3575191064749 -12.432454958483 -11.8751357407024 -11.603379051375 -11.30550300829 -10.6599306216012 -10.0579245852269 -9.53321768819928 -9.51336283490155 -8.96278785246893 -8.66152706263006 -8.36169685751186 -7.7179076920166 -7.05786169396841 -7.17835597595625 -7.21141164249883 -6.60325777310042 -5.92506897961567 -5.96646452191698 -5.40234427684065 -5.02082840431941 -4.68893914863587 -3.49342644378858 -2.87756768888223 -2.543366438222 -2.55910384536172 -2.02841664411962 -1.34131214652197 -0.713747915484179 -0.661652313724427 -0.121158643705999 -0.148298084540148
-6.58998911141566 -6.66218038003062 -5.92498759620704 -4.58820019260382 -3.14700089156482 -8.85730645026702 -10.2548848884136 -10.8501838319317 -11.1067565103557 -11.9650349788292 -11.9985194272525 -12.3849328503617 -12.319968312399 -12.1101108791399 -12.0060080438266 -12.0644367844049 -12.0892151478777 -11.4379626896909 -11.5112468732503 -11.5246740613619 -11.0289047649307 -10.6557681329564 -9.98317850703543 -9.69654262664645 -9.55379743550272 -8.89884782845482 -8.69345347456891 -7.66403987141001 -7.94782359063921 -7.40990768460734 -7.13070666981135 -7.4127337973712 -6.82122545031035 -6.21901183957611 -5.99474015447343 -5.36647536960543 -4.72948312966813 -4.06718389915988 -3.50816743007229 -3.17633100863845 -2.86813809803222 -2.2536826803519 -2.24838606459669 -1.95819169052614 -1.33706220750414 -0.683562151231598 -0.114214519707566 0.523264555689845
-5.97007287844932 -5.06527176900638 -4.66678224736532 1.41010120514361 3.58372332414671 -8.38489642375868 -9.3390261180359 -10.1191550123409 -10.8303672893634 -11.1345096452331 -11.1375620217561 -11.1164477083256 -12.0538742399795 -12.0730485718524 -11.8213675180621 -11.708522260387 -11.8161354883127 -11.4163188625863 -11.1918358751116 -11.2248843045045 -11.2858672999553 -10.7175083974106 -10.3373244200478 -9.20497610545121 -8.9551979696704 -8.25733428886056 -7.92958306770271 -7.69272325596801 -7.73620305071668 -7.31584512138625 -6.71898914312971 -6.77846444558617 -6.16607483468753 -5.62768834795497 -5.01109812655415 -4.99056329314286 -4.44152959157531 -4.03497089907497 -3.51088780485361 -2.81490841108115 -3.21237759796761 -3.61835010018806 -3.17686568269648 -1.96285891182233 -1.58992054428923 -0.377834578824027 0.268201323759029 0.225843402128597
-5.43134069145163 -5.06056131193785 -5.73245354015666 0.0579701530880053 -4.90968171665672 -7.77225644379098 -8.96701574870734 -9.29004757993272 -10.4120186706567 -10.7060773576598 -11.0107484835159 -11.0851999301316 -10.7601693420249 -10.7382884425127 -11.1095298100294 -11.0896913935157 -11.5123505377 -11.2037000722116 -11.2093974860004 -11.2586052836004 -10.0420469343293 -9.72898970020348 -9.6985149945166 -9.41098835735409 -8.92718523324061 -8.26910296248202 -7.93052413879272 -7.94665091515271 -7.45019116312551 -7.40972074849789 -7.04925544172322 -6.38409328600849 -5.93512012853258 -5.90162818798031 -4.96461629386652 -5.01203405250483 -4.97993702607801 -4.03979257742157 -3.41199055242162 -3.0961101407473 -2.52107900730937 -2.91490218925562 -3.26989194572768 -0.95803405103471 -0.946775138396818 -0.408210878625223 0.289743611761305 0.257824037621751
-4.64274272125878 -4.46754225719981 -3.2906804106876 -3.81726425544236 -6.58377445726755 -7.78610654572771 -8.72663701035945 -9.15510724836335 -9.54508985982542 -9.78090757974112 -10.4728188845756 -10.8305430893527 -10.7659031761552 -11.1521881858277 -10.7639211396982 -10.7880709330027 -10.6348029429189 -10.6132394122159 -10.272140572971 -10.3160301897358 -10.2494788554435 -9.99865729066006 -9.84939380802341 -9.42076549757743 -8.88532444341653 -8.23698967848704 -8.02280239961869 -7.27431166199752 -7.60289339646388 -7.70439358031808 -7.18538028730599 -7.10613639790211 -6.10955512616516 -5.54326603727493 -4.94588259248609 -4.91533484831086 -4.32812409654566 -3.77107388108834 -2.7573031208338 -2.47907186733201 -2.55802144417674 -3.90416151740699 -3.68127375778193 -2.94114533195758 -0.650155409871664 -0.382143412909064 0.285329986890222 0.592743936356573
-4.03214797261686 -4.40850163533903 -4.8229551782049 7.86175850206406 -6.28224259836448 -6.85316476756313 -8.0177018399761 -8.05239103797209 -9.18477868951957 -9.2117214580649 -9.51324230787311 -9.55923753779026 -9.82079971922122 -10.5587142197706 -10.1690544726359 -10.1581097415202 -10.598550027147 -10.3102363624382 -10.3040016684544 -9.96671305875481 -9.65980250537231 -9.7332723746028 -9.12691743778768 -8.8019943543117 -8.77730811179218 -8.27620121083509 -7.35859721183725 -7.3234687301483 -7.06014945060243 -7.06127268085279 -7.03857296312316 -6.08542305426051 -6.08776556364077 -5.86467583298944 -5.16028456925546 -4.6340081667546 -3.9606646444828 -3.09420552197261 -3.0903219935388 -3.11238427326244 -2.4432769892787 -2.78511572098071 -3.23348097049292 -1.21047878412513 -0.64032148934353 -0.371411637087156 0.621745163325502 0.597425395491809
-3.76879925647892 -1.89062470474926 -2.05415601966307 2.2079746546024 -5.03899495527574 -6.76107255059904 -7.12400342442387 -8.06283452464779 -8.61167717368973 -8.59002290278616 -9.59914561186616 -9.4988162838306 -9.26495506942512 -9.48295909620923 -9.50949971954812 -9.7909732747384 -10.1181279147345 -10.1605253685165 -9.70811946109917 -9.71725387373159 -9.42803265757634 -9.10709389711205 -9.10917330606626 -8.49388412842719 -8.16153594346841 -7.54411074784144 -6.92791803128956 -7.20244252261434 -7.1123315512489 -6.38852660857191 -6.37510233438227 -6.13739131939475 -5.42830939287253 -5.15135526665645 -4.68095503047344 -4.28804937955702 -4.05129428116813 -3.40591240968985 -3.10371168467843 -2.79997959896016 -2.7574545974605 -2.1346305706726 -2.23778742871823 -2.53286308125023 -0.579423034686059 0.0731899718324364 -0.0203097929142265 0.604882338755609
-2.93267962785141 -1.24044472213641 3.19551729238865 3.29619441477534 -3.87971950370325 -5.27707307411213 -6.84014479265773 -7.08439696729741 -8.09411089568553 -8.24505671139488 -8.27918963281235 -9.2843109984517 -9.21370065042647 -9.56258513632556 -9.19338406881337 -9.19066265031502 -9.47693672595663 -9.23136877496267 -9.27480299954467 -8.9581766074968 -9.00941909136762 -8.4335095134814 -8.46830337460151 -7.84925896996361 -7.86870136953163 -7.50112950277955 -7.238536232078 -6.67697238228263 -6.60229246306465 -6.54589223072908 -6.13690277792984 -5.47612419302052 -5.45060188451946 -4.86228668189627 -4.60568004021964 -4.55923678655214 -3.97669471628988 -3.37160464176917 -3.06865045740672 -2.78017904443611 -2.82364054055372 -2.19105825377141 -1.50543010822861 -1.27033066197854 0.0724304648478767 -0.290845258308753 0.0647327908063506 1.01345249641643
-2.85062178020207 -2.2102387926922 2.82020620510261 5.13914426891266 -0.819015420522215 -5.87142586737721 -5.65922292096043 -6.74585754034355 -7.33109017711487 -8.25906802102415 -7.90385799305027 -8.61244336887275 -8.64723516355091 -8.90463437392637 -9.27551026711528 -9.28082757848043 -8.87323612018737 -8.98760119864883 -9.29877628766788 -8.65315708583358 -8.82426642647354 -8.43142962608129 -8.44143010444609 -8.12755437519658 -7.89369542717581 -7.33873351820384 -7.32418396713787 -6.62099290004693 -6.61260187948712 -6.33894392896894 -5.44594129298456 -5.78529025186588 -5.46153289138571 -4.9191056212827 -4.28110485393385 -4.29586800211182 -3.69484235128047 -3.30383642250358 -2.78836979384127 -2.75907531749643 -2.14062012008269 -1.78704408601533 -0.936218503980548 -0.866813866190199 -0.223970767929483 -0.267033342625542 0.742466009543421 1.02027730017912
-2.16500716098598 -0.903178647008835 2.75709477483306 2.48863665153943 -2.57482542777092 -5.23666436321898 -5.6504498868432 -6.1974707706249 -7.03144831250767 -7.06934493351641 -7.92406166644253 -7.95604422471011 -7.67552519573097 -8.28734321260517 -8.60212518303327 -8.59134327816088 -8.88993756546093 -8.61743660024484 -8.70590574513902 -8.6978738428438 -8.06660695958867 -8.43921179335433 -7.54593400207686 -7.55926280641756 -6.88829090532819 -6.9049018050795 -6.60598898450305 -5.99912657894426 -6.05141768336944 -5.93644389673374 -5.47114243940336 -5.74290658960446 -5.14304484220135 -4.46776699691842 -4.18772009152538 -3.66158821948453 -3.0808065551863 -3.07167646219985 -2.98883088817789 -2.42567278199037 -1.81331760368711 -1.79296962346548 -1.51545530666612 -0.561504110057478 -0.238112712226617 0.386396137564749 0.407495619751914 0.419534941303631
