wc0.5/PCA/Component-6.asc
NCOLS 267 
NROWS 470 
XLLCORNER 79.65 
YLLCORNER 5.91666666666689 
CELLSIZE 0.00833333333332575 
NODATA_value -9999 
[rows 126 to 146 of 470, columns 141 to 187 of 267]
-65.743063145142 -64.6997554163454 -67.1637743343779 -63.9354943795744 -63.2765673460656 -65.6741992651491 -64.7523470757047 -63.5236751485913 -62.7765807321833 -65.4133945601626 -65.7955308756124 -67.9972511497676 -66.4394304917239 -66.1995600716252 -66.8428773908006 -66.7470261538 -68.6361335669327 -70.3760325090196 -69.9410763874234 -69.3415070407408 -71.1994772648443 -73.3355664905646 -70.6460264389902 -73.3759538784417 -75.4106961375367 -77.1516674694739 -77.0248448058426 -78.0027021355202 -78.9535077897325 -82.7291186102385 -80.4970543658558 -82.1635745615063 -82.5464974318666 -85.247741423331 -86.7462434731389 -84.5206768632682 -9999 -9999 -9999 -9999 -9999 -9999 -9999 -9999 -9999 -9999 -9999
-65.2994538139346 -64.8167884808195 -67.0068863683378 -65.6985128540374 -64.13334638094 -64.8429582256744 -63.8427955217082 -63.6324740092087 -62.4848893000253 -65.4240462749893 -63.8391198571243 -65.2996154714882 -66.6285730616713 -66.314757252582 -68.5423444921639 -67.6105652925365 -68.4873172878072 -68.3049497103565 -70.1410756930276 -72.679742037084 -69.8191580261893 -73.5993541087826 -72.7642830403405 -73.7361659284923 -75.255421844972 -74.8775627602011 -76.3300419313212 -77.8968317671401 -78.4709410280565 -80.8164492396542 -79.8427080924583 -83.4436854302776 -81.3656425070544 -83.3529182777272 -85.6145966671569 -85.1208937364734 -88.4329581765591 -9999 -9999 -9999 -9999 -9999 -9999 -9999 -9999 -9999 -9999
-65.9743629494166 -64.6509301784549 -66.1313521239929 -67.0582432403499 -63.1536208502198 -63.0388807127975 -65.2429250954497 -64.9961201949396 -62.5677031751041 -65.3049655406624 -65.46859056933 -65.6131260260176 -66.7163599213903 -67.433316436057 -67.4523654354309 -69.3911478341069 -67.822424358509 -68.0649172202127 -72.1350254596645 -70.1517284370489 -71.4509913283982 -74.1842423388501 -71.9129581046091 -72.775200546115 -74.4965678791545 -74.9112720431411 -74.8439291005087 -78.9101972800511 -79.8524241036821 -76.5906954920162 -78.0453096019708 -80.5450858805174 -85.5761135476785 -84.8321651680304 -85.192644390922 -86.8681366511498 -89.3448971236127 -87.954992181929 -90.6130690820249 -9999 -9999 -9999 -9999 -9999 -9999 -9999 -9999
-67.1968413157588 -65.7456146913284 -65.6842193484104 -65.6985950599736 -65.8104384789906 -64.7853168254341 -65.1674265534488 -65.2779940634791 -64.5913058930683 -67.6857649554379 -65.6995283592545 -67.467726401935 -65.9225067510867 -67.4443203670528 -68.5569371477875 -68.8986443474109 -69.1778197938633 -71.7234168261432 -72.0669737857507 -69.0405990959693 -71.5189814588801 -73.1951293147046 -71.4322428877187 -71.8490097796696 -76.5233308900707 -76.0488200577286 -75.5998440139501 -79.0880499764651 -80.9026662242197 -77.2017691008782 -78.584041532859 -81.8117116940002 -85.115766431583 -81.3439770993506 -85.7399182401917 -86.1509361888755 -89.6548652005702 -87.8924315783736 -88.9368534996882 -9999 -9999 -9999 -9999 -9999 -9999 -9999 -9999
-69.679405930493 -64.8198851187115 -66.059349779536 -67.7351739961367 -64.8361824015573 -65.8889448286844 -67.2098665139914 -64.827661427494 -65.3335197949506 -66.929571849899 -67.4840778548055 -65.8663839789444 -68.1475150810126 -68.134971088932 -68.9035865456129 -69.0687954477062 -70.1660670262883 -70.6007356438665 -71.9873413458317 -70.1527803962324 -75.0212461527277 -73.8537013444851 -72.1464769307178 -73.1688946467884 -76.3816492352647 -74.6552370823615 -76.2648461880331 -78.8060802556593 -80.627904712411 -77.5927197640716 -78.9250872509292 -82.4388664402897 -83.7099622059736 -83.1037115068175 -84.0170484205971 -87.8864803211432 -88.9023994076675 -90.8654769575256 -89.5370703728933 -92.364246414101 -9999 -9999 -9999 -9999 -9999 -9999 -9999
-69.118937921058 -68.8801061045713 -64.2515729184406 -67.379960738423 -65.9998725300943 -66.3416546828914 -66.7388717982276 -67.1914644866269 -67.1502699257519 -67.5431123567031 -68.8556424791067 -69.1377548087209 -68.12497607362 -67.5270455368555 -70.2606868585989 -69.0759539903245 -70.1553574859705 -71.4034670199255 -70.6391639626679 -70.8595295743506 -73.7164861020942 -73.3559194773175 -73.9448572399964 -73.9691108255977 -74.6893405925147 -76.7653883752051 -77.2706330192383 -79.5447162086878 -79.6135711812384 -79.0125531946135 -79.5693536383142 -81.8836885310601 -83.9758042218731 -84.4590012467121 -84.8147168129042 -85.6031173175557 -87.9915968980438 -90.36972244131 -88.1127777474523 -91.1814849920084 -91.716301289018 -9999 -9999 -9999 -9999 -9999 -9999
-70.3399526104822 -68.9796482864633 -68.3075818450344 -66.1426876983536 -66.3812121053102 -65.787346883418 -67.3072224169184 -66.8681132138028 -65.6759264887881 -67.7634447431613 -69.2465171142289 -67.8554425999416 -68.9933738549993 -68.3374305563087 -69.4497611394717 -69.111400749186 -71.1693939790457 -70.8671000921843 -71.9405317092389 -73.3661095925993 -71.1229585175603 -72.7065319516203 -73.2362229530375 -74.8110328074819 -75.4231703906139 -74.6250419013901 -77.4706323248425 -80.0857612323622 -79.9345446265665 -80.2528498352377 -80.9165538799101 -81.9465147379959 -85.3260908711708 -83.1910668027638 -83.89837388029 -85.8459868086701 -90.1219718190689 -88.4594406176749 -88.7238513563143 -92.0253334583043 -92.2573463126924 -90.5916189820234 -9999 -9999 -9999 -9999 -9999
-71.3219130599705 -67.2990751785312 -67.982714948027 -68.1908121496047 -66.7195859634458 -66.2890442955154 -70.5398484275481 -68.0223906610337 -65.3914247711393 -68.0370590251025 -69.6998443498556 -69.9213367999336 -68.5948873652824 -69.5006126769891 -71.0204768818719 -69.111400749186 -70.7007657966484 -71.7850149585387 -70.7264163280468 -70.4623926403271 -69.9530864112911 -73.2475769752948 -75.2015125814568 -74.1762871662334 -76.5840111594226 -75.6744632124962 -76.9769325640975 -79.6916980684008 -80.2456928999984 -80.1612620568282 -80.6266319611586 -84.3657573192488 -84.6820605120106 -84.876170235853 -84.728651720804 -86.8616295720051 -88.9697980716577 -88.6886358768442 -88.6157121411658 -91.7054749178224 -91.3651435656047 -92.1001042959213 -9999 -9999 -9999 -9999 -9999
-69.3838991568189 -68.014640735507 -67.5076365041134 -68.1835123796086 -67.8047255383078 -64.7490187541295 -70.9411443020169 -68.8800140499894 -65.7752069571439 -67.507889276994 -70.8018142202256 -71.2344261968818 -70.6824875954242 -69.7872925979785 -70.3843085963311 -69.4590525233673 -72.0466845004034 -73.0986806178321 -72.0993557608018 -73.0070517533662 -72.7025681166841 -75.4319022051692 -74.0646820993314 -72.6569788976703 -77.6744200625897 -74.948437330241 -77.7278443869421 -81.2690016574911 -81.5197513507478 -81.6205494727088 -81.1917283558325 -83.5520101638542 -83.9453846521252 -83.6531854900727 -83.6972558766708 -85.3788502063969 -87.3246963665796 -89.0392144798758 -90.7734173475247 -89.8782051945748 -90.2759275310337 -90.2767446111033 -93.7580189169537 -9999 -9999 -9999 -9999
-70.7204515072548 -70.8341713433718 -67.993612509561 -67.9571161234005 -67.2065881862048 -67.1764322644075 -71.0786708738941 -71.0912317665454 -68.6555208723096 -69.0720035311811 -68.2053721003852 -71.5582217649859 -72.123464166715 -70.9569732509572 -70.2272414697029 -71.7611925114691 -69.7415000723874 -71.8996626448939 -74.2204365241593 -74.7949380318604 -70.2242507395127 -72.8747725460017 -73.4315412902976 -74.7985666317335 -77.5822448682119 -76.5874158996347 -77.0530972304528 -80.9677724128768 -78.9665955791329 -81.9761099290168 -81.1196711363432 -82.5429164279656 -84.2247159103721 -83.4758320115257 -85.4779834794138 -85.1904112726896 -87.2239196226811 -87.3601809257703 -90.0619308797222 -91.8920990501243 -91.3646998399642 -92.0548074366643 -94.148893552076 -94.9296108230857 -9999 -9999 -9999
-70.8368713237655 -72.3012616546416 -71.6836346626203 -67.7721108523294 -67.0113802019857 -66.946977724491 -68.5557134792743 -69.4665376051896 -69.414693387168 -67.4142628888632 -69.8595037120006 -69.9015421803824 -70.1362356930671 -73.0800074528152 -71.8576008046539 -71.4828384333914 -71.0307671132749 -74.3490904766334 -73.9967121278859 -75.0342187842439 -70.9418567619712 -74.075206292412 -74.2627542638265 -74.146788335852 -75.9990516827501 -77.864581941914 -75.4825201706942 -81.0379774912215 -79.479640348557 -82.1752671878691 -81.8984338247371 -84.9418440283209 -83.3724514837131 -85.3799330731753 -86.8449221148433 -85.87250270883 -89.0571482141902 -88.2886695769248 -89.4517308607391 -89.6379219256218 -92.0240885627001 -91.7645586404167 -95.7781636355924 -95.0679529678077 -9999 -9999 -9999
-71.6320844119781 -71.2639224163065 -71.0188391500507 -68.5592495399569 -69.1747513851052 -69.9132872534757 -69.4378645544292 -71.0496513895266 -71.0854835884641 -69.6407174033916 -69.8808677910562 -69.284884545251 -69.635029818638 -73.1837579033536 -71.9335122949296 -72.2284937558182 -73.0591810641619 -75.6706984932258 -74.4427983612733 -75.6038782593593 -70.7428679357783 -74.4370124719718 -74.7600932309613 -73.9742692336461 -75.9398798332194 -74.921855080334 -76.2294618131104 -81.587127951073 -79.8206860666272 -80.8925815127754 -83.0768935005164 -83.960635618808 -84.2776947389548 -85.257888436168 -86.6241985800163 -86.5325631879921 -87.0331914885021 -90.2122699834368 -89.2623480970789 -92.0889017229271 -92.5651335863745 -92.383766983274 -94.1670230015364 -95.6738927041207 -94.2179205845279 -9999 -9999
-72.212485906655 -70.6641621125987 -72.413921880772 -73.049664806431 -73.0496478528424 -69.8897097193014 -73.0208984480859 -73.2756988615174 -70.2737236583631 -71.0331363669345 -71.0351452382871 -70.6871376889749 -71.6922445110771 -71.0296578916593 -72.8584667923345 -70.9437956851069 -73.6764770163301 -74.4966241180325 -74.1239375316902 -73.1219893777568 -72.4651387874665 -76.1848446171564 -74.9920785733759 -74.5445782924694 -74.9182322557415 -75.9198670154972 -76.8447573443822 -80.542997482358 -81.1401352685252 -81.2703249453343 -80.8352492937995 -82.3808849972218 -84.7210375694703 -85.0186979927761 -86.3042822472856 -85.8980755442758 -87.4371280647787 -90.4687761074435 -92.6007740836248 -92.5105925681288 -92.9061793044447 -92.3553169289311 -94.3981937102421 -95.3194724146045 -95.9882583178307 -9999 -9999
-73.3432404601358 -75.7208268590048 -73.4180289394506 -73.9949051341857 -74.3332775166611 -74.345653107971 -71.9754637043262 -71.6126058202759 -71.6407121806664 -72.2955725339962 -72.2218104523711 -71.6826436509681 -71.6976821645091 -72.965407273495 -75.518217206204 -75.7837027651929 -71.8476672780262 -73.2544418160714 -75.1756648528299 -75.6335030304287 -73.3010568166449 -75.893103255051 -76.0131724387512 -74.8717664134363 -76.0042318600813 -76.3689194908507 -74.8744658753953 -79.2685705739799 -78.9295114520389 -79.323779687774 -81.7295663572107 -83.7902971052473 -84.5651688427334 -85.0615434879688 -86.825346559217 -87.9828039197382 -87.4759845939619 -89.247746982496 -92.2100466438416 -92.241553919428 -92.5486239246709 -94.0193372714329 -93.6820190064958 -95.2344627614117 -95.640909154608 -98.3734836424618 -9999
-74.3439111610578 -72.9674974677194 -72.7839135559528 -72.8018392893402 -74.0474062130026 -76.2977726154982 -74.2343505987399 -75.4780354898624 -73.9961909830002 -72.1084084482306 -72.6435012975727 -74.158625261305 -71.4395002514651 -73.5186258007689 -76.0335056122407 -74.4518345538649 -75.4396573612009 -76.3991454544862 -76.0663936523367 -75.8926741855637 -71.764203077013 -76.6550967696007 -75.7702570590373 -75.6884561419227 -75.7495924246094 -75.2583143727262 -77.3616120928574 -81.6563470255174 -80.7059467741106 -79.0765872176372 -81.2465165277107 -82.4721464108244 -84.8454720217474 -84.0724304638233 -86.6644666303469 -88.7848571660571 -89.9746393239934 -91.2287935617208 -90.807500179432 -92.241553919428 -92.7259706585974 -94.7995727384992 -93.5999560156145 -94.9454434009678 -95.4042864347858 -98.0700863061094 -9999
-73.459254064052 -75.4526052104166 -74.5368013800107 -76.4162647338169 -75.0590127633366 -72.879756922916 -74.8042345829211 -75.5007382032669 -75.8856763612646 -73.7615720550755 -76.2425209438297 -76.2511063078028 -72.5555783106474 -75.3756968461571 -74.4216201968245 -77.5687379783727 -77.3440454132523 -73.3165450762986 -75.8163397371182 -77.5801064342509 -73.6335518090918 -73.7742559048457 -74.6996097512341 -74.5791468925525 -76.8517377986472 -75.3837704285183 -76.8748446215674 -79.0729548872751 -79.5418723237271 -78.6215477335919 -82.0714741151496 -83.1075368553062 -85.4436955360646 -84.7426163131431 -86.5944380451594 -87.7436965469648 -87.0273656857638 -89.446513998404 -89.3827724924859 -92.6017383024893 -93.190380702841 -94.0953544885029 -94.5412186068898 -95.8465256123646 -96.6475839368564 -98.9274597382412 -98.8450786514994
-77.9621656686076 -75.7456859021131 -77.741727111283 -79.2179634201025 -78.2394442378079 -75.4031064245195 -76.8178685912719 -76.6192529485452 -77.9133937411219 -72.6685921368962 -77.1436876334728 -76.4616378013827 -74.955872122811 -75.2889319833063 -78.137564492084 -76.8618791666855 -77.8018215578658 -74.6658656330621 -76.6974479729417 -77.1598638812555 -73.8960419613197 -75.9864554588587 -77.8214751256909 -77.7254486650252 -76.6410289527251 -76.790870551545 -77.7158916993611 -77.6360410946498 -78.9314423701307 -80.418629838023 -83.0109266549026 -83.2076009177665 -85.182337246162 -83.8712545028627 -86.8793279048854 -89.3993747752974 -88.9259973405117 -91.6197941548616 -90.5503755167944 -90.4066638802495 -92.8919027577064 -95.9032005299701 -96.0511557492539 -96.4506582183788 -100.174177019221 -98.1044130418347 -100.33422249297
-79.0906650462782 -79.7254734796765 -75.0498178053136 -81.2312901726883 -78.428714498412 -76.3244968735111 -75.1170303771069 -76.4594579486382 -77.8096256863682 -73.4812063576423 -74.8210244684735 -77.3069976181587 -76.3654478413971 -77.1187569400109 -77.4674449917099 -75.7952327625104 -76.4996333243721 -75.1965223036077 -77.1093063445184 -73.7734514949713 -73.9118616292179 -77.0581920943175 -75.0699168115395 -78.6075394067698 -77.6185766071804 -75.0925059338007 -75.9941660593526 -77.5411792951158 -80.615038844895 -79.0729953473815 -82.5003631485172 -83.491936460788 -85.3217482908017 -85.2827873381394 -87.3662554742323 -86.6741565219905 -87.7925427418265 -91.3380674816611 -90.0529783858551 -90.1797347536559 -92.5104435888897 -94.853084367451 -93.603570814841 -96.2390048647326 -96.8894841457433 -97.75622183186 -98.3780690225904
-81.1488126217877 -78.529926965369 -80.8862469294483 -78.1410770969284 -81.094683084898 -80.0777821408657 -76.7264881815396 -76.6617632642759 -79.0717877940009 -80.0770761836013 -74.410709287944 -75.6454244300539 -77.7154149992085 -75.629654098868 -78.6515706442498 -77.7359225065736 -76.9609432982991 -75.7873962443341 -77.2811333180369 -74.0326226501062 -73.811121554649 -78.36790539274 -77.6482184063472 -76.273400085463 -76.1157305842266 -76.7435985324475 -75.8176896474984 -77.5722545038196 -77.7863498676018 -80.0345523936311 -82.0340723539674 -85.0153229333582 -86.3791267772494 -85.3400950592186 -87.4445659887542 -88.8603082358048 -88.5831929093805 -90.9708848020343 -90.9422146195041 -90.7137086510369 -94.0238316988447 -95.4338018962804 -93.9897584288788 -98.7373385050261 -96.6613491716258 -100.40759443754 -101.926034198269
-82.2062378849371 -80.6224080118668 -78.3587141932541 -79.2047867531899 -78.024416317541 -78.4135682674429 -80.1761861090411 -78.2507444185616 -78.0368875158541 -79.6153412787553 -77.0510401581493 -77.3071679630543 -79.1139704557632 -77.478955684106 -80.5700090161872 -76.1809510013094 -74.930041148891 -76.0281199797477 -77.3875897035622 -76.1398715112082 -73.5710890645052 -75.1803175577136 -77.2418520849207 -74.6454870044656 -75.6310891072282 -78.6056214359041 -76.9070142125931 -76.3321765626146 -81.0080413290539 -78.2489904553859 -80.3964483120047 -84.798648092537 -86.3982654422406 -87.7236719522475 -87.6113757882533 -86.2838057950527 -88.1883223518488 -91.3987846774969 -90.9756612702459 -92.8624016769567 -93.9550690070112 -96.1771395515676 -95.1650064253557 -96.3055010339656 -98.9647803776951 -98.6553744975045 -100.381410965439
-82.6881110590808 -81.358533728795 -80.1673097518568 -83.4095709120947 -83.0968124099557 -83.9801345563903 -79.6049516494245 -80.5410659559691 -81.8757079033902 -79.6591942765065 -80.8832110869243 -80.7598031524158 -75.2770562493627 -79.8292352425671 -78.4100735389376 -79.0477974564265 -76.4096605510274 -76.7301295350608 -77.6658995236883 -77.0170814365968 -74.7413571199419 -76.409757462681 -76.9172698176848 -76.4672372557692 -75.2258617128607 -78.3904040338446 -79.1318128842147 -76.6509327895664 -81.5482443059765 -77.9901815173694 -81.8982518144121 -81.1506120279735 -85.3635090799699 -85.2783805993953 -83.2064405827316 -88.3676697682418 -89.6219299007975 -92.9947207151447 -90.9756612702459 -92.1581834269603 -94.0691292383651 -93.7548145165656 -93.6979589172531 -96.1441148886619 -97.222320163678 -98.488043928143 -103.078494844746
