wc0.5/PCA/Component-2.asc
NCOLS 267 
NROWS 470 
XLLCORNER 79.65 
YLLCORNER 5.91666666666689 
CELLSIZE 0.00833333333332575 
NODATA_value -9999 
[rows 231 to 251 of 470, columns 96 to 143 of 267]
-50.6533366101337 -32.7269400564652 -28.6666877282643 -36.3951369874208 79.6284413940605 -28.5169756614852 -15.6075385764002 -33.3231261077632 89.2550399959232 -30.70150228147 -29.9906835431913 -21.0427305289723 93.9894611375277 -20.7044675500819 101.010907858243 102.957184398128 -6.80237195950582 102.091174017541 -2.04717771471127 4.39257074545674 2.07424107924703 0.243580705469896 -0.0857478059992047 2.89478493964694 7.46967092694754 6.1774366966217 -0.392129647749925 1.062533880762 116.324328480971 121.157495711917 10.4348293393605 10.5743950021023 26.5782761536508 18.4844894551407 151.429437703946 36.5202692834393 46.2760061367802 43.5856378329044 60.5597832153265 54.1126393520724 58.0624790213856 64.978476510347 65.0095791912806 72.8462433601713 78.7690937080088 68.1164464512669 77.9333961945734 75.8646274200208
76.6796636074337 -34.274517487688 -31.0613288808326 -38.75700391101 89.0791798889663 88.4060974819431 89.1748354234995 -30.4245255903388 -29.6876399443285 -27.0409065189185 -26.1822927854073 88.6734537154245 88.4022246092731 90.1466387352342 -15.9612386226108 -11.5908102923156 -11.1828321109588 -11.2292425973565 -3.57999953935078 2.12053001496039 4.24068310317347 3.71537556923801 5.33441990418555 112.9437428153 7.01852358474278 10.5860560888108 8.99838481389742 13.3107873927499 11.1370738045061 124.766901952072 18.5259113361 130.055629644822 24.5230917970019 27.3152403500924 35.5745530716796 46.7816147520543 41.8549834667066 47.3926883567864 51.9381016230753 45.5129635781338 61.8408464012115 60.6278639035099 79.2807670894344 86.3454735163027 70.5607166269421 71.8093345274313 77.0502928119508 80.6387199031163
79.1886011522877 79.1725385909621 -26.6622999455738 -26.738440127997 -26.0610938380954 -34.1647213023438 -15.9031090458081 85.3758084976117 -33.3029014908601 -31.5379958180363 100.796339604735 -21.3374874127945 101.462407024378 103.300518050421 98.2194614941765 -1.35278551421794 -10.3468129515077 113.697248315223 0.726854434132292 6.19157089557169 12.4228102253485 8.17990857749882 5.42336909273166 110.945309994747 10.5116843605709 13.2831709505315 15.5614308754644 21.2851798298531 14.3458025338337 12.8720292803367 21.3345890560209 134.028135900551 32.7925768540216 38.6142648405109 40.4912617530783 46.0655259025214 45.8347960962369 57.4239486520012 62.342903992144 57.9974853864662 64.2862724180173 66.8086789970633 75.5150607708052 113.233998171669 72.4796703177782 79.7613236206183 82.3047662361862 90.26601304714
-33.4945465244413 85.2363171978416 -27.4107933439588 -25.1382076952191 -17.8558082937453 -17.0472055093514 -13.9696231989933 -18.2033254847583 -29.4385365989367 -17.0352756635139 90.3110752986782 -16.5674282841141 89.0668165151353 -10.8177877937811 -8.91434905567542 97.3978277784418 114.887596717668 -0.616507698735575 106.31785426252 122.053274905995 124.276639597035 15.0258288060011 3.09006373160472 112.748468535948 114.149405235545 14.1715279748191 20.2234416709435 25.670483170054 21.5819149059858 20.5268677293003 24.3683164449134 135.963515644579 144.844508783632 44.6449824352804 41.0670450176766 48.5672476712255 50.5321255702689 58.068144266033 59.8796023828179 68.8873727446626 74.0454194035008 75.6406672150694 95.5526080808833 86.2989514287593 81.7480787451182 84.7988552877349 89.2771966112203 95.8268784107459
-30.593616674435 87.0892940272305 85.0019735602505 91.1241718986789 86.0842086243255 -26.0341460164732 -15.1595434906529 -17.6467899305712 -16.9639451479625 -9.10053730591221 -13.060804028836 -8.3161857966825 102.303102854985 0.791872772554655 -0.914332461047621 111.610600323153 -8.5094878445596 119.138861778586 107.813492675765 116.152733517549 118.317770016442 15.9440415018753 15.8982314377261 11.8412332675338 17.3809551158609 24.5680649287984 127.543857485586 28.0526404106011 26.7326399985757 28.7950800352746 33.3614541705318 137.756973031101 41.6042802475594 51.7700957768614 86.8654363671881 55.0300125639512 53.8328966989842 61.2427393379226 61.0564870351289 69.7552237462344 77.3277234118619 78.6253240063398 92.4063229092687 84.2133386620685 81.1614491041315 98.3689935933183 96.3914004821688 99.0908880139752
65.689274455822 69.2366673044928 94.5720505302443 93.8257734883717 -13.4902325304836 -15.895487474129 -15.4530681913547 -9.299035113044 94.5972128959091 97.8009137449866 -11.0921713325989 100.599099502341 107.321181720168 -7.77541745893393 0.416346076718241 109.533229913685 116.569358666373 102.985146008328 8.05453028033526 109.818913459371 5.55971373437265 24.914604059821 124.135653170703 11.2461220896875 25.9963850176497 12.6151219556292 29.775246252156 32.4910983207294 28.4211201657168 38.6263940575333 39.379757075845 44.6807416540128 38.1103116429559 106.563815167914 153.526740421779 54.7681168514653 55.668683671338 62.2422572086581 66.7805412436369 70.2680959786838 71.4440859840651 83.482490449161 103.965755696686 93.5455008854346 83.1874485296034 93.8624721709268 106.513455843175 113.591407119757
86.5297500482627 93.2542066396782 96.4194514209659 89.3687465209492 -25.1713092048462 100.763977742957 102.700435829886 114.741955605906 -12.1169606998074 100.382809430539 -10.0974157558776 103.863513168808 97.9898717198102 -5.20940061408038 -0.147850713373344 0.835148381719193 117.237652542126 14.8093165337121 13.8863219632993 120.399232067597 128.089308070204 23.6330025117253 131.684010448828 134.67000669105 24.5331988100025 16.784723746261 21.8666408881574 24.5838633511731 27.4719517494094 36.9147355762798 39.1081189767131 40.460065901206 83.8415327848988 52.2628266524555 54.2360285099343 57.0624438573961 66.4141599499048 65.8414132247025 65.9381722096349 80.0922787747659 190.601572202818 89.4819593605671 100.483648282122 93.0794661655194 96.4580337829133 100.458080550633 114.132485594163 113.182399985075
76.9409163945496 76.3435606237238 84.1254111471711 79.8940329586428 -33.5666717572901 101.19661383493 -17.2881238105446 -8.16421461514825 -9.32549055827475 95.1381495869629 -7.83912955027735 100.365717446948 111.65733077495 -4.03739781432321 1.06822844816099 3.7531159003702 116.267149497434 119.087787927912 124.825408251287 124.343923267046 127.248027174107 132.389497501017 131.538665136945 33.8133410707915 20.2412709668216 22.0769480363774 33.36820665405 55.6624668463729 34.8067998830012 41.9676643965357 39.7222928700105 42.9567781781793 52.9725388858071 48.6196540051332 169.135980670353 171.374361203825 64.3973901711089 69.2255888772107 97.1631524021561 116.684225169285 85.5821592355191 96.0280916477591 118.358143630012 98.9766750361789 95.1874153589442 101.937574306447 122.124652831962 114.734948335993
95.3042741252154 77.4869692949119 78.3483555687793 83.7297594846794 107.46064849591 102.223668650129 98.812499746321 -10.8666095995424 109.862948964407 115.637304993279 -0.749538961798208 114.678711639363 -1.29151956863635 -2.11256917568465 4.41398283456999 3.08577038869129 9.65427671310539 124.945863686069 130.989580565697 133.658986531425 129.868762569324 27.0982653578677 142.600663029007 138.62407179374 40.913568781215 28.9290198943852 36.796363467429 184.001330869655 38.6487389004411 150.735144400789 153.504172250654 55.3512509285344 54.1256609737736 66.7643148842479 58.6568165895018 63.8982574634642 68.5617925342496 94.4820582179422 113.344337543112 128.22810821869 88.9705749489721 104.401012430722 126.994778227376 100.696593503873 98.8955503443954 109.315087667286 123.726358645604 120.837420442839
70.354792920136 -33.6989806706695 76.0650599357225 73.2503186821721 86.6994468186454 90.6603772869875 100.239738332628 -10.7979852560326 -5.67321887440093 -8.5749954235875 -0.211374048317055 8.06060462818127 110.981008354086 118.446835931263 8.65721077248597 128.282554393661 4.76362107714533 123.745375907609 131.914964187098 136.174171444588 132.753367279913 24.5198186817689 144.114756048171 141.562563980548 141.156212048257 146.461145795178 38.4387688305188 107.991944829882 42.0639752271197 48.9166432707475 53.9994973590599 53.3817165318872 61.9820845289206 181.97084702162 79.8569820512873 70.7632765039184 76.63497910513 107.714866545343 116.951570374689 90.8130392817974 90.780335340323 116.757494228665 131.112246163606 100.542839807942 108.274096074124 112.197224020909 123.232968496672 128.563940516343
-34.6111736096927 -33.5073388083414 76.1358779597973 -30.5228898543691 89.4938732457995 -27.0446496566809 90.6838336465611 88.3261586766683 -17.4304566301992 -15.1259363590936 3.99760659212755 10.1271033499376 117.04423639756 119.033790925602 129.27803792964 127.207127711058 12.4778128523348 13.1519125844922 132.455993926552 143.697236209679 135.884102134585 134.3393012592 138.137220342799 39.560246137426 152.47116308241 159.92010018876 155.264988427798 90.6671996665114 55.0490068083448 57.8967672561817 57.1918685667993 56.1554413026275 66.5152673776686 71.7092328843683 64.2722447691146 77.0885213815164 88.2569721221739 112.203782393975 99.3390109717963 91.374346040061 92.2180621443771 97.2998372352425 99.1286003241544 108.993533360529 106.60560348378 113.574549266487 123.512453851221 139.253046408627
93.0773299450202 92.5359295454911 82.0953338550388 80.1967989072668 85.6207410432514 101.673265172605 93.2903064230314 88.0601702314218 118.948652194691 -15.5762099339387 -12.5263090576607 6.94394590028539 16.8728103457825 128.242991533734 132.946653002322 132.390950249079 64.7192249773041 24.4286497973149 20.0770165959427 139.283292712793 138.564492264948 142.338908016147 142.765066134443 144.633958134446 148.770690165533 155.554505704908 58.2492670443984 80.155723270227 59.8337214676534 56.1488697579942 52.4324425930095 63.9250369563833 76.8448788362979 76.8424273236656 94.2089197861476 87.8142725567267 100.79099782965 191.042457072629 203.179370128687 90.3395665566577 90.6757938941321 104.287757959345 105.667099757251 109.833498102046 115.390212784241 220.432752814905 129.565587185259 134.211223806649
101.204560425303 82.9415104848479 81.6950812193597 84.4266605812492 95.2474159606327 -19.2916264610919 93.0617442814168 95.1444922245919 96.4520287212141 117.727769549049 97.239481429627 -5.4362602217181 -4.46480228516955 132.040667333492 16.8969909367751 146.90477976997 34.1984354819039 23.2546466705781 21.6720559198136 29.7370412316995 34.5296399819807 148.90299027179 152.092344352909 155.46174219504 164.348878870769 52.6620048540822 165.835729803498 64.6571274171352 64.4455110198492 170.861085292724 55.7472769917027 60.6453200331314 78.3066305442346 84.9077727067498 85.1060580531264 91.7778197421057 118.152248405368 192.787396802486 94.427866366777 94.3899506191734 99.3374169662616 112.719925538786 110.534625261513 128.685736166587 117.019373577556 121.368830936445 126.3470063441 137.1463173432
97.6877805148681 80.3179232036869 86.077779704979 85.4683356851966 92.3227671381895 129.861705828549 102.153245875066 98.9490886156752 103.463317218349 125.933115383433 109.076496890092 113.630851175551 114.653978719878 138.126803225893 140.364955817642 25.8113921837935 145.573732765976 135.5046479109 136.739936215849 24.8184547140687 38.5328748889401 47.9180886755634 156.260779878595 157.146163068278 161.663738755937 59.706933971939 56.3164893963931 179.283056056789 178.602076228674 182.246187608381 70.4669770059591 70.6271201375542 116.158125022035 85.3715545151539 208.759819773165 214.425105291407 97.6898134669634 90.5633818964442 93.3356394354063 102.491483384415 102.70964411633 109.603597231 120.3999438789 121.940825225732 118.795609084725 227.646463653163 129.635727675988 131.741877203586
92.8765699633301 82.0067685557008 84.6274255709181 90.0102642535917 -21.5515209334851 132.308382857434 100.328025243745 103.550438540819 111.170139406234 109.93748591938 106.885674676381 116.344995154521 6.57119063483921 8.30366413840332 142.149623778143 143.618419777955 144.187988487487 29.5541394515802 33.9286741112809 38.0830385482648 40.6616930749501 48.9089422073355 47.0185004893582 164.51885065114 164.495889867177 56.8227457640243 177.037132610134 62.2359283939143 185.106390669091 93.6715076227033 104.596748139785 117.136199444791 165.853708116617 112.5926112786 84.156766443435 91.7325583289943 88.9969432031652 89.8094055934023 105.003671900683 214.323949991315 108.165081886378 115.227560546269 123.885463887209 128.732324580581 125.391127409352 226.7566881365 131.72801896114 141.896717297541
90.454349066784 84.0321044751085 88.1373947581485 88.3701306899388 95.5621730518075 -5.38527310271124 102.281748600371 99.1220426179777 -2.08111728268679 108.246301425385 109.329679911543 115.278231755378 115.74338394881 109.019559801996 8.31066739652172 32.499334139081 129.196578345521 150.480787391027 150.075742977299 151.348220546518 42.9467275746552 45.7083740763824 51.9442155793282 167.622845089891 172.691520188504 166.031922028661 174.972207339058 176.259704645903 71.0854806702543 113.652474761945 160.975155172792 178.996137137096 146.195799407008 89.9593723306163 90.1338683800866 98.3476709111065 100.24571595369 122.037428517204 112.291001108725 113.060367071058 218.897940653239 116.107475719922 123.340026812665 125.508287461861 130.252888338378 234.768051652891 134.541121541858 140.838575086793
84.4935564438671 85.0493952326317 88.3742696986379 92.4588101776065 103.38554749051 105.567245265186 104.480830373667 111.10738687954 114.309321413925 10.5051423299311 112.054632804985 119.037323023476 119.318998088652 121.229829376869 122.048065341402 130.72950306371 155.680511454166 153.58633070602 159.057982271827 46.4919991614564 47.5776287276294 50.1612826979199 51.9608228270899 59.3998309693141 176.245891369846 169.731669025358 174.979761729449 179.215113579875 70.2311551386409 101.338856417388 184.203554859939 166.485889939371 199.533653303557 200.036406578305 95.1760101295516 98.6062965549379 107.204410188878 236.261912138896 99.5948558187845 102.589651388149 122.06555196285 117.091990360567 120.710124587207 130.804293223472 140.138733536036 237.093530422688 238.68855916877 244.76224450445
103.101972169402 88.1280676854137 103.558149495056 94.8113746123642 105.500536979276 110.329129249864 124.944385179749 103.813852413405 13.6511116305619 133.044437082067 121.468444798399 118.420167915424 125.316063498943 121.382170416858 124.337086191795 137.413953033128 24.7242100316037 156.702576322247 165.124896085845 163.650388224369 158.535826997611 174.603126956527 66.7047026552253 43.6327823593076 87.580552664202 182.051086433282 182.13387375283 183.796534653721 185.167674332416 85.9949357436018 177.572231612526 150.080123632543 92.1635360199692 91.5276565031581 87.9866579095105 206.893412470141 111.404072613547 104.154846607444 215.697548935326 219.077689124779 121.274628898436 125.447747403961 121.939041671566 128.290697102877 136.730852337585 139.789246993837 140.739728425 143.286570418003
-17.2658537382105 -20.9394178031659 102.044614985069 96.0234575667596 101.793220772001 104.66965894698 109.026615772876 109.436132086594 25.6790238064587 34.6006314707183 127.408338709756 10.3891818781614 126.608724841403 133.772163349931 129.878353737007 131.570194977917 137.742535507823 151.062387801884 162.572843265799 57.1450393528348 68.7620873451096 61.9600344204629 118.379616631557 109.597329553679 81.3116137522032 69.3873366762035 78.2160235780632 189.724290432363 188.973486721855 161.421379758934 181.453250969041 107.490201173852 209.477773611752 198.213848231889 89.8247714841002 110.699849426328 106.994544814045 108.016653670053 112.29395685371 119.048588101248 227.841344455023 126.952758904318 131.908035995093 129.747279542255 137.990340305942 143.791615964763 141.716270087478 244.00416470531
110.367573876469 104.290234654876 98.053808738057 -11.5002139732087 105.841599731073 114.423971526875 111.223160279188 114.841060880832 31.2599698252741 76.7802867974304 141.498097520514 133.257109670164 134.357615464423 134.572712747598 135.075489055541 142.15020372684 162.608593115112 154.658276080254 151.843545230138 171.457922974403 174.983031439875 68.9830030310704 127.932885767026 184.934361057047 201.036321552913 52.5282336076982 196.318346249518 81.2061325916233 115.960741336741 173.451791620773 172.278073277572 98.433792496116 206.823604544201 99.0657658726473 106.662713548379 119.835826242013 116.394521227928 106.665648587966 224.734914033836 233.604983652491 229.127124775377 125.074447325628 124.016126906942 239.795551754386 136.269082688226 148.01683583841 146.123893454421 251.940350649679
109.51681956822 -14.0759753440827 109.463345517711 -3.39892483358165 119.424229085956 115.710279087917 115.39634868277 119.862063428051 146.21408236847 165.042270176711 69.4232430222207 135.556255293952 138.722294394585 24.5000170953475 140.132677920622 149.897820498126 62.7766352094017 151.811890833343 46.0242297374581 166.375506311903 179.742561093679 227.383242354905 68.7433595393158 112.399547381977 89.2925229551873 54.5458528414571 196.034671297325 90.6824797894832 100.322041842142 172.820198568999 136.947645085776 207.905610064242 210.83872618887 209.836046056726 237.594925601268 112.384126663365 117.536446227956 222.535158478966 119.415742252383 122.442535212562 231.180976571315 234.973686256846 136.55583768101 234.427750705908 148.414052397409 144.216507964221 147.906674406127 151.274681992021
