wc0.5/PCA/Component-19.asc
NCOLS 267 
NROWS 470 
XLLCORNER 79.65 
YLLCORNER 5.91666666666689 
CELLSIZE 0.00833333333332575 
NODATA_value -9999 
[rows 247 to 265 of 470, columns 220 to 263 of 267]
2.36024605504622e-09 2.3838073202676e-09 2.37177520794617e-09 2.38326110148141e-09 2.4060483367813e-09 2.45441889815248e-09 2.44016342175858e-09 2.45957918216123e-09 2.40499097137468e-09 2.47125978534827e-09 2.38242541281881e-09 2.47467586226967e-09 2.36271875482133e-09 2.49201443471205e-09 2.46843776970238e-09 2.56794074386848e-09 2.50321438769297e-09 2.59727168430305e-09 2.59102047971393e-09 2.59349689873874e-09 2.58270685023505e-09 -9999 -9999 -9999 -9999 -9999 -9999 -9999 -9999 -9999 -9999 -9999 -9999 -9999 -9999 -9999 -9999 -9999 -9999 -9999 -9999 -9999 -9999 -9999
2.35195502561847e-09 2.34437360634323e-09 2.39774781551361e-09 2.41767613994164e-09 2.40602809781937e-09 2.40279356652997e-09 2.45461034896402e-09 2.39051421649997e-09 2.40500319924385e-09 2.49051383285732e-09 2.4961785108567e-09 2.482151141201e-09 2.47751480171356e-09 2.42935394946341e-09 2.5960824520249e-09 2.5550640179675e-09 2.45801577945529e-09 2.52888659967927e-09 2.59100931339202e-09 2.59259949374763e-09 2.57460066648591e-09 2.59069642666355e-09 2.55998998958799e-09 -9999 -9999 -9999 -9999 -9999 -9999 -9999 -9999 -9999 -9999 -9999 -9999 -9999 -9999 -9999 -9999 -9999 -9999 -9999 -9999 -9999
2.41954197256967e-09 2.37919643170318e-09 2.32906929409067e-09 2.4080102912282e-09 2.41650793317315e-09 2.3866669171358e-09 2.39836765567366e-09 2.43365755255235e-09 2.46434449277958e-09 2.43736634984345e-09 2.44807775179672e-09 2.49661810270645e-09 2.44828445735455e-09 2.51392901130244e-09 2.47637446022443e-09 2.60246264127047e-09 2.55287995823876e-09 2.65503307777921e-09 2.57976301527238e-09 2.59256702691653e-09 2.59389900718916e-09 2.6051327036144e-09 2.55180933578265e-09 2.55324169612254e-09 -9999 -9999 -9999 -9999 -9999 -9999 -9999 -9999 -9999 -9999 -9999 -9999 -9999 -9999 -9999 -9999 -9999 -9999 -9999 -9999
2.43075543003298e-09 2.34478777499094e-09 2.4326945716891e-09 2.3905926614633e-09 2.39444299716851e-09 2.4108690958088e-09 2.39327604059225e-09 2.44968851035974e-09 2.45077527248052e-09 2.48058304309741e-09 2.57887995918079e-09 2.55041212347869e-09 2.54434541628241e-09 2.43877885883075e-09 2.47198927380812e-09 2.4843549640129e-09 2.61161079483518e-09 2.64694819453928e-09 2.63428433387348e-09 2.60719229564124e-09 2.57456977726938e-09 2.53705592805959e-09 2.55200027052689e-09 2.55925656425437e-09 2.55342552061668e-09 2.54720273773698e-09 2.5538712622201e-09 -9999 -9999 -9999 -9999 -9999 -9999 -9999 -9999 -9999 -9999 -9999 -9999 -9999 -9999 -9999 -9999 -9999
2.41946047124197e-09 2.37773700358137e-09 2.32728621621039e-09 2.43608139172532e-09 2.44537223296069e-09 2.46647545678009e-09 2.42785197320754e-09 2.48977248659605e-09 2.3995880451939e-09 2.48692086539916e-09 2.56352655434421e-09 2.53750410620831e-09 2.54786315305785e-09 2.51251372504301e-09 2.44464512182896e-09 2.53729289371205e-09 2.65507224224739e-09 2.61565315128633e-09 2.58683352084477e-09 2.5950830108014e-09 2.59134520351924e-09 2.63998237306921e-09 2.60958971810591e-09 2.55839162609437e-09 2.61999887610962e-09 2.61947125537042e-09 2.55707384274571e-09 2.55784399016158e-09 -9999 -9999 -9999 -9999 -9999 -9999 -9999 -9999 -9999 -9999 -9999 -9999 -9999 -9999 -9999 -9999
2.35171754460278e-09 2.35357254305393e-09 2.36802905896671e-09 2.35651235115747e-09 2.32693531906515e-09 2.4501126618741e-09 2.46666127390528e-09 2.49922198226324e-09 2.37024052774495e-09 2.43066870029754e-09 2.54926660686203e-09 2.5845967952652e-09 2.59051734167102e-09 2.42766051323294e-09 2.43012628200316e-09 2.44639572153751e-09 2.5246198593554e-09 2.61794442804138e-09 2.60208719078196e-09 2.59183679712278e-09 2.57201597359946e-09 2.59151483775429e-09 2.60389453566535e-09 2.60386467858343e-09 2.66902306948567e-09 2.61944943879391e-09 2.62051857170194e-09 2.55810841514076e-09 -9999 -9999 -9999 -9999 -9999 -9999 -9999 -9999 -9999 -9999 -9999 -9999 -9999 -9999 -9999 -9999
2.34597937636848e-09 2.39361116359434e-09 2.34550543126883e-09 2.34118024683008e-09 2.34199560501354e-09 2.30599872380616e-09 2.47306434127461e-09 2.4374610673687e-09 2.3853810386282e-09 2.49970950042444e-09 2.49300012020937e-09 2.65519306747283e-09 2.559436872369e-09 2.54157859174509e-09 2.42848442798912e-09 2.56316864118253e-09 2.52458343750332e-09 2.43402447348573e-09 2.6165229516655e-09 2.61993512828272e-09 2.5880898565898e-09 2.59151483775429e-09 2.59903907704588e-09 2.55833734268676e-09 2.53273648984005e-09 2.62016851034466e-09 2.62046428829434e-09 2.55804348147855e-09 2.55827595569392e-09 -9999 -9999 -9999 -9999 -9999 -9999 -9999 -9999 -9999 -9999 -9999 -9999 -9999 -9999 -9999
2.41672197190871e-09 2.47708824067208e-09 2.42166350797274e-09 2.34246747572245e-09 2.35557340669523e-09 2.36513576052933e-09 2.49833617604458e-09 2.39699666286573e-09 2.41838050550456e-09 2.3646713666865e-09 2.49348620147744e-09 2.46808439068835e-09 2.60081157756672e-09 2.54241379553154e-09 2.52484414545619e-09 2.45082310378654e-09 2.44750129724085e-09 2.54817502621325e-09 2.44149300246665e-09 2.5364454644487e-09 2.64831346056915e-09 2.5705939921064e-09 2.58936504558495e-09 2.53501810837483e-09 2.62120934009143e-09 2.51929384875215e-09 2.57758108026175e-09 2.62386739227152e-09 2.62088268068572e-09 2.52790449111058e-09 -9999 -9999 -9999 -9999 -9999 -9999 -9999 -9999 -9999 -9999 -9999 -9999 -9999 -9999
2.35727787653608e-09 2.42035703403396e-09 2.44652375497503e-09 2.46789485367739e-09 2.37553861096095e-09 2.38118248621038e-09 2.38117235202308e-09 2.46330672575423e-09 2.41991241821893e-09 2.4167082783413e-09 2.38092266094079e-09 2.40541471977027e-09 2.57258618259541e-09 2.59060180328193e-09 2.60689515307466e-09 2.5298474217342e-09 2.43172835166331e-09 2.49434307679775e-09 2.45586718957906e-09 2.54907972917706e-09 2.5816031942109e-09 2.57462898335012e-09 2.60057087673084e-09 2.58952914718445e-09 2.55636748060138e-09 2.54994469033741e-09 2.57772843416632e-09 2.69232845370222e-09 2.63848747545396e-09 2.62102840466238e-09 2.55834317286743e-09 -9999 -9999 -9999 -9999 -9999 -9999 -9999 -9999 -9999 -9999 -9999 -9999 -9999
2.31354583820045e-09 2.46467195924732e-09 2.37174716407227e-09 2.52881867203865e-09 2.41627712647218e-09 2.43606573400052e-09 2.39205353567831e-09 2.55678202481095e-09 2.44664327198894e-09 2.36847141620773e-09 2.41711038679171e-09 2.4845868995646e-09 2.52509407834016e-09 2.6064975035434e-09 2.66145080692941e-09 2.60709516045893e-09 2.42523666176605e-09 2.48967497172678e-09 2.63425627442416e-09 2.59071504860975e-09 2.71030371072698e-09 2.57456404968791e-09 2.58904186610989e-09 2.58947486377684e-09 2.53060429409573e-09 2.55952536642671e-09 2.55194697108866e-09 2.69215156658447e-09 2.57816649713899e-09 2.62098184862301e-09 2.59079121914697e-09 -9999 -9999 -9999 -9999 -9999 -9999 -9999 -9999 -9999 -9999 -9999 -9999 -9999
2.45853917764009e-09 2.29281839480392e-09 2.33992818053574e-09 2.43058241758887e-09 2.39852430083693e-09 2.46862500886703e-09 2.47135082878128e-09 2.35314856031316e-09 2.43533608532877e-09 2.45187902248233e-09 2.48723419364126e-09 2.44478099059653e-09 2.40070559129547e-09 2.53009540317838e-09 2.5516618350053e-09 2.53670003099713e-09 2.50417382667967e-09 2.42542048626018e-09 2.42888080748145e-09 2.49257479971121e-09 2.59090096678576e-09 2.59542935001948e-09 2.5531880200674e-09 2.57251027102903e-09 2.57357573264061e-09 2.54042456560064e-09 2.55188017608736e-09 2.59446960447436e-09 2.59844357189294e-09 2.59306598397856e-09 2.69119299369496e-09 2.56240396767872e-09 -9999 -9999 -9999 -9999 -9999 -9999 -9999 -9999 -9999 -9999 -9999 -9999
2.37497362579632e-09 2.4036639393332e-09 2.31760256399887e-09 2.41734886587414e-09 2.52132417778536e-09 2.45436190615572e-09 2.45187577256299e-09 2.34478169603181e-09 2.55825100481564e-09 2.4459220745245e-09 2.47061095317553e-09 2.45622482859334e-09 2.38621870223346e-09 2.38618517385509e-09 2.4830768682909e-09 2.52798082332852e-09 2.43373155129691e-09 2.43307557664949e-09 2.42557947024063e-09 2.42989565698187e-09 2.49919862949405e-09 2.60740948566841e-09 2.64141315786755e-09 2.60309840245198e-09 2.55445005010959e-09 2.57625000475702e-09 2.53254532343134e-09 2.57500530323597e-09 2.71168091056444e-09 2.67547828659805e-09 2.6124847931283e-09 2.69135500161259e-09 -9999 -9999 -9999 -9999 -9999 -9999 -9999 -9999 -9999 -9999 -9999 -9999
2.36234249224731e-09 2.46079730300496e-09 2.24183420365008e-09 2.4169628987321e-09 2.43510900331664e-09 2.39226926015096e-09 2.37958862279485e-09 2.34473108392065e-09 2.39533044362753e-09 2.39934394088381e-09 2.47557449421107e-09 2.43529491030543e-09 2.4384836853473e-09 2.46550693950522e-09 2.54776535629173e-09 2.56010199772789e-09 2.46903416148029e-09 2.48383812900117e-09 2.49028403688412e-09 2.42182142399654e-09 2.43006529121692e-09 2.64550976955832e-09 2.64051991558817e-09 2.59932481209342e-09 2.55417890964877e-09 2.57530343397737e-09 2.68895518180041e-09 2.49788436918279e-09 2.59677843544621e-09 2.71290036900089e-09 2.69519011497138e-09 2.61290266945238e-09 2.70913454823493e-09 -9999 -9999 -9999 -9999 -9999 -9999 -9999 -9999 -9999 -9999 -9999
2.39659251682827e-09 2.39518879364469e-09 2.24894923494871e-09 2.45829455868227e-09 2.41958001421522e-09 2.40075374314296e-09 2.38275664280748e-09 2.39587531771673e-09 2.37597781951668e-09 2.39737389002468e-09 2.44604463665287e-09 2.47361721772572e-09 2.41916315424232e-09 2.40838217837866e-09 2.5004886738388e-09 2.49428928515018e-09 2.56190231965506e-09 2.56049908961007e-09 2.49988810716449e-09 2.42301413609055e-09 2.50586740462698e-09 2.43027093228755e-09 2.5911910694673e-09 2.60214526530036e-09 2.7021884171227e-09 2.56030607588422e-09 2.57629646690129e-09 2.58231431147856e-09 2.58228236071476e-09 2.58261201150742e-09 2.71304265402389e-09 2.71250438303009e-09 2.71249373277549e-09 -9999 -9999 -9999 -9999 -9999 -9999 -9999 -9999 -9999 -9999 -9999
2.36926148337731e-09 2.31310719534967e-09 2.3355149787342e-09 2.32854294981612e-09 2.35105108177719e-09 2.42456515616329e-09 2.41032586265953e-09 2.52852791210998e-09 2.45301318419178e-09 2.40055965856342e-09 2.4273205631615e-09 2.39968674935839e-09 2.3862962111245e-09 2.40349434302879e-09 2.43331940606427e-09 2.47072138278261e-09 2.54254625659055e-09 2.46916528018139e-09 2.54250479206195e-09 2.53693533914801e-09 2.53006162083033e-09 2.51703616739002e-09 2.48844793288451e-09 2.60183534582909e-09 2.75375185728274e-09 2.69440177827738e-09 2.56016773477536e-09 2.6780257783158e-09 2.56702403877358e-09 2.60444893221584e-09 2.59398747688835e-09 2.71295088721695e-09 2.60973994593811e-09 2.60969129621686e-09 -9999 -9999 -9999 -9999 -9999 -9999 -9999 -9999 -9999 -9999
2.37727393792958e-09 2.37950864843737e-09 2.38654075101364e-09 2.43019030301865e-09 2.42789417458473e-09 2.42045715955381e-09 2.42215505474037e-09 2.42816472752026e-09 2.47763267510912e-09 2.37290095634858e-09 2.40072929279847e-09 2.42750992029117e-09 2.47073928944451e-09 2.39751609456176e-09 2.44627986427819e-09 2.48697007823785e-09 2.56264333988289e-09 2.55098408249235e-09 2.47018012968181e-09 2.51953385789407e-09 2.55524740396161e-09 2.4881515865542e-09 2.48353316333908e-09 2.52706664115454e-09 2.59742655906835e-09 2.57051491053868e-09 2.45832025449272e-09 2.64560631345874e-09 2.6137320020516e-09 2.57702259118696e-09 2.69523960105283e-09 2.71155876280581e-09 2.71171221415071e-09 2.71256503543344e-09 -9999 -9999 -9999 -9999 -9999 -9999 -9999 -9999 -9999 -9999
2.37057964184899e-09 2.29242917188275e-09 2.46483141243504e-09 2.32380905144014e-09 2.42499654894834e-09 2.42017040193083e-09 2.40980925056347e-09 2.41169068292308e-09 2.45316822801995e-09 2.37361939880261e-09 2.3845919931497e-09 2.39691245169572e-09 2.44374637692712e-09 2.46493884988112e-09 2.4595612822668e-09 2.40204989848049e-09 2.56259115015716e-09 2.48030984896152e-09 2.53111251556592e-09 2.54904353200894e-09 2.50337512644414e-09 2.55566528028569e-09 2.60063396819025e-09 2.48852686185988e-09 2.52347218044264e-09 2.62939757775428e-09 2.74923106475312e-09 2.69701573837454e-09 2.66201039343614e-09 2.58979753625385e-09 2.60368988763335e-09 2.68576111683801e-09 2.70847321177303e-09 2.62268628296803e-09 2.60928667209411e-09 -9999 -9999 -9999 -9999 -9999 -9999 -9999 -9999 -9999
2.21467181123903e-09 2.30299202344655e-09 2.37940426898591e-09 2.39595799863614e-09 2.23635471192229e-09 2.23175196648013e-09 2.2467672207366e-09 2.38926421570812e-09 2.48428833599632e-09 2.3577587629523e-09 2.37220253492861e-09 2.38453269317386e-09 2.39225195467962e-09 2.41079923275758e-09 2.45171742981496e-09 2.48368919435189e-09 2.56925019513223e-09 2.45937625937717e-09 2.53748665610864e-09 2.53127452348355e-09 2.54944010782381e-09 2.50463310041454e-09 2.53652382988101e-09 2.48695675692801e-09 2.59161531478712e-09 2.62764896432329e-09 2.51085913282306e-09 2.74941134924277e-09 2.69742296444401e-09 2.66857807847228e-09 2.58114137823052e-09 2.61991884193141e-09 2.70700954856677e-09 2.596011480321e-09 2.6094396073717e-09 -9999 -9999 -9999 -9999 -9999 -9999 -9999 -9999 -9999
2.21464092202249e-09 2.38270006137004e-09 2.28632648331181e-09 2.34895329438585e-09 2.46031164108992e-09 2.34270151629661e-09 2.36188297732766e-09 2.34800367807824e-09 2.51639588932585e-09 2.43473495549764e-09 2.35769592297198e-09 2.37418716820456e-09 2.39286562482793e-09 2.41717141091039e-09 2.50112491862758e-09 2.4612733664414e-09 2.46124370445305e-09 2.49209460231691e-09 2.48043031740802e-09 2.53766694059828e-09 2.53970220424794e-09 2.54934834101687e-09 2.47607735567333e-09 2.6109099436083e-09 2.47352072420201e-09 2.66450066021093e-09 2.61842123089586e-09 2.51027169604071e-09 2.60945126112814e-09 2.69757589972161e-09 2.67840346759625e-09 2.66571425034946e-09 2.68608317028335e-09 2.60884799915902e-09 2.6085528526352e-09 2.699409901457e-09 -9999 -9999 -9999 -9999 -9999 -9999 -9999 -9999
