wc0.5/PCA/Component-12.asc
NCOLS 267 
NROWS 470 
XLLCORNER 79.65 
YLLCORNER 5.91666666666689 
CELLSIZE 0.00833333333332575 
NODATA_value -9999 
[rows 63 to 83 of 470, columns 94 to 140 of 267]
-27.0652358301392 -27.0025645568313 -26.4304088640988 -27.0278716459535 -27.2077491827418 -27.2092415033021 -26.7743749359323 -27.7659273276598 -27.9496848564802 -26.6222551336458 -27.2220495910875 -26.7553448502478 -27.8049883341685 -27.2288523117131 -27.5568350632892 -27.6953985670985 -27.7119118407954 -26.5535125724749 -27.3380500272611 -27.3231874398095 -27.1956446609406 -27.3515471386399 -28.3036488921209 -27.2916603676181 -27.8166354891865 -28.1928597506389 -27.2752854881211 -26.1252087696187 -27.8045521259954 -27.6128325667537 -27.8119167639132 -27.1698573904247 -27.3720224677584 -27.4629540128385 -28.0248893896026 -27.1680116855475 -26.5581052906652 -26.94823186804 -27.1575536123526 -29.3201568445044 -29.198727408576 -28.656838607068 -28.648126839424 -28.691928501505 -9999 -9999 -9999
-27.0812573225221 -27.0480675748128 -26.44393977647 -27.4335174586538 -26.2633411673609 -26.7584231849972 -27.0953591135003 -26.8478205879975 -27.776180292312 -26.9776692759153 -27.5330467454456 -27.8189378290329 -26.9691534018044 -27.2373121285966 -28.1430214058548 -27.6432761504956 -26.7916130326801 -27.0850724928319 -27.5575499424998 -27.4572494159633 -27.1831878292385 -27.5694517112534 -27.036609038784 -27.4179087431953 -26.9475489374731 -27.0936761635624 -28.0180572173936 -27.7194408845775 -27.8110251454468 -27.6962543030692 -27.685555737993 -27.6776669602102 -27.2751771930765 -28.1682335815858 -27.50728243557 -27.1020722342068 -27.0648032581918 -27.042712296043 -26.5618005149766 -27.2079751798178 -29.3238620143237 -29.5012292623727 -28.6913528924891 -28.7148342835346 -29.2995647043959 -9999 -9999
-27.7202331920625 -27.0784475352287 -26.3821524812877 -26.6373557280979 -27.6170562925356 -27.3600859726611 -28.524718228116 -27.2218616078961 -27.9561804228636 -26.9907338203493 -27.1239474323158 -28.3043123256852 -28.0831208668825 -26.9455701190953 -28.0928159447085 -28.0501708951379 -27.0393093284564 -27.6970014984967 -27.8498942699976 -28.1260381102174 -27.1142720528883 -27.5697649832836 -27.4569108175142 -27.4870133078152 -27.6507568126295 -27.9608824327775 -27.1408308215391 -28.0688092163434 -27.8260414109523 -28.0981045148646 -27.7023428888088 -27.2150732960531 -27.393899622769 -28.0948581317197 -27.5288220191361 -26.8449208542081 -27.112312304406 -27.1830496313286 -27.1140407210044 -27.0805811243391 -29.40669526186 -29.4211583864604 -29.5765496379846 -29.3923195460652 -29.2351102043023 -9999 -9999
-27.2750316839588 -26.7566680003492 -26.9540142051564 -27.1105214222075 -27.6623925268439 -28.2190603410522 -27.8642195194538 -27.5984086998995 -27.5398143691769 -27.689851548402 -28.3586817245462 -27.2677250343144 -27.2995749876535 -28.5277197159148 -27.0688330772664 -27.5945126925897 -27.4983720527239 -27.7874143777776 -27.6282183558345 -27.7002628934029 -28.022801113622 -27.1321107333861 -27.6358214826107 -27.5786147281389 -27.5849695246096 -28.442703196923 -28.1218669298432 -27.1986787246294 -27.8926119465769 -27.8636728357237 -28.3660543471574 -27.6114503835421 -28.0998005292262 -27.883905515119 -27.979674497954 -27.9095072122716 -27.4300231831129 -27.1429863570431 -27.1377154906679 -27.7458727222642 -28.5232856217307 -28.7160752799297 -30.0349343983491 -29.9719670124654 -29.4280941924943 -29.5295540285786 -9999
-27.3463356268123 -26.9802212155834 -26.9601739525776 -28.3226085374564 -28.6850193386252 -28.1539087397605 -27.8620390194308 -28.0976108831115 -28.0042721305237 -28.2360926147408 -28.2362165021088 -27.8763597300542 -27.6951861426397 -27.5054658788343 -27.2511697218705 -27.3328771109264 -27.7025860740948 -27.9284627133867 -27.4592838676241 -27.1433825722919 -28.1277678981972 -28.1160622290944 -27.3208176944257 -27.9790493532191 -27.8829472640244 -27.8383913632361 -28.1593987300474 -27.4585247229821 -28.1584142131973 -27.8762152101141 -28.0250149809722 -28.2964591266072 -28.0349296372478 -27.9310956705359 -27.8145225463084 -27.9043927856008 -27.3005713334585 -28.0878325496325 -28.667186929929 -28.4776357510553 -29.8628883263758 -29.7993591747992 -30.0268260702194 -29.5978674364749 -29.9285028528478 -29.2472441882279 -9999
-27.2183067247577 -27.8726154829495 -27.3832496700455 -28.1399447496073 -28.9951252674143 -27.598157967446 -27.3423777598327 -27.2972858972196 -28.2452675691737 -27.4735483785284 -27.421191236585 -28.609222074942 -27.2482548654333 -27.2582959129949 -27.9103687864712 -27.5494945719861 -27.2175950647228 -27.1297582039234 -28.0079715837326 -27.7313268364484 -27.8135225192993 -27.9342207762974 -27.2744291245994 -27.9591911642159 -27.0829238452078 -27.0968780349653 -27.9093781831744 -27.8567616277826 -27.9706400018809 -28.4846704388945 -27.9624790900993 -28.255055825587 -27.9851278406137 -27.5020562027012 -27.8977266364801 -28.1130147173561 -28.4269685968626 -27.6733979090028 -27.936914354629 -28.5596055631473 -27.7852078660796 -29.2730196966029 -29.8603152619533 -30.041789072239 -29.9493019440331 -29.4911457234894 -29.4334875494861
-27.3204783739699 -26.8575502843723 -28.2051008231415 -28.1301442037727 -28.2332045561902 -27.8974878260434 -27.3585648003353 -28.1108642489528 -28.1822033944241 -28.0025178601236 -28.0673203107686 -28.3095108795714 -27.6408590526986 -27.7550358235673 -27.5566175303179 -28.2234011129455 -27.6800504430059 -27.5611583558398 -28.0750937392165 -27.5293103052967 -28.0181271624808 -27.5198845298042 -27.8178409584699 -29.1020013859642 -28.0233001420937 -28.6217531951747 -28.6540111609679 -27.9919092326077 -28.4653436773014 -28.86067593768 -27.9033285955357 -27.6824607293633 -26.9912171709732 -28.1945671513857 -27.7508974074248 -27.7863270651673 -28.3761667769873 -28.3491575264123 -28.2135763682091 -28.0227380230716 -28.13918756983 -29.7238235680561 -29.9562522809019 -29.8182344602535 -29.9921823246545 -29.9114692479598 -28.6255266211562
-27.4632767883374 -27.4616526283023 -27.8805479492824 -27.8871051366456 -28.0544976768565 -27.8283103742562 -27.6505211172379 -28.6746447483439 -28.3239232099874 -27.9855753797144 -28.2205611352362 -28.2023087937768 -27.6417811517208 -28.2470457169244 -28.0212858128096 -28.3674190335906 -28.4366112049372 -28.4122913350076 -27.8837895674043 -27.9384818364876 -27.601752973832 -28.1028145310604 -27.6860415809416 -27.891133248665 -28.1912543949025 -27.2756756032907 -28.0140846594027 -28.4351966506887 -28.3830972758159 -28.4006836878158 -28.4955224940676 -27.8031887854013 -28.4117655701491 -27.7613846781277 -27.803075290384 -28.3562919888129 -28.4628195331341 -28.2250675473958 -28.3712147534433 -28.7973520540259 -28.5745328258011 -28.2279898739043 -29.957426759517 -29.8303684441791 -29.8295282948635 -29.8181387972745 -28.6840947334749
-27.4813937214884 -28.399124016501 -27.3866066299276 -27.908136399132 -27.7419100332221 -28.2540792631493 -27.3760421449226 -27.5460559159574 -27.4702421579459 -28.1958793410992 -28.098736348566 -27.9081260265807 -28.2687307963557 -28.1530460241452 -28.4177784590883 -28.3889037450491 -28.1989975289357 -27.8887307311751 -29.3529332016675 -27.5653665693377 -27.7077209173422 -28.0503799477589 -28.3651708057148 -27.7873039005998 -28.1107504722354 -28.7740904521109 -28.5680466459681 -28.4711881593565 -27.9642907139785 -27.6033487733537 -27.7192592914275 -27.8742819012374 -27.7657271619587 -27.8591736763709 -28.4475065764816 -28.0127584901093 -28.2366198727562 -28.8623754878937 -28.3488584502065 -28.7176821300232 -28.3205224267509 -28.4984908795854 -29.0338749724184 -29.0364373788665 -29.8883933478955 -29.9100534896284 -28.9858345670637
-28.7204247112811 -27.3972128602298 -27.6683380309976 -27.2495288622876 -28.4165215198838 -27.9372568938097 -27.7001368897405 -28.2772527362187 -28.4032548223499 -28.3976706839445 -28.0540064532831 -27.9354754809085 -28.148085537 -28.4002015363875 -28.2139035163808 -28.6510913960206 -27.9295066556812 -28.5606388647432 -28.4888325111557 -28.7557636393098 -28.3249674236568 -28.4806464937944 -27.7867458102676 -28.7166369045787 -28.2305171915429 -28.2689104881208 -29.1666276215349 -28.3551492722805 -28.6276019239672 -28.1588652006236 -27.7257323108789 -28.4480669673967 -28.4403915574569 -28.1508589003283 -28.4129569981525 -28.3645432764678 -27.8001737389754 -28.0796509933172 -27.9954823807921 -28.6436313915627 -28.6655020011005 -28.1624269424179 -29.1494343624638 -30.0328502549835 -29.5105436964188 -30.0120664666178 -28.9404198832878
-28.6011186384818 -27.5851094554756 -28.1766183096794 -27.5063971093504 -28.3373791022218 -28.6306579336462 -28.4233252224585 -27.6274473595004 -27.5900335681882 -28.3689771237962 -28.4329729348158 -28.3435083710211 -29.1959197702321 -28.5895526289657 -28.4478387156721 -28.0561613994181 -27.945418638817 -29.1085130714671 -27.8331530762873 -27.7272295781856 -28.5001076075819 -28.668420677936 -28.4007885251902 -28.6867287681359 -28.6209358311039 -28.597314331671 -28.3764000851138 -28.443875014126 -28.2364786050692 -28.1358975181355 -27.8105397220611 -28.3922131821168 -28.3233281591605 -28.3881046826911 -28.4865287243904 -28.2943713524295 -28.5699725321265 -27.5699541991891 -28.1418843450644 -28.1317892195026 -28.2934375965935 -28.1287612719301 -28.0958602685258 -28.0450342084107 -29.4798381323372 -29.4375287908166 -29.9292536489621
-27.9296785597629 -28.0484339119896 -28.7260061786929 -28.1449053047173 -28.7549962855591 -28.7022523549645 -28.4686560426561 -28.1889087093471 -27.8969080715007 -28.5084259983867 -28.3647290789553 -29.1854317432284 -29.2257542873169 -28.3742978093335 -28.4992113135906 -28.3349636482691 -28.9971762983201 -27.5766485962057 -28.2320128219686 -29.0095630041784 -28.8891245942248 -28.4389913722042 -27.9636531809077 -28.5965253879234 -28.0643548945396 -27.9813058002745 -29.0960549943283 -28.4476674041486 -28.3272422998343 -28.4529076806825 -28.3858155396819 -28.8343447773966 -29.2723073932418 -28.5156809553472 -27.9501808719305 -27.3803051589714 -27.9565695809396 -27.8614652800672 -27.8896906860758 -27.8379281978589 -28.1761287027081 -28.2850391009797 -28.1392518697105 -28.4240568677647 -29.5130858762297 -29.3886910308661 -29.4378314048723
-28.0913041858644 -28.0943577539377 -29.1394099282726 -29.7818734732716 -27.9915716256888 -28.3058098389256 -28.5298293098737 -28.6369125831316 -28.3539941921682 -29.6150605657944 -28.7518553944139 -28.5991171856512 -29.6304695935668 -28.6637435159152 -28.7565513680175 -28.2494582336271 -28.4543942327852 -28.5914773772668 -29.0294618785188 -27.9085447196881 -27.895334046773 -28.8572854433726 -28.2320019506313 -28.4678562652045 -28.2119402247233 -28.9738184328636 -27.9114685227923 -27.444739825342 -27.7470848501557 -28.470968146256 -28.4182402937132 -28.4616791238961 -28.1730648589736 -27.8505219477599 -29.0495883054953 -29.1128540544801 -28.1249808281177 -28.0156460143379 -28.5228607329265 -28.6685044025788 -27.8392110672531 -28.3241465478724 -28.6982165927671 -28.6999136504757 -28.8617465181993 -30.0649595120958 -29.381869860817
-28.5781357854735 -27.8903171668465 -29.1702249920053 -29.7629264740429 -27.7558004797764 -28.8427500000157 -28.0003421386798 -28.5602264112805 -29.714367467298 -29.3081512401318 -29.8477605118246 -28.8582021994472 -29.7112056400228 -28.809427707577 -28.8876499333958 -29.0176862514982 -28.8001974380642 -28.9133850606075 -28.4875205310498 -28.38232880865 -28.8246321267201 -28.8155967008207 -27.6430525436839 -27.9705130237226 -28.4609500901511 -28.1396698054577 -28.9203759640732 -27.9975361952107 -27.7735956467812 -28.6028562589107 -29.0736957000216 -28.3870374844558 -28.2754825228097 -28.9412594695144 -28.2950608910393 -28.5232042559975 -28.2757913516721 -28.0691282025843 -28.1520733860968 -29.1450794466426 -27.8924856914131 -28.8070142729367 -28.789424899773 -28.1820461395511 -28.5702515901642 -28.1126153056777 -29.5375608138436
-28.5292518962711 -27.9316208483989 -28.4781166444672 -28.7859058744888 -29.0947760962264 -28.6798433151518 -28.4929747010267 -28.7724503544217 -28.9355720288889 -30.0362639763739 -29.906496500339 -29.8651267128885 -29.4567992698904 -28.8686719238239 -29.6366969345555 -28.3529511897014 -28.6971921238509 -29.464939092953 -28.56815510422 -29.0353740600997 -28.8278210772285 -28.1365360417355 -28.9613135463357 -28.0669977228962 -28.1345458849361 -28.2437198784885 -28.2330213134124 -28.1015606801271 -28.9672939122486 -28.3789255982001 -28.5519567641262 -28.5309255016398 -28.4510960576171 -28.7219782703161 -29.2401742000502 -28.4812187541052 -28.4370402738356 -29.369885839148 -29.1333172826763 -28.981834932576 -28.4187358543482 -28.3824184774003 -28.7935591656795 -28.6060134765409 -28.9910747852256 -28.5709580782543 -30.5075079763294
-28.1382122981215 -28.7910108375574 -28.741448830977 -28.6461504127454 -28.4271331334826 -28.686003062573 -29.1107692356364 -29.8565833639348 -29.4923158342922 -29.9766392146324 -29.8199824937483 -29.9063276230162 -29.9503858422975 -29.3774150924621 -28.9187207604452 -29.4205100543578 -29.1261066689604 -28.9755559851323 -28.9618435720535 -29.0011255302992 -28.3326685899685 -28.2685049961004 -28.2383091498499 -28.4771937210542 -28.2652462216066 -28.7716263814981 -28.1570574963042 -28.2031142378947 -28.6333684916812 -28.6743634022367 -28.495995220071 -28.6818602086912 -28.6573325840971 -29.3898453556924 -29.4102833286467 -29.4580414261377 -29.3202634743643 -29.7091115940191 -29.1566731423502 -28.983837517085 -28.8936066027994 -28.85316245049 -29.0467675228973 -28.399324586018 -28.7196137182796 -28.6165182338282 -28.108523199619
-28.4023621968163 -29.5115192223369 -28.6304669016512 -28.5198866360758 -28.41701049548 -28.8461693572291 -29.4689160707069 -30.190435524012 -30.0779076237588 -29.2659933903524 -28.7430696585525 -29.2536320588668 -29.2701268792149 -29.9082203265683 -29.9501508873704 -29.263619471857 -29.0236172479068 -29.0539135933861 -28.3988933423745 -28.7022143665889 -28.7114447931263 -28.2618288042942 -28.3322282364254 -28.8412072699728 -28.3141195916593 -28.6794548902888 -29.2458318991233 -27.7231794849384 -28.0398823567037 -28.5538236649168 -28.763648203207 -28.3367481413107 -29.1653672858127 -29.583384512136 -29.4117425100523 -29.341199618416 -29.7150456090838 -28.4156873765212 -29.0352055685194 -28.7683521265149 -28.5250356930553 -28.8916459236113 -28.731973411243 -28.8626823114608 -28.7763302647501 -28.5379641797735 -29.0801567011134
-28.9591713206939 -28.8327290826125 -29.002238886778 -28.5360556940342 -28.5356852489108 -29.2126870344481 -29.3497016992364 -29.1316906218557 -28.8390823974361 -28.729508850475 -28.5976013044116 -28.7708766137048 -29.3473676503928 -29.8816493171268 -28.7757452799802 -28.5110208391091 -29.7124492247275 -28.8565840496236 -28.9861029264211 -29.8809795404098 -29.5648208027098 -29.4915641481532 -30.0118265476914 -29.3258613933987 -28.8540471212095 -28.8236263371344 -29.4067555018013 -28.8273118592449 -27.6306427968645 -28.7781202796706 -28.7736003406509 -29.2107031398026 -29.0058410958573 -29.060510768949 -28.9352676394385 -29.732618326894 -28.8084096087318 -29.3764227031324 -29.6426749029333 -28.8358264811631 -29.4101628922996 -29.2687898410265 -29.3538132211919 -28.6621536047937 -29.2952383487137 -28.8186621662725 -29.3153289373005
-29.2241644415775 -29.268443421076 -28.9686748036726 -29.2945055343375 -28.6890440719752 -29.8179350400598 -29.8139918162311 -29.551131562033 -29.2395990294501 -28.7833200117843 -28.7868546414173 -28.7851059616486 -29.8511595383568 -28.9221839174258 -29.6342203656024 -28.5232452155169 -29.0202748921752 -29.0517827268579 -29.8014046252397 -29.027173827152 -30.227875180711 -29.7216053891684 -28.858741244158 -29.4790650952777 -28.81357844864 -29.2611965103594 -28.8316023368702 -28.8437114826683 -28.2055987772534 -28.2325126259072 -29.7383052192213 -29.7747303525802 -29.1574557200618 -29.469628535068 -28.8523539025495 -29.6078508986167 -28.9613187066852 -28.90771009905 -28.7599523177959 -28.4898694154871 -29.4728701917229 -28.9525023115943 -28.7522796872032 -28.7610510344299 -28.3234812709747 -28.6143397784079 -29.0613890434106
-29.3184203196011 -29.252728038347 -29.2198515626679 -29.1714064981785 -29.8321882826919 -29.4768309004889 -28.7166275948932 -29.5395927470476 -29.2460720489015 -29.1913884248948 -29.1789302796751 -30.5913121503695 -30.2070613798643 -29.8430512102272 -29.5883812330632 -29.4977866634858 -29.468737465352 -29.0879720404133 -29.6951964281062 -30.2003762352593 -30.5440235990828 -29.8178635322631 -30.4153470906509 -28.7943404731298 -29.9556347520792 -30.0339419829025 -29.7681869479182 -29.1660598483893 -29.6547141157926 -28.2957844392457 -29.3735753185684 -29.7384856400462 -29.0971723515954 -30.0923018011436 -30.0791803737094 -29.3240245506924 -29.4816904182623 -28.8827406535806 -29.336027600611 -29.3395745641536 -29.0554629898358 -28.7399520247448 -27.9959530037669 -29.3946657953236 -28.5237254550031 -28.6144405272535 -29.0650713461526
-29.3791064579227 -29.4433924364265 -30.0466044876693 -29.7321383807171 -29.7997785864665 -29.2912273502911 -29.4763696081157 -29.2559808420926 -29.972069608105 -29.8515888544112 -30.9740379764195 -30.300698893648 -29.9557785206589 -29.43543951184 -29.5351332831324 -29.4019301097587 -30.3845500841681 -29.9082990011938 -30.6199105561785 -30.5715073584215 -30.0849428041789 -29.3816521712605 -29.4782971430173 -29.4588209191123 -29.3808424740735 -29.2645249230113 -28.830931335921 -29.4930982281476 -29.1301988361847 -30.0616881521831 -29.8401580544307 -29.1925941894993 -29.3914550638549 -28.7617344775432 -29.0434679236471 -29.057500028138 -29.9759397330817 -29.4463667330756 -29.3822937130625 -28.9060714343014 -29.7403727873961 -29.4360390268001 -28.6934723086822 -28.7815529502616 -28.6534641293997 -29.3042692683017 -29.2137973366403
