wc0.5/PCA/Component-9.asc
NCOLS 267 
NROWS 470 
XLLCORNER 79.65 
YLLCORNER 5.91666666666689 
CELLSIZE 0.00833333333332575 
NODATA_value -9999 
[rows 231 to 251 of 470, columns 98 to 146 of 267]
508.255173728159 512.888619738823 513.317726405697 509.447606824323 503.248005811252 512.821781708714 514.125218348144 515.560182216473 514.997550272226 514.187765134629 513.963487348028 513.868933263853 510.047444245092 504.984072776776 509.800174976621 511.745283787606 510.282675718874 513.315376306501 513.89629586072 513.686842879905 511.938257629888 512.415023352775 511.902082664811 512.593501032351 510.624122326739 511.194719861602 510.269551143636 510.590876340541 509.166658766101 509.093917877864 505.757368660651 506.521809960596 504.473594116189 505.599964447786 505.11361001683 504.749728477423 502.939686349074 504.352600447056 505.960857254042 498.663238193615 497.137168041165 493.027471869342 505.245164737789 513.768181097759 514.32208001079 515.446816660414 517.127600265401 518.352169784295 518.456903543689
510.41710003175 513.14674098231 513.271741346387 511.329047710986 508.545234762083 511.971093243835 514.06719310322 515.250900191751 514.378887079125 514.414945329919 512.188607656609 513.061946128418 512.457430054927 511.122097129164 511.493862091742 512.597703566569 509.806460264937 513.118896664244 513.313025956112 512.802003529384 512.821444125095 512.300784639353 512.129482430249 510.1280324654 510.917598707465 509.486611721301 510.92463322443 510.610146507168 508.191314997224 506.86938079817 506.93091660289 505.431093402568 504.504950420713 502.163562241513 504.721779819267 504.470212687885 504.220343391424 505.321624195983 505.74508186857 504.597552290748 484.331347383434 485.291165393569 513.170020743005 512.884480345641 511.739360539341 515.550148510147 516.675875782541 517.662921271016 519.389355551483
507.153437982451 510.193373126962 512.948811159571 513.667006655032 508.99751924084 512.798163247792 514.561361334219 514.528401533059 513.293575580108 514.710215465444 512.361074645555 511.36504198011 510.117239452276 510.41842792955 512.080607771656 510.924386904585 509.431647642676 513.343198337266 513.052300579741 511.858328666827 512.677506435689 513.237831469756 511.64059025031 512.094167140738 511.375617276685 511.382295786291 511.58416483368 511.739325296078 509.087865542628 508.91177623003 507.740404044293 507.29947699095 503.65696991696 504.852976933928 504.372388702791 502.193663526748 502.396255260244 504.750392870811 503.93404883128 503.572827729126 484.441499782599 468.002464736328 511.819676278551 513.104098929938 513.393819264692 514.937647658661 516.25034627767 517.019529488392 518.637498454794
508.017062147499 507.684956279884 511.454463865538 511.161085803426 507.324871140129 512.862508355086 514.195521092912 512.394670701264 512.676881426152 514.330796975799 512.687247946538 512.197319695214 512.125289464261 510.457505438573 510.680233197037 510.537507257605 511.72421934975 512.136706089262 512.050312580683 512.288341125766 512.14001022567 513.039748731069 512.947755786573 511.955998633519 511.597231970649 510.986219942875 510.489451707747 509.360164422484 508.8138659052 508.400297581405 506.93976114122 502.788806666647 503.008217406432 496.804589522671 503.223223186743 502.670449061463 501.942545535717 502.600909894016 500.785364961734 498.660169748044 477.572577087616 493.118063529359 508.132869689451 511.427184568809 510.668164410376 515.64143010928 515.250580728981 516.555292051363 516.145111266888
507.48641265532 506.214922084211 510.659236730772 510.144896971035 505.871012313775 509.602192815247 513.550364323828 513.034746513809 510.887381421926 513.790347017297 513.008484826918 508.688305949971 509.277661269283 510.147025880247 510.28298967868 510.463784514352 512.086521473342 511.711476676563 511.734827864562 511.290436564383 510.545058551368 511.30665187678 511.332724395701 510.943815276302 509.513901115632 511.15137014308 507.28423994815 508.781614099283 508.548716602074 507.548596744549 506.44958586577 498.789892286755 477.540864094026 501.304904303564 502.768126230215 502.412961072188 500.743119210465 499.882485498656 499.913412479267 498.375593286817 483.611918923625 494.583055384745 509.594068373141 509.853846753077 511.633078442268 516.254297074674 516.098693987446 516.611925358861 517.939485951864
507.55225736921 507.693046527402 509.209010715106 508.382731771541 505.456296331641 503.39640240032 512.709200401571 512.569018663037 511.723133514906 513.231234559941 513.401930684578 508.851792972373 508.753419185258 509.9098311098 507.262468069333 510.556856995794 511.170927631646 511.74678073456 512.106864167691 510.72827904573 509.037299873433 509.606218589595 511.345207127444 510.097042794718 508.988556622971 508.392990767713 508.951313610833 509.075374843665 508.74718460987 506.678511859754 505.605437797256 465.561483652037 501.033446676286 501.515419420489 502.637479283853 502.127715568132 498.890060408146 490.901048171601 496.727578178364 498.241246146356 481.682396993225 486.363397666908 508.783111234003 510.312505243207 509.988926217785 517.349736412902 516.122934184712 518.505796622011 518.369547155229
507.249373968311 506.923536855405 509.529905056447 506.191986012167 503.551547271879 498.828287021452 510.944956610746 512.560917413795 512.14775360177 512.647470639512 513.093644819667 511.252474170873 509.336980354265 508.809051395444 508.056652671264 505.931348274686 511.120917972634 511.64367469561 510.915004524556 510.24919340496 507.566171577389 506.833278626721 510.61833585671 510.064449206726 507.295998036575 507.785626347756 507.234152097574 509.078238867041 508.980827147452 505.382763967201 477.342192154302 501.942382846101 500.764773612009 503.717830152941 501.457067162601 499.74377898599 499.150505224628 488.682761153431 490.044209429725 492.797941314291 481.528026782663 505.405465308843 507.321185112587 505.244406591912 511.881008567305 516.640134243446 517.761739561011 517.778042764507 518.160596557462
506.315592129933 506.406349825759 508.654138792344 505.232244361026 497.128528283958 507.912391622013 511.383314572347 512.366079178194 511.28620178902 512.179407998416 511.261560231935 511.180268944597 507.809875957716 509.195321708471 510.652866074557 509.753945054002 510.947505780092 511.301819764328 510.929588937635 510.458911814234 509.837087611199 507.825691771781 509.770743524425 509.390974697551 506.024180713739 489.678035055324 495.922476181375 508.689901572279 508.328277457831 506.777888301258 498.183380586246 503.148609679287 503.863520254084 501.726444510425 501.748718104879 499.522775483821 485.580601271028 476.430800077265 497.154407494749 487.773048653828 474.350957151576 507.102954885594 509.718413741415 505.390480736084 516.006895647526 517.072128107998 518.931518303661 518.639880075582 518.26991377418
511.277059549266 507.247732513336 507.26066321636 507.068750229722 501.446806168907 509.391905788486 510.22186646445 511.971503687081 511.402187837245 511.830227849421 511.166608397472 511.908993563175 508.719527985556 508.852094874118 509.197992300516 510.741951779609 511.103727901303 510.098228780484 510.734481333738 509.56873413476 509.433399712944 509.227943129433 507.344826862632 508.978810650194 505.871341413291 481.731819415971 504.143694593716 506.143496934581 506.672584566756 506.183509046345 504.734379925036 494.604589321575 502.124089020005 499.859694995814 498.138194008232 488.988967300259 471.375625914414 467.08283766147 501.899747635421 480.648531956119 469.357676662508 507.485110797646 510.324749068002 509.219128948598 515.680178918821 515.081273267941 517.042940743886 519.087935658837 520.026856964038
512.48273640945 512.115180805015 510.297921997247 505.547579964334 501.545412454524 509.69865665315 511.243509152536 511.935231644099 510.322015001513 510.835893014573 512.13749513874 509.485225085349 507.793780858022 502.794661141555 510.060157035008 510.156645924875 510.99741824589 510.20207937203 511.071776665608 510.604382262878 508.132016075422 509.577900822002 507.803325188555 507.268429587319 503.642748649212 468.7923662295 504.184059304792 506.074575626223 506.069517011126 504.719314189645 501.81114161134 492.321285907027 492.021344326098 499.02385250161 498.172862286997 476.697443520366 469.865538154879 490.26636641405 504.500012258336 481.352085557275 468.877697307078 509.721827388792 510.315713558585 509.765833883167 514.377848671656 514.164892568733 516.578080296275 517.526810554999 518.762475979584
511.756066495195 512.549223876266 509.758352171458 504.353461480628 505.237657442762 509.532553604294 510.704045786707 511.096324686992 509.73634234943 510.162670114746 510.694983605356 509.494439652424 506.038387414819 507.015459945673 508.532307892281 509.544918843907 509.468183360176 510.373722847664 509.677393252282 509.802911555552 507.607381367094 507.935033450568 507.332566366046 504.820266952059 504.942838947444 477.362524671714 502.763587808761 504.872107372426 505.859558529702 504.437591197017 503.309460446035 500.90841356386 497.805664510497 496.48349868768 489.437414372687 475.840472585653 486.751437105221 508.82018052173 505.563386016198 504.34835894518 490.824739660779 500.472613377144 512.113007775918 511.731988153691 513.324083370468 515.507146159948 516.955871944067 517.49145802319 517.624729106715
510.999986430215 511.472297594885 510.178541932682 504.479790989698 508.239515500173 509.921790039082 509.760459529419 509.214213475744 510.130790098504 510.175868015957 507.714629799538 506.813443333817 507.418425988717 505.730861616349 477.062239802653 503.762346710859 510.471633791696 509.360603523256 510.079787072025 508.352542480085 508.648462834079 507.67844982864 507.561379614192 504.785768681302 491.393869045298 482.605151806183 502.41270725075 503.565830389589 504.445515796303 503.515319675146 501.372278202534 497.194278079762 482.247074677594 490.596890586255 481.645885058858 505.776814164883 503.511846159655 509.425468955389 504.317079943392 506.933993004983 503.891621942586 499.678950594064 512.985925727991 513.861492911442 515.639268008983 516.794082929264 517.939595818054 517.333530404364 517.791969416134
512.985898444951 511.876112893614 510.11544349401 503.599282387726 508.190920448993 508.989257423191 510.201346134476 508.421777575877 510.023547813814 510.340335761168 508.908728781628 508.909069823105 508.447213622867 496.794803849505 493.248501100758 508.499451036771 510.03723679587 508.129172598617 507.31114904179 506.104272088199 506.291217149231 506.671701243625 505.469463600522 505.287596226066 504.454406100323 502.957541939854 502.739691730494 495.983567308226 502.717930257941 503.091524093466 490.644451980991 487.581645707061 489.641294666787 488.993298009082 476.898369069758 508.295491622859 508.409242061727 509.1357357058 508.95964393134 507.196584343846 509.32054481939 509.076231006324 514.318748935892 513.904743495182 515.781583870756 515.21091740068 517.42417750063 519.055275390321 517.765351641967
512.863793210782 513.373970380204 512.76265597881 494.98181299487 509.055917144202 509.873939527426 508.496368425333 507.299853254952 510.543622241281 509.755573240446 510.332025990488 508.809414045871 507.067569648302 506.254379037018 507.866686232953 508.873297291949 509.173121010622 508.259955862746 507.633970126768 502.334242471328 506.027093829082 507.118273479091 504.038429354198 505.527542528196 505.100335699851 503.391548109856 501.34112967057 494.618326027289 500.326201512894 498.559801916387 468.427808491286 487.24008545389 486.178680334619 485.363232898481 490.571181242137 506.613244710057 491.848431610226 499.612816324311 511.416591385171 496.978026819825 512.441013601341 512.356488708255 514.168244689444 515.445195144014 516.142473636594 516.601451093594 517.137695415577 517.535437592163 517.026415127816
514.977962297272 513.571614709438 514.307959891889 498.391341674411 507.453288051413 508.322618614051 506.235022627143 507.649956931883 508.603776664659 510.040528320672 507.278973505947 509.323206653139 506.991188431052 507.577421872729 508.448706979437 508.969351834384 508.156835158431 507.422912591177 508.391145744802 502.49692854432 503.276310325618 504.62400806008 504.381974747939 505.308207995836 503.428865337911 502.724918122781 500.950020615429 480.068586375646 478.899582138407 470.481421959711 445.616086977427 475.184706405341 503.085737826701 503.064550964541 505.073685626094 501.411233381929 486.775803052752 498.566468602838 506.825054702968 509.397684158867 511.925281723208 512.029060900224 514.01783737972 515.672929367243 515.593517769849 517.698613878384 518.070647485845 516.969375091659 516.488255172077
515.777993272717 515.363050668939 513.285335315518 504.598237740621 508.91061920394 510.548643704168 505.537654632821 507.435285156845 507.765626958253 508.002301035136 506.387301847887 509.142474512858 507.973897823269 506.785187083206 507.307902327686 506.984618245807 507.33373954484 508.144924670898 507.960860987402 505.592469147564 503.526894152086 503.53370894401 503.929480859285 505.401956627314 503.854374475752 502.292681693554 493.495380372534 472.748229791379 451.664729533622 429.750435133255 459.880482012482 489.236336105105 499.914227231115 503.519348770358 499.552304241119 479.03712914897 487.246282167681 487.888310856199 494.263614744373 511.99727759475 511.659632432356 513.50170991224 512.823519851414 514.281781293597 516.668308350536 517.73368831175 517.470546783634 516.049747504743 513.42539604748
516.930412988716 515.056698962028 512.490562782763 509.85586580904 510.385086496642 509.764717374739 506.334218664567 502.924344307467 508.624065749057 508.333846565285 505.590102439216 508.235493600664 507.667933407531 507.032937696593 504.939147817234 504.621220405343 506.54473616086 506.495534772748 505.367385781274 505.022222940335 504.775479749279 502.230916377859 503.456477875158 504.613858787313 503.754997339107 501.486493165926 501.044840166903 480.240846305687 433.942498752117 447.60056461056 493.566618444668 495.550442434799 499.258505264613 499.635252856464 498.751955868957 481.583374234362 498.313091562565 503.765265712738 499.65999533949 501.825316789861 511.799077818223 514.652468640602 514.028334014396 514.728155731806 517.077153834738 516.453981129031 516.735617609938 514.452708720612 512.921097028751
515.567301981944 515.020148673929 510.535450827568 511.484644704932 506.769582131841 510.674704564382 499.320450391107 501.103296897452 505.974494285105 508.107439193851 504.23643692567 508.085786967915 507.686290253459 505.613263625377 503.859617071094 502.707704545697 505.137379215198 505.083456329663 505.517103616017 501.720367417026 496.570113691237 498.594108130337 486.416208378413 503.398889161019 502.950822045742 501.034572130041 497.135677034219 479.803496016899 439.955111065865 463.572985738132 498.733003670505 499.401469585984 499.690162971645 497.851836327338 503.273357321544 508.045661945477 509.249806070007 508.651103979089 509.136694924049 511.065417202079 512.228560191967 511.929406139548 513.319955963526 514.294651413924 516.715102879678 516.409110607519 516.003491627481 514.050520924557 511.758648927284
516.380215510566 515.66811263998 513.198707384555 512.842795158024 511.246263293833 510.650384795159 493.807132122581 489.201712349985 504.100675302094 506.606319530894 504.126642282338 505.888602386816 505.384197523505 505.366551832975 503.674937993925 499.507690756656 504.164070092314 502.283754952601 502.88823845247 503.612222101491 460.517897892436 471.333184327818 476.283496687607 501.674242343652 502.715170146166 498.512430871352 497.50409753007 454.009655629868 438.524202005795 484.46272298444 498.839814221108 501.974720061845 499.506228368961 491.345645849017 507.697662503417 509.115154873966 510.246887676817 508.726392311172 508.315698920819 513.300843311526 510.983094528687 511.765726565146 516.143457655051 515.895630237566 515.408452695365 516.31298984494 513.816180485698 513.608548646032 511.60345220431
515.668119761995 513.241321450794 514.246575830866 513.408003305798 512.189669860508 508.9662433875 489.321160963668 472.854471328568 503.24554192815 505.280856794975 504.587348998243 504.346843773082 505.297718840922 501.818852668415 493.018611356052 501.538086503105 503.50714983562 498.166788252505 502.730803716185 494.226508832884 459.210458644421 438.156511870789 484.907772394745 500.814567434255 500.345106307985 500.858302346635 475.464531012612 444.786494952432 450.057012685987 497.26219779886 501.132036402391 503.116676203212 494.570917216183 483.172256453431 488.811999427889 510.147238247106 509.938820744676 509.932292044687 511.150819734112 513.719386340298 514.434829570099 513.795391633166 514.962355532478 515.572638545059 516.323472510532 515.795142663657 513.515265374792 513.477386037752 508.735310990422
514.011926136829 510.367720322617 511.021857812834 512.020637190452 512.169521190331 509.105415007668 493.932961635101 483.262664544223 477.001883145209 504.912155517845 503.111651335509 504.085177740341 502.872054230507 501.223883994232 485.008210991282 500.540930360254 498.208135189295 497.036087803787 486.354708171404 473.903787076482 487.410140650452 476.016521440017 491.290088127251 501.031283896272 498.394396671961 495.666247897082 491.068605664082 451.856641196238 467.845080607263 494.149159408787 501.323912278373 503.304883532276 481.464133073499 493.911640599527 505.740232821858 507.798813224772 510.876251940971 511.527256382492 513.094703532111 513.455095735173 513.357632102812 513.83036753286 514.173648787989 513.842407336852 516.496079178428 516.059013536248 513.915269036489 511.247908762256 497.200268812858
