wc0.5/PCA/Component-15.asc
NCOLS 267 
NROWS 470 
XLLCORNER 79.65 
YLLCORNER 5.91666666666689 
CELLSIZE 0.00833333333332575 
NODATA_value -9999 
[rows 210 to 230 of 470, columns 0 to 46 of 267]
-9999 -9999 -9999 -9999 -9999 -9999 -9999 -3.71070598418924 -3.78447532147271 -4.52058288790381 -9999 -9999 -9999 -9999 -9999 -9999 -9999 -9999 -3.34374695509324 -3.3509189630387 -4.06364629952859 -3.96034666828344 -4.00946765659681 -4.00969980962828 -4.04568709692383 -4.00939902955408 -3.9490556429506 -4.458222119177 -3.50592848387346 -3.45089254493853 -2.91927958273711 -2.98802572328564 -3.15192111637887 -3.72028158801679 -3.5328120314004 -3.805075451919 -3.28778953345007 -3.08454108349366 -2.97731862513429 -2.87099152099381 -3.28482508866281 -3.11522584205825 -3.51744271727517 -3.55453016470961 -3.6235388198474 -3.54025579132317 -3.04294688947148
-9999 -9999 -9999 -9999 -9999 -9999 -9999 -3.64075129875949 -4.42100527983848 -4.42092028433825 -9999 -9999 -9999 -9999 -9999 -9999 -9999 -9999 -3.97391903672931 -4.07159856161072 -3.4610706819974 -3.83008411919184 -4.1381936039207 -4.3443887712237 -4.1170488717853 -4.26292110817749 -3.73428827521766 -4.30315519639028 -4.05494967980459 -3.05154395676797 -3.59177668933311 -2.9901200411291 -3.96556859148699 -3.5351312103548 -3.48996584995354 -3.58943170748259 -3.33378231366479 -4.03821878940768 -3.1478087728593 -3.14372081778545 -3.74399198213711 -3.07850081655527 -3.22588384764274 -3.08613372430215 -3.06049520771884 -3.36544728083961 -3.96964932407661
-9999 -9999 -9999 -9999 -9999 -9999 -9999 -3.91556861379722 -3.91564368845318 -3.82349530279964 -5.20265423032666 -4.36257858778654 -9999 -9999 -9999 -9999 -9999 -4.04949658729444 -3.94109653118221 -3.46382631315897 -4.14768686238393 -3.96977430126037 -4.13989569857651 -3.35130177241635 -4.16753117918794 -4.1241275577217 -3.56721137592647 -4.32099610898272 -4.29151810323203 -4.33853610249155 -3.79603720073271 -3.90652177256598 -3.64107813676095 -3.66472308798407 -4.06621400163212 -3.92417522975123 -3.74865680861709 -3.17466685174698 -3.23741898704155 -3.18060653185272 -3.24660858269407 -3.90401341006965 -3.36536558259458 -3.8991201008472 -3.29359576553194 -3.5007141204868 -3.4136730843817
-9999 -9999 -9999 -9999 -9999 -9999 -9999 -4.38601750341781 -4.23022829376439 -3.80833697464833 -4.38711456576095 -4.36307983094848 -9999 -9999 -9999 -9999 -9999 -9999 -3.9443946412306 -4.14976977219203 -4.11379389293185 -3.3223280894917 -4.29867873289738 -4.0829137373797 -4.17676016324161 -4.26220739649578 -4.30305042519454 -3.45166247561449 -4.36529088110323 -4.13495033674357 -3.49201621006132 -3.81986966560429 -3.84239780842658 -4.26179980737362 -3.65419857960417 -3.70563435825816 -3.19071394407509 -3.74594070387054 -3.42405499811101 -3.05581382227704 -3.1834294429243 -3.05007481885691 -2.99760974051515 -3.41435951159783 -3.41185526495768 -3.41600451567877 -3.43638554865262
-9999 -9999 -9999 -9999 -9999 -9999 -9999 -3.64204475739219 -3.83554297755747 -3.73825071544157 -4.39063048009438 -9999 -9999 -9999 -9999 -9999 -9999 -9999 -9999 -3.98877762525662 -4.07391599789133 -3.58520081784126 -4.15126960597449 -4.27703376193733 -4.16639563455044 -4.37560052795872 -4.2355320123764 -4.50722742262963 -3.46521600640801 -4.42225816708503 -4.29726965971317 -3.83260247222404 -3.27268121355544 -3.95562702144079 -2.97666661884824 -3.87697315478648 -3.83122288426345 -3.74421572689994 -3.05443108709008 -3.72794627866303 -3.04781285967955 -3.10552748321242 -3.10949620587928 -3.43776330960949 -2.87448764267968 -3.99431109656209 -3.33523663755881
-9999 -9999 -9999 -9999 -9999 -9999 -9999 -3.61771389349415 -3.7388758598442 -3.73922421686926 -3.77788519925912 -9999 -9999 -9999 -9999 -9999 -9999 -9999 -9999 -9999 -3.48730818314666 -3.48704630881291 -4.1534389984739 -4.36434117666899 -4.48811295307175 -4.29796940977257 -4.37253720343466 -4.42967521679615 -3.92370399545891 -3.94925559933064 -3.64767696348619 -4.14780591230116 -3.81310030458431 -4.26902041602419 -4.34820590430123 -3.73251995236402 -3.85420175393067 -3.89415275406084 -4.32024189023214 -4.0878366279237 -3.97130903230716 -3.27761179141888 -3.39733998506009 -3.45215949500651 -3.58403921702744 -3.99554589337428 -3.5484890557565
-9999 -9999 -9999 -9999 -9999 -9999 -9999 -9999 -3.97356139755362 -3.84000856577308 -3.81558656819506 -9999 -9999 -9999 -9999 -9999 -9999 -9999 -9999 -9999 -9999 -4.00332590531376 -4.19710095928206 -4.31632045985504 -3.63319233207609 -4.39948191095925 -4.29113646617319 -4.1359509032293 -4.08540081866097 -4.3908181717165 -3.650710837439 -3.85038299565608 -3.89899939287615 -3.94722469124273 -3.84722611660913 -3.32500887928483 -4.00509595252735 -3.91726481765198 -4.08596116332836 -3.58436272119162 -3.50349645061864 -3.54192811965723 -3.28038607567347 -4.01055861270117 -2.90484633815053 -3.67204176757562 -3.22852937649036
-9999 -9999 -9999 -9999 -9999 -9999 -9999 -9999 -3.85670041777723 -3.84322370003231 -3.68464730299345 -9999 -9999 -9999 -9999 -9999 -9999 -9999 -9999 -9999 -9999 -4.29204523954383 -4.18991565155324 -4.28284418572246 -4.50055699627309 -4.25629749299852 -4.23204896221782 -3.91934730310749 -4.4310270626789 -3.45932673597368 -3.50522674651577 -3.91289688207427 -3.96995879208669 -3.76362304739211 -4.03139934467394 -3.57923976561939 -4.19070862940605 -4.12363933472646 -3.72012881163416 -4.10164032112764 -3.46089034943139 -4.16287912036459 -3.5681669332831 -4.34551257930436 -4.41910335234108 -3.6192555916295 -3.57149701215727
-9999 -9999 -9999 -9999 -9999 -9999 -9999 -9999 -3.77175369951559 -3.76446438026125 -3.97282249245043 -9999 -9999 -9999 -9999 -9999 -9999 -9999 -9999 -9999 -9999 -9999 -4.42535866475452 -4.52954747118082 -4.50073484077222 -4.43612635725336 -4.43582557717916 -3.58001997291522 -3.81937686029173 -4.31148185464223 -3.96857507055541 -3.95353961499363 -3.99728296763085 -3.83827817848884 -3.75266742993281 -3.51830410380967 -4.28470456297033 -3.67861652671291 -3.57690909151583 -3.484717768986 -3.66581090081177 -4.12817049604383 -3.85814186823479 -3.83305739286139 -4.01250090488563 -3.93987962594733 -4.00529237711859
-9999 -9999 -9999 -9999 -9999 -9999 -9999 -9999 -3.83759650288366 -3.92183471075213 -3.99415841055179 -9999 -9999 -9999 -9999 -9999 -9999 -9999 -9999 -9999 -9999 -9999 -4.53179689875833 -4.47291437701852 -4.60558853970475 -4.33244838759503 -4.52420817469614 -3.58512887537031 -3.89630624749838 -4.05178462886762 -3.78688567201784 -4.04614144977301 -4.0597505665835 -3.82915067086995 -3.73376278379817 -4.41642160407949 -4.17159106988947 -3.71448404121387 -4.28205249646621 -4.05513404558573 -4.22186406751104 -4.27192012471415 -4.24129400713837 -3.92695552104919 -4.01486850509819 -3.73590870401169 -3.74111718391287
-9999 -9999 -9999 -9999 -9999 -9999 -9999 -9999 -9999 -3.90032456138505 -4.07526926208608 -3.76002811376219 -9999 -9999 -9999 -9999 -9999 -9999 -9999 -9999 -9999 -9999 -4.40652803223005 -4.40102472415389 -4.51295033031768 -4.4316499801997 -4.43073025554152 -4.17702601344818 -3.95783183888231 -3.9456803105026 -3.90764901913939 -3.72373695049467 -4.16029686869906 -3.92941782948433 -4.28043127406992 -3.7561686068628 -4.32101180747092 -4.32850160992192 -4.13044625129154 -4.22171829010836 -4.20720702221175 -3.2168053208084 -3.25196614293611 -4.02247282479045 -4.78060746617728 -4.840947926526 -3.78110013870631
-9999 -9999 -9999 -9999 -9999 -9999 -9999 -9999 -9999 -4.71125468356946 -3.92160534014547 -4.91269080395481 -3.37830118712845 -9999 -9999 -9999 -9999 -9999 -9999 -9999 -9999 -9999 -4.51847310629379 -4.75485492288323 -4.05911431065094 -4.03463916283007 -4.66458716834239 -3.51479829785698 -4.29711533000862 -4.01058851818344 -3.94224861082587 -3.44320303719604 -4.24297666736123 -3.55152042448156 -3.70949029341798 -3.79525208759905 -3.7366203669278 -3.79910304798543 -4.00521173259711 -4.36335742995984 -4.36828667559272 -3.29944895055507 -3.26673452615394 -4.70954606089487 -4.78245523117324 -3.93442591354703 -4.12597077142781
-9999 -9999 -9999 -9999 -9999 -9999 -9999 -9999 -9999 -9999 -4.56375489389193 -4.62906255680637 -4.75130643383173 -4.41246558258857 -3.59388134955941 -3.54535031069647 -3.71231806126518 -3.71084392740221 -3.72772514481391 -9999 -9999 -3.84533609229791 -3.88935078398385 -3.97845523055463 -4.03859487730202 -4.67715237595945 -4.69377641067466 -4.85838392467467 -4.74033747583821 -4.10670431606232 -4.11776462089603 -4.12713619959119 -4.16135680838063 -3.59243006626543 -3.79885093898668 -3.99603222792651 -3.73075758447661 -4.28072911547658 -3.80632722543696 -3.93517224152904 -3.64363334568321 -4.40775741909446 -3.88997997161455 -3.84629146725525 -3.76828405337578 -3.72463986691056 -3.94257438550826
-9999 -9999 -9999 -9999 -9999 -9999 -9999 -9999 -9999 -9999 -9999 -4.82767401705917 -4.56856571553529 -4.6467616339353 -4.38915190061057 -4.46198103581082 -4.41871638905257 -3.64309918548792 -4.54139139500604 -4.04563752674641 -9999 -9999 -3.91803055619459 -3.92726553797512 -4.70559626943523 -4.79204217421821 -3.90714521441091 -4.32461362312217 -4.72111958054823 -4.79469984267036 -4.22067979350359 -4.16840138563779 -3.45103911196529 -3.75720686461506 -4.20115284549169 -3.80997949723987 -3.90522279486599 -4.272648117801 -3.74911307688255 -4.00341948085006 -3.85360462833299 -3.66061934401902 -3.90621715515788 -3.75585768122301 -3.21591327013857 -3.979982208248 -3.97036231325894
-9999 -9999 -9999 -9999 -9999 -9999 -9999 -9999 -9999 -9999 -9999 -4.82719341943221 -4.30707030194469 -4.50298253450624 -4.53386994746653 -4.54842826207606 -4.67747390579669 -4.58140445738823 -4.51558725997727 -4.48882039695178 -9999 -4.72869207562977 -3.88482922956622 -4.64860109471755 -4.15543230217479 -4.2315131643034 -4.03775980207161 -4.2379904161618 -4.32289600508584 -4.12629657662012 -4.43011080415912 -4.99477052380599 -4.23994690130086 -3.93365772592329 -3.55621011635073 -4.38507805230483 -4.49929255291077 -3.90334301521207 -4.27170022233042 -4.40117260642227 -4.29501487058431 -3.90819749260492 -3.84288114405647 -3.8431616422223 -3.21785247824798 -3.28339286510395 -3.6371374207382
-9999 -9999 -9999 -9999 -9999 -9999 -9999 -9999 -9999 -9999 -9999 -4.90117745868515 -4.37837805818029 -4.34192347304113 -4.35675867097856 -4.48995818531191 -4.51468741057732 -4.54092777445701 -4.65037801256582 -4.50638544588591 -9999 -4.13946932587893 -3.87717662399379 -4.64114173643613 -4.60449390400596 -4.44630481655663 -4.12088849996026 -4.42163449613932 -4.53177354121755 -4.83547394387353 -4.64479964291432 -4.86299812609611 -4.25977357119947 -4.19377166552782 -4.09905771606857 -3.73366657781001 -4.48581296711562 -4.17693563058327 -3.99292390933975 -4.37225354392443 -3.77566847392167 -3.70932678928559 -3.84004403408231 -4.07777035561656 -4.39536826747782 -4.70967274762782 -3.56168579311668
-9999 -9999 -9999 -9999 -9999 -9999 -9999 -9999 -9999 -9999 -9999 -9999 -4.22357574655227 -4.51545402009098 -4.4329530361308 -4.5425489445798 -4.43318518916228 -4.13378193507016 -4.45545927937208 -9999 -9999 -4.11169591541328 -4.01422580763082 -4.60724876698404 -4.56616385427144 -4.43093532286248 -4.15897137093515 -4.12840424544975 -4.50058923096113 -4.42381017290194 -4.55622135962441 -4.5563013947025 -4.65945904380228 -3.97687141348241 -4.00343103236643 -4.29728838127805 -4.41514491583764 -4.85181514004145 -3.6307786558389 -4.38988449063962 -4.47474698158452 -3.910818265268 -3.97493770720035 -4.01344648119651 -4.44838109250706 -3.42179869781045 -3.18800160672144
-9999 -9999 -9999 -9999 -9999 -9999 -9999 -9999 -9999 -9999 -9999 -9999 -3.99425840032327 -4.4368611736519 -4.54622492906942 -4.59429015727984 -4.59059442539364 -4.51588199398386 -3.97570093078726 -4.3984777861456 -9999 -4.23443765666149 -4.21684654590958 -4.00096551714196 -4.62510006966492 -4.29756820952645 -4.16366625253735 -4.2099135180215 -4.24379283971752 -3.73199646950629 -4.09834766628209 -4.97789484045967 -4.36723911139524 -4.71269713470364 -3.96668909689133 -4.5744357565325 -3.98894814958313 -4.00780297498224 -4.08866924555521 -3.77195672651657 -4.5679712608098 -4.52719849933855 -4.01154501961328 -4.07229048529304 -4.52156802665028 -3.46130226207268 -4.0865374783869
-9999 -9999 -9999 -9999 -9999 -9999 -9999 -9999 -9999 -9999 -9999 -9999 -4.03300055059689 -4.39821893580784 -4.698471849268 -4.711938209538 -4.74088029040234 -4.42584706403049 -4.65896532745263 -4.81967890308471 -9999 -4.15646619790557 -4.29079214213469 -4.31837206242611 -4.08127470234953 -4.21078989283204 -3.99242156057631 -4.62829275164503 -3.81102606245823 -4.35492900072415 -3.91409935617503 -4.50527840279452 -4.32761808318926 -4.20853661873612 -3.95860165160252 -3.88025707108168 -4.93062865864167 -4.24167337807046 -4.50021142915341 -4.7217864805719 -4.44642559092232 -4.42047438276552 -4.44632841920324 -3.79844823337099 -3.81881171690062 -4.71056741227313 -3.49046501817464
-9999 -9999 -9999 -9999 -9999 -9999 -9999 -9999 -9999 -9999 -9999 -9999 -4.07496868930868 -4.42659523477532 -4.42686355672229 -4.67368819488157 -4.7112224670989 -4.67540169757274 -4.8790283782316 -4.8250043023149 -9999 -4.43111896627488 -4.50643274151705 -4.05983058961271 -4.27727397090114 -4.30917826354499 -4.41838690922843 -4.59615978964151 -3.63423364572663 -4.43475513623068 -3.84510449955154 -4.68912436064474 -3.93555945789407 -5.02451558296188 -3.97194073169275 -3.88860683550922 -5.08032840719785 -5.04205056298715 -4.79791574553161 -4.45130887451903 -4.44539766037365 -4.531107496131 -4.21226989810997 -4.17895407961563 -4.17250628342538 -4.72223446796353 -4.58812708746456
-9999 -9999 -9999 -9999 -9999 -9999 -9999 -9999 -9999 -9999 -9999 -9999 -9999 -4.70206590693154 -4.06979802125426 -4.71704013244077 -4.68649750245098 -4.88151820092783 -4.85272849579267 -4.82695871817105 -9999 -5.50303175381312 -4.88203795363243 -4.96049853800827 -4.42226335680579 -4.96044515446125 -4.45061439310032 -4.33050107048622 -3.87884790920206 -4.62215201046889 -3.90317943059825 -4.78340590330553 -3.86783725326274 -4.7464327117182 -4.08405793700589 -3.97181956727703 -5.04272695069146 -4.498885385597 -4.58542388827762 -4.61662763409419 -4.63845580956884 -4.78413103642838 -4.27968863951858 -4.78747665313891 -4.09424234660307 -4.13129764963377 -4.87316058243385
