wc0.5/PCA/Component-8.asc
NCOLS 267 
NROWS 470 
XLLCORNER 79.65 
YLLCORNER 5.91666666666689 
CELLSIZE 0.00833333333332575 
NODATA_value -9999 
[rows 105 to 125 of 470, columns 49 to 97 of 267]
458.905264555615 458.871032394646 458.03279524649 457.107847445774 457.447316095545 457.871469344059 458.053679429073 455.97303506519 458.163338807597 458.981652935207 456.725119108226 457.011677426331 457.49846719216 457.428764385132 457.185034498274 456.732756807841 457.794516891759 459.28097737396 457.253557823743 459.034004384552 457.82451495242 458.725516474188 455.538567189074 456.22842113803 457.032152834145 452.261733409177 457.180320753128 458.36678027354 458.089455818484 457.395549823396 459.470430572391 457.035611121438 457.793036420109 462.306868618164 461.28659039426 460.918297106757 457.469508440959 459.304143063697 457.763736320564 456.120528109009 455.50215012932 457.267328631488 458.501631543571 457.097160692567 453.726664192898 453.169181721734 453.643008836127 456.323466772287 456.570993186753
458.778525449929 459.770314459096 457.992975612823 456.878431254105 457.464315386164 458.120097100464 456.647908616304 458.336132248224 458.699983381193 456.811223275448 457.232277883753 457.116652299468 456.118221169294 457.75664568273 457.842148779099 457.302708291572 453.683771156913 456.543842833878 459.760445373223 456.238796696909 458.084366458786 458.458817588741 459.109339641368 454.923433648731 454.906410398181 459.612769602033 458.999312962713 457.045578523118 454.546837073854 455.88472232204 459.659905336699 455.670470296595 460.827053639486 461.318677562536 460.521786791953 460.648868300346 457.652345915257 459.628565975732 457.156358762989 460.582972002697 457.685665207706 458.72595927692 457.191502986035 458.377862915828 456.417058372691 456.358679611848 457.572467488503 455.496580591768 456.133681193909
458.866483683187 459.85642558528 457.273817534585 457.546908183331 457.590041739695 458.732047246485 457.510684746297 457.067930973504 455.998408804298 456.722477161934 455.591945163171 456.821183228286 457.276468058103 459.349438879051 456.6935208925 457.944706646081 457.276766543755 457.204394588296 459.000748777083 458.970298909462 457.888179271191 459.245123877078 460.499972950265 458.721188240673 458.941720956806 458.978691685958 459.779321759023 458.026818870433 454.784999437052 455.94519305993 459.407741082882 455.541242448045 459.668591305074 457.169119376007 460.440185896132 457.335736306553 457.70307441133 462.140876250291 459.895807844582 459.021381054152 460.053754926308 456.769102891096 457.029965370104 456.705752121409 459.084688170614 454.630379791693 454.031294265683 454.659428723629 455.713983490108
459.217508884944 457.725721899161 456.265963852486 456.87734207455 457.355509304398 456.983606158585 455.831966240391 455.961214471068 456.272438387983 456.189038447496 456.878179192193 455.941443935634 458.082827273668 459.337145824508 459.090369249948 458.447962646954 457.288849655654 457.411084614629 458.707997300762 455.660960068004 460.045737798399 459.546402104152 458.832791593266 454.736762089797 457.917307887642 459.061344836595 457.011362655404 455.376557684259 456.240817518492 458.950827930693 452.203403849982 457.830768299528 458.870953131153 456.264799039825 457.586574547246 461.198682944216 457.638471983791 457.308746541481 459.316394422376 459.401751381414 459.208718574509 458.198649674963 458.087797708872 458.820346326345 460.154237235917 453.858361577818 455.533562167863 454.903556425073 453.519275230981
457.603727343329 457.118421911012 457.375603091866 457.859110356712 456.451626853253 458.215366374033 457.831893117583 456.567652966221 455.472742625778 457.295238021174 457.830934713042 458.8790289921 458.874017805714 456.72524748726 458.226913750369 458.563993170227 457.154164256839 458.474900897642 455.89462683684 457.718601694386 456.663991905711 457.486017968837 457.679136403984 459.294032219458 459.023453675536 456.576109854615 458.158791206166 455.292046870599 454.375498752305 457.251899648112 452.55418046244 454.405198529546 454.254029944726 455.890479159267 455.711872528688 457.222248709745 459.365586837287 456.475842772103 455.847598491829 457.94441607207 457.577548761865 458.449909227313 460.639455610299 456.83731366036 457.966041373485 455.39943381472 455.644481771061 454.530932858503 454.321570899463
457.576062833762 456.472397085981 456.711846035357 458.305308585255 457.426309244109 457.594810210769 457.1932323589 455.625941289117 455.5248221588 456.738209421669 457.144652756407 458.27999996654 457.356270897082 458.254433638294 455.349413296472 457.55651697322 456.220737276368 458.210263716372 458.869530315002 456.713619099399 458.105681946385 457.788246393565 458.075030912713 459.623777749076 459.512890158811 459.811647162928 455.805611170793 457.007599793374 456.608527983444 457.951405124082 455.718825586405 456.029592985497 455.764962173849 455.842626321014 456.866487097295 457.393571978191 458.269621541789 457.899169270657 455.879240747439 455.257138375868 456.298733976285 461.026967190611 459.875031458648 458.618215059716 456.57731206972 455.923629306215 456.750709026079 455.684129792247 455.531015065712
456.932509608283 456.436130314577 456.558612749243 456.77518217299 457.583084625488 456.303736329634 456.404327106304 456.772193498858 457.587819939005 456.640835313192 457.075925083915 457.483126244008 453.799214256132 455.794724301622 456.056452638609 456.262005874247 458.043128613126 459.137206067074 457.237245863463 455.128545473004 454.583117502399 457.735505249792 458.660993637692 455.194101544849 454.735469104907 454.920320735877 459.581289139233 458.067441014134 453.701801887775 458.757435787367 456.08306219353 454.935183117139 457.686296245351 458.163136021064 454.726124859979 457.477165515703 455.753856772361 456.869280924369 454.44958293512 454.156637217561 461.1929908943 458.727287545459 456.946754803131 457.793560994573 458.684213074794 455.873152501857 457.708621131051 456.260406141326 454.310975113032
456.865450662919 456.871636299884 456.197118912274 456.033206945145 457.30453793846 457.649970480232 458.013525361208 458.799805846903 458.74956074172 455.818663971989 457.203849068938 456.478991710899 453.463575617672 455.975348271332 456.400281016847 456.170170672239 452.965320947848 458.182632569269 454.524893414483 457.692448928485 457.789761809287 458.685935914929 458.268017469064 455.439072248849 456.886527863344 457.979306345717 458.712439400784 458.843492989121 458.706036058728 456.157652047898 454.047770374297 452.024360844711 456.749272767707 456.656380408198 454.660073869221 455.142083816417 455.755830468821 455.797664576584 456.079210400415 456.929228679982 457.747944200747 458.824706084282 457.350044588888 458.300737264382 456.78251567501 455.728918504305 457.633576755384 454.605525111125 455.47855687387
458.663004148239 457.95528857438 456.129467683783 456.279431592207 456.917083631633 456.941436140213 459.166879473181 457.695964176332 458.399068740685 457.314993383242 458.151826965245 457.930734032747 455.806677110605 456.457030408343 457.137686869946 457.967427309225 455.967467417108 457.980925537765 454.255531986319 457.34195643954 458.496999981602 458.426319448877 456.408138470077 455.694320804561 456.614957093698 453.874665572422 454.451557729763 454.006431312227 456.628029450791 457.567092342703 455.112110758179 456.828198722211 452.450756608023 452.31877528761 455.145839595946 455.92423185592 456.070844711437 456.41438793099 457.747942221572 456.618851210748 455.208309095421 455.041781769153 455.448072085001 456.923887062482 454.366682365454 453.419400818532 454.849106893339 455.560465216902 455.684192121057
458.696862484842 458.000980301571 457.00527715352 456.886406175226 457.224134991736 456.176794871943 456.494806267042 455.566335633445 455.844133739167 456.653297420364 456.642655240352 457.506181975567 457.700646297508 456.655560363997 456.915178254214 455.340042376628 456.614996370749 456.474717427336 457.900497180337 457.953204197774 460.095306923302 459.288731924357 454.472462608424 455.102260910384 455.702896803411 458.666058605843 453.926062154395 454.95132887625 457.730090668787 455.035834026272 458.555841862849 457.866827455982 455.123323691765 455.858824466194 452.720384962479 454.143687659712 454.642821389619 457.0380712383 457.414477016724 455.818680276209 459.109700340733 458.420985132278 457.2048019522 457.457592024052 455.874238777157 454.857343497835 456.344705480151 456.231195213649 453.343648532646
458.222810943793 456.753058944641 457.838190563719 456.653393826984 456.91448736028 457.345201265787 456.914077532956 457.689770323965 457.181103586184 457.951968153276 455.967557525025 457.402369247685 455.688254142598 457.73624609351 453.581401660436 456.067327432568 456.325172555918 456.715314105131 456.98367303345 457.685416878528 459.258258929616 454.978927686968 453.766694101007 456.86124442424 451.372301506142 452.279270171855 453.385889461017 457.870758483695 454.960734362302 456.66626359915 454.393632044812 453.6557802268 453.60822934852 454.528157925571 456.431733051969 455.880042399748 455.221435082886 454.93895404309 454.598893501085 454.3196521361 458.206778884661 456.660111291582 456.138614386647 457.498033705805 456.001190075067 453.923889431306 454.652863143898 456.490557108445 454.0769294848
457.276257677754 458.327973181156 458.98557867278 458.35423537587 457.487035507467 456.353564453056 456.793429544011 456.892408847664 458.121151114943 457.880818238147 457.628404594489 457.908497736105 456.275531363957 454.173304873262 456.083827864453 455.595858980866 456.187387989906 458.211867248395 459.009086729792 453.542950341869 457.445699197044 457.75596135432 457.526228500854 456.258923974793 451.826518996263 455.410705119363 452.039423837503 456.73641887007 451.23584717981 452.898151932489 455.131640715076 454.067544691234 454.856219133248 455.013858612229 453.452744252924 456.835104471841 455.239056424168 453.551424150887 455.33236163363 455.675324846857 455.548947365984 454.987086833949 455.663027459924 457.416281279662 455.72905396616 454.950251044484 455.803287868107 455.515016437788 451.484358357707
458.88071870753 458.068531572075 457.614097089993 458.365639648431 456.10237110296 456.425833752876 456.988237152349 456.876653744714 456.98887594679 455.761191876132 456.109864374745 458.112105493874 455.831920633478 455.517914466547 456.45828436753 455.239347195818 457.136520397295 459.230185430014 457.636630879544 456.322893882357 456.010096020379 458.914339016885 459.30555765275 456.814244197018 451.967977771277 451.522387908906 451.181113955686 450.590449110133 452.586883632039 457.303094983036 454.271327180324 454.669949159891 453.630466195201 452.980918030245 451.980294198798 454.900230786163 455.840149449406 455.379211330073 455.569246285807 456.343150413418 454.900402220809 454.265327092053 457.985370498616 454.109641675628 455.746516550888 454.548026840355 454.742965487009 450.223299624497 453.892382358657
458.663922685715 459.422754746984 457.570889254981 457.821933728824 456.530444533627 456.016069256279 456.52211296528 457.562925513882 456.652021062236 457.302093585489 456.955673647426 459.5006450855 456.088232157884 456.797725871354 453.170777802725 457.163981355154 457.411463869265 457.424485206546 457.809670991952 454.637956578086 452.279157596893 456.978589374123 454.515635340927 450.900715964162 451.572015102595 451.550190296184 454.281322663476 454.449466308701 451.23375294014 453.618980351602 454.414640688985 456.601412113768 455.218304255538 457.451078425376 452.991039135786 455.028205418337 453.517886701725 455.222035876316 454.886466825275 455.833463356108 453.274647620199 452.950224182106 453.282793691574 453.637488838578 457.403788370612 454.513289854309 455.195700491642 454.521694491971 455.044829292132
459.000149996385 458.455876679215 459.210470960884 458.378528752556 459.496244360695 457.266205285345 457.533206537444 456.488451436034 455.730490987762 456.623419049761 457.732538460712 457.660733110063 456.121606116004 456.26494201436 457.01264630999 456.865397829564 455.747223283769 456.17331633275 457.71077601685 458.381816226419 457.549551707957 453.80792880512 452.713028963653 453.450190506319 457.338502604723 455.358828772926 455.375171466546 450.413476359397 454.64533902605 454.311347117559 456.895541508201 453.168265157771 454.408147146457 453.689276283654 453.600328361842 453.989609314687 456.322311095325 453.674041113433 453.266923714996 452.697233908822 453.489876697314 454.581078291931 455.797439175828 455.007906176235 452.070693480414 456.397786586307 455.757623318203 452.933190108733 455.12019031976
459.923901341053 459.288752272891 459.677937793277 458.38790664734 458.186825201968 458.187593905526 458.016356135028 455.909414041178 456.636133550593 458.232175770159 458.67942707082 455.884117739794 456.079566515033 456.397750243719 456.930467008903 454.119438024213 455.54495589523 457.114850531293 457.243514849649 458.388465535392 457.894657079327 453.448389120099 457.039032027915 455.941851830114 452.890304462256 451.253950707637 451.789975664144 454.136881082147 451.664085873232 454.333514893072 451.40683598295 451.862176892161 453.225210731495 452.052418600819 453.074048031609 453.130442567449 454.26626139906 453.4091838501 453.43687407862 454.015075487714 455.060378548497 455.018590186399 452.454126589393 454.738105499083 452.662968436675 454.881440905426 453.370134641495 454.203638059813 452.757445990872
458.856039585619 458.429165388411 458.61375114143 458.08340603695 458.004800247449 457.816321728284 458.493764753551 458.824018679953 458.761013933943 458.115594898789 459.418253045502 456.768023812692 457.058440283291 456.751988420022 458.046067926852 453.262371616674 455.107630016004 456.355490269256 458.009537477454 458.701513292859 456.513183796768 452.46567220657 455.386181136624 455.217460597664 452.718881153254 451.501516833549 452.596549638475 452.26398533496 453.926179280629 454.425025086815 451.702726314165 453.405772367001 452.367034152568 451.303698654263 451.562014866037 455.561616803069 453.867484581638 452.178567731406 452.535948783148 455.445278987417 453.202148856062 457.456270172752 454.072094965418 449.938865545558 451.524537086071 453.649973208429 453.793731212979 452.276694837887 451.502019418694
459.234684217152 459.634689319503 460.080885530807 459.266212601568 459.010743122504 457.876346023476 458.965852921633 458.877354503967 460.160939362373 458.848302765297 456.980052513807 456.647086005717 455.889362242139 456.939912160909 453.236940497106 455.620038563028 454.743869619221 456.136145453255 457.651911571521 458.146056213582 457.616114553514 453.229054395777 456.561294277745 456.359507655261 453.815885394351 453.722562409446 453.375987521677 456.462932162467 450.393856873439 452.321595366804 453.092400763323 452.240186633771 452.099036223932 453.822004254147 451.906094737774 451.829255841966 452.40755735171 452.720886876961 454.823021432736 453.490948149332 454.358516525322 450.304182478298 449.988717244131 452.558914778977 453.268541951405 453.560236692139 454.411639991539 453.086509685846 453.991900881373
460.01685643798 460.579473183268 459.166976144937 458.938593483714 459.198542774672 459.143046813516 460.051145104426 459.922075299146 460.862398267916 458.484478038322 457.029366981361 455.901421483918 456.224782765963 456.905265557941 456.767399922947 450.879219249943 456.527655581578 456.733824894478 453.666403996925 452.363543281883 458.321594063902 458.701123127661 458.009103522204 455.155813361131 454.346172156033 453.431354840565 455.617091076406 453.207401867943 451.445040715573 451.49129028296 451.433295031376 454.058418468112 451.300506120208 452.229968627789 451.968770471525 451.816912035981 451.180544967268 451.981895337408 451.392469072988 456.251631951962 453.325019176219 453.401819689997 453.154852047403 452.164458466484 451.674988518491 452.920736407151 453.671771629565 454.342778053697 453.204088873196
460.912911409943 459.208308500845 459.370929735986 458.200594173199 458.432236209593 459.398679498584 459.874536873815 459.194458608419 460.224356975112 459.759677916423 458.421671549655 457.834757702919 458.297869882081 457.376471596252 455.4518262056 454.828574735356 453.10728168806 453.426366072429 455.774828714854 455.150650592566 452.474165296371 457.903657893415 455.023558352101 454.563348657314 453.74353547828 453.81834789929 456.95603026441 452.758509546058 454.114582141185 451.575726491 451.276942940126 455.779819263457 453.536581872431 452.004590241641 452.821927021938 451.292657315353 451.819273497545 450.038588322805 450.648160573959 451.370250006155 451.579442755055 453.390953567813 454.571884994166 452.395304938518 451.217931840191 449.903827234769 449.588562165627 451.718184774406 449.928894536464
459.669007167086 458.41074528182 458.101589958002 459.291339817128 459.07103374868 459.148589304794 460.715505508974 459.215354720758 460.465141859273 460.520007379833 458.715696413968 458.747071605414 457.611696710069 456.627372199124 454.222387323235 457.840223283096 457.178316583763 453.43590690758 457.083164122224 455.82950029302 455.711897987216 456.910449247615 451.573185027012 452.666554853422 456.030824737549 456.335534638376 456.539034551279 452.924733906684 452.590774573141 452.962014922458 453.890530625916 453.813670389745 452.979586330772 452.67035114411 451.564272722208 451.299161777838 450.080811149092 449.809379971426 449.650455210344 454.229694542317 451.331526067785 453.53223183955 454.427041978291 452.915326214728 451.599490629687 449.704375383137 451.221739079268 451.819350373027 453.536537354384
