wc0.5/PCA/Component-7.asc
NCOLS 267 
NROWS 470 
XLLCORNER 79.65 
YLLCORNER 5.91666666666689 
CELLSIZE 0.00833333333332575 
NODATA_value -9999 
[rows 168 to 188 of 470, columns 49 to 97 of 267]
62.219075039456 62.4330387394942 62.9782072455703 62.7910117677873 63.3949565730263 63.7013790984041 63.7298960393846 63.8495363879572 64.0838647648045 64.4633894579508 64.660862775437 64.6488192254949 65.54713536197 66.1704496302945 67.0760967243645 67.0879458009356 67.8692875639287 68.1224822277278 68.5315385438255 69.0229723444097 69.0656568730495 69.2287822178147 69.7772988821367 70.3860861118935 71.7485465054974 72.2610906856303 72.2474377928936 73.3183685728565 73.4037265849251 74.196681897767 74.4566085198822 75.3070057721202 76.414574227543 76.5636535138241 76.7104312634802 76.5527245589211 78.4040795123844 77.5860086735563 79.0343137774945 79.4059924809476 79.966159980453 80.8715638135906 81.2213691587682 81.9232813017187 82.4973448580517 82.1687440690308 84.0287193057492 84.4400560120575 85.3988749967229
62.0378518363245 62.553466853965 63.0655864730672 63.0861658677236 63.6115756234958 63.7336392278609 63.7705920431094 63.9500867627526 64.3334585919445 64.6702213838912 65.1996068194599 65.2529332202684 65.6894712182743 65.9072444348453 66.8882885612918 67.09147110764 67.5449234991131 67.9721892294258 68.387315802452 68.3397932031314 69.0598635258719 69.6192096041852 70.2926081389597 70.7061328019147 71.7251926480436 72.1127208292831 71.901553240222 72.7182973553895 73.1184433395163 74.410636415504 74.3342322789158 75.663715929213 75.6825812376029 76.0373398344094 76.7746055543806 76.9354322517063 78.2648447809488 78.9446928179209 78.6152485071727 79.9286233405412 79.6979835553802 81.3274024163506 82.0729908781543 81.9128604230354 82.4691075793733 82.8310425281533 84.0477629072715 84.6952185847929 85.3401067657856
62.1008115193856 61.9007920556954 62.5766049591976 63.2550310782665 63.1880935075105 63.6264661165391 63.4898897006639 64.0927172080815 63.9429624110427 64.489456619913 64.9062722731914 65.3456808720654 65.5451010056441 65.763300243392 66.5034874007829 67.1773440429185 67.1873309531981 67.5691922939403 67.9753114188156 68.9044548759231 68.3607050367636 69.4729930989521 70.2969284620245 70.7667717768597 71.3330040885333 71.4836706570123 72.1688825892913 73.187189296277 73.0962746286634 74.21897749328 74.6097083761734 75.1403941900335 75.98813118831 76.676140722823 77.499198164544 77.5724176360854 78.2668472189981 78.6880609856941 79.5749099574673 79.6966446175222 80.0927282825064 80.9953946503378 81.7429063991862 82.3251371813911 83.0681231777421 83.596807167325 84.0851180586338 84.8971707055582 85.223234640866
61.6345614424149 62.3518039996857 62.1438663160073 62.2400482480444 63.0749896783234 62.9413524552128 63.6025077828188 63.5818457587036 64.1153122043403 64.7356625392602 65.277594258093 65.012476239451 65.7529110856247 65.9902720497292 66.5926570882732 67.0962786303888 66.584936001397 67.8005636860774 67.8048019281003 68.3590603064076 69.006156066136 69.4832052265837 70.8021357086524 71.0933024284545 70.756880224802 71.9928849434756 72.6107815509504 72.8504685249121 73.4022752023259 73.5716671183463 75.1097185458561 76.058961575795 75.9258396532686 76.5817405449863 77.2292773281692 77.664389508282 77.9694090841166 79.2211486299401 79.8558844053952 79.6121086952437 80.8597160061644 81.1111743344557 81.1616843189615 82.611937557607 83.1467315766256 83.5737519177139 83.4670180242724 84.1520916081846 85.7147841044402
61.9721690113391 62.0982492104898 62.7840272503917 62.8729506662235 62.9579341089827 63.2256567382531 63.0905645794853 63.3456079802361 64.1347458610016 64.5323389895698 64.9614300492536 65.2807807257619 65.5286961204439 65.9184322887004 66.5594238077718 66.6836329344164 67.3744171509654 67.6610473979588 68.161824437806 69.0172275713363 69.15704131328 69.7639244371645 70.4592704356327 71.6024847340445 71.8513638578063 71.831157573809 72.8553131340059 73.1107968193959 73.0490405053626 74.7032361003544 74.8142597702447 75.4839080867599 75.4095343743453 76.935819142554 77.9300700448893 78.5559428062788 79.0960785846646 78.79931438307 80.0086625356131 80.4112570885718 81.1626621898048 81.0654562652014 81.4842451745827 83.1052592916831 83.6395001739344 83.7002339240585 84.016745982645 85.0928869575421 85.4064026057788
62.1999943007975 62.7628573661895 62.1083165499761 62.808283427878 63.3084419982027 63.2187146536157 63.8672894343401 63.7840558993447 63.4798660630124 64.6172201798553 64.6697546026713 65.3637652995029 65.8223198643072 66.3701710793219 66.8105608748856 66.5926627324125 66.7083168512217 67.7692991268928 68.4278828716581 69.0173193866516 69.165561183369 69.5852949519609 70.7366541082164 70.6699065612988 71.4509876358376 71.5156412178332 72.8788645464262 72.3238697041413 73.20969704382 73.9789011580638 74.6228069896998 75.1531400060155 75.651241954208 76.4070713636558 77.7310317930012 77.6787322491193 79.0024440350454 79.5462048464234 79.7801856777901 80.4390009883945 81.1028877564973 80.8706514040626 82.6065917786075 82.4784070153113 83.5169229561686 84.0702576963396 84.4947191779788 84.9850494442402 85.8949113762186
62.2637738976015 62.0458646321759 62.6080325297084 63.0067700655356 63.0641703078151 63.1784119130509 63.584208873454 63.5333982499308 63.6117374119151 64.9020697438056 64.888693344738 64.964997835421 65.4103091506186 64.6643340158736 66.0882837911483 66.8441504690924 66.7091866591576 67.4876191097324 68.3971759695702 68.6101460513928 69.3415891373328 69.3758284405621 70.5798143045639 70.4073367351622 71.469136788771 71.8718054028893 72.1845330320744 72.863468167844 73.6476111183831 74.4300921420635 74.3540450007676 75.2971339969844 76.2964384302789 76.4350702070593 77.4691947755111 78.5033001484662 78.9475528544079 79.2229362244435 80.4416973148611 80.5949597848248 80.8969100714699 81.729254852764 82.030992756261 82.8078093406335 84.1413133212576 84.2389480837594 84.8235933849045 85.6811983778491 86.6096074952392
62.6781501948791 62.358482470016 62.8631224600658 62.8425240752278 63.132161266008 63.063278609777 63.2743783965241 63.4168463916199 64.3105418583266 64.5761909224459 64.9723809437217 64.7902538820606 65.3064541427472 65.7294146976526 66.2152647197838 65.6175986206551 67.4389205094042 67.0791712610594 68.2652826137751 68.1415870528262 68.7569205495459 68.8521491191512 69.2529615317006 70.2148575805467 71.1982012279693 72.2202881138451 72.2004585470843 73.0341847803987 73.8533376308169 73.5734518714137 74.324538611887 75.574870803276 75.8579073590387 76.9030304379361 77.1826752478198 78.8041944158933 79.3947176623525 79.954685054878 80.017269476655 80.9835926415813 81.8575007613427 82.323707538378 81.7981736656332 83.0942456878761 83.3419926187131 84.240949036575 84.2952187409166 85.2014994959696 86.0365714495101
61.9979853280571 62.1985408909375 62.0622494567497 62.7028316230821 62.9582773357562 62.9902296068385 63.4742857927784 63.8489047799304 63.8204940874273 64.2451214957564 65.047514581487 64.7033007557636 65.4078898894581 65.4855024691782 65.0165067086937 66.5587216401229 67.0908896870425 67.2930616326644 67.3499813100337 67.7591283796361 68.6241811696695 69.3575647132996 69.4666385379883 70.5830326692699 70.9585430702474 70.8681740917863 71.8572942864783 73.2210119123227 73.7241335815301 74.138246887139 75.0511071706455 75.157830667954 76.0472628745149 77.4218754322206 77.9150328938021 79.0517813271263 79.8999240866412 79.1861130285105 80.1586582611976 80.9273343128145 81.2411966429452 81.9635316695306 82.6377315306065 83.5352287167292 83.8671552533934 84.5947986017093 84.7792440904066 85.7264249980747 86.450173282892
60.8725936174291 62.3125656818341 62.4631091032493 62.4767699300742 62.5868653102112 63.0150615232282 62.934448132696 63.4882672029112 63.3712133759949 63.7716645549142 64.206295079959 64.0927520762427 65.3260828370357 65.8376175806122 65.0054320168438 65.8631152781302 66.9186736747241 67.0159718405983 67.2674828166998 68.1196751943349 68.5584737921752 69.3978525081785 69.5371023467375 70.5986440412288 70.1771026696418 70.8721784946598 72.5234169856092 73.2193473009677 73.4608960735032 73.5178217776946 74.7337910793724 74.8670019014493 75.4435699032793 76.8618773980823 77.1232555176715 78.6982190672397 79.6058446048675 79.9103446854654 80.8473792382796 80.9714628261258 81.7923066908207 82.5106864319906 83.3710201873144 83.668174335109 84.4436983849722 84.4759968612361 85.1211897825256 86.0047693983913 86.8732381932835
61.3380354019667 62.366784007494 62.0977830646628 62.0867172335681 62.2374350907778 62.2929063788979 63.2481403541183 62.7899308768082 63.8713100988175 63.7082242089078 64.3636942255841 64.5131448638769 64.3713874771065 65.0272151655209 65.2730975065738 65.4623445630167 66.7747905391736 66.6086156558362 67.0096699216744 68.0624004420368 68.5759972301749 68.4343397037581 69.495753048081 70.1827133576757 70.4270368224428 70.5500801240085 72.3859549412106 73.1870753121914 73.6372143568619 74.3463761459802 74.208422894132 75.3641978685788 76.7395439020671 77.3977524420971 78.2067885132863 79.100245634009 80.2108389752239 79.8705609289711 80.6151180292015 81.3908174719004 82.9111653183569 82.3370523636402 83.1515220582168 84.1081306168691 84.0573838552044 84.8844875741112 85.4392907962658 86.4804323047957 86.5079171699455
60.9436017036311 61.4238993882019 62.3065090517911 62.70392272718 62.5417563075702 62.6791111082459 62.7074924015311 63.324347840602 63.645886078353 63.9720726735886 64.2196964791321 64.6896355517064 64.7084650216643 65.5395756195339 64.9260861099222 65.702825197728 66.4198759761032 66.1536656349906 67.7094524302266 68.1669586464721 68.1486791343224 68.5982992083066 69.3562264399116 70.429930821576 70.3634102006983 71.4570065117694 71.5483134081977 73.3559284722417 73.6230803528771 73.7176536375976 75.3457117202481 76.046443208084 75.8291574732257 77.4580861847426 77.8227447533511 78.8282688997105 80.0246404334936 80.9313494651967 81.1236333146973 81.4105587695705 82.2647381948709 82.4619693326842 83.4621270368255 83.8012834954793 84.4080809477022 85.6853945821587 85.330339353168 86.028944184773 86.5178308209004
61.8800923771665 61.2406506346127 62.0770889877837 62.1669484673563 61.6345025357085 62.4468343541724 62.85012284686 62.757490022274 63.394364346827 63.4186584700237 63.7174352462292 64.1037389356639 64.4898971354053 65.0996493940325 65.5918733338916 66.0577823820669 66.3189534861228 65.9998700119162 67.6609816104281 68.0847268378442 67.7865873398864 68.8142311351954 69.5354999386173 70.2458605308083 70.4174934534758 71.0071444731945 71.7542072958383 73.2470816881528 73.3559113168718 74.7578078970371 75.6228884254801 75.9083681007184 75.5884160893626 77.4944983555289 77.571496973649 79.4085772653534 79.4538576462753 81.0527916730823 81.8369724482567 81.9334643379846 81.9665721392298 83.1353114387394 83.5524242441323 84.2310008922186 85.2248427695095 85.0311608016632 85.9440352630486 86.3967668646565 87.2941761512598
61.7847966233177 62.029045700128 61.4856690231547 62.2013633365126 62.0895784353846 62.4660095942703 63.2627829564945 63.1249599228854 63.207343280996 63.5648095584897 64.2551178846693 64.0940162168473 64.359478794422 64.8580608506747 64.9808624165131 65.9479051984378 66.1446235967876 66.7401023412743 67.4900580116008 67.6396061120686 68.4417702305951 69.6794155811544 69.8447554849929 69.8990184760917 70.9247283228462 70.8156105280917 71.7756006801934 72.8226632476564 74.1843452235965 74.3492892393813 75.4533357799676 76.6544228262561 76.1131774858726 77.1159727532899 78.8215054450469 79.1050359668227 80.3530729703119 81.332070100002 81.4405485533789 81.3358143337245 82.4255538448984 83.608990276671 83.7424437537633 84.2647684622335 85.1044207464238 85.6133882140992 86.1279051003296 86.2459978114353 86.4286833604279
61.4915082067907 61.5740235098361 61.4364204894234 61.9496009574646 62.0038978227815 62.6400400645919 62.3779227630252 63.3976956778147 63.3808241518275 64.1569665901555 63.9800436760682 64.5421049205922 64.4221610508678 64.5483877576211 65.393913846615 64.8645082062838 65.7116310278577 66.416079887867 67.3978436176666 67.422005949361 67.9396726660574 68.9015715916414 68.8848535756124 70.1428360726513 70.1133914214238 70.7564906669381 72.018210542537 72.5367059171977 74.0856949327387 74.283492445328 75.6744189683586 75.2922064708096 76.3198479380885 76.9614967015691 77.9541917214235 79.0883299107005 80.2345449817779 80.7222817657685 81.6579238645944 82.0469455471287 82.7231766315676 83.8092630123776 83.9693332068015 84.798041497465 85.1915796827368 85.2822541403777 86.1523947012147 86.9318099899629 86.832260180028
61.6953492964691 61.3229217811538 61.9242234669521 62.1574072131984 62.3668190846512 61.8629177052459 62.7030066394337 63.1090412067498 62.9808354382365 63.2384420599041 63.2266590314438 64.168443527188 63.8790860032996 64.5572398583077 64.974800400235 65.2879323300482 65.6534752149912 66.4334177208035 66.4113442176219 67.6298699382264 68.2347642280205 68.9128718456824 69.1300804940527 70.3446976600864 70.9797194350953 71.5924211648081 72.1558802891799 73.673311823404 73.8692170339238 74.8292528032746 75.3622811853128 76.0786492049711 76.4395190124159 77.2732588070005 78.5584090173059 79.5466590014234 81.0842531274902 81.2903676890362 81.8064825897011 82.0447678768913 83.3011884385464 84.3143930743069 84.2881766497746 84.7639932065705 85.0131018688674 85.9514081225572 86.1729579431628 86.889842659898 87.4381313852161
61.812388901496 61.4063916456725 61.6200611890079 61.3818336850507 61.8542286941304 62.5164750941898 62.2104289549602 62.626272594607 63.3902812179234 63.3192606833664 63.538172848793 63.6927655228499 64.4019963476279 63.9559025073867 64.697918599003 65.344727704487 65.8455727745104 66.1937827131992 67.0445622231601 67.4998612688876 68.1884813977252 68.3515291521204 68.8949291074642 70.5278241635673 70.809802067982 71.6815908522985 71.715430150487 73.2430733091666 74.0258164292814 74.9013515373748 75.2084157318923 76.189110743453 76.4715728574904 77.615272132721 79.1845961790192 79.6798494811316 80.1158750007194 80.674282279587 81.6468180479018 82.8461791774868 83.1173972904364 83.8162802030513 84.7055265459157 84.958400404936 85.6823302517924 86.0731893122187 86.9780770446733 86.7641821734357 86.9216895429483
60.9268175245191 61.3111390983174 61.8301445284198 61.759189528809 62.3969986411185 62.3664778154956 62.9339802641082 62.6116160182205 62.895253122704 63.4862653072987 63.7821025615295 64.0189126192354 64.0300168346561 64.4367702908233 64.4052936446941 64.7373416239828 65.5828767016538 65.3479269707608 66.34421466123 67.4319784684402 67.9066620567894 68.7202437227185 69.0955003844385 70.3177250157555 70.0920288121876 70.8545717588286 72.1129813366387 73.2738640422975 74.749582099637 74.5135038356256 75.376316980058 76.2754503546719 77.2851200415429 77.6082467637556 78.5012828166175 79.5256085308458 80.660338275935 80.9934963962196 81.9356782595868 82.4824098687395 82.695058771762 83.4081727750333 84.0625505021097 85.4052849208189 85.0454318530765 85.5909437606629 87.3863675730398 87.0555625382162 88.380254330011
61.0207974826387 61.0231234177969 62.1600090794492 61.6857856919298 61.7683472219758 61.8931004522982 62.5834461882353 63.1145085611545 62.7456148968772 63.6098865492111 63.2176757020901 64.1417204703519 63.8068569237025 63.6544122898634 64.4062234149581 64.6833411913476 65.5299930173837 65.6183719296178 66.0571104184235 66.4805068095231 67.8823353941537 68.1892913159684 69.1678453528754 69.7636360198338 70.2885727538071 71.1312697178425 71.8505429356109 73.5146255440515 73.8907496995482 74.6341510271507 74.894025191156 76.1641695695393 76.4734095460733 77.3130444732589 78.5864767861647 79.2234651976609 80.575823158394 81.0591405729832 82.0372818495897 82.8970482459618 83.9165200616122 83.9711776317552 84.3054233592611 85.5168341199487 85.6977291957947 86.0231730137757 86.1922531292045 86.824200307548 88.368236600136
60.8477650302858 61.1643107622715 61.9424982993625 61.4119107201403 61.988190500953 62.2602408371986 62.6085704591721 62.3476994436538 62.6041026707239 63.1627690971614 63.189199302005 63.5222143251091 64.0645079890212 64.2288706153651 64.198150672116 64.3728589226358 64.838362059895 65.6582810049506 66.3240827524896 66.5334625580751 67.7575736440992 68.6889917808748 69.0064627005727 69.7138134871149 70.7293024870879 70.1601507468929 72.5118611506945 73.3976422530271 73.5468228831423 74.5915356335536 75.7817034274947 75.8764775810244 77.1258182817096 77.8551048397413 78.6276144210199 79.1774462741129 80.2838828720477 81.0732784685111 81.5010970800063 82.8113014695992 83.8853496783538 84.2034946475096 84.5513804936793 85.115489215567 85.6003270536494 86.6277938029871 86.2290018718219 86.6572348771722 87.3698090044194
61.2928165874662 61.2082261633066 61.1886098175123 61.9502095539903 61.7889887437599 62.2888425037069 61.7716323533761 62.4911939541163 63.006130724174 62.5828877973629 63.6978372474287 63.5556904448736 63.5028046562922 63.751324665938 64.1216922759137 64.461598776689 64.7628223078437 65.326118690116 66.4503969832292 66.4965493330173 67.962554305132 68.0061023999765 69.5671186526456 69.8398949002518 70.8978770025314 71.0312594068975 71.9524086114293 73.1582139400183 73.6331698079707 73.9578290823456 75.2189819552995 76.4291135611503 76.336722170607 77.9490643618627 78.2049491186006 79.7595728783965 80.2576325288201 81.4274772138436 82.1015792801052 82.2996492636088 83.0427469135687 83.8496815003798 83.8847514367628 85.1671842881469 85.6771730979175 86.0366307977194 86.9933605356048 87.6007773745205 87.4894769275614
