wc0.5/PCA/Component-7.asc
NCOLS 267 
NROWS 470 
XLLCORNER 79.65 
YLLCORNER 5.91666666666689 
CELLSIZE 0.00833333333332575 
NODATA_value -9999 
[rows 336 to 356 of 470, columns 98 to 146 of 267]
26.4497849312404 26.3721442877676 19.6520621730475 22.0514763800591 13.36487914233 15.6231344983732 18.8810669713373 19.7867364182632 26.1907934216319 22.0424064829171 19.9602540035199 28.3165909503429 26.4748725056239 26.569835022785 29.474663826799 16.1480249590109 24.8451820979308 21.2338303068936 25.2258549323666 16.2975076167861 17.2961744237809 45.4799702654383 43.428410333519 22.5775465248236 45.5677121670068 19.1225326648848 13.5416532843561 18.3308523137041 23.1505431144395 22.0694487924756 15.9544608698588 34.3776504656696 36.0226628024994 33.7283045334137 34.4547170348408 34.2009966424804 36.4639979273008 62.0762659241456 68.2953518453442 50.2580643953047 47.7040703332123 46.477175531261 53.0831241504353 52.6842357105657 53.8243429222292 57.118920628096 60.1958699375124 52.3475682404574 37.5425345023044
22.877652583871 23.1759172890075 20.7399253902282 16.0803286765568 12.4702532360216 16.2514466650272 14.5697917894956 19.5117726905073 21.3558631954782 21.2967809935052 24.2366215947467 12.8972188650361 19.8480368001651 27.3397106613463 24.7910697301936 14.3452465903559 25.3448002945518 14.2430419014815 26.0374240232347 39.8784616298317 38.5181237225044 43.3652893937048 44.9029035893812 37.0389485139621 26.3274979058068 25.1496010446515 21.4497769741569 14.4411192031798 14.3374398443325 16.0503545565736 17.852817629245 20.7276087386965 35.9365769284901 43.7434652523481 43.6256849532885 42.8415841528476 32.8757148055201 40.8619317886305 40.2569278715756 42.2772325213268 49.3895391009244 49.6546349058773 49.8443167747405 51.2221109675435 56.0548178024905 59.3430392812736 63.6231421958584 49.0920022170405 37.1409563599157
23.2027194356248 19.8697488604051 15.3382779384121 13.721361273685 17.6160917400766 22.7711024088133 21.3784868994595 19.1145879886584 28.8555591835026 24.0158267870216 24.287742619741 23.524485921324 13.2528483324482 20.3023088917855 17.3583353326431 12.5515265011407 21.7123334683007 24.6661984905567 15.1625755805307 25.9916584303774 33.4471930268261 18.9291509321863 20.0118300774474 22.5264627536325 23.8812986602975 28.360104091275 46.3948561667024 23.3458910176415 22.200892905872 14.784823043227 15.384409879269 14.0590792410482 29.3123098541322 42.1369348385303 45.293662062529 43.8833545595728 37.3026186050386 43.8265529756103 45.7905214761798 48.552491953418 48.7688577974359 50.0396874868829 50.1639917523012 52.7046002211893 61.1003976758746 64.2006082047898 56.6557062160712 50.6644985266977 39.4540748072204
10.8236645891972 23.4304150480078 12.3116774408283 14.3612201327087 30.116177339778 16.6504838490375 17.980057678517 23.8717671388018 18.6156271159194 21.4639783522662 17.0559329084185 16.7029361285721 18.1841454455486 16.5803183365595 18.9312280191832 20.0461590653498 23.9578445058947 23.5008350636361 17.8769275493622 30.6031885079294 33.3847662084413 31.4097336910738 27.7814565008258 32.7135138481793 28.3479945099139 31.8578979970131 41.2034667143012 40.3973683491365 21.4502314550305 15.2452875593752 19.1801096119841 21.7303376867233 26.1735859070637 38.3697287810266 44.5221529718358 45.9515465134966 47.629717178435 49.2970263270671 49.3509812161379 47.5708921252499 46.7785334563826 47.8904912967163 49.0621729512603 49.1773065710794 51.3030030764585 59.5456930649381 66.0682988510631 41.2978933787459 35.849796998875
29.8706981239932 28.9787589248746 22.9527313256542 26.4520990683599 15.0028379897221 17.8633872126239 24.2131537685582 23.9356991009537 19.068701753305 32.3097356016897 15.4805312946752 13.8916706101091 14.7564322477647 19.6386494726808 21.4711051094636 21.8067024829144 22.7767268976144 23.6372268631917 14.6531124549486 24.6564202030073 25.4526270917895 19.1297880290679 23.8069744614715 29.3469846112452 20.1004830380868 18.4764392560246 30.8598237261742 22.7799329756604 23.342532507068 16.5453220915429 15.9863513228742 23.3966819098765 30.8002571636741 35.9758608810458 39.4879226121404 45.2807723329796 46.9393712240049 49.149929160054 48.6766554528282 45.8366974933675 46.0768868000741 47.387649468928 47.6554375760349 49.5495576734473 51.9262117251251 60.1828745684953 62.3360143897207 66.9080816855316 67.1703497390528
34.1861732295353 28.0088859215476 16.1947017099454 19.2093960611277 15.4338836998892 33.0622274045158 16.7258413639524 16.8035798201096 22.0376646665618 27.5419175365126 10.3257250932032 11.6094072149177 19.5237087982147 8.0074438886653 15.2423678093138 22.4541752860902 22.6453020330074 17.7832530990836 25.8826389424763 25.086276800023 23.7379288571803 18.2780711767352 18.8080626812908 15.0020258477637 14.354402199455 9.70405929737259 15.0271796012798 15.5969163478017 12.4046976569075 15.3962247013533 11.164563166048 24.4630004731751 36.9419750586924 39.2142711574498 36.5282568926195 39.2901461834198 43.0261671008881 46.2349050352399 47.4573603020394 46.1752516096366 43.9221161372695 45.9326040675656 47.6043542002534 50.597750768457 50.7151505654588 51.5174969701095 53.8095645907988 61.7850321045895 67.482432804622
40.2971039426587 18.3505587415553 33.2391089147636 17.5077298548185 25.2464116652514 27.6074913559446 29.6154815119228 34.9234084206914 18.6438631681514 33.9040453790149 12.9490225769908 10.5214275152096 12.5953303401966 6.28417684252639 9.51258218837258 19.0350541356827 22.3032529454413 22.4644763383896 19.2311922482515 24.6741865312121 16.8389429593107 17.5594721754787 17.7620742640381 14.3270102994273 15.9487809799132 9.54059013336541 9.35444020077453 24.1271579317611 16.0067975889645 27.1114237474916 26.4211333616065 31.6975088482832 36.0361924372398 35.9772168681174 34.8446517987248 33.2156424418213 38.8778179248805 44.1301270751438 44.3604160191544 43.8735798730768 43.6125235244095 44.4986279211986 48.0961293563262 49.2419413040553 49.3265931954176 51.8001589906411 53.7451525717883 61.5654885489223 52.788363171464
12.6784950384083 16.3921442781677 33.7519639874649 2.01912441976716 22.9739916112063 25.092400721525 33.0124438084356 7.48420077824706 13.0525240217924 22.3324767064993 7.17011573829095 17.9688972649683 9.06548539763869 5.75975290569729 6.42359352974505 7.70406275463377 21.5987003186865 21.2571089622942 18.2357493804975 21.7780258696004 16.248370919671 26.8732694675964 20.5584874383072 23.7014943643434 8.39707924119856 10.534115657088 21.4859664797155 26.7815447517182 24.4443824018728 28.3883167548355 29.4404724984747 33.8765121860588 34.9087384034382 35.6611055464395 38.9121522011989 33.5151788674854 34.5445757889126 36.1273092196604 36.5447775651723 38.898993023976 39.201684822836 45.261655278497 47.9427805418766 46.6373850409509 54.8352854764414 71.7206250597502 64.005096948812 60.2832960101225 47.5707552420897
23.6788223002675 10.4334380239817 40.2350684674753 37.5433198170191 8.05922782459749 30.3531865291094 33.4443242061407 16.1590035460875 9.76753058731693 4.70224733120178 6.27975448009824 17.2702098119637 15.6410142467794 7.78263764313395 6.28467957040149 19.5565247455402 24.3022458750064 21.0082507939962 18.6865291601878 19.758529964416 17.2540501005051 16.2862447340181 15.7901162986222 20.484814072491 18.3963116095739 22.6986228944599 10.5287213332291 26.4800568483322 23.4578049348874 24.3307585951792 33.3540202554226 34.903400836958 29.9552314212832 30.5644746476606 34.6105971893223 34.336511291057 33.6413167843521 35.5303467681698 37.8621735686091 37.9284151187903 38.7272006437708 41.8741165424236 45.3042621948884 46.5808062243282 67.2769555875628 51.947069941071 66.5582807610154 65.6845360199723 66.1655229335981
27.3122441851534 16.2589571940556 6.68435282998948 23.6223221762284 9.29180303310476 28.7763212689214 15.057744729293 32.3236480367019 2.51623834459312 5.24751903835205 5.99911269559386 15.0642805921711 14.6935741637762 19.182078047369 15.6981186652766 20.9978716222333 22.1483281387008 17.9934499630063 21.4930674453219 17.77771256646 18.9082096538983 17.1425881344342 18.0567816204859 17.0114136988159 18.4109399447605 22.507538158673 18.9783028691925 11.9308961152043 10.3216793214082 14.4880968353538 10.1956273099799 25.5910980808742 24.3126869174595 26.0939957292181 28.939204979008 33.9539363875311 33.9932313301476 35.1757276959604 37.6688708261279 38.4254918976154 40.9689446768148 40.4436187001434 41.5147367389725 60.3103071069842 56.2719599230962 55.8451991638216 61.6323462329175 57.1260669243793 55.8480354832718
36.2264233046719 7.99710649264515 23.1054421692328 6.80688035629935 10.9695068498811 36.5503036121044 9.7275129074672 5.38851205569852 19.2172034010235 29.4535427935274 3.26939429534025 15.9451885608501 20.0874037435063 19.031242061635 21.8918538192552 22.5910632674466 24.0975450086566 25.0115227867087 23.472595276721 22.4156711359414 24.7893440517893 18.8969566940454 18.4644627150547 19.4633233105759 19.149062912617 20.2544672878891 26.3850475437533 30.8817459050387 28.9908266700225 20.3178815750633 14.1802343062732 14.025584256996 14.7831152641437 16.1665688497489 16.3531921674905 28.51182108582 30.8799603448086 35.0922334805927 36.1849255783966 37.1855824925701 40.4726382131888 42.2414816064368 42.0614943031299 76.1337105762707 66.3638359634536 64.1760592547739 63.7451826438761 56.4251565499638 55.753948325087
30.8141770056124 17.6144541801893 21.1966368908995 23.3098660562285 17.4242614999157 0.37527079901176 -1.30566821218418 -0.0855244864543443 9.80581665146742 17.0547944698568 4.33221176016038 14.1954041237544 20.6774499027124 21.3637325622472 19.9167969101931 20.3486083289533 20.6046853541303 24.9315119035968 19.4630604780134 25.833492918684 24.5513688406712 27.7473973888615 20.01047582131 19.5097453636912 18.8586336101241 17.7935250666868 20.7942312587746 26.9743556166211 31.4615876233927 36.7353046559483 33.0693859527479 13.4039923390967 19.1456923971834 17.0965356327064 28.4099437057762 34.4248026379744 33.5215290330995 34.171693391363 34.2709736483388 35.1272017447867 35.8775689872218 40.4250381482804 42.2089796850195 42.7314606397254 65.24936145054 55.7944447121966 64.6507135262293 59.7564199363064 55.3073856381879
38.1589027709082 40.0024439305163 8.43682705265397 22.0715503561724 20.072859108411 27.4529502232683 6.24393471085456 12.656373419607 -0.623483258109834 9.06563029967822 3.30801441268268 16.7261592432479 18.1340318720131 21.5166615631588 21.9871837909266 18.1429249344761 20.5122672619395 20.7927852993288 21.5151959177031 26.4791492676749 28.9610438154705 28.6260497266733 24.8262444535788 16.1931221780633 18.2178320994358 18.3805576747294 21.4738837006408 20.0004353338542 21.4116920677436 28.2140737502916 39.8807841785403 36.7375688150334 19.3150027156537 13.0578099240838 25.5693737664948 34.3454182422137 32.5276736997503 34.551153371915 35.9079428117307 34.9497359301927 34.3365801991956 36.7523018488365 39.1005347040565 52.0327809092057 68.6197931994259 59.6173743756824 55.3262542022862 54.0739479835731 53.0214707585468
12.0043252655422 32.9588468295838 21.2945741925869 6.57068937721637 21.9279635689169 24.0195303253384 32.6764751445295 -0.705709860690825 7.85767809313752 7.72545464075261 4.95490224146175 3.12239377927801 9.46628100286107 22.3759543277502 22.6030370611333 17.6474203522225 20.5151954122659 19.7813549360623 22.819048067796 24.3181767192802 22.6323806608349 28.1233984301951 29.1422062311073 26.2388688520337 24.2877663369034 14.2100466506814 18.8236762266793 22.0189758684502 25.7955684588062 27.8185002244225 35.1743345844689 39.0371031689678 15.4769002118512 16.1677525099842 15.2752489195742 30.511253797395 32.5125386086201 34.0360798508557 36.0063642283473 36.468591980509 39.2281323303325 43.0819627651985 40.129015522988 50.4446548328269 69.1299344158217 66.7063256829563 57.2238685213237 51.1135497871394 51.5398449398537
16.4114117403681 3.87990443628335 2.93170561797349 4.18643271429105 21.1900211939394 -1.71149876289986 20.6929254407777 4.26417075653092 11.5849781178594 9.91252528535035 14.1301103408221 11.0574602891829 -1.19050639880482 14.9155270229129 21.0745142093344 23.5867742553717 21.9096088060686 25.7378225280737 26.4480537623502 27.8782069768196 22.2141364359789 20.3535639969855 27.654734641025 27.80490140809 18.208402897037 15.5356267862104 17.3518704160286 17.8351502011436 24.3907605125414 24.7743513422038 23.7553375737783 33.833496244253 29.7597774266603 21.0971379079955 16.0670185761316 23.3954479169527 33.9756910464705 35.4750682363923 34.9074736936183 35.949355614035 36.8472908998901 43.2023092295741 40.9769984396615 48.7868997942724 68.9934617180733 61.7384741419458 55.1347471553525 51.5575188972205 50.825663749553
23.328647022884 16.5947602203883 12.0696392203366 22.6324467938868 21.4777739979526 -5.80785511319767 18.5366878214915 25.2830780685944 -6.2476639790119 10.7508969607781 17.3929495489447 19.7376116083326 20.8955571707956 10.167032176897 15.5654269162756 23.299366617485 24.3160484221037 26.0508049022897 26.3985414675229 22.7166367322117 19.6952536020782 28.9692315501828 29.8542587783198 23.9227329265762 15.4841821035341 16.8781847033715 20.0297460042669 19.4387610135286 24.787592684018 26.7548017798691 28.8850872056723 37.9901466360252 28.7583639020746 17.7048068036853 18.9183490230175 12.4884597916395 26.6105816373958 30.6718625317576 33.4845330576682 36.8398426593188 37.2428362489983 36.6838104019974 37.4772339626841 45.6154688015453 71.4582282773062 64.5034213700452 66.3732781397241 56.3460503515597 53.3440225159114
15.9539907123878 2.9071396257091 -1.66267377991893 16.4080043478163 19.4065230489164 19.243623655008 2.23759175581829 7.28343016044022 21.2485805786762 9.31017736195152 14.5066611720129 19.7405970245077 20.2351461336246 20.0031186900926 20.5868134089927 21.4656087290154 22.458895003969 21.440049620769 15.1036985142336 22.9810200934463 17.3256791523301 23.2705488818429 24.1531755445717 28.034562956371 26.9938632203809 17.4482264411444 14.1136198063798 17.7542743642355 22.7023476024868 27.1922397284468 31.4964409392681 31.1424341359279 39.324962588296 35.1284761908078 19.4146735455032 15.8240278878935 20.3718376065024 29.1257473659133 32.2048631823729 34.8116772368062 36.1346039167662 38.1008744184675 36.4924733031679 61.0240647305971 50.5017927978816 71.1813044947202 68.9291117233305 54.393428222393 55.1582605444474
18.5608922993007 17.2363516625115 -9.2397109506811 14.1103391507689 15.5853944879191 17.7661975363729 0.34784264982818 10.8531613623857 11.7087182337168 -1.79052588118639 -5.47634608893453 19.4618886268338 20.8288288127463 21.8309386121859 20.1317484347275 22.3503205618074 19.975835232441 26.8354299716067 26.9908911916461 28.9365285318732 19.5602883786873 7.66476994964409 11.0842037571856 18.0840890436 17.2985310295003 19.2924843013938 12.0885973176256 15.6217045262731 16.738221226275 22.866827248511 24.7645386597543 26.6405036008844 23.780740892172 18.2303980650847 17.414359238458 12.8203655297084 13.988357279309 25.5561258211368 29.744056186153 32.7110053974181 35.1020929322173 37.5532150814761 36.3888656111272 51.2421292308002 60.3143276065728 61.944004042266 60.903800188494 55.3339818155554 51.9803920971286
-3.29305345141615 -9.43691070754849 -8.93665372952058 15.5778716208979 -7.68087802768321 17.2239312452239 15.9059933792764 -1.62079670761058 14.7982979896167 20.1781688077 -12.7667049211313 -12.6965674089726 22.0444083573014 23.0823814894788 23.5109466822196 23.372726949863 20.0841295061753 23.6388490936423 27.1864626317147 28.9830396260053 23.0738396173162 16.2586513659998 12.048090390583 19.4333413495233 13.2897179907687 12.4544501351371 13.9887832772163 15.7806416874978 19.770665818095 19.1422778873797 12.2397530980022 20.3342267712123 18.0263330871423 14.2685058292923 21.1472178872678 22.1089895698182 25.2598264708625 28.4848741034847 28.0744603338285 31.1519053829023 34.1401429803637 36.4403507893622 39.5146023612593 41.199502312702 62.7510822254061 55.0448978633774 51.9200641848841 51.1048340779475 50.3178464794209
-6.94299650089994 -3.55383378988837 11.4281405546426 15.1106777556726 15.3994562707222 3.29123144106128 -12.8262116953842 13.858385699959 5.28281232429507 20.5215807920803 19.1368030800282 -3.35978615230688 -10.9370307453616 6.87628716770735 20.4233686027697 19.7694987214923 11.7526780678004 19.7897156208618 24.608260810503 30.2293880377565 30.320092769373 22.2422616362467 19.3512101802889 28.1258309364735 22.038211002098 12.5032704197988 13.8083234225042 14.97928203875 16.6845317539356 19.9825648092823 21.9147342968038 14.9954828922382 17.7896722392645 19.9763486498645 20.1566264951532 24.5719163575029 31.131404478715 29.7937726885915 32.6804089253423 32.22439703807 33.0861288208622 35.6170616821207 38.9961861625812 38.7016995080008 60.8532872184857 57.9530330268619 57.5703937933882 55.1074178237472 51.1037969855095
14.7149485855664 14.556618236882 6.63382668100521 15.5956700438774 17.4657858129832 16.7648451189032 -13.843361206266 8.70740120792794 -15.5950673095849 15.8058423636273 21.9552269587771 21.2314916142446 -0.446613040181506 -13.259501755279 -11.6494733005677 3.09602937288061 22.30826948953 26.3133680603711 26.1714990577472 30.1590592563822 30.2878916566023 25.1001316494089 14.9124932679492 27.2762956542898 20.9832310386491 12.8246809497261 11.9033601409609 16.0827183340223 17.7679235528588 21.4077663922986 24.2820270025425 25.7540694935547 15.9298678213251 14.896065104109 9.23908291666991 11.7055406046777 21.2353725343764 27.4695431453743 33.7724131118831 34.3571852769648 33.7156615597557 35.8284126294683 38.5100902406571 40.5812001823304 43.1637527959068 64.625728127848 60.0946198292574 57.4752312173782 54.2357060048106
