wc0.5/PCA/Component-1.asc
NCOLS 267 
NROWS 470 
XLLCORNER 79.65 
YLLCORNER 5.91666666666689 
CELLSIZE 0.00833333333332575 
NODATA_value -9999 
[rows 189 to 209 of 470, columns 144 to 191 of 267]
-200.927396461351 -207.459213485448 -205.158919433033 -177.578600110087 -189.116965681609 -195.734101585474 -175.963669749142 -201.821760749621 -193.874908049697 -201.054511769552 -198.623106229718 -195.300139567389 -193.577299177526 -189.767406760821 -183.961997923775 -177.594291268287 -174.504341707371 -176.156491881248 -164.920644732299 -170.273543692871 -165.732659007658 -159.146101635968 -147.284744377294 -147.30164292788 -151.464864537538 -145.421895249975 -140.849150164457 -136.567932649374 -130.903583319601 -128.706450798197 -124.306912199199 -115.480911469319 -119.853476711362 -115.605121617109 -110.134996924406 -106.862194960689 -100.230758363977 -94.2673944201018 -93.6886253043035 -88.4393030101358 -85.5560795901872 -79.0861481098176 -72.3507748269883 -73.8300172462231 -71.3315346206052 -57.161943655402 -50.3605017454159 -49.9455202356346
-205.892647806867 -207.291625486227 -203.643375168399 -198.032631632902 -196.34607230377 -202.74367967668 -191.46151420168 -193.305424243826 -194.238884867069 -197.02294859504 -197.626323628783 -195.460868210027 -187.76983294965 -190.407461345106 -184.667799493268 -178.051419442169 -175.586382340312 -169.343584912616 -169.644329893321 -165.72147030551 -163.199673869262 -158.330054890867 -153.259284580323 -146.613661288943 -147.156367133455 -145.279177048045 -142.911220008379 -132.429064666027 -130.052080357786 -123.183805639234 -121.247409416864 -122.355601678523 -115.25572004748 -116.71611797905 -109.722493064896 -103.466166372379 -100.708161467836 -91.1680160002664 -85.6714036932377 -89.4643959032598 -86.7717668408381 -78.1513080858183 -72.350593269129 -73.6949382485701 -59.4013237882039 -56.7412025908937 -52.2167697297269 -60.3906118693344
-206.508989668489 -216.975479251438 -219.179552554915 -208.553889045837 -199.559231035683 -202.82469488005 -195.749678937171 -192.848588182061 -189.459226742863 -199.269942450579 -197.116463207442 -192.124139351112 -187.762917523244 -188.29534112241 -178.346988686168 -177.362293686995 -170.067934865792 -166.586165983083 -168.929906336019 -170.299991884675 -164.682810506004 -157.000533117219 -150.05716286156 -146.375223533264 -142.541101655328 -138.826660284001 -135.320453197773 -127.414790949698 -128.649841156807 -128.61722529826 -124.787811225005 -120.178936363433 -113.790555839457 -110.524585042844 -109.187917477391 -105.666202736276 -97.2924310639889 -92.3875461596932 -85.8220306121506 -83.8891535199445 -81.8429793747252 -69.9411724283938 -65.204909838986 -67.327445013276 -58.5995076262695 -54.2884908201302 -53.8860867169464 -49.0249145615145
-213.272027487168 -210.786261899084 -222.219042281202 -214.867875498089 -205.351503625331 -206.463466826025 -202.805458370265 -195.594910517426 -164.1600253968 -195.965547210411 -197.746816356568 -188.898541324764 -191.261301385104 -183.376043997835 -179.217054804734 -177.255325662062 -167.800315302868 -170.668940779693 -169.88308117358 -161.459274161332 -161.754469009398 -156.179447635166 -151.684955092287 -146.10077677986 -148.091522591226 -135.162701139978 -132.365076585455 -136.051571809074 -128.649841156807 -126.939076571616 -125.986020746471 -118.553626245964 -112.41260293709 -113.799631390971 -103.822643049319 -98.5031631837843 -91.6413275091342 -90.3350001516994 -81.965938979806 -81.8235085299344 -83.2075482638367 -81.8271585888216 -67.3008698014275 -66.6806971869083 -56.9468907032427 -52.1631733552546 -49.5830088725858 -48.1484650642873
-207.763222172471 -208.549312290915 -207.784913658001 -203.310963427529 -215.031077955483 -210.59568543962 -214.633946120831 -196.68170435733 -194.672437972372 -194.289174455353 -194.472461792278 -190.364656534709 -190.032835779229 -181.932854473378 -176.837909765656 -178.6423431678 -175.292200759338 -168.489958524929 -161.207700626387 -165.735306860104 -161.165976016011 -158.371571514968 -150.89819030728 -145.289355716416 -146.740738561066 -142.648993378954 -144.003061171281 -137.612189556587 -129.8995577274 -123.978349841969 -120.712341987773 -112.277302552107 -107.537772983112 -105.337057216646 -100.205334220158 -98.3159012907369 -89.5885342980216 -88.4527643234158 -87.9234657244141 -78.8164250091211 -76.2770548976697 -77.287382999127 -70.1247441939351 -63.2914997395126 -54.0997014809092 -49.7009022934096 -45.4057322029464 -49.5282893457893
-201.327055601676 -202.573291020698 -191.383157250519 -185.502286216468 -207.206473579708 -217.916560707438 -212.519325906916 -200.380821292102 -197.260699035912 -194.191689071906 -184.43985398538 -189.127135221916 -188.055388775601 -176.035916770666 -178.649883644896 -177.857051486474 -176.274566341459 -171.13796955374 -172.126615078609 -169.156024167744 -157.970824379934 -157.33276579972 -158.078652122699 -153.793900461559 -150.620144202197 -139.893205819576 -135.670703115312 -132.32943732952 -131.513717065029 -125.049486769129 -118.262532150304 -111.725975514478 -103.512629537424 -100.411863348449 -101.710291573576 -88.3496159909753 -85.0795247737037 -83.3480677780085 -85.6357039182868 -82.688480474788 -71.5269230648086 -73.1122881356556 -68.6335853806558 -59.1396648333688 -52.7234154566775 -48.8638324492917 -41.8215507865402 -41.5365222095149
-205.428999088591 -191.474545250357 -191.259274423631 -205.08391056204 -206.649610951893 -212.432746843946 -213.452978032407 -205.88437356585 -199.78859906503 -196.674260587653 -194.430511738886 -188.54439546328 -182.017719279326 -184.118447059258 -175.000415681795 -170.501947701805 -171.116049195819 -166.824668428366 -170.445463385371 -167.130073932195 -160.466020370251 -155.49410799116 -146.08921170391 -147.064853252184 -143.062980510073 -137.45395133754 -124.249653738455 -124.989202773135 -131.67785409588 -116.721683613758 -106.238909363636 -104.858602698972 -99.4349343998151 -98.0764776385033 -94.5185038168181 -91.7627904007386 -89.1251516624327 -85.4158736984484 -77.4654392257956 -75.7931455610391 -69.372103243769 -68.2190821887408 -64.8220590980464 -58.1080923339734 -51.7057553553976 -43.697561342574 -42.0652931610784 -43.5813848256176
-213.910437525133 -205.079181102509 -185.285090697061 -207.554184006376 -203.379582062291 -203.949670657669 -209.352962232143 -210.143336524521 -200.123245279722 -199.662527381625 -192.75502276582 -185.055761883077 -180.641722272993 -183.875912366573 -179.60645690725 -178.54374069383 -176.2538611071 -169.61020522219 -165.071398905849 -166.108665754947 -159.080353698174 -152.044189606587 -148.307481053266 -140.669170422333 -140.990495416458 -131.025994087061 -127.911786641888 -118.988270728322 -126.896791271283 -115.991884977165 -107.903567406576 -102.29909196607 -95.9028032784796 -91.1104761828966 -88.6091019962257 -85.7857751290132 -88.7006619735075 -79.469879719147 -73.5147301017431 -73.9983903404969 -70.7813654562348 -65.6902855537771 -56.7927455607678 -52.6082089214883 -42.9215215201603 -49.3677171147575 -45.3802574820286 -40.3924925139634
-213.536354970949 -210.545541991797 -169.195283196489 -200.002782167054 -196.577885728849 -195.740405794885 -206.217553377146 -202.68727668157 -207.691065286612 -202.82470220451 -187.300588422424 -184.796624634494 -178.671967620783 -189.22057679961 -178.218756958888 -172.39324550636 -171.849179999284 -170.74874848559 -167.310173261626 -162.589760504679 -154.39077190537 -151.086960446206 -145.511617310378 -143.365036116606 -137.461301401649 -131.357524291231 -126.829850151555 -120.613552068729 -115.040678233984 -112.767866898912 -106.627532138832 -100.986631761671 -93.2509102498666 -90.5020998876458 -85.0120036913383 -82.9795391722874 -77.7534437809401 -75.7215239830912 -69.954360967384 -71.068265148407 -69.9105462144799 -65.0922950837896 -57.8090012614078 -53.9170973376698 -41.5632362190739 -44.8804778660142 -41.9596474228149 -39.8404391972734
-224.026519647799 -214.062745926523 -154.671088382678 -200.365397499339 -197.966740916572 -196.719023928002 -212.156371588195 -214.954489014959 -206.265433029669 -198.36204542411 -189.655986124623 -188.235017821384 -179.617450106926 -185.810568214517 -180.690985848211 -169.150985341438 -175.78454722187 -168.118453304806 -166.802423017151 -161.892719767036 -154.258855728013 -152.005265628324 -147.298284969532 -139.093730279055 -127.961995376195 -124.714985439775 -124.424913045559 -118.551139937497 -112.587775993622 -108.115006435828 -100.790730591004 -98.1202297852303 -94.8480024916204 -89.2794009824415 -80.1483763962701 -78.2332502482021 -70.8318085597137 -66.3656687514063 -68.6073614645514 -67.4486718000364 -67.586673235009 -64.3370988814704 -58.8414474232522 -45.926663507163 -37.262544970734 -43.3102645017066 -39.7276334904889 -36.7596237030161
-227.343940818561 -217.666658262082 -216.819114522348 -208.320635693283 -192.263330928892 -203.430197999518 -205.457365930587 -214.736916986043 -200.788668022233 -204.072168501447 -195.639222437078 -187.697027628867 -187.205796828509 -181.139053945267 -175.04709314896 -175.241751904862 -171.397343843239 -169.111376821711 -163.99962792324 -152.893238957109 -149.918007701181 -146.919140142509 -147.17843790608 -133.11837592353 -128.676047051616 -125.019326633319 -119.514802867723 -116.390929502217 -111.41540287996 -98.2750222280289 -91.2841706385618 -94.9076400147605 -92.6328996505851 -86.3405524241011 -86.3578177795443 -74.5217726991161 -71.5055741539134 -62.103056125018 -65.294565457628 -64.989163866618 -60.6660174790446 -59.0815327365691 -56.8640121028231 -45.7355568562123 -40.4667116363606 -42.7756889142019 -33.933372282997 -34.8201095016085
-228.67062507226 -222.627727891598 -216.636276919531 -209.62647882641 -216.175145966245 -211.684730102492 -205.427666929358 -211.786591481395 -202.774091095841 -201.090378713495 -195.916156701354 -193.520378454282 -183.129831652787 -181.602489701793 -176.348955299091 -170.5854127255 -168.60735746646 -157.707839662064 -160.666906882417 -153.994926441338 -148.896147205306 -144.701232531258 -139.333461867586 -130.845403194998 -124.395616050409 -118.640713361925 -115.867152680951 -111.013380418231 -98.077814842907 -97.9472780832474 -99.8869802808893 -90.9376384909505 -93.4684243731802 -80.6663331809795 -75.982517466052 -71.509381106081 -65.0322688001906 -66.9702216773565 -56.5336591884161 -68.9890775121227 -60.8501322303001 -56.7955059255244 -52.5198877243189 -46.7521516176416 -43.7192872725432 -36.6190789716668 -34.3997949103746 -31.7197184771771
-228.632399740456 -221.043308959659 -216.595008627914 -211.913024880261 -213.502183804035 -212.637904940054 -213.116747351596 -213.367804091051 -205.519082057492 -200.777817161046 -198.210819589202 -194.542832514615 -186.844179475634 -187.499632593948 -178.483399202194 -166.879030295869 -169.430103833831 -161.500810202718 -148.891104571835 -146.064798703593 -141.711629213465 -142.336823219307 -136.381424841802 -131.289460901539 -123.803872389588 -119.679676094159 -111.968501925153 -108.669965288775 -103.354310374807 -98.4353421422726 -95.7897303663518 -88.8345380513507 -92.7548414187143 -83.2535756579168 -79.7335046758279 -85.6953921642283 -63.93326890963 -67.6008758061466 -64.8073286881152 -65.09140340984 -58.58062291356 -54.9684442542721 -48.2864319918169 -47.5110366572005 -40.9149484329515 -38.4063197590856 -29.0591035722373 -29.9161773728818
-228.980121605642 -230.287094601348 -225.571689293073 -213.336296271553 -215.442638883994 -210.480935426636 -214.35081706588 -208.637441280777 -204.371514104671 -203.282184941248 -199.175156649478 -192.893625844232 -186.648902578383 -180.769820060771 -182.047503952653 -176.011189389171 -168.62254628073 -165.079489949198 -159.544713645435 -153.327553817927 -141.137143036735 -137.602150527204 -134.885423625733 -124.831427802509 -123.050305595946 -123.097650633781 -113.596985330364 -111.719598743459 -108.099635124758 -97.537994573171 -89.577976712754 -90.2342256905575 -87.6163365277261 -88.3536477850969 -85.9862672967637 -79.963445541906 -72.3304624944438 -63.598675664795 -57.2901234209041 -58.1133071030287 -60.4540407601247 -50.5789684887633 -45.0940566522546 -41.2626702981374 -36.0830690157183 -32.9069438778216 -29.4757501458594 -19.93836270774
-224.001940361493 -223.624986427179 -222.569836450174 -218.066508335773 -213.103928751539 -209.327381954834 -211.415812922406 -204.553762961261 -202.606165152045 -202.468606917441 -199.574397624101 -190.560411316637 -184.886918085051 -185.407612550981 -178.913815676899 -173.716053483528 -168.202674922093 -161.619162541816 -154.707796400175 -149.131068150577 -148.809707101125 -138.662776442087 -129.857713528754 -120.101066577079 -123.299897348084 -115.820922378024 -116.119803539728 -105.693310223061 -108.051749628336 -101.763177287636 -94.0987873934629 -88.3153439707264 -88.9564949964324 -85.2941450027621 -80.5801775450179 -73.1308709889842 -68.6860434715046 -63.0587642620294 -55.6381250895278 -58.2400050973503 -44.0858390898626 -40.7629557677036 -39.7876522582781 -33.3602712076825 -30.5913692670809 -30.7653762112805 -27.6462210248059 -15.8059969936828
-206.772597846852 -221.129110478516 -221.488211703824 -220.755063385457 -214.760857141239 -212.460116089455 -211.21863804159 -204.615225665477 -204.510399715293 -201.036860318913 -193.380952943931 -184.101212532396 -186.337709279475 -184.831926815158 -179.734285462128 -173.0861129493 -169.307566399963 -161.619162541816 -150.871167058213 -148.02849025118 -140.663535819605 -135.569296038957 -129.317795592121 -122.528218298044 -121.536097183581 -121.294692372936 -115.038557431525 -106.414455701457 -97.4669002006316 -101.620795563013 -98.2106062098069 -87.9417416810402 -83.8699722545717 -81.8381053292573 -76.6482742634258 -65.8136372863386 -67.9244769595856 -58.3887969126475 -55.7302999137739 -49.5358096891936 -40.0746695253728 -41.5531043259208 -40.2586081765613 -32.4857413342914 -27.9194985180635 -26.2948320647764 -23.6650903341182 -21.3365361127341
-212.975947473777 -197.857398605756 -204.940048888826 -223.497771174266 -217.294704683898 -215.51982604462 -208.124377700225 -204.4012762158 -203.908929022895 -192.013416647102 -193.848311842572 -191.193763621448 -181.996861252643 -181.282404350887 -176.40655054263 -172.196626860692 -166.904616442029 -158.288638552504 -155.849477783262 -143.872580266398 -139.276144699261 -135.246276916768 -130.417102931333 -126.856631803334 -126.031063814617 -117.462814376662 -117.415240033556 -99.2714900132769 -104.898798716747 -85.6684680727231 -93.1357855028558 -86.6218659967676 -80.8697931407424 -74.0090907876389 -68.4814274140988 -65.4036272012481 -60.5336691620633 -59.2439271897942 -50.3848670150609 -45.0341678740945 -40.9703866666622 -38.8773906681276 -30.847029394353 -24.2927668844119 -24.5251907590242 -23.0947634027125 -15.9236308442153 -15.1941512709206
-206.57435528895 -210.63853186257 -216.035367603746 -221.246771521595 -214.628908293471 -214.586470660988 -204.713048808132 -205.732537533889 -198.819939608842 -193.40398318107 -193.311379853086 -183.480057881921 -177.312770127047 -169.679464756049 -169.481995132149 -168.911729288961 -168.37705006834 -156.554822561079 -149.428498945786 -144.206909256203 -143.505397584686 -138.610854752027 -131.477656983555 -126.262967351542 -122.321271132343 -113.314941333485 -115.176427106473 -109.025839469911 -93.7130056139522 -92.4501732959334 -86.753660047533 -83.8406276774456 -77.2549750402036 -71.1351767697487 -67.4298771942989 -65.234347394054 -63.5051698729389 -55.498289195701 -47.4449294702165 -39.8796730891541 -37.5139606507748 -30.8608722813517 -28.686451867714 -24.6689515591075 -20.052738349563 -15.6363624679894 -13.3994847367142 -12.9553383438379
-169.793338689778 -194.421897336262 -211.460003702896 -195.556147364775 -204.948402969839 -214.410064236078 -206.193076052659 -187.951778755511 -194.995675807985 -193.43787329959 -184.366655488317 -181.10359113747 -175.270794436569 -169.175067951446 -172.454674377197 -164.975714720204 -162.854508542493 -152.855753474626 -148.505262852817 -144.692797870261 -135.864973310099 -134.00501560588 -127.210570629103 -122.195143603979 -116.843164917457 -116.25095440118 -108.160162296023 -102.320513396826 -93.6955278847669 -87.6090675472419 -82.4467021392211 -80.8609153927058 -72.0936223120275 -68.1082245292061 -61.055113365547 -58.4177763992318 -54.2990189742263 -55.1678844542977 -42.4878245158704 -37.0374525026159 -32.017843983761 -31.7636325197846 -20.7851203438234 -17.5413562040994 -9.74065886584047 -4.09948950459375 -9.88508979220184 1.0326860389615
-193.613084900296 -189.141070286726 -200.877642554162 -210.704962062392 -202.175863960337 -206.273780011514 -193.087698103874 -178.860505180526 -187.126897096526 -186.803095516907 -181.082891990739 -175.798406050362 -178.435635601382 -170.721359784206 -168.328151093393 -159.022703057701 -155.285867611406 -153.726823832056 -144.120524240418 -136.97167501481 -129.486933129675 -126.415251531498 -125.632391698424 -118.846011060691 -114.905266848559 -111.794418391131 -104.099255897337 -98.4735844963033 -88.7289832541368 -81.5994884318614 -80.5430332496322 -75.6926254462067 -71.1944472612066 -68.0111414563336 -54.0038306600269 -52.7345793970299 -49.333382262809 -43.1506539001008 -38.3986657402028 -30.7412286777006 -29.2099426389279 -26.2640203519175 -21.9494397467691 -12.2638345366264 -5.75136726583713 -1.955392306493 -1.79149193983122 4.94117186029581
-124.489307159909 -203.011971548688 -199.544271337872 -207.57926661083 -206.2194117394 -202.026724140076 -193.635646123869 -173.953652730002 -176.095050962385 -187.689443366005 -179.193798459916 -172.761082781481 -172.912990442419 -169.460296369177 -165.555612083891 -155.103689132891 -154.192500393951 -144.897835038368 -142.167253185823 -136.173556131762 -129.511611458934 -124.812612000988 -118.039609013259 -116.022669877142 -108.860285115265 -104.238050671306 -105.150431318219 -97.5911608956064 -87.6279318094588 -77.2676911677933 -69.0726934612294 -69.118430067444 -71.835987395916 -64.648956587 -51.5759658183953 -50.5354612244083 -46.3566079877425 -40.0597223032291 -36.7633674730192 -31.2431774536927 -28.0023789746197 -20.0213535981871 -18.6366437398457 -10.1153579326487 -1.72623035401502 7.53032536836118 6.68189210441793 14.5932236065314
