wc0.5/PCA/Component-6.asc
NCOLS 267 
NROWS 470 
XLLCORNER 79.65 
YLLCORNER 5.91666666666689 
CELLSIZE 0.00833333333332575 
NODATA_value -9999 
[rows 168 to 188 of 470, columns 47 to 93 of 267]
-88.4437281450602 -88.536704137304 -89.8400139610666 -90.8645441075106 -88.2712295708921 -89.5674830103961 -90.4579274425285 -89.8355394318574 -93.3589901563111 -95.6160479302115 -94.1797972069537 -94.0186544305326 -95.8193634430495 -95.7874671319244 -94.2345173059229 -96.9600553130926 -94.4466384851471 -97.0827873345957 -94.9808392373933 -95.4145661123288 -98.7049291624143 -98.3567598212609 -98.7290798633485 -100.438763524689 -110.146142448339 -110.136616185406 -100.011612773619 -99.3820204275476 -108.869905536543 -109.502762063295 -112.14311842454 -101.771121835185 -112.977224047625 -102.738423124365 -103.129401063667 -112.369460963943 -115.065122391381 -117.458252715353 -105.193453194 -116.960590076141 -115.305790391877 -115.030356390781 -114.73728001501 -116.120377241877 -116.701022312214 -115.044744164052 -116.20203976751
-86.3872075581398 -88.8169446387254 -89.3022339604712 -89.3849505701584 -90.2581926139722 -90.4129909125859 -88.9909862042668 -90.0597452301151 -92.8361032355603 -93.825428034415 -93.5825649731505 -95.4413137219593 -94.9830611242638 -94.4354743104911 -95.8148372481588 -97.8301828105204 -94.2418985386476 -97.1091771035163 -97.5489481609004 -96.5210674444164 -96.6795003004895 -96.8738270604368 -98.7808274777763 -98.8534073174889 -97.6813372832395 -101.390914677824 -99.2411099359278 -99.3361491447666 -111.312633014752 -113.487157045143 -111.764188656025 -110.502359587433 -113.946039695512 -112.073333953109 -112.893139041573 -116.066802236701 -114.751454359201 -117.915575417213 -114.931271193789 -106.195742668617 -117.772480861961 -117.130735911158 -116.987499425846 -114.587984313004 -105.572262308437 -117.961857343959 -118.005269671295
-88.5068818568472 -87.8251756214534 -90.8926708368883 -90.9809119869714 -89.0121538799586 -92.1105851417924 -91.7262667591867 -91.6975387654884 -94.0968199786717 -93.4424762596485 -95.7725410356077 -93.8100770844909 -93.127615365355 -95.0705534943743 -95.1719015693237 -96.9059358817213 -95.8914716603601 -97.4066549750894 -96.0293280746169 -96.1974347145195 -98.4931333527386 -95.5720544855467 -108.704979441391 -98.480059089655 -98.873556744967 -99.3234663400875 -99.398135734891 -101.220278861609 -109.424984688097 -101.758894146476 -112.496823365312 -110.551303141781 -114.40456957379 -112.680945942263 -111.883457940162 -114.769940828857 -107.691347879864 -113.637694282195 -113.645751989858 -117.380857753667 -116.338652103472 -117.144194523787 -117.431026800482 -116.009084426171 -107.015410346182 -114.819317918236 -117.610546765766
-90.0960454735346 -90.5349562742825 -90.3249786275336 -90.9981777798058 -91.6039616634365 -92.3050578200761 -91.4913015298281 -91.5615251302515 -93.855903858462 -96.3344699894617 -94.6478014140827 -94.6551017690804 -93.5857312893582 -95.2207288435893 -96.3452998432002 -96.9229682810926 -95.8495656036637 -94.1206170695184 -98.3897804141386 -96.4724320906422 -97.3444760494367 -98.7571377984841 -99.22526675875 -100.883185738381 -99.2912371435491 -99.8592287212834 -101.941015101153 -101.150103081083 -99.3375763662408 -111.815142851645 -113.32881489054 -112.735017380319 -102.623309424607 -104.163347134258 -104.386143545976 -113.906476855714 -105.597134030927 -115.83746048541 -118.676102430012 -115.838169819692 -118.099218279661 -116.469571028713 -117.51251078234 -116.848104353716 -118.057447894728 -115.817677546337 -113.975867700771
-91.4753081115286 -90.5946403665939 -91.709623578867 -92.5356064362375 -90.1711157171887 -89.7827951316992 -89.4671868337003 -89.8826456612819 -94.0994531137961 -94.4568069257367 -91.3645909304766 -93.2681498234743 -90.9086537350579 -96.8030025725215 -94.4042440228994 -96.4432501219076 -93.5768202771392 -93.8899975892939 -96.0988380942162 -97.7698087522478 -96.4359773921594 -96.6620153956675 -98.5448789207958 -98.1825460288464 -98.0322993468238 -97.3980249482958 -96.9793989468311 -100.149468001099 -99.5182036133908 -110.353765161437 -115.076770799516 -102.329114423598 -103.68536705094 -113.071016861707 -117.445412726794 -107.533706846741 -102.898073680777 -106.69046848606 -103.854905623351 -117.539330951205 -107.279676387231 -114.68850784683 -115.927179226761 -116.376216707093 -119.058840034498 -115.175696198844 -113.005341742279
-91.5244044822389 -89.3797643534782 -91.8541204913427 -88.713695206459 -91.2309774704935 -91.1532664022356 -89.9236423755307 -90.5537074540448 -90.6847064290496 -91.9448745272424 -95.0803217357802 -91.671110861236 -93.1854302053348 -93.6151253486662 -94.7106070689703 -93.6299196393584 -92.6780763880667 -96.1147711138983 -96.8018026090883 -96.0756684675972 -97.0558259690522 -96.433758735001 -98.1488086651105 -98.9345771836373 -98.8211677173317 -97.7189489037159 -98.6974722943786 -102.08391771209 -100.318588257868 -110.261885850854 -110.057121745656 -113.50159915299 -103.626529372951 -116.600487444831 -118.89283769489 -114.480648231338 -108.643130538283 -118.903449203501 -114.548072160726 -115.548463014524 -114.980294962372 -117.285663359198 -115.229771826897 -117.513282468839 -107.602303416494 -117.457139641181 -119.235997272725
-89.8493444182831 -87.6524718087637 -89.7006854434426 -91.2308434912626 -88.9124768753633 -88.0411001972433 -90.1365184856401 -92.8292512964933 -91.5749018752583 -92.7709945566482 -94.4637153540817 -91.943127207082 -92.3238507049544 -93.0295994619729 -92.814032449981 -107.549351869381 -96.2269363612331 -94.7460711535308 -97.75894980574 -98.1118563435161 -96.0709033241894 -97.0642453158779 -99.2578445608193 -99.348918126179 -98.732661440594 -102.347704373378 -98.8330171079737 -100.146613066514 -101.860563844268 -102.107927647535 -111.310656638243 -104.561262835517 -114.522428023221 -114.399285574663 -113.341444354049 -114.981112269974 -116.121129711375 -105.503968054115 -117.766717124634 -118.289211362174 -117.859427320603 -115.788706316475 -117.99002010793 -118.666569599123 -118.087292776947 -116.557917901733 -115.534376294269
-86.6201788785429 -89.0706295638042 -87.1248292743676 -88.8647383599757 -87.4113029074687 -90.1711918655815 -87.444709137776 -92.9046102017965 -91.2191768663777 -92.263640295029 -91.3415316362734 -93.2567562564353 -92.9238838982402 -95.3736587245678 -93.1859174506985 -93.4292020232342 -92.8920086389741 -107.129884956714 -93.8483282295121 -99.2726818927149 -95.1115783027028 -97.9688068886377 -99.2305048671003 -100.260303483461 -112.895575100078 -102.402597259592 -100.124803373773 -101.119748395952 -101.488365620645 -103.226619590059 -103.977472115169 -115.780147048909 -116.098016243318 -105.596481577508 -116.282821623243 -107.775357910359 -116.74052497268 -106.219749029172 -117.865703202311 -107.007570813758 -117.275018451869 -118.919033610939 -118.350746731405 -116.609810229534 -120.215194555508 -119.983548918222 -117.730848379374
-87.2675097498913 -85.318665386598 -86.8754224384387 -87.0850970529358 -89.3624610809142 -86.4011077480012 -90.0881446289899 -90.3024150015846 -89.6055762775866 -88.9337325377694 -92.6883041464958 -92.0542289488377 -91.1051163606755 -92.9973859326659 -93.0219518646578 -94.401330484592 -108.793388442974 -95.9700247032281 -94.7427706719699 -95.0510412843355 -98.557698073867 -98.503862282728 -98.3201337148312 -99.5466647526288 -102.076677509895 -99.9120486050621 -100.893958879429 -113.014156676152 -101.684441808857 -101.911158917107 -100.937368018842 -103.892914176452 -105.206744081648 -116.530462609608 -117.943774704314 -107.601987130013 -106.357705199206 -105.743630233833 -106.807211463386 -118.318901112815 -119.404939974528 -117.645606230075 -119.365971031736 -120.081859123072 -119.417689750525 -115.875274408475 -119.296175208765
-84.6516174867551 -89.31967111737 -90.9856456768505 -86.4317084785022 -85.458266328664 -88.5817452274815 -90.5173287279402 -92.4479699511568 -92.7806805552573 -93.4149531191105 -92.6225158283716 -94.1165469530765 -91.3820707869792 -95.6563770120278 -95.8033964810304 -92.5734336208263 -109.394408737051 -96.9054530633729 -93.7666660675389 -99.5708450391848 -98.8222294350156 -97.6101996079201 -98.7487127534085 -101.341795364321 -102.253568771382 -99.7750969360249 -112.882198481718 -113.479103538668 -100.531560510962 -100.430672003237 -102.466318021806 -115.743772113964 -114.864784463282 -116.566204998804 -118.445337053415 -106.949145509405 -117.165166294114 -105.968374207367 -106.624258994224 -117.924578150558 -117.580381718363 -116.63444570411 -118.477439345946 -116.321353542764 -117.035622214878 -118.705270071156 -116.653434331454
-84.1641932119761 -90.7869314971313 -90.3763534690508 -86.2381327227754 -90.0695868921528 -92.301253440497 -93.8584073862697 -91.533244324141 -93.3116082219799 -94.3807574309902 -92.2607529638314 -94.2268344972758 -93.1009312022604 -94.2772610861442 -95.2902267093815 -96.267366167999 -97.4426625182062 -98.8551622288499 -95.9596271414062 -98.8134352926257 -98.3502576054094 -97.6151880559441 -97.0352265523644 -102.156237848638 -100.042566471033 -100.944830124568 -103.025101984926 -112.268287218983 -104.035161099027 -101.322057277077 -100.479850932486 -103.780084212641 -116.523346787925 -116.792002431986 -107.273230807963 -106.466651552746 -107.563427707373 -103.621576910753 -105.818510042578 -120.49317690336 -118.333634034783 -119.894138773069 -116.668700353582 -117.451502905025 -116.896225961895 -118.368557100244 -115.331179857288
-86.2394563335571 -85.6381571132178 -90.0416837443535 -88.8002129385662 -87.8823820937749 -88.474593251846 -92.2780808571013 -91.7114095505277 -93.1699407317356 -93.5990807511329 -94.0786048115164 -93.874598279435 -94.8818124069971 -94.9514672005628 -94.1149435186096 -93.618702674364 -97.7204589912619 -96.9941442743748 -94.9956365171672 -99.8219082459994 -96.2526884858837 -97.3220913000164 -99.2000441100002 -103.343131114449 -103.410560802101 -99.5609193479079 -114.875385333987 -101.651234332278 -104.314428618117 -99.363367004901 -101.892318402623 -115.05008107759 -102.81088848416 -103.979401126188 -118.449135174613 -116.13147599833 -115.514899933433 -108.36477950259 -105.540948941761 -105.661470403352 -118.091827554632 -118.847141915261 -119.925448240099 -117.267892932935 -119.018541726772 -118.564488368518 -120.0841283247
-86.9732324534228 -86.7847297333082 -85.1623849750822 -90.8342895344153 -86.7494926464502 -91.6560274084564 -92.1534874288696 -93.7355628340876 -92.7869889569691 -91.2671135756891 -91.368900877467 -92.5767566681143 -92.8998815986018 -92.7930351626012 -94.8297281688231 -94.5133785230453 -94.9555087930326 -95.0080725259215 -96.3898357878944 -98.3597064595 -95.3305212436473 -94.9206551388729 -99.2075846489157 -100.192550635828 -99.89576833379 -98.9523565999295 -104.36923362358 -103.814418369104 -103.554354094376 -101.597873442531 -102.830462329252 -101.40539450369 -103.80971290036 -105.624104492733 -118.309046461111 -107.27241356107 -118.187784559502 -105.911204778252 -107.961552549863 -105.806933585102 -105.868711784082 -119.300175111404 -118.842476917661 -118.691084761632 -116.712331738671 -117.823653983722 -117.968251608244
-89.2499919964359 -87.3683498685243 -86.2110383083345 -86.420296068171 -91.2347102711798 -88.9054225841761 -93.4670830829936 -89.6795500081242 -90.9373843185874 -90.9306320654384 -92.6450876000627 -92.6662765102891 -89.8195291494952 -92.6537701511975 -94.4501678365795 -94.5748726188484 -95.5698177429348 -95.0522565247203 -95.8809613837523 -96.2156124822883 -96.2855254152638 -96.3840475271957 -97.7832056781439 -96.6933299255914 -98.3645343858773 -99.2852390361536 -99.6254644556456 -102.911391524497 -102.136470526112 -103.999255190633 -98.2037814960644 -103.781825421512 -102.004607519512 -103.769123811163 -116.682088817486 -117.128247900325 -105.336851524598 -105.353161186014 -105.375589875471 -105.079682174625 -118.448924223834 -118.550738465857 -118.862154935011 -117.142517508642 -117.993952964468 -119.791782056865 -117.423655372514
-85.0442888468061 -90.4211883518912 -87.2306905680962 -86.5952816336126 -91.1226431850184 -89.0696439587995 -88.92821777459 -89.7059451271594 -90.3519277198921 -90.4027611832163 -90.2372456762403 -90.3848036587806 -91.1098811248221 -90.5550065020889 -92.0969394025556 -93.2227983560268 -93.4036976225196 -96.2530438497954 -95.3035702310543 -95.7548249141906 -94.7471772863832 -95.405375199195 -99.1236182574312 -100.561507741612 -100.411297771085 -95.5523938990094 -112.972195083225 -114.660739041126 -99.5831088713332 -102.369032956507 -101.110383017305 -102.05110826768 -102.384244830176 -116.675729357894 -115.495854245056 -116.316705777207 -117.263599324347 -106.599731550907 -106.59012129303 -106.838378647169 -106.670355379456 -118.773240226577 -115.262104952885 -116.39095475219 -117.389073256127 -118.996748745724 -119.470608481078
-87.2500061419014 -90.017887981012 -86.7982558617782 -88.2206420398877 -88.41967922509 -86.7506703766604 -87.9884500016671 -90.5264891090454 -91.1263259322104 -89.7103476846552 -89.9266550841298 -89.103380345991 -92.5499965010159 -91.0195503850163 -92.0855861859712 -91.9014860653621 -93.7794650401612 -93.8549085559935 -93.5324840245799 -94.4887448738198 -98.4925888788319 -96.0969691408007 -95.9313116997551 -96.2515992387005 -110.943398974102 -96.5975046705037 -97.7331653531093 -97.3079278480535 -99.8221238655976 -98.863516334125 -99.4258054160045 -98.8991728505032 -103.519860165942 -103.8367358004 -106.311847883302 -115.42219816298 -116.838831092283 -106.611585344269 -103.924597297669 -105.301804311216 -106.570700455654 -117.938276195557 -116.674681486932 -115.942323615799 -119.319236734485 -118.104596905947 -120.062602106628
-84.549779942714 -88.6357956732618 -85.4916663575493 -89.0258333917162 -86.5885535942356 -90.0432336124165 -89.4585883983548 -88.6224394744584 -90.7714422775678 -89.8067521719568 -88.8298676856336 -89.007318555925 -90.6057511065378 -91.3321093002782 -91.3932254301424 -91.8763757002039 -92.7417252107741 -94.3042617289159 -92.5903307204859 -94.7891994804473 -93.6994706783505 -93.9318531596659 -95.0281359271709 -98.0618668523624 -110.481951428849 -95.6636403784967 -96.0654535668008 -97.2660217913571 -99.1416913069437 -100.918374807473 -97.7213215039132 -99.2968222392679 -101.270937126037 -102.931252351445 -105.888927602296 -114.454594528462 -103.337121487583 -104.116013650591 -106.272519984332 -106.079052686404 -105.993767605148 -106.157581409319 -117.48018089253 -115.546192008613 -117.062213981437 -119.778626151617 -119.189283402627
-85.8139283637367 -85.3451998906559 -89.4045953798626 -89.4471382317 -86.0500329827901 -89.5720994084258 -86.9596278790174 -90.7901026154295 -86.1877090723131 -90.1948041068448 -90.697831851861 -90.8342004664849 -89.4203278536215 -89.9574023246002 -92.8701886187265 -92.1129629885138 -91.5056617966274 -93.9925555234272 -93.8433170090778 -96.0840512325739 -96.7233435913547 -94.4137014127115 -96.0577297394025 -98.4911334892915 -95.5493196839482 -96.2058618081926 -109.831267133081 -109.050952801669 -99.5000028178482 -99.2500589429799 -97.0284541785093 -99.2846484143911 -100.784460328839 -101.015943068532 -102.806153347947 -102.980253173787 -103.501361265012 -102.569205148377 -105.688230918805 -106.671505262236 -105.362294314745 -105.929980209316 -117.477574543081 -118.221191271907 -115.595174576576 -115.046797763655 -119.426516945402
-85.7100063737863 -85.171640495699 -89.2703739714493 -86.6978355902067 -84.3124551108143 -85.6902730802621 -89.1785742909326 -90.4015531931928 -88.9277562237285 -86.947713311262 -90.1070213365914 -88.4442232491906 -90.1713533073606 -89.7203800707932 -91.1062528598485 -92.6085630327841 -94.4350340468139 -94.6022772706097 -94.0697985024723 -94.6329855433776 -93.3895903155915 -97.3089136522822 -95.6495326409388 -96.7276573020979 -97.1424317372193 -108.384413184703 -99.5061016746048 -109.854605066644 -100.636031483021 -98.206988647524 -99.6665846044513 -98.2642819033337 -102.578051290124 -101.17250439284 -113.616580164828 -115.610991778491 -105.039480178251 -106.312199365171 -102.674002652733 -106.10886241946 -103.871058560539 -104.459009629027 -105.053397546738 -106.016484022942 -117.442009725232 -103.779228417738 -118.726360564608
-83.8331884884649 -84.639033717461 -89.1422084893616 -88.8563330397229 -87.3621839079891 -89.1797615974537 -87.7152057779832 -88.7954979193155 -88.2322403283615 -90.9673543170864 -90.5816263013221 -89.5938754071686 -90.0832762523188 -90.0283578727767 -90.9623541234768 -92.1623122748927 -92.7346184319355 -93.793476750962 -94.0107156514173 -93.032182027289 -93.2077130041412 -97.4718177804849 -95.0963827221711 -95.7607057348186 -97.8183598582495 -99.1458139873631 -99.8907687168409 -110.753206647756 -97.8276977987684 -98.1273213531247 -101.351057195024 -100.584049524664 -97.5888500238902 -103.355937990013 -101.556488506864 -101.35978060126 -103.388881740602 -106.178043813826 -105.323975471576 -106.069030699212 -105.598384912882 -102.732529863772 -103.442628275122 -105.371740551404 -115.964992312501 -114.300543668293 -114.324601384177
-85.6597666266855 -88.2622501633075 -85.4508987908985 -87.8129849133093 -85.1473135401862 -85.9381525495006 -86.6128748563499 -87.6518764762428 -90.4309422489692 -88.8740467400506 -89.1367740775391 -90.3691914319992 -89.4575602984367 -89.1443125611766 -91.1653527159369 -91.7537236113943 -93.6383125545631 -93.4959066170108 -93.3392885661376 -94.3414143809826 -93.3513488182389 -95.0589683569276 -93.5180579995332 -96.1771598573704 -96.4998497567157 -96.7095795821674 -97.1222293576719 -99.4543083243968 -99.4533264500341 -99.4398279515255 -101.1585718409 -101.75682053573 -98.7507130458664 -98.3788373323104 -104.701995917224 -101.452305947212 -101.996239951719 -101.958651425198 -103.965301964809 -104.998398958056 -103.436679157335 -105.457557456808 -103.676457885133 -104.533118311025 -115.112121910798 -106.392152493625 -113.712182155995
