wc0.5/PCA/Component-16.asc
NCOLS 267 
NROWS 470 
XLLCORNER 79.65 
YLLCORNER 5.91666666666689 
CELLSIZE 0.00833333333332575 
NODATA_value -9999 
[rows 147 to 167 of 470, columns 94 to 140 of 267]
-12.0636579626993 -11.0445657623698 -11.4956205496865 -11.8413771564808 -11.3501678017937 -11.7880156524751 -12.175151250439 -12.2087910211138 -11.9245334356617 -11.7607420093639 -12.165871298598 -12.2704645453188 -12.0345819054081 -12.1635320698574 -12.3473470199815 -11.9677048322392 -13.0869863663668 -12.450185695309 -12.8951953155873 -12.228818817864 -12.3559254060786 -12.4561830159997 -13.2567410555102 -13.1805995898061 -12.8438483225369 -13.0127052204712 -13.1028239627749 -12.4988233710546 -13.0057495741999 -13.8360352695726 -13.3131511894474 -13.1668734421048 -13.3204976455248 -13.0238369358478 -13.5809467226186 -13.4726995447083 -13.4291142212999 -13.6441363531218 -13.8728238810911 -13.8204652555199 -14.0371252327627 -14.1220923654649 -14.3488887445609 -14.750961767882 -14.0735074698979 -14.6235428300115 -15.2322640315714
-11.6420367378354 -11.2065735766668 -11.1921713949272 -11.6744483188982 -12.060971898867 -12.3024967757513 -12.2920743561158 -12.1755370324692 -11.5256609182981 -11.586872246805 -12.2709350943398 -12.4193907735138 -11.7095696919845 -12.4656389051631 -12.0313592223106 -12.3720801217538 -11.9214379992384 -11.5924669869304 -12.5098455215502 -12.2656889120906 -12.9510063238113 -12.173220461081 -13.1798745482948 -12.7482296472202 -12.1493545077474 -12.9380089733454 -13.6327294033033 -13.0689165262973 -12.9513339800472 -13.2181238829338 -13.7717897135474 -13.4777202511721 -13.4315138293074 -13.2245849070721 -13.1513009195558 -13.4662169725933 -13.1135905843192 -14.1694251132552 -14.2835344886033 -14.3902350283066 -14.1068981822334 -13.8358916861986 -14.6604860110602 -15.4282824852347 -14.4222925354726 -14.8660304043486 -15.1669571400861
-11.3653259274047 -10.9699518212902 -11.3551439833486 -12.2392494907465 -12.3799337953655 -12.2919691497401 -12.01865339819 -11.8077395224156 -10.8554812868562 -11.7147065103269 -11.6724350473618 -11.5917756674989 -11.7399683875892 -12.7860088412475 -12.7008290502104 -12.3141086874792 -11.6155419616125 -11.8825854501689 -12.1612511538506 -12.1993994262815 -12.8730093164323 -12.9363146975198 -12.4275136358201 -12.8174804658609 -12.3300080400364 -12.5598296951441 -13.7566448678462 -12.8348967574459 -13.1706977854412 -13.4252492288762 -13.8681187911835 -13.0285320553505 -13.2278501004146 -13.2393770641461 -13.2729347347233 -13.4171065880551 -14.0276732655215 -13.6680943576969 -14.1328552251261 -13.408017007087 -14.392016854872 -14.3166526636861 -14.3487246695708 -15.4257375988098 -14.7933893430512 -14.9358688536741 -13.8201276706856
-12.0297435826945 -12.1292576050766 -10.6014086592993 -11.1919687933129 -12.3267826625349 -11.9350956646061 -11.6182270769235 -11.5110477928229 -11.874302415103 -10.9796498701643 -12.0299595791058 -12.408523269592 -12.71182765091 -11.6292441736946 -12.262355992822 -12.6224796019743 -11.9193918882053 -11.9754843239211 -12.8131390055974 -12.56165188994 -12.1728826868921 -13.2929153028403 -12.2844897246956 -12.8434961738165 -12.8005452698137 -13.4587321844037 -12.8850194146277 -12.681380542579 -12.9481118952664 -13.2556490135083 -13.7723085233298 -13.2906999595386 -13.322651237359 -13.4234431678901 -13.9083986468777 -13.9084492632097 -14.2819162898565 -14.1841304008506 -14.3298481465712 -14.748752562501 -13.8154035414683 -14.360672281866 -14.0725741997031 -14.1565073288313 -14.8377827964213 -13.6796764229669 -15.1532100418969
-12.0896795163164 -12.0541684652831 -11.8807021700866 -12.5136295450287 -11.4134486534614 -11.3921224000662 -10.9793457155927 -12.119430138839 -12.0462822411759 -11.105650717528 -11.9317858827319 -12.3975777093028 -11.8193441788771 -11.5939164794683 -12.3898801311844 -12.3250297409972 -12.0065601660736 -12.7598678723217 -12.7361821462491 -13.0986004066203 -13.2321589149388 -12.772579300341 -12.8438213626124 -12.2031873666477 -12.8534694776236 -13.1882633680237 -12.8521064036938 -13.8172750300283 -12.807455728764 -13.9804893182685 -13.6870722737938 -13.5315029316016 -13.3223898670392 -13.4893324010518 -13.1626839280816 -13.5640686306899 -13.4809747610597 -14.3290516027326 -13.8098580933386 -13.406679618923 -14.6395349587073 -14.6566022792252 -13.5440878154015 -14.6450433093175 -14.4146570507742 -14.5855037529166 -14.5746416126134
-11.9656816108406 -12.0291507397579 -11.5969252135708 -11.879786919592 -11.2514749921698 -11.3388181803045 -12.0620384456427 -12.033717058822 -11.8204970192849 -11.0010121447773 -11.4507316203655 -12.9529140983689 -11.0744243389378 -11.9127552754509 -11.7320265868799 -12.3249113753322 -12.6100475938476 -12.4228118178316 -12.6531605422966 -12.579862896363 -12.7820151863372 -13.2270789866478 -12.9792028379123 -12.1397796577813 -12.8431413992606 -13.1459291493899 -13.5055492198019 -12.7750095910507 -13.0426819555338 -13.0405176923033 -13.9803601488845 -12.8750695587848 -12.8501981867617 -13.6385905696346 -13.3326134321349 -13.5643508843986 -13.4898088873005 -13.7432769676411 -13.8372996641542 -13.836232101434 -14.2190183497244 -13.9551610908819 -14.1151289987782 -14.3437918517982 -14.968155413471 -14.3303552052579 -14.3842506242589
-11.3000200377356 -11.1400194824881 -11.3632471779956 -11.8785866793668 -11.3897308854739 -11.1648637491983 -11.3651094337367 -11.365032498826 -11.364737085828 -11.8202151886373 -12.6526266046232 -11.9555155433292 -11.1494101568946 -12.2131284511765 -11.5920287138613 -12.239857988525 -12.2266012245923 -12.2287555713134 -13.2473980164596 -12.9080778050362 -13.072503980126 -12.4063492989289 -12.7459787379128 -12.5431700740233 -12.79031729691 -12.6944861430611 -13.1570707092829 -12.9228495067823 -12.4384445987661 -13.1059635720291 -13.1058243203687 -12.8076881161392 -12.7025000611093 -13.7899827069751 -14.1644670316389 -13.3302448812505 -13.6872684095881 -14.4230256619362 -13.6885551062143 -13.3032587077756 -13.9851454661147 -14.2454036523395 -14.3595108688629 -14.1811827362399 -14.8082723357439 -14.2667398194167 -13.8268724363341
-11.4195279518786 -11.6964412892433 -11.2255613134009 -11.5213411385389 -11.1769144486601 -11.9613589738155 -11.7865595228965 -11.3649091876928 -11.3011762900306 -12.6259553163121 -10.9996076874029 -10.9989693194814 -12.3927922674203 -12.2678931516721 -11.985463200287 -11.8791782783246 -11.9441448935481 -12.4080177392435 -11.9940225309399 -12.9175976422016 -12.7094488138873 -12.4162552653108 -12.7631000527825 -12.954002087506 -13.1093043294148 -12.6942425817238 -13.4966419442121 -13.5310587460757 -12.7211924714465 -13.2479824649328 -13.0949472052019 -13.3912851629438 -13.3910945735089 -13.7898744235864 -14.1369646569345 -13.6348224775051 -13.7418742311756 -14.6011452448675 -13.9207159119652 -13.3121029162929 -14.3036311022721 -14.6292922512277 -14.2485637709843 -14.9206367286111 -14.5459802435317 -15.2334916976692 -14.4453886951455
-11.770482594794 -11.3928211396032 -11.2254058708994 -11.3727799712883 -11.5948309890525 -10.9839409686092 -11.5203010725783 -11.3645533718615 -11.2996736315439 -11.9366579946837 -11.1492740277084 -12.6250121769198 -12.2560087214774 -12.1932147135287 -12.2147441278915 -11.8803644565668 -12.2699622064477 -12.0467897769652 -11.9568067017277 -11.8034154789211 -12.0691251552731 -12.1223536230287 -12.0792258433319 -12.8505691260678 -13.098633994524 -12.8094938308627 -12.2220781164626 -13.0153245265385 -13.0200904196257 -13.0211792994493 -13.3331020059785 -13.9575086051278 -12.700054727998 -13.6345715777653 -14.2126041071199 -13.3912795581891 -13.518927010748 -13.7825721005052 -13.7823076531725 -14.142930842872 -14.1799731191 -14.0669591017207 -14.3145371163161 -14.1261563454164 -14.2432696052913 -14.429351338571 -14.2649225828456
-11.563947828348 -11.32949736855 -11.315721954188 -10.9895515794978 -11.3763479632982 -11.2267807158363 -11.6053772299198 -11.4994661726019 -11.350078710856 -12.4245795726178 -11.2916441989086 -11.5041900600171 -11.7296588819122 -12.140248552477 -12.4237620521068 -12.2146459069712 -12.1954635540203 -12.6865971368933 -12.7816984488687 -11.9739459543024 -12.0584993281496 -12.091337327484 -12.7356424816205 -12.9650025566608 -13.1336396198221 -13.0082188332042 -12.6630976348492 -12.3820971566737 -12.7219131160369 -13.1167146376797 -14.0208716747606 -12.7000756139934 -13.449441361688 -13.4454212157943 -13.5236468883851 -13.3216562527519 -13.5392318508354 -13.7790735654399 -13.619369586287 -14.3204481885917 -14.0655627843639 -13.9952010789616 -14.6105960394771 -14.5233346638497 -14.7125050003711 -14.7767547938994 -14.9181796996695
-11.2757452684236 -11.2552870810023 -11.2518467733136 -11.0569477771596 -11.573880160579 -11.4717414183305 -11.6185778952676 -11.9977980488634 -11.5732953075961 -11.8305948276325 -11.7338328178884 -11.7342922489704 -12.0229151127499 -12.3412731715248 -12.58152172897 -12.6255096014144 -12.6444237085282 -11.3783594396252 -11.3144019527046 -12.0585653278751 -12.1334851461065 -12.3743915956979 -12.9695783102976 -13.219198293 -13.1341089763692 -13.5023905749393 -12.2868004848547 -12.3797641873331 -13.0883615317135 -12.8939377266545 -13.4467275345071 -13.1527819657768 -13.3226320624564 -13.4706728513821 -13.4384911062445 -14.0993378751714 -13.4974257412303 -13.6836758837755 -13.6113962932873 -13.9386986117914 -13.8684773281089 -14.6004365222081 -14.1808878691859 -13.6643111826004 -14.1891680221487 -14.4299878354309 -14.2656228553269
-11.1236635659972 -10.9728534015948 -11.4934489190063 -11.4150615746226 -11.2064185020997 -11.1063428644451 -11.3994344723079 -11.6825489216838 -11.9020041017432 -12.3685831777266 -12.189547626166 -11.4725772136146 -11.9387457800274 -12.1408072203338 -11.8601509090002 -12.4531032285491 -12.1959406372733 -12.7571538470884 -11.1229731695289 -12.3339167771709 -12.1975913627721 -12.3959072262461 -12.2547972884949 -13.2086362414979 -12.0952255102778 -13.0427350517006 -12.9660426140319 -12.3054894257684 -13.225270894279 -13.0147572414244 -13.3616443719022 -13.2910795856104 -13.4069437954974 -13.3753567543214 -13.7033866105996 -12.9732025024361 -13.6926808176546 -13.9472609892041 -14.0899479908783 -14.2037787495753 -14.065978447566 -14.7596609701047 -13.5127555851734 -14.0783241674447 -14.4395194881966 -14.8189683225682 -14.5515208417905
-10.4832322148828 -10.9735250025333 -11.4929864085503 -11.6936011312972 -11.4628714038707 -11.4640244849831 -11.4745363003594 -11.670741826414 -11.3593716257871 -12.3905632230779 -12.183700373957 -12.2472283399904 -12.0663236117348 -12.1404185677756 -12.1090348388608 -12.7163710147081 -12.1801124215111 -12.383917674481 -11.2611946373421 -12.3444003210823 -12.0936446088441 -12.2929386945023 -12.2229049596755 -12.8207594848765 -13.0826413785627 -12.818501734909 -12.4756471730347 -12.6776723555312 -12.9712804544632 -13.3597931940583 -13.1898700795841 -13.2445449377285 -12.8103658119859 -12.9842632196572 -13.5371507591332 -13.6074054468325 -13.8874585261116 -13.8619412705254 -14.0662606300258 -13.3906892773703 -13.920029715301 -14.6862230343073 -14.5343991267369 -14.5239174673647 -14.522418234133 -14.2444122126008 -15.0518750924874
-10.5778092975128 -11.5162118355311 -10.8259054865497 -10.9722916113611 -11.4640944146303 -11.6930834231634 -11.4885947404296 -11.9294189530568 -11.8526655011965 -11.7995750669743 -11.8287960751991 -12.2457250313253 -12.0542734776152 -11.9913767551534 -12.0741339117733 -12.1807971817389 -12.545954974135 -12.3836563041613 -12.3338711223909 -12.3340033233267 -12.0942001996879 -12.1170204490648 -12.4331559056628 -12.3048710762497 -12.9634981213925 -13.0980262537695 -12.9422018638613 -13.0487322060468 -13.4557500376577 -13.4769962593212 -13.5725779840127 -12.8897546809847 -13.8084764730713 -14.09384706474 -13.4744259163863 -12.9044282682632 -13.010824505166 -14.0458255471669 -13.4733858544136 -13.3058714561904 -14.1330329859491 -14.6322404077182 -13.9652916552615 -14.1602476724878 -14.4703918396856 -14.7153368283651 -13.7784538680478
-11.6093114453241 -11.1332908179841 -11.3072201390694 -11.3043506228643 -10.8874643864925 -11.4622067628317 -11.4036990902466 -11.3600149552605 -11.8526388024116 -11.863303704719 -11.28863067 -11.5817565255023 -12.2985589167176 -11.8683522808137 -12.3361677106786 -12.3118809653189 -12.0424337169193 -12.3589842128563 -12.0199052959847 -12.64784848721 -12.2594690529345 -12.253685698147 -12.3985347240881 -13.1726011036785 -13.1938206265571 -13.1085960319776 -13.3573265947024 -13.2282934953732 -13.3921006289463 -13.1261445806418 -13.8984308950691 -13.1448383225228 -12.8617829109905 -13.4935518168054 -13.7360965494003 -13.7249895493755 -14.3423099044083 -13.627430332927 -13.9594298823789 -13.3269808272252 -13.467612005904 -14.5686130480986 -14.0436232945152 -14.0922336938004 -14.5661060444493 -14.4399076023873 -13.7110825076787
-10.8613153612049 -11.1921084551752 -11.3037562096087 -11.0111889781621 -10.9726607940381 -11.4628737140771 -11.4624746673835 -11.6175217972376 -12.2107262169944 -12.1721832460568 -11.8633203212275 -11.5821400573361 -12.3809215295716 -11.8150928645944 -12.2621484970747 -11.7284523525857 -11.7993620480833 -11.8074342125196 -12.4300501901089 -12.1385281409478 -12.1209892918144 -12.5479048025191 -12.3990141629116 -12.367564737129 -12.1897265009123 -12.5958531515296 -12.8789236105846 -12.3226978193409 -13.3477821632166 -13.7898531594975 -13.2193018120302 -13.3498567771465 -13.0572548551156 -13.8272676874191 -13.0523182276133 -13.4999664573769 -14.120660214209 -13.7191539339197 -13.6766869712505 -14.1224454442199 -14.1223530558972 -13.9512355200872 -14.4703973871235 -14.5978005340312 -14.3322309229347 -14.4603385348457 -13.9029907296779
-11.1847466111111 -10.9351493725933 -11.1909561799364 -10.6151757821904 -11.7954553943198 -11.5438322948366 -11.7558024005485 -11.6930158037226 -12.1532040210875 -11.6541864983454 -12.1392427100965 -12.1690055428721 -11.6427858750765 -11.8681654898343 -11.3996666673485 -12.3232298975689 -12.3948813786583 -11.4806752645605 -11.4817540621077 -12.3791911853691 -12.1199362963533 -12.3868640219129 -13.5123521646313 -13.2861034496837 -11.8666207027574 -12.9835402922298 -12.8791331720985 -12.7184869599011 -12.3651875070833 -13.0155612651313 -13.5064660186365 -12.7851771385093 -13.1665476100836 -12.9815860573296 -14.1124793907597 -13.5534035325617 -13.9315321720165 -13.9527753364752 -13.7870771295321 -13.3033380898014 -13.784112182285 -14.6965969980369 -14.8239443399433 -14.5130642974551 -14.3213638900443 -14.3321516939014 -13.8855543511436
-11.4400614752534 -11.4215199805931 -10.9992899465944 -10.9340756049454 -11.1154021276654 -11.360135842476 -11.5438118345087 -11.691805481221 -11.4732789762454 -11.0742117723081 -11.8633133159641 -11.7921794419311 -11.590249459018 -11.4341688856541 -12.2192619195844 -11.5282892002841 -12.1570745863275 -11.6220890279334 -12.3023254254964 -12.2132793071779 -12.571085851625 -12.5711364679569 -12.2807315082939 -13.1441211823932 -13.209027503228 -13.3233103438769 -12.6197938973253 -12.7185805113203 -13.2346416537202 -13.1161095527434 -13.1970851624921 -13.5692119617421 -13.4039525599518 -13.5551107417796 -14.1514762568196 -13.5538339277333 -13.2668947948942 -14.8136742299793 -14.1495727022661 -14.2883536037737 -14.3304301600875 -14.5589024875536 -14.8240927771813 -14.195334514756 -14.4666381291262 -14.4522565938725 -14.6101664253363
-11.3207950681746 -11.4216479575032 -10.896744009744 -11.0415808045349 -11.2762250582148 -10.6112850495478 -11.0085897952158 -11.2918481433388 -11.3350594127793 -11.0211588405897 -11.8414121722768 -12.1391982023292 -12.052937946103 -12.1739534374299 -11.6532028525593 -12.329485370223 -12.2270044786003 -12.6261507720249 -12.2172499895974 -12.0646102054691 -12.498898133274 -12.5961116660282 -13.1393851485792 -12.3780513580533 -12.2824935413395 -12.5197332845495 -12.662461181627 -12.2740913071404 -12.7919638092451 -12.4828833826826 -13.4948277467293 -13.7178709039807 -13.0949008208538 -13.1267858823246 -14.3811468545672 -12.9586998002708 -13.4158213188642 -13.6028570009141 -14.0166491155273 -14.2640316758162 -14.2649407699239 -14.0583067887084 -14.4774282599346 -14.0465316137781 -14.1898089288544 -14.4453841711874 -14.1230983888997
-11.2424924305383 -11.2425852014282 -11.6701231808181 -11.3697778468032 -11.2920243793416 -11.3837839785053 -11.0450725178815 -11.2325526840956 -10.6749002429178 -10.7381690198809 -11.8567136273623 -11.948821362048 -12.1252911416118 -11.8316539902043 -12.2270553366193 -12.4344231123365 -12.5833256931062 -12.4688871872011 -12.1645485197923 -12.2268363805633 -12.0863238991406 -12.570501900852 -12.5716843320948 -12.9050379415893 -12.122810448182 -12.3671364355083 -12.8029239938086 -12.5239878695812 -12.4816395485441 -13.3340648827332 -12.8831241912306 -13.754150880174 -13.0928122676414 -13.4809117424597 -14.4346069424978 -13.2995779861338 -12.8952766379924 -13.3509706259712 -13.9740464748951 -13.9845729084324 -14.4510708522089 -13.6276780309109 -14.3705338139786 -14.3267399087485 -14.1900776162965 -14.8045012366402 -14.4484798807227
-10.7927972244608 -11.0110866113456 -11.7436068089586 -11.6617749804914 -11.3681368333548 -10.7644209504839 -10.6751207980153 -11.7962724043242 -11.0678962909383 -10.5580293519062 -11.4949962108569 -11.9309693970401 -11.892136791421 -11.6913171370453 -11.8323859131052 -12.1120524139442 -11.8294119279536 -12.469235601315 -11.6338403371253 -12.3468418767096 -12.3846238480146 -12.7842643291316 -12.2818785883649 -12.0736134436686 -12.9050201326069 -12.5817635164035 -13.2453012663017 -12.9347978706795 -13.0897950944926 -12.6943783718596 -13.0894575266914 -12.5713372916313 -12.9526857141136 -13.4500635081386 -13.5650148285107 -13.0054656759458 -13.0553175561208 -14.398949434253 -14.6173780307953 -14.310597398062 -14.0559077026457 -14.2970076680633 -13.7200552640708 -14.3246315286663 -13.6901819107794 -14.4622817079193 -14.6120519562163
