wc0.5/PCA/Component-4.asc
NCOLS 267 
NROWS 470 
XLLCORNER 79.65 
YLLCORNER 5.91666666666689 
CELLSIZE 0.00833333333332575 
NODATA_value -9999 
[rows 84 to 104 of 470, columns 47 to 93 of 267]
-9999 -9999 -9999 -9999 -9999 -1075.2978012874 -1068.39037604254 -1083.40435775505 -1100.3992564114 -1105.04397323881 -1121.57736260581 -1090.21048300874 -1095.99084278669 -1108.17523834181 -1130.70709399517 -1123.69070545338 -1112.00247617082 -1112.25626699977 -1118.52358891887 -1132.99328754401 -1134.83829022822 -1133.9036575142 -1142.54310982566 -1123.25710630827 -1137.03077470873 -979.052525839543 -1144.13777861351 -1167.76486521861 -1178.29414592498 -990.649475295059 -1017.63454311535 -1018.53376154086 -1191.17061484604 -1185.62180868673 -1197.77916990901 -1214.74599669199 -1214.8148911235 -1037.98627791817 -1200.84273820999 -1203.73359025245 -1184.84395928862 -1204.75196623233 -1202.74949074554 -1069.97886178261 -1210.99643295175 -1067.04448819141 -1074.25372315782
-9999 -9999 -9999 -9999 -1069.65934394027 -1062.16993802557 -1074.66075803206 -1082.45986908048 -1106.05870388224 -1101.28298039006 -1109.21689698885 -1078.80908987601 -1102.56540445488 -1120.2700001227 -1142.64076782395 -1108.21733357987 -1103.67301416293 -1098.93660890307 -1129.00658517511 -1137.27690203024 -1140.36519742753 -1132.18347547331 -1129.68006844839 -1153.35545509584 -986.237978853716 -1160.00896413441 -1150.94134235092 -1161.92012700101 -1161.31359813411 -1188.07849886151 -1177.96470005132 -1018.9102988022 -1181.46128607587 -1186.56477449075 -1192.81191081474 -1201.60244937918 -1181.17895943488 -1054.43299155596 -1032.0812558144 -1013.03922166755 -1038.52923561578 -1048.05489916587 -1073.22676970288 -1077.00647765751 -1067.57217422479 -1054.0652072531 -1073.01936615844
-9999 -9999 -9999 -9999 -1067.24636770282 -1072.61998271277 -1074.47027079265 -1105.302021685 -1100.45828701186 -1094.6847076999 -1105.8322144913 -1093.66320311144 -1112.24112180174 -1126.98279510467 -1122.09814215367 -1095.66637991684 -1096.70864574332 -1107.84912992917 -1141.9460457116 -1121.76517983106 -1118.30728939109 -1126.70543454408 -1125.68787026867 -980.132948656889 -1183.34805749298 -1181.02134137119 -1159.75335866402 -1159.45718677261 -1184.25786574007 -1187.46857295137 -1169.09972568115 -1180.72683074398 -1177.17175171915 -1050.91126796056 -1187.7741282253 -1180.30483592275 -1004.72614138832 -1048.6532021637 -1018.0063432993 -1055.53351104721 -1056.02202519005 -1068.30203505408 -1051.59226950003 -1046.36200713105 -1087.12113796561 -1044.75030072313 -1081.56843508903
-9999 -9999 -9999 -9999 -1059.85673988607 -1071.34223523551 -1073.49444085228 -1090.89929399105 -1100.39651194922 -1104.36042504676 -1087.4659020575 -1111.56204139352 -1116.19422319695 -1108.26612503761 -1104.01634323795 -1095.23685629878 -1096.59291328213 -1120.12629815013 -1141.57836084079 -1141.47015266301 -1112.50485694255 -1112.77855352974 -1150.96045255729 -1152.50171395095 -1180.46404194786 -1163.89596606233 -1158.18858837771 -1148.43600113352 -1181.10754138246 -1170.95006314768 -1179.35648087055 -1170.08997169074 -1038.12562871612 -1197.01921598069 -1045.07446172374 -1172.42269917426 -991.872868347334 -1031.18081696504 -1030.01209716851 -1042.44626423096 -1059.73753912342 -1059.00713218733 -1063.83685948484 -1068.72034394999 -1074.41290746655 -1046.91991639249 -1067.41166604521
-9999 -9999 -9999 -9999 -9999 -1070.51169726859 -1074.6626654318 -1084.08173777269 -1102.14414165665 -1099.84835863414 -1084.77049187944 -1110.68263258843 -1114.34015483243 -1114.8701882426 -1115.11487595459 -1086.23335560767 -1099.91004691767 -1144.21260262568 -1113.68976544926 -1109.54562991781 -1117.93579099594 -1138.22477997878 -1153.52432451282 -1155.51101126056 -1152.6763326889 -1157.43293463388 -1146.50813241354 -1149.2428115193 -1150.60471309138 -1170.10928991187 -1177.59670321979 -1174.24819180929 -1169.01362177074 -1206.9624726296 -1044.77921532146 -1165.89322302407 -1031.71230394083 -1034.98194487911 -1200.75633199205 -1050.32635232164 -1226.371173359 -1063.58972673797 -1217.22911914547 -1212.91488371687 -1063.66593226629 -1232.41777992504 -1242.95615066028
-9999 -9999 -9999 -9999 -1046.00386401774 -1056.79808475721 -1074.5482631656 -1116.02141121546 -1099.24551543317 -1090.80745357823 -1115.67773409072 -1110.07667490239 -1132.26325664388 -1132.79941070791 -1085.48793713273 -1104.86441566963 -1131.34421105356 -1126.07640500312 -1093.28461081483 -1127.85214932198 -1131.80846181685 -975.937404741934 -1131.23390215887 -1142.11782917289 -1162.51715614786 -1159.79454273266 -1152.6289017786 -1148.34198128978 -1001.89103591927 -1161.45670185938 -998.174415795523 -1179.18749243742 -1180.46553245086 -1009.46677903753 -1016.42679779894 -1154.26076593201 -1191.02064153689 -1198.95565887178 -1204.85875736829 -1202.25220298451 -1053.94645060809 -1217.7537179309 -1056.41927765753 -1063.51150716406 -1230.65295462174 -1076.42118433532 -1235.4650366083
-9999 -9999 -9999 -9999 -1049.4889026416 -1057.4394138016 -1089.15168771854 -1108.31701724854 -1085.93677730858 -1093.78114236216 -1116.23980945761 -1092.21619553971 -1114.20212065329 -1115.11454266832 -1107.45156836989 -1128.03128875875 -1123.77407759166 -1117.96262073875 -1120.2700820992 -1102.40206688052 -1129.92071039229 -1128.22389256203 -1160.27685143452 -1156.18411044957 -1157.57452460622 -1140.95950351711 -1130.35511087544 -983.433623371448 -975.431937929579 -996.448083422595 -1185.97780245939 -1201.96378487426 -1180.03696493345 -1012.94658756407 -1011.90036663963 -1037.12116120552 -1174.68275844913 -1193.05536222294 -1208.2994708409 -1052.90363952493 -1035.05332757311 -1045.41477646565 -1065.97074778462 -1086.12848395874 -1230.53877487729 -1234.32036478132 -1064.22891355402
-9999 -9999 -9999 -1038.95723506597 -1043.70407348949 -1068.00260946566 -1097.65702141502 -1094.91886178926 -1096.56518806047 -1096.687977345 -1103.78421770441 -1110.85905119959 -1117.82930522989 -1076.56161100723 -1116.42583813453 -1117.32985310407 -1109.9698744323 -1117.88061843469 -1109.12962944898 -1122.84081048247 -1156.10113653054 -1153.43857030038 -1143.29640073142 -1150.53941325492 -1138.65717610564 -1154.93034608325 -1151.12591836142 -972.67463213069 -1161.17500807821 -1182.67610873609 -1007.51413504646 -1007.8472714861 -1029.06725188403 -1047.86131963818 -1041.94199688787 -1199.46977716389 -1195.03804522477 -1237.80677385178 -1200.79404070149 -1048.29799013177 -1036.23049691327 -1049.29656728979 -1069.10387413035 -1067.1535752407 -1066.1320699213 -1069.4333899776 -1071.89867448427
-9999 -9999 -9999 -1039.65018881448 -1054.41429002051 -1075.67168171219 -1085.17014044938 -1076.91935260774 -1091.95012156215 -1094.92166232013 -1103.70941104808 -1105.6775015551 -1102.99435876144 -1087.97999808602 -1107.87856580646 -1126.51475980653 -1117.33260366814 -1112.18650007763 -1135.43237793458 -1134.38938047099 -1128.33919851526 -1154.85982019235 -1127.68174160033 -1151.1331506118 -1151.79018020547 -986.792084193096 -1157.51224526761 -1151.85105007113 -1163.83978882649 -1168.81061735703 -1175.07422552589 -1167.49440158066 -1162.86275394286 -1164.37496071022 -1178.79632764364 -1177.4685532504 -1185.31553433628 -1058.47652238849 -1038.93666205705 -1035.34436281241 -1049.02835628568 -1049.79517997529 -1065.56018264283 -1072.47150735321 -1085.19959101156 -1075.6932448096 -1233.01702150146
-9999 -9999 -9999 -1056.42651908565 -1060.36406417956 -1086.21111817206 -1071.76918073822 -1073.13953582564 -1084.51992223947 -1102.14220862227 -1111.59765254556 -1106.47186843497 -1097.92744706359 -1099.63613284128 -1114.40277032342 -1106.79802896007 -1106.85262966016 -1132.76709035827 -1107.67001800449 -1128.8459490652 -1117.94565612167 -1137.9894984424 -1131.03379202582 -1146.18686995486 -985.81207189778 -979.820675131338 -980.610000380917 -1164.76636822291 -1173.65642274847 -1178.64289603129 -1187.45741594779 -1188.05773539961 -1162.9240259528 -1164.36837259707 -1036.77493553252 -1223.04104575135 -1012.75515809951 -1019.7884465981 -1040.03536383725 -1192.39567871248 -1051.09812552065 -1062.64856393244 -1069.32365918408 -1051.27343468108 -1057.79698605423 -1222.724924748 -1247.14140774055
-9999 -9999 -1054.80169180563 -1056.26324598129 -1062.66491584395 -1078.37007880156 -1065.66152527959 -1067.39017200491 -1084.34837240688 -1110.03979272238 -1104.18672282562 -1100.63019260273 -1109.39365934299 -1090.95815350646 -1089.08746408543 -1107.82580430164 -1106.83966175108 -1110.99532921687 -1130.58395745671 -1125.40108305607 -1117.74717197084 -1132.88927220769 -1122.84424324484 -1127.35955544662 -961.992657562016 -1147.28343093045 -1168.18524946277 -1172.18463330393 -1175.98093163438 -1175.46382010216 -1168.73246616805 -1182.49416770639 -1203.20609159162 -1019.74113742568 -1028.96244066067 -1041.09647840602 -1022.27462756119 -1194.47764331177 -1217.34249824535 -1199.82329975079 -1057.22891500372 -1057.86171296599 -1225.91105632579 -1056.76239280598 -1060.9088808671 -1067.92509149599 -1247.00842420911
-9999 -1031.26407170662 -1054.7296177895 -1064.22287425591 -1067.78784077693 -1054.43348130793 -1041.22562784669 -1064.11989177355 -1118.30796436357 -1119.01897068178 -1089.31820212315 -1098.40022489659 -1096.58907191538 -1091.69505102227 -1115.23478123067 -1096.30425228065 -1113.69127406664 -1118.16212555191 -1140.39687723031 -1122.04380410301 -1122.04380410301 -1119.75028680769 -1127.76138408672 -1133.3992549996 -978.104726824976 -1152.91442685256 -1179.83798584303 -1173.86829081883 -1175.15039366746 -1163.37979812839 -1161.58881592535 -1184.8779988229 -1025.3229470374 -1031.0391636216 -1168.18405837045 -1049.01588889893 -1171.34314841917 -1188.00543524445 -1189.53784641975 -1210.44567398334 -1217.27507126934 -1064.83554816049 -1048.68010525484 -1067.98112795786 -1215.43803165942 -1065.11397119197 -1238.17672249049
-9999 -1035.1328750589 -1070.09231424934 -1064.56821313728 -1059.60095404301 -1039.76407367103 -1044.56805966094 -1067.67093949884 -1119.82182133536 -1113.29518488239 -1065.48440651712 -1077.95074339575 -1106.59462542827 -1109.6913197196 -1105.58426417001 -1108.94290138387 -1111.17251646683 -1120.05254423497 -1132.04671739202 -1107.47843203496 -1123.34703032386 -1123.85914924575 -1151.40320906782 -1124.97420097798 -1151.02193984941 -1155.5054804526 -1161.59780846574 -1173.73016937641 -1162.20595738753 -1147.67150776957 -1156.36047466151 -1186.59490913271 -1198.25730898286 -1204.59752156711 -1160.97548889901 -1046.39376675952 -1044.6581934265 -1032.16632055343 -1048.72820630427 -1047.30557351297 -1063.00452736048 -1055.6535201603 -1198.98829260515 -1059.18004387537 -1201.24941260274 -1075.42456871821 -1075.88470921185
-1035.13786712603 -1052.80739790125 -1064.72667974828 -1050.05097041772 -1040.67271302164 -1031.47397082646 -1060.50069302239 -1084.77940790681 -1113.30275986386 -1096.78728444194 -1067.57324994782 -1060.87230570497 -1080.49815469152 -1108.7419238887 -1100.58700120839 -1111.22567355081 -1107.89823521261 -1130.68481581995 -1111.6671729521 -1123.09002124805 -1128.22436343278 -1126.28253035044 -1130.26634343778 -1120.09540833174 -1131.91601601106 -1135.82999916927 -996.081185518649 -1135.62947827296 -987.23441278338 -999.718139811861 -1186.13904406651 -1191.51265907646 -1203.09735733393 -1033.50294979582 -1010.56382588367 -1177.65707519478 -1031.47217669575 -1041.09824529424 -1055.12682790284 -1186.0969826383 -1037.72954473775 -1060.52322097882 -1201.46608631155 -1047.7904511006 -1086.37179732592 -1084.78614406445 -1058.56427464185
-1057.63929983832 -1058.35792347205 -1057.35831917284 -1058.03618375669 -1042.67520011368 -1042.48942417478 -1081.65956150895 -1085.69150065021 -1101.13041329852 -1103.03345554245 -1043.18644523704 -1089.51515432913 -1091.98506480131 -1092.43864942393 -1092.68545264758 -1103.26137276878 -1104.6957235989 -1122.67068415916 -1110.92572272915 -1119.64532448898 -1126.66219531828 -1114.76078515072 -1117.94370154307 -1138.29448654098 -1137.85575242095 -995.953674130779 -988.492675458464 -1000.0574282129 -1000.39542889177 -1179.91123900244 -1172.14373237872 -1193.33030934065 -1179.97266635 -1201.47496737077 -1178.57046726415 -1024.07886259642 -1194.8275276011 -1039.43812664526 -1031.57222791411 -1040.85596410166 -1191.08767725962 -1198.46697598461 -1219.49548717091 -1079.8440604551 -1215.42910104713 -1068.31295300056 -1072.39736362343
-1056.61886106625 -1057.42773290156 -1056.38985748548 -1042.72712599319 -1037.69497311033 -1064.74305093988 -1080.81472543795 -1088.95697399006 -1059.04190174407 -1095.39943140489 -1050.40349391248 -1072.54160474057 -1082.03936045723 -1104.94816760794 -1105.95083782455 -1094.23438167571 -1100.78843672622 -1097.24825210563 -1119.30194420384 -1132.92484072118 -1124.15490419184 -1120.82002315632 -1131.23622226483 -1116.99815153517 -988.446787395119 -977.609951480024 -986.606489829881 -1164.91091708164 -984.056735709652 -1160.85315501105 -1152.49133568155 -1024.35600276562 -1000.77378815863 -1198.27245310056 -1202.92402578999 -1197.66923004805 -1202.18194437139 -1035.389241272 -1036.88902383234 -1026.6598805102 -1195.79299456528 -1202.96981443848 -1080.41901536267 -1074.78853141781 -1047.72522534138 -1043.27373748086 -1059.85700157243
-1054.38562449436 -1055.22610154802 -1044.63550465246 -1037.86855905035 -1048.37303261058 -1072.00933884583 -1083.3870270328 -1091.37875627829 -1089.28568309022 -1093.94069340692 -1086.57751883695 -1068.31247366046 -1091.21283250983 -1099.212209294 -1104.48838498124 -1094.41968045 -1066.32533529722 -1099.7896613023 -1120.94673749225 -1127.40761973318 -1135.66591956589 -1128.99573360061 -1142.72531206813 -1133.59459599043 -975.731610362821 -986.766377030387 -1135.02220615365 -1163.54380092068 -1166.98527590916 -999.428925148835 -1165.88224247427 -1020.14677273374 -1181.68188569128 -1204.30420566976 -1197.29068134444 -1017.96403325612 -1021.70277179805 -1015.48194565816 -1192.01757169746 -1207.26741853202 -1071.02101909429 -1038.05384664036 -1231.1121818474 -1052.48946489526 -1083.07832401324 -1055.53352620902 -1075.39845319477
-1044.77127673615 -1047.26180076599 -1055.21725850519 -1036.43610992583 -1048.44911758378 -1074.57383731129 -1058.76064236049 -1047.81168145863 -1045.91072523974 -1057.44569305138 -1093.09487612168 -1075.82847449184 -1094.45767955301 -1095.97536812156 -1108.58870054952 -1114.15609198262 -1102.57588122236 -1121.0971202543 -1121.09400830577 -1138.72694557384 -1117.68615211412 -1127.4793181542 -1001.70771224023 -961.254243353497 -980.234206752716 -985.496582650195 -1147.33694534702 -1152.01827809685 -1150.03977439048 -1000.09314670739 -1149.70484119932 -1177.16238839102 -1181.96659690268 -1202.84776439569 -1202.42240283316 -1189.99727517751 -1176.53827544512 -1021.31494423444 -1044.62501870933 -1196.74274288324 -1058.30707832183 -1065.72397199613 -1079.63384913492 -1024.33212797928 -1059.96467442693 -1083.41891282044 -1077.50269179416
-1041.48802859571 -1053.85535693311 -1060.39591739581 -1054.42444566168 -1054.31698992872 -1060.50557112828 -1079.14868449894 -1057.6095542436 -1063.26531131999 -1056.65475069433 -1090.81797407651 -1068.39553731497 -1077.4714245965 -1100.06722936782 -1085.2028145514 -1135.50740131028 -1092.8653873563 -1109.82139042356 -1109.68541005751 -1124.20044869545 -1135.13609912132 -1138.96941451393 -1123.23459045274 -1112.40402619283 -1121.47260362816 -1142.65097836476 -1149.15320930527 -991.972540864234 -999.271648288322 -1153.44388784972 -1026.6616053606 -1187.85130378997 -1183.55450894947 -1194.98855115884 -1178.25572430961 -1190.73862713617 -1036.61343568162 -1170.48139934472 -1200.40642097802 -1214.22411791852 -1073.00989932683 -1214.92508215535 -1068.73645522913 -1045.38589401501 -1053.03278123977 -1088.00087490899 -1071.0505977795
-1047.55022115768 -1044.98584135816 -1040.54400047558 -1052.80383227471 -1055.10527653942 -1054.94610818167 -1051.33104616896 -1062.60477866881 -1063.25722747104 -1077.85207674482 -1067.92602232297 -1066.13719097954 -1086.33975613681 -1111.74979333082 -1087.49386667418 -1094.79650868442 -1095.37992113357 -1102.66191480279 -1110.49050571344 -1098.93547323107 -1134.9230457104 -1132.48709210211 -964.881063075951 -1123.10146175153 -1133.60045964604 -1143.19368406278 -1156.55305805408 -999.206876404593 -1025.88506097072 -1171.52358402778 -1153.69520139994 -1157.02296210886 -1138.00594053695 -1162.13869352199 -1185.01971430098 -1178.97462686076 -1046.32138061081 -1050.99000904538 -1051.74816728147 -1205.23601704802 -1056.85421168474 -1066.49596656492 -1048.13735456359 -1052.51791612443 -1034.93031106649 -1082.07336285926 -1040.34325301416
-1045.9276749593 -1038.31647972044 -1051.53856473246 -1051.37711448081 -1057.79540667549 -1070.01153740157 -1057.19151617087 -1059.53194911048 -1082.20078410277 -1065.05941648503 -1054.26580645548 -1079.3803514115 -1109.66902341783 -1084.74476602423 -1090.92005819158 -1116.85564667937 -1092.17882054685 -1097.62156275847 -1120.61997941505 -1105.59040311227 -1121.10353638079 -1003.73061815193 -1124.35687365232 -1121.64505175109 -1145.10645558582 -995.389307234693 -1141.91771688131 -992.339248890179 -998.713798394327 -1129.10958005861 -1142.76166019905 -1157.07122406112 -1151.22574361141 -1173.00696814587 -1188.41013597516 -1189.03578779387 -1201.09815899048 -1216.85214299971 -1043.71155838516 -1029.87308974781 -1045.53981008409 -1054.01228044724 -1031.60018657625 -1227.3272940123 -1063.54275503096 -1064.27493990883 -1072.31407399092
