wc0.5/PCA/Component-4.asc
NCOLS 267 
NROWS 470 
XLLCORNER 79.65 
YLLCORNER 5.91666666666689 
CELLSIZE 0.00833333333332575 
NODATA_value -9999 
[rows 252 to 272 of 470, columns 47 to 93 of 267]
-568.561233851957 -566.917733153508 -550.904369371184 -676.319330938676 -579.846950233795 -580.751843298493 -580.151082367512 -584.998958518866 -689.813742889134 -696.2110953735 -677.869893424773 -676.977262356718 -586.473161523414 -675.832414382534 -679.087035411662 -686.767556745691 -678.238008849842 -697.4279261507 -690.417031752843 -680.833837592404 -682.053674627322 -650.317758913936 -580.234197615844 -671.933582480824 -583.369251373343 -684.550030620355 -682.551518965491 -689.069999707958 -683.46193268704 -659.068727741992 -676.506366983677 -698.585617105644 -697.94279174502 -689.253571514333 -673.650533915461 -678.487217066252 -672.04670907083 -700.979644723507 -687.791883973433 -669.836148857724 -660.685648324196 -669.311473220331 -653.783956629814 -725.58114871549 -710.504184721286 -676.475421407222 -725.7920168037
-563.091839363353 -551.756793120428 -561.113466919526 -553.837633266539 -569.858119038843 -573.340661390827 -676.090058819239 -585.053140218342 -586.046455471379 -572.675209160553 -664.796214765765 -678.916577934305 -679.115976197149 -676.965995884907 -662.660103085296 -652.833710790523 -673.501349709841 -660.671378848421 -675.635030992127 -680.846225754257 -680.884148792273 -673.020244783578 -587.792386793743 -669.096058341205 -668.531059973704 -678.686255728087 -568.012803256817 -690.981720304368 -683.880515629148 -687.29250848985 -695.642283977925 -696.90797228525 -677.208144665617 -672.053639088793 -684.589090766436 -690.603330771334 -682.426057227804 -667.006177533393 -683.265450958643 -699.005762356663 -699.342462978272 -691.535019380847 -685.496622319013 -705.688182808841 -683.658895508015 -677.728018717186 -684.077971867774
-555.017106212178 -672.232512180449 -679.151708120595 -680.567503406617 -563.170797539214 -671.353703294044 -576.659151462632 -582.759111338777 -569.099609647793 -676.35994589764 -563.576100877389 -666.424217773448 -674.044946292935 -655.836806535741 -669.67461064032 -681.256321903705 -661.300905567454 -668.994170844081 -668.541214939656 -648.689014714063 -597.805551692089 -658.526362977371 -572.693743926061 -686.801577682382 -671.575944196285 -660.964761783494 -675.179779833556 -667.122920365956 -689.619248833911 -680.525273401283 -689.895876636408 -691.447679359067 -693.246420642319 -682.161865952429 -687.530476728437 -671.286768235909 -675.745830030225 -672.616907829075 -682.337615527537 -677.594230123577 -686.590663152414 -678.24109921621 -694.050399977884 -680.237760105566 -677.984141962891 -700.495124430763 -700.561749513957
-681.917647034557 -684.084694457451 -561.852134012288 -671.697252589537 -567.329390656684 -549.06263584308 -673.620740929157 -685.15884683608 -550.978606273538 -550.130827511293 -655.126846541335 -642.508634997472 -644.042428323325 -642.669422644282 -635.509553246132 -641.816470775108 -658.294825048118 -677.029704740265 -650.463404143081 -647.469208949497 -670.423239652413 -652.338160978078 -561.432599651676 -669.643213682778 -667.08825350921 -662.308599641042 -646.822937513381 -668.137988820762 -668.619337881608 -668.695802796137 -681.525221808359 -677.454887408808 -692.814518705269 -693.377352468161 -684.237533344321 -676.760791105734 -693.329300232004 -658.059034987404 -679.006779552285 -678.8708647216 -677.178156778868 -682.118601563431 -668.484254425488 -695.472328234796 -710.962745268352 -706.932651145978 -694.538171968718
-566.283023361043 -679.688481087009 -646.089700753136 -669.534792781478 -674.212419997498 -670.040539701805 -681.271275530236 -679.609406909029 -550.77269634656 -656.993717256579 -667.150893542935 -663.96679917799 -671.492114716205 -672.596219289933 -648.929458390191 -638.228822080539 -647.128041651664 -668.339472425507 -642.717336019884 -646.027539924318 -638.48186969031 -643.85741713751 -660.42251466118 -658.989434182497 -636.645244089021 -657.557054774641 -620.652886627453 -662.056406326661 -661.232906743856 -662.665215784515 -691.92759324264 -662.417868582888 -695.98849429448 -683.896821322716 -676.04453342549 -675.109671962132 -673.442626959537 -677.610418880187 -680.013141591586 -677.387884213388 -679.412839441552 -673.457556759632 -672.053751744558 -676.069041836638 -676.138127449484 -670.923012265034 -664.198754953352
-664.384933486413 -672.777942997857 -675.868848103766 -647.306716263515 -665.855698538321 -670.373982150274 -654.934325319019 -669.872679956924 -685.060734444872 -646.465931679647 -656.997245750258 -656.480508312383 -657.865469200525 -638.506748457677 -632.96772107113 -633.269120539563 -642.823565894149 -538.360473671591 -663.401662034682 -668.422005765655 -634.901961457518 -629.848164692155 -630.779057420204 -650.331699173938 -621.267439108069 -643.089250769691 -623.208819689887 -655.813043880276 -646.709307370603 -658.23522389168 -660.492254950676 -653.640312174545 -671.19347626734 -664.735611055291 -676.987290211689 -677.772782483933 -666.52155991118 -674.82838325087 -680.801596788027 -669.133451193224 -658.569927820161 -669.335728165343 -681.332491618191 -668.155467328107 -674.752275795705 -670.933164950298 -670.127224317199
-651.398706889028 -671.645619561139 -674.702576338683 -677.600011027912 -655.013079677381 -656.829665996138 -652.797626590041 -664.594397365005 -641.092272825187 -633.236524689909 -632.705489147962 -632.930043607208 -633.354718367734 -635.820917568076 -622.290525528587 -523.357430248387 -647.785225879285 -621.133716007244 -660.306815477484 -640.029782602529 -621.807017032267 -622.925419710067 -621.206132778705 -616.40389655245 -618.241096305119 -641.446587934874 -611.749666549197 -641.169588515892 -631.358259896686 -655.504725912118 -660.513105022259 -659.623626415408 -647.008512846149 -670.896885867156 -671.873745927799 -647.632729345774 -688.300905492124 -691.712543753676 -664.043969191311 -684.551970193061 -672.852002770877 -682.000929541364 -679.095597144236 -674.399073152832 -674.52168575091 -668.085007712801 -681.394289121397
-657.815590193802 -665.949050598911 -547.771902794485 -679.707754266152 -538.841306174932 -541.066810169004 -635.381251382852 -628.025494326728 -621.801629374136 -627.703577999501 -610.216565452326 -620.202732209907 -618.624059016294 -614.965960875287 -631.428024016697 -622.781989503164 -514.810233157606 -636.079437359358 -641.067523010053 -621.758612842269 -659.884038335936 -651.699131450404 -623.483334454634 -621.063571130361 -614.48820160314 -614.291279676354 -627.495168214265 -649.806197583995 -649.246325521258 -624.992475401551 -629.138250588616 -649.841488866426 -676.900462259691 -646.882090205449 -663.708203201626 -648.19978372777 -683.819330138629 -675.904997537525 -645.305373430826 -647.067573472631 -663.390995808552 -670.040229154716 -674.157485281603 -672.050143260604 -665.605773303917 -645.170737814099 -691.946310121514
-658.795270089666 -659.332982314924 -655.161128792314 -646.4098702836 -672.867951540311 -637.322167674174 -635.687027558498 -629.253599723085 -637.198769316267 -618.059580695155 -609.715006839023 -603.228668153476 -613.791020240776 -641.714684545101 -639.653698383136 -620.451267840527 -620.141623075724 -615.228508318468 -612.35687335931 -610.744803004727 -603.421996481866 -615.777895901081 -652.376198428991 -607.913962120973 -624.901086753269 -617.754429738403 -624.221298437255 -629.478741258797 -638.225942286961 -615.234075831004 -623.826932662727 -638.80855729171 -635.033988959653 -649.735100448593 -636.0426721602 -659.669719726634 -633.056183497582 -634.848116887985 -637.809746200677 -669.180631873877 -672.702101722458 -633.391226305048 -672.775920136189 -654.613270052374 -667.817361965313 -654.197380476697 -649.509106735066
-650.623589698096 -530.910083678213 -679.979960584612 -645.615074539136 -643.509600488305 -643.484719819837 -640.124191386909 -627.318741856774 -624.66487940494 -622.098490041943 -617.390285944553 -614.358412369068 -621.934958832747 -613.55002785915 -618.619256114227 -626.203947749477 -599.423160009335 -639.212695231585 -636.242332685563 -605.543497079118 -610.437073663391 -611.682243487891 -611.740570011655 -611.292214600939 -623.79827191013 -629.454560616327 -611.478510196029 -627.599423099774 -620.654646708607 -623.719641523623 -627.504350527004 -624.030546952575 -636.501893674258 -654.565788948504 -622.076279771181 -648.093189698391 -648.111317852703 -669.21302412948 -666.720011839137 -627.474652330376 -617.474893022063 -624.753754043485 -649.349757021231 -672.868773469189 -649.552033011419 -651.469561124286 -660.40244613647
-657.843299398155 -641.343137143363 -632.241707971163 -655.655614113101 -659.295825801116 -631.488815581463 -635.864528796539 -630.084326860255 -599.597423020929 -589.950433958216 -657.774140151824 -502.354704777232 -601.859739873927 -642.299607272515 -627.824835466096 -627.256143824941 -612.03677428321 -609.018648888192 -610.788564288718 -610.636035445872 -623.783609966917 -620.785489382685 -611.011931226974 -614.630578233153 -627.227296501555 -622.404914107112 -626.522789495315 -614.099409547954 -619.763550044197 -610.324208349634 -618.766861081943 -624.963468269504 -616.719493010645 -654.194135946016 -651.207622153251 -623.449362699051 -662.221848069171 -626.332725533529 -621.228566681793 -621.540455610673 -622.514445935623 -639.652442994443 -649.512507395961 -648.621718439126 -654.775807499974 -638.581459092771 -652.992068184445
-631.603201082357 -639.939369048575 -641.166013976341 -643.604081529088 -640.121264360931 -610.857055668073 -606.794502884684 -604.916484381162 -625.933474557481 -592.69812546723 -591.589730210497 -496.040213331045 -617.276645089751 -618.066958788391 -622.953466547774 -602.66010968923 -598.006844178537 -599.32120510744 -598.804467669564 -611.566247632767 -613.802170988122 -622.368014129353 -609.841017455271 -617.608471843068 -618.997940314568 -614.515461212914 -622.526975939505 -610.927256776893 -614.511909303665 -620.260838072526 -601.677560493368 -639.327086495242 -618.464522004173 -645.391049246929 -647.142249887006 -635.180097371021 -627.583545420671 -628.905148979752 -629.451813497262 -631.586161708103 -629.346663254941 -617.530881109915 -621.133781240554 -625.59406069568 -652.632557032559 -658.220946559877 -656.866774002532
-622.726249637053 -634.757363504253 -626.611118627111 -631.310858407761 -609.884384137444 -614.562969443592 -620.475632891125 -605.139688820257 -617.819300813573 -606.444542103958 -614.863197463826 -603.715457424102 -612.611306541074 -622.012922728603 -611.213663890883 -616.244288435639 -619.868157860441 -609.653720339745 -611.932329141595 -613.777784136711 -614.630794425117 -599.329787133815 -613.716273358169 -622.228882198162 -604.710327412508 -605.841891053925 -620.501412128107 -607.028425780726 -616.259849075912 -628.034620786818 -595.412391443895 -638.259587767637 -625.30398345827 -620.367307889288 -627.36103841722 -610.590407131691 -611.187800992976 -636.48078199236 -604.847111958765 -624.962399482547 -629.750415118841 -635.773753497103 -646.01833799294 -632.119264894394 -613.917659420397 -628.02210409269 -647.020084356673
-619.250564604234 -620.087265850916 -612.816271583423 -514.05161995793 -617.678449473855 -526.058497018643 -628.911571513898 -596.54415944981 -606.35217363264 -600.352890914486 -610.097934241443 -612.993771246658 -615.157807632047 -598.633927489382 -602.936218108397 -617.627244748525 -596.570958961335 -617.265887702076 -612.441087648883 -616.876380801229 -618.410414622996 -613.671469477678 -620.06146637406 -598.892927700216 -608.298996747632 -618.908718932393 -606.621608263394 -622.044782218893 -605.957802577978 -594.613000985159 -598.012830767739 -610.661588919317 -611.386713428099 -633.783088366928 -622.354048810794 -624.414090037283 -631.125368871169 -635.429882674978 -630.936886151853 -617.164374801216 -608.418085103186 -627.088752475391 -631.419624188697 -610.635386563308 -550.293236146298 -653.541921825889 -639.760562557555
-589.26743615313 -601.548100775562 -602.821542200324 -528.260194860767 -631.980912960754 -619.877883821013 -606.640909788399 -617.902118502566 -585.59248235054 -590.66382030241 -593.907898776537 -587.024421185444 -602.946570783692 -610.495106890491 -620.877717343449 -608.420401357162 -608.476114292108 -597.389700218391 -590.660785883079 -604.799574632482 -609.096862763166 -583.793634541078 -588.329510696982 -622.335936348748 -617.473365369533 -607.213885279098 -611.213981875275 -599.901514374737 -619.112761694516 -613.837785373839 -617.845567370142 -626.413057427938 -609.529010590367 -601.277512265794 -612.403811527608 -617.688622576739 -636.024796733667 -604.019203841422 -645.244341950021 -646.549533484446 -609.339757921372 -607.477240722019 -656.557424037227 -619.728671607942 -714.609016177214 -629.032697670282 -616.668155702136
-591.035883708938 -620.072427579862 -594.661141740819 -612.630668921832 -593.703624243249 -610.652961304088 -594.354281378218 -597.39889905175 -585.936194775848 -587.114612474012 -597.056445273945 -578.306094614028 -603.920420883853 -592.106303542202 -595.028538573627 -616.612120575515 -582.187832312803 -600.826623082146 -603.313885749138 -604.787431951077 -617.742285549071 -624.556033310244 -620.773498738105 -614.048867563961 -587.999152794719 -607.009922477287 -593.403314288192 -588.538062546901 -622.497738065569 -598.100608059697 -618.629980312581 -609.959774977108 -592.300712691913 -603.109813083062 -630.544971485998 -619.268976936487 -630.351434930939 -626.386565978237 -627.550830115957 -635.52293989432 -620.386462365452 -598.308706062012 -612.322008721349 -632.834266354423 -640.129901990376 -624.546173625974 -622.691315004791
-588.268992993516 -490.650909943547 -497.672826032788 -595.540238633126 -591.097833525527 -596.044394789404 -582.629797286891 -584.891885562123 -578.306352726788 -570.634977888337 -576.022076805623 -586.824592616238 -595.265837452174 -589.488412851808 -606.295742935238 -594.391165052103 -612.926428553899 -591.657237722993 -615.516907580901 -598.556982505936 -599.612478856516 -615.987125616285 -594.765464062845 -618.820642514793 -624.495376244891 -610.667662012222 -618.622987519211 -584.145422104745 -587.359828693634 -629.729170759325 -578.913762104189 -626.161321255231 -625.141113963232 -603.298803713902 -619.841717302529 -609.694923675832 -622.684940244049 -608.148955110937 -611.664825347776 -612.746686784129 -603.870362387988 -629.223225338135 -620.453580017879 -601.703439447711 -639.099101420448 -635.358709036454 -614.588899018258
-592.08422952703 -581.486213686292 -602.481240142386 -594.507519190958 -573.926954898418 -596.838558443529 -571.283343421765 -597.631773920409 -586.983290306604 -611.08599803602 -607.098444963495 -601.087917910962 -590.540856426091 -583.433753750165 -604.76623027018 -610.31046995533 -575.278281676172 -573.864346379656 -623.690700746763 -590.952931999373 -614.996488203038 -600.523550851397 -595.974193278883 -596.690064366667 -584.401171048897 -598.676156416458 -582.15794738755 -582.24441412442 -591.342582404166 -593.891335959359 -584.201319523414 -618.340208571273 -604.804901541785 -603.7328408291 -608.666505611582 -592.019684783874 -627.653290249788 -614.420924292276 -613.897393328774 -604.584959569086 -599.854234674422 -597.107800130681 -607.485061555801 -629.05693430763 -633.212978770273 -611.340748772056 -603.076119712885
-593.988105551617 -585.895368617343 -566.951379592234 -592.112517490932 -581.953293346229 -573.671122804747 -562.328505129084 -570.298869657779 -598.560175835897 -581.630084597854 -571.367297011312 -597.867333745452 -588.168844871812 -587.072550088376 -570.079359351367 -567.333734201904 -584.423078250235 -579.739241723323 -580.799120076628 -605.133581154497 -581.674828181924 -592.959933136492 -575.191998394525 -616.635839611055 -587.64992434574 -570.47832023592 -559.274011958875 -594.179111210665 -591.741973707911 -598.45985369417 -602.113627858523 -591.552748549765 -599.318106735289 -597.902986232813 -575.072957472153 -599.180053750215 -612.778081150355 -596.400722958711 -601.343041574094 -602.698943498795 -592.334824125421 -585.436066376262 -598.92029619546 -607.289287035164 -593.559323314953 -608.787489725626 -613.782638521084
-578.133281615195 -599.18976056055 -591.602885686001 -584.44400908593 -566.580827939161 -562.980354652358 -584.16543049557 -558.227968480502 -576.070477318817 -586.891691747377 -585.714947185105 -584.538515789677 -557.743429945464 -573.512702518011 -578.555044453706 -572.895014886708 -583.51002777255 -612.587942950274 -594.735533329409 -610.548412393298 -583.293542455026 -585.838493150607 -590.7308250753 -576.105174371192 -576.737972333468 -567.137732120902 -581.563911714657 -589.039808752058 -585.860302504376 -592.309888369971 -580.507597241335 -593.719345224839 -602.706715426254 -591.744749322072 -589.110562722364 -583.977206681475 -603.523648092566 -604.564776778593 -589.075655001723 -591.613236180281 -586.565335229064 -604.553694191769 -616.927834572035 -579.365087837191 -593.875692178135 -601.355192972474 -620.637125983266
-614.719979062314 -589.39139846799 -587.985459142521 -573.590018477805 -567.377439360049 -573.27509223079 -553.814870444815 -567.959585399442 -583.821033390898 -583.88173499769 -577.070538163208 -568.892515311437 -569.414968315965 -584.857980931893 -555.542902541246 -574.934490480415 -557.776830736765 -573.355849304367 -580.231290571883 -598.173200628455 -583.503671153307 -590.575688894557 -564.413665931934 -575.034887162407 -576.613307052917 -544.934896950972 -593.113544335241 -562.474611725931 -554.975294655048 -598.954761845129 -593.63334808882 -590.653750895975 -573.586005860225 -553.176103609712 -590.076772646048 -564.04153399823 -575.677135407045 -581.330221035226 -591.154535400164 -567.890712132827 -599.148519646747 -592.066007985598 -581.235302052619 -584.511230667971 -604.198539208511 -598.332304098063 -619.076903833542
