wc0.5/PCA/Component-17.asc
NCOLS 267 
NROWS 470 
XLLCORNER 79.65 
YLLCORNER 5.91666666666689 
CELLSIZE 0.00833333333332575 
NODATA_value -9999 
[rows 273 to 293 of 470, columns 94 to 140 of 267]
-0.0968574441022371 -0.00399227990946228 0.52464656818431 -0.0265847979165766 -0.401712145465004 -0.415297990671261 0.154561910325297 -0.191320697711023 -0.173567499289203 -0.514755819925449 -0.815096465212829 -1.03083572398312 -0.461779715707166 -1.24724989976666 -1.02407687826976 -1.06596544006256 -1.56844574215405 -0.638593273434964 -1.64952005731847 -0.878438598269014 -1.27692476895553 -1.33712210397881 -1.7660557214393 -1.78557107330575 -1.74605494047354 -1.65199140070453 -1.70840652817922 -1.87905818977526 -1.85673553385696 -2.10039067550664 -1.49936732610536 -0.94822794554122 0.378827128435794 -0.279638809146875 -1.0142352918988 -0.996064552674746 -1.36415278184488 -1.47654328423123 -1.74789030635226 -1.89469975997564 -2.72435331024591 -1.87125080770541 -2.84175686973193 -1.70157229983031 -2.82296885210031 -3.06223627715993 -2.6361374076616
-0.0757222038216862 -0.0217004981064742 0.524043884205624 0.211611933101827 -0.416554696987756 -0.203958711953783 0.0705888077403413 -0.694969806132022 -0.429793291470674 0.0853881598864802 0.118232706557715 -1.38547232443181 -0.75178174426568 -0.857908348640412 -1.04832514092083 -0.98425081417979 -1.90439619396456 -1.87342483978206 -1.88111735366632 -0.661253389960955 -1.92272935377033 -1.34510759865191 -1.75280828232493 -1.71069716256151 -1.82072438250858 -2.39965734584872 -1.60234797428047 -1.39237984648712 -2.11422438433151 -1.85259433801698 -1.22764366767542 -1.60092009022936 -0.188979555422691 0.156799701104761 0.36811298726319 0.600265780207432 -1.00772830516629 -0.742620932871275 -1.13413116348004 -1.11643542701441 -2.12051496477993 -2.45996419822405 -1.98013754261376 -2.37833716754359 -2.96651408452789 -2.80857049743053 -3.09103587959488
0.0684130302359115 0.0537747334382316 0.522888317178352 -0.425607925858563 -0.328486637655533 -0.208717644670061 0.234911643504006 -0.680322552813641 -0.512543676293709 -0.898854725868383 -0.887417538892735 -0.484652706744839 -1.04342315451091 -0.950252619649059 -0.93676731728841 -1.36655195930603 -1.63603404566192 -2.14419683099331 -1.00393961809752 -1.01035338619664 -0.827572996771386 -2.29638965457833 -1.70527609094575 -1.78391745840158 -1.52096882532024 -1.84082956635563 -1.80617067998349 -1.26683817165986 -2.03694678327166 -2.19490747502075 -2.15880567788867 -1.45749992769756 -1.60794836960087 -1.16981833021806 -0.987351601086539 0.142133170014326 -0.331553560907244 -0.738478141956929 -1.12567709828092 -2.38638415823294 -1.837870663283 -2.57288946696781 -2.53594371568714 -3.20665743389992 -2.41984413882806 -2.63146889423133 -3.1768497337048
-0.177811865764305 0.0636299564546802 -0.0459230113171188 0.0408004892403758 0.210047827383851 -0.409909363480273 -0.694008688850168 -0.689893569827394 -0.704239312385012 -0.487583025863873 -0.396657852334574 -0.484950480271967 -0.763872935309604 -0.710670126480497 -1.00277130684598 -1.50621670577555 -0.939584170796813 -1.67380651826446 -0.975755341318557 -1.664588616956 -1.89136603288229 -1.58683579277408 -1.6113940119752 -1.61879150084101 -1.72513720145241 -2.12357851027761 -1.77469351626681 -1.6011634077556 -1.58140353863718 -2.28638994738147 -2.40960948554411 -2.27893857945634 -1.5027856155182 -1.61428004556622 -0.74906831222304 0.876960803652566 -0.246481064485509 -0.58419489079358 -1.99425769932595 -1.72031868466182 -1.48596104823013 -0.982368350304873 -2.79278579478578 -2.76377118914743 -3.11145909347627 -2.42016147673289 -2.84708199356069
-0.303920723929669 0.590927889076857 0.349529400983296 -0.411186098156295 0.233737160566546 0.209513553818059 0.237411934181428 -0.769392233718117 -0.396439138069719 -0.753600322973455 -0.396286222928295 -0.110643060711139 -0.756722412088178 -0.686648966920083 -1.0136939762028 -0.959746860197001 -1.79952420547417 -1.58688095346066 -1.21715376469985 -1.88944459500786 -1.5499470746608 -1.58555306004559 -0.836685555020419 -1.60108468250673 -1.78387587635673 -1.88699224796897 -1.69659834711751 -2.54092053571485 -1.9758131745284 -2.19832105428163 -1.84974198016811 -2.12100403612616 -1.59840209846001 -0.880168970750979 -0.574332922335729 0.157470928072587 0.661907120888581 0.279896110476424 -1.51100111683576 -1.63543264550118 -0.698632718973911 -0.447035370256834 -2.65075165332511 -2.89831048854591 -2.65169254077747 -2.11472438518096 -2.30869873344718
-0.186557929825274 0.292669667155958 0.592029138372589 -0.684051976506999 -0.331365391619336 -0.199352580746189 -0.712042277152151 -0.258744888125928 -0.777230039500547 -0.725896233032508 -0.378275880592204 -0.119122558663421 -1.06919481388447 -0.937795776052119 -0.642361826316484 -0.948349884936097 -1.79520275884574 -2.12505489182828 -0.340483730180768 -0.987622507672328 -1.32320963801905 -2.20896600078934 -2.25127733809847 -1.5958713494298 -1.62524687925972 -1.72802140758354 -1.79651673358878 -2.33198385092944 -2.14435389169885 -2.06583388466406 -1.62543754161291 -2.11791907481699 -1.84460027247833 -1.62088950916999 -1.27471114866117 -0.0276301052064096 0.567258619139131 0.0591741675404901 -1.50717283583159 -1.09112587914385 -1.41071684368316 -2.87899899693789 -2.92618508432892 -3.1605827020809 -2.80365127772241 -2.81083747495541 -2.39635724589382
0.0777112661415277 0.0183843584431849 0.0067752149642977 -0.303401943816565 0.252298039286829 -0.185910570628588 -0.684796626424807 -1.15152902760377 -0.25544337590873 -0.663340938341371 -0.687001534860174 -0.742089108031155 -1.13515569002738 -0.859184115102796 -0.686172291730828 -1.14453042594569 -1.42694334049242 -2.39836640826166 -1.77074004062516 -1.22031938188513 -1.59772104429338 -1.5675784126517 -0.737433958129634 -1.78391779903663 -1.7965166598239 -1.73530535953698 -1.69340049763717 -1.71971088399527 -1.89053822826537 -1.88831598556779 -2.0725438595428 -2.08719340607799 -2.08855911775475 -0.695695742166715 -0.87066252271323 0.0677675040159393 0.117440878010448 0.307394850942155 -1.40180534471112 -1.02809524565663 -1.10862221799193 -3.2586719722602 -2.92460465288949 -1.84645944552432 -2.25520801374149 -2.51092556237642 -1.67565613758421
0.0179941146989148 0.389819465885451 -0.567362658827249 0.0679881319872436 -0.615973258321287 -0.156397224366266 -0.740828406881737 -1.08544528752251 -1.12203977246339 -0.991151535083573 -0.482568786985928 -0.725469089099056 -0.421621797666626 -0.480501254195704 -0.972165680079428 -1.11536069542658 -1.48719072984129 -1.14372328818307 -0.894236252995887 -1.33369800592177 -0.156674134985763 -1.17263260662393 -1.39166725206929 -0.953527969804768 -1.67369821241481 -2.04674074851284 -1.38995654165147 -1.71393002267521 -1.85710329628291 -2.04727791754224 -1.95164648393936 -1.73853208465688 -1.86089358264824 -0.40654924275037 -0.177478325045801 0.116208491196513 0.592923233633554 -0.585491952858365 -0.975451498684389 -1.02871445917832 -2.08585037197459 -2.19206171036527 -2.89465736665406 -1.51505290952185 -0.518020641761038 -1.28143357511186 -2.13851524768241
-0.560799076099989 0.381753058181808 0.382080004928802 0.321984533628056 0.0768040617224811 -0.642232413239549 -1.36659734815066 -1.32444518314915 -0.454155481165082 -0.7527590965012 -0.495297146400336 -0.485571695756746 -0.80255716319124 -1.30164694551073 -0.759711179506247 -1.13541284528434 -1.89388039693444 0.0511950358613079 0.292712680589567 -1.24330590749603 0.411004565873997 -0.936166320194776 -1.37701634449972 -1.76588951310514 -1.61188165180141 -2.06669697284523 -1.67582221020812 -2.05431962233518 -1.81643885999089 -2.02048110943264 -1.62601596536925 -1.9214925317961 -1.31901795355291 -0.335826374610342 0.667365509313476 2.54866113239645 0.594752514014639 -0.712071589054859 0.419845229096321 -0.704162574625837 -1.14191971382853 -2.44168362126559 -2.45114849718255 -1.28553876495534 -1.40066948639479 -2.24080278511314 -1.9248492038084
-0.55822921107806 0.299756839994031 -0.542042081827792 0.296852953253068 0.310332470229938 -0.793480323978895 -1.38233259257247 -1.06437770574943 -1.00653336261084 -0.658430495352088 -0.681850616334015 -0.767800145971543 -0.904781789608404 -1.30230249640247 -1.69603853096795 -1.44813134771508 -2.01757918787844 -0.835104310990344 -0.959080297714965 -1.51005533839108 -0.950261546353338 -1.60998037528255 -2.18612038829984 -2.58846377433653 -2.24393159681154 -1.58702845192953 -1.68381840621838 -1.63653306258657 -2.58354050541373 -2.10611789178961 -0.960160520687623 -1.40439706352486 -1.12700687931882 -1.07003161700076 0.463353564945269 2.28882376646853 0.10899022696473 0.543376085050944 0.534737336463221 -0.920440323187552 -1.63752146906686 -2.7456671859249 -2.71240537882452 -1.56650252131214 -1.16203999393714 -1.02359585335335 -2.04121543728511
-0.866508414835393 0.365582191168541 -0.0952941712091727 0.220274410264849 0.229165311535578 -0.593167508615969 -0.981580498402694 -0.691033939123116 -0.60846667441066 -0.943209342449617 -0.965485914603247 -1.05794208224258 -0.903309466375001 -1.06152816810339 -1.05304574901266 -2.01268625099602 -1.36883554582779 -0.868000343065845 -1.18788302362865 -2.17023790233206 -1.58410860739235 -1.10930522621269 -0.936313777136247 -1.36869681387255 -1.37673066626879 -2.35965834210625 -2.44635098225982 -1.6328845509877 -2.6228224192009 -2.28207182573674 -1.97719824224664 0.19659966479382 0.209734340274078 0.546608231038476 1.00025112619427 2.30841754401323 1.065830621607 1.71690684732369 1.37823600491079 -1.00391627804083 -2.06974703486322 -1.75794929723963 -2.08694993355878 -1.03486280332249 0.0832756818311249 0.813825110515454 0.00671324518619343
0.0781233109671356 -0.847202694304418 -0.846597857665827 -0.37970153112204 0.00587345548037886 -0.562192836776761 -0.76411189780728 -1.08444959583632 -0.206608160335364 -0.89998982388879 -0.625150266656494 -0.816355681749841 -0.445174858637662 -1.06530169438222 -1.8542678328039 -1.40092057401123 -1.60981104919967 -1.86118393828187 -1.53011371154418 -1.40219681705601 -2.09549133383882 -2.1237370396342 -1.95026273339411 -1.59675897430471 -1.5823275941388 -2.58555453569053 -2.51861430647162 -1.90768009639873 -2.29634782409419 -2.35780579575841 -1.67311249650587 -0.2118342541748 0.251111046422524 0.323623159596451 0.591431323585587 1.7194801717228 2.32600668836569 2.82900450186695 0.940883898447717 -1.64141286940995 -1.54733941815588 -1.29234366322236 -2.05152490672905 -1.493782999438 -0.658702919496764 0.398825717780777 0.821211105916833
0.362618797947945 -0.606744664347061 0.380117153373444 -0.189674574414336 -0.18159055187633 -0.345354150670951 0.0411157903764009 -0.938407758701806 -0.561612616861984 -0.910490737570903 -0.935567072316628 -0.821454030908381 -1.47061973295821 -1.48878568479137 -2.0443281257203 -2.17499681690279 -1.51880238248589 -2.11987752412406 -1.89097044876694 -1.65996953276644 -1.50294647836658 -1.59105144430366 -1.95412658981453 -1.62578191533615 -2.17616777742177 -1.96283004284024 -1.88990198719717 -1.31198111543226 -1.96847709702233 -2.35804625907821 -1.0461315874952 -0.860223863983376 -0.0690035074358775 -0.661975488723656 0.401861136812981 0.558196785738667 2.71829197710506 4.2618908055379 2.31928462825205 0.101271089471594 0.475801663924164 -0.195643042304102 -1.4160045122673 -0.90572651798595 -0.240675120992884 0.536069662859319 -0.738556615647911
-0.127715419368634 -0.213981032619502 -0.212189826260605 -0.0104443136655395 -0.233015565310339 -0.349832049355883 -0.493910307636587 -1.2123620674829 -1.20035480501446 -0.922295760507273 -0.723665039228083 -0.911441118261598 -1.18522332329909 -1.46829353732485 -1.85558504462028 -2.09806275152342 -1.68927363412753 -1.71318359936545 -1.42454126442753 -1.20513539626555 -1.21130474636866 -1.82354198945556 -2.22963842646612 -1.98396349453047 -1.59262338358254 -1.95063401890007 -1.87654116882547 -2.5773511627414 -2.38240266444872 -1.33716436930859 -0.637323869353553 -0.758840964713295 0.114696544688559 -0.530546619166788 -0.555899404828508 0.552324391532854 1.76576776766564 3.10520045032229 2.99757165445929 2.74705368056762 1.13389770795904 0.0678366353939815 -0.710407299533681 0.21290109376991 1.472891889625 -0.200016490116474 -1.14443339507381
-0.420610017400914 0.382098674184458 -0.213123343712986 -0.576940657111714 -0.581793326188681 -0.580353065535207 -0.334812160687401 -0.546917138417028 -0.689018345792945 -0.772433467432851 -0.921782559309195 -0.91244589241197 -0.88460723547797 -1.57811936679408 -1.35525768663688 -2.15024701589883 -1.77087640405927 -1.59381675996319 -2.02118516244367 -1.05442150371893 -1.52581256680675 -1.47916082028239 -1.12531119937697 -2.23390292499073 -2.20318794982539 -1.58294065021131 -1.89611657402884 -1.88035956585508 -1.68800498046798 -1.32318342864172 -0.722625493357914 -1.2103093829719 0.441665544411322 -0.171478159489838 -1.10907344115538 -0.839920335958902 0.1444867145677 1.59449572484705 1.37790328162109 2.50838487601269 2.60958419669211 2.39232487552275 1.00399543608722 1.47796023147223 0.796047455789415 0.459703346893223 -1.05465022860677
-0.106768337162366 0.176996087546217 -0.215508713486986 -0.30854957265137 -0.587854691447311 -0.293999888204875 -0.407303833743893 -0.851215481238743 -0.543695577817264 -1.22265230175428 -0.914859999309234 -1.00729729871852 -0.731884104271588 -1.065549986444 -1.37136267304569 -1.47659855279585 -2.4038974143859 -1.73199086969645 -1.81593218014045 -1.69254953680888 -1.69921111887927 -1.54873251436637 -2.18455762931036 -1.95569585585671 -1.4944148354158 -2.38550618528535 -1.83751358150261 -2.49262733229055 -1.9205185805525 -2.35403876490227 -0.946590040717205 -0.792735245048817 0.439394599855543 0.968666300342129 -0.226705602649389 -0.761446803108402 -0.856699158107155 0.00600369024524913 0.536279758260656 0.716072712980778 1.39471828288293 2.99401169536415 2.50506020912995 1.59265044652725 -0.214490048464175 -2.0716824823771 -2.00252100481054
-0.0717094400293529 -0.0833637332985033 -0.583011454522145 -0.193592430401808 -0.284276226228209 -0.0840149989523225 -0.0807559831171823 -1.21437973500056 -0.830425505122414 -1.70789123749505 -1.3460591332331 -0.238849222563247 -0.878790488618371 -0.970281036552898 -1.47305259928026 -2.12420094643378 -1.89534638063479 -1.49222641892766 -1.87803029055131 -1.79785537767531 -1.42597289625654 -2.03671309646609 -1.78721268612739 -1.93069583962945 -1.94918019692195 -1.9624556164755 -1.89033542843877 -2.50770106371224 -2.2874904066998 -2.28056587289979 -1.59075097813446 -0.807617396327735 0.955350691950521 0.981266335878988 -0.849948594893999 -1.13734027697479 -1.5990437403662 -0.907651944688247 0.15744165983228 0.731520261462376 1.13274171219357 1.40428111122119 3.11001260439164 2.72291048687412 1.41796605212057 -0.425031839529485 -1.17919283477235
0.156550782841704 -0.381188710249705 -0.197258678059387 -0.417305450920694 -0.812072378106775 -0.895518962091678 -0.296125887674474 -0.948079874832217 -0.710342497176539 -1.32412633250901 -1.29839871154007 -1.88381152109402 -0.928077233931023 -1.29986409904527 -1.69262684306365 -1.82887146059256 -1.61274289002769 -1.74539785592393 -1.40701867805148 -1.47098029602442 -1.78288588769314 -2.09004554939914 -2.04412148861163 -1.92655371786886 -1.81459934759568 -1.9273274619387 -1.99485692834582 -1.87630369965691 -2.01640476193293 -1.46745400336418 -1.12956172162414 0.0241080278680596 0.454570491055503 0.973540866441864 -0.673874126253646 -0.829010342485459 -0.768168854766507 -1.87184756641782 -0.666599670322605 -0.853226308309068 -0.491384685703363 0.791368205664729 -0.222635073184566 0.326547576769484 1.84224997039532 0.972805453139104 -1.86612356849355
-0.225661063787684 -0.424392584386112 -0.470707834732204 -0.273090935212191 -0.566877507726837 -0.0495301508680876 -0.67623565792125 -0.944772179305762 0.0212071930114639 -1.51608126783789 -0.859994701143954 -1.53429321357855 -1.88151532496269 -1.91699374267309 -1.97523713002372 -1.38676708569019 -2.51301271252162 -1.83815694167147 -2.37132572764023 -1.02749143489561 -2.50278812991247 -1.76070669714156 -1.83754777882509 -2.07204430003276 -1.45867353520679 -1.97550368709794 -1.96088667439632 -2.18766339755593 -1.65288347690811 -1.65231193546082 -1.14445740499339 -0.815207450082081 0.559936783867265 1.57262190466379 -0.483952498171772 -1.57586930669615 -2.1070820336067 -1.43425974057916 -1.79910485971448 -1.53244292649915 -1.52484416160542 -1.62677221385716 -0.803442881607664 1.45383629338953 1.58420358142659 3.28861510260269 2.31544762193762
-0.442240674150818 -0.232784501966573 -0.581211179748184 -0.844176848519329 -0.2798252163601 -0.711374619586446 -0.67365766598616 -0.905930350185756 -0.918730781951536 -0.958116584722089 -0.66956618847542 -1.60055458903237 -1.28358337771944 -1.33346342262461 -1.37085088524974 -1.15529191032929 -2.13641637242897 -2.15365663312527 -2.27076802599922 -2.74006528803361 -2.09217099172547 -1.77476065815945 -2.10098134477712 -2.13159753484769 -2.27717165547954 -2.5042251457442 -1.78866137324979 -1.89686210967851 -1.87943668394979 -1.61717095162664 -1.16654477166365 -0.727899622222081 0.92045544824338 1.96724236937208 0.255552639396382 -0.944432475632133 -1.16938282865834 -1.85351022140071 -1.56901106203311 -1.47261018363951 -2.09701714430144 -0.986718588360822 -0.215767189063873 0.99018284888941 2.53847471559168 3.6742781092111 0.104465260563389
-0.253616534585477 -0.23474490897706 -0.865537971509122 -0.748580156657956 -0.873421266159264 -0.875578282102009 -0.496479158280399 -0.97755420076209 -0.991775047689918 -0.838760694942941 -0.841691080598343 -1.70595939044439 -1.95555748323402 -1.6918416294419 -1.30838605983928 -1.88182999111058 -1.80854642950608 -2.17464191880606 -1.77573019112548 -2.36839941727468 -1.81591150758983 -2.10880771347245 -1.79644127930945 -1.78296340534844 -2.13638561958572 -2.28558322165855 -2.13380431582979 -1.92159008630044 -2.63507892789385 -1.67288405559274 -0.400057646689376 0.872380019282257 0.284612045763486 0.0740738260843325 -0.299032572930943 -0.855493419323375 -1.45802807116047 -2.87946159660536 -1.26212821608625 -1.52460998367868 -1.29520651007569 -1.22725506133197 1.00094501448836 1.39512758329543 2.18951984000783 1.99572777073036 0.129298213408783
