wc0.5/PCA/Component-18.asc
NCOLS 267 
NROWS 470 
XLLCORNER 79.65 
YLLCORNER 5.91666666666689 
CELLSIZE 0.00833333333332575 
NODATA_value -9999 
[rows 273 to 293 of 470, columns 141 to 187 of 267]
-1.26477380861929 -0.871525711640694 -1.12806170741066 -1.3294276891005 -0.74318632673303 -1.22924848504893 -1.18903470690239 -0.505702101553071 -0.84016711998376 -1.38446330875265 -1.2250383508559 -1.36968139107242 -0.95485917185026 -1.54250170983212 -0.779275298170647 -1.45833741022232 -1.13524495420348 -0.685485146304596 -0.713470250353978 -0.719180027906879 -0.624800729295504 -1.06965176017375 -1.38116221054025 -1.57351597461306 -0.689344293674612 -1.20589403550352 -0.867906238338316 -0.782706956427281 -1.17378389450051 -0.693871817874044 -0.657585025583253 -1.08407437158249 -0.620527529959525 -0.86978619875388 -0.162626834953224 -0.677876585244886 -1.03126580496423 -0.966513643856914 -0.48651827973362 -1.48226323778588 -0.257632869595279 -0.213595815088838 -1.00394273401291 -0.999587820238689 -0.307309717499386 -0.723062931160383 -1.23935302008178
-0.694323290100767 -0.600538313555842 -1.05978219730862 -1.06044837974944 -0.929754599588612 -0.938876497658986 -1.00928137236487 -0.987508886858086 -1.08898001127191 -1.07504395403222 -1.32949659274749 -1.16223162602475 -1.62560489886213 -1.72785567770468 -1.17385634872351 -1.14312578369844 -1.47154213099413 -1.2592206064349 -1.22441343413236 -0.727599294883517 -0.654763038051542 -0.937756985453049 -1.26927963155409 -0.717615423042718 -0.687408384203728 -1.08242664892355 -0.978090455212596 -0.695475314239442 -0.756162299683068 -0.846630985393952 -0.313476100872654 -0.409931100384129 -0.324938690525239 -0.8870436132829 -1.31680458881937 -1.03841228241681 -0.70790399697407 -0.501923791190258 -1.05577940443003 -0.886001908840456 -0.901616993539155 -0.757939436147311 -0.757558721659626 -1.0330568659173 -0.307753737141981 -0.574225341468274 -0.351227158883214
-1.02651843361004 -0.735949029619302 -0.94027844588737 -1.59205815806779 -0.561520621563197 -1.09914223737751 -1.49810949044113 -0.934132202398259 -0.838921479415684 -1.18076418593813 -1.35094345085872 -1.35713534469225 -1.38519429703039 -1.34298929432828 -1.34382706472796 -1.02457615403539 -1.1319783283532 -0.990455045777493 -1.08592747962791 -0.768150236341412 -0.657646724200323 -0.730334622486354 -0.318837423757104 -1.32315798872479 -0.852281034824486 -1.16586531724138 -1.28371152292302 -1.26064873220424 -0.858927889491522 -0.732427323092031 -0.662208051291907 -1.38445325435379 -0.777343650137313 -1.24299439907324 -0.932914574592689 -0.846601478194276 -1.07290745812616 -0.941513404779528 -1.05585607901714 -0.767389997894727 -1.04258037031948 -0.257150254511761 -1.12285598427228 -0.978441026522593 -0.292737094546874 -0.250086834012779 -0.425693416553392
-0.642923973761979 -1.64146490445353 -0.623263604672019 -0.807715454513406 -0.944115961664791 -1.3234358988536 -1.32860050670779 -1.11672524745702 -1.33805505257942 -0.782126178526359 -1.25185282783706 -1.03744371703254 -0.857298475487953 -1.29209477533922 -1.29337752855726 -1.02447444376086 -1.04159953808833 -1.29480840688535 -0.853762295450902 -1.1443578787499 -0.682938022054393 -1.25549003067873 -1.10619288594212 -1.05787438784706 -0.920042413602751 -1.00797906277454 -1.0370703960837 -1.21920970791951 -1.28849605359017 -0.577017585203816 -1.03588180543938 -0.858436393378206 -0.892256220028906 -0.633704756422382 -1.18830914172908 -0.2070851786605 -1.07290745812616 -1.13464590976728 -1.03641958011438 -0.625092761168803 -1.47262367200936 -0.567537530471342 -0.16771590164354 -0.790890335063109 -0.978763065588408 -0.351803535600469 -0.419649946206404
-0.884774990529595 -1.47636385280496 -1.89616063052351 -1.09104727323538 -0.589053702877153 -1.1910592307102 -1.20582191122954 -0.776875048750284 -0.923675005916321 -1.80963688212039 -0.7809684853304 -1.28233135204717 -0.597774782065538 -1.36627987662432 -1.35890445975469 -0.909279225861626 -0.78956154352787 -1.22077534181151 -1.01168179505889 -1.01048384738836 -0.774089642591806 -0.894018522305708 -1.18377274492122 -0.519930160927773 -1.03911870085008 -1.00871346138713 -1.42397538435339 -1.02134290342596 -0.581765328754978 -0.864487358323328 -1.09120534997795 -0.775176080878794 -0.491128356913706 -1.00138416518081 -0.657865236064606 -0.905476777616863 -0.57589670116359 -0.472006422975164 -1.26787993894121 -0.595448342090774 -0.930369099365925 -0.820385787994144 -0.858543362675777 -0.765919098482714 -1.08285955926222 -0.129847329785496 -0.25211430107809
-0.451530881753403 -1.35055653293258 -1.46669371717226 -0.91786705276654 -1.52763220084011 -0.662915065617923 -1.19335665467582 -1.40998057401529 -1.62276440412747 -1.372729355508 -1.94912419396992 -1.17384576322915 -0.640623183870138 -1.29378370069142 -1.0164623736811 -0.756993527130506 -0.891592051611082 -1.07229600920964 -0.877613133710787 -0.893415222519406 -1.01166229122371 -0.820067482711843 -1.2150400580644 -1.36843585349837 -0.364836109985618 -0.55674044854879 -1.038963644055 -1.16632497548588 -1.10150271633933 -0.917920760496727 -1.24381053506331 -1.27233719799988 -0.961151135170526 -0.540106734168649 -0.514631174455179 -0.317939681151311 -0.586175377739518 -1.09023655344276 -1.19348024077045 -0.48651715791384 -0.930552847331943 -0.770250786641335 -0.58882628436851 -0.346160809653889 -0.962496641400232 -0.931919931019572 -0.887110933419088
-0.592004349665885 -1.02329517586384 -1.20176661221936 -1.25569645384341 -0.83526735393044 -1.70914438724261 -1.21640713834668 -1.12897708085185 -1.03476748823527 -1.1639551194849 -1.37446557164061 -1.01923546804456 -1.31230610294352 -1.51883821798962 -1.05800949583954 -1.16441765444113 -0.791942422831232 -1.24422365212046 -1.36233646641166 -0.806853980274112 -0.924911143425937 -0.696616072305114 -1.27182381041144 -1.28906672433073 -0.608101279155975 -0.711516553858128 -1.10923508279933 -1.3743156766437 -0.863985798232488 -1.09579097825053 -0.646854187357862 -0.932088063619602 -1.31017911221851 -0.647727695910674 -0.637572446270282 -0.45441288502738 -0.70964284605202 -0.986367604087754 -0.882062019398667 -0.940808636610398 -0.471100266920788 -1.10809773952369 -0.924180647605581 -0.601147948117221 -1.08342789745328 -0.646179331617339 -0.482582509577658
-1.1584930290205 -1.27234085184778 -0.725325747101148 -0.528297301080662 -1.07294495261289 -0.950625053962773 -0.505029163375559 -1.19136086722979 -0.822701746358436 -0.270673104821589 -0.706113808121978 -0.856519319904571 -0.995073599781377 -1.11862286895514 -1.27416321283867 -1.14536005893657 -0.952092112288603 -0.893670953729105 -0.492412945139198 -1.14247395222778 -0.427980142896538 -0.679771378426843 -0.574995231131961 -1.21455965012704 -0.910399287807055 -0.918957342401179 -0.975902715296255 -0.810183848209282 -1.38479341392256 -1.4125460336497 -0.541049366885077 -1.26422537011181 -0.0612305188500531 -0.472818408713908 -0.698544539850579 -0.315239554571748 -0.502364861412941 -0.753948050815113 -0.928700140086332 -0.705768868742324 -0.914964921152081 -0.802234845058087 -0.74617670046063 -0.439758554723476 -0.0410991675601557 -0.559885346628915 -0.775450117934787
0.00698842628188004 -0.494223211511684 -0.782657527808279 -0.440954093258557 -0.407905668356353 -1.34920393016746 -0.515585904774737 -1.01176991806443 -1.06080248353086 -0.581373214485883 -1.03796311327403 -1.4414917044423 -1.31705593361397 -1.1335088330456 -1.49801637754007 -1.75325427995852 -0.952526623505885 -0.537570569686048 -1.54837034429707 -1.04844692397705 -0.823562390992794 -0.546211807802786 -0.695162365482682 -0.58687237111314 -1.01670061575904 -0.683327524247811 -1.16434803153524 -0.998436626771459 -1.03704871851781 -0.691487232067696 -0.936656797118739 -0.977183066671494 -0.508323478544654 -0.66605742383125 -0.110099177469547 -0.680462612536372 -0.349731029028349 -1.0346685604811 -0.960585075390613 -0.129024586415655 -0.927838690008342 -0.866372474230661 -0.9406423133054 -0.4555512094309 -1.22266709363231 -0.411658229332206 -0.283985869976468
0.118948193127321 -0.609383722997082 -0.809256749995872 -0.272132718620757 -0.832177482165747 -0.870730819443477 -1.18871002502338 -0.975491609726689 -1.42008648954972 -0.802353105338425 -1.1314259009721 -1.00688083241957 -0.808959350228573 -0.955376623962789 -1.66123867406227 -1.37177110181793 -0.683992097438069 -1.18246590737455 -1.56196374743288 -0.866565207742431 -1.17631516869333 -0.664364705952883 -0.279544278663482 -1.19828737633067 -1.1266188138918 -0.763495880262981 -1.03253292773202 -0.582523166848211 -0.43115356694617 -1.06616656922343 -0.870929582317729 -0.455284213720818 -0.419879612605875 -0.0245543891433258 -0.728103117515648 -0.503995650385452 -0.777026512283146 -0.89158579817684 -0.798059783298829 -0.188196920441394 -0.903225653793653 -0.850747108897747 -1.0736972716464 -0.234516688705924 -0.793147778561839 -0.541616297622711 -0.248018042667138
-0.793397240567908 -0.795415352452984 -0.00802239689447079 -0.219366837751737 -0.543794173378138 -0.775251558939457 -0.968088776315651 -1.13601617827436 -0.880626638527337 -1.19159441653402 -0.923472765741179 -0.932674787072454 -0.808007745475877 -0.796549325620787 -0.956679167745772 -0.908357236493172 -1.12085082643368 -0.779695132768093 -1.51940738674669 -0.661293744693701 -1.64513178665486 -0.97307073488485 -0.59631277279798 -0.703668367129505 -0.821514572811113 -0.693043224700666 -1.3201205269263 -0.756697999811199 -1.47194025016198 -0.79831142942289 -1.22212727204401 -0.749493114805999 -1.0210758447905 -0.814758093592683 -0.912695691561786 -0.234288306932544 -0.687858203723161 -0.81194037619721 -0.680897707764764 -0.901801948913618 -0.957858348347693 -1.3265281646925 -1.43025250362154 -0.262204470139129 -0.353734057237717 -0.424809302849086 -1.14401076069158
-0.263891173088371 -0.0902904986027185 -0.124935855172809 -0.791782618553491 -1.05024762398307 -1.11998893094443 -0.816330616645321 -0.754158988245442 -0.751197887654662 -1.61216680067017 -0.782009007687628 -1.09460550073378 -1.29187699358943 -0.84093403692733 -0.955874703917739 -1.58730844978181 -0.821516056854535 -1.26662212199715 -1.60681284252003 -1.24691994852782 -0.575925793106729 -0.826939490070872 -0.697666260839888 -1.27740804991173 -1.01892369223053 -0.705210560421278 -0.748879723252736 -0.960612053918774 -1.07844669259431 -0.746751806314244 -1.28060601368409 -0.691714949430987 -0.833312964824373 -1.27654323122215 -0.651377248118725 -0.145160778105712 -0.267566710926048 -0.61031845334292 -0.664459338071829 -0.839156061482079 -1.04620662711216 -0.586263589070586 -0.426941527645738 -0.545180572308671 -0.265498738182143 -1.33020391939789 -0.842997446438245
0.110263250082979 -0.215158922676796 -0.364663102781467 -0.551217545641864 -0.935236353705058 -1.19243291406229 -1.47790794325621 -0.376040707946867 -1.09900420719409 -1.3898247115759 -1.49153279949095 -0.63875258581162 -1.45645216381712 -1.14613943759987 -0.955927608144474 -0.784030046680663 -0.550265816642542 -1.43134479277141 -1.22782954776154 -0.730967930976171 -1.26286848661692 -1.05215114370029 -0.506837140396177 -0.770229201217743 -0.388806557319156 -0.587114951330217 -0.539028585156916 -0.571758995030564 -0.719978404609963 -0.622604049019336 -0.710731987334192 -1.14678318855059 -0.97552698224484 -0.662914867295473 -0.898262751988594 -0.367833635128689 -0.719447721861733 -0.666510573121701 -1.00641147964398 -0.883322425735661 -0.680504652895421 -0.665259293843985 -0.646586867705541 -0.945791900711428 -1.07555738771707 -0.18955779114893 -0.512143823502196
-1.23708635155459 -1.23566897326715 -0.872863415000443 -1.04243065924293 -1.46266125175372 -1.12030353360639 -1.19361604216779 -0.954888532661598 -0.103548603185928 -0.483047649641237 -1.52101658970297 -0.829457279300554 -0.573829974564651 -1.17246488579297 -1.28415373123917 -0.741647458151372 -1.06311650150491 -1.0784165887417 -0.973427574435226 -0.745746386869513 -1.07236934069416 -0.220556483436785 -0.748333980594453 -0.766393358671364 -0.389309097285612 -1.08070391343537 -1.02066790823897 -0.272876790082222 -1.0506848469843 -0.931496289737748 -1.22149388500139 -1.07083577983773 -0.643525932575254 -0.363036237263972 -0.441594889941662 -1.03644624288767 -0.719436154855629 -0.604365356954979 -0.902582169510916 -0.592309201161354 -0.902981768828171 -0.359499391160216 -0.990244271786701 -0.423999862280511 -0.438947519991443 -0.337238242418802 -0.774402424853731
-0.548771359379503 -0.267187816991725 -0.938831560264002 -0.780341494474731 -1.41191031958273 -0.817978461931583 -0.355521041590484 -0.472085276206792 -0.918681154056694 -0.501539550084299 -1.03045525314645 -0.755550789755072 -0.909942426986944 -1.6874260881649 -0.58410539616855 -0.655457501853319 -0.836772881400961 -1.29324992542172 -0.67640053740378 -1.32842877963399 -1.07364306045663 -0.630576437393967 -0.721115465174123 -0.564985127471926 -0.471583105899708 -0.75215090208796 -0.722422272131606 -1.15090586129182 -1.00572429117428 -0.93108013493598 -1.30980810176177 -1.13334962528665 -0.877429243473397 -1.04506817334786 -0.819775251113078 -0.809125530067868 -0.916570470282563 -0.481736321932175 -0.634710055910187 -0.770123006117263 -0.718391273101069 -0.245897627911173 -0.972735084236183 -0.70427337179215 -0.610900040627333 -0.412303196861114 -0.612953420771559
-0.41101901008253 -0.844124801495079 -1.11972492746432 -0.812279451274105 -1.30918355990346 -0.549319822391103 -0.549523957960885 0.393710552564438 -0.190398132930022 -0.0892622348780901 -0.459518927033117 -1.45264378880226 -0.836944202016283 -0.998376451409858 -0.937961790706257 -0.779763099235238 -1.24794770450553 -0.960132056280823 -0.901106306107358 -0.561404436151709 -1.17195996205745 -1.17294847122102 -1.03745366901864 -0.793790183319434 -1.06786209642735 -0.901105712099223 -1.21137317423422 -1.04978507818839 -1.1290632286221 -0.901427867653061 -0.998650518831182 -0.967047596695239 -0.936726140064431 -0.66841817066655 -0.696149614872232 -0.789130946549888 -0.915661129330426 -0.748897869347075 -0.781947451899567 -0.377442975253206 -1.00230375433963 -0.588731067746387 -0.627909012667596 -1.17020857168716 -1.3777057985949 -0.368402156413564 -0.227969385341864
-0.0868895330505383 -1.44769193919026 -1.23990017873054 -1.30607606466923 -0.920431724950606 -0.583578035618094 -0.0837403177145368 -0.358212049373788 0.638269885283903 -0.0195833767889129 -0.596631899800077 -0.779293109256038 -1.02135033309922 -1.10837604138056 -0.965781527741268 -0.682783511653289 -0.893676486803638 -1.4396484456958 -0.906761613170924 -0.953432408041679 -1.14220296788037 -1.18772954318266 -0.630919018184258 -0.779525612337237 -0.614818137216065 -0.855828224340345 -0.953997031895967 -1.01077448171006 -1.04444265407667 -0.9625648977586 -1.2800257428727 -1.22516245963744 -0.749520888685938 -0.477572070397641 -0.970679423414168 -0.847524501729145 -0.778671317893465 -0.770059136124955 -0.308514876564393 -0.626932664443052 -0.886093227430899 -0.588422466137159 -1.21106339925056 -0.941536326203739 -1.25937568038242 -0.481077455298695 -0.264568795124252
-0.249365841784564 -0.683622229254426 -0.647213289131148 -0.509850808114259 -1.06011640315938 -0.181281835100064 0.126422564815984 0.253494145350533 0.389912010490416 0.0682515697869985 -0.57157903612782 -0.715510630988404 -1.46827794705801 -0.836393663763775 -0.850456092035837 -0.756690905770949 -1.53596061159168 -0.866303324270529 -0.90025114791154 -0.572178052023596 -0.626885297960126 -1.42950939725033 -0.793835031160163 -0.381863715544097 -0.415999844778938 -0.531189642471776 -0.940001614578477 -0.803382079116292 -0.733027259003265 -0.60144639957708 -1.21991895999577 -1.15209082180744 -0.730871046920816 -0.839277977555165 -0.810317566595932 -1.01966983595092 -0.889060026593152 -1.23616790685361 -0.115826558037346 -0.581507785027317 -0.724835594213867 -0.8699954517386 -0.934342780740472 -0.356388565393366 -1.34285284921516 -0.692661072335531 -0.479965554039605
0.0444123854945389 0.348779083636443 -0.728165952874639 -0.525433650386913 0.201962128061961 -0.59727139549672 -0.407748585124165 0.418945537059233 -0.19066934208596 -0.367060921620867 -0.357712445500537 0.0337751087731307 -0.828975962956269 -0.238939125925441 -0.598688253770392 -1.23706956182636 -0.601671461076128 -1.07035564864512 -0.795838472647602 -0.514839300754804 -0.785933363296459 -1.1880236475 -0.397860182632841 -0.663438389776258 -0.956000842304303 -1.1015919227359 -0.648578133259264 -0.584721305591023 -0.955624391629019 -0.904311439643525 -1.21866148743274 -0.52186584570458 -0.849669321900832 -0.777734671222505 -0.857234246813357 -1.03252069416246 -1.13265066948932 -0.66122469653044 -0.567364131305273 -0.324806688912328 -1.04904598152521 -1.24683212530377 -0.993775753207381 -1.05061265272553 -0.508750005647424 -0.936978238313533 -0.796055076616654
-0.666715052057493 -0.916957800127092 -0.615975058000138 -0.270858461761587 0.13494447876165 0.245868209594748 -0.267218806785735 0.0925805610410109 0.152306618390088 0.0209680444165955 0.141250825473507 -0.505897776996837 0.0122135726139558 -1.02623151087494 -0.912082287183262 -0.598334908066518 -0.89886248015261 -0.863252842906605 -0.781543671239518 -1.20405252160413 -1.1169066907819 -1.35973519507059 -0.63438799313643 -0.537762415932107 -1.1049272123067 -1.07138178424792 -0.971161296148853 -1.22259508531687 -0.882715626174679 -1.01059890749648 -1.17572259171761 -1.19270459784764 -0.586201338116749 -0.293965299079419 -0.773652797449587 -0.913439934418312 -0.507825997958909 -0.468714709169479 -0.655637021243914 -0.324966745378631 -0.762200720453976 -0.955357697983607 -1.14770909837578 -0.677491533354172 -0.770950086760489 -1.30539731582101 -0.904259294923382
-0.363109895914978 -0.584848334539963 -0.153218230251367 0.243689060520896 -0.00523473359176697 0.0507158098256969 -0.109335734729495 -0.118893743910061 -0.511249368111677 -0.510452895314092 -0.324145275091559 0.515978869740635 0.0727483152005676 -1.08611532453502 -1.22934884350348 -1.03087626013794 -0.516593231388744 -0.540450392483911 -0.781433712208739 -0.78164257734366 -1.15052849992054 -0.760018974568728 -1.13520420084644 -1.40330004116226 -1.33661441918163 -0.852977928315514 -1.22078585300328 -0.932268800617029 -0.759350918683366 -0.955748198877206 -1.26749259615633 -0.673215764598415 -1.02088118420602 -0.915980936963558 -0.562357144492552 -1.13996414429441 -0.65793754952048 -0.863787794242795 -0.51726164475963 -0.246837081836007 -0.270275760247838 -0.882447224095761 -0.67370039982023 -0.676934016844411 -0.711605784326031 -0.261867320011245 -0.590514405697814
