wc0.5/PCA/Component-14.asc
NCOLS 267 
NROWS 470 
XLLCORNER 79.65 
YLLCORNER 5.91666666666689 
CELLSIZE 0.00833333333332575 
NODATA_value -9999 
[rows 147 to 167 of 470, columns 141 to 187 of 267]
-23.156168001283 -23.3047246127324 -23.1317166892046 -22.4530558171625 -22.1395191326696 -22.2003075852461 -22.4517748882853 -22.0622536572351 -21.3676629048105 -20.8345025835355 -20.5650635426913 -20.8789353025122 -20.0842940807736 -19.2907421910082 -19.67315565651 -19.7735372406993 -19.0005852119009 -19.1656517696117 -18.9039424653268 -17.7169387549915 -17.7661577420588 -18.23272708515 -17.8908213438238 -17.1518739609655 -17.8753453207664 -16.3449976344245 -16.2537069584957 -17.0950435349968 -16.1252279228819 -15.1447631937861 -15.6133869500307 -15.3185443668253 -13.6662683028811 -13.6779338021129 -12.9692818669818 -12.7735700581455 -12.1906161649361 -11.5213358604822 -11.7826365270368 -11.7795163353261 -11.0143098694671 -11.3965833742908 -10.2935077927212 -10.7619523251373 -9.99319682540732 -9.8293006558155 -9.09135617475254
-23.2699166732925 -23.6154091085176 -22.900092820371 -22.6490619848851 -22.0481043732343 -21.7314379189573 -21.6216896218929 -21.3908359114461 -20.6801511026918 -21.777963275648 -21.3574364686759 -21.149730787236 -20.2306163431371 -20.3039184725938 -19.7446721663578 -19.4512537552166 -19.6784994639455 -19.2541591090828 -18.5682653167364 -18.7733307788678 -17.9836919531014 -17.1396099181063 -17.7102961958253 -16.9911039883452 -17.1523029428201 -17.317032008716 -16.2931463402298 -16.9848136185177 -15.3522412867256 -15.322576899627 -15.032526454033 -13.5498769503536 -14.0597867971852 -13.2091921708171 -13.3895117957992 -13.0054304334109 -13.1005434024633 -12.8807771222797 -11.2712786166158 -11.9754016641723 -10.9902537086647 -11.7052223981356 -10.7700902736668 -9.64116633468675 -9.29193105852914 -9.67129871598489 -8.92827267419772
-23.2948570428447 -23.237456726788 -22.5084565903805 -22.5630760978417 -21.7318637488967 -22.7803454834373 -22.0248546637428 -21.3876373784734 -21.075924384975 -21.1789034914352 -20.8540104463079 -19.610897529071 -20.4122135415131 -19.8502999511828 -19.1394686040057 -19.4085375942495 -19.1351183611466 -19.3307811264716 -19.160229118813 -18.3247411947058 -17.7453457807855 -17.9013283662894 -18.2602298768031 -19.0175293826828 -16.9866494608959 -16.5837872194308 -16.1258068539595 -16.988089302752 -15.0367372111175 -15.3729296747648 -15.0321852897571 -14.1944588960196 -13.8783577609148 -13.6695713523936 -13.2926781593514 -12.8149267893723 -13.1196437964967 -11.7520366891785 -12.0235637880911 -11.7538824535044 -11.3014738935014 -10.5569289098582 -10.2006587705903 -10.2760114520851 -11.0878868374094 -9.64780566278092 -9.10310039050311
-23.4418647792275 -23.2072618900371 -22.6300745870842 -22.7409627401589 -21.9110137402294 -22.9203282083463 -22.7405244902979 -21.407965861878 -21.0396351332961 -21.190391188537 -21.48310842728 -20.8344579763702 -20.574392206994 -20.2702156160723 -19.8454596486215 -19.4454883140358 -19.4256702858046 -19.1501346188085 -18.6828539799092 -18.0648781139876 -17.4479137936602 -17.9046040505237 -18.0773471200095 -18.009740112972 -17.2143152519859 -16.5870629036651 -16.8236206317688 -16.9918003694163 -15.8978577073122 -15.2560195697029 -14.8624353574382 -14.4528775716999 -14.1791329891079 -13.4029772826949 -13.4577877416537 -13.5706195055027 -12.4332982570486 -12.4367152920637 -11.814770402194 -13.11277180403 -11.1902115457665 -11.4038310937824 -10.4111388769523 -10.3816128714884 -10.2284321160942 -9.58412106177765 -9.3280487752752
-23.7614116601065 -23.1815918659923 -23.2168932425601 -22.4511257889051 -21.9441478943191 -21.7629096482373 -22.7367300815541 -21.772826855079 -21.1983068362203 -21.0353819618854 -21.319214475964 -20.850521729439 -20.6049608960867 -20.6492776898149 -19.5327403173327 -19.5890120674152 -19.3413906844514 -20.0112439776891 -19.5436764504623 -18.4877988600879 -18.3906343357782 -17.897645572239 -17.9063601759289 -17.9227920803117 -17.6974132001014 -17.8056913090663 -17.3886264290504 -15.7990291440766 -15.7090754838277 -14.50762938761 -15.0643995836038 -14.271653561496 -13.5677167730945 -13.4894474994666 -12.611627747649 -13.0329487508678 -13.2122769209332 -11.823726205523 -12.5894799019453 -11.3039705675047 -11.0282685434418 -11.7352226284913 -10.4742195248804 -10.493536819481 -10.4195305786898 -9.69869285985411 -9999
-22.9631687183435 -23.795422675299 -23.6969148063168 -22.6276520675783 -22.5607356549271 -21.7820689478445 -22.226070150677 -22.1636323908709 -22.1107658358186 -21.6378962414222 -20.3129964365989 -21.0097304025606 -21.5786115009913 -20.5397253851935 -19.8703341855293 -19.4923234484223 -19.6461195141849 -19.5427513118428 -19.7996299612704 -18.6397537412479 -18.3169050646124 -17.5268779009432 -17.8325326570508 -17.4948426765662 -16.8932951139313 -17.0685547732662 -17.2759805055457 -17.0282831488459 -15.5485305106313 -15.5466847178752 -15.4309127428987 -13.5837497684289 -13.5668923567101 -12.9423625474385 -12.9556166888034 -13.1147760032731 -12.4177813110438 -12.4397646998839 -12.1196387536171 -11.5207719699227 -11.0309709196498 -11.5262838059974 -10.9934302721392 -10.9618729642621 -9999 -9999 -9999
-23.9496047917851 -23.6376500765142 -23.2832576494416 -23.237434026684 -22.5173653014505 -22.409239714472 -22.2420309173115 -21.927059376765 -21.1630626118942 -22.3264799442259 -21.1846745691312 -22.3043791881857 -20.6896235788541 -21.0128565076193 -20.2776599166516 -19.3167111088122 -19.2800886486456 -19.7427503254978 -18.9707549318786 -20.0392472967302 -19.5721367010376 -18.5159159588808 -18.7174364894127 -17.6762247225148 -16.8915526221077 -17.0017918333127 -17.1494289997351 -16.8211333574919 -15.6556182653379 -15.3371024925937 -15.4632906658186 -15.4194611746647 -13.573747977762 -12.8250366113623 -13.2738538433654 -12.1600131457004 -12.6617146991783 -13.048124390693 -12.47991984666 -12.5126496542029 -12.2340840914057 -12.1945030041252 -10.4695097266502 -10.8470314793513 -9999 -9999 -9999
-23.261963971817 -23.4279627503482 -23.083358485292 -22.8144436229385 -22.3709629428512 -22.4146615559475 -22.238809816594 -21.1833449565805 -22.66854280043 -22.6319428540229 -21.5836076359578 -20.6021816448783 -21.4198587561782 -20.7786584064752 -20.6780241813076 -19.7894676794828 -19.4738763688144 -18.7877808403836 -19.8028012028361 -20.1790140021324 -19.9622827522044 -18.1639481557613 -17.9483037392551 -17.9012042776829 -16.8820099797715 -17.0316196934834 -17.3692908171298 -15.9450420401866 -16.3273972682204 -15.8082992583662 -14.9466913655987 -15.7362203529872 -13.6759959090195 -12.993931445884 -13.076655564376 -12.8736528427233 -12.4045453412171 -12.2876184723064 -12.4567147594667 -11.9861462423326 -11.5443082777664 -10.7757789562099 -11.2701475714257 -10.7430204980404 -10.7936107139585 -9999 -9999
-23.6081114214904 -23.8295700306114 -22.9539500202892 -22.8072479757813 -22.2814590795721 -22.6136933574741 -22.4214866005191 -21.8576723220256 -21.960668121015 -22.2111276051309 -21.6782425509588 -22.6936142293158 -20.8597097849542 -21.0955240689529 -20.6705609179991 -19.5069612606724 -19.6121166018999 -19.7505831113994 -19.3750050242758 -20.0962748106912 -19.3084423218351 -18.81071843765 -18.1449938822206 -17.7408634163588 -17.0111329368241 -17.2286718318974 -16.8635016296461 -16.5185601128875 -16.1318101801101 -16.0498903246165 -16.6567340237494 -14.5521075465201 -14.0506001986993 -13.243216059604 -12.6779225063105 -13.7786661935469 -13.2050031600372 -13.0679993071455 -12.0775486506 -12.0804191069017 -11.2488510086201 -10.9047447819592 -11.2089126490622 -10.6235100564028 -10.5788696444218 -9999 -9999
-23.6446956750671 -23.8487518979634 -23.2149763792465 -22.8506503990152 -22.3999000564187 -22.9301046588635 -22.7595647724995 -22.6332040903034 -21.463013727383 -21.8555039299751 -22.5749593474721 -21.5146931699187 -21.2251292257384 -20.2911774754977 -20.9286812485057 -19.7205482370801 -20.522526441217 -21.5013239126353 -19.1909530836848 -19.7303000102832 -19.4053750108225 -18.6928209053559 -17.7108107171335 -17.9204928384602 -17.8771916654616 -16.7149192180393 -17.0786669413764 -16.018292863066 -17.2127188224693 -17.2142760091641 -17.0629384519767 -15.4515040566779 -14.2685529564854 -13.5856883086818 -12.899637028439 -13.6248484120916 -13.7265509045177 -12.3000703218624 -11.9007290699759 -11.5318308697039 -11.3900612340649 -12.2244749076166 -11.2319461919385 -10.7027868425807 -11.3813421307165 -10.6518401594286 -9999
-23.7631974262484 -23.6604577947815 -22.773779065022 -23.1561133088121 -22.8051348813721 -23.9831651411569 -22.4108904696228 -21.5748566501996 -21.3364434211084 -22.1968808714528 -21.7644211518817 -22.563747814138 -21.4981643449101 -20.87806632818 -21.105118019662 -20.0373666657589 -20.3589319515588 -19.391967015032 -19.9597191311355 -20.2675417959266 -19.9488679826474 -18.4322649992064 -17.7972150999794 -18.2809974681489 -17.216874892117 -18.4972970332805 -17.112848047514 -16.4350925082603 -17.5264892156864 -17.5312515147192 -16.0632487960471 -15.7909546375894 -14.8904016909593 -13.8060031156734 -12.9231402116313 -13.1087551258648 -13.14751498608 -12.6566824295491 -13.2667508542431 -11.5293454348144 -11.547485163596 -11.5522822973264 -11.370081139203 -11.2987479414806 -10.7141358472672 -10.9940817187656 -9999
-23.4532412455023 -23.2882933458772 -23.4436449451788 -23.2424001448764 -22.9210536197065 -22.3609110122494 -22.450624038292 -22.7515958717895 -22.3250004501065 -21.7834041807224 -21.9541311619679 -21.6659295108017 -21.1057182760747 -20.9752997053596 -20.8774930201538 -20.1250925281864 -20.5650037258314 -19.1588051149563 -19.6828500990244 -19.0912290259703 -19.5634844995939 -18.5843555122491 -18.4045078310284 -17.99990195256 -17.4175582869261 -18.1679457886612 -16.9016260695139 -17.7179950844904 -16.8375395631882 -18.1922799524292 -15.6862876508422 -15.5914330026745 -15.6468167731073 -14.6819311359219 -13.0837792401024 -12.8302553594458 -13.0102629896739 -12.5036919396099 -12.3496779042755 -12.0850549888026 -11.3605365139747 -11.3020754395434 -11.6436738990008 -11.2949523667819 -11.6352143859486 -10.9731529197752 -9999
-23.3413138238692 -23.352162461635 -23.3159738352001 -23.6287800037074 -23.0613016888516 -22.8579911091515 -22.4046321930906 -22.2858083406085 -22.2053452053734 -22.3150728184112 -22.1047886281988 -22.1373806772831 -21.2806131666266 -20.9957894583061 -20.5154595332 -20.3804053125509 -19.9385338515821 -21.3185994980138 -19.3782679889507 -19.8378962437774 -19.8185958828416 -19.8452026413903 -18.6638360779098 -18.7245037526585 -17.8191906617288 -16.9296933201255 -16.9849253095976 -17.6167362594121 -17.7175306731605 -17.4784775224507 -16.3416313392635 -15.6326814052168 -16.2152775400923 -15.0057057703999 -13.8135317865489 -13.1344257132465 -12.7781417343881 -12.6077037700639 -12.5030156451494 -13.1840881459575 -12.0486679543383 -12.133705212702 -11.9002491040058 -11.6198961850573 -9999 -9999 -9999
-23.5355869250867 -23.8115802994038 -22.8856635501004 -23.6210110485239 -22.599480731369 -22.5993386693967 -22.5128270577458 -23.0284985226656 -22.091242983712 -22.9395812320251 -22.1127356814369 -21.1679537020477 -21.831244062744 -22.1607318835775 -21.3122956799696 -20.985252641064 -20.1487418859012 -19.9707836461107 -20.0140322411606 -19.6977767371081 -19.9424915396798 -19.9970861449065 -19.5528880806465 -18.8550780169948 -18.7678553057409 -18.3409264534191 -17.2407487067818 -16.6821392800684 -17.5773442587984 -16.0026642296112 -16.1323049145041 -15.9488601752321 -15.951829545237 -15.3478569526358 -13.9070417863832 -12.8964540020363 -13.3969091679821 -12.7135789691659 -12.5399689745108 -13.1500373992047 -12.1543419390474 -12.4182749404886 -11.7590910219987 -11.8995728095452 -9999 -9999 -9999
-24.0893238744575 -23.6067115757281 -22.7583433398468 -23.0648195473993 -23.7203664620651 -22.7538431771422 -22.4249798057908 -23.3492717398093 -23.0191103656384 -22.0515508881713 -23.0407198203495 -21.8286714005161 -21.8746043401437 -21.3641276332575 -22.4379361387325 -21.2898548687085 -20.3469937835543 -19.6203920027505 -19.3242651317997 -19.1487035763423 -19.7881918204539 -18.3695656009876 -19.9942811395674 -18.9101054529626 -17.7927210121993 -17.9188007126024 -17.5152007853642 -16.6916615784895 -17.6112352350252 -16.4056291535972 -15.3969727540776 -16.2261815655806 -15.5492951258682 -15.8766637903794 -14.3731358878717 -13.4875469777333 -13.9347113208718 -13.1199564989068 -12.5631038482719 -12.5739158053159 -13.0381354931857 -12.068155979359 -12.1034741672328 -11.8625910767982 -9999 -9999 -9999
-23.6151664136739 -23.6042702216992 -23.786568661647 -23.0384182478592 -23.8643996384191 -23.56633508122 -22.6810968999115 -23.5582476681355 -23.6396559976335 -22.7186994519906 -23.0602123274994 -21.3341078515614 -21.1879715036651 -20.8084051304805 -20.7406664803424 -21.3782325355984 -20.7281182617251 -19.7320056631103 -19.4764701902019 -19.8410285067989 -19.5594153817414 -20.0292666196464 -20.4753781554766 -19.1954521796483 -18.6830555059261 -17.5137728179754 -17.0879919408644 -16.6831411025508 -16.804641340532 -16.6325436116402 -16.1725411532102 -15.7015980585254 -15.7526445870151 -15.6888174410447 -15.0040155322584 -14.1382408284832 -13.4826285206818 -14.032824868943 -12.9285604025563 -12.4786818935228 -12.4392014720507 -12.1755498881469 -11.8404930646847 -12.0153633732586 -12.0559547997703 -9999 -9999
-24.3644324513904 -23.5634598029539 -23.4836508602282 -23.6763958913934 -22.8740009337899 -23.6191330245649 -24.0225684236895 -22.7315694958098 -23.0432209391597 -22.7998223713083 -22.7776438374129 -22.2311113948485 -22.1425921618321 -21.9207485772772 -20.6160261325374 -21.4222869249272 -20.8024688677408 -19.9015175486203 -19.5943070133959 -19.9806559222142 -19.6880024750404 -19.3296654399931 -19.6956728977485 -18.3383339233378 -18.0582464891737 -17.3268976823043 -17.3544439138721 -16.975170677451 -17.4088833094627 -16.6167244555138 -15.2634157778226 -15.5092038547247 -15.8494742895682 -14.9326659631498 -14.9747058296563 -14.3394810362444 -13.6188684668229 -13.8674844741121 -14.8460061028712 -13.5367193085177 -13.0033558925717 -12.3858695430642 -12.1512634209106 -12.1443291990079 -12.0539837673333 -9999 -9999
-24.5196536398826 -23.9033664861719 -23.647204682375 -23.7740954565302 -23.1759205432013 -23.9967817719128 -23.6592085387481 -23.2464691970382 -22.9132616798902 -22.8183788203006 -21.8627840795773 -22.7782374412688 -21.6655289999114 -21.811759117379 -21.8278813713719 -21.4287136768099 -21.5952209835229 -21.0401938879487 -21.1133093655143 -20.869570281191 -19.7504568392154 -19.8997557503451 -20.0743757790107 -19.7582880339608 -17.8376433870035 -17.9296431297515 -18.0182636402632 -16.5671437003033 -17.0234274431419 -17.0187692403546 -17.1458538292227 -15.3632602587922 -15.4963026118882 -15.2994983179372 -15.3036209863007 -14.9672877018374 -14.3348682710678 -14.1456848643617 -14.0718807625602 -14.8609458076322 -14.3725045798978 -12.5909655839051 -12.4895693974315 -12.122774828857 -12.081054330943 -12.3395087341742 -9999
-25.5513574990065 -24.5642396447762 -23.919906374494 -23.1813851255103 -23.6243418507138 -23.1243292861796 -23.92271005396 -23.3636423257102 -23.1583660042182 -22.7101809975537 -22.4550601532343 -22.3704537599716 -21.5262191311296 -22.3412645933609 -20.600151142164 -21.8560787637096 -22.0694639342469 -20.5686661991362 -21.4521509059984 -20.6639331848793 -19.8892054070858 -20.2114377946753 -20.0002858497444 -18.1598158542323 -18.6894195396309 -17.758274624495 -17.3875588740471 -17.049397093253 -17.5769340125037 -17.7060636441458 -17.0462678462239 -15.2233896954226 -15.5458764540636 -15.3624817054178 -15.2405322610685 -15.3516405321189 -14.9025516119901 -14.4306810864617 -13.6517129966636 -14.0209488331771 -14.8611710808177 -12.9520769351789 -12.774704878453 -12.5428071398735 -12.0855541722935 -12.4411546549323 -12.3404270564601
-25.4055834217523 -23.8385444855358 -23.5105130853559 -23.3078596460345 -22.8585057236921 -24.3800637029702 -24.2035356691561 -23.0082224722994 -23.3690822047654 -23.1356891990285 -23.1937227524523 -22.4103338842923 -21.5293940931289 -21.0966997996263 -20.7083751230356 -21.9745197405562 -21.6093693439404 -21.4083637486872 -21.7610517339836 -21.8434347240893 -19.4089058105829 -19.1200377027854 -19.8611574345897 -19.3473115328 -18.0007211137505 -18.232578709572 -18.1057259901345 -16.8104384101874 -16.7629142449378 -17.5799308633773 -17.3629035599701 -15.4518430191698 -15.6887827082913 -15.5712432990906 -15.391331378538 -15.2469451878653 -14.8997948859921 -14.4450902746846 -14.3852898876106 -13.9717809687624 -13.5604103086866 -13.4543759056305 -13.7071889940064 -13.0615379626553 -12.5529452859787 -12.4411939773171 -12.3556475084665
-25.5786876642091 -24.3744977315418 -24.1548860774823 -22.8552955154329 -23.36236440307 -23.7824744832947 -23.5005051186644 -23.9385502717379 -23.086542770098 -23.3907285607954 -22.7339706401702 -23.230229061811 -22.4715986417974 -22.2371769475167 -21.9451227443502 -21.0854745818529 -21.6219414310558 -20.9664682584086 -21.6334440775429 -19.9465583145437 -19.3150511007801 -19.6855849714395 -20.0993514289034 -19.6357266093208 -18.2146679170277 -19.485327405158 -18.2277998791553 -17.3052595262549 -17.8967359807114 -17.8409101400771 -17.6878807109136 -16.4915469944506 -15.4991938671329 -15.5890715228924 -15.1928286132094 -15.718141051474 -15.9476566647297 -15.4073011070895 -14.4476243052254 -14.048263552421 -14.3010257706453 -13.8829889817481 -13.9028813865919 -13.8793102893541 -12.893169670535 -12.6971919603561 -12.8960921455732
