wc0.5/PCA/Component-3.asc
NCOLS 267 
NROWS 470 
XLLCORNER 79.65 
YLLCORNER 5.91666666666689 
CELLSIZE 0.00833333333332575 
NODATA_value -9999 
[rows 315 to 335 of 470, columns 192 to 239 of 267]
173.20881322054 228.086964459552 166.115683296912 238.111846276025 246.864594075617 250.343299740248 255.289124728647 175.696390930036 255.546647521159 224.854041997101 206.645731068855 263.931931657455 263.288020076688 258.071488713583 254.39754709913 262.038621568968 260.870668327922 258.824850967449 251.629904933112 227.43880824898 238.74083206368 274.854963338803 273.078371267499 267.505804390573 266.764792694121 271.337438209025 274.264518551809 275.698701126845 268.851526961594 272.976696069079 265.801036226282 270.557106795778 268.489874529898 274.26639641181 275.743453076636 275.412715766829 275.061279930757 274.555761665489 273.019846594497 278.603455642741 277.865931965428 285.424836683407 281.664761051188 282.867443892036 276.580066179133 274.28507312219 273.44777675576 277.816574341704
170.415496750051 229.421613769436 166.952133550506 232.501506431254 238.031239972553 237.749749899088 240.354081440797 239.293722314511 249.988427449709 250.572771641013 252.186481549526 255.871464902301 262.564624867742 258.698508194474 261.748641211376 261.202724216286 264.319573213099 262.792130598636 261.279246211746 261.429327167931 262.285061299226 266.985380762637 266.923928018063 269.669376467792 273.071639612647 272.70260269316 267.367189822973 274.113069315954 272.16299383868 269.264431080697 269.264932710618 269.423473732453 263.774964010948 265.352714686136 274.187062832124 275.516517485328 272.463513182975 266.155037748933 270.435484426597 273.500446361791 267.421695635927 273.225954647794 273.240271142948 278.879775947363 273.080594629125 271.243555941513 275.315371559354 274.376343575331
226.314611706729 152.074753759476 218.315583244093 228.544374750134 159.326835444627 164.254253755059 235.939756513199 240.468767886991 237.277539719272 250.548819620009 249.294092610897 253.60111517429 257.090170306245 254.91144317161 262.254679276177 260.698440066177 261.20697589599 258.664552623284 267.757858220718 273.564605677034 267.264612913476 271.646309075213 263.824960556454 271.476779197473 269.184873589362 270.157763093391 267.375677537 272.883122608779 270.605544355996 268.782985310167 267.720589799253 264.908364814936 265.171812722534 263.651440648927 274.656674981843 273.008069916657 275.332993072446 273.314352057601 268.838038785795 274.48607743932 265.392405734084 268.887813418084 283.606025786391 277.514256271733 277.665397634669 272.409852963377 273.602408959437 273.954916030249
234.230966284926 225.996633490088 231.895219577367 229.702573788846 237.165353041098 237.368813902908 237.572175910846 236.012307740048 239.781231645391 250.954509869472 250.50138259464 251.04550060643 253.292046795246 252.169088125495 258.127390245143 260.012458875855 261.750062183368 263.536966599386 265.29916644584 267.74351060758 260.322954026215 267.830725473551 267.830211468996 271.266001822 272.012827767295 266.571960120354 274.739396141468 270.62316578919 271.9729080896 273.477745203494 266.253275816808 269.31845109113 264.806635390748 263.879771138085 276.147175030183 273.27910866254 268.084611031487 274.566361210948 274.208271734638 276.140912566078 269.586552270871 276.059384217171 278.57329013088 273.866588457908 276.036208380618 279.526491425415 278.997763897022 272.603207753705
242.539144382534 235.60597434585 167.341655906208 229.028443091503 232.623535533875 237.436205075918 236.671274389881 227.007283317586 225.264672531192 245.493591827058 253.570684107099 253.982050522458 254.390643115638 251.80397973866 241.069172377746 260.908012157654 260.83444183693 257.695123558893 260.231609390008 261.873685529364 268.209952924446 265.795529101414 264.425352264866 272.953612283633 269.504196742224 270.014819500129 262.352401341166 270.93458584106 270.340282419278 268.503114002628 272.97975475714 271.340116656141 272.90430431882 274.981465616112 275.052343874664 268.993382584914 263.983274749053 261.993370908722 274.095070423013 269.342306281431 273.911119158082 266.738972461632 269.369354125048 273.018242916611 273.059329961298 274.250694729625 272.180849273839 278.907866443083
241.413441907935 242.038961715355 238.418292564527 231.998270040273 233.092624976192 237.642609697407 247.801189343193 126.196213810729 225.683622903794 247.337895356097 249.261861614672 257.098059720286 250.896330378508 252.358227851552 257.918983249775 255.964131369854 264.462087132401 258.434597083645 256.379146491188 263.098717927658 260.382524818933 269.531463419587 269.803946007324 267.25466826095 262.429141075727 271.672911996808 270.495599790382 267.621032527094 266.822120147543 268.403281640113 268.595941469491 271.97756258236 269.093127949944 273.85600620033 271.872887718535 262.595265848394 269.622578992537 274.106745630032 266.62894020378 268.579007287495 263.73416543297 266.845397399655 273.325616594863 275.552535689397 275.959090962612 274.378346296376 280.830590128498 276.304703245645
236.547563659792 165.248963980796 243.051374206261 232.619115870052 156.733006225232 237.507853489107 247.214274249414 162.063423725001 243.199158208617 172.216150554256 249.858992060517 247.798457221433 249.294882165014 247.904055956571 252.832161274732 257.830105682657 259.072700987586 248.616040663003 258.023220445449 256.902889232548 254.730709321912 268.408609991144 265.518892544632 270.026526834333 267.647048052472 266.750619454963 270.316853824752 263.879795470571 270.945466401583 266.323722880923 267.87102022533 269.029472851735 269.494610895814 268.560935562725 263.774227173918 272.028955591482 269.996237535615 271.802491207624 267.097569587737 269.471549733137 270.281782125286 273.651291200946 274.165465548519 269.311428328656 274.561641451017 279.243638061845 283.546721920684 281.137259875024
237.284727642832 237.235488577286 166.017113325038 233.031653269948 243.269502647388 242.932958160251 252.377115618387 248.320324779633 239.698624235401 174.392239652886 249.961194472935 243.5751498744 245.845190834547 247.954964726611 247.050229204781 258.082538246741 264.589029168159 242.814250811363 259.151944822822 257.030078022739 249.888476561268 253.185242936904 264.384300848679 263.026496566769 264.102182744459 263.206727759191 262.705890847797 263.263294526445 270.862742669458 266.280024599917 263.606290697661 265.702319674808 271.341021807118 268.944399052414 266.915470450358 264.958198382984 265.7828975865 271.276235733472 273.260645114522 268.140374419389 267.71260499446 266.410243966757 275.779618511902 273.814924314989 273.801042268993 279.347157730304 273.638321990229 274.19153160509
162.0780724065 240.609546453452 238.50097776204 163.973272612736 243.305103373124 231.943469506423 237.227850966396 240.95406091698 240.616945604457 170.49883903827 247.052879993387 245.575144082536 242.872089512089 247.026733206612 251.920985645162 256.728491168383 241.020815705633 253.153370090947 255.664704759881 258.779996190023 250.543440716285 261.710349375156 275.659422885961 266.471470371772 260.908285773872 263.373520834394 265.757171448583 270.115861344421 269.951077312009 267.383910292476 272.095951453647 270.724544423752 272.252842894659 271.937676269473 270.448381847876 263.37374119691 267.675249360701 266.551379190221 272.170605580701 272.102618171885 264.001325302928 266.831169825987 270.092482678745 266.721369833623 271.778104125503 274.936538408334 274.792546657259 288.934799641217
238.562953180331 241.742814392497 237.401216605176 228.701256764232 230.924423099619 226.097399887291 156.609349447172 241.473435128153 246.648117582461 244.608892935647 238.820496984821 242.109306076934 240.19243991902 252.383672987895 249.927814626628 252.263229406613 215.0128907607 239.569721430398 257.309587574259 256.475153680089 253.052009378986 256.453937230478 262.874888036402 265.854226980381 265.423663524505 267.440742889335 260.383358740394 264.339221445348 273.258803706142 268.264455880104 266.650041527307 261.180010678171 269.581390350988 262.592037934457 266.130823698957 263.462470209651 264.032147844293 268.429275024633 268.247268341962 267.205636546717 268.187798151806 265.011657141569 268.685795556876 270.11369885148 277.936973011527 281.886165242963 278.863939361991 273.360055501403
236.600786253817 241.146527198079 149.046519062447 234.376695263372 222.643528838062 88.3212998404134 156.592664147494 247.24222234364 240.93023347467 240.57029777066 241.196335496854 238.157656058644 239.256811402736 240.351773892411 243.632972795664 236.806312221011 214.092364467134 236.613531406124 242.788610791346 263.436243400717 257.783743092074 267.150854619495 266.23470939963 264.580156868086 263.797764002035 263.607180235656 257.087331469763 261.776734441512 263.550559433499 269.149202055083 262.387173120064 259.277392633282 270.191101649853 267.385469998706 265.184732275817 264.985932994794 262.963524498228 264.859732143205 277.959355206199 273.275834403153 266.735923612585 272.722893431935 273.052354840158 273.832766055308 275.95134141008 278.511596639911 271.186059966308 272.050917184305
240.482018019871 228.158635207767 148.007911156839 229.959272345437 144.146334418435 151.268071049968 239.02201526309 243.96731086955 240.586802861626 235.199264860525 233.1802161065 239.604395020258 232.633077522166 245.557398306384 242.066760753568 228.562985864544 244.030978564602 245.383655040077 257.553094836017 256.422605322053 260.624687040342 256.920908270572 268.447539977386 258.51021829919 261.38114038771 263.976827951715 254.579529517513 253.863857210202 266.035474040166 265.020361949197 244.499732437827 248.790300477747 269.751075363824 262.88313156393 262.871436452197 269.329284052917 265.332102996063 265.167925905306 267.573185467859 267.502015165099 267.65072180947 269.638447785437 273.340592127464 270.985180921906 271.876937824831 272.737969363084 270.322596247742 273.07553496392
150.142109554168 223.870692870899 150.04113810623 229.086953254654 231.505816816141 242.927599654284 153.215778500337 160.946132871196 235.647444420324 222.189209460007 209.87466478746 226.423567902303 222.828644231446 242.322574793772 259.68136162434 251.588282480665 255.599589810366 258.26155552338 254.021937571889 258.600625443151 258.846233005672 263.647194134946 260.858019002978 262.750427667175 260.955454658474 257.02660550142 250.694006269572 233.910258010357 253.573421903045 256.473309624521 254.661947455596 240.996097008563 263.314853229151 266.821805635818 261.004493399923 264.472712504106 272.082198363232 269.193151112602 273.803240485589 277.69649666722 274.551372183124 274.80038036258 272.292307047319 265.364298302893 273.206013642297 269.517597242272 272.373841941659 285.225599805714
229.057494723871 144.352043875785 229.691976226237 142.121215673644 230.908584220061 237.569782043419 221.875992689956 215.346382877691 198.034810391747 205.065582104245 215.343120352853 226.718064073852 221.316028657217 232.793547231334 257.8413310054 255.798157347654 252.646920306971 256.378147638597 257.354192740627 258.116877679815 256.417484248777 261.537588716568 255.337682763409 263.175364184681 260.836169860563 262.751461777225 256.542434898674 249.386091425841 248.399208500059 264.411523934502 255.507389602128 245.107380420932 259.103448288797 264.104175728422 267.238219740826 263.695577912665 260.482271296167 274.209208396236 270.734531338594 270.989191527823 270.875872652724 277.997798099791 271.9472632002 269.34624349822 268.192815200098 270.825021632865 274.058991574512 282.115667127356
142.426363689733 141.856718700481 144.669555998325 225.607458689268 231.31387129445 139.57704754034 207.613412752792 201.532377629772 210.416108091635 205.165843425185 207.077442145225 206.525023225114 240.441692440944 244.715146769918 248.243871953812 257.348338285835 257.521165986444 256.736927371946 258.756018317179 260.139453914047 259.371193902788 258.745212534603 258.462103944956 261.539448194506 247.688884905753 260.852291531378 263.389859538787 260.05686171146 248.557233377404 247.928266544496 253.255041193285 245.964264905901 274.429643655459 264.141465298509 262.575620383648 268.718773045912 259.230137273185 260.79026692882 271.47721298444 273.122687433717 275.774759188277 274.528484802868 272.000434764622 270.401531704853 267.811835541248 276.70512040546 273.893463189896 275.655100162134
224.926197551717 230.466112922181 224.994042145708 221.127301555742 229.758833610586 227.764233080772 194.143993603651 176.558519451708 187.131731859132 206.454465264563 217.137062120808 213.127196697716 244.087910812636 251.473003001512 253.840734991145 257.097101924378 256.181698467277 255.493460208674 255.6726800752 261.441151516583 257.170927258582 254.291388405367 256.874344688138 262.110572682361 264.599876437917 264.296600087304 261.142202813167 265.313712376518 248.617331604092 251.913535705774 257.068526035254 267.528542700236 266.512025931742 262.112634929247 266.831722775898 262.477853859189 257.755269965088 269.049910007992 265.497533421197 266.283261292185 269.165955500273 267.890451808708 270.322974694747 261.188157391536 273.904158565852 274.429044502984 277.156574760271 270.920998708595
221.690622704754 216.527728464469 138.722383691917 137.181738520632 138.923544292009 140.043769053496 200.489105352318 226.441813551942 185.633667990953 209.731434931256 234.352848352672 219.555175528585 245.884300371563 246.684981168301 253.365076037531 255.393026639208 257.907614137056 261.165088384079 261.507720162995 246.984503538733 252.769985990586 251.490727349064 258.153980978366 257.989578668244 259.208766286607 262.89784159542 261.335572280467 257.310944791439 238.604242434008 250.543691123077 262.037334301543 260.481843187816 268.518571585628 264.725679135947 262.964648277117 264.730901029704 263.631124618025 265.297207818518 266.209044988939 264.742703958026 265.844763871196 267.308579186604 267.86469824574 261.985408245531 268.306427825022 267.37399434748 273.011106682818 275.175131829693
128.221532666658 227.791044258808 226.410106147679 137.681770013968 225.644785084664 227.240521979985 138.578865113118 142.348437972864 186.458761581729 194.21173769244 231.465435540798 236.247193516487 247.711518672146 244.380568584778 249.965316685352 249.690434118112 258.842096311052 257.030896928165 251.977332105758 242.395859781271 239.247944839797 237.400680776167 247.236118737364 245.160437062491 253.442168507521 259.071123078719 256.239850858634 255.052776830679 255.813625942967 255.855125051059 262.509763964864 264.690917435565 261.274161456959 259.455632695019 262.709726977813 267.647366251689 265.174504179105 271.099893775435 270.599091873091 269.828540287954 268.094686792774 269.094905914716 264.082732580836 265.820204732498 264.189772959031 271.176326419982 270.599674451762 271.185261130643
209.017664712019 220.366567903975 227.77834765806 220.949712354401 133.29904223712 226.531067459649 228.234556099706 196.722604440956 173.855524582332 172.310089044379 208.506884971459 247.438407364753 245.131609526608 236.078192421514 245.443542864566 256.775551217659 250.38218950916 258.286418375003 253.719928169877 236.916767506062 225.738654136708 224.197786807445 222.69286528849 227.121625806046 249.303716581449 259.474694924661 250.540967334203 258.906397191348 252.211137918484 266.23502073444 258.960290842324 257.473580274948 261.871050864981 250.085453796446 254.359115252985 262.264275594537 263.899469580243 263.825769864773 269.583339813123 270.671208621444 267.703680452685 263.573414340928 268.214953180802 262.34298640884 265.790398001825 265.654761235109 267.583777440787 271.747422143826
207.601260941881 124.637736290667 127.692084601127 220.025937596129 128.653411077002 216.666412763074 229.782634168593 201.395459806233 196.159311871615 210.120547227762 228.876717787919 247.580015414472 234.172624540156 233.177683953902 242.521870664962 241.719094510704 244.310378957801 254.136299388833 245.953276859254 236.874258139008 227.490071052335 226.511522579985 233.317410797451 220.132044106254 218.806032860549 252.432592715385 254.080514897415 257.95814539682 251.934256786123 255.572237596378 255.906616108606 257.466698441638 261.6553790449 254.204372285101 259.694937085148 264.959605098765 261.780486133993 261.098936274302 262.362395057104 266.373084051765 268.409628350178 270.372959639945 266.231199408896 263.223186113389 267.30015675854 266.235926323429 272.452591844894 276.949490868931
70.6251335497817 199.702286773032 127.443254704427 221.451151474438 110.614274004109 182.714767618551 224.074849848474 224.76288130568 123.231088984649 211.404650377306 151.060701308695 197.601446953153 209.891208952978 243.309957035353 244.753400201234 237.543229610296 243.434471439777 248.560383729996 242.992257005609 237.676897072611 224.00274270736 226.384576771673 233.824332473676 229.973863868549 226.455741335373 237.113774812267 253.626321096641 260.7305586522 253.015018361871 256.9549754412 261.749791071309 260.247719252137 259.053842700572 259.251037104161 258.353342726622 252.581447712168 262.171577537326 258.707609120389 265.477814286125 269.954029324421 260.471416483615 267.274600625725 266.825305479757 270.417943157045 267.796918725362 260.53798034633 265.979920348426 271.077343627829
