wc0.5/PCA/Component-18.asc
NCOLS 267 
NROWS 470 
XLLCORNER 79.65 
YLLCORNER 5.91666666666689 
CELLSIZE 0.00833333333332575 
NODATA_value -9999 
[rows 231 to 251 of 470, columns 141 to 187 of 267]
-1.11893035196964 -1.37108586566264 -1.1724354386888 -0.867967929148843 -1.44649592839235 -0.873741799371755 -1.16957674135205 -1.23621566995076 -1.30032675908119 -1.20877174088635 -1.28182912283594 -1.53688685113949 -1.71394636391496 -1.33599858692249 -1.28207757626422 -1.29659282690015 -1.07690155004786 -1.0464257421878 -1.25377054261642 -1.24007533363767 -1.06181246864771 -1.22408211244622 -1.3346135917399 -1.1421201592118 -1.14976503109527 -1.23782862954666 -0.646005899476581 -1.06221103560179 -1.15030081025179 -1.46142884152642 -0.859030403118708 -0.990061018610424 -1.29994685318628 -1.27168378225309 -0.932006875518527 -1.11099795951056 -0.807732999387551 -0.403493442524604 -0.876109686910502 -0.46194347340383 -0.820805196962419 -1.35480393919447 -0.671634252774079 -0.580673510676778 -0.671270785776224 -0.716092536593067 -0.664275978788894
-1.17554390345363 -1.52346652598652 -1.12584686140621 -1.23141782431255 -1.45179880332432 -1.40408349905087 -0.870839892075701 -1.14431735117128 -0.72781024088099 -1.20733984968071 -1.28037628756828 -1.18593901841438 -1.21078512733953 -1.59365622885157 -1.45306065835769 -1.39352403097334 -1.07728644245647 -1.06151101211942 -1.646063178455 -1.35906001249837 -1.10411722597055 -0.666293698583999 -1.25372936200079 -1.49077876963777 -0.644823580954798 -1.16418591604241 -1.23722592456748 -0.529218308663799 -0.721701611590729 -0.840671969366385 -1.06177356465529 -0.875241041153549 -1.40379301615757 -1.29950967297783 -0.698080005755879 -0.918662245878687 -0.511175511393556 -0.608566714635393 -0.876133378410216 -0.688611658327581 -0.524391166606958 -0.570994401093638 -1.02906062368575 -0.447391010872023 -0.67012381852925 -0.908771722081054 -0.70087187858474
-0.859923907717007 -0.953860622610258 -1.27889306046574 -1.02233497072436 -1.59943813284556 -1.35376035742297 -1.38643622293327 -1.1580183468656 -1.50588432080376 -1.1061580983689 -1.36491930393882 -1.31166082079236 -0.948493152042877 -1.38418630599746 -1.55288724085761 -1.45033341106246 -1.32176485271333 -1.70424986855796 -1.08613061510577 -0.443461457793481 -0.483055981886585 -1.27851906840293 -1.50687051453311 -1.08615204904063 -0.600267167315192 -1.22247524135395 -1.23707799259478 -0.529593604871786 -0.632903665107531 -0.721935896808361 -1.46172785862391 -0.875169226280456 -0.606535186394543 -0.637769956439985 -1.16791455676804 -0.858786610152595 -1.26561533814614 -0.421718145320757 -0.496545559641429 -1.24779450928624 -0.715003545189255 -0.907455180298813 -0.68656038573778 -1.04428787681838 -0.669853803032167 -0.669502091041444 -0.71394591007486
-1.23912209767258 -1.4256229962232 -1.47684142577063 -1.29775369307198 -1.27120304298289 -1.05011726821987 -1.0911854770688 -1.64364756876698 -0.950519888892391 -0.664412825247569 -1.09881366636525 -1.64835541220567 -1.19081154014123 -1.13719682562969 -1.67803183329551 -1.0295938468303 -1.67073916194479 -1.21217584971015 -1.58125713670359 -0.867485127649396 -0.638317188221292 -1.16588195525254 -1.50675565111604 -1.01994967730296 -1.35609726678763 -1.14686381265613 -1.43512024152822 -0.775419143765368 -0.906382894540967 -1.01396888641416 -0.605125454521751 -0.740108664013729 -1.35197424408839 -0.924348412513484 -1.05164802014925 -1.36252121378544 -0.996897029118732 -0.509710484136776 -0.701624063888782 -0.454759941488285 -1.2805381144222 -0.811273559337521 -0.833693866132356 -1.0419963263255 -0.95417540278845 -0.946678375462534 -0.735815685625994
-1.38838691637777 -0.999497275424352 -1.45130366360364 -1.06546087404612 -0.928814378732835 -1.58732524050279 -1.34061444685284 -1.63331420443331 -1.12785609543223 -1.20510835451521 -0.78583939217556 -0.904026185189391 -1.04769859161171 -1.20502691036857 -1.2304273441048 -0.940824883336895 -0.813862243608951 -1.24682159262214 -0.879971867998536 -1.45014725568589 -1.06519229708272 -1.05778544070263 -0.766286833534102 -1.28328847574703 -0.575742016971445 -1.48776597992082 -1.47988524929209 -1.45319859799142 -1.30492075804733 -0.671452926411881 -1.20886357131326 -1.22506281328237 -0.268716604018748 -0.724381564117697 -0.931191116747686 -1.09610974145987 -0.232918119671939 -0.610945284946604 -0.46440096128972 -1.14719307511657 -0.453474540515341 -0.715787412583758 -0.228562083225347 -0.376149223901188 -0.505597876443487 -1.08024859502312 -0.877630657180957
-1.72816888575618 -1.34167644968976 -1.59511987940184 -1.40395526185239 -1.30340983955525 -1.02823266137744 -1.36579920491818 -0.984747333431629 -0.99288838445578 -0.833806218437031 -1.51195119665598 -1.37770878100976 -1.79324566619622 -0.898650020762005 -1.4375134398736 -1.54313888885946 -1.40278648827999 -0.736020077913417 -1.12900220795035 -1.08826496042562 -1.17473480437415 -0.323976209179388 -1.15871474098562 -1.17870592159344 -0.885801729879294 -0.918171482306916 -1.00683489777442 -1.14759457546258 -1.12529417177154 -1.21648418020983 -0.715990111892621 -0.70944658527295 -0.54541961425631 -1.38203740760739 -0.50595571972283 -0.792936143682904 -0.218339528141718 -0.638549525194365 -0.201481009438714 -0.88142276923295 -0.393654520619229 -0.834349010205888 -0.687299011624414 -0.23927169988382 -0.122813224446013 -0.633344434841418 -0.991309435224463
-1.32319052487884 -1.23278462714978 -1.10954476528037 -1.58527790959563 -0.896498511543517 -0.789471317905192 -1.43213761429052 -1.31629972616575 -1.31573664049974 -1.19838273628992 -0.861697938493031 -1.33499300485662 -1.18297444565062 -1.83756537286934 -1.41559333938172 -1.06236703483954 -1.06159218791473 -1.08085141006765 -1.20578857415174 -1.26698341194198 -1.07672545973113 -0.816355282877571 -1.07243706979963 -0.965848789432169 -1.14997700579162 -0.813130759804623 -0.726234707334155 -1.48039595557307 -1.09462713778178 -1.1254068164025 -0.430466945344908 -0.604033058152578 -1.23942260768387 -0.885801540699949 -1.07016684061114 -0.343099788750605 -1.37796407756801 -1.03452004600739 -0.995524826779305 -0.55527250866115 -0.423589473539896 -0.319480639484432 -0.662724973079985 -0.395425592436981 -1.07034103898773 -0.559276768369437 -1.02120998105975
-1.52642395703705 -1.19597764082842 -0.627974166777345 -1.13973592153849 -1.33612650110421 -1.30543115479803 -1.57881561182086 -1.28655226306436 -0.804905134368115 -0.480545163062551 -0.876905914411574 -1.28771111707271 -1.20779500443214 -1.54292391265103 -0.907319758417448 -0.635113342561119 -1.53409298376736 -1.122952321301 -0.674274211561234 -0.660427792680062 -0.95636325323833 -0.725535801398576 -1.25427616028561 -1.09141660686246 -1.06326828270742 -0.776751675615193 -0.837614421971592 -0.919100542276382 -1.31911114837534 -1.09417949330014 -1.12496702012575 -1.21141039199613 -1.02697200885082 -0.474139631889924 -1.0704203513001 -0.521457637836471 -0.53920635516732 -0.905812583701867 -0.372007574593413 -0.555539672694746 -0.438570995429227 -1.27996314494441 -0.305490874583202 -0.284790850064435 -0.510067233009675 -0.201204637616275 -0.632973601974279
-1.32658195380672 -1.26467337981178 -1.26508785212745 -1.70902157013492 -1.49731056628463 -1.43118317756798 -1.10945398053705 -1.48197774143485 -1.21511420787852 -0.572534264607815 -0.80216598137918 -1.63780030407946 -1.24294932630582 -1.05093760907885 -0.94251723243831 -1.07574464824451 -1.32704471103505 -1.70969610610645 -0.935465628689179 -1.16861349315205 -1.45706026844002 -1.03111811219142 -0.729633416338976 -1.10628721953113 -1.06162832953704 -1.64842021440019 -1.40250684718871 -0.584797954635228 -1.55435211779264 -1.24435555966803 -1.12331288388097 -1.06210732944284 -0.812329014397675 -0.938111929477509 -0.618771392011986 -0.752467709886174 -1.02022516328859 -0.505993262984451 -0.752750281402697 -1.06775459971174 -0.423771169355764 -1.0419384269734 -0.394588272613405 -0.449155877174065 -0.61034947012407 -0.65778353203927 -0.633221880526649
-1.47299756441542 -1.28584734963732 -1.35821125672152 -1.62071690741762 -1.21787760805112 -1.44771838122807 -1.43134281815398 -0.964841331388036 -1.55150563191299 -1.43382926944302 -1.33199283812294 -1.39217533939629 -1.41561340048068 -0.916719037358645 -0.807088086128625 -1.49571362813949 -1.51085804121058 -1.28527576428005 -1.57096333807824 -1.54022699526959 -1.69977755545519 -0.766464587579491 -1.19300837245207 -0.762653317066504 -1.06265886818636 -1.28515719112346 -1.06233251560763 -0.81373709308439 -0.526036673380099 -1.13354485156116 -1.23396576326641 -0.437757273007898 -0.941583185096702 -0.619395500172897 -0.618699577138892 -0.750575333244102 -0.594031118020204 -1.00746990601018 -0.670644396567927 -1.216280309286 -0.583079034199631 -1.29357311253409 -0.542119895323908 -0.0299681625531292 -0.31918203672273 -0.563755926900092 -0.0750002978474813
-1.63006814756466 -1.34642441482303 -0.939029820617664 -1.28281316341484 -1.43337140731662 -1.24492576060061 -1.34788891797219 -1.15380736539885 -1.54237594525772 -0.999314217959716 -0.702877245155719 -1.58732677905076 -1.00524501743383 -0.920970704015791 -1.22528676984561 -1.31385758274636 -1.17025784813031 -1.20098120714267 -1.74756313142884 -0.721290750803733 -0.891201384152846 -1.04427934013132 -1.4443880208825 -1.45547430550299 -1.06347569244704 -1.42796640067606 -1.2975345671081 -1.3876109320898 -1.0821110796713 -1.10895944111441 -1.54089576743878 -1.45785570898175 -0.963645508859523 -0.664021441140258 -0.717591138541081 -0.489067574562158 -0.592337247767154 -0.506288511145626 -0.479651480570189 -0.938906247196639 -0.997945823596361 -0.718255372950264 -0.499620629111243 -0.863074173307541 -0.0900382341901684 -0.193958730971071 -0.717949127894343
-1.76806776310129 -1.20730428745262 -0.919020244229657 -1.42103530242506 -1.09298916015469 -1.28733760848837 -1.4643847304054 -0.697505199887775 -1.40988409297114 -0.999828279314542 -1.31749987259043 -1.35396695341226 -0.680242988846478 -1.585682678343 -1.02672746117523 -0.708160631798704 -1.00731151403648 -1.83228798516868 -1.17767391230672 -0.995866449527057 -1.72811218570547 -1.62408286089011 -1.24980753185903 -1.12044170341292 -0.852182011002228 -0.694103522991643 -1.78764420893994 -1.50267593284708 -0.732442027407956 -0.831953987684645 -0.737030626261888 -0.328460039379266 -0.874952681972887 -0.75169907520194 -0.502975916694904 -0.489695253723268 -0.326224192937707 -0.4767680182847 -0.465578178410598 -0.242917626425556 -0.718757744844234 -0.379237943417214 -0.451426608872865 -0.320019971987384 -0.296013193714474 -0.404935122529208 -0.61189295438931
-1.53673999226149 -1.60589559980878 -1.17681258413711 -0.890559000773725 -1.03001190603352 -0.804755663177763 -1.48048072860134 -1.20322620372822 -0.821741147603056 -0.793133394852564 -0.514678864762143 -1.37294371701175 -1.35839347880324 -0.682235834531825 -1.13130719695194 -1.61325208640829 -1.51909562956663 -1.44477748724353 -1.09525630071315 -1.75990545546694 -1.61213092460886 -1.22143396287352 -1.14195769826004 -1.00628010622219 -0.717063751903269 -1.54656332698757 -1.68678635568726 -1.26754163159784 -0.885680057543373 -0.432073315940136 -0.535285410269311 -0.535597235784162 -1.12079216874389 -1.27766114666325 -1.33596085858049 -0.532180539496159 -0.563518708474195 -0.611178596527296 -0.71395409330066 -0.582178164469484 -0.805922977771516 -1.29810047409426 -1.20128507150737 -0.0444900711736384 -0.741450576701047 -0.521991179992093 -0.52121879260104
-1.49831713926835 -1.05111466090384 -1.21117611658149 -1.03253047031464 -1.27528846204148 -0.77486405148593 -0.608683398809743 -1.30568681301897 -0.924405954970511 -1.20283228447945 -0.529901766416185 -1.37780166951472 -1.40445020615529 -1.28502478082793 -0.863726505317374 -0.66413536473363 -1.16768962769604 -1.19207806325527 -1.63748956252998 -1.61142314003223 -1.48130230518487 -0.659438491828437 -0.733209164807381 -1.22183196152112 -0.502472471641283 -0.690048851899765 -1.30277823344015 -1.68611935628957 -1.63857200872105 -0.947374290492193 -0.66754748511252 -0.707665433873544 -1.06634209553016 -0.831247817700346 -0.860114414509028 -0.651234201273636 -0.356324425322593 -0.754162035193807 -0.378017602322589 -1.00694014935302 -0.226174675353696 -0.763811348265927 -1.20125591247588 -0.420029103807901 -0.56110838285722 -0.256678209852782 -0.256933901577286
-1.64735509320376 -1.45753513416513 -1.1135368377367 -1.37924872240228 -0.875737913125738 -0.81114407086686 -0.717107646227981 -0.784412549200712 -1.13773481234615 -1.17240530892061 -1.06230038746932 -1.67397788802606 -1.27545650721817 -1.277214070686 -1.61755568650734 -0.560743739373675 -1.51922745768418 -1.42966892621122 -1.08751728249167 -1.28517728995475 -1.31171525084299 -1.118870677101 -1.09772097468491 -1.59860654452656 -1.02989027431988 -0.748539535005145 -1.23769596940562 -0.907739461115038 -1.18696428063237 -1.23810621564204 -0.7271802023815 -0.832273053423771 -1.29909273171702 -1.30619427678804 -1.12020528142878 -1.1362352907651 -0.606548351554765 -1.2352399942687 -0.121803944661826 -0.54024705341961 -0.703508560716012 -0.685425856419928 -1.19395717001005 -0.330865310358759 -0.675305965451105 -0.107179562743803 -0.168243690758947
-1.9602451538432 -0.73977333934789 -1.24758690958524 -1.20166409425843 -1.52979938574127 -1.41074287879932 -1.72242675477205 -0.70756946751239 -1.72001183539342 -1.41215395900982 -1.30044390474367 -0.592597452680461 -1.37944092726375 -0.991704180728697 -0.654885993146283 -0.757671969708477 -0.782140295825143 -1.27043108763042 -1.53333491288889 -1.21180619870126 -1.6777995078401 -1.10999387639793 -0.867579803017731 -1.40818412293678 -1.53469150276834 -0.659908989401157 -0.515346540312959 -0.906425755274801 -1.45342970051719 -1.48213253407717 -1.33079658290602 -1.04983290948703 -0.751592913412481 -0.368959312954962 -1.42695003232034 -0.775599914671053 -0.156502748814535 -0.743712288157959 -0.239352313161678 -0.540024925900717 -0.123133969101739 -0.772611529680289 -0.757213981874582 -0.334753996074556 -0.46476261380413 -0.912443784628655 -0.911948834821469
-1.15921977422301 -1.5465325174476 -1.96741143251712 -1.25530141802855 -0.684680136258352 -1.05843562503894 -0.85708703404614 -0.955407548109667 -0.812587751117176 -1.07393611120873 -1.33486065469629 -1.54605881086222 -1.04678762732492 -1.00647344988743 -1.56775544903509 -0.590570404768451 -1.26811493082174 -0.966686920393532 -0.650172658139066 -1.02824829185158 -1.09290303247665 -1.10349954766918 -0.874197686890781 -0.649776698086411 -1.60050726079181 -1.32488831760973 -1.11880974974156 -0.906475833203182 -1.30785922831475 -1.0940037974475 -1.25680553732562 -1.41488339572949 -0.77546520885967 -0.489076775981643 -0.48850536181741 -0.38710296825006 -1.06652242157389 -0.675851758875801 -0.595563370628591 -0.538201165410804 0.0407254953220696 -0.122847439881887 -0.671159003120302 -0.336904689424078 -0.774010476037422 -0.405166909449137 -0.12570242936977
-1.5333850473668 -1.26953256391614 -1.43241402104748 -1.63202143092883 -1.22871175395466 -1.59417702242291 -0.83348872303245 -1.24939103507002 -0.96415643477218 -1.60988420660805 -1.38002063840465 -1.5718060553499 -0.622012548219227 -1.00655274054283 -1.34522133765181 -0.864173401666243 -1.50951353013975 -1.06407188613272 -1.28320464809579 -1.19483321111561 -1.32841379524199 -0.881783511974555 -1.50730613802388 -0.323012347945294 -0.428455265369229 -1.43749390892872 -1.49336182452438 -0.686740863197027 -0.937813816984694 -1.4370555151637 -1.19060665007102 -0.78587083917497 -0.362256167486743 -0.673073972197301 -0.603872330101141 -1.0209188248286 -1.20312660309848 -0.661825717141827 -1.2135670717218 -0.508000571148056 -1.00752761677009 -0.614751253267761 -0.478577200886247 -0.520293157033234 -0.247442091214686 -0.365480319185305 -0.34815553256036
-1.44055338462976 -1.01276906543202 -1.5460692524502 -1.76333241374243 -1.63571486112879 -1.85903236292304 -1.46940297687775 -1.17148034686691 -1.41562067199219 -0.716006083438686 -1.23334788400315 -1.51311458902426 -1.12198902483142 -1.35086208626465 -1.31665005371118 -0.889041052708889 -1.37080638934029 -1.14719144919523 -1.35820240261165 -1.4298758470469 -1.1811704030383 -1.36099657050721 -1.44032187236901 -1.01969730565767 -0.981966380112404 -1.40803569735047 -1.28851003730572 -0.338999004106327 -0.370322568015475 -1.3375446336852 -0.819415606072399 -0.949160096533768 -0.671776780079834 -0.849761753968253 -0.733618402411063 -0.314586039921583 -1.05628526941424 -0.38137867490583 -0.410818171960766 -0.497727438451622 -0.847545803413451 -0.121018794512829 -0.256157854552233 -0.829202040359781 -0.416295516110869 -0.536970530997431 -0.295579366385841
-1.23419096336067 -1.04823178116399 -1.11688104544402 -1.83790691894721 -0.579219377651996 -1.50931227759501 -1.4502912481429 -1.09382169108023 -1.44757123814918 -1.54515595686975 -0.731265761386158 -1.10487460713154 -0.503717006239785 -1.49457155736456 -1.0759154821058 -1.33255992086782 -0.954655904404705 -0.514229006073411 -1.19525606851782 -0.974089706611558 -0.649531584972148 -1.13837942410059 -1.63321642438827 -0.954778109545304 -1.10507678069521 -0.80074609641538 -1.01591191346442 -0.955528378974906 -0.384050886026116 -0.630372619681406 -0.856992428786342 -1.28168953847092 -1.11256763938029 -1.34948654307708 -0.749840512021861 -0.795003509672229 -0.765733902517349 -0.227560206974015 -0.844860562946494 -1.09928829997281 -0.375527086788981 -0.322004636134906 -0.582439402429379 -0.406149602444025 -0.196617025229431 -0.977195933214788 -0.790600681938234
-1.31699740859983 -1.20958520580058 -1.04742543319416 -1.13903844047512 -1.05009886471901 -1.23467539152636 -0.318545834728831 -0.568663126581513 -0.484850896625163 -1.35379497420209 -1.64682412538928 -0.914097716405754 -1.22515591496421 -0.50355870469092 -1.68759535369274 -0.971995383843104 -1.46782324546715 -0.403917626054448 -0.515590512889184 -0.591290009418208 -0.59022552155526 -1.27510019839505 -1.18694501722861 -0.971029498220416 -0.937736801992692 -1.03106398925544 -0.413468928905314 -1.07461718779753 -0.790922139917595 -0.714297231197198 -1.2096733833882 -1.17599070084896 -1.15750777357252 -0.582871428796632 -0.760150606945149 -0.639746097744437 -0.679004906528284 -0.500350308259193 -1.11775140274107 -0.481149374424166 -0.336506362526958 -0.497411480616703 -0.528408401877202 -0.272648191686539 -0.747404541246306 -0.501999660435495 -0.665944126060549
