wc0.5/PCA/Component-15.asc
NCOLS 267 
NROWS 470 
XLLCORNER 79.65 
YLLCORNER 5.91666666666689 
CELLSIZE 0.00833333333332575 
NODATA_value -9999 
[rows 420 to 440 of 470, columns 141 to 187 of 267]
-1.8021713222481 -0.755254699483071 -1.23119200203527 -0.505727889809455 -1.11693486320715 -1.01614300514253 -1.19257741526065 -0.561774272531364 -0.580590170571124 -0.345062843200445 -0.431721858406389 -0.309726339577463 -0.32858479965687 -0.24487200020913 -0.203335353058706 -0.196117266912739 -0.225088665524119 -0.158869483266475 0.521038677813648 0.639395476650987 -0.211989050212087 0.524841499296808 -0.205978834278588 0.130666357337412 0.0933014815434087 1.10962618870227 0.844549827507502 0.367790540252328 0.334899983428476 0.936303317350631 1.07554980821143 0.411581221218011 1.09688758667331 0.69700162937497 1.84029993846488 1.23880100887019 0.769892333668014 1.10506935934378 1.03027021174964 1.46632248796198 1.08005606071635 0.812102330974531 0.723676613773382 0.918586255393109 0.851884266442907 0.809757591895221 0.336614976813617
-1.33665693769085 -1.9612550174805 -1.07135820261007 -1.26140021847328 -1.26629014759422 -0.370714679584068 -0.634978428880579 -0.612474396200347 -0.679999461050039 -0.475142747872627 -0.363872043501811 -0.472822110549248 -0.366998065374081 -0.340127792754439 -0.348188989972021 -0.556113351021867 -0.147260237644227 -0.477290828110322 -0.346494706477762 -0.0814484394793752 -0.204075639727833 0.915479231895127 0.318637618217645 0.0110076266319243 0.0308231529343191 0.149132374820772 0.726527698739014 0.927131495284566 0.328457317068041 0.365625210083092 0.276666302164685 0.254107111058975 0.196906501284304 0.418173316180229 0.980584841461089 1.0586896364394 0.508102024203569 1.31361188183178 0.852107795919904 1.42434466335778 1.19799330794266 1.19524814583331 0.904000546625586 0.890443282417967 0.710126074711976 0.719412474105446 0.882282388911005
-1.33427321134026 -1.21493668220417 -1.30752322721755 -1.30311118559649 -1.10665920374384 -1.01664021333412 -1.07912917718412 -0.445744704065367 -1.56264847775186 -0.864815354107807 -0.783655129079289 -0.90197164707479 -0.487471199239564 0.360959692112662 -0.119922334080775 -0.550700935527331 -0.885827083425923 0.0302015950503757 -0.200256822561672 -0.456285700084521 -0.458627694339976 0.424681050620319 0.136028098182647 0.20993669829678 0.36692904124205 0.182588378458191 0.860598875996294 0.389136016415139 0.363719179108511 0.938076402717251 0.336903783418622 1.14681761874146 0.202554061590978 0.202659370776996 1.07493098146718 0.52755285551899 0.414771216638664 1.04843522801052 1.07371037311518 1.13079607766466 1.41048188334792 0.880874801543205 1.01425469971852 0.857933918820764 1.84285626018748 0.274913248439186 0.577138771403661
-1.27419547994803 -1.83352789975585 -1.96593859165267 -0.719131304778736 -0.975047495976512 -1.03677436222534 -1.66427197595916 -0.93701405240534 -0.628765465301694 -0.960589850548431 -0.883623810123954 -0.856444150135744 -0.93118458134653 -0.201610975686381 -0.77106165869703 -0.744482164561689 -0.515145316260152 -0.525572852452113 -0.588198104707382 -0.674404219647783 -0.27970885809351 0.0245844008740791 0.293953365617151 0.269336693513168 0.277513884582204 0.435442358293975 0.453397398974696 0.234320548032228 0.326066191524893 0.194556702219303 0.52459473100499 0.418526231689025 0.902906414574197 0.934589396132901 1.09106192081609 0.968247520415218 1.00061420298105 1.14337316057425 1.34065769964379 1.2708157509004 1.45250009306549 1.25182312669502 1.40984319651393 0.862997977290239 0.39408559384512 0.374242219314874 0.622662598183116
-1.74774698618582 -0.990946912589085 -1.23343525189912 -1.29484070442722 -1.08156306510166 -1.04134387917699 -2.01175732901568 -0.931282486816316 -0.928201893649636 -1.35673587780631 -0.933339635348661 -0.340146510438498 -0.134927015098933 -0.412641335704058 -0.750348456632252 -0.150482441305528 -0.088666827703892 -0.0522073446613213 0.0503101064478633 0.0414452413462052 -0.793249278560667 0.28744481115996 0.23152934165713 -0.427625142443069 0.333430606326526 1.15556721017379 1.09413572335719 0.483331542379387 0.367546031919134 0.884013797176298 1.26116343007632 0.647921880688388 1.03481363430022 0.496703842607643 0.535559254270087 1.08452911696818 1.14639318965503 1.02960747111897 0.761874629508298 0.234955565550481 0.370593741120606 0.816806594188595 0.841712328981058 1.14200993167276 0.97994343645212 1.18348470684485 1.08331278440457
-1.5039720352985 -1.43960209890334 -0.914546729581517 -1.57636209671474 -1.01778143859706 -0.882544596019528 -1.410517611873 -0.76093660253412 -0.774301684514373 -0.910416244785028 -0.779737855754452 -0.786320743578299 -0.64997277721904 0.016579457373207 -0.661517329096112 -0.0500413992625638 -0.573965922832919 -0.412622907927151 0.0788438538097087 -0.482191834302237 0.0224714686448734 0.334936901394098 0.105369221905391 0.323719308446729 0.50251126830389 0.254047143632463 0.419395325947179 1.07675361768439 0.4866522044565 0.568704563719037 0.435788412808981 0.341298982518936 0.636536974812806 0.513871520134156 0.559053728722286 0.842562803852675 0.0521409424776661 1.39423765575621 1.53399183223809 0.962902938861848 1.22037901065833 0.800372144002764 0.272656905088518 0.632079180287736 0.62106282138647 1.08307698085471 0.95999719009284
-1.54677642398803 -1.97434230353299 -1.37827511473692 -0.908649190112716 -0.7502982521378 -0.993804213473963 -0.76286633972686 -0.913560930733377 -0.813280286747781 -0.758549067548453 -0.716331238969634 -0.692065682065214 -0.732873704764234 -0.741482234903518 -0.629032925897212 -0.307993110533272 -0.598573565277349 -0.588083286524393 -0.379458829657905 0.158353134873394 0.209850786506602 -0.221593138950125 -0.322785833923513 -0.210593828667091 -0.341377085710889 -0.365308833028519 -0.308990797764709 -0.199391372760111 -0.138334850379175 -0.155755458891249 0.262105894441926 -0.248129853756454 0.552206237976941 0.588339891265249 1.18666112704799 0.601890425734543 0.0861549188886548 1.46171410911926 0.933810540285 1.47624247132563 1.63669733149508 1.40234342879899 0.867074688309185 1.12517417317956 0.970111191808291 1.07337082581375 0.960990232770355
-2.02324120834147 -0.943231471464767 -0.775418271973666 -0.824137412117606 -1.22454332659565 -0.804639292301568 -1.04212228589353 -0.822459985211893 -0.62023426394566 -0.650122137044238 -1.24569394688388 -0.731425218526669 -0.162343539354596 -0.0823357699184152 -0.870753342419539 -0.505169479523598 -0.36283046748495 -0.0615994203301327 -0.402218327269504 0.386811200666822 -0.228649337848288 -0.454258266841263 -0.0978463173603386 0.176256879907419 0.274288266822321 -0.533358748032579 -0.268411644457999 -0.296775114857662 -0.188070649006333 -0.327481338924271 0.296642164106694 0.346746841289226 0.642847689116046 1.13912892655065 0.498302372129664 0.752906889058832 0.88770504922248 0.766494785847224 0.547432930967454 0.592894150530318 1.04841003255075 1.5410325942549 1.13928496024644 1.28392259074574 1.05428415292427 1.12373231420156 0.215272465125312
-1.38294013391698 -1.00360441409649 -0.977663455189654 -0.839832297660875 -1.39311301291823 -1.53325770160965 -1.82871018323707 -1.21212498447669 -1.35096635366034 -1.27935147228127 -0.794324425416589 -0.628195553164265 -0.784669147747113 -0.114202936326742 -0.685381616913469 -0.677598638048113 -0.465431421791931 -0.452124535275237 -0.410589420576668 -0.378103117159109 -0.392843061717957 0.0510094409934902 -0.260130768220096 0.165775235156294 -0.188139076830631 1.19754777017451 0.483822669547296 0.531574354473894 -0.229481286572106 0.287570938773113 -0.317720549435817 -0.200352616190113 0.216499051138773 0.865638808562446 0.747911985801679 0.197740385514362 0.941427805527411 0.85480400083088 0.179801400529953 0.112163453693183 1.14101945950563 0.60287099732901 0.697945222726354 0.520541706266494 0.621786281228115 0.722899607365733 0.665678668788747
-1.49621015685085 -0.883594142852581 -1.38261629921303 -1.67478967886699 -2.11438363113966 -1.45265767869817 -1.3545119684304 -1.55253694693908 -0.906976345835887 -0.752495036452024 -0.56426506949373 -0.754599192407139 -0.800989833963756 -0.558787891027307 -0.627548250044153 -0.316702336935063 0.219609716120632 -0.608630540569198 -0.266845012282102 -0.454748104101998 0.100685854095648 0.365115866424036 -0.270406887639782 -0.0943905367569147 0.313240940379309 0.577359785967112 -0.077300376185249 0.573728632912635 -0.315242727703471 0.495944606747913 0.740309903177026 -0.0429086852736031 0.872851498870736 0.0702407162680993 0.852330746649838 0.989086865846317 1.0376280052543 1.09608064076365 1.18517073565465 0.344051565514927 0.350914122175793 1.00255373567122 1.04753052074948 1.03841724779546 0.6825775209283 1.28237577647106 0.385666233286709
-2.07475838789536 -1.36064108250869 -1.49719490446598 -0.832215966720112 -1.27929099744738 -1.26685073387123 -1.2507957665219 -0.908955588742759 -0.846472867267667 -0.761305929897701 -0.720417488560966 -1.23561146190877 -1.25650375409346 -1.13626492233386 -0.81008497350985 -0.875443979547048 -0.9788162343209 -0.860378375770031 -0.352292013894356 -0.407607600455134 -0.242526898485802 -0.460238780628933 0.275813637241893 0.629844528217163 -0.812529411700235 -0.0627589310814384 -0.0719933403245531 -0.0705233987002233 -0.551914321319073 0.154039087603342 -0.400073647618339 0.185596148658489 1.04789128431616 0.713278046653544 0.171435859283525 1.16378838974705 1.23391361217315 1.11139290814216 1.65378309157936 0.477953450589816 1.03546994678057 0.422789948362712 0.653542927695262 0.498441097024472 0.63166540754022 1.0501316045807 0.578616722679038
-1.48606090340575 -1.6832610476006 -1.60556312661626 -1.65166831730369 -2.26191512033897 -1.12697615202638 -1.22305533254966 -1.32562791728365 -1.28592467389693 -1.33093673759616 -0.949397155046231 -1.18387698219961 -0.29570723187916 -0.404374933501439 -1.0061939453804 -0.968123748276731 -1.06690908953861 -0.271656930245197 -0.818476693393367 -0.160031349581763 -0.507086409243908 -0.905191786070364 0.118654130902828 0.187717691253883 -0.0476881936622059 -0.0546192018863402 0.269527670877236 0.314859905957365 0.596118853040167 0.118305299288754 0.504962452352479 0.743436537775183 0.281961873646783 1.18749019201849 0.893085158802179 0.842684383949526 0.675773015688514 0.447959833757531 1.17839814720411 1.22909747736633 1.07437250466842 0.928866131648647 0.0649550701263293 1.05694295321288 1.05880785484983 0.458804326187901 1.26939281670488
-1.66211395288202 -1.89898422773624 -1.45227829079888 -0.953962864410182 -1.94348779855666 -1.06121541566306 -0.919665026399382 -1.33782216401595 -1.33871135328806 -1.04590850659781 -1.24416301251678 -0.860780300960321 -1.070913814586 -0.904138847029714 -0.881938790033575 -1.05384924283587 -0.313858866636392 -0.744660166930294 0.237958510576756 -0.00805086054942275 -0.51968663232894 0.117840498363518 0.0904111294058097 -0.755885965174766 -0.178778237806143 0.312286663664356 0.0656885257124251 0.0963573154531658 -0.107849280002409 0.0510835618906015 0.857971327695142 0.00943984442840258 0.0771913756279543 1.08450729378208 0.185658741552064 -0.259199462837361 1.17645155489738 0.957865719645973 0.977646469521913 1.09841283374522 0.963793873265724 1.23045529895476 1.03293217320935 0.960299790308578 0.585617458744635 0.461460183435748 0.799020268616719
-2.05179975309249 -1.15515636194887 -1.16497681976821 -1.43346637502226 -1.30769639057453 -1.10221938364667 -1.18698800073107 -1.47785223434795 -0.495771476402147 -1.21590615279431 -1.00972108329946 -1.1839644024072 -0.943015905848852 -0.888154499478293 -1.41026230299555 -0.765930656299869 -0.939132632413792 -0.720703940547928 -0.748254999511577 -0.968529631960247 -0.474121786082112 0.289663245365278 -0.264148329089824 -0.560190298271481 0.0615370051190701 0.0515557050745379 -0.339380386340098 -0.515861027464239 -0.272375626248058 0.0194223908573724 0.825781725852612 0.940716724751133 0.405774523148143 -0.407624769259751 -0.0111855873919395 0.279211009977421 0.393527604830568 0.73979127774214 1.10426198070412 0.923285566099738 0.577288806850648 0.450975269352285 0.465499540069031 0.546986184484431 1.11241514474229 0.787465265676902 0.543258228362591
-1.24979156403915 -0.935477579275748 -1.50607142509128 -1.54800862562677 -1.49307647752656 -1.96403612980115 -1.59765916662187 -1.05222770841136 -1.61348401662168 -1.64576823552063 -1.56579115421976 -1.4690742248266 -0.430786419800206 -0.923463976773869 -0.832673531087603 -0.769291185830583 -0.967278571844962 -0.567521529890975 -0.754527528377504 -0.0926236881884467 -0.891223553417105 -0.147564224134594 -0.107778952040741 0.0202209054826732 0.150268120201329 0.468284164792472 -0.423158464135079 0.151346277220111 -0.355890213801946 -0.517724872856239 0.172186002545423 -0.357901510318261 -0.348629265774997 -0.365303101038218 0.954586745723227 -0.268575828927995 1.02190428774635 0.78782012838818 1.12794748721033 0.342300509059385 0.353323852725956 0.514357356533869 0.430112921970945 0.503608330911444 0.415640798067393 1.22829694575515 0.53280276368849
-1.36294366214127 -1.24837776925121 -2.08471406015376 -1.74187221199677 -1.75009394273964 -1.71492314947122 -1.29584578671213 -1.6210536253303 -1.0251106629316 -0.941718639498841 -1.53069029321632 -0.886231749405356 -1.40784311625893 -0.817814843155968 -0.938777557204982 -0.969098662467982 -0.615789815482652 -0.966297081549879 -0.813309837739604 -0.634475249195637 0.0326176595239038 -0.563050094319367 -0.666932259539377 0.0676801396920543 0.0543115888430854 0.210873677753345 0.0714110927149753 -0.107938089834665 -0.25375865398851 0.256086531409534 -0.215201748944377 0.139514567842452 -0.24728293996094 0.314954696217997 0.858755022743304 0.940365661866681 1.02665615810626 0.191638846218675 0.438654883589785 0.494603272458991 0.532911351199761 0.569585212426321 0.377827256775288 0.451348285585843 0.484846909001419 0.579234020831121 1.10935404345577
-2.09593377257262 -1.71471371361223 -1.76152467539514 -1.68388099856844 -1.81063234491451 -2.50302088930733 -0.94763015223174 -0.960433905277227 -1.46758981015909 -0.888371534629416 -0.865801661261301 -0.807156259098818 -1.41080356020373 -0.890550332981276 -0.882755783892092 -0.971155909080856 -0.839504165646342 -0.665588256820165 -1.17042502912375 -1.19374161307786 -0.480301968342707 0.148777289368971 0.0343478244063302 0.0296509494566157 -0.336152100956274 0.0725597123509163 0.804739662347586 -0.819128168874989 -0.805384013956029 0.861611097686596 -0.137297083118489 0.369380856673985 -0.21592140601126 1.19875945530767 0.618258885551467 0.39316863150531 0.429341263064962 1.01854784217336 0.409194306517917 0.437476684504537 0.64950219127859 0.538260868257196 0.352820277685899 0.544369125922554 0.78160297337626 0.766921163872182 0.657252928847259
-1.44384078215275 -1.95349110925776 -1.78698561723761 -1.06993226555199 -1.50294071011502 -0.822545203081219 -0.912758605903922 -0.912093402926819 -1.36663949658188 -0.98224967597132 -1.55449131277715 0.0293705105610641 -0.910519694491277 -0.950665113613233 -1.25116667139935 -1.12656660219679 -1.17949504741819 -0.709025052542241 -1.18303003913319 -0.0643041465319043 -0.484698318788941 -0.533142414522129 -0.641892908175434 -0.176726907760211 -0.353342304101754 -0.590763189183203 -0.480593029056673 0.291957327540862 0.868183391875341 0.551482571199819 -0.489974360423631 0.364393144325659 0.256598647299216 -0.235968957836905 0.224802134779362 -0.121993298500039 0.637282838883001 0.592036284287966 0.703619026973123 0.680318487471232 0.590301220795672 0.582734070488165 0.529368734114273 0.66139456614677 0.607703453283507 0.574770511746291 0.840756258627343
-2.34211467286454 -1.47060538361661 -0.744109461406061 -1.43898744287768 -0.907950830272418 -1.37883232885489 -0.803410995635744 -0.938473200668886 -1.31555883256201 -0.944495354240966 -1.45033568421111 -1.44226274949236 -1.63120408903133 -1.36537725613248 -0.614293553718131 -0.817574788166122 -0.705342900849807 -0.195574692789268 -0.222388800916418 -0.069338973005138 -0.0923822745901352 0.0266176519483152 0.00862086072425657 -0.136525344960094 -0.748428944472283 -0.513159576201198 -0.0130467425352818 -0.514115374698676 -0.453618389757216 -0.510468343327833 0.467383965934085 -0.446777158116238 -0.387891472101244 -0.424195266268188 0.586409842949793 0.55894221625045 0.295090068726648 0.709506311488993 0.599367286602451 0.468653377976636 0.62587245602237 0.867593209627569 0.990741242030282 0.865808108891363 0.905956136995012 0.689141235058437 0.695919758859569
-1.42611562360784 -1.93766878100242 -1.38399568441429 -1.28674795031324 -1.46879206086145 -1.47011237906168 -1.43402423480636 -1.41399916169869 -1.50638164792557 -1.33089443424274 -1.43663244483783 -1.3283469337448 -1.32066126179157 -1.06632097263141 -0.812752277684577 -1.31892785276052 -1.18121822245624 -1.29146126396005 -0.194859152244447 -0.0822112341781042 -0.222185879791482 -0.0345416894000639 -0.119852489340039 0.0340540202515012 0.347714501157069 0.128324947758968 -0.385639266707499 0.211506099225401 -0.447572490498842 0.256230868295472 0.0197065166167605 -0.312020972367194 -0.177728364489503 0.165898825451765 0.171013579790979 0.281982586108876 0.174016434484695 0.561093020653573 -0.140888848540285 0.0716610057302346 0.393764144046125 0.968963471432521 0.984425538932985 -9999 -9999 0.680411893187807 0.560692330128325
-2.18874463442577 -1.55024880914683 -1.52687324972329 -1.48594989691137 -1.3031463898158 -1.26304401047795 -1.42572701687193 -1.5957666038577 -1.39312769463064 -1.49254394283081 -1.3753825878971 -0.883426323822174 -0.871042643073904 -0.967509086518251 -0.868446577306874 -1.28203584163081 -0.719737846737994 -0.995525936147442 -1.08535720156629 -0.679142193810476 -0.644539890620115 -0.0989902735937655 -0.0109361843466645 0.0591486557109025 0.202391446584876 0.177691307581486 -0.280183470288113 -0.17504914231946 -0.189830830347417 -0.156323603045614 -0.13689870995972 -0.130923803872661 -0.0297220020277463 -0.00909249510824976 -0.251656939537451 -0.310641122912573 0.0528907963782415 0.0516772904646038 0.0334176748433642 -0.0147679119484559 -0.126886809601259 0.062409480895418 0.303891382797286 -9999 -9999 0.667626762482444 1.10146436210639
