wc0.5/PCA/Component-17.asc
NCOLS 267 
NROWS 470 
XLLCORNER 79.65 
YLLCORNER 5.91666666666689 
CELLSIZE 0.00833333333332575 
NODATA_value -9999 
[rows 336 to 356 of 470, columns 47 to 93 of 267]
-1.44720182560194 -2.13647864492586 -2.11621133344955 -2.39985082092189 -2.32837731233818 -1.77581742926773 -1.97584340895904 -1.5806879787685 -1.60423792908696 -1.87471294019827 -2.47340319489857 -1.51799895501491 -1.79513372264456 -2.03416690488054 -1.80423794361856 -1.99485076092829 -2.1786379833396 -1.67146196731854 -2.13313373485054 -1.55346399680322 -2.07177485226548 -1.69149023453689 -1.55635311158362 -2.08435977260771 -2.10990831360916 -2.1280570407887 -2.12870881833554 -1.81811051440849 -2.1310389001962 -2.12188908070268 -1.86939905848844 -1.2956600641838 -1.96630827723271 -1.57453532384152 -1.53622391142936 -1.77795948894094 -1.75485438534833 -1.9586908782945 -2.59999112212038 -2.82061952918634 -2.40636523821588 -2.83480420388614 -2.02183682506412 -2.21552404562878 -2.2777417092919 -2.08078065026013 -2.24134637154344
-2.10266698935152 -2.12505595933031 -2.16806954402506 -1.37275685650938 -2.7293929439367 -2.64954195533358 -1.65507240369696 -2.22237510855261 -1.68835567770026 -1.87846442039939 -1.87414331760546 -1.90680385250485 -2.14467292016583 -1.71190256061849 -2.45327782390181 -2.49860349371422 -1.55542147705187 -2.24553839741507 -1.16997056631106 -1.92840066033836 -1.90373159947698 -1.5625684133919 -1.19048878395431 -2.16206735104138 -1.59600849321316 -2.55631015052432 -2.13124670183894 -2.0577276509227 -1.45586194096223 -2.28765898850866 -1.77535184948567 -1.76651961137537 -2.25446288368807 -2.04120772462346 -2.31939080762832 -2.23790182748807 -2.39159022403692 -2.02359557681672 -2.6077000747994 -2.22886298122855 -2.23046740052096 -2.62914915454174 -2.30205541924396 -2.06060553018758 -2.65179336606111 -2.0245977360409 -2.55197073378534
-1.8292336015358 -2.14588734765625 -2.14638162057715 -1.75703335226508 -2.16809282969384 -2.03783326980113 -2.60873149188632 -2.3152110485265 -1.68091533726185 -1.98844386755615 -1.497088299807 -1.89291285270223 -2.49737139586552 -1.71569559577858 -2.44900543531743 -2.09685090823261 -2.25061516966491 -2.23579628845472 -2.05064060372051 -1.77914841155264 -1.65910525566685 -1.66242715830516 -1.86742020374258 -1.45667964381947 -2.08927494690924 -2.19477634808876 -2.45890519000302 -2.13131226581418 -1.37738854456274 -2.09425810077208 -1.58793939849804 -2.10305311958691 -1.59410178976918 -1.60133443602288 -2.2340112134381 -2.23585969202435 -2.31117254085168 -2.38703569050587 -2.22299374840794 -2.79374869077713 -2.11090210753179 -2.40635180995085 -2.02185296793901 -2.44612609617381 -1.86061728448674 -2.79140523461045 -2.44354489570418
-1.8000541459487 -1.83408290417142 -2.12323999863114 -2.0950801498043 -2.12576640671014 -2.15767457507814 -2.0192161268551 -2.31674035818686 -1.67564153195743 -2.3268898397026 -1.96624704423681 -1.97654463551947 -1.89357274879822 -2.13318644421167 -1.81482138050198 -2.31467842043286 -1.6397326371986 -2.24055695304637 -1.65358909037532 -2.30700232481207 -2.03257500592514 -2.04031837321731 -1.87332649958883 -2.32007993798912 -2.58859783564631 -1.95519275655068 -1.17512674512822 -1.95178345036646 -1.96303373223188 -2.09879406859452 -2.04073622998224 -1.86993063169051 -1.83088563643457 -1.76355420222782 -2.49218844105438 -2.2866488736046 -1.88678714652503 -2.44221447754928 -2.31592370017129 -2.82451426203567 -2.79549780494387 -2.0476089040616 -2.79913075294773 -2.14326956313213 -1.8620227557567 -2.80909603126716 -2.76539647985294
-2.27600668109066 -1.94114125010783 -1.83305233545936 -2.09084303821284 -2.14326182221808 -2.62998474056101 -2.13102424423754 -2.04878358275818 -1.98614916248877 -1.97035422687483 -1.86597607562154 -1.97743829026452 -2.20140254004422 -2.19093150435672 -2.76422577787111 -2.77697995028287 -2.04266077953462 -2.29708166241337 -1.6521624353772 -1.74601790675373 -1.73754197808943 -2.03454160321108 -2.54465250319954 -1.83717037137867 -1.57532872371547 -2.07459548928201 -2.54345169747675 -2.62769557002035 -2.54502155691669 -2.02375077845991 -2.15669878165068 -2.02378390674987 -2.03065774173999 -2.03112828408876 -2.54113703550599 -2.42147954004262 -2.25535031190596 -2.18518312097713 -2.54056220631252 -2.5268663472629 -2.53207192344841 -2.52960289945602 -2.79979944921183 -2.47734362953792 -1.46982563766961 -1.9353037683398 -2.41697205776978
-2.29942038121768 -2.19091188317105 -2.16850383719785 -1.48197847129157 -2.15355879551033 -2.17261391538209 -2.04608451542815 -2.63149239975002 -2.64337257695402 -1.68230287712486 -1.97548289254351 -2.20619165734866 -1.50944197306209 -2.19526998889958 -2.1409558919965 -2.50458392658448 -2.12441946445862 -1.71966419377485 -1.63780820106127 -2.13009770042655 -1.74127002554389 -2.25611885171448 -2.29289128532157 -1.6678979982364 -2.15026659652961 -2.24374596608428 -1.88219717865649 -2.95045537651058 -2.54740269217525 -2.33719848271034 -2.66152358779127 -2.54799058207934 -2.13994819106787 -2.1688778850483 -2.22557634143275 -2.28918096800086 -2.62186830882366 -2.2191086291745 -2.20155785077523 -2.70703542466513 -2.05639541051065 -2.75460190649507 -2.51147201078566 -1.92472308700256 -2.83019024797954 -2.33797225161167 -1.75625259282768
-2.86395368476779 -3.16920442646462 -2.16190091051271 -2.21914951790185 -2.46773075931194 -2.47666523629953 -2.00467746663956 -2.37167326627109 -2.38610540026616 -2.39495797681767 -1.97617582646044 -2.57794119532655 -2.87928934857835 -1.83351279801691 -2.49989604513245 -1.92028938996756 -1.71241068847991 -1.71863183091729 -2.24473241025494 -2.13183054150351 -1.74620947820135 -2.79985800018106 -2.51879512214831 -2.70559370758616 -1.75139600900708 -2.76795208342937 -2.68519058382352 -2.90349697560679 -2.62152680057534 -2.35621923734577 -2.28958597561495 -2.38924499485603 -2.81547966972333 -2.59009928776082 -1.76844717474321 -2.39152168808953 -2.71282832836979 -2.8595013484882 -2.25124682439658 -2.58750531739205 -2.13135686297415 -2.49635288129762 -2.87300048122509 -2.77982332183205 -2.7535661627718 -2.20948440145218 -2.46831609597368
-2.35599746039717 -2.29661170237904 -2.81376211281509 -1.84412744400795 -2.08682318948264 -2.12963634517994 -2.14630866749251 -2.46787530248692 -2.43378507221857 -2.45890874183196 -2.29882661557053 -1.9769675917913 -1.98982444368511 -1.98259678577088 -2.2076735127048 -2.20560608957249 -2.36729386210274 -1.93429639118286 -2.63616174799229 -2.13800383365388 -2.4447594676368 -2.25531638607681 -2.38475349786931 -2.34154948827488 -1.93948727379255 -2.57898999851244 -2.07964576860693 -2.03788151762643 -2.41896404428271 -2.3663902582803 -2.78537081278624 -2.05861571507215 -2.59445890847576 -2.0281885769382 -2.81027642164048 -2.45029244272602 -3.08400874569406 -2.33228246279339 -2.52229513859126 -1.15883446973193 -2.47064464591447 -2.94113878286566 -2.71005591303646 -2.71923630460373 -3.24619384041385 -2.39702470138815 -2.75996140921119
-2.31901320014156 -2.53284107054075 -2.43333769062344 -2.28830761348943 -2.2111588017152 -2.08686124338981 -2.47584408324902 -2.76793915549889 -2.08713855486461 -2.44732165889753 -1.68842654127378 -2.19868674799103 -2.19520265576551 -1.98033752136651 -2.20700413421505 -2.52715780653876 -2.32273470738253 -1.90937256726231 -2.15322661410818 -2.72431557929975 -2.43086221144632 -2.43136126762619 -2.51264544404573 -2.52278042635185 -2.90317284613686 -2.13698242754186 -2.05264313140049 -2.72369307306507 -2.46202248529956 -2.62492227891924 -2.6219396216592 -2.14305256327803 -2.81209175751169 -2.24831185337155 -2.58111902754678 -2.39428171387647 -2.43010482312443 -2.71563257603512 -2.34052154881898 -2.21837249376288 -2.11788677595912 -2.6707605518008 -2.49205364157587 -2.95198198697521 -2.39212489788439 -2.42228311672992 -2.56218331770985
-2.59644009261864 -2.60983752097282 -2.27980510222551 -2.31332302062429 -2.29128481103732 -1.95440695492606 -2.47399908546426 -2.75956041448166 -2.09536165017903 -2.26107489173343 -3.04287585319568 -1.91062343145631 -1.83220471083099 -2.09453059095724 -3.00831910381759 -2.14295565222805 -2.28335090874967 -2.01536759823231 -2.61532706970402 -2.60747828905871 -2.65056391321833 -2.60707381094322 -2.2197013181302 -3.12575694536521 -2.80427452706581 -2.77297737940558 -2.30912123603964 -2.45229467989878 -2.34053350010703 -2.79054775153469 -2.12250608457187 -1.7203848647419 -3.0147185754885 -2.98713216809247 -2.59552742685773 -2.18214059256373 -1.88416082914388 -2.68402831813332 -2.63414524127486 -2.39064788131422 -2.39999526386259 -2.32612380704754 -2.48687785594664 -1.95434130583893 -2.61739106994268 -2.40140089885381 -2.68331342442184
-2.67492436034262 -1.99182338896418 -2.54100838548709 -2.53760133107009 -2.29927627652701 -1.87962731649372 -2.47251283778145 -2.48815458145266 -2.76908354667535 -2.66290689056432 -2.63181903451272 -1.9091774272013 -2.19713115060703 -2.22002941999344 -2.13879478448878 -2.15669347667589 -3.09810559407624 -2.19450339157508 -2.39285521299216 -2.63235630989215 -2.69605495175796 -2.43276168844618 -2.65813738444034 -2.23069262154488 -2.23062644012768 -2.87751975247604 -2.30489525029286 -2.30545827448236 -2.73329091467823 -2.54881207952673 -2.67333331580595 -2.27617771850424 -1.73334041551465 -1.90478112877102 -2.4826901773814 -2.05075154265023 -2.33493635039791 -2.19048933130487 -2.54753299528592 -2.44346057667899 -1.76010489220494 -2.47873067120085 -2.10515238234541 -2.70885195070565 -2.62028376990852 -2.44157925464743 -2.63010573642886
-2.3988735874107 -2.70175217012719 -3.28769470096067 -2.53657879286983 -2.30865343396255 -2.17181544940739 -2.85887243423564 -1.80249926048819 -2.45443065551368 -2.68702860661446 -2.66633759594021 -2.19363201418655 -2.57633637906289 -2.58310885941057 -1.99784948767385 -2.22074396153872 -2.49374937987353 -2.80327727610293 -3.29499542475069 -2.60344131645253 -2.91719523259486 -2.66157038223228 -2.25002043218325 -2.91210319300825 -2.75554097289675 -2.48115990563277 -2.70830791958228 -2.55421190727744 -2.80669678291682 -2.38557321093559 -2.04289557460049 -3.23823478342439 -3.23104360189951 -3.40470386936746 -2.16718585663659 -2.16468532967829 -2.58516645405441 -2.54093486263577 -2.57316441078608 -3.06048958345769 -2.23370732762304 -2.51601952665779 -2.47832886043019 -2.70598758296523 -2.95182273575034 -2.71982967491688 -2.41094780553899
-2.68753111069033 -2.69582735622818 -2.22051744114958 -2.68058978166362 -2.28837312679442 -2.51903397985731 -2.81840154465101 -1.80561875092395 -2.67581004093411 -2.67073389638727 -2.37516685516635 -2.18576849994737 -2.58383033601418 -2.1087545671065 -2.10019484036116 -3.00393177723307 -2.03622171745262 -2.14267483839699 -2.61330771046193 -2.80395607869832 -2.7480450369625 -2.66231093219352 -2.64825625507149 -2.42232563432409 -2.52250908150582 -2.81806151385653 -2.41668689064871 -3.19906783646794 -2.41575584438366 -3.08878902009123 -3.20459580335549 -2.56088981320577 -3.10579452744392 -3.11249173946472 -2.56484434975348 -2.26636798881982 -2.31229612636893 -3.07849060640525 -2.17904369301862 -2.87640413238225 -2.53278917729344 -2.86202481095731 -2.88776710517443 -2.86080974182812 -2.18122951580868 -2.97271675653416 -2.76840449619466
-2.66598259646798 -2.70424640157176 -2.71249020818835 -2.67435333669516 -2.65102415281972 -2.52744938173985 -2.81872055119848 -2.44331641720746 -2.48213550608705 -2.62711242652364 -2.36827258069109 -2.24817632120512 -2.27649263778326 -2.50865934503092 -2.31379306525756 -1.89760776877309 -2.54622293124934 -2.59671120252026 -2.40880884235219 -3.08792323545798 -2.51929978036708 -2.65589160556915 -2.57031101076309 -2.22811603695242 -3.20081642538993 -2.99847122828294 -3.27471926246327 -2.71871655799266 -2.93950020157522 -3.00916581997701 -3.22181307798797 -2.83315007807564 -2.01204142350909 -2.6195561164068 -1.96144101709588 -2.25831922407927 -3.14796059850107 -3.15503442614739 -2.5150651304462 -2.30089406421594 -3.08398000726766 -2.20141866847348 -2.41340440861405 -2.69379784156397 -2.85058143524125 -2.96481377201095 -2.6740364265801
-1.75796247302132 -2.3217360606908 -2.2064746044585 -2.6768539226742 -2.52636514679846 -2.51804030294504 -2.81757250607448 -2.84281693052369 -2.45377518999656 -2.76044008729892 -2.64140444788955 -2.36042167685743 -2.34997429701534 -2.59296687879905 -1.89757853884546 -2.55980470486203 -2.63860255042026 -2.20367472241793 -2.40230915672117 -2.70331346181917 -2.47206169016566 -2.62322698203235 -2.94509668039338 -2.86822415312524 -2.87004508723441 -3.10131184210782 -2.44718279124317 -2.52672929869092 -2.26171564355757 -2.46662449838338 -3.01068610725261 -3.07187681179097 -1.63012174488305 -3.3604151028444 -1.97274249484879 -3.23654734894658 -3.15270816968248 -3.31007015972492 -3.3166946054268 -2.24861774149308 -1.90532018878532 -2.21936945474499 -2.86064458450676 -2.14902689992802 -2.72594331070093 -2.84216173357118 -2.95102187733941
-2.01450830493334 -2.32392719148529 -2.69269763501963 -2.67017683426519 -2.5415729166608 -2.52400358231553 -3.15353454022764 -2.18865053759515 -2.78083855567586 -2.69510555999303 -2.03632598894925 -1.97337759802716 -2.66463102868372 -2.58894088868687 -2.31675145789252 -2.61268087809252 -2.26765958223044 -2.47410023615393 -2.78873843023663 -2.97121885171149 -2.92384740807287 -2.95409624155113 -2.95004152787669 -2.68515086535251 -2.74992305124403 -2.44668492857044 -3.12299674609023 -3.11449039464303 -2.74516773499408 -3.2050339312596 -3.02036132898453 -2.96476002489327 -3.04571696198166 -1.97737503249796 -2.30887156968818 -3.52143256644329 -2.24033056590447 -2.99266695873458 -1.91806498625663 -2.58082987524135 -2.87160623395011 -3.2925374508184 -2.86793115928685 -2.76852748920909 -3.42830129495309 -3.05208184140791 -2.26053767662668
-2.66020384526007 -2.66508930424266 -2.97356891669272 -2.69352344982432 -2.71892917810622 -2.52824754036332 -2.61941618245959 -3.13409367516635 -1.72172702192982 -2.83140774390554 -2.61143841362635 -2.7596129742249 -2.57855928859708 -2.51070448038942 -2.08815412826517 -3.07346818419749 -2.48786677692299 -2.49574824270471 -2.56314583675137 -2.57712064922003 -2.49429118489441 -3.59658438710623 -2.6965472022707 -2.83007562417561 -2.0409040728977 -3.61467665195691 -3.22006687058848 -3.11439859149497 -3.413574258873 -3.11366178241206 -2.09003287227539 -3.05976159383525 -2.35030792998473 -2.8582240849027 -2.36646845929701 -3.36609931462929 -2.46523352448223 -2.2618971611944 -1.88655537340808 -3.07427752790734 -3.12571965563065 -2.18851972762423 -2.22050040094732 -2.54139111883413 -2.87021639715398 -2.41049172889918 -2.86796148903989
-2.36853701705406 -2.68515078257789 -2.9197102674216 -2.69963323864441 -2.03851473937861 -2.6084213766879 -2.34901991602981 -2.67552914831835 -2.77352716098568 -2.42049494073853 -2.11304466586283 -1.91312928555827 -2.39972410988611 -2.89523251791748 -2.23112458408818 -2.29952677663841 -2.47877239780237 -2.66781371622474 -2.6619279986616 -2.62178410706648 -2.94878608151999 -2.72099322191816 -2.69491968508994 -2.92982293560908 -2.0347186436333 -3.090701134119 -2.72199153916708 -2.51145518990453 -3.13718093192912 -2.90230945800293 -2.46634096079499 -2.99873262424771 -3.06780774362074 -3.08572768605029 -2.9897733257427 -2.31759422280033 -2.37481358896214 -2.70977117251946 -2.2102903324177 -2.65064441937061 -2.16285301511431 -2.93420599642928 -2.51395847958081 -2.63721924147964 -2.47755593010808 -2.2809853467355 -3.16570508852536
-2.37174591897526 -2.30292252557143 -2.30583939692336 -2.69914857945666 -2.7037642184519 -2.26768103825068 -2.80280144411486 -2.44577653969125 -2.98104656501918 -2.68061312655729 -2.60746038136227 -2.1199515956934 -2.01715163584437 -2.50985540830203 -2.30945137120691 -2.41477943308759 -3.02779405709264 -2.72782474002735 -2.6111436265069 -2.67334985729879 -2.57963658229394 -2.52995207346262 -2.68917571352439 -2.53900852050313 -2.04356712354132 -2.83602274362197 -2.79798412246907 -2.6428909417977 -2.71567248319322 -3.13260581305224 -3.31257639355144 -3.05388649227019 -2.3486520757369 -2.33670669588778 -3.10287444454517 -3.00287723692513 -3.287234365121 -1.96850312311037 -2.19814012536155 -2.30751150981365 -2.93518818500273 -2.17934706016139 -2.42726039439432 -2.57423055280723 -3.12595535152709 -2.23716092112507 -3.09566698605265
-2.08480774233919 -2.97600814880169 -2.89377464101234 -2.67701243175513 -2.31846682999143 -2.64438568301917 -2.39762897051817 -2.76549441944797 -2.75216801825572 -2.17399801427914 -2.99444041238359 -2.10933745337484 -2.77411965790919 -2.52619335953114 -2.32099961874163 -2.79612605826553 -2.47019290570221 -2.76971639128545 -2.77257644740898 -2.96121776302071 -3.19097520114103 -2.88376784711188 -2.60603881464042 -2.83078850517905 -2.55021879837423 -2.61479445691919 -2.71584747227171 -2.85064647454861 -2.33553055893675 -3.00898469517494 -2.73837177043385 -2.74681999859095 -3.28155097643438 -2.338592545037 -2.9016770911197 -2.35575701667583 -1.97855717958509 -2.36342776556847 -2.593720569097 -2.72429871406528 -3.24833016952209 -2.79189505504855 -2.78571920497286 -3.04315268043748 -3.12676375042324 -2.64634093243472 -2.69630217841799
-2.97147220054304 -2.38081848589998 -2.89983851467792 -2.69124124567933 -2.34235859255789 -2.60381370948855 -3.13112682211782 -3.14100406149891 -2.1693236017463 -2.40293417806863 -2.69288389315222 -2.09288458009603 -2.98421161152725 -2.59719415538914 -2.62757872219447 -2.83157102883877 -2.33039997039953 -2.09759967839369 -2.91545491825152 -2.77874758989784 -3.01228420201973 -2.30284165673079 -2.81289598400119 -2.51584197966012 -2.69325793751268 -2.55039568878878 -2.83285766283336 -2.83625986900369 -3.61854241279584 -2.60408213960458 -2.43084227570544 -2.48149808338124 -2.90090006455639 -2.42144353761269 -2.71367540626238 -2.43350984157551 -2.28846563879812 -2.18509298873538 -2.3987425241632 -2.28480309173429 -2.57242372726104 -2.93504150206516 -2.76544822875386 -2.78520839711802 -2.26771175062555 -3.31229539499444 -3.24500556286992
