wc0.5/PCA/Component-10.asc
NCOLS 267 
NROWS 470 
XLLCORNER 79.65 
YLLCORNER 5.91666666666689 
CELLSIZE 0.00833333333332575 
NODATA_value -9999 
[rows 231 to 251 of 470, columns 49 to 97 of 267]
125.522309388444 125.951639205007 124.55596295477 125.751304250224 125.206391059751 123.969131635633 126.267911698912 125.630483163296 126.648570103618 126.56080539043 126.2640904459 125.311868138314 125.169073195745 125.687310071662 124.484555340612 125.103079516001 123.705319775618 123.95735286161 124.088280755306 125.203017688672 125.38638293396 124.669443240417 124.384962569705 122.648190352697 126.442059730159 122.558720296784 124.48378498 125.178811094219 124.238011471411 123.631054330572 124.288344702551 123.927715115938 124.021719737555 123.288305171894 122.864551737697 121.63740385776 121.617367349727 122.492404579055 122.194913998369 121.848453389977 122.186426809731 122.253296502459 123.207978178487 124.421930120779 124.77018401869 123.279373379939 124.61255671663 124.108345128617 123.028222818546
126.583222982158 124.287020962878 125.528215211806 125.268230892238 124.314918041216 125.6666646423 125.74046242756 125.767680275365 125.621898999442 125.647833974964 125.826506911414 124.840533403986 124.345552067148 124.952533978405 125.281944631258 124.957642011745 124.846155678777 122.880763084824 125.987737717202 123.162418204854 122.879242407222 124.31550536664 126.048016711413 123.039399991718 122.743168409993 123.210363059746 123.870410125323 123.736691249666 123.095239464351 123.819130440155 123.515818566409 123.851376969685 124.00044224769 122.858715218638 122.169527820305 122.469004032788 121.407184549468 122.47035267401 123.059532247372 121.398322147466 121.834407842967 122.001989240521 122.223850863995 123.44258429081 124.10507997196 123.550104655342 124.61442562066 121.771487038528 123.227820626089
125.891118689937 125.481053462031 123.820405060317 123.481058521892 126.363473544067 125.408656527921 125.944579685519 125.741825335973 125.840779944678 125.457942206781 124.688492801897 124.529174792237 125.598407945758 123.928302511054 123.675532567046 123.178669430879 124.746244914479 122.557925429248 123.67417502129 122.9046116645 122.72598365425 122.68691912439 123.742438693114 122.283484267585 123.357132073276 123.687765202118 123.319293767593 122.938692136769 123.963784230261 123.94587740495 123.419223411661 124.661060169602 122.554986124656 123.512499145355 121.646581722259 121.727222378309 121.842553270067 121.066073731258 121.426716481506 120.785230242521 121.996519664116 120.93684681171 121.782839727134 123.49780923507 123.281600794477 122.573339684155 124.119853969132 122.595037948848 122.520228728583
125.252879013275 126.413768818686 122.67702254011 125.608044386842 123.559996370205 125.490763514341 125.300236240988 124.805746384195 123.775287008582 124.630351630865 124.746825931226 123.022356889944 124.875401078318 124.02871473128 123.124239867752 123.76614044233 123.389787337945 123.09657102892 124.942664039887 121.978640770765 122.988782230305 122.738110674963 124.992914660821 122.381590701716 124.398402867378 122.482064633693 122.171694689899 122.641965051412 122.638442231239 123.144275005156 122.643528914369 123.808976449851 122.499746939924 123.289248919994 122.107013707062 121.126127388922 121.596457257578 121.436272574561 122.917782882668 121.442993761658 121.253206282685 123.100262068862 121.802166750284 120.180041646593 123.020705154383 122.818850554963 121.304051003806 122.963497990236 120.652416522491
125.205616033292 123.612862958076 123.223483407215 123.743281802324 122.911481112697 122.869520295848 123.856981409636 124.398585309356 124.072656111288 125.232638121255 122.808115768998 123.809849802672 123.480501440993 122.762092051156 121.713324855945 123.964130015407 124.12327360571 123.87413073085 123.362618894198 122.802676566946 122.253878684098 124.416721037897 123.854055867478 122.305704530139 123.970453247447 123.116173586276 122.210611887472 121.365020310986 122.554820766657 123.262437072066 121.923433906637 122.012852796016 122.941755452342 121.928778882596 121.740288948535 121.262304054421 121.543312115598 121.269930862169 122.051038696696 121.398623205436 121.260266072137 121.058331982994 122.935806472769 122.079472178637 122.220607153466 121.500562944355 121.181904622116 121.637283275665 120.405089746185
123.792027543797 123.359272318001 123.590138618781 122.473894015434 122.879566058746 121.91384999185 124.221775141642 123.575763955579 124.478762264397 125.477204646943 125.666023026522 123.203934013775 122.811197084702 122.555329951458 123.233547825378 121.430466713723 121.735577712053 123.471588731704 121.788179635601 121.509586804073 122.684443212818 122.38940294208 122.799669680648 123.621616006111 122.067386017123 121.95028443078 121.775083314935 121.362234793719 120.979869195843 121.210102845038 120.561422789867 121.162726424364 120.397297513261 122.601356108604 122.293668454077 121.802574616854 121.104573523981 122.155389208964 122.132997910378 121.513606072533 121.047152489555 121.827443816871 120.4240628561 121.983761603607 121.647991201846 121.21633434738 120.51161845632 121.238568799077 121.166957657385
123.556458799886 123.593574066464 123.095460502378 122.234452116736 121.316720393808 121.440476661938 121.4525601044 122.149836996825 124.098251035142 121.529279964927 122.210238303051 122.066343681838 122.908421401907 121.954769219357 121.494851361433 122.35214120328 122.15647309921 121.698164874576 121.724398328759 120.869654630837 122.174318536125 122.345224841926 122.064673211259 124.7381826894 124.272291391494 121.869687436455 122.433261217078 120.41959643761 122.556243923002 120.535504396582 120.224815348365 121.105113244741 119.423849001778 120.422725245985 121.545067930611 120.029176429053 120.728369602949 121.45862029227 121.493650313601 122.227654973463 122.73800501996 121.665704132323 122.646328189312 121.203140553715 121.184965806513 120.771190874822 120.139000797812 120.716599876704 119.163743057002
123.032417576079 123.920370146465 124.559998257905 122.542103162235 123.752519979326 123.357375883939 121.23530173782 120.745052494409 123.224740010288 123.674625566088 122.556544783915 122.844270824469 122.378438226354 121.382423898233 121.267457752556 121.591264408128 119.527223883937 120.024201497386 119.159963582778 121.025416844653 120.325999785752 120.273694184745 122.997446418864 121.487510856974 121.585340777023 121.133300491812 121.644104734316 121.659389288734 121.341221438488 120.418729555295 120.682950091188 120.34058709138 120.578044143275 121.662714761182 120.403751855665 121.372269285163 121.065352391971 121.089980039387 120.960307019285 122.139306949199 119.528604424774 121.745894037401 122.944564775133 120.782356855563 123.971110875093 122.224817338725 119.961760683162 119.355065629647 119.873340652799
123.974066100858 122.836944726534 120.814331558975 122.291601135008 121.512511607991 121.100868955509 120.999903919497 120.498621620424 122.797348261617 122.210292281063 121.539475667719 122.781461738576 120.411697813773 121.760210390729 121.884002225689 121.73230275343 118.983234307106 121.20846027889 123.588420825847 119.236292426909 119.323212846755 120.933029320644 121.904976140975 120.0259380519 120.802977449061 120.423866492025 120.450099946209 120.577203092942 120.750679363743 120.57844216207 120.885981559868 121.801246233848 121.221636167678 122.475364298213 117.8151870587 119.691447556453 120.441767951741 122.12550609557 121.509936617562 119.443278125765 121.78646584181 120.672208388203 121.579467356104 121.15436667085 121.820419743258 122.261503508364 119.184188051916 118.454287678945 119.453729184919
123.393308668176 124.611209936764 122.732170305902 121.833331020703 121.651790269257 120.198567996594 120.888819038042 121.642638013192 121.405081288249 121.510135441379 119.885600611426 119.911834065609 120.733174239346 121.750545246575 123.110731049447 122.780347276532 120.222403460035 123.351424703416 119.105067038034 122.077214906584 120.522162517139 120.066031506146 119.946110007538 120.665012396172 122.048624412744 121.722722330612 121.683010798448 122.656914018718 119.685507546154 120.48371365743 120.528586338029 120.167086276949 121.350920221021 120.643273216053 119.092379177372 118.829856739203 120.505857083313 118.451915507215 119.444078347862 120.461422039891 120.138832471584 120.232810570051 121.954520253625 120.695048783984 122.404011855917 121.470665566119 119.94972496048 120.849707786522 120.522755084699
121.090964399161 121.341022377558 120.512839984201 121.52948217916 120.75351001833 120.663566974112 121.058730270535 121.260472123232 119.50432685463 121.221375416019 121.430688706343 120.196465180021 121.384480993337 121.87899077252 122.544007556998 119.390607475116 120.587693021423 120.044937753163 120.796024728023 120.566085490942 119.695538432833 119.711154145873 121.138507196663 121.139049986281 120.305519257666 121.074711728451 120.425898708034 122.023317510298 120.442871258486 120.467603891803 121.437163901014 118.691152229875 119.289361035068 120.499929763102 120.909019286461 120.018842083709 120.289522080146 119.678564390629 119.197285750921 119.437987626578 118.543831440126 120.069013553994 119.004741782564 120.520887001192 121.49130285938 119.348072030546 119.905381541692 120.126661182248 120.733476108671
120.470893365337 121.386746993304 122.115159509929 122.094728928551 120.648447838959 120.828307927238 120.421058220877 120.768435569959 120.544338269062 121.104207812564 119.928797361527 119.924095428703 120.573227799666 120.217064763445 121.883697605231 120.131910020662 120.193956382792 119.564340587683 119.055950027355 118.956079562308 118.595270869327 119.040179631344 119.066413085527 119.812044374838 121.000144020128 120.935842395559 120.748467368447 120.00799330187 120.349583165706 120.144663340517 120.682274983246 121.355035291486 119.640771193595 120.155101902246 121.037871445442 121.014036255114 120.055749595223 118.425393691707 116.83773191792 119.439276583001 117.740608338582 119.398704533397 118.357691237762 119.643901492267 121.141049593683 120.262804200132 118.810084654229 117.066280264611 118.43159975565
121.923475333163 121.966119463493 120.507853095312 120.97455813857 120.600059898702 120.324891611521 121.731500186806 121.793164764924 121.013076943488 118.307066764723 121.303914131652 121.405310347577 119.989305131334 120.847670951607 119.812736675507 122.183248785282 121.357264360335 120.314111426425 120.438044635954 118.487618596312 118.646724441011 119.640587689563 119.663902939242 119.435755428734 120.277510733564 120.347993400024 119.906302316887 119.698555162799 120.357708425831 119.955124147806 119.981733258593 121.330034482563 119.549708999876 119.750218683223 119.992113553267 119.688228277896 119.292603744986 118.311792495654 118.648563768157 118.013231070245 118.492539341663 118.7524248283 118.238102396399 120.010168628132 120.66378913165 119.235434670244 117.530476836604 116.369774641409 119.325590751256
120.259350807644 120.500455683572 119.844886624347 119.115653061808 121.221440583237 120.805191531183 120.473379400991 121.480400596344 120.601701624241 120.118830728301 119.396292531662 118.508674813896 121.810726924733 120.109294597803 122.517504136488 120.288482193711 119.64232748965 118.029220579705 120.134605426542 119.403475205319 118.061389680437 117.724960321536 117.712929631969 118.883128621396 119.481779517562 119.079570518856 119.188385449858 119.795746067544 119.587580647105 119.378539919647 118.020090915573 120.099331126465 119.722111593206 118.583975102591 118.829468523095 119.167857989692 118.160998589597 118.196749585175 119.849064001352 119.060760128447 117.555304412157 119.508954185491 119.573749520556 119.879209004295 119.886919813134 119.46076466545 116.985964979065 117.283387455097 119.56360191883
120.040540754997 119.567546087453 120.856895483608 121.274155873789 120.749460643899 121.146345907638 120.162853661519 121.576231018115 119.864401382829 119.189657139628 119.572624611604 119.613994349737 120.58169460564 118.008091307411 121.023038034057 118.499358384318 121.467115133827 118.480911382256 120.595798169923 118.241001397127 118.313418191326 119.41555280955 117.037040893367 118.649569663322 117.760653048844 119.124679158278 116.63352536725 119.799112598766 118.082152484163 117.808834943086 118.91280317945 118.871860754862 119.009733072882 118.763285217579 118.214125590372 118.241507218218 120.233949278091 117.671054684343 119.912937360609 118.337578819764 119.40485874068 116.955500927908 118.145198247857 120.224920370285 119.974443724415 118.944934624854 118.573439589085 117.121347824773 119.277620031936
118.045838990956 121.564079256466 120.45004344357 119.858177369754 118.982529884949 119.768256215069 120.570464264433 119.807430614518 120.351480544219 119.610000859903 120.019569879664 120.202968027117 120.011276540439 121.930262970301 117.942221508662 120.527753502563 117.96202065632 118.402243145869 118.718336713016 118.126042024622 119.093528839175 117.420894017679 117.220338432126 117.577257333672 118.1140846609 118.775731280222 118.852211840213 115.713689748043 118.37930945835 115.627404712985 117.870965061286 118.338026758455 117.51327654051 118.540698850785 118.453473465653 116.700149499132 120.205970838028 116.391012154622 117.884246215444 118.009098585806 118.843868783868 117.972206400924 119.877824846359 118.3092855663 118.573605529326 118.37786005396 117.386118386974 117.714879471513 118.942187629554
119.866778041816 118.075440756495 121.121881095897 120.952172384997 120.647686100881 118.184105131261 119.55967810835 120.150169450623 119.876514909901 118.370793771319 118.082630541993 119.96013816408 117.36738431186 121.549543624302 119.515650534706 120.875038830551 120.01088270698 119.238725331136 119.232873622351 118.121872217239 117.660976198642 117.847203058683 117.22728165597 118.082221898055 115.389547053472 118.132999427007 116.754291734331 117.59762440492 118.804209531467 115.669787700125 116.744778045067 116.841749657287 116.669607294205 117.436689438411 116.853664158487 117.731749719788 118.65096225594 116.993408905559 117.377188738909 118.23219390543 118.669314704974 118.554023450384 118.219159634457 118.03893111034 117.11456292608 117.932295829632 118.670434358335 118.817699827652 118.972666923917
118.521193289491 119.374368130466 118.135458805636 120.39837865774 118.137248411987 119.717680243718 119.51227043602 120.110328378205 118.601853138425 119.191189947481 118.101316747182 118.745071781536 116.911915237754 117.689861429894 117.554389045972 119.247633871103 119.843528047064 118.578516061384 116.944972848053 118.195508134519 118.458359083321 116.771112631342 116.426213742366 115.963306467139 116.658160566801 117.487115524171 117.002254766457 114.989403267857 116.050039201792 117.799643592939 117.574563531992 116.516600953602 116.046196580557 116.915110805726 115.816951955965 119.974989236096 117.950839528672 117.462790801465 118.568523344194 118.139629993406 116.750331677349 117.554994092638 118.207762039202 117.451367374583 116.598915372967 118.050809515043 117.970599369131 115.186183396288 118.475949101511
117.675135144352 118.741122754532 118.688628473576 117.899376288276 119.031101592006 117.877048601369 118.648374231115 118.976109424393 118.305745609403 119.860777244848 117.322642096739 119.651013436534 117.87207293707 116.567734501193 118.29810819954 118.668865063142 118.92370533932 118.199333922031 117.795235832245 119.08492553164 117.698871308783 117.379525890877 115.98944973031 115.797615606765 117.128578855535 114.798178045927 117.680376251095 115.538257557386 115.101731598396 115.987664329561 116.365534182718 116.231440393929 116.260985159885 116.854599619435 117.154341834457 117.427472053821 117.833753130893 116.474626390847 117.40363444076 117.936241853543 117.094874372342 117.664987040698 116.91332996881 117.651608266825 115.945467446977 117.401995406457 116.585816252745 117.864665845807 118.534905746428
116.604297879373 117.405587077948 117.496536516663 117.568214994452 118.102595694187 118.657506650468 119.428036656133 119.822898262221 117.125775046347 117.429032928511 118.677502151872 117.225252222681 117.741955333956 117.301229738399 117.44774223163 117.099544439064 117.724190181167 118.273601417623 116.372051882848 117.178480596421 116.937126660974 116.452453945827 116.083965247824 116.18494514019 116.64277964288 116.269615928614 116.453553080742 114.746298168303 117.651802154003 116.364288023075 116.845249270833 116.080407516416 116.349450157003 116.638993396521 115.710220854089 115.351045641627 117.012108668008 117.188764510842 116.641943072696 117.312074322257 116.317935186533 117.335344097795 115.519205427777 115.566082890377 117.558439231358 117.755862934269 116.492393740303 114.437884540884 115.830996508042
117.438587383514 116.605907753784 118.695099518263 117.423167243958 118.125172356677 118.641527723603 118.009497785691 119.268893703399 118.256093186803 117.61117410675 117.954718060346 117.506182951328 118.134962556879 116.991017297704 117.357746226063 118.94436462817 117.122512685816 117.33252216187 116.435457104809 116.750402355855 116.622086564049 116.4639835589 116.158980000982 116.91833502673 115.150479619784 119.117674322347 115.010978488527 115.2379483418 116.996249216315 116.387698138118 116.832064762521 116.968565756684 114.528173967758 115.9966278736 116.945215246144 116.950002226536 116.360909750823 116.501891534262 116.49024787794 116.21190060507 116.171604241844 118.282521062638 118.13655419815 117.946098181629 116.766007715743 114.600120318859 117.832285965696 115.383387353549 117.41087579924
