wc0.5/PCA/Component-1.asc
NCOLS 267 
NROWS 470 
XLLCORNER 79.65 
YLLCORNER 5.91666666666689 
CELLSIZE 0.00833333333332575 
NODATA_value -9999 
[rows 63 to 83 of 470, columns 48 to 95 of 267]
-9999 -9999 -9999 -9999 -9999 -9999 -9999 -9999 -395.020070259526 -391.723694767725 -380.454698060157 -379.823479563255 -376.853970360178 -374.918655382631 -372.529975573347 -367.20542080853 -357.390405470047 -354.35716677333 -353.157587382724 -350.890349912273 -346.084877136807 -344.723853908301 -342.096294022186 -334.028482870609 -332.336490491606 -326.278722786651 -321.116372267186 -384.220418400664 -308.982871858497 -376.589428350291 -370.324525949636 -298.341733558013 -365.125764714708 -362.984696720096 -296.52896749185 -294.141438662685 -285.352386749374 -282.26557873137 -282.416715460796 -346.816645912349 -344.675971285804 -335.891448418355 -338.394726730915 -329.407399067971 -260.243199903169 -325.079278146843 -328.283469468633 -325.602248818192
-9999 -9999 -9999 -9999 -9999 -9999 -9999 -9999 -9999 -387.387938615894 -381.813020874778 -381.035607699636 -377.21753894104 -371.642223930332 -368.347818221965 -362.299282047887 -357.598426163374 -355.51605803794 -351.504687577276 -347.886050368692 -346.92500955892 -348.94115280701 -341.583743687204 -336.946768734622 -329.060942821299 -321.765563291528 -380.800173736672 -311.497520194993 -309.122468672252 -374.221694986775 -373.162679507287 -367.395026185061 -369.977397194561 -364.215272613605 -300.514267162373 -357.764288311161 -285.316738272273 -289.127168150389 -278.049888539323 -345.617763710623 -274.169472118002 -335.920271767132 -264.840212004541 -256.845545438215 -328.748383910003 -262.90937513989 -327.671365580922 -325.175487282978
-9999 -9999 -9999 -9999 -9999 -9999 -9999 -9999 -9999 -389.704525345623 -386.093523715919 -377.84165971814 -375.280715050243 -373.89972965205 -365.45231435252 -365.160893707392 -356.522335726478 -355.306909620196 -416.871714650254 -355.380782051346 -351.570814273139 -342.987264788807 -333.912067785006 -330.065300465775 -325.290829364444 -322.46436354901 -316.192075529141 -311.828019160062 -311.876706968841 -300.711175755485 -305.499877833318 -300.121107873229 -369.758525175243 -296.601545789132 -295.454799692134 -289.100754650958 -293.012240696846 -283.243731655692 -345.191902141043 -348.257551058114 -334.341428284659 -268.437338579132 -262.464241744124 -331.490927905361 -330.975607862033 -260.473847490571 -333.181349680895 -324.475762315092
-9999 -9999 -9999 -9999 -9999 -9999 -9999 -9999 -393.466016113993 -389.327147527082 -383.737860895708 -379.462352389701 -375.774530543436 -371.717943388883 -367.862830370297 -362.96074429567 -355.683967193414 -356.012707241032 -352.472416795226 -353.973382138599 -349.318300822175 -345.083327029019 -338.024666306515 -326.931520632148 -323.90181191533 -322.094774497442 -317.936472623806 -309.735182765785 -310.350081401919 -308.066404449596 -301.632028572148 -304.400185563414 -303.429566605985 -364.663437362922 -294.443483467093 -292.809415150431 -287.019219143628 -282.893095664833 -351.993676120275 -341.179115980773 -269.14451731692 -337.017574054452 -335.618071831698 -261.603312022598 -328.886135708976 -261.181278526156 -329.834428127778 -325.954932739327
-9999 -9999 -9999 -9999 -9999 -9999 -9999 -9999 -394.834500291584 -386.02848039463 -383.657420870681 -379.414414831439 -375.831540765692 -370.065043583436 -367.405882144152 -362.381235237693 -358.118867401282 -356.989198172177 -358.721754042991 -356.492494376266 -350.887809398598 -344.676809108715 -333.570749709849 -333.554494823444 -324.403833530464 -320.273664886143 -319.31032354301 -315.925261832257 -312.330784583562 -312.123393683979 -367.661215589895 -367.217157883355 -303.527971913335 -297.221521413217 -295.194137361632 -293.19486169578 -287.2484232955 -352.960995284246 -349.791950823939 -344.735764878417 -338.000644375126 -265.37925098068 -337.236248480221 -332.649925342021 -329.285195108293 -260.082546965427 -327.234044450753 -322.152721474512
-9999 -9999 -9999 -9999 -9999 -9999 -9999 -9999 -392.827757434164 -385.909750035146 -384.619110096937 -377.486205724754 -373.147084902509 -372.923218307188 -367.524427648539 -367.362479862817 -362.758631024823 -355.805226223001 -412.917705877485 -407.459545982241 -342.846577634998 -335.587386402794 -333.237103601731 -328.270692115876 -327.665570405606 -325.824029130519 -317.58889907699 -319.928656401014 -313.167820186104 -307.880118934787 -307.258403277322 -303.529349934119 -298.59437754362 -299.773408790025 -294.158307352856 -292.118771258884 -290.12950534228 -287.051676054614 -350.174337558754 -343.58657439369 -337.199863239468 -334.979401272411 -338.126566223476 -330.400196580424 -334.171270332801 -329.319213711104 -325.664716309701 -326.696022914589
-9999 -9999 -9999 -9999 -9999 -9999 -9999 -9999 -9999 -385.738527193738 -383.720885795661 -381.637275425659 -373.2038699036 -370.074052395862 -368.240058493832 -365.140125541198 -358.185141100989 -357.463433907126 -352.018956319399 -341.54978483119 -336.945235399161 -336.627870620504 -331.919544999039 -326.630230020019 -322.646958890722 -323.711049635517 -317.838884468342 -318.48047065253 -317.138624229753 -309.190616400392 -305.824571431749 -306.388182583025 -300.49387770433 -296.764037911784 -295.1870685832 -291.696446297006 -288.201296235595 -287.083139348197 -349.738329755232 -342.714145159507 -274.656591390504 -339.137569199356 -328.801995400514 -333.853631418307 -330.214780956718 -323.819858613247 -326.894400375533 -322.813516237833
-9999 -9999 -9999 -9999 -9999 -9999 -9999 -9999 -389.151251591564 -388.978916247772 -378.211123327773 -378.336749295119 -374.165040971179 -372.11771715156 -368.631188006585 -363.791770806381 -359.276743757688 -353.216134601765 -350.602098178036 -342.73762748563 -344.919352021018 -342.237132776503 -336.66213848705 -324.657544827051 -322.805227571041 -320.850359716521 -320.595550289849 -315.92348075773 -316.468459380789 -313.048615522766 -306.71537841575 -367.350624693451 -365.826208115025 -297.21088032784 -357.216365326967 -291.169767322197 -292.094933890341 -289.225266550816 -344.572608467317 -342.418866459074 -335.878540989626 -334.246104673258 -327.313232625918 -326.948386973336 -326.339058090131 -322.109363800762 -323.412890969152 -321.707304547671
-9999 -9999 -9999 -9999 -9999 -9999 -9999 -9999 -393.152527328526 -382.713018573294 -381.661535813484 -376.696155568513 -372.830671583624 -372.226189732521 -364.654055981741 -362.281587521274 -355.955293814827 -351.248014905853 -347.613794741595 -342.696300080281 -341.325700011015 -338.014795707006 -330.319933673591 -330.580112842223 -328.402227970549 -322.379782734533 -321.146617754697 -320.755488241944 -317.830269601737 -307.95391507057 -307.545320009937 -304.664117016826 -369.157549570956 -364.886129054194 -298.450969575563 -286.667873500765 -283.804864221468 -286.598887905727 -347.609788045559 -343.441252007657 -339.926723836217 -330.424054693975 -260.309695120722 -323.850569736794 -325.289269953409 -327.920036852897 -326.101778564346 -322.309349309059
-9999 -9999 -9999 -9999 -9999 -9999 -9999 -9999 -387.678587764659 -386.130966907924 -378.682711513476 -374.376797976387 -373.985249213924 -369.937573141391 -364.09834285202 -419.700138527387 -354.799791275302 -351.132213043949 -348.188102893409 -345.473808793003 -343.550763862292 -334.167953226377 -390.377194353963 -332.346154184279 -325.527482531557 -318.845082694184 -318.369712883195 -321.733547812429 -316.515584257122 -311.527715639429 -373.734664930864 -370.458145479056 -368.389274218765 -363.339424815386 -295.628284792018 -353.137714187025 -348.103958177779 -344.622267644545 -344.598837383858 -343.113498307569 -341.089907481963 -333.999042942769 -327.940113234984 -323.908342777728 -320.977180780936 -328.977444809333 -256.83087374161 -318.869450132684
-9999 -9999 -9999 -9999 -9999 -9999 -9999 -9999 -391.730132061398 -382.644366546617 -386.621872240847 -378.618829563378 -376.898414638903 -370.444435814893 -366.771947046822 -423.547010455623 -358.325218137345 -350.217559359074 -348.689285047116 -341.558329780602 -339.637909440889 -397.281412765708 -324.704951889628 -328.004405987916 -323.113586129268 -320.395913982328 -316.805740882595 -317.90221067064 -315.21324856564 -375.740196577757 -373.619303027474 -369.643721596949 -368.52887103252 -299.840831002183 -296.022762243588 -286.779399281934 -345.337435666925 -344.089988248516 -343.529350353427 -342.209458254069 -336.648598413733 -262.569423427391 -265.120048401625 -328.617073178409 -323.494258977158 -260.704864157763 -258.18501131638 -252.201924110632
-9999 -9999 -9999 -9999 -9999 -9999 -9999 -9999 -391.755599527512 -386.274231193727 -379.211748251956 -375.159815391208 -375.58600587643 -370.32491988198 -364.623725271912 -359.897586748286 -353.532492182068 -352.708297146639 -343.28136349034 -340.792816505392 -338.588825089989 -392.776093212152 -389.521644965889 -329.749687094096 -327.320501837923 -322.30820649428 -317.306583085391 -313.231806638372 -378.015521444519 -375.671689292537 -371.620774410893 -366.464590060541 -303.91233109753 -293.279483761088 -290.710300193353 -351.162217703616 -341.163243881914 -343.700908334373 -342.946359693807 -270.967567761749 -335.760153985683 -330.719051913279 -258.511970967426 -260.217646436101 -253.610637961868 -318.762680242983 -258.14786661288 -251.692211413472
-9999 -9999 -9999 -9999 -9999 -9999 -9999 -9999 -398.1977756715 -384.522910644152 -381.967712138054 -376.679561551236 -370.278512478502 -367.203218142121 -365.462918486014 -358.060836721544 -356.389696329405 -351.498128571835 -345.191229177355 -399.353898524638 -398.028801086679 -331.024611368695 -330.402645814673 -328.690348107324 -329.340608402165 -328.882799070993 -321.893139682448 -312.263927607433 -377.463252293064 -377.941783955344 -368.603658083236 -303.620550306004 -296.239716054947 -356.919845760742 -288.470497494054 -288.533508890548 -282.513237687807 -280.614705486933 -346.702187138442 -272.497917266036 -334.42289857396 -263.905039580214 -261.531920842973 -264.482007073603 -256.778312478931 -256.61335488466 -256.67956777406 -253.188246400112
-9999 -9999 -9999 -9999 -9999 -9999 -9999 -402.969019267657 -395.792163460957 -384.032760946892 -381.173442697647 -378.691653597217 -371.97969793689 -367.507344539034 -360.329364081828 -358.793904746032 -358.507445666443 -349.640624545252 -340.679988221293 -400.371916308357 -398.574915820737 -332.664946687192 -327.71730453212 -328.544619390741 -330.92038336442 -329.136230407744 -321.233657312493 -376.999938386719 -374.466741516455 -369.387598354242 -308.327908769498 -297.292796691807 -293.611501881933 -292.658823251445 -353.652110071333 -284.036574026749 -285.842383864182 -278.280745363871 -274.552893485721 -269.90660261025 -267.418055625302 -261.888778306878 -262.220962590621 -327.285126128585 -255.24830467086 -254.886587831825 -319.468460804287 -318.471155208351
-9999 -9999 -9999 -9999 -9999 -9999 -9999 -400.549597819435 -391.582430473191 -386.875829287036 -381.606644194741 -376.269466735949 -370.933784020184 -368.492807952615 -361.344335271787 -358.627375505883 -351.418582459666 -351.491505609576 -345.445555074202 -398.185348713368 -329.046685865189 -332.50228738216 -330.201159793189 -336.057631907963 -333.686901903216 -325.101801966073 -318.253897986008 -316.269609784616 -376.242494586515 -368.311507917346 -308.50996622344 -359.800180870851 -297.403259825601 -291.051825718551 -358.370699322102 -349.669692701318 -348.829843143297 -282.796203497651 -274.913799813973 -339.273599132049 -337.428796255451 -266.368245778178 -332.509640167914 -329.868575336588 -319.475277610848 -320.888248665335 -258.687205615275 -319.387390572375
-9999 -9999 -9999 -9999 -9999 -9999 -9999 -396.772177063878 -393.956093909725 -380.081523873732 -377.450717822419 -377.69944135641 -373.563057523072 -366.054220385211 -364.233198941831 -359.171886059238 -354.17330623668 -345.156394348671 -342.293191828315 -339.845598108974 -332.38329368148 -328.750102066586 -330.6529573401 -331.898892016839 -331.325286551502 -324.829791781979 -313.710892937984 -375.113073669654 -374.598288282488 -309.129527665863 -302.87116334966 -297.874655538422 -358.717968367363 -293.731175681959 -357.769721518341 -285.542973067696 -280.972367171343 -346.559907031395 -339.492847871504 -338.307615625689 -339.560160462763 -270.851309415056 -334.445749403586 -331.546344714955 -330.423692416129 -325.840433889609 -324.745973103286 -326.473746857312
-9999 -9999 -9999 -9999 -9999 -9999 -403.991738215141 -396.826695572285 -384.667898124872 -381.632355161876 -377.114039330539 -374.240060496934 -371.171534510043 -369.278619315794 -363.634943405547 -358.446218709014 -352.114687956273 -343.891784899041 -339.909323264868 -340.653034842227 -334.420714033438 -330.518212189405 -332.097535480907 -334.291236640309 -330.143489419371 -322.102405112881 -317.355832446743 -311.54238853221 -372.603901222485 -309.760255006863 -305.341729789558 -362.551883841634 -362.238956829416 -357.570400414541 -355.680671832199 -354.389641149081 -282.260465856371 -347.236054202567 -277.871504566814 -342.619749826488 -337.013865289727 -337.187727725285 -338.070516460113 -332.645147615081 -326.252163067045 -329.418809732806 -327.951061167464 -317.007039162261
-9999 -9999 -9999 -9999 -9999 -9999 -404.46880225821 -393.108506279277 -387.137736731578 -380.318804689478 -377.592161561357 -374.459389805358 -373.711161081124 -368.864941345921 -360.968146641624 -359.59411323135 -351.689679103105 -347.148156474277 -343.19868930723 -337.292142598118 -340.364492194021 -332.956352697985 -335.073532282461 -336.294591237385 -323.617210138072 -318.090204309291 -315.1666643066 -310.452068571529 -315.2405923619 -307.848659238139 -301.58217069061 -363.173283994549 -358.601849096602 -359.332545425049 -358.469853278772 -351.892432393273 -344.701340730014 -284.145617475998 -280.032292675428 -274.68248176975 -337.175679128758 -328.295913739108 -332.525262307804 -328.039565920361 -254.778059483572 -323.75089056358 -256.614419882067 -316.356941794903
-9999 -9999 -9999 -9999 -9999 -9999 -400.385648297991 -393.205426618079 -388.8094875452 -385.060188265971 -380.288944669814 -373.054525640568 -371.844339799461 -369.17120417753 -364.813659503704 -358.927805712281 -356.741105946481 -352.163520178372 -343.288551135916 -343.319127330076 -345.532231067096 -343.450973792768 -335.76653872996 -332.029592982477 -326.183606480606 -319.75613088133 -313.681046576967 -375.257295169924 -309.20278888266 -311.069892405525 -299.807220534895 -359.766126083434 -358.4147263453 -291.684998250223 -358.098315105362 -286.459046249632 -285.997850578678 -346.412859597636 -278.861625614027 -341.134546166162 -327.156350850045 -261.363644660824 -265.454803235335 -328.012371323443 -319.747155890435 -255.954274162486 -251.461002120176 -249.621479433517
-9999 -9999 -9999 -9999 -9999 -400.145803438137 -394.86056797815 -396.171089594948 -390.294280559676 -383.807801964822 -374.696930758054 -373.234108658405 -369.089975262372 -364.233134639201 -366.703519155614 -361.487103934093 -350.609845686482 -348.095787939453 -344.689627873838 -346.16847701016 -341.240289583986 -340.138255298472 -334.426565936731 -328.682168613496 -329.176938158308 -327.761819357646 -321.071060156224 -318.695815392425 -370.696013175354 -367.708922535873 -306.55411726747 -301.598808802652 -358.804435843193 -294.901866087851 -290.244117953901 -345.470511308394 -349.093414143107 -278.115644460339 -278.170556758986 -339.359299721259 -329.258385949794 -266.515907375721 -262.532070572765 -260.420027670187 -262.788702664862 -257.815685357201 -251.173145220405 -252.298344373778
-9999 -9999 -9999 -9999 -9999 -398.755858379228 -395.975566719098 -392.451337117638 -388.848601071212 -384.070314377912 -380.635923868399 -370.746567912354 -369.194821777575 -366.48723719878 -361.802122870792 -358.392679794138 -352.492782261906 -343.51619790444 -345.281285786799 -343.354250118718 -341.575929416081 -339.940384882913 -333.321119563307 -330.897925990462 -330.023036357391 -326.939548122676 -323.828304377623 -319.806367310077 -317.719356513456 -312.278139072109 -308.976315502766 -300.11329748801 -361.333289413023 -356.213312960161 -357.684532811253 -286.639365713184 -286.598077234013 -285.151391506651 -338.619380232253 -333.714040281123 -332.611960145879 -329.982611595902 -332.430131271369 -262.126302487763 -256.231449554393 -256.146146242671 -254.155694628516 -250.469891370679
