wc0.5/PCA/Component-9.asc
NCOLS 267 
NROWS 470 
XLLCORNER 79.65 
YLLCORNER 5.91666666666689 
CELLSIZE 0.00833333333332575 
NODATA_value -9999 
[rows 294 to 314 of 470, columns 98 to 146 of 267]
496.579701035212 490.740663005046 493.814168093071 495.362084525597 482.575011893375 493.878276548121 494.762698913297 490.940705077851 467.90579855545 463.479597736452 465.807268015271 461.936103524943 461.513240112662 464.399821980282 464.075966951829 466.414216893872 464.480058272453 460.429828379311 466.511641769412 468.943932235777 460.440030147856 460.165177392391 455.343510644574 481.498307731518 465.73239519709 426.557192964699 408.92104182644 404.721701111311 392.479778208548 384.523556792834 386.747448990062 427.496266144602 433.772488307675 449.697707048874 433.995492368421 420.867924354157 396.163621564165 402.997095179557 393.953056339885 372.368841773719 378.197557267537 347.9313176166 342.224599113256 347.057536300083 397.583432728119 372.334159073004 353.862879847546 374.635632097536 364.090244095638
492.333898029076 488.57301192523 485.308151345636 488.677450648141 495.782704840617 491.822517837894 492.070617111232 492.673411170665 469.201274803373 462.619887591968 466.796971618835 465.190025783677 466.861756294113 466.045713521414 464.347429728099 467.172261776828 471.254103116283 467.085599517063 468.692569381267 467.355267177919 466.943043112439 463.079646603005 462.37880840275 466.545019858676 476.30802368757 446.141431996475 432.111240093763 432.095263994192 424.642247154406 423.184293744745 418.027829651246 441.905090934275 449.157949667325 462.21367803049 439.270522525497 423.153884226366 410.859418200451 424.351980001935 410.902274463181 403.361871547051 367.924414820886 348.940770443409 333.048616326056 329.666399342243 367.143929677703 400.707015052936 386.542743893762 405.060199894226 419.541152912663
491.889395561445 490.820414664344 487.791532289833 482.411536705419 488.777780317906 489.994936967541 492.331186062578 489.430132046927 468.968757962248 462.114139828366 463.940395774834 460.733309597987 467.318518093742 467.503042889675 466.70872337751 468.744993395774 470.360802914933 470.527326209521 471.585652025885 458.171463549178 463.307459470709 464.720152837917 461.9042332594 460.069569001917 470.605249774162 464.477139329166 437.869595994703 444.668425644406 437.714379254136 428.519838524344 427.501510387915 449.762395024671 458.853199768351 453.689459955795 441.839929514359 436.834205026871 430.210458180271 415.656810644614 398.386476070146 369.836093974565 341.860811835518 337.493199723856 364.515222810102 362.499610059365 355.44086235407 396.900619273613 413.806512381898 418.298275004801 437.61481539743
495.174678181693 486.822864650127 496.210085702622 488.567032922115 477.714905904521 483.16874019801 487.380199835744 488.785883368385 475.507428914613 460.524043503282 464.050870009571 461.461272109787 462.419940642925 464.577510782678 467.348098371981 467.88373851596 467.991186985507 471.732540945305 469.65247309195 466.813079418716 461.720234234543 467.464062560481 467.195191587797 464.246853182519 463.983314865426 469.603975281977 451.998450568824 449.175564638297 443.164263909627 433.043549860837 433.036296258533 444.806856827137 457.314998486906 444.448323001284 441.766314659753 420.672315267105 411.66557091559 400.552497427118 394.654875032066 380.56710181799 372.464943616603 364.59774156245 370.672370385478 373.712178801824 370.661179504083 403.441218312012 423.403825700315 435.018035140181 446.398736812737
495.125001186454 498.413268170553 498.458679461609 488.082124479474 483.252511210445 476.565220971105 480.725527869153 486.169910025015 485.347440156486 463.993987867191 463.943925640739 461.499175882667 463.696070875897 464.022124553975 467.075252032913 467.73505344177 469.170398959409 470.710237491229 470.069811360137 469.513926230115 468.544986613991 466.875704226816 468.069518432196 469.278256250056 467.339045943014 468.075736319616 464.003275549789 448.212948330169 445.970723311748 440.140715103933 436.78690882065 456.598216099427 468.764933097099 447.131536132739 437.865580891692 436.572132314386 414.389520854564 399.070064766747 391.678997546843 400.489436709631 380.70970692073 361.45586824203 380.200921815841 365.75503065304 349.296696432054 399.316411438775 395.624801860291 422.830108919165 419.904794394309
503.226572072037 500.003586119225 493.60799381756 488.106860942257 484.727196132909 465.717950896588 449.102944430178 466.665565103571 480.537241533704 457.414663007051 461.259888136918 462.785296504573 461.186911865734 461.553401182229 465.565218552343 464.511894425322 465.03647516097 469.974429594174 470.818185259817 470.344461681348 471.697559237633 469.618661608777 468.496847842033 470.934473803187 467.291095615057 464.835942570626 461.623427426185 461.100644026453 440.681021250857 423.673732590943 433.44777969523 443.511584992696 458.800406096424 445.945006760193 438.909502122992 431.553523134206 419.918020867311 409.381142951578 405.136473216873 417.643580720455 401.687785969806 399.436407056286 388.292925495127 360.52590102982 358.050511668331 348.25958905504 378.181385487296 393.08813858515 407.464454682813
500.137490845276 501.076344431365 496.795330758214 494.562766693069 488.336209235313 481.999331685127 471.073793717709 471.941270922165 459.784799098628 454.551015807878 456.830266981533 457.763113126796 458.187986750192 457.453253156377 459.335438841321 463.56761096656 464.092983767347 467.814212769036 470.06826188307 473.377294847601 472.494976182513 469.20498151092 471.667733273906 468.040365629531 467.811128655825 467.851624216834 464.555904189746 459.399980753012 456.252299286156 441.163135866427 433.040510823347 437.920183320222 452.994765697014 460.731759384752 449.836526215353 436.312617329435 425.113246745923 433.299556178724 423.604102232124 442.534555152279 419.633803154044 419.673871603232 395.844978705601 393.269183199812 372.092949648265 365.084189703309 350.613129657967 383.31040711409 423.792575721536
491.873881870987 489.661877986031 494.91523798857 492.498894406486 496.210474223044 493.778035043898 491.659528251802 486.096549511432 471.235162497896 445.631851578625 454.752761418398 454.612784871917 452.228516357846 450.01476249756 457.311090824975 460.575028824853 462.421178701977 467.500403942153 470.444827748121 472.882157257885 470.178981356991 472.146329619233 470.975640669824 469.505823947581 466.633995400374 466.836286661887 466.248542927838 465.088336655199 463.026375770938 461.080239795136 443.822865103244 446.195836398431 463.277257219716 471.871497736868 461.885473290823 444.932681517064 430.510234722281 435.598159557113 442.108810714242 448.551969802829 446.58127954757 431.791885937349 411.452062106871 396.945337952697 368.863028394795 350.815778513637 348.97965622994 390.532720638605 416.204028619143
475.748747777718 485.562337141919 471.224240597867 469.962453290019 469.476417000767 490.50592318426 490.291084555171 484.442949649523 467.875620850158 448.7161701297 446.438565767403 452.187604009418 451.551593892502 446.983757505472 436.132404023368 462.120255292995 464.054949166573 467.170543265786 470.612774293586 468.960152325512 471.226429891377 471.88264614244 469.376368370996 467.26989339936 464.957014938124 467.57221341391 467.780313559565 466.298924560112 465.435066141253 461.836987853002 454.025038792402 455.605770215852 464.11084412126 471.089300087124 467.298637763325 461.159712966562 450.049860115172 447.059801267964 445.192122513658 446.572364143376 449.074783181681 441.070568458818 410.398561161208 393.387849026512 363.499158620622 351.675181254487 352.681824449337 383.364080912789 430.163986610751
441.287931511749 467.072473536578 445.295041132184 440.489263081942 441.548192777063 464.046548076202 461.646186122342 451.118901080201 444.41309937438 430.454545638277 441.022097146732 451.501190330156 460.30732915703 449.648262591991 450.861131822045 454.932589082279 469.789872869755 466.507924401543 468.604301814367 461.105937160966 463.642990107482 471.047926007672 471.309753195648 468.84963417202 467.147576739874 467.640922618646 469.972969326558 466.619943238466 464.955351176527 462.704473934985 457.164123598889 458.33141465357 459.714397687191 468.332249948226 470.494613813348 469.083113174498 460.164860968209 451.736772900949 430.184025878695 421.520991840146 449.665761829066 444.473944431018 418.453137718399 395.484928739201 395.032886930262 396.522633963868 401.8197713176 397.061980379332 425.608454526879
426.309846180908 444.563380400967 450.205427645217 450.216697502683 448.408956600059 443.675003251029 445.632413921688 453.788665234364 433.597556389127 452.052714897961 457.663164362908 458.141832856871 453.795464330686 457.888884296527 450.270746860349 449.841448034368 469.485959372089 467.490485955071 460.198089050647 458.300940055124 465.891719486709 455.835312074139 471.921184807288 465.204917580444 472.302129615873 469.041117527622 467.982818044557 468.934624930082 470.287796691808 466.529989179585 464.963113013759 458.671492304244 458.05734574416 466.936538643494 470.957745684811 470.763241947782 465.610410672175 451.161864772828 437.704913030959 433.105963233477 450.284635453959 452.027552487217 443.796455625817 426.986418800866 425.318231902786 409.276375328989 412.097310424069 417.818965102257 439.953713947886
462.096203017326 454.806293717479 451.354561551147 451.421916949179 451.559533414029 454.468310901168 456.648373966009 452.790178250846 455.555468178305 454.32094705933 458.787816219612 457.589250968346 451.740603001814 447.926673016505 466.356671728526 446.333644772527 468.54628333199 467.24461520477 462.097062713535 468.217153278873 468.030872190518 464.33951202465 447.48138320615 469.274292504769 472.412459581443 469.493778390921 467.510237168549 466.472578575064 471.525813674762 468.324123524149 468.315379621667 459.47880559032 458.961883866505 456.580068246725 460.679007333138 458.456794666908 466.628069148047 466.332567035401 445.2062314623 443.80678628062 448.785415138323 448.474895381035 442.393223477497 408.218803206893 395.846926244258 392.044311762224 422.782706831461 436.034136827982 446.909914063717
497.901093413118 460.935482465622 447.816006654134 448.73147623413 453.141664752687 455.485023211897 453.473028685468 457.885796469128 457.531487326725 456.119356311695 457.853660585632 458.144676915115 460.55294654286 454.261687473451 468.547293153761 467.385752400192 467.797815671868 466.136822334923 467.568474516848 454.134192002425 442.281426453126 437.655021093403 448.008836597555 446.994387798456 474.427614578679 470.790762235577 466.763330658852 466.744178215125 468.340933743331 469.474827234623 469.84359510157 461.395352986997 454.647732138418 463.447505960706 459.149913083372 460.455423660102 461.62969896049 464.520947895631 452.288525259669 458.946801736974 453.324356405204 450.436638469664 442.27499192833 418.5760995534 409.504505112624 402.884404614992 421.480502068465 445.438270963575 446.916829318072
489.935067553871 459.118823368276 456.067427558654 446.420969857002 450.19086942617 450.858184331052 455.024409702293 455.240052476808 456.015206121996 456.380433506891 457.343195691291 458.206428495422 458.890086260045 455.319842549484 460.510999193686 466.328316599554 466.34945315863 465.85357133091 445.553503152319 434.129173342337 427.698481144098 415.289470154329 439.969719489942 456.959737538469 462.00392556059 457.475811636392 471.384687485829 472.424921708628 471.296976699507 469.200906022714 469.253236928068 466.27765233088 456.931425384058 456.930856581296 464.143517578268 459.782065958777 455.534469183964 463.839445152438 462.881193847881 441.300153333923 444.96569696589 447.415805622913 435.725742103519 412.23254370289 393.962393358079 397.132479301697 421.599377366154 444.446280612453 452.713988863491
484.048033995518 486.778605509104 469.690631812826 456.734929118633 437.425032122751 438.050934639671 441.837829432365 454.738435134723 455.851616655343 456.548949378628 456.328045357093 455.848958738959 459.147034294437 457.602758658096 461.616759478478 465.500059116295 452.445570645105 450.215063300305 437.669649063997 411.777322824836 413.775793219086 408.976611432713 430.69109387682 443.81062637394 453.850634107737 464.009671592904 465.968519542954 460.231804823812 460.012013625351 465.3864587491 470.100934326506 469.114888816452 462.639074367348 462.139118215339 463.84985197371 457.916057023324 457.760240645878 457.353650434685 456.550999153883 442.831634753186 446.728165333961 444.143719445033 437.513611933391 407.888932156639 384.673291477267 399.38791416823 418.204258337541 441.90059371723 441.072210033373
477.240702856283 488.51936835774 486.896583581541 463.250744265868 454.710760756541 455.591647560906 444.155201071697 439.438342752935 454.182799656545 451.486518079056 454.844200634592 456.673654959299 456.976322757019 460.490813921751 463.434878155564 464.656740476447 452.060060132847 437.895142879747 430.47420172968 398.573968665656 424.411780560057 437.240278251355 447.866697176144 458.583929669389 460.774628758865 454.338755663436 465.609269280514 456.76498873562 452.116633406552 451.906020795588 441.271788214302 466.363898328217 467.009278614805 465.729176303324 462.392001301031 445.502322859453 454.997930127293 462.496931859256 461.391208429588 453.658905892744 447.349206571103 438.846836049437 414.200284405904 416.778828616028 400.685689157366 399.821663814504 443.744118816231 474.006135151975 447.088484411504
489.443117413647 488.888383640102 488.478778935485 486.786699862213 480.466674011815 445.998693107759 440.251440496095 445.203710849708 452.181237931304 449.033527746931 454.302481707372 454.936188670706 454.413442332334 453.810796363315 460.766218818598 461.885512384952 436.945758749421 423.162791835805 412.259610380539 398.42697245361 417.49707535854 431.839600530336 435.906317102093 438.744545662954 436.594497579576 448.860871957048 458.88917037249 449.137448630341 452.240443564551 450.519629742957 454.633226106305 457.951936220425 456.569776945091 465.241330572776 463.857793995243 460.685752500014 440.827479981496 455.384081897947 460.889862762596 445.375531841518 442.941061552575 440.370514826878 421.557995694886 428.387000115413 411.468287870173 403.465578849046 441.296926590812 454.747318844344 450.043669961126
486.877222231107 484.00527988735 479.144035661658 485.97901563132 481.536499582744 481.783749455852 442.833729678597 446.15727190543 448.469180008673 442.59055720902 447.842570498764 448.203153861483 451.722426694306 449.61336813203 455.022243454593 458.73334764718 442.44998263155 417.879045094401 398.018910966527 381.922854691531 398.902021844227 420.18809588596 424.778257555666 420.758272263705 428.687684619232 440.407629169082 444.01994664964 448.338450041059 451.272141048818 460.534678343743 460.524178324462 455.113443599643 465.463468734267 455.464771043834 446.478224477283 455.510598444645 445.903873914939 441.452418258993 453.153444934899 444.494043435917 443.168218867924 436.061252171266 437.320953881033 439.959036239363 419.776164431446 403.881851764534 442.342905728913 472.12885184193 441.299237530822
486.833202174953 486.096096653555 481.76689086476 486.964533905488 484.348320213221 475.507392179729 469.466240973473 449.774455472457 448.392610939859 451.135454269181 434.32680652421 447.017095960437 450.174348676529 448.411738221388 455.018278731614 455.773685621742 461.435471483888 429.555870124792 419.54769235391 389.395510328856 379.419273018889 392.098971828765 410.060499351088 400.174428216914 401.686740754664 427.621588754919 434.098670715205 447.745428137898 449.61940814767 453.769838721778 451.827802343408 450.973937602184 444.770854199019 447.237689777038 445.873466406071 447.983386874537 446.263363364777 430.966884178477 442.049593858309 465.810929479483 444.643293937864 438.435933406818 438.921849861879 438.546300815137 429.573422113759 441.516968062155 471.84189268243 484.985347443039 441.462581617323
485.244272290421 485.809485074969 483.451030855733 454.123527990169 460.519721587355 461.525969467944 441.930937128503 450.962127552161 454.193763003417 437.83101656037 443.890290670772 450.613305281488 451.80565534947 453.442137824381 451.755720419863 454.367714422664 460.096520394273 442.651643137491 427.055820564372 417.304687950592 382.029682777364 399.528903527066 390.579413396159 401.994880841351 397.340316107961 410.495195079482 429.663255568989 429.349884809744 430.929880059101 440.583054781507 447.11858491886 451.524425100979 445.37840629165 443.249604628044 443.983021498351 447.649962775825 455.300547489695 440.917839244867 440.65304439944 441.418039595527 467.345878496382 440.915156724034 439.630205114201 452.953361381897 441.019239942343 435.906965773646 482.904006782097 472.507117388402 449.774743110019
482.873901102738 482.108081785264 482.432198138429 468.777590568468 442.958779453178 465.591539849117 440.216338898879 441.058533281765 443.578647805838 442.233201923527 440.926288075889 450.182340259797 451.21479970025 452.35510464679 451.658148605211 455.342443776245 459.34052316702 454.876704229555 436.891560642891 425.924669107218 402.011032370305 389.658775686995 410.919456440236 412.805272050572 417.706002983555 406.722358562893 386.330567862524 390.883746028315 418.453816886337 427.230665112405 436.104917968373 443.870432448068 446.374173082215 438.01387343155 437.365118657232 440.151629091489 441.609655667501 440.241947517239 436.399468327028 434.974950187233 465.209404929164 438.881714383745 438.969933792188 449.222724351397 437.526758904962 447.844407980105 472.268584099908 462.092352642412 440.312520138859
