wc0.5/PCA/Component-14.asc
NCOLS 267 
NROWS 470 
XLLCORNER 79.65 
YLLCORNER 5.91666666666689 
CELLSIZE 0.00833333333332575 
NODATA_value -9999 
[rows 231 to 251 of 470, columns 0 to 46 of 267]
-9999 -9999 -9999 -9999 -9999 -9999 -9999 -9999 -9999 -9999 -9999 -9999 -9999 -35.2267536935256 -35.3980409138943 -34.8587325703607 -34.7365995818126 -35.2349454725774 -36.5707098003083 -35.5963174025975 -9999 -36.4121626109358 -35.3602410908873 -36.656631873154 -36.1136026859312 -36.1713417080579 -35.3323922196577 -35.984275751289 -35.9718069225803 -36.8334117985952 -36.8775591932529 -37.1492390915373 -36.7584925436506 -37.2695629921522 -37.2927135372763 -37.167188182204 -35.8325027195966 -36.1530025568537 -36.3515551935209 -37.5045867059065 -36.8940751234771 -36.4422135296782 -37.1402886534135 -37.3172753133439 -37.1460893296032 -36.8056669815373 -36.792458270084
-9999 -9999 -9999 -9999 -9999 -9999 -9999 -9999 -9999 -9999 -9999 -9999 -9999 -35.4196562398271 -35.4233250943918 -35.144594092856 -34.6359814214023 -35.3216492237978 -35.8570336126808 -35.23919918938 -35.8185664551238 -36.4064454159468 -36.6717906539777 -36.8828339567751 -36.3022831186245 -36.3852083935777 -36.1341138828838 -36.952173445826 -36.2465123448084 -37.4008827518632 -36.1469581232522 -37.4081124702208 -36.1946071235394 -36.1767756053948 -37.0789549644355 -37.4948516343228 -36.9044489251522 -35.9888266397452 -37.2724655069053 -36.9881541116153 -37.187831770638 -37.3654026532029 -37.1145570899616 -37.4187678184805 -37.0090627475168 -36.9509887008001 -37.4207273594096
-9999 -9999 -9999 -9999 -9999 -9999 -9999 -9999 -9999 -9999 -9999 -9999 -9999 -34.2444273960562 -34.6748123407258 -34.7970477263163 -34.9442935278552 -34.907790561916 -35.2446226893028 -35.3952697292551 -36.3086165372592 -35.9980632176296 -36.3586738262258 -36.7688179123263 -36.3459172750905 -36.4335948650911 -35.9511384782261 -36.5497816874109 -36.6934787889153 -37.0886885144689 -37.1113190007243 -37.2412950146338 -37.304400494506 -36.3764178707731 -36.5428017915739 -36.194639009656 -36.8298960212279 -37.433563360602 -37.0328944472199 -37.5407404957162 -37.2971261566917 -37.3101205475891 -37.1769815715274 -37.0962539730859 -36.7828679247858 -37.6041620753038 -37.9079428898988
-9999 -9999 -9999 -9999 -9999 -9999 -9999 -9999 -9999 -9999 -9999 -9999 -9999 -35.5826122413052 -34.7041610648805 -34.8286733937298 -34.7096979654479 -34.9526488695733 -36.2307101689541 -36.3585796284413 -35.8427187261552 -35.8322065344219 -36.1008676205046 -36.1537210941239 -37.6875728055819 -36.3626356913774 -35.9744773587189 -36.5298654333468 -35.6777266868693 -36.246323370922 -36.4345099515946 -37.6397523929977 -37.4820744283112 -37.3765566643826 -37.0375127365028 -36.7987148168473 -37.0676051318882 -36.7561630666502 -37.3686916367214 -37.3488694275201 -37.096453306325 -37.1622385946604 -38.5759666537911 -37.3779867658218 -37.6317873097045 -37.1342269511233 -36.5760835365531
-9999 -9999 -9999 -9999 -9999 -9999 -9999 -9999 -9999 -9999 -9999 -9999 -9999 -9999 -35.7089392906779 -35.0097909882146 -34.9648259640061 -34.9648259640061 -35.9241853877564 -35.9913754602686 -35.8726407583362 -35.871562493611 -36.1331857471669 -37.5279318586921 -36.5097480914432 -35.5413975903056 -36.1375954778127 -36.9045369019516 -37.3729871666882 -36.2004749437988 -36.7770471904593 -37.6777258766923 -36.4925534264577 -37.5531785740886 -37.9387365565364 -36.9902321152519 -37.2757352822771 -37.3268350758012 -38.1203971096311 -36.8082867385719 -38.6219916242545 -37.5887630024045 -38.233877361566 -37.3397253579186 -37.8820297597554 -38.100725660446 -37.8592070690446
-9999 -9999 -9999 -9999 -9999 -9999 -9999 -9999 -9999 -9999 -9999 -9999 -9999 -9999 -34.4267626869977 -34.3322150610423 -35.6848411510701 -34.320529500485 -35.764830323945 -35.8352534639638 -36.0980405762345 -37.0662066726739 -37.3791127967966 -36.9610764462216 -37.5282208312334 -36.6579173330093 -36.6365394063251 -37.6480163802053 -37.3697234792627 -37.1661540573925 -36.7350119257027 -36.8348193376288 -37.4479840526579 -37.795205509712 -37.6661963228138 -36.7874494980693 -37.3549585046691 -37.3697454841854 -38.1216157226788 -37.5282269023632 -38.3999077758555 -37.5880991856231 -39.1826995455195 -37.3255537986016 -37.5020325012151 -36.9734448679603 -38.1625589674202
-9999 -9999 -9999 -9999 -9999 -9999 -9999 -9999 -9999 -9999 -9999 -9999 -9999 -9999 -34.7374177080858 -34.7481576833428 -34.7880616408485 -35.1308852265423 -36.0162894679384 -35.9169877417163 -35.8085150928393 -37.5939470158468 -36.9137245705443 -36.660400470011 -36.8631844952043 -36.4446867406303 -36.1481559468073 -37.4422347095643 -36.6784830297483 -37.3553941845886 -37.5663038343503 -36.7889726993016 -37.4966220382467 -37.580630256339 -37.5418729148858 -37.2142308191569 -37.3560782609393 -37.3963115057791 -37.806924970445 -38.3337991183464 -37.5969491755212 -36.7142114185172 -38.1208472106766 -38.433867085548 -37.5816789116349 -37.2267295320419 -37.5356302797394
-9999 -9999 -9999 -9999 -9999 -9999 -9999 -9999 -9999 -9999 -9999 -9999 -9999 -9999 -9999 -34.7768869902527 -35.320419122049 -36.0630656661941 -35.884633563622 -35.891028143007 -36.5400579237524 -37.1546358007344 -37.1961359251606 -37.1359578209203 -36.915558182681 -36.6691695209017 -35.6814903506306 -36.5284044016036 -36.6941144522181 -37.666083846079 -37.2901296902919 -37.3877379004899 -37.5053315472654 -38.3225874605156 -36.8260537770868 -37.71602500708 -36.1581916540622 -36.2819990886543 -38.2223936939748 -38.2023042538399 -38.5521623787959 -38.4346314620734 -38.4904547337909 -38.9417653960263 -38.4188788429273 -37.192483132553 -38.2988103700947
-9999 -9999 -9999 -9999 -9999 -9999 -9999 -9999 -9999 -9999 -9999 -9999 -9999 -9999 -9999 -35.7867573384412 -34.8287167805405 -36.4497900494601 -36.4541577662301 -36.0475074151767 -35.9769379984959 -37.154326668126 -37.0988455679896 -37.2899376625088 -36.4019742385142 -36.3767461241575 -36.1426984702371 -36.6728535916649 -36.6420215547824 -37.4831852841838 -37.4865639548523 -37.2313251254599 -38.331394313621 -37.5604416280863 -38.5221432235493 -37.4553077542072 -37.222191360526 -36.6842214671981 -38.2392914833521 -38.2906851921852 -37.3125730576691 -37.6620604017505 -38.2233132007359 -37.5226582013008 -37.35365476501 -37.2081539740567 -37.660080928447
-9999 -9999 -9999 -9999 -9999 -9999 -9999 -9999 -9999 -9999 -9999 -9999 -9999 -9999 -9999 -35.983061123156 -35.1780566822164 -35.5504363440075 -35.6412283937792 -35.6281734896608 -36.9078681098682 -36.5727767467972 -37.0140916774892 -37.2032675395206 -37.0148679240325 -36.2991977913896 -36.8219674713936 -36.6364063185134 -37.3545998751392 -37.0458019504918 -37.299358203154 -36.907271966684 -36.3747793911207 -37.9903006246935 -36.639876740028 -36.6101406291479 -36.1036857547079 -36.3720945199618 -36.370287898295 -37.8570668005255 -38.6191278484654 -38.3852193817778 -38.9884206259473 -38.3873103197309 -37.5833577421911 -38.172682100464 -37.1212486674061
-9999 -9999 -9999 -9999 -9999 -9999 -9999 -9999 -9999 -9999 -9999 -9999 -9999 -9999 -9999 -9999 -35.7261549243471 -35.6542042045302 -35.2604260832224 -36.0776598744287 -36.8200186728293 -37.1997296846677 -37.4219982609766 -37.0897453040341 -36.4663161477806 -36.9863265852225 -36.8191575977669 -37.3107307089647 -37.2280145826923 -37.1652665379934 -37.1652514686624 -37.4362108396433 -37.3790179519831 -36.4767132567058 -37.6079994732324 -37.8225719455069 -37.0416417357252 -36.2730102280105 -38.3931576113891 -38.1713303156803 -37.4443295578406 -38.2270483714826 -38.0339352507533 -38.7334899471987 -39.2086264715934 -37.447836616566 -37.6908464663914
-9999 -9999 -9999 -9999 -9999 -9999 -9999 -9999 -9999 -9999 -9999 -9999 -9999 -9999 -9999 -9999 -36.1374962810125 -35.4665022470023 -35.603020954641 -36.0713349022412 -36.9564380783896 -36.510296857848 -37.2715027379589 -37.1854195810642 -36.7879272691652 -37.3474347692599 -37.0843770485297 -37.4013524887564 -37.6524608846856 -36.9807395719646 -37.4827515617298 -37.4969841217883 -37.4362027874693 -37.5341589221502 -37.6623566412571 -37.6608507077826 -37.1981791679075 -37.4191796651058 -38.2417098952622 -38.2625456559916 -37.6715353081036 -38.4682381382237 -38.4189420359063 -37.3087102029384 -38.7985194727252 -38.5551953577233 -38.4080724120637
-9999 -9999 -9999 -9999 -9999 -9999 -9999 -9999 -9999 -9999 -9999 -9999 -9999 -9999 -9999 -9999 -36.1744044680762 -36.0686175863575 -36.1354058327557 -35.9734075239176 -36.9277967719698 -37.5007459832108 -37.8854433884386 -36.5198700166041 -36.5909400425195 -37.8943738767255 -37.6957945678893 -37.6710956922268 -36.8114865491934 -37.3912984006132 -36.4171129323692 -37.1906007453729 -31.8066800185464 -30.9460861796797 -30.3139728948757 -31.1551851478218 -31.5644174696024 -31.5476737109814 -38.2113367358798 -37.56292952607 -38.7874278249068 -37.0109760198853 -38.9376328077827 -38.7464726993194 -38.1255626264934 -38.7040165887791 -37.7293075744713
-9999 -9999 -9999 -9999 -9999 -9999 -9999 -9999 -9999 -9999 -9999 -9999 -9999 -9999 -9999 -9999 -36.0047009582252 -35.92675829232 -36.1815008833384 -36.1460856278779 -36.1872525132256 -36.5933954327706 -37.6427626899222 -36.6347966787006 -36.6290624948848 -37.1901257203681 -36.9895751285536 -37.6107998919791 -35.9156958214908 -36.6293860023309 -31.7024011818249 -32.6026823142589 -31.2528671464122 -30.7295067497701 -32.667735717073 -31.3534468889819 -31.8355173467789 -31.7125573648887 -31.9867008159814 -32.5296057585929 -36.8922697288223 -38.1227978882993 -38.2308482262056 -38.8935446027791 -38.6292614968511 -38.1702857855056 -36.824661618169
-9999 -9999 -9999 -9999 -9999 -9999 -9999 -9999 -9999 -9999 -9999 -9999 -9999 -9999 -9999 -9999 -36.2289503836376 -36.1401588513229 -36.4832856283591 -36.0610189857366 -36.1959585382019 -37.3567021096553 -37.6242464351939 -36.6055405603432 -37.2544912016759 -36.8319547164874 -37.2202070537341 -36.8598089505463 -36.5666891504769 -31.9695489291815 -32.3758571079618 -31.2196629005966 -32.271667530957 -32.8501210339646 -32.8126526173829 -32.8862304563608 -31.9231356466319 -32.4213625548241 -33.1646049024043 -33.3737431660044 -32.2924291601355 -38.1089184328545 -38.4884532282077 -39.0051240352128 -38.9581733123071 -37.9406460822124 -39.4980220181948
-9999 -9999 -9999 -9999 -9999 -9999 -9999 -9999 -9999 -9999 -9999 -9999 -9999 -9999 -9999 -9999 -35.0876050939643 -36.5800618096852 -36.3366776860286 -36.4573996075201 -36.166176328924 -36.7413171832441 -37.4765052009269 -36.580919607306 -36.5225156839182 -36.419353006917 -37.4989981892556 -31.6899436055644 -31.6917641038423 -32.7219758719117 -32.6157019332866 -32.2686048310667 -32.1891663312162 -31.4385441128368 -32.6001441487359 -32.7843997684964 -32.4319106379476 -32.4716300633201 -32.9322176062925 -33.2180306563356 -33.7577149124983 -33.7504618479888 -39.0407939695582 -39.5964361573313 -38.0261903119939 -38.1755344445832 -39.3834133069935
-9999 -9999 -9999 -9999 -9999 -9999 -9999 -9999 -9999 -9999 -9999 -9999 -9999 -9999 -9999 -9999 -9999 -36.3892169768852 -36.6144717278038 -36.2915892936911 -36.2772154968175 -37.1319471902001 -36.7943221414321 -37.2025079351921 -37.0005880075709 -37.4508868604901 -31.8399687095099 -32.0935873899625 -32.5295598087659 -31.9561965013675 -31.9405697030421 -31.442622596734 -32.4981060770786 -32.9940371623054 -33.2367453751898 -32.6965018287448 -31.4808947660421 -32.7201534973547 -33.1172045612478 -32.7300821595337 -33.710935317133 -33.0278824360526 -38.4756194611913 -39.1678983748828 -38.7984569242561 -39.2813823447811 -38.5306213522614
-9999 -9999 -9999 -9999 -9999 -9999 -9999 -9999 -9999 -9999 -9999 -9999 -9999 -9999 -9999 -9999 -9999 -36.4824661887326 -36.4931825685306 -36.2979437698238 -36.5897665202173 -37.0626964933804 -37.1232253815468 -36.425584154455 -36.8855303077585 -37.498017516972 -31.8854859834426 -32.2201530906453 -33.3004119419774 -32.5916518814116 -32.0020135385791 -32.2131567658047 -32.4436867509053 -32.9752092730712 -33.3347186286053 -32.9391577279366 -32.9112898697797 -33.4445087291316 -32.3474442568553 -32.4003370880339 -32.8761455729181 -33.2925078909117 -33.119236773475 -38.4684605860614 -38.2998290400567 -39.047178524838 -38.554528511335
-9999 -9999 -9999 -9999 -9999 -9999 -9999 -9999 -9999 -9999 -9999 -9999 -9999 -9999 -9999 -9999 -9999 -35.9723780423217 -36.5245181060333 -37.3110969109081 -36.9169231005079 -36.976088598494 -36.4786048252965 -37.0043634272213 -37.2224542552519 -31.7290458987157 -32.1793843666561 -32.6072550842779 -32.0085996960622 -31.9883433482572 -32.4021478351303 -32.0783950731847 -31.7531882909418 -31.8374826360833 -33.4819108273352 -33.3722075002495 -33.0179209708042 -33.1262619887826 -34.1405936047208 -33.1647794571062 -32.5378367078881 -33.5450610225143 -33.9274128558564 -33.563930671036 -38.9165525394192 -39.45298912031 -39.2389735354225
-9999 -9999 -9999 -9999 -9999 -9999 -9999 -9999 -9999 -9999 -9999 -9999 -9999 -9999 -9999 -9999 -9999 -36.1180805110014 -36.4177246253967 -37.4387018508168 -37.4546169341706 -36.7001820866118 -36.6933796999061 -36.7577938354301 -36.6280001640115 -31.6479960931542 -31.6284423486555 -32.4492007610208 -32.5017627761829 -32.0584389586754 -32.7964298579188 -32.8350380497339 -32.9228128314025 -33.1639953054693 -33.1679708796232 -33.2204572431478 -32.5240396464231 -33.3326288449637 -34.0480721058661 -33.8778188676388 -33.342426164971 -34.2248568738342 -34.2658924331074 -33.6772403976653 -38.8126701814469 -39.5791542298866 -38.3606257922889
-9999 -9999 -9999 -9999 -9999 -9999 -9999 -9999 -9999 -9999 -9999 -9999 -9999 -9999 -9999 -9999 -9999 -36.3696258195047 -36.4241603606119 -37.1121439190903 -37.5533455441674 -37.1376890331558 -37.6001291863069 -36.8092092345397 -37.1496957770599 -31.370481470078 -31.5105510843761 -30.7352734506499 -31.6410959040478 -31.9282666237272 -32.5534423891183 -32.7713903869234 -32.0900856153189 -33.1739774169013 -33.2137782650717 -32.8665496469179 -33.176070457323 -33.8464349344513 -33.0163643640368 -33.6369484003247 -34.2732129441976 -33.5608663293184 -33.4449822627347 -33.9896042638859 -39.2641121416771 -39.5901407824765 -39.5701433336151
