wc0.5/PCA/Component-17.asc
NCOLS 267 
NROWS 470 
XLLCORNER 79.65 
YLLCORNER 5.91666666666689 
CELLSIZE 0.00833333333332575 
NODATA_value -9999 
[rows 399 to 419 of 470, columns 141 to 187 of 267]
-3.39239491037725 -3.34483127749383 -3.34315893589844 -4.24480055929875 -3.38879461843392 -3.97079974967804 -3.68105549095455 -4.27502260732704 -4.28790935537333 -3.73013327782672 -3.98934298787519 -4.4891872594065 -4.43132448727403 -4.37102321440555 -5.00879166850017 -3.89997359348838 -4.48783950257897 -3.90431775348161 -4.27179950189197 -4.32110611231815 -4.55823629210784 -4.54928932749569 -4.55783305268003 -4.55218844142244 -5.29289784972657 -4.80382329811715 -4.53214538947486 -4.68719519292291 -4.47382479497406 -4.32239520933224 -5.29011120457869 -4.7908847525941 -4.51672105426862 -4.86213143340962 -5.16319870602281 -4.50895411922134 -3.98806715536988 -4.86794856032482 -4.66670526581853 -4.89702139232867 -4.30291948112705 -4.89126419627377 -3.96281130473263 -3.63268585845937 -4.60882405835539 -3.65188067732864 -4.98154418458987
-3.62503628793506 -4.06273021924803 -3.68876446980083 -3.97964954507424 -3.46428189029526 -3.70786431388657 -3.75264003956159 -3.97230906301761 -3.96279148560005 -4.4870655129761 -3.99289281159764 -4.37829627876527 -4.35808734181559 -3.87555079907968 -4.83115914023054 -3.87748893078707 -3.88453218330328 -4.26973340877622 -4.51630609025424 -4.50295444533297 -4.56747937917548 -4.22509231325906 -4.87836570190509 -4.5099647238489 -4.64155596213503 -4.54891291699443 -5.04682807269373 -5.05477432948949 -4.4231618797457 -4.68018853064622 -4.69339466966517 -3.75510722126254 -4.51614868186164 -4.1504489935487 -4.57361998517521 -4.20895384156406 -4.25056931123461 -4.89573966132537 -4.36041000300794 -4.95917575355116 -4.97051425035121 -4.01772604519559 -4.01702194105255 -3.6519634091131 -4.97301382233275 -4.00426969386565 -3.58888452223698
-4.02274721075704 -3.72201178463019 -3.98320980376158 -3.9736508403796 -4.34761934596233 -3.99240328405651 -3.69907147883439 -3.9812653852969 -3.70767534708732 -4.10187728778527 -3.71787743794051 -3.56799395880522 -4.15723885133246 -4.47317678837023 -4.51313542154831 -3.97108895688799 -4.4832513479546 -3.89214378717625 -4.51597364045972 -3.59154876349894 -3.61352279533644 -4.5459707747722 -3.97766350459461 -4.32551063826696 -4.3307666314945 -4.63390781722133 -4.66281234786171 -4.31466651509172 -4.02810651044615 -4.70786112801101 -4.70707522423489 -3.82366455096526 -4.48602864379916 -4.21059429897895 -4.55123499987243 -4.2251100907012 -4.89627247562049 -4.22974999954777 -4.96433740373174 -3.99435913654188 -3.99257819512775 -4.22999950287089 -4.26819923841165 -4.67178770038667 -4.02600271817312 -4.75391464570476 -4.0238817450248
-4.03337167574713 -4.0281477876068 -3.43460151871749 -4.35749166470696 -4.3435840948181 -4.46931025294041 -3.68584713366386 -4.69952669748193 -4.10285629770669 -3.98403535615259 -3.80461862474818 -3.47717759203297 -3.89888247728105 -4.18238972076547 -4.19078135398297 -4.32860225594877 -4.82214593882448 -4.18031026576703 -4.18756694888046 -4.49927413165388 -4.33453613116983 -4.30596380323954 -3.67091089386953 -4.3246479637546 -4.04993712507793 -4.10421011766903 -4.0933723840127 -4.32518699363601 -4.34414579345405 -4.78627482493858 -4.71111698941137 -4.4401171460405 -4.4790558063973 -4.85464003385376 -4.5656070388901 -4.20708021299721 -4.25303426566156 -5.2010372126424 -4.36197383852473 -4.95609088382924 -4.37071111444346 -4.97436385841361 -4.32798828460664 -3.98614036013245 -3.98622763605226 -4.74644156315624 -4.02682518838373
-3.74040121435975 -4.02998437578676 -3.74206802094366 -3.42310674244217 -3.8004037610532 -3.708631599735 -4.36926250317049 -4.0675430131146 -3.79387425843903 -4.06675671950373 -3.90920466078691 -4.17946628768199 -4.31546631163365 -4.55288645408785 -3.96552557762452 -4.32568493973711 -3.95777423651654 -4.20873808044261 -4.2479407813872 -4.57975095577437 -4.56653135538791 -4.30135262996617 -4.5824244178366 -4.34264042263893 -4.70051433369436 -4.48364826049054 -4.34565703262285 -4.70607714958219 -4.40318319809508 -5.1499943016822 -4.79094318586753 -4.48402334442544 -4.48652039118602 -4.54464692463912 -5.18789211893578 -4.84599316006523 -4.59378690910304 -4.3652513738284 -4.73838547094156 -4.31607533178789 -4.05707297569696 -4.03199446444693 -5.06839240605761 -4.2709540797468 -4.03187256738668 -3.73691586242127 -3.72874225482278
-3.42943848411119 -3.77754613954847 -3.80702718118823 -3.91467505983927 -3.78993151165947 -3.84219139937052 -4.18458236675169 -3.82884453530643 -3.57677797867125 -4.04973518163076 -4.16279385986645 -4.56245074225528 -4.32077355133018 -4.27387865899475 -4.05217103389935 -4.23282206342739 -4.58469011267882 -4.85330528795002 -4.56022103328967 -4.32752464265592 -4.69158641785085 -4.31993438523691 -4.68247911247714 -4.70329151068314 -4.70445517090747 -4.42392942163088 -4.48883343299537 -5.0613172999199 -4.47819359820737 -4.43904056988466 -4.49936294107861 -5.13344802664136 -4.1904347247796 -4.57449649591406 -4.58713024845481 -4.58902375542153 -4.67046506106723 -5.02618584318148 -4.31543644398919 -4.87967133171944 -4.07777818333352 -4.41334258649362 -4.40989772439946 -4.09428678309471 -4.68900599316254 -4.03045770939743 -4.2918190498034
-3.81055073995396 -3.74099849546478 -3.76840241646411 -4.19686624090764 -4.19078008728259 -3.82044698923603 -3.86729417435483 -3.81882235739273 -4.53954246905288 -4.53163056188374 -4.53113771463568 -3.87811901433122 -4.82302428163321 -3.35593939380048 -4.24736001663763 -3.6671757839886 -3.67979832673266 -3.68828216926604 -3.75958809074881 -3.73914232906677 -4.04855760926007 -4.03310704318921 -4.05524990074746 -4.38965529944785 -4.40098770376208 -3.77693792822365 -4.43103690327821 -4.43785825300716 -4.5030181566258 -4.19586219280678 -4.19336018225054 -5.1493858719425 -4.54967898099859 -3.92283654761457 -4.26509111157092 -4.66014269925741 -4.67516131435585 -4.75183464176518 -4.39349100347355 -4.4262075390651 -4.40880516309216 -4.77922153165735 -4.67963445196679 -4.04614943061544 -5.06371431101734 -4.39471627516895 -3.81478815753306
-4.11232541542017 -4.25494416942582 -3.48135449219001 -3.60842836261604 -3.8206643746635 -3.54321449956108 -3.85888102755938 -3.79939539903992 -3.87119244776573 -3.84420669602179 -3.59156916525723 -3.59329625466389 -4.82313556845538 -4.34539654523966 -4.62031583692834 -3.97280754045799 -4.05193818884674 -4.72326249225626 -3.66517393012248 -4.35404108470635 -4.38509215188834 -4.69526959927099 -4.38826429609838 -4.49946053394995 -3.75047136840748 -4.41384692041063 -4.49928678858364 -4.50026138545582 -4.41516831623305 -4.86435854368153 -4.19279228732877 -4.48492724966772 -3.91058495312299 -4.60977463776408 -4.61247326261292 -4.67253015259919 -4.75129167361537 -4.76102211842392 -5.03679012619541 -4.38258351928464 -4.74996008104698 -5.05299674329428 -4.10310389987799 -4.77025345141176 -4.54070088460326 -4.10575399264105 -3.83127725266532
-4.09554572260295 -3.81778118306772 -3.60341467921168 -4.16752256141186 -3.89616372008537 -3.60299664764004 -3.58337097842147 -3.58639684338709 -3.8501670385846 -3.96283687531318 -3.84369117071356 -4.32272596564219 -3.58580599253352 -3.7321522554364 -4.61958534022555 -4.28487335400932 -4.63139443403985 -4.63306070898517 -3.73986104041961 -3.96132363711252 -3.74156283950398 -4.69423750566043 -3.74847250422241 -4.1158891748794 -4.41949838787013 -4.41277406153003 -4.11841210742519 -4.12578741026915 -4.20611965506669 -4.09901875421533 -4.49220196726232 -4.50491592157959 -4.28243567611394 -3.99893753890358 -4.57230274973241 -4.66546537133155 -4.47685073121349 -4.4764703888971 -4.76183036748141 -4.76187252416547 -4.06803852236856 -4.74727002488911 -4.74473732949689 -4.74222380202957 -4.52507887381842 -4.52331795630999 -3.82080694390273
-3.86504142842824 -4.11718764006372 -3.60860034901599 -3.88544486161452 -3.86462809502725 -4.20340291408786 -3.86093428224626 -3.95487773449284 -3.94154971682664 -4.25210380184271 -3.97767003923877 -3.75419093522771 -3.72801411459471 -3.9671497696819 -4.42264005416954 -4.31466575257322 -4.09627364246745 -4.40450246376028 -3.97820193133636 -3.42987359486973 -4.46978489617738 -3.74640193362145 -4.08578415878832 -4.13094315628124 -4.57095426434005 -4.11802640746387 -4.58383833906055 -4.58872605920884 -4.58530922753369 -4.57029298837439 -4.5600530679354 -4.57017327585059 -4.57397790686877 -4.02139896698438 -4.36578559765308 -4.73682477733744 -4.00738869027452 -4.09032465377509 -5.05089807347767 -4.72396445026242 -4.45126180171674 -4.43189116366424 -4.42367551576368 -3.86290996759812 -4.74713138196629 -4.15780350258923 -3.89251519434526
-4.12364225274181 -3.60135103918525 -4.26412874002142 -4.25107436477423 -3.88569910773948 -4.16160560946704 -3.96021286677304 -3.98342585996445 -4.32556525836048 -4.59686577604051 -4.03756065437896 -4.0538595781143 -4.39165802795315 -4.38286569919879 -4.31772914243815 -3.67387742516296 -4.41322979465512 -3.67757639574758 -4.0888919779541 -4.4287024236669 -4.72309857447132 -4.10210074893491 -4.20077563725391 -3.59795420953784 -4.49603734963901 -4.58792898065553 -4.58194163444223 -4.57666677742041 -4.56131861902845 -4.96192696184899 -4.58625437030263 -4.65727829390817 -4.64961745778217 -4.65534802789832 -4.6578675719693 -4.07267051681148 -4.45869814364144 -4.46864811069149 -4.45157571566492 -4.10039512034349 -3.82889404773803 -4.77949585834763 -4.08733729127069 -4.0573340197707 -4.10807603760215 -4.34057711421705 -4.20625128204571
-3.96845428207942 -3.68216024210385 -3.64261872318767 -3.26582895933188 -3.67607977574842 -4.02586318359471 -3.74732521667359 -3.68542299329015 -3.68411658521857 -3.66421928427295 -4.32914871194666 -4.1037268002549 -3.67755475151622 -4.34648985600815 -4.44642723389644 -4.05686814081968 -4.44430105555059 -4.40868036292489 -4.42042018450386 -4.4184348918261 -4.41241948756624 -4.19661833360491 -4.20180332076391 -4.19711847415784 -4.49415373525092 -4.46854894493638 -4.57080178182843 -4.56851632669925 -4.5752055107473 -4.6818953054649 -4.58101220410968 -4.95021270166479 -4.26141229705568 -4.06265260536424 -4.70030046567213 -4.36292035628603 -4.07181561891916 -4.70296869194154 -4.47987123289921 -4.68341830223219 -5.42526621753118 -3.91566121163836 -3.85113312718767 -3.84031376033695 -4.20014417384318 -3.91891367978925 -3.90870590550954
-4.27869687635791 -4.28920155772194 -3.70495324743923 -3.64001868675688 -3.63332191529365 -4.27586528650077 -3.81781384331931 -3.78422245030857 -4.26232799239281 -3.77506343739047 -3.68215582873583 -4.2746408689055 -4.35475668882147 -4.35430698013255 -4.43709321502 -4.13528989432553 -3.82403897986995 -4.43200135998095 -4.80658179023837 -3.83927234561175 -3.29977686939767 -4.19039125876423 -4.40582650761953 -4.19485207980781 -4.29815564842313 -4.53229721508846 -4.26253079510899 -4.61394365147189 -4.54737180571001 -4.02730391741649 -4.27817452250162 -4.2839381380439 -4.29187042562834 -4.32058818122717 -4.06884869690506 -4.41309031138187 -4.66228656566085 -4.75527724469806 -4.77344598818508 -4.52340766551362 -5.16001180470314 -4.17366266176662 -4.20851382710845 -3.84167964640575 -4.30055321702044 -4.30579525117415 -3.91511521823781
-3.68923860108525 -3.65955995990995 -4.29859296678365 -4.28679233458864 -4.01763589487471 -3.80030012909735 -3.3985325402985 -3.81101869572767 -3.67514783126578 -3.75629456533196 -3.15657911519051 -3.53123095702996 -3.84404327066477 -3.88110754139539 -3.87742626727525 -4.49918800868449 -3.748464342123 -3.85549041007123 -4.49083952568979 -4.48718011421711 -4.27050831544283 -4.54877484132729 -4.48315512843477 -4.01187655150625 -3.6079350789046 -4.02809930562894 -4.03600472613135 -4.27706661641267 -4.27466443567118 -4.28681965689738 -4.28844559091636 -4.45275825928565 -4.47141484934581 -4.43410577915834 -4.07371423629263 -4.77007586084218 -4.49620545710276 -4.82214961233603 -3.90672110576927 -5.13532830250666 -5.13013738144012 -5.16260453187135 -3.96959259424072 -4.8650005952589 -4.94409689505096 -4.94236667521828 -4.92413090671821
-3.76332117848266 -3.73408896430618 -3.98321865753222 -4.02708691687151 -4.28713765170026 -3.47159224327612 -3.49135245848619 -3.46285329809922 -3.3928806825517 -3.68421219957192 -3.81211698807335 -4.14019313092351 -4.4440513486721 -4.51875230866399 -4.52659999898251 -4.22542077128292 -4.4851795463616 -4.14337402752477 -3.64435069518535 -3.55171611584302 -3.52893806812244 -4.60170514668797 -4.21618171436605 -4.25234214419784 -4.27713872061581 -4.65535751877973 -4.02796864310547 -4.5541305135077 -4.63826497810244 -4.3048015418018 -4.30173457421468 -4.46416724736117 -4.16229814484847 -4.74537107142675 -4.48918070887106 -4.15432454043591 -4.43736409909101 -4.48677643685541 -4.55166795405719 -4.53081225986404 -4.27886822199171 -4.28165456728867 -4.92135725284643 -4.91111478440592 -4.21889165462715 -5.16855415643913 -4.92971230114217
-3.98615873113356 -3.98087260546699 -3.48685443190267 -3.86529275877662 -3.4747828458074 -3.46466847284022 -4.1371781269459 -3.78022214669402 -4.13060108399717 -3.85007256381594 -3.84775112531871 -3.84886440330165 -3.85696983484541 -4.61888755797955 -3.84318087290636 -4.49461878458152 -3.62845358752435 -3.63443796797893 -3.63681562047538 -4.29718812706342 -4.27956063492651 -4.6058091212831 -4.26266745998448 -4.5233782782865 -4.66851477205188 -4.2677904173218 -4.35886629223004 -4.39899539042452 -4.36748355002206 -4.01105727162695 -3.87895748480894 -4.16743262122532 -4.48039704053924 -4.53440944300213 -4.49052443329433 -4.46289970658365 -3.90214982857282 -4.45072074343107 -3.90484946066559 -4.15908039856702 -4.50894565029909 -4.90759253352906 -4.21280983145443 -3.97477828071631 -4.00572310872682 -3.9920091898406 -4.00306916155553
-3.36157878073066 -3.37988853631012 -3.18349015396876 -4.37022425548349 -3.57216017058619 -3.69101070858493 -3.47161682727297 -3.78301885644591 -4.23529909704062 -3.58985293949629 -3.5659075329601 -4.48364632740233 -3.56365955796262 -3.56943186012514 -3.93192389766503 -3.99156895504715 -4.52650540105174 -4.53387604377821 -3.99856269824667 -3.98593156856226 -4.31555761057021 -4.17394960134278 -4.21074928417598 -4.21076551387091 -4.00052235095261 -4.70422457557995 -3.72019904225961 -4.47203689467829 -4.37696155278289 -4.16058450014209 -4.40809774880707 -4.40735498490651 -4.48072168805905 -4.46318756378142 -4.47566169457684 -4.84413433426757 -4.61375276854287 -4.47951902435024 -4.49584394671734 -4.55669482972704 -4.26796030830645 -4.27527061095708 -4.19460794946872 -4.20767615728761 -3.9688466340139 -3.98855240953161 -3.99931283976168
-3.69578646618118 -3.47482738257744 -3.02846503893364 -3.39876745879263 -3.57964193117331 -3.20458019939612 -3.61614924565836 -3.59591098016309 -4.07270629684141 -4.16145071981054 -3.56268474306596 -3.93802330859898 -3.56658190743535 -3.56780182117278 -3.56647954779189 -4.22247113670045 -4.29599622122268 -4.23370402406735 -4.0061396005288 -4.24109340361225 -4.31715579641007 -3.99720932146799 -3.991733747401 -4.00165888144716 -3.72379115014383 -4.68807897286247 -3.7275939664808 -4.31023309486487 -4.47131109566659 -4.38125752507958 -4.47563750622827 -3.62024232052833 -4.49123634944788 -4.13087421657876 -3.90229230883941 -4.46665962819543 -4.48243034322991 -3.89898278767061 -4.32625931584165 -4.28681675308369 -4.24839259523681 -4.02663145717695 -3.91203978392735 -4.32536810263027 -3.92556850548528 -4.0018369153447 -3.96340260783086
-3.70111722931184 -3.70674867390312 -3.84206883005782 -3.57289379550704 -3.85933803203815 -3.59633716291881 -3.5923472932504 -3.59698454996756 -3.58610142101599 -3.58289457583412 -3.57890384652943 -3.56832777939621 -3.73085044480597 -4.33659222204118 -3.93607808342943 -3.37413785018151 -3.94874507164328 -3.3414445940248 -4.30198239311425 -4.2140718410558 -4.31091849606402 -3.7158202848903 -3.71722476755076 -3.72760863314614 -4.08958987760622 -4.45954286254009 -4.18529650020726 -4.18745462320557 -4.16461753699847 -3.613213371536 -4.56105648683645 -3.62535360293405 -4.20334600912301 -4.54804215764448 -3.59029046783734 -3.82491244709157 -4.24099333818685 -4.19569044255549 -3.97027464000992 -3.90984364149927 -4.34164601351625 -4.66209296548441 -5.30729756680522 -4.07214893911369 -4.70481344022946 -3.95546412249951 -3.41642519693379
-3.45228502811468 -4.15836797802903 -3.87311069787977 -3.59894318522557 -3.59847037335189 -4.1899240151184 -4.55373662877046 -3.83852074497617 -3.58239195399079 -3.4418748740439 -3.58625018080871 -4.52918650752904 -3.65040486521526 -3.43075743597583 -3.94513561522372 -4.02613553348822 -4.3799369891166 -3.58542019095336 -3.34288813517541 -4.21159207534034 -3.71701053030676 -3.69729162777175 -3.96638664826789 -4.66790185214199 -4.09394988626045 -4.16642394058621 -4.15068338544384 -4.18610793597215 -4.43160929265389 -4.21105174469926 -4.18820086557388 -4.55968935771552 -4.18216679871725 -3.59322184243681 -3.90242604457076 -4.54341677813849 -3.95576355771491 -4.85080984896541 -4.20764716996431 -3.96924983999201 -4.32710619974476 -4.00767560796979 -4.35314824635974 -4.35031346640176 -5.07736203064599 -3.95786500726858 -4.78982404783484
-3.41889736049104 -3.59549009122572 -3.59172797460737 -3.91816305905326 -3.59933977716474 -3.48747808854507 -3.49344977015873 -4.55966373352783 -3.28434733175005 -4.40605785214457 -4.40865487145219 -3.93049116354669 -3.43469765278844 -3.6659776269242 -3.44198947334346 -4.38842069941989 -3.27994931274675 -4.3473013316929 -4.36831910444804 -4.38529383574954 -4.37014439594537 -4.36930848398197 -3.70596590679613 -3.9971434020777 -4.70468671936368 -4.07736476008549 -4.08403761637405 -4.17228074789223 -4.56468592155244 -3.86770296337875 -4.18244388980548 -4.55506961985976 -4.55945653078777 -4.83796682729009 -4.82231892598864 -4.59142909345501 -3.97817846733516 -4.53813954601647 -4.3205409222601 -4.59486647214724 -4.33881159474037 -4.65857138818274 -4.06287566760156 -4.14544260960908 -4.14610906863793 -3.84424228160136 -4.06242571197919
