wc0.5/PCA/Component-2.asc
NCOLS 267 
NROWS 470 
XLLCORNER 79.65 
YLLCORNER 5.91666666666689 
CELLSIZE 0.00833333333332575 
NODATA_value -9999 
[rows 399 to 419 of 470, columns 48 to 95 of 267]
188.225052765644 183.210699833805 196.46971887841 194.832074523729 191.34911919123 193.503138792316 186.593889766336 190.11594377983 193.930773153194 188.24462885134 171.21022557856 171.488454790102 173.738258771868 181.613149005645 179.296933133252 200.098098410936 187.988900743778 183.775669717385 192.085738257116 195.17717478011 193.771672378443 199.818241922235 202.949237329357 205.553572081328 209.923865771069 212.416772181207 204.845304046897 224.167607476038 230.101414466449 241.595270331379 234.296392615607 262.847698022838 256.081519102995 330.509710577304 292.032821979252 293.098464798193 292.893324996786 275.600850053644 296.273316421469 282.761959348941 272.083005738131 295.021887739198 302.074412276203 329.37433470466 388.531437455359 311.02912227912 336.857895265613 388.091685010503
178.942052014427 183.352385600084 182.605637624854 191.247951170079 196.376748696014 199.585200633735 185.249254843633 183.671884443096 198.597166302399 187.696369987071 185.4690990844 187.788345848676 176.365627814212 183.568101518294 176.734243303241 176.654904523013 179.696648163831 190.413890154027 196.574083361777 185.675230307381 194.371699401895 196.849110403889 210.11426943322 209.115627547536 212.07660288507 215.304839638476 207.525630607388 216.483693320756 226.505460516946 216.106209467825 235.797376650143 274.387839008065 248.212328513038 261.055532314533 334.476413112692 284.296173371662 264.48753123254 308.558151405544 298.625393770698 332.368194981304 299.50253576748 278.02262488678 285.039496891568 314.174528481151 402.477235163038 392.888840818938 379.706031599574 348.751895745312
179.939628544444 179.787631592964 189.136940265864 197.836008170681 200.064116861806 198.375349378915 197.405078452117 188.210332099329 185.489105162085 188.529892526755 193.04422631123 182.454855291428 175.357060219121 176.748357653198 190.901231586832 192.869568187019 182.29830713061 181.998503952219 197.613687485178 193.426077157567 236.237481368265 229.419333959017 200.553082579592 214.519459724393 215.12656788473 215.028898510027 205.144835173595 216.135891264387 222.282841107798 239.486097465314 240.170476889464 238.859312159867 262.971163622525 266.198264934099 273.97481285397 288.847180028407 315.344330373351 365.660325506486 312.485524001516 320.227442291407 341.10521089224 280.533963137344 305.907833504938 309.349592256829 385.138669552203 399.392321312586 398.602012469761 382.100843456422
187.076522937327 189.823149384973 188.579624692831 185.663564761243 194.633475618923 188.132502479326 195.340196383306 197.7272713028 187.790091759068 199.235111782015 195.598695002624 188.529674543868 184.440335949121 179.283728353853 192.398911595106 186.123030708226 185.503849792154 197.318569717062 201.826416407124 201.416419726704 206.08766466574 213.520586711557 203.012605855421 207.069306242245 216.594191380809 217.506386861201 216.0927299339 218.452061401437 220.674655829456 240.340062070427 239.125336995703 241.611444816569 285.199026424685 257.653391451143 265.302004260026 349.692465528462 367.599346094109 355.326045442239 360.125936646019 284.853801633456 340.248982745136 352.734639379195 326.491006553438 316.431356019101 371.306185168325 392.556404966273 394.745621681006 221.54112650747
189.7048388191 195.301411844464 192.790152576898 189.887950373468 195.473914012256 194.355374611499 199.543206289312 193.960132509053 201.176957767188 194.955680166084 200.659720248438 200.963306512425 199.810559051428 197.365302858897 189.978412611714 182.896575452266 192.297956917155 201.682228788536 211.255903014817 196.261489266395 210.932557539372 225.566078292626 218.477610682017 207.493474120498 214.096654364087 214.119834023783 221.220066739591 226.72514867385 230.438750073256 233.737906430475 234.289144891199 244.741028550467 247.6053035008 258.394035275689 272.424281355929 306.328727200341 380.198176493192 322.899809883007 358.111772417258 388.831291785438 290.36797748542 362.951593510597 364.507977092385 324.562233736617 318.042560440507 334.778297321884 391.022380513172 378.022717677779
198.884189074974 194.647192984559 202.155287213489 200.328304990864 198.307503293141 196.04444627661 200.340810104038 193.450956656082 196.107506303087 205.991087135114 176.386284977111 186.927064697175 199.328246892375 191.24870837322 186.674763691588 197.116066212635 198.565266923133 200.700061967511 203.843945534964 192.690994038648 201.492564070788 217.950600394515 235.829804664313 215.865082340126 217.195205190437 210.517737147802 220.928983277526 212.222019897068 222.657499393671 227.123526172201 241.076060178226 245.099687920338 243.370667757962 250.749042549242 316.768597805309 282.076931971346 328.031027439449 350.008708438943 328.412245661866 375.865628530856 363.877603425941 318.60819809789 351.79526279975 343.618602494704 358.551863462783 319.849392295781 363.291666455895 385.21853250449
193.0048658081 188.305931518605 197.273421347948 203.143866804029 200.053640671678 205.671868209906 201.048489456936 197.538863736119 204.844485494216 200.403673390049 177.302216603455 189.102287835853 184.681128490122 191.424117910149 195.48485446393 192.346119150822 204.581259595933 204.040984040278 211.53258991425 207.225617835091 223.420039848626 257.089398810906 244.5365110371 251.474410413775 217.141711302735 216.863416096045 221.0543841433 215.248409545681 227.55744139357 237.388193647855 237.054926812523 234.595232008393 251.668004819651 254.109345084202 297.064861795885 283.710470625252 294.392010826292 336.421901094646 350.984324820744 359.716896064262 400.079559855275 376.812189786561 330.740541832228 360.153744648703 371.328567009748 326.399942135596 334.828793791244 371.648602756672
193.10852902294 194.700016606843 202.096382282251 199.812538977871 208.694367998197 203.993645721614 211.067505765503 201.945131754477 197.980379256405 202.075351619226 203.451021837045 187.64168391334 183.074553650749 196.216576058124 201.484898807593 196.845832023437 189.360797505252 205.235712978504 205.284295465072 210.949334927468 205.269628572102 211.940836898745 251.516865273546 261.54338133672 217.395038966627 221.356093608133 230.651407970635 228.510521640125 233.491396799872 237.748658693372 235.871937548377 250.432159221476 237.449296761131 254.879502449828 282.91638105229 303.739349755799 303.810719964808 326.235177361473 408.526057625759 349.001763642929 359.217019095073 407.295907864839 395.561864803202 344.611924890464 360.911342104388 373.800101114729 347.977384702059 349.572963454472
198.250491079912 196.472513316031 199.331298126211 192.169550806761 204.094639460554 210.472138972511 212.685655681931 214.563296532495 202.648207566795 190.183556347265 207.629951103214 196.628100686255 196.188972023338 201.498208365263 200.653743002368 194.678087786406 208.342955232101 210.688027108231 213.970610130278 211.541901139622 211.900944043194 269.483594244383 272.98631920569 224.114985580004 220.731114160089 231.657899575678 237.175564568265 229.290370114673 230.388454681547 232.583150412247 259.396669677977 248.467607616552 253.585725974078 259.537682433374 286.288622271078 328.187483293744 348.60577553238 340.792328662991 391.197544032335 405.096047359842 380.036114446825 402.899401868616 355.245060063995 379.386372129522 353.691159465308 399.434202042621 400.307858007607 379.231088282497
202.341437498945 195.345684426403 199.108590714385 196.44378509933 200.239161566375 205.084943247428 196.116534689011 197.279461564013 199.90906783694 191.198735799511 186.057980301233 212.61442315527 198.202568773222 205.800351172595 193.870095844534 201.044760391504 209.186453731209 212.262703913351 214.034630326722 213.743915851036 213.777065907011 218.074976147076 226.010454795886 233.106068976248 234.856691121716 224.60176704395 229.356754264152 238.663072699788 230.426254946071 242.284424643277 246.688194852236 246.227518223802 250.428929932767 254.996047613534 272.572915239232 320.799796856591 397.023518713616 343.232662728899 369.90686570681 401.942951214351 412.762771350291 374.511054694531 402.486115216348 403.513963284761 402.607988716806 400.704517160698 355.432913526949 402.875622919089
206.525584546724 198.60179405686 205.074867063692 208.465123387327 200.059414745468 205.86864636225 193.857863760977 203.486279218643 195.748284835898 194.622671818078 197.556972811568 191.159915109484 201.431929138932 201.08874542188 202.154727035969 202.177184364582 212.173464977283 216.052857228128 214.910333795599 217.115478857598 220.634769338003 211.943168378271 222.240950050813 220.872751750811 225.579083812582 224.864772571625 233.991167497093 229.490334914111 236.790630340285 250.967571442483 248.283256545241 255.811025600235 250.477263672102 253.043454333358 267.424041114438 279.381354132923 278.391785868867 334.604616706871 381.706360346946 398.155200150338 404.962237376147 410.643317403711 411.631598756741 404.170797845259 405.582352445896 241.474888157952 403.892440498971 407.825899629816
212.355859222068 214.042486860355 209.942996988438 216.146923018319 209.105660897621 203.374655265384 205.545605550034 204.182073870463 207.161818327613 207.610723511174 208.820970982128 206.07892902154 205.497826185614 201.432346730084 217.373466466162 203.192564554873 209.358516422658 218.569728244889 222.862144393475 223.05488757338 225.243812034511 228.271130567401 229.91962360112 239.900499534689 236.452551662212 231.038727403146 228.559524460751 237.546588311707 239.96374883994 250.792706417853 241.947617074365 252.660940510303 271.529779534848 257.982589559796 266.807484749956 271.271338264333 341.872526911652 321.528312006917 406.016407837584 364.056249416706 389.269143121486 409.644483702829 388.976056044564 399.278166797439 400.433856471723 406.062167670055 225.933746472593 408.56239048151
201.867747524228 212.672004398947 218.198901255457 218.353430921267 223.693122523296 215.15316312326 224.073539564708 225.968871919946 209.336034923153 209.17249701749 210.200369444424 196.051693140657 206.167821042485 205.880581104467 202.650478997158 216.204177247101 206.249836467156 215.144377909197 221.902133287164 225.098538329215 224.346508129715 228.283050801838 231.210379520391 231.344376988069 227.778870537762 273.539506047151 234.510720273392 242.252625511679 240.483482696699 244.745640034097 253.470473320873 260.08961470149 260.526904039399 261.686651209536 263.903090917221 295.241271049804 329.065418246859 367.457482151078 288.497903977869 293.531455328812 336.892003518779 403.704676448736 408.108367804337 404.788206919167 406.234796453493 400.977736176319 404.736214943321 386.72157031937
202.488023210801 212.637827894978 217.213561971303 218.203956883536 223.935822032573 224.683146097374 224.370926131884 228.534189332374 213.410084843599 208.689319826423 199.328477544239 208.486534109472 205.595210765848 214.657698271953 207.319321733405 213.284695665996 228.32319977739 224.871112567124 220.489466010643 229.556372426502 222.772772634855 228.169742770472 233.382713026103 234.987937440791 236.888193874216 260.711707488127 254.583582700102 242.780247939845 256.792172479365 246.523122632668 255.364881214868 255.02614226526 256.766238185302 273.929669173302 272.034316489722 270.998014033186 306.320287850473 320.036626649601 292.183610065337 289.101391527084 295.377448396642 334.529711628077 383.372762326062 413.827772761001 401.007471491576 401.165552255878 407.341472035678 406.872516247036
202.62044371415 201.79772339908 206.024172104941 217.264911311524 208.61690661455 217.491975504195 225.323100717658 232.279431942767 217.069497446142 206.586383731105 205.856307906401 207.430816970371 209.475189649955 223.23316446314 215.203482258648 216.901618332623 229.116546002771 218.893260829838 222.207366487715 228.407970623689 227.1451277286 231.513150168089 227.952242647517 237.845830351425 240.967650551543 243.48994326503 259.245645457034 247.074359702278 262.502918535376 257.953900853489 262.4132447569 264.992750874858 267.572015672647 273.857136988054 286.979132281523 275.310808735701 279.698868117331 285.840273787008 290.831695525667 292.508630668376 296.813906545624 326.639300303982 331.702917660816 382.410822021193 412.154976132638 414.446456948478 401.701778793845 406.612514159493
207.802620608064 209.845944269662 206.60393734134 205.949979095123 213.589549289089 211.01047999781 213.099668337857 217.208440235305 223.605778248754 231.685150578111 215.513671699181 214.130994625187 219.006120153247 207.92742413978 218.373724494279 218.544258828151 224.295091856231 227.982011135959 226.750628740668 230.374412506272 235.331017043721 229.432428580551 236.616413732767 238.704886954994 238.581796081889 247.91183445589 258.119225356533 249.5167749287 278.080454424395 254.822620217218 265.783535820998 266.194219747882 270.178954086517 276.77090574192 285.760705545547 270.027222406334 276.555747886317 287.096523799449 287.869494728266 291.993045711481 298.281750366887 301.544381755291 329.562566844316 328.230403061573 337.191514634317 386.334091841147 414.985725131838 386.93652439226
216.754558073674 214.877158972567 216.395574342402 207.227975951068 212.038900282 211.07602695445 219.084316987616 216.851384408012 222.901380865291 225.802008448904 229.423097937921 224.454439309567 225.132490103179 223.878572494502 226.776573349627 225.423142850026 224.431013199727 233.475371856704 238.632955801889 236.119600408711 236.813362866884 244.602564763564 242.733136780769 246.182319786614 244.097152163919 251.333958754754 255.9749550628 255.872130277885 275.397266649437 264.385348891342 261.484937010461 265.229884077054 271.198734508011 271.243333143983 276.122104748317 276.943972518072 280.542287771418 289.51706420253 286.16860634545 288.560363256232 304.649404861861 303.523034414769 302.315680761991 312.251803898744 383.682037903396 360.155469778117 362.943807943039 352.09135471649
224.942535827802 215.329602133551 216.848272812149 218.350265212711 217.081650458581 221.370778889589 220.443173704288 219.883117948874 218.447546036672 231.732322617322 221.641733866833 218.22886717265 225.479483356741 229.28564237668 224.510020197092 232.916196632587 230.449403515606 235.187124494236 245.143040358596 233.670762894934 235.228606766372 242.877960081152 242.438447550374 247.841501170817 242.611082641896 244.012866308777 263.071239398798 259.322305569334 268.202261559069 272.844164011018 267.232137483944 259.897940742834 265.278285489128 276.443543815645 281.252861887811 284.230971354343 290.270422554825 289.426801234743 301.646842677183 298.747168270776 295.439273894215 319.220765379608 304.777488308583 320.041596088677 342.051804837039 406.659404593465 411.528355041271 417.87345370248
216.781858689135 214.919125632422 228.321552827355 231.967691474669 226.051111312633 233.609645060434 227.473604867238 228.823969181042 237.195963419717 234.174297961679 231.103760785281 233.478611161608 220.398597862712 227.509837709998 228.707290544053 228.911394081496 237.791008292085 236.954616792601 241.188535781202 244.068524537999 239.231695752471 239.053588962133 252.049169143892 245.519276370975 253.037012053567 248.749312567928 297.498408820351 272.046654924517 265.270466891224 371.64947839281 269.157909241114 273.822095271929 268.932759998458 272.978845145169 288.236687357826 291.446709766002 296.106603227472 292.601127700386 296.42283362369 296.623824648532 319.787607509203 305.407633993942 309.028290448421 313.044509792214 328.546873802337 365.600470607026 422.515002690962 411.6012640837
224.498874746196 220.042358719156 221.54194172102 227.00560170841 224.974722977036 234.951731957507 237.666995847158 229.246679348649 231.853254235825 239.938691651634 235.386590791292 238.051639464931 229.600771283155 232.439539116244 233.490203179009 233.362600625437 232.544790625358 235.887896087246 249.152856969827 242.059572314774 240.151115366278 240.871079717679 245.423527422259 251.599770100495 272.678347015073 252.538890994161 272.322540600569 295.135967753385 281.632403795278 312.805402293003 272.031381128172 280.22638938342 274.6621676837 278.817757883539 276.634075057146 284.089922803625 297.377875607658 306.419250474832 306.006771512463 301.147137061645 317.839968070328 314.442140586968 325.177692223473 317.947283440052 318.053428917713 379.299990773516 403.271083871174 401.333776812567
216.613969975014 225.977357357522 221.770135679196 229.146507495124 224.914955146217 229.562679247349 237.98763293469 244.382038390877 242.470885528964 235.493143143681 238.072456283582 241.5547422891 242.681632441202 231.422263193979 237.633987882623 232.340206322794 234.610676020445 231.124760531128 241.825346407553 251.727057526448 250.697099296045 255.943488450917 252.795371891986 247.319619383021 255.008090445056 264.725136551237 264.960524354486 297.288555416479 327.558752554162 321.037619278859 280.362836630192 279.397335144035 267.192990787198 277.288216358793 284.630926452746 288.655536441206 287.472327163266 308.716810987088 312.743874054327 309.944780937451 314.502352955066 342.750120057605 404.054538131073 341.969673176912 324.893899084537 332.165363363166 364.500013418913 370.181512367361
