wc0.5/PCA/Component-19.asc
NCOLS 267 
NROWS 470 
XLLCORNER 79.65 
YLLCORNER 5.91666666666689 
CELLSIZE 0.00833333333332575 
NODATA_value -9999 
[rows 399 to 417 of 470, columns 88 to 131 of 267]
1.00389297499659e-09 1.02351146691442e-09 1.05824522726374e-09 1.04141915075381e-09 1.1515494892828e-09 1.10573948394908e-09 9.69234016627416e-10 1.11022635487989e-09 1.26266606983222e-09 1.41001923993377e-09 1.32044695953292e-09 1.35469891626831e-09 1.43149425977375e-09 1.28605905252874e-09 1.20078487813299e-09 1.09244600545061e-09 1.09204761499179e-09 1.15435170370627e-09 1.12510823215283e-09 1.198697782181e-09 1.14063901638034e-09 1.19882645051935e-09 1.11931134409967e-09 1.2140593645009e-09 1.05631659140619e-09 1.14258057580262e-09 1.2295026265698e-09 1.0960939757599e-09 1.16199178291417e-09 1.10968519733824e-09 1.06803531805222e-09 9.47479719510162e-10 1.05696685110831e-09 1.11951398765866e-09 1.02326024583119e-09 1.11850305769302e-09 1.13710515367812e-09 1.14099150555597e-09 1.12154789470165e-09 1.15074548622788e-09 1.1095366474353e-09 1.08881352269014e-09 1.02468816326416e-09 1.07380687525233e-09
1.0015641320208e-09 9.61212953877588e-10 9.61754341934406e-10 1.06994816372193e-09 1.24064229032007e-09 1.1832950646169e-09 1.17453255554774e-09 1.03081225826401e-09 1.01657068497997e-09 1.23319319928896e-09 1.30930811107641e-09 1.46257250302308e-09 1.56025258379062e-09 1.45454794121516e-09 1.65476816436888e-09 1.42262907286136e-09 1.36226316448063e-09 1.21495670221476e-09 1.30904922668352e-09 1.24995357521266e-09 1.18036055066212e-09 1.09840749780496e-09 1.07663455311134e-09 1.07957459885819e-09 1.05878858960187e-09 1.05698214637486e-09 1.0638168758576e-09 1.2484498409539e-09 1.11816153567986e-09 1.24295074117142e-09 1.19402054666907e-09 1.18795320877488e-09 1.15105458608709e-09 1.10205941979218e-09 1.15524912367431e-09 1.12266456178615e-09 1.06488834931736e-09 1.14053080214228e-09 1.05958966406029e-09 1.07901748288605e-09 1.09858170980562e-09 1.0080268407528e-09 1.0335953632246e-09 1.080802971529e-09
9.91524301731439e-10 9.76346353970025e-10 1.02578568092922e-09 1.00862538604016e-09 1.12293137717036e-09 1.25806682890167e-09 1.34179754476313e-09 1.19263472803853e-09 8.82871279822039e-10 1.08393699468775e-09 1.12563170180141e-09 1.25140963055773e-09 1.48079583846863e-09 1.59995242761322e-09 1.59404757300597e-09 1.61099723276512e-09 1.69007403910088e-09 1.56187010098266e-09 1.43691288514026e-09 1.27800346871685e-09 1.3983775731479e-09 1.26996621584187e-09 1.16847779376592e-09 1.09396599148497e-09 1.22215044458822e-09 1.18213468738422e-09 1.07358850433912e-09 1.20884274919193e-09 1.15710839657992e-09 1.11163083855445e-09 1.16327556911934e-09 1.09671915392459e-09 1.1881028811782e-09 1.13473365106354e-09 9.57022762513657e-10 1.16210477173323e-09 1.21907458435046e-09 1.06280239805844e-09 1.12772676990339e-09 1.05750706372121e-09 1.10814383299015e-09 9.96341801496198e-10 1.12720877728601e-09 1.12562805613743e-09
8.12259430448886e-10 1.00548298789393e-09 1.00853467895889e-09 9.85716109999874e-10 1.09441212501755e-09 1.10204204223058e-09 1.20041549948368e-09 1.42646165336246e-09 1.21659938364734e-09 1.15994118343527e-09 1.14263220398494e-09 1.16158678399737e-09 1.21864190176783e-09 1.33183188569523e-09 1.22393714625335e-09 1.26328952027514e-09 1.43077925270692e-09 1.58606731919714e-09 1.74058098636683e-09 1.58667926146619e-09 1.5520819092444e-09 1.38418438637868e-09 1.36546804066503e-09 1.28215300198726e-09 1.19016874956077e-09 1.20999086568494e-09 1.26756680379804e-09 1.24372289204964e-09 1.25748776379163e-09 1.15833414534233e-09 1.0347601600093e-09 1.08839701755008e-09 1.01607083136624e-09 1.13365096387878e-09 1.04027344606634e-09 1.12844599246885e-09 1.05932813284958e-09 1.04615016113069e-09 1.03974527223696e-09 1.05298598866027e-09 1.12325153402057e-09 1.07411700538811e-09 1.09681606799335e-09 1.07090566713153e-09
9.22912511152795e-10 1.07043736511464e-09 1.01731022002381e-09 9.54682836147911e-10 9.93106414193616e-10 9.34396112979168e-10 1.10919892091641e-09 1.37338500355533e-09 1.32472876378173e-09 1.17177716420634e-09 1.03599812225185e-09 1.05678588102563e-09 1.04689240503646e-09 1.07228872672765e-09 1.15527105350834e-09 9.69465898591837e-10 1.24828576092555e-09 1.31754078671222e-09 1.25719145287266e-09 1.5402322886125e-09 1.65361642101198e-09 1.6936069998195e-09 1.56923565877745e-09 1.57406354056455e-09 1.4566530925904e-09 1.32716423472257e-09 1.28316718488344e-09 1.12373423420334e-09 1.1213364270251e-09 1.25526687039346e-09 1.41252454296132e-09 1.29981582098476e-09 1.22097249920319e-09 1.13986976222476e-09 1.35944609945186e-09 1.32613491110826e-09 1.2618528482861e-09 1.12490693836438e-09 1.04107516728011e-09 1.04757412107157e-09 1.07326986872771e-09 1.12524324866394e-09 1.06693157030162e-09 1.20111816641638e-09
1.07395396058337e-09 9.45292831939943e-10 9.17814843181688e-10 1.00749691335597e-09 9.50510505803842e-10 9.15908056288438e-10 1.03028421222392e-09 1.11865860026488e-09 1.13381123688934e-09 1.25693896035148e-09 1.3387922876169e-09 1.28747943582785e-09 1.2128340995845e-09 1.07161239050548e-09 1.06455981543597e-09 1.07172855911403e-09 1.05109004941725e-09 1.14235470146989e-09 1.13901349155493e-09 1.25118779669647e-09 1.41970140298906e-09 1.58955591392117e-09 1.52854830616309e-09 1.62569708774832e-09 1.57310707350416e-09 1.3700558448456e-09 1.45343765676375e-09 1.38447268933212e-09 1.42614013520753e-09 1.32619459034865e-09 1.40630148894978e-09 1.43025431434245e-09 1.46970908889742e-09 1.37436885266788e-09 1.43113582636032e-09 1.41017556298655e-09 1.25777152374853e-09 1.26991308171965e-09 1.2209756921399e-09 1.23148287556142e-09 1.11569318774103e-09 1.11720566817923e-09 1.09219495410266e-09 1.12980035759141e-09
1.20479496371564e-09 1.01165023326107e-09 8.35723150753255e-10 9.36331291623396e-10 9.66069999994571e-10 9.81364987012268e-10 9.80783474795113e-10 9.41803922549557e-10 1.06730888565658e-09 1.12346552739225e-09 1.26629291409419e-09 1.37976608747999e-09 1.26323330260856e-09 9.83372442264825e-10 1.17330579826997e-09 1.10465365161731e-09 1.07630881241156e-09 1.16433437531119e-09 1.23562367808702e-09 1.34759747831478e-09 1.41123382079267e-09 1.45973902061325e-09 1.46406036568005e-09 1.53647506974633e-09 1.58412374827526e-09 1.74254301875276e-09 1.80337151248969e-09 1.80003040804734e-09 1.71714496138725e-09 1.54323390928229e-09 1.74876721408201e-09 1.7715166836899e-09 1.67567363122499e-09 1.6714756373139e-09 1.54194797224762e-09 1.48621126286962e-09 1.27505576880468e-09 1.15407632246844e-09 1.24838627225464e-09 1.30204273181989e-09 1.28811852320739e-09 1.18007282928316e-09 1.12164721735064e-09 1.07079894253409e-09
1.00204508051933e-09 1.13518410212616e-09 9.6340921522089e-10 9.43445124171667e-10 1.01689202420007e-09 1.13209765066707e-09 9.83315385229841e-10 9.47974429406294e-10 9.68399132740214e-10 1.08436001199552e-09 1.3159089130272e-09 1.44765270785242e-09 1.37431247354456e-09 1.19112653687804e-09 1.15217633777183e-09 1.08714074057605e-09 9.69015411585473e-10 1.14649817706162e-09 1.4887607130176e-09 1.44204051937698e-09 1.51246744719416e-09 1.54668277426931e-09 1.72879626283218e-09 1.67794804711459e-09 1.79953579194816e-09 1.77253476898004e-09 1.71158044838246e-09 1.65342369159302e-09 1.75602572430241e-09 1.57776239620878e-09 1.36365779840084e-09 1.26803934860205e-09 1.40953482994574e-09 1.44478694107267e-09 1.34890270924532e-09 1.39574628296554e-09 1.58491064945318e-09 1.32096411804651e-09 1.40336534299519e-09 1.30363183375074e-09 1.2899659919809e-09 1.18522025100122e-09 1.19638025335517e-09 9.85294500234244e-10
9.63545490838953e-10 1.1405355461554e-09 1.01130136724221e-09 9.47378017227512e-10 1.0358800418322e-09 1.13727095650259e-09 1.15844809037562e-09 1.13124572873391e-09 1.05202573841504e-09 9.51690369977428e-10 1.04659861170344e-09 1.16062954791022e-09 1.16143655126111e-09 1.39758788924695e-09 1.17139001469679e-09 1.07319221868572e-09 1.06525865593182e-09 1.21223343125026e-09 1.16554124223319e-09 1.51105068981779e-09 1.60719705801046e-09 1.63544904922834e-09 1.60436771233092e-09 1.79188325919805e-09 1.68966640987996e-09 1.6309847711137e-09 1.62158393028528e-09 1.56561044988485e-09 1.6350787668779e-09 1.74224833350476e-09 1.5764533509084e-09 1.38816047148927e-09 1.27175432119417e-09 1.24232153685067e-09 1.42237405353647e-09 1.30147866740238e-09 1.27433884452588e-09 1.37933880263212e-09 1.49444304016924e-09 1.38370543883065e-09 1.2701913463976e-09 1.26660198636333e-09 1.27833422690306e-09 1.0975908610719e-09
1.12985589758484e-09 1.12762442139351e-09 1.16957782204024e-09 1.15717667612921e-09 1.17913486476043e-09 1.16463857062661e-09 9.43369347454876e-10 1.05541596564407e-09 1.00981222070396e-09 9.38477124633193e-10 1.06885877037515e-09 1.1400538749823e-09 9.79242304207585e-10 1.08135888096329e-09 1.14536538625793e-09 1.01508182314675e-09 1.04046328340361e-09 1.05319652077603e-09 1.16059198414212e-09 1.3274724582928e-09 1.36452188346974e-09 1.36820096951976e-09 1.66143782078668e-09 1.62712107358182e-09 1.71303526605153e-09 1.63028605342254e-09 1.706171666663e-09 1.7378883207427e-09 1.55336139710432e-09 1.43809562158372e-09 1.32101541983278e-09 1.19698153733953e-09 1.31575053590136e-09 1.28584287734093e-09 1.33394344898515e-09 1.32287170856266e-09 1.20153114202413e-09 1.14464563219974e-09 1.27361829576408e-09 1.47204896732383e-09 1.21711506955717e-09 1.15948415291281e-09 1.28744287455264e-09 1.17809530229995e-09
1.29951443272921e-09 1.08214560085039e-09 1.0873080062451e-09 1.16499782391051e-09 1.16667984574543e-09 1.21048078508498e-09 1.05708568300525e-09 1.03420489959978e-09 1.17520786431148e-09 1.03840417635636e-09 1.03330190124489e-09 1.18692660290144e-09 1.06088439231106e-09 1.34923885006474e-09 1.25289930093187e-09 1.10347899504405e-09 1.10368617861517e-09 1.15526959530911e-09 1.22575471826446e-09 1.21127071194432e-09 1.13610953015563e-09 1.40393124155477e-09 1.38597879081459e-09 1.50686019358762e-09 1.45017501868274e-09 1.57385520369963e-09 1.57389006513778e-09 1.76584250714803e-09 1.613744508476e-09 1.43793826972874e-09 1.41582491162585e-09 1.32508091406127e-09 1.26849587870234e-09 1.1782805318356e-09 1.08132744739244e-09 1.27413846566436e-09 1.3263889387436e-09 1.1978558906384e-09 1.12244076157644e-09 1.08753755603538e-09 1.16866323042462e-09 1.16892450014208e-09 1.16539261385672e-09 1.16395772694773e-09
1.00943540434526e-09 1.30161535097403e-09 9.9736180332341e-10 1.10193253646486e-09 1.20432753494135e-09 1.17045577276186e-09 1.3029318690336e-09 1.34080501028208e-09 1.07976069439554e-09 1.20267307828304e-09 1.15331028694742e-09 1.15700526760209e-09 1.24510112543241e-09 1.30355483516602e-09 1.39058488882708e-09 1.47380643869119e-09 1.34200273951355e-09 1.31806171354524e-09 1.30268701406615e-09 1.2100533888348e-09 1.27765400959077e-09 1.46445079992789e-09 1.44188214292647e-09 1.55015412257812e-09 1.61194492125296e-09 1.69480457556779e-09 1.76303723692593e-09 1.76168434404245e-09 1.74294963460958e-09 1.50539594123059e-09 1.37152586490945e-09 1.29285841643777e-09 1.26895481377504e-09 1.32944530867775e-09 1.122326320989e-09 1.08435889537664e-09 1.07889494827205e-09 1.15460009172072e-09 1.16386963185981e-09 1.19773555206029e-09 1.08283996771486e-09 1.08396717336066e-09 1.05531847599849e-09 1.20265330657759e-09
9.64066327063241e-10 9.28965618217836e-10 1.15154263623326e-09 1.01478844915925e-09 1.02380717710147e-09 1.15754143694862e-09 1.17920096079361e-09 1.38239080791141e-09 1.22091503335195e-09 1.19188671688826e-09 1.22729593688028e-09 1.17853745539921e-09 1.30468774739433e-09 1.41724559447746e-09 1.40814015404623e-09 1.67551258495035e-09 1.47514035900471e-09 1.59454507103149e-09 1.63265559564107e-09 1.42166711429193e-09 1.5621122755537e-09 1.71586617889207e-09 1.76474984946364e-09 1.74222206708687e-09 1.66007661498381e-09 1.68208346674662e-09 1.78499342311027e-09 1.68117459973261e-09 1.76653428814066e-09 1.74181363351792e-09 1.61333321381052e-09 1.51819565684725e-09 1.59618856278951e-09 1.45762615595433e-09 1.31321404954751e-09 1.09116588807666e-09 1.10073910852265e-09 1.13718012349253e-09 1.08309220623197e-09 1.18168176664598e-09 1.02720124552553e-09 8.89226123292753e-10 1.02679441782825e-09 1.16286588692575e-09
8.16495381082666e-10 9.69294215463157e-10 1.04482638902568e-09 9.93758665764156e-10 1.09483132068615e-09 1.09465858465186e-09 1.24960333660386e-09 1.29291532535721e-09 1.22087766878338e-09 1.18485688111168e-09 1.14298332996477e-09 1.30971713006723e-09 1.3293324641645e-09 1.37692637734183e-09 1.19844760833099e-09 1.44504924397503e-09 1.39378086802016e-09 1.57948896516284e-09 1.55958936657813e-09 1.64081050040325e-09 1.65546788243785e-09 1.57855617664154e-09 1.72725525152819e-09 1.75029867659582e-09 1.74933195697383e-09 1.70307853188688e-09 1.71128088153974e-09 1.77263043408945e-09 1.77555118798767e-09 1.64607341027141e-09 1.6513408739326e-09 1.65390177419234e-09 1.64418514705855e-09 1.4179998049664e-09 1.19570069747331e-09 1.22218167739693e-09 1.11881608072348e-09 1.116654624706e-09 1.12486173116352e-09 1.07694603792822e-09 1.18404724823874e-09 1.01620697170419e-09 9.32135780614614e-10 1.0173605332848e-09
9.36626805554391e-10 7.68045364254297e-10 8.98065164991291e-10 9.39768744189113e-10 1.16942594335977e-09 1.21158642963569e-09 1.17210244071415e-09 1.09129917870036e-09 1.17664538619238e-09 1.16973618369956e-09 1.19854103422043e-09 1.20412255085963e-09 1.15139925989664e-09 1.19452010042325e-09 1.32731290268101e-09 1.43282646409125e-09 1.39222661791856e-09 1.50445129983163e-09 1.34849571133989e-09 1.38771180881536e-09 1.49541010387362e-09 1.52819622280351e-09 1.6761908318154e-09 1.55693402579356e-09 1.62618288718602e-09 1.68841899890801e-09 1.71941638936212e-09 1.61156496560093e-09 1.81752769967363e-09 1.68697185745921e-09 1.78979464785424e-09 1.71932779695626e-09 1.50162477413598e-09 1.61837123103699e-09 1.47080981778101e-09 1.44086813773992e-09 1.30944339932995e-09 1.20998444611566e-09 1.13305392501446e-09 1.06070251626815e-09 1.07764913281169e-09 1.20678749659111e-09 1.16378981776002e-09 1.25672931463367e-09
8.72724656818479e-10 9.07479590420095e-10 8.82498862547014e-10 8.62628723461612e-10 8.64182842329212e-10 9.08649219786037e-10 1.16834908190166e-09 1.10425331080561e-09 1.16682623769319e-09 1.28313630631256e-09 1.22899059893103e-09 1.2084970627825e-09 1.12148056159185e-09 1.43048097209834e-09 1.24011133408315e-09 1.35538342028704e-09 1.26258330024616e-09 1.31114161561435e-09 1.35022054173292e-09 1.13989065098119e-09 1.41010972755236e-09 1.42130993073911e-09 1.43201136687476e-09 1.48927808055189e-09 1.55002180614767e-09 1.46262663811017e-09 1.47948156196582e-09 1.47597648148167e-09 1.55545200551082e-09 1.56290665563484e-09 1.70089150862524e-09 1.6723310622667e-09 1.7613482162374e-09 1.71029661253618e-09 1.58946755613155e-09 1.53487685138346e-09 1.37486494074044e-09 1.36209567191145e-09 1.15306057460381e-09 1.21344579336787e-09 1.19185531910282e-09 1.1196454678211e-09 1.087594223067e-09 1.30352973813138e-09
9.32282073481255e-10 8.42281449728911e-10 8.22494468147464e-10 8.42947701372185e-10 1.02607140174551e-09 8.67046187838725e-10 9.59131363912967e-10 9.1487608667568e-10 8.95371350448421e-10 9.25478991941655e-10 1.0956914765153e-09 9.79914440579589e-10 1.06212207441646e-09 1.19202779127902e-09 1.17935493437233e-09 1.29955089773164e-09 1.2109449363323e-09 1.16107995903995e-09 1.24707285904001e-09 1.0938243237914e-09 1.09616324245736e-09 1.17154004814909e-09 1.14682664754858e-09 1.22358864676804e-09 1.32794292444658e-09 1.2235864608662e-09 1.36258969992467e-09 1.38069816566221e-09 1.33747787577824e-09 1.25745917329624e-09 1.41737908424718e-09 1.46066366423575e-09 1.54151711691564e-09 1.69116951827661e-09 1.54254666002609e-09 1.4791177019091e-09 1.1938673133843e-09 1.01073663188251e-09 1.10254499634141e-09 1.12187773479386e-09 1.12768438441252e-09 1.12150420932674e-09 1.13453591042017e-09 1.00897615843852e-09
6.74414882231237e-10 8.4241722219306e-10 7.19723319618248e-10 7.75169766177278e-10 8.99429760430598e-10 1.16948589465829e-09 1.08299582858971e-09 1.06444155767543e-09 1.04503073748122e-09 9.50541959924045e-10 1.03614600128641e-09 8.56973920525156e-10 9.70363509721023e-10 1.18188255660638e-09 1.1149011431122e-09 1.12936854495288e-09 9.41438301287662e-10 1.00074012358503e-09 1.07451238438495e-09 1.06285715423293e-09 1.17182014670254e-09 1.24054094037537e-09 1.17220434073947e-09 1.1293394542903e-09 1.139243715118e-09 1.15118681297715e-09 1.22829583575961e-09 1.15313502279006e-09 1.28140754387212e-09 1.38247584598756e-09 1.31685872840644e-09 1.41413349313704e-09 1.42694321739076e-09 1.36156966120978e-09 1.34151567012838e-09 1.31771718747195e-09 1.14956051564876e-09 1.20822708080887e-09 1.15176836531863e-09 1.16934964618398e-09 1.056139377456e-09 1.05947831418254e-09 1.08199294574848e-09 1.06705142454187e-09
8.62647652439114e-10 6.60939166009516e-10 8.9761275660662e-10 8.3519044761132e-10 8.10308302751209e-10 8.16220885463872e-10 1.09309177224048e-09 1.09874855386386e-09 1.12591745393207e-09 1.17474892542071e-09 9.79438619772712e-10 1.03379727882933e-09 9.20279152197967e-10 9.42107102947928e-10 9.48071685213921e-10 1.06292142498868e-09 1.13325460097073e-09 1.10815274896667e-09 1.06033143443176e-09 1.06921283028369e-09 1.23515306299178e-09 1.21518358750066e-09 1.02583844478555e-09 1.02226192708074e-09 1.11022579986112e-09 1.06356049224705e-09 1.31926069550169e-09 1.17166486764832e-09 1.20535102147734e-09 1.36877855576037e-09 1.41283221479454e-09 1.53361654380735e-09 1.43054940477786e-09 1.47404450297869e-09 1.57672590609332e-09 1.19580658843707e-09 1.04070904953791e-09 1.11550488548414e-09 1.05110409031027e-09 1.1552713414188e-09 1.12433703796024e-09 1.00056603821368e-09 9.93680025427909e-10 1.07699786698373e-09
