wc0.5/PCA/Component-15.asc
NCOLS 267 
NROWS 470 
XLLCORNER 79.65 
YLLCORNER 5.91666666666689 
CELLSIZE 0.00833333333332575 
NODATA_value -9999 
[rows 189 to 209 of 470, columns 47 to 93 of 267]
-2.72603970743084 -2.73807229499204 -2.14467919861618 -2.14091107500147 -1.75160308749924 -2.64648459123417 -2.44466795050586 -1.72324653206844 -1.67578931915157 -2.35898463429924 -1.94956155138516 -2.43605558853326 -2.13275266096489 -2.32841191185266 -1.22176624407615 -2.15721125077056 -1.60450927958191 -1.38643121973192 -1.68945825321816 -1.68818373057931 -0.984158054804048 -1.42106955822471 -1.24379968892017 -1.24362489495443 -1.31728293974159 -1.35902108566075 -0.399775052899621 -1.09796268115597 -1.09443234239564 -0.449865025000016 -0.505153714632256 -1.2243846782399 -1.11646670124329 -0.477897088808845 -0.60539012815519 -0.446288250977225 -0.550610621172626 -0.509017306127699 -0.450942915173419 -0.0706448653589211 0.0719065498757219 -0.149671478630439 0.130140586022341 -0.0411269540206539 -0.549337538455587 0.467366173142746 0.273651440256906
-2.44867300223666 -2.45180397169785 -2.16633539869342 -2.28461062513731 -1.6692229340918 -1.66185069893079 -2.20128469957694 -2.31084247046896 -2.36155907280671 -2.42321182570283 -2.13868515178269 -2.01708983290739 -1.82353128633055 -2.02903412913108 -1.73105334826744 -1.89919880507354 -1.13940729207395 -1.39589012337526 -1.82731949348019 -1.60365882837508 -1.28610318375568 -0.940322680104142 -0.822319423740917 -1.38591012074412 -1.36175018673413 -1.36131364686714 -0.509827128050941 -0.424387614213523 -0.951428803643655 -0.898650235063753 -1.33631142777085 -0.575330716242113 -0.615520026170646 -0.527632920804754 -0.435829495096363 -0.519453737490485 -0.605584162357148 -0.533087668283181 -0.52603018230664 0.0141715040488337 -0.203028798269305 -0.0355503516646967 -0.0284236554539795 -0.0299608769883113 0.118149811773699 0.212673651038861 0.0780295078494806
-2.27409182331549 -2.32962070340454 -2.84633912743785 -1.98991425697075 -1.9178055338144 -2.39018707712268 -2.04031992328713 -2.5078085422915 -1.9508110140235 -1.91859182176619 -2.60054059868796 -2.19454108472797 -1.98217387662045 -2.31366850186834 -1.65943903315009 -1.64964311799834 -1.58732378618285 -1.93353758675818 -2.01567978348098 -1.24213403528532 -1.4252989068652 -0.846838264762672 -1.40824280092605 -1.50753626063067 -0.719197782785598 -0.535281716284494 -0.348115352573714 -0.423424644356758 -0.618378081651057 -1.35412992174786 -1.3609388488587 -0.492188924998134 -0.575980042575636 -1.18929660462703 -0.579750867845239 -0.564149035783291 -0.579245451172112 -0.415968852154312 -0.634083748637763 0.002590722338225 -0.0518564149879254 -0.193189711692713 -0.101663151076048 -0.142854529715879 0.0285943696683966 0.105697198574503 0.0455781625607193
-2.94266640019462 -2.32493997905196 -2.53531565728734 -2.883853696696 -2.42997195683894 -2.21020744516692 -2.33962136652346 -2.4253109203724 -2.1385921344439 -1.96970553393998 -1.81689611086714 -1.8244800268781 -1.60815138393007 -2.01873049115215 -1.88960723226884 -1.9241955048458 -1.83862364218153 -1.66767707255579 -1.25690168204194 -1.16553486172642 -1.74350668583189 -1.00014376861782 -1.21977490672936 -0.889754458937279 -1.38699057600575 -0.66974019063348 -0.719485441366967 -1.16133439325565 -0.314903462563775 -0.400903736058638 -0.411958629953481 -1.48213698412424 -0.840250872643411 -0.922834691113827 -0.235254379496573 -0.423173395337782 -0.441942361214949 0.0172232679853747 -0.524825376180007 -0.684660522980484 0.000479438360586188 -0.155679945399847 -0.0445001883758215 -0.187935325300089 -0.259756939980576 0.615967966335588 -0.236682295584989
-2.33109424318002 -1.75939424911589 -1.78425108641025 -1.76041532749442 -1.86989306330833 -2.5935864400284 -2.0749317796704 -2.52295427633832 -2.52306825673473 -1.99157523472444 -2.62269951469156 -1.54948087972797 -1.82427090501549 -1.78454871142237 -2.05696720602522 -1.403524949688 -1.940655441707 -1.72705762182898 -0.908079093725139 -1.27394991662166 -1.84183972928546 -0.714336173089163 -1.41199586436289 -1.38175285964521 -0.897900016279862 -1.38783314963029 -1.38582191739831 -1.38153012083743 -0.689216818032163 -1.2321138029742 -0.764767863286589 -1.38448019400791 -0.248895636276292 -0.247760096050958 -0.381552457705742 -0.380690199849511 -0.397958280174086 -0.815676891155953 -0.256137384694747 -0.0741943814261589 -0.249501320363072 -0.210073004447012 -0.00585343469179637 0.0660247176363077 -0.154798410988557 -0.173938524468815 -0.153445460268759
-2.63321612464695 -2.63333010504337 -2.63396392065639 -2.56937027975836 -1.8872277723167 -1.96465576330749 -2.61784976974645 -2.46199220273461 -1.88640864421698 -2.19915718426658 -1.68608837807346 -1.58760139060746 -1.58760139060746 -1.60386210809096 -1.60209400860364 -1.96945774851202 -2.02317247415328 -1.93425872747607 -1.16345443699031 -1.02684693236059 -1.90759278114949 -1.43088304787417 -0.800505053627808 -1.0385065086714 -0.799150053658902 -0.872361939083993 -1.47334915914739 -0.866707468441164 -1.50903207180677 -1.32116052861528 -0.877532258789386 -0.412418640922143 -1.27989775131152 -1.59285213977632 -0.859421324954698 -0.859718789254703 -0.410983137459327 -1.0227921218037 -0.45157780406438 -0.484509950852087 0.0243847485432821 -0.255647289507863 -0.046929158166095 -0.415531694726986 0.611406874424645 -0.238714130027385 -0.153876589196874
-2.34006915201017 -2.41311242632204 -2.55031291438926 -2.37121392488109 -2.26464566058699 -2.52480840405266 -2.16198877701273 -1.8873871060668 -2.56886362472282 -2.06818687572273 -1.84771118047213 -1.9604569608217 -1.91061640066874 -1.98300312864706 -1.47091958733486 -1.59239100496948 -1.68465600032783 -2.05412666492765 -0.703051855815865 -1.91106865967066 -1.90370380197228 -1.43138925145824 -1.02598612990173 -1.30890351676671 -0.726434898855072 -0.889534437537627 -0.87366478398968 -0.865609386790464 -1.52614753612653 -0.894599959949112 -1.3702674347794 -0.408880755594957 -0.510833994937337 -0.705954200378635 -0.713598485317299 -0.859903365335318 -0.0942037671912718 -0.264336469998786 -0.534938618293561 -0.104216163052081 -0.344330247425914 -0.264716067037539 -0.191525045804628 -0.197575361267971 -0.194248166328964 0.551667370193451 -0.341636671147304
-2.4209597627044 -2.79726777922517 -3.11074468738055 -2.6190992796931 -1.68276682861092 -1.9017179477902 -1.88312876868173 -2.76806076720367 -2.77672675776728 -2.74161285099773 -1.55853997354363 -1.52200535332639 -1.58310497874548 -1.71227070488765 -1.55865623490244 -2.02276449370006 -1.42079407196297 -2.68688554644232 -1.29507114232607 -0.995058719761568 -0.996903168983329 -1.1438911278297 -1.14764994738726 -1.09472299496958 -1.25296738370274 -1.11010466577633 -0.9275651499516 -0.962131926340576 -1.46606202910023 -1.46783616660607 -0.942620602989315 -1.39520106560779 -0.79882628728761 -0.711441337479423 -0.47067752050571 -0.859213677847657 -1.20118676367686 -0.277237744242481 -0.366151315769426 -1.01637381106404 -1.0110612311056 -0.42475751905234 -0.380738702780036 -0.272472368758365 -0.574839579438134 -0.577438676839456 0.480278529089018
-2.48884280658306 -2.62333573655193 -1.5391848919728 -3.37920075765994 -2.59144000405759 -3.29302569019933 -2.70000283606347 -2.81986727244479 -2.91853991515316 -1.33767687956311 -2.19394148188609 -1.98756456022229 -1.96358313096631 -1.60955294740095 -1.99416807224298 -1.56807356258247 -1.49567860801118 -1.77019170073425 -1.62364951272711 -0.976205615643058 -0.97349853899559 -1.16039493085354 -0.880933960050811 -1.24948535152275 -1.14391581639479 -1.06293155678279 -1.65320623463204 -1.76739635309107 -1.08975875637365 -1.55101929766026 -1.62333082124107 -0.97834341678981 -1.46797988703221 -1.07339774105821 -0.567955382805547 -0.88942635164787 -1.12257862519991 -0.413471377254794 -0.532383453631565 -1.27295831729263 -0.615290704721261 -0.521033505754952 -0.439294496367368 -0.556118969198953 -0.312361355352276 -0.184386386052217 -0.212151477051565
-2.7563771361534 -2.61369133885675 -2.60941985278126 -2.57213880247421 -2.3061379940917 -2.8391342725959 -2.82516950862132 -2.9205202526002 -2.19817290798553 -2.80448573239915 -1.75571208043882 -1.24770004815032 -1.33518425454536 -1.34026885331484 -1.64127693688927 -2.20077800001659 -2.07297441123606 -1.53566079579592 -0.72756984970916 -1.40030991336999 -1.80617702726332 -0.904859517432151 -0.954643721537714 -2.02630077845878 -1.05539726748764 -1.10928063722029 -1.29216398350918 -1.11734339590298 -1.09007094448321 -1.1862933016358 -1.2873322070904 -1.63819520127874 -0.549346833246146 -0.352543043684393 -0.555222062354611 -0.569421778792747 -0.620266456469054 -0.381134684492828 -0.478649138770657 -0.496157183498781 -1.17072427202749 -0.621163391496949 -0.338879520877677 -0.396649218392507 -0.29415167752808 -0.307417384760158 -0.624884656928055
-2.39152135673739 -2.98920220399419 -3.6377499733203 -2.36940001388305 -2.96890447930746 -2.90020160752742 -2.78498803672176 -2.14306925770625 -2.23697068550686 -2.82799423412226 -1.66429776552893 -1.89237270718876 -2.72354812452391 -1.3832111602792 -2.20012859990932 -1.39073342158726 -1.60013792151013 -1.61698734473406 -1.47720820872245 -1.2445261556988 -1.62434021088199 -0.906878760619653 -1.51341970328292 -0.932999683024473 -1.10450958459061 -1.14607603899085 -1.15744526433615 -1.78577888614107 -1.71937504979596 -1.04481505950436 -1.23537004749996 -1.62157177083385 -0.624631103502024 -0.532275290816621 -1.11865187968155 -1.21654097308916 -1.3867132818578 -0.369089920712806 -1.29788102894778 -0.570172330799633 -0.5492076124519 -0.644592632806507 -1.05702589917049 -0.319424207260176 -0.325112317955248 -0.547749444261267 -0.462947304162729
-2.46490828950448 -2.96882458654797 -2.45423054811541 -2.56518241779229 -2.87223736159422 -2.20044976672282 -2.90908067055083 -1.56583251164724 -1.58750666108072 -1.52571529702043 -2.96528014737992 -2.2076851992714 -2.95669938987377 -1.54322176665749 -2.28701529446387 -2.22666163064176 -2.21904763958928 -2.13178482902994 -2.17859566821939 -1.68403156691691 -0.987672980722429 -1.00876670212813 -1.11361888092884 -1.03203154324039 -1.89481290771942 -1.89433791262871 -1.09307046457753 -1.28599616182195 -1.09005009705396 -1.27380913534953 -0.583861498364779 -1.24098620803945 -0.527161278214643 -1.36492315952369 -0.677359627206297 -0.824537849973696 -1.21702301346978 -0.376936064796758 -0.380641578797829 -0.523302490859913 -0.570695500517885 -0.598427340128408 -0.610050682986578 -0.419275923984649 -0.325451235586417 -0.473995434722097 -0.55788440405185
-2.40339687686679 -3.20166389149591 -2.99484114599857 -2.52404291627057 -3.23562279481804 -2.89643365375396 -3.00640687798504 -1.66467175868488 -1.58555689001292 -1.7310942300576 -2.88511332768205 -2.78404304259964 -2.34694015483404 -2.83296582319983 -1.51194354769714 -2.0921506364329 -2.87128965911789 -2.1953582018532 -1.61545397878481 -1.61828522921761 -1.01819546565899 -1.00943777174964 -1.21557766485471 -1.2473012038263 -1.8767281443419 -2.62334205628975 -2.06792782533095 -1.13755794958081 -1.30111832086256 -1.37480851069034 -0.597910190920233 -0.619699127637818 -0.779716416449133 -0.772988311327321 -0.625675710407101 -0.628194772730332 -0.617196988137815 -0.725936367336178 -0.747186969635306 -0.731703701028228 -0.63431023241146 -1.05501433525532 -0.738882231986958 -0.913200495256966 -0.265954999413109 -0.525224488780674 -0.317744668614787
-2.91661306135311 -3.08328454883706 -2.39900434529608 -3.07461910160757 -2.82884516624054 -2.40943302331462 -2.98171076606189 -1.92897285837587 -2.3316967113076 -1.57884721948893 -1.70113000225472 -3.00356221560668 -2.26619682695183 -2.59277476637669 -2.70627960977449 -1.84646668262765 -2.49744235788757 -1.6389873129785 -2.55022595208482 -2.54261596997732 -1.18049971860346 -1.28877898010515 -1.17830181845086 -1.19611114671716 -1.14175021185245 -1.28423509252111 -1.88093067748886 -1.79705228060119 -1.25936202646762 -1.25719626345082 -1.24102132925647 -1.35325746444438 -0.480553763969263 -0.695099620614733 -0.707813224453163 -1.05791640354849 -0.913807811709269 -0.658607639198566 -0.805531697992921 -0.629298221469162 -0.730752736883509 -0.743035211793823 -0.471469687909408 -0.362993173471004 -0.413865711485655 -0.443452145010093 -0.318643095386513
-2.55417631250109 -2.57689770261437 -2.68921997196315 -2.97598650689139 -2.87436289179075 -2.749348148788 -2.95786010863706 -3.10803939504824 -3.29834449569467 -3.22844995963134 -3.07828520556265 -2.67273600449758 -2.55050227222037 -2.33749646434906 -2.04262475079004 -2.43037739660137 -2.03755833386637 -2.49455303071041 -2.13778831942627 -2.32773615971201 -1.51210725346427 -1.2326699693805 -1.17400284279388 -1.16142925191798 -1.24558656338217 -1.33310581719872 -1.3452531803151 -1.26921113058042 -1.7721574382763 -1.32111013592811 -0.800366610835884 -0.727997549434677 -1.16034938447389 -0.744505373562667 -0.417371819221758 -0.770738761678929 -0.487620387036947 -0.658441121429158 -0.657736710131938 -0.391205398997475 -1.03755320892391 -0.830049260601496 -0.649466091385766 -0.322665394009977 -0.355610781593534 -0.494758364409285 -0.51634914968559
-3.14620500718934 -3.00794981120823 -3.14480112174611 -3.12059244881122 -3.07376125990461 -2.53140012390617 -3.2260406210638 -3.43685116979963 -2.0720402346043 -3.15348766958109 -2.59118155932955 -2.38020100313185 -2.1452455789201 -2.11435212655978 -1.78534804117666 -2.04382064186177 -1.69216400713389 -1.04415916583504 -2.57890229859279 -1.74067426948929 -1.15941006357186 -0.976649065749217 -1.26044896902642 -1.22902622885649 -1.20127427639894 -1.30933569354496 -1.23662133389993 -1.76851755953729 -1.30527759947175 -1.17975083461525 -0.692066397663296 -0.777308074250797 -0.850268155981639 -0.694607162918588 -0.737241922503747 -0.869396490236068 -0.836598797068153 -0.821695717711046 -1.2487923425472 -0.77457254487833 -0.722914745082588 -0.721704130201297 -0.743597287252535 -0.342572987731372 -0.566292792896173 -0.322323631758093 -0.718123437969527
-3.33421392306334 -2.54019766466039 -3.25089889985808 -3.07042095579801 -3.23766259554556 -2.54498542499472 -2.97222489567879 -3.04614811777323 -2.6783415362532 -2.64395465416523 -2.06857246351093 -2.79870908176448 -2.08619499209942 -2.02948670595014 -2.56166111088673 -2.44157235830011 -2.13698381956615 -1.14420569319281 -1.82015052208918 -1.97142182852878 -1.90046806745644 -1.23873848536409 -1.26163542070426 -1.20828557753712 -1.2076078957615 -1.23500488233921 -1.4811010769951 -1.14409820828628 -1.34464537343874 -1.87819898738944 -1.45992741907561 -0.682831660403488 -0.62801154837375 -0.598199372576035 -0.761809590421918 -0.883742660977644 -0.687332322551757 -0.650015479556345 -0.74758649109764 -0.63284763615988 -0.859068073753058 -0.749734929092731 -1.50327049311971 -0.684330290371204 -0.609429965262629 -0.531614011149085 -0.530751753292855
-2.69843214475549 -3.18336066268694 -3.27143369703842 -3.04985540785726 -2.68844044230575 -3.22554501248417 -3.44539333973495 -2.58804108668186 -2.08399809234918 -2.8286085999912 -2.65619880683838 -2.48205905234 -2.07740830634558 -2.11988933049455 -2.04290482016909 -2.57296875744766 -2.02036855414419 -2.13399198710921 -1.76597034089671 -2.51876004555326 -2.66639285176141 -1.81804743597425 -1.29018843783679 -2.58510355732219 -2.31455140495384 -1.99127443173929 -1.8507786553751 -0.647535466994315 -0.744064855240701 -1.43210258243844 -1.31175986846673 -0.834891706815646 -0.666032041316796 -0.678680009893162 -0.65960679754775 -1.3171575860511 -0.761020978783269 -1.49484046456182 -1.41063930566248 -1.37678381792462 -0.681135246482465 -0.420781028756843 -0.794076526104158 -0.793622002156087 -1.32755211007307 -0.864546308931022 -0.829265940639765
-3.1635091454063 -3.43949134289032 -2.64531976175323 -3.43453630439512 -2.63213177028583 -3.07491985849635 -2.97809489422407 -2.72935544585863 -2.52924096230483 -2.59981787058387 -2.62989663608418 -2.72565928238034 -2.70939524580541 -2.37305499184397 -2.01198230354412 -2.64653891380588 -2.44564946505 -2.30794333452199 -1.77270254870366 -2.36008291585757 -1.88375052566734 -2.11865107758735 -1.28350978036923 -1.29165551611299 -2.14455343550427 -1.69140125781724 -1.56068463689163 -1.90154650591442 -1.26042371101594 -1.62682781658822 -2.17783029930894 -1.5441746205323 -1.2868537540709 -0.765529569866631 -0.711321564694455 -0.77011268796378 -1.38719303970292 -1.30024949271684 -1.41115046966869 -1.57988977391196 -1.17910207161271 -1.17206455583497 -1.41449353283884 -0.969969703703262 -0.872562068906917 -0.81254183882301 -0.909919768224418
-3.06859021210863 -3.37161499033083 -3.46324332368252 -3.40623803892829 -2.86791836676765 -2.6647854582621 -2.74498778424317 -2.78293260044695 -2.99068602192252 -2.56111917438401 -2.73215828249937 -2.81843592985294 -2.87982738736458 -2.52672865305539 -2.1337869669121 -2.20866815217425 -2.10180327073815 -2.37472594569056 -2.374413757581 -2.18900005620483 -2.4853057718428 -2.40080459935271 -1.99497408300872 -1.87333927191179 -2.14485421557847 -1.57902020628418 -2.22302418572961 -0.627603631794041 -1.02564987662414 -1.51524108150755 -1.36230345756364 -1.53044553643939 -1.45331365640761 -0.934389281285876 -0.722062055130415 -0.752273967581034 -0.490579958279294 -0.458617265525224 -1.41772756774159 -1.41008056470542 -0.689594358750184 -1.73618687773082 -1.17142577979981 -0.694670014118527 -0.748034690237545 -0.84244862907987 -0.783115696723323
-3.61019800094695 -3.0528569322391 -3.42968456319243 -2.81281628929732 -2.75482486683973 -2.97189099065351 -2.83650141745085 -2.89314151140586 -2.97854489519116 -2.61733289685748 -2.61654845048217 -1.83442301936847 -2.65715359754384 -2.64054534541527 -2.30469022615914 -2.63875825525924 -1.8089651516498 -2.03478405337784 -2.3141891710334 -2.46353969832282 -2.38887303075817 -2.38319769395864 -1.9629843279482 -2.26936379474032 -1.23810815278756 -1.25698596361192 -2.22328879688831 -2.25435804910424 -0.9609176341832 -1.50435603988376 -0.869232550708296 -1.5758670820783 -1.61620048621488 -1.41603168112616 -0.944258842655208 -0.950672272420777 -1.10199863506952 -1.08619946203692 -0.684118759478681 -0.724358893696996 -0.791525208375827 -0.791034515512259 -0.68084740797897 -0.855471912106068 -0.204276051540451 -1.63422754385982 -0.931523391809126
