wc0.5/PCA/Component-17.asc
NCOLS 267 
NROWS 470 
XLLCORNER 79.65 
YLLCORNER 5.91666666666689 
CELLSIZE 0.00833333333332575 
NODATA_value -9999 
[rows 105 to 125 of 470, columns 94 to 140 of 267]
-1.37761872180787 -1.69503354650981 -2.4473973959842 -1.71220483246071 -2.3946461120108 -1.7666780327915 -2.41743789282492 -3.0058730104283 -2.34570588701244 -3.27916133193592 -2.70027690954151 -2.70540327702318 -2.09055360216105 -2.73029468063614 -2.81345175655037 -2.79581351434175 -2.54110936228031 -2.75309027226079 -2.8485178522413 -2.15756251252549 -3.47899487892198 -3.49974981084637 -3.50866616925291 -3.50918941303557 -3.66412965440419 -3.67388209360554 -3.14193455607379 -3.72082742523741 -3.5003025725599 -3.86631708417334 -3.5696020212718 -4.18056929531468 -3.50678553415739 -3.96830631483837 -3.37312967651572 -3.97208218414653 -3.37868012717793 -3.39379373395069 -3.76584748090209 -3.10044582042719 -3.11156016014582 -3.11900945740587 -3.86279895729802 -3.80732293454036 -3.57855388983836 -3.58853031690588 -3.20871825894548
-1.71823385053278 -1.73337578024503 -2.38160726537327 -1.72066281612779 -2.34933108632237 -2.27858858916006 -2.28617792193293 -2.669708471938 -2.27364331285689 -2.56087283592459 -2.66443273654228 -2.57818328145611 -2.37882520838347 -2.07444826962166 -2.70361083079018 -2.82418083572021 -2.8365079152065 -2.81852574090723 -3.46330756209343 -2.84839725502354 -3.47517879121139 -2.62620983753245 -3.5087370511136 -3.81270592005273 -3.66661910535822 -3.67075700181539 -3.68168116882154 -3.69621880354766 -3.03310669215374 -3.53092054182033 -3.75678132437407 -2.86986877125442 -3.53137242622879 -2.9408886793933 -3.37991865353605 -3.38554778196553 -2.66775385967466 -3.32497610901585 -3.6587469732578 -3.41991785420993 -3.1073172797259 -3.12763445138139 -3.23158084601186 -3.85873423629077 -3.58183349920133 -3.19655225303775 -2.56424235240898
-2.3812627180233 -2.19518145734714 -2.27775971909995 -2.27564579502943 -2.32655090722258 -2.2759515174214 -1.7155974537474 -1.94663943492453 -2.32584884952153 -2.30030052092069 -2.19753483756766 -2.07791878494774 -2.24243028759563 -2.83652241705932 -2.41667777181225 -2.72248922515279 -2.73154905748769 -2.44378287223113 -3.10442780736503 -2.81824222099436 -2.8373137017387 -2.86075230007839 -3.49311786952868 -3.24785451817937 -2.57604915324495 -3.03401608460901 -3.68997441971185 -3.69437631844575 -3.694594012098 -4.02368216697364 -3.87720216481304 -3.52981143575303 -2.87500930292991 -3.50774589497684 -3.31853924906639 -3.59954348948585 -3.31726190948284 -3.98993950113225 -2.69174758516807 -3.41629567428949 -3.14013808109709 -3.12671821281648 -3.12912838982499 -3.86041378973677 -3.86761268574378 -2.5618123076721 -2.57045913645566
-2.07713407964815 -2.28962484160277 -2.29982555067792 -1.53881070750287 -1.71706652768151 -2.18975942167341 -1.98166726082341 -2.28806089020646 -2.21837575475376 -2.59755790622567 -2.57785481152936 -2.86443822575039 -2.63681239868643 -2.29365942208407 -2.66542888723338 -2.73499048717145 -3.04222425992604 -3.04051855012974 -3.69892333977984 -3.4812430367946 -3.08978378630009 -2.2131034686131 -2.86131457758159 -3.49717531207412 -3.61299649978116 -3.61460932597106 -3.69197866196678 -3.6935551815037 -3.79128094059693 -3.81872976012942 -4.09086020199755 -3.80466857835353 -3.50268838574697 -3.88706851768569 -3.82789155876641 -3.32297196341569 -3.9859298423659 -3.38638652996052 -3.40996204994849 -3.427341194028 -3.41850086979127 -2.76329169219542 -3.11837394856864 -3.86799831723039 -3.23043347951777 -3.88414379614311 -2.54604436102202
-2.17699747704232 -2.34160292478978 -1.55565947567937 -1.62364941457149 -2.47338428137384 -3.12185622481769 -2.47846295374506 -1.90184588054776 -2.45670044238528 -2.61674466681683 -2.24338129239442 -2.85213414357068 -2.56858685986536 -2.68162491746551 -2.67944437252966 -2.66786607840845 -2.5777749582763 -2.65975310799258 -2.01890871323388 -2.67098329507238 -2.74654675846836 -3.51721900030392 -3.36738785766984 -2.86479210755639 -3.52285153064042 -2.94548389635848 -3.57965550087936 -3.6999006199521 -3.31914860142296 -3.72234776765485 -4.01758003283138 -4.01625566415302 -3.83120040432087 -3.54342757569131 -3.81463403619244 -3.61456588911429 -3.63238736791868 -3.92335694918898 -3.3328009422261 -3.43148000574295 -3.12118186565529 -3.34480381049517 -3.24670073745578 -3.2260724928118 -2.91256998643685 -3.22546499683946 -2.86758064941053
-2.30422255125425 -2.27046098996954 -2.48636465184964 -2.48833762514956 -2.49015406729894 -1.16470304181479 -2.48314226862697 -2.55034375352982 -2.55327805195031 -2.88079724373582 -2.85317160710817 -2.85399687176175 -2.56920684197318 -2.9528460442204 -2.65311593477262 -2.89609249379209 -2.59771618458356 -2.66371752146037 -2.66121210157177 -2.94229487116506 -2.98505644490532 -2.7512802895816 -3.79387136170603 -3.80041064945848 -3.44753061048617 -3.48006083980424 -2.87938013479965 -3.25336022649836 -3.62627168012596 -3.71525320820922 -3.71882810287263 -3.80922780004505 -3.41479223148901 -3.50764707094648 -3.52972552424901 -3.90990955670176 -3.61483906978052 -3.63172196486104 -3.33927618593784 -3.35078651582537 -3.34475115296211 -3.71561450100865 -3.44612625972815 -3.23129611209841 -3.71269989923796 -3.13233244739766 -3.90002760884885
-2.2106363162743 -3.13045436880984 -2.47948699043008 -2.5050562604933 -1.41563792953173 -2.56200809447361 -2.39655705677898 -2.31684604546113 -1.69062521498377 -2.12757899752105 -2.87452450921184 -1.50045627090788 -2.1136643079135 -2.10793174907841 -2.19194804462248 -2.93566287519548 -2.64110349607167 -3.24731695392031 -2.96639446660616 -2.58365252771825 -2.97970563528615 -3.3493926894521 -3.40177184148034 -3.83197450673666 -2.99730721907356 -3.84540765074951 -3.81652978188895 -3.86055953662052 -3.64262946226471 -4.03537360671205 -3.71742511160376 -3.34504591883981 -3.42570224069735 -3.43366301190807 -3.53924268220777 -3.83760041385187 -3.82401414673206 -3.59912374336233 -3.26211302147609 -3.34529406771966 -3.74976924446361 -3.65932086955721 -3.35409476873189 -3.55277231802044 -3.80054499659621 -3.49485947928845 -3.26155798132376
-2.48346161503221 -1.54412469762045 -2.46878744165252 -1.49071748249516 -2.09366619167835 -2.14107099241081 -2.86204706082403 -2.71617838875754 -2.10612186311107 -1.48157681046306 -1.48562207227773 -2.34516827544427 -2.69638526859151 -2.12181144070436 -2.10031523902808 -2.83230754809365 -3.22723715006367 -3.22567285877285 -2.88722637004586 -2.66758155605265 -3.6136709821581 -2.67454728140656 -2.65693262982513 -3.43249486770498 -3.84160774567057 -3.46118788176029 -2.9957517260379 -3.6331583553237 -3.86927704507913 -3.648924388221 -3.67734171503772 -3.32812888109451 -3.15100873068641 -3.44140641830261 -3.46004016911742 -3.4534559316691 -3.84290827307824 -3.53588470009108 -2.92872670128593 -2.96541863310786 -3.95731752939673 -3.74240721081793 -3.35710340323447 -3.46094294224888 -3.34709864852863 -3.55284283017819 -3.14803136605746
-1.8279931067201 -1.88831399545415 -1.90066642673286 -3.07779304050679 -2.0412336265594 -2.32557614515411 -2.34623683656205 -2.38523981053468 -2.92403480743414 -2.63716012566674 -2.6474667870754 -2.98797033067972 -2.65099612455081 -2.43135716753241 -2.79644841760515 -2.43109147412972 -2.42914297270551 -2.43881194107095 -2.28457578436676 -3.61817014981922 -2.48709492408214 -3.61554845621592 -3.00196431183875 -3.15425210302361 -3.01050951882916 -3.8466913307608 -3.86118923700368 -2.90587924573073 -3.27895005885816 -3.67646723203928 -3.6768893572954 -2.9935787656374 -3.38287783906304 -3.35972614857793 -2.810051423181 -3.44719950216587 -3.47624794583545 -3.28313825631738 -3.55220102167888 -3.53597824185567 -3.27490605641481 -3.36199004164639 -3.71869683823714 -3.07400146090353 -3.44825413840659 -3.43054157552812 -3.51402655908062
-2.33020728246573 -2.13303244205059 -2.14024537364976 -2.3304068055173 -2.38130846980675 -1.96988816608675 -2.00278227255737 -2.40066113493175 -2.70152969739694 -2.63317925904882 -2.70155374160999 -2.69574814254173 -2.03604817244098 -2.79529299649938 -2.70775943075511 -2.45993201436513 -2.71703668707562 -3.07010818469064 -2.80721813821391 -2.79471294533066 -2.59134461907288 -3.20420492271797 -3.65960509683542 -3.74644588370602 -3.77584640496137 -2.70364298263447 -3.86653231951217 -3.87210456899769 -3.93880520953015 -3.64400910610292 -3.01078344344927 -3.67034647434329 -3.76090724039986 -3.64425579345548 -3.46056192315413 -3.48333753991879 -3.48075630088576 -3.29446683722748 -3.28811618752828 -3.25929742162914 -3.25884677467353 -3.28329782742034 -3.37496111668526 -3.06568135475276 -3.36615667895799 -3.16878807991478 -3.15633450985829
-2.33930236818544 -2.39536252266509 -2.31984333216445 -2.03512488898322 -1.65408248226234 -1.92752421823778 -1.65275632371039 -2.29331919680942 -3.02106740483263 -2.60479925941509 -2.27900038353511 -2.27462751352562 -2.65591659481826 -2.26086792727148 -3.31380750624897 -3.00518747557719 -3.091992501939 -3.09412236252328 -3.10362304334429 -2.80882788083951 -2.57932495368413 -2.89219417225625 -2.81241941111857 -3.6627030095911 -3.66846112323442 -3.7651225701576 -3.84112602140091 -3.4632530695375 -3.94885149519455 -3.95342823976145 -3.95334302776965 -3.67287886167084 -3.66996259294527 -3.66699846952278 -3.67839091549449 -3.1606047273028 -3.46697603453835 -3.58167638556798 -3.58989752887048 -3.58298312097939 -3.27384133782037 -3.28208260646063 -3.3692447103694 -3.6525472975083 -3.08123655613718 -3.08769206692019 -3.16167765515986
-2.63239857817391 -1.92722592610711 -1.93970456706641 -2.61696568693348 -2.02851692803831 -1.91512185611173 -2.26913614150139 -2.26742467894082 -2.2689580599186 -2.5415511186952 -2.27671532369781 -2.25699453365759 -2.55637522514904 -2.65075994535155 -2.2665177753824 -2.99481653478746 -3.015246263491 -2.75045803092169 -2.44193856943083 -2.81473047721019 -3.45662994723371 -2.92475535745722 -2.79768577201831 -2.99513527879662 -3.67082175162975 -3.02067056365556 -3.00115318325733 -3.47550105040483 -3.86444183911304 -3.95230838523706 -3.94631947447672 -3.94345889173651 -3.66769875892999 -3.77569753581809 -3.76654750996262 -3.67761342314793 -3.46568003589293 -3.48553538214873 -3.59445047850876 -3.29150978054337 -3.58732150163213 -3.28094103476965 -3.3666395037299 -2.6179283884593 -2.64560652915211 -3.70477776029573 -3.43617276656523
-2.17085755865855 -1.29196248104646 -2.12793684664215 -2.01598162168548 -2.25763205990688 -2.20153306979089 -2.84144824633172 -2.24622624674597 -2.86366494395704 -2.84972447870454 -2.82222171626454 -2.80459779842985 -2.81382023122934 -2.25521457463833 -2.63557210111633 -2.63208617880005 -3.32160214228129 -3.01055384334375 -3.02711915207915 -3.11743168312603 -3.03323839737167 -3.55761484067186 -2.60643683922694 -2.82894303174485 -3.1960498904504 -3.01709152229426 -3.77093612702119 -3.76797304135192 -3.7917575212475 -3.44817779104079 -4.15923231194726 -4.17246308288594 -3.49416477031431 -3.29419013528085 -3.67394791542867 -3.67997650921033 -3.47435781683471 -3.45351707322062 -3.59231131334571 -3.58156639106326 -3.268357182533 -2.6479530090099 -3.29057559216177 -3.043027235742 -3.65343433432327 -3.36892050718547 -3.07592956810086
-1.62440465739418 -2.58381104187847 -2.50412002119919 -2.25819052210756 -2.53110727506949 -2.77457066811437 -1.8872749109046 -2.74534254723207 -2.7612462094482 -1.81154158699376 -2.19701670295001 -2.78497037838211 -2.60653021265072 -3.41536708110139 -2.56047184303167 -3.19929027681306 -3.22571104163287 -2.65289775637081 -2.64181850830428 -3.0448436921012 -2.6697726541019 -3.14399668474533 -2.83022977799583 -2.60592331550849 -3.97981327384727 -2.84161438917012 -3.12249009566101 -3.67079093678785 -3.67586679177741 -3.80370868914944 -3.47859191606377 -3.57899146170056 -3.95151153299511 -3.58060318677357 -3.77287811224348 -3.6707251020455 -3.78585282919998 -3.45498883090356 -3.55551169051605 -3.58012854344883 -3.27146978027112 -3.59220016614395 -3.57813181525101 -3.36816251200998 -3.37717313647173 -3.35972139145816 -3.07267385128563
-1.94984234049601 -1.92066350778083 -2.39419014965445 -2.46071726107353 -2.45805259944576 -2.46437833356371 -2.46335115326569 -2.11122219277986 -2.46446737898341 -2.06052468590278 -2.76809155374358 -2.83558936591804 -2.54789878489548 -2.81809592962997 -2.82260962385059 -2.63189320651615 -2.58700520770485 -2.58571950010042 -3.22122322394121 -2.66160919419896 -3.05460218888398 -3.61435184213108 -3.1213445656932 -3.58379024109285 -2.76545006923476 -3.50172768988649 -3.59602771400816 -3.98080145665547 -3.41603276801225 -2.84781914568445 -3.80086562505531 -3.78234268570409 -3.95948724805852 -3.97003294841951 -3.07481148599121 -3.66315405229927 -3.68941121785297 -3.77096434419715 -3.79700248881885 -3.47438582021861 -3.61538173092879 -3.5829023068762 -3.5710166145567 -3.29253403314494 -3.34320875553352 -3.37220928779787 -3.64615142553882
-1.88989015917217 -2.384755797636 -2.09517679365866 -2.04334462959688 -2.03426753006085 -1.439991674686 -2.06131991993335 -2.38832889820778 -2.67488044965391 -2.45072284142668 -2.4182757631629 -2.42072957125847 -2.67437435185662 -2.42274759108536 -3.08224124851884 -2.84022019878708 -3.23298952452992 -3.22760281860509 -2.92525813742042 -3.0522585307965 -2.44679299286034 -3.39952704273132 -3.14353234104052 -3.41323956953115 -3.157510701915 -3.60634525101049 -3.60701413078522 -4.06428913285855 -4.08414358304296 -3.695712879731 -3.8233613497726 -3.81138258799723 -3.80312071107558 -3.60023440475074 -3.62044859349762 -3.67897120967277 -3.68691364937769 -3.77633099045897 -4.08417451897155 -3.56900900475523 -3.57338443546671 -3.57843358120994 -3.59709343118056 -3.57918792916234 -3.37739508703542 -3.37581061940637 -3.74487371232298
-2.38303797575077 -2.76915971864331 -2.03356275591068 -1.81259175914317 -2.6728161170017 -1.45055385179653 -2.39796846358857 -2.41426279877999 -2.68209038930537 -2.69623001083084 -2.32662372958841 -1.82019163301383 -3.43729251503099 -2.41889997924115 -3.10466976672658 -2.71480609466388 -3.15168814366157 -3.14350389347539 -2.58919314693373 -2.57545225061904 -3.04622213979187 -2.95058426554275 -3.40474011521868 -3.79757762144936 -3.14485356050611 -3.90167641248187 -2.86877672290009 -3.99395144631749 -4.29673912722697 -3.15427202177713 -3.6997454460828 -3.79669003203322 -3.46204992772737 -3.50044445367865 -3.61596519898144 -3.97928336680422 -3.46113623620302 -3.79328577729391 -3.76414533232836 -3.78653976270392 -3.18354613438276 -3.57643841313395 -3.57463232586581 -3.587405462941 -3.38115164649199 -3.65702605810279 -3.4008310106033
-2.67768094637073 -2.06267384035748 -1.76877510171099 -2.40002519570297 -2.6170263697071 -2.40371169720144 -3.0468972376516 -2.6299052402918 -2.43105393655882 -2.33281399250567 -2.31599244757889 -2.67514290067994 -2.66764182848848 -3.07366423762155 -3.0750172625424 -2.47138109781671 -3.1437243760018 -3.15991222171335 -2.86553412212534 -2.91323125943811 -2.93463113530075 -2.94530348997479 -3.33399114990972 -2.65718492041578 -2.7381637459791 -3.15584697592367 -3.90899960404722 -3.60492846877744 -4.08577252167986 -3.97978379559493 -4.09997508792571 -3.47880842940205 -3.82579991371562 -3.80037674420238 -3.59970938423579 -3.59596666931643 -3.79423650917631 -3.79525002691943 -3.78608798043717 -3.78225212255616 -3.55760300826849 -3.18260734619053 -3.46101427992851 -3.59231132287276 -3.37113449245592 -3.31280703333244 -3.40257140588389
-1.71715664764444 -2.39490032095714 -2.29994966230399 -2.29777771726415 -2.61204647854443 -2.59104927578553 -2.61026271706223 -2.59327161505954 -2.61365203018036 -1.95057699750652 -3.56981967000036 -3.57262427626592 -2.99949217140499 -3.37977471743616 -1.84017447310801 -3.38353435914058 -3.15533933294368 -3.43590883107439 -3.18030387838656 -3.18488313290388 -3.23365288572243 -3.62319244085054 -2.94958225175513 -3.0346481470925 -3.15179039430137 -3.16127518497654 -3.90075991453683 -3.90373363530695 -3.61390078833294 -4.07389942958003 -3.72315785823224 -3.97342849228176 -3.82342502948107 -3.27472119063057 -3.50548092462009 -3.62254794800356 -3.62034519146562 -3.41544536207836 -3.38068692642262 -3.72653535126047 -3.5104823246792 -3.58552234685281 -3.82467974733755 -3.59308591554757 -3.59229494296891 -3.37420937692114 -3.38201151271606
-1.86199385651876 -1.87047192590567 -1.9080354610437 -2.2167590355391 -2.2382485953515 -2.59740361431134 -2.59397635013785 -2.13095004688428 -2.77839495345563 -2.13075548498822 -2.24528239029982 -3.25671607502055 -3.35827279545835 -3.26803429493149 -2.98192135197913 -2.98779723492718 -2.76257158729706 -3.42999190329161 -3.19032531231959 -3.82668623827017 -3.92964869520172 -2.95736876306013 -2.89951089748828 -2.95566105702832 -3.71549215552481 -2.74257379174322 -3.14794939563456 -3.82691259311555 -2.96601592818808 -4.07708235082548 -3.32390147673048 -3.96806719235983 -4.09947177321236 -3.90498875778718 -3.91656449112554 -3.59986885415586 -3.60782677847639 -3.72502223073449 -3.39854649120262 -3.38906565257123 -3.50767500080805 -3.53229863333011 -3.18465525919394 -3.58889785996509 -3.66769608237785 -3.37884694420749 -3.40686795259643
-1.87107703811721 -1.9127769733796 -1.86543818647511 -2.11810548542143 -2.12371639598089 -2.25900144684779 -2.54132707668969 -2.44465499952678 -2.57337129509402 -3.17839231390829 -2.46053300049099 -1.93847384614916 -3.57358425736843 -3.27329216676463 -2.98852181036057 -3.3644477272127 -3.38360262875886 -2.77832805022001 -3.35522450498391 -3.18482026067533 -3.17385660152729 -3.26407193866426 -3.63014756808869 -2.73277823863309 -2.96307687024776 -4.00974234266787 -3.23762390400374 -2.9533490510278 -3.30520689696495 -3.61363347783691 -3.33340913800597 -4.0966350611039 -4.10886802916071 -3.52153114472713 -3.79679346335577 -3.28835508693469 -3.60742401596591 -3.59633438243888 -3.41278325168186 -3.08504406696297 -3.41274684078174 -3.51810660040891 -3.19243126401894 -3.59599277557838 -3.95919682868236 -3.59298428178925 -3.39069015665937
