wc0.5/PCA/Component-10.asc
NCOLS 267 
NROWS 470 
XLLCORNER 79.65 
YLLCORNER 5.91666666666689 
CELLSIZE 0.00833333333332575 
NODATA_value -9999 
[rows 357 to 377 of 470, columns 147 to 195 of 267]
107.768448072335 107.092778772873 108.662483731885 108.755284935126 110.526388248771 108.423856336081 109.089996727253 112.191912150014 113.799748095374 114.362137257826 112.956929319101 116.011980546998 114.743160649915 116.141907686825 112.709142872745 112.408799065021 116.005714672806 116.897958792988 116.920513621999 116.010483016717 117.819037492488 119.169938573477 118.432134431612 120.60548920868 121.823990270758 121.11583024933 120.111013124685 117.122696509412 100.303980758107 114.172872557226 123.030217263016 121.967133395673 121.579821713354 121.899033161321 118.887163593938 118.863163118917 118.251443524363 117.976950173872 117.08194192266 113.821891045191 117.243654564153 117.414390848506 113.923648818983 114.971604813659 115.753045675124 115.018385088862 115.753091278796 116.341476902026 116.419220782227
107.88692261331 107.096689835454 100.585528969543 108.529689718997 108.81398398316 110.936151467126 110.086730993012 113.158190158383 112.8528365399 113.426991263037 113.878495141235 115.526096314468 112.721084272229 116.343317855124 114.138886428714 113.016349200054 117.617224720862 113.660673940677 117.035783928496 116.053015434938 114.618889455696 121.06834412826 116.002730538111 116.541805874237 118.160999384819 121.580203791916 121.089618735091 121.201641374322 116.981455904168 121.507209140599 121.63684401143 121.589383079326 119.873441495555 120.860225109176 120.380161550732 119.543735558234 116.95825090125 120.401736848692 118.569652344379 117.617598528067 118.962803598923 117.150733894067 116.848645345461 114.013312740064 113.02181304749 112.896167814451 118.280367608767 116.357726093336 117.392622319838
104.973239981421 105.048014641341 108.980376550405 107.850767047676 109.506081946393 107.786782788103 110.958168789395 107.98453514982 113.173275347563 106.355405022242 112.391482903384 114.005312012289 114.7235211361 113.98715226722 114.503371002813 116.430340478149 114.828548741409 114.504794830996 116.089836172376 113.840981770617 117.254377020692 119.814745824989 119.608342945729 119.11553904859 113.701449898322 120.520007590216 117.832597447185 121.287756196283 121.988953198042 121.859034862263 121.466390364156 119.461787095803 116.8377107888 116.679825752855 118.840042234839 116.419831639667 117.861271348318 116.248101466708 117.588087689307 117.301363262098 116.105636170042 115.264278717476 113.479652184079 114.806798751736 113.636939957526 112.771534218699 117.069383664751 119.178657072726 113.795450869539
104.178782724449 106.633515350446 107.412664903374 109.048868640955 110.501841275904 108.095869445005 107.023702906732 113.750528481082 114.214711629688 109.357870428808 111.680929200998 113.871560253324 114.663435752566 111.57624365326 114.623842723541 112.958097779948 110.035064046969 110.598671393615 112.49180083257 115.910332524898 117.954714053209 118.464523602279 122.178162168432 121.09084786047 115.62094673354 115.623142933996 117.892016376564 116.373396005952 120.588047103548 121.531659055176 121.677072979094 119.969206880604 116.799994266665 114.614751650911 112.969580476138 115.123998117403 114.917962966398 117.714627602644 118.108882554122 114.565996738929 114.974355998461 115.741250549621 111.3726779267 112.865564638149 112.261214562319 112.616557644057 113.966900746182 113.330840003257 115.089990924374
97.5717982258857 106.230205682692 107.465921212956 107.980425132064 110.632003778893 109.103550998283 107.441294461472 113.602129953976 110.096224828857 110.871689857588 112.544893074282 113.990073691846 112.978265917913 113.294880950168 109.688119448697 108.099099757142 111.463614431088 104.58053796272 110.152810929326 114.790576628246 118.289286350434 117.815274687558 120.89218570095 120.019192052174 120.008264596865 117.680922366538 114.883507937471 116.425386923945 116.081425394857 116.958906659898 118.419596296037 116.362498600782 119.575062729451 115.363164523305 111.785304742325 116.357091028489 114.52837693095 117.458060304866 116.252674719761 112.021617736648 112.048552731452 112.920824983953 113.760258774385 111.972171278387 111.921636226248 112.019382677442 118.430589144337 114.493661279705 113.872520270395
92.6879317515406 99.3331644227036 106.76152552831 107.929473748292 111.324483321162 114.537435003716 110.832664585298 110.591602459475 110.881145710873 111.797441416939 112.655944241031 115.270944041076 112.901234827567 110.162942983457 107.283710264805 102.688354243281 96.9603230752318 92.6202480696497 110.809220104243 116.4881055086 117.27018323825 112.017197855904 114.161918383294 118.854001068214 116.366916680223 114.742299081375 111.673106345563 112.967173540044 113.75949838283 115.496450527152 112.697843310814 113.419563173789 115.004284166321 113.302432722119 112.567776830537 114.9724422137 114.742244162405 117.155229830713 115.201956033898 111.802695004243 113.175970003146 111.900235565889 111.929845056293 112.655652898151 112.620259199202 112.033311995692 115.715442679889 113.554024958229 111.635795314206
98.6534838901642 102.502409015968 108.18188046876 110.230001184626 110.162297260253 111.555332397488 111.490130060578 111.78159331442 109.88656642139 111.618607877174 106.284566242808 106.749638801235 106.735852293445 107.789899076438 100.621372355091 93.8482153776054 83.0942257795317 89.9629849337374 105.15130170487 112.663823116012 110.057309330277 102.980759789822 114.645877177747 120.826872424686 117.983328059871 116.342393013592 114.566267571017 113.798359159539 112.917975487866 112.6994447623 112.947782861986 113.938737564798 111.815328035961 113.44450193397 115.462998050086 111.86884670261 115.378452684784 114.487938307676 113.253288502819 112.625606395924 111.253433645538 112.716459008284 111.846689862213 112.481445480212 112.889592670381 112.607107591742 115.93954060132 113.070076806846 108.78596559857
81.7473230633347 94.3646010950906 103.502982392986 110.104923506814 110.495848434847 111.565296323642 109.133415801142 111.042075541681 110.139224447957 110.848284442442 101.394749808722 104.619919556866 98.3384506708764 84.8152361621327 84.5243902478016 80.7645565825803 78.6527077675851 84.8900116061318 98.143570139211 104.020560303838 105.046375393134 109.634592235972 120.332863875231 119.149202795175 114.83883834168 113.903977114174 113.57305517535 110.434788766859 111.429128454264 114.224095252324 114.338797527346 112.305079669362 114.40228236733 112.492923066376 110.900405888198 113.076818661057 112.352120814792 111.946598034785 112.580934653156 112.239510591887 112.04419932528 112.612938172021 111.329432943406 112.209443325931 111.969914779781 112.944234691728 117.646082670717 110.623982734528 112.099186351854
78.441316607569 83.9773189948915 96.0493681532467 106.806965123994 106.958439637439 107.998268307273 109.440878601922 110.103355618856 112.678949711537 107.797714485532 103.651236649658 96.2475453077261 88.1528528031161 93.0260968690241 93.6881841714468 92.2895741106149 79.3308806409504 83.1254824477368 79.9209672580677 103.998671838375 106.040053197237 114.801159806595 119.45919177102 120.623955305188 114.442413569125 112.214619397225 109.380608507176 111.785284356923 112.476341569264 111.510890690748 111.536292873442 113.318941243289 113.259498719627 111.759723982233 112.29240721019 110.560448954781 113.516770411335 110.701016654462 110.735200227527 112.663231340216 112.738388348717 112.779575436383 111.825841013614 113.795564713309 110.852657754068 112.188534670732 117.843478452191 111.775727995809 110.353692511273
79.97148930578 85.7095462069662 102.963063304558 95.7375839793819 95.0099592783982 101.369167961194 104.41071292375 106.94755114627 111.767262831822 109.601478821001 101.927211667354 84.6668293959208 95.5371206611206 104.162528042222 111.777576944816 98.91633633555 92.0553679920993 88.5209926059763 104.925244713035 106.878327035449 106.708532407703 115.84490475244 118.787392438765 118.959160888751 115.103684284783 114.042628906554 109.748523042763 113.309567621864 111.943603501414 112.488554408349 112.655039177071 111.231451807267 114.44999696767 112.255138584957 111.888586054787 109.655592987269 110.198434870791 111.924701615013 111.477129994108 111.85254993315 112.401758239009 111.584317608044 112.435329041891 113.708587725898 110.423553517797 110.788625373907 112.205198849229 110.030140140651 112.119784455326
108.197442336294 109.734042773887 109.663481827635 109.252701281559 95.7520285427978 91.3342426435509 87.9240456808777 97.340310376668 105.186910443935 105.101616271598 98.581554973031 89.6895169262882 99.3604544466485 110.909257543474 114.978325977786 103.830589466139 101.277484466904 97.1961151163671 113.36457855578 108.420027905454 112.188457932545 108.321718605908 116.518613131101 118.848289567946 114.47147464454 114.457383428105 109.242676279831 113.584149077232 111.96473790333 114.575782275899 113.046437014685 112.401403235585 110.79579042767 112.353093213739 111.93717266432 111.974447341465 110.170481964501 112.610420039305 112.97640595875 112.249434665164 112.560182217365 109.412845785355 109.53423096128 110.506932077141 110.302053723128 110.790717691117 112.003406475418 113.690350516307 112.845105860247
110.526647552023 109.180579444078 109.728783920006 109.978138167639 110.415735727257 110.308070342587 109.459327597717 103.938485115284 100.896776840733 110.827645743332 105.405837496858 103.536994046532 106.25912392449 114.07069469767 117.234932216511 114.632670486323 113.838257395508 117.797057877103 114.693421168184 115.452454534642 116.288303480734 108.018105038356 118.708335143669 116.04806680411 113.597729933826 111.061855276097 108.820678989231 110.835972330546 110.003990150809 112.753166217321 110.625247463799 112.433597492005 111.232957957031 111.202842394924 109.358939776084 109.761234840187 111.900648600929 111.519570374559 110.963792563445 108.635524495054 111.586217089612 110.62165384004 112.302520200333 110.52671072218 110.021787081124 111.594621767202 111.934181512193 109.529227227231 110.729909409634
108.437768494782 110.363134209334 110.438370541442 110.857302670029 109.624931792617 110.651249621529 112.340938999939 114.37964693616 112.774211068237 113.481891947166 112.935438197811 112.812248575957 115.926440024401 116.194253646876 114.279882798033 116.637946613619 116.096900016193 116.436127582182 114.995531212098 116.774603058965 115.008664039977 114.243080857732 117.271917045086 116.057984368599 113.477651998636 110.403519402551 108.591497562328 109.997906925467 110.509304426485 110.77745215665 111.5339334415 112.150440663046 110.387624950387 111.16793319378 110.021012039269 111.746197767359 110.519144551964 110.425797852155 110.978936604541 110.694801115818 109.911987425061 110.75517740003 110.014354572455 113.568707115502 113.065435905657 111.21168524443 113.335871374283 111.764865585556 111.432779866112
108.468677224974 108.382539099583 109.040910911875 109.336897491531 109.196279191027 110.561880102742 110.703408452921 111.227941854424 113.755315896002 114.554368104045 113.818212123693 116.636806389296 115.740149304077 114.531392267889 114.129848721392 116.215348048423 115.19830042378 115.831626474682 116.163050187836 116.193797632555 118.315531972745 116.557666305512 120.030005704236 113.562365760787 112.545613075389 109.171864600395 110.242661035992 110.407342703438 110.487540727429 109.174465598137 110.950255355394 110.740158986313 108.955587591232 108.725750598639 107.96581323067 110.797837112348 111.681588590563 112.380159856863 110.583808368068 110.794711707705 112.895070669177 112.294502779289 112.782578334491 110.367964523404 112.388054604873 110.756468602043 111.897947281206 111.210579678631 110.979960430871
106.04702965899 106.912531660745 107.493592790401 107.105544658412 109.856121609076 108.355732001695 106.919667821173 106.647748155537 109.438976684511 110.032292022069 111.801137616322 112.059418176123 110.792413489009 112.093152595401 112.110705762995 114.651491434934 115.673997762653 116.298917156958 117.681502370771 116.954266973541 116.339804198863 115.705657560962 117.077161709448 110.688122823632 113.401849123829 111.233642051493 109.471293522144 109.679389379067 108.967578196157 111.666256703311 111.344095705423 109.068047164584 110.401508223909 109.461192919613 109.156922063294 111.079938737779 111.535513421068 110.892040708099 109.240920849061 110.464481720389 109.625340078953 109.934426872824 109.791192566279 109.777106684091 111.576719159892 111.089088182698 112.314961176161 111.47421303829 110.026472913477
106.050546437906 107.093172226909 107.878232423895 108.172688999698 108.140708358906 106.59840352619 107.832684568103 106.054130803736 108.08510471077 108.606213522052 108.250929036475 107.997031790763 107.868200968127 110.486566957017 111.454270238407 114.073802862992 115.279561686965 114.680152363541 113.932238553715 116.47903779894 117.479497680043 116.288062805132 113.751513472721 112.433098650837 110.873122548683 108.700721670818 110.117009458717 110.182494069572 108.762419768771 110.250618196281 110.850431872872 110.422839435754 110.252767563557 110.733036028668 110.679203091485 111.410411252791 110.878746695856 109.858058117868 110.808062074978 109.664743451109 112.427977278827 112.044723085711 109.375256887573 109.818339750643 110.324112611708 111.122760313823 112.55786066635 111.000381016163 110.158613734779
107.076721225136 105.760078919309 103.445166581634 103.063412669441 105.741132513994 103.093794687958 104.571528763002 102.318957804902 105.81041207603 105.709009038674 106.118681281278 107.327793450688 107.060099062154 108.199521214918 111.19857118642 110.11198619442 112.470333396552 111.030256061445 112.289395242999 111.235343158167 114.250092808909 111.743783913397 112.182870297835 111.449795869057 108.496127251683 107.455720930859 107.52255007952 109.646701589442 110.325800775547 110.610585128572 110.24732401041 109.828639638581 110.767666722569 110.232894126258 111.104926505069 111.05290835422 110.274378200753 111.116587074947 109.457417423536 108.887426122217 110.324446431728 110.925123084683 110.591477393967 112.726060564441 112.018919183416 109.444088707859 111.457744221859 110.670882907488 110.773429082043
100.579598530609 103.147016899833 102.350765314126 100.004391150703 104.134861694497 102.4514793238 103.540743242252 103.131605063257 105.311682365076 107.153223996033 111.269490306916 111.653224515452 107.754509293815 109.04820456968 110.303059505236 111.27713686195 112.804440083386 113.117553028053 109.923186438838 111.013853065582 111.691571774756 112.198617215274 112.097280438138 110.448292006653 109.98585948197 109.263033717316 107.92625991402 109.321754241121 108.781154052821 109.559518655854 114.179588097908 110.50646054923 109.1447352226 110.995515295209 109.546025871566 109.967983346974 110.177949081607 110.928161681943 110.702354066323 110.49506932615 110.447736883721 109.251392303992 111.83079734346 112.174158649377 111.667596586295 111.083314543841 111.231649741979 111.166298934329 111.307624018354
100.713159422606 100.893270821619 101.347067612311 101.87448597252 102.427253109746 101.950009308944 100.900688996752 106.470078848387 107.905294623578 109.911285280874 111.302307867209 109.235249672964 110.481350765076 109.393587584541 112.186469066102 111.293962318152 113.572509242008 113.452084479259 112.195254219858 110.97342945341 110.467526673544 110.895301022186 111.124849985939 108.757686892227 109.165686469992 109.681603229594 107.84164006192 108.645450687586 108.273943119592 109.78231439151 113.308597505626 110.253288658898 108.826344838128 108.490099468566 110.209015191619 109.521477881143 108.767921475108 109.906829698587 110.750412867233 110.087806987887 109.085563808739 110.115234140981 110.527906158239 108.287289357236 108.298872686829 108.69770581238 110.517207819424 113.509696010922 111.627747207313
102.080884306541 100.877626969775 98.2405164466928 100.33565305509 99.9346371711097 99.9006381928151 102.589372346321 104.891816600141 105.070747763913 105.343612766942 105.263717443131 109.661897778738 112.023605851634 109.701376828499 107.460461105453 111.347783352063 111.646224350197 111.653066557057 112.220594658195 111.863441510817 110.276853310636 110.665508885958 109.314748091931 108.453003941212 110.0626595129 109.35082526722 107.329049904493 107.564589832757 109.917183093308 107.667783265628 114.385096433627 112.210797694794 107.526569285882 109.083021472992 108.739608999115 109.941781062601 109.908908814193 110.745263844166 108.73880278796 111.075412738349 110.228364329362 110.73861444035 110.574282516052 109.199167042451 109.117487696662 109.220765534911 110.103618811765 110.39252150336 109.298146987294
101.809553794742 102.931828455623 101.590513514014 103.151494121512 99.3750793920071 100.969725016205 101.416865863276 101.901718196456 103.556162378906 106.340984679963 104.794946912799 105.845990247831 106.27637796509 108.057759610901 106.142671258776 110.12006347841 110.33424055251 112.52806230067 111.223987733767 110.920698788621 108.671742226863 108.827925699742 109.508937993553 108.157063481467 108.356840801538 107.973700985331 107.937084493109 107.505778177109 109.661931303465 109.315399001265 110.018263650161 109.823223652893 108.628527357143 108.192417674478 109.220597463537 109.577248904425 109.320345874834 110.026646953134 109.131568972551 110.189401652924 110.429681265063 110.919516853601 109.377680461386 110.009571908486 108.6750040336 108.999794598597 109.895982390194 110.469209040464 109.890445720368
