wc0.5/PCA/Component-11.asc
NCOLS 267 
NROWS 470 
XLLCORNER 79.65 
YLLCORNER 5.91666666666689 
CELLSIZE 0.00833333333332575 
NODATA_value -9999 
[rows 176 to 197 of 470, columns 48 to 95 of 267]
27.8062567343533 27.90731983322 27.558697942297 27.3288728803157 27.2125237074678 27.0831621771329 27.0407372534116 26.8070716727489 26.458816832248 26.5019135725441 26.2492799610161 25.9698744167047 25.9630074841848 25.7027881828767 25.3943235925876 25.1975160230997 25.2142466256621 24.661412111363 24.3408102531417 24.0482107129676 23.8179161044607 23.4743145590621 22.9551450845178 23.0239708768997 22.4459387487215 21.5591415990982 21.302926582176 20.6021035259894 20.3559960233015 19.8190451014575 19.5794221857005 19.2937496652209 18.7056252417899 18.3928044007236 17.8949221109279 17.5195595497809 17.2095676961167 17.2938104431036 16.4164151112006 15.8445882400816 15.5308430384579 15.6137859612314 14.979622969498 14.9617566598097 14.9523768401212 14.4350671974644 14.3746816707102 13.5345695209152
27.9402706267703 27.9913128713355 27.8224009246628 27.2747514506598 27.2566309470541 26.9664520628078 27.1847924653735 26.8150595753853 26.8199554401355 26.5536009656811 26.3243704377219 25.9798286361335 25.9868237858292 25.8011759805262 25.3978897569035 25.4900744016509 25.2054042076388 24.6193092335789 24.7025815439383 24.1113826583087 23.7493645077381 23.2563981343851 23.2884048660186 22.9906933142735 22.4657377199319 22.4694103389836 21.4760644850379 21.5620061415532 21.3261842076679 20.7959906743178 20.1207660438308 19.5548395118755 18.6439729722415 18.3959004657047 18.5067963275462 18.2136624963059 17.6338472505204 17.2834744898429 17.0275463250085 15.8476390079135 15.506223801661 15.4837135154352 15.2003919956273 15.2147281437362 14.9630442995238 14.5809692833551 14.3281650271968 14.367657087335
28.2453771736653 27.9512777206198 27.7942243083139 27.3266268061842 27.4254169786563 27.4633645738013 27.1603363047475 26.898246544788 26.8006872017309 26.5359326007852 26.2542010514323 26.3312398364785 25.8945680616175 25.827580248983 25.4491959484002 25.4945313394777 24.9159098075019 24.8885536628789 24.6831854717549 24.0894844432941 24.1051315274362 23.4804019118631 23.3071125129714 23.0125114727349 22.7301955865228 22.4960604093125 22.1596009264758 21.6576102860636 21.3535305746211 20.7462921877924 20.4340087914698 20.1738034173744 19.6531749375508 19.3819125933253 18.7848932086395 18.3077003475204 17.5257197999641 17.3049213144714 16.7560719517664 16.4881912169039 15.7233349986829 15.5456656348153 15.2494058184665 15.2754325205489 15.2587496648289 14.6479537585147 14.7199457431308 14.6052465937203
28.2054399663802 28.6965444892385 28.6334845195165 28.2429458232801 27.9226763631689 28.0921951837144 27.8241417702447 27.5126620158375 27.489420990404 27.5742310891023 26.9814650897515 26.9159365783555 26.726431937566 26.4140202683247 26.1160587451239 25.4978147326272 25.1896329135045 24.8742720276451 24.9869672698711 24.3966670287532 24.0970275249362 23.5610740104213 23.2772166488506 23.3141729670086 22.6946465613142 22.5012778491571 22.4445296332401 21.9503690289748 21.279577826807 20.7727074367862 20.42663999261 19.9294303310135 19.6104242971466 19.3832073844983 18.7042310915091 18.451790775283 17.9273339633259 17.4815502970339 16.9877258935068 16.7450552804475 15.7966420596132 15.8482412398646 15.5166925703996 15.5645734554357 15.2555540298468 14.9772781230833 14.9899827391594 13.95482916767
28.921330567821 28.5638811080245 28.7090248721336 28.2774463739424 28.045144892266 28.0426336179144 27.7901513199372 27.5038293141158 27.1807001562208 27.1500319946028 26.8657119772703 26.911919131719 26.6768642440943 26.4223803395242 26.456228886577 26.1110144557074 25.812744397835 25.8272276366456 25.6129662428105 25.0741959446988 25.0611217703658 24.5090091331517 24.2055713950925 23.2264787253879 22.9813220858064 22.8131697140305 22.5265854672921 21.9041412562261 21.6267533606529 21.051301364687 20.7424761680479 20.2248396499905 20.004333358489 19.6700470507036 19.1522014839137 18.7785771803246 18.0942371981872 17.8957757089634 17.2624990758104 16.9720037474438 16.1071374886428 16.0816896327969 15.8203941997914 15.469177692325 15.5013702633228 15.1734130427365 14.604483427648 14.2257374937183
28.8740326620242 28.8644642148781 28.5303233686061 28.4403001122999 28.2952582554149 28.1500080243645 27.7479054408811 28.1260867981597 27.4270858233642 27.2276978323737 27.2188621691995 26.82649494029 26.6412511316817 26.6782193792424 26.394228772403 26.4307926062226 25.8870869119912 25.8929299661833 25.6015659371254 25.3117173199384 25.0606490343972 24.468996867159 24.1396460700827 24.1769893786054 23.6223706238839 22.7288036824545 22.5004487411189 21.9359747094404 21.9203807055561 20.9655447677821 20.7174548018739 20.1954668032424 19.8748437253743 19.7117440345918 19.1005208057218 18.8169134842714 18.1248075471875 17.8334287989542 17.5366579240073 16.7030551165027 16.3955564289009 16.3949008090735 16.1123108510481 15.7483685287211 15.7680520746086 15.5043767664009 14.5709991477605 14.6064364139092
29.0013231409874 29.5659235042055 28.6222132801075 28.3989077837206 29.0252962977598 28.5000960223665 28.4438797402765 28.0982697810359 28.112611445481 27.2468482634105 27.2658555139915 27.2638575326544 26.5934255701985 26.6464962166418 26.6645482437672 26.36579684954 26.1843376865447 25.877484087228 25.8839773518912 25.2627814595962 25.0154490044528 24.4946241614052 24.4992147431675 24.2297891935664 23.649625344137 23.6718980631374 22.8273565137303 22.0984432954711 21.8887637477155 21.3216714075352 21.0340140301551 20.4423613433313 20.2457182394843 19.9214467801786 19.271831928381 18.9887422566725 18.3347905294326 18.1122644593477 17.495317448627 17.0201758001239 16.9411298399949 16.3012302257596 16.3454192040801 15.9753502495318 16.0407622022898 15.4687240445203 14.8616640087356 14.5980296444223
29.6995382997916 29.6324007310844 28.9686771911726 29.0725477590188 29.0157392801435 28.3466592470508 28.4785771334198 28.3796178505022 28.4896928772176 28.1934522868616 27.9275609964422 27.9646742005317 27.9656749682211 27.3878595567211 27.3730864433729 27.4030938409687 26.8088476316282 26.794651401749 25.5447445645034 25.3116187755619 25.3104797153175 24.7322762676623 24.4157611035864 24.182578296294 23.8902297271854 23.6411704765242 23.3404929736887 22.7688919619818 22.4654276337798 21.5778505727917 21.2523948287915 20.7529457917604 20.4656797887876 20.1745311356738 19.565412473598 19.2790829081461 18.6269192510839 18.3468494183337 18.1572533424645 17.3396008317812 17.2819894923596 16.6049462663124 16.637773317355 16.2853858217774 16.1012002172275 15.7532213348006 15.7614773780752 14.7613457801627
29.6708286908744 29.6115977847159 29.0908655489388 28.9822368251071 29.0313027901971 28.712508612607 28.4426961213724 28.5056817305709 28.0991687633766 28.2213844514596 28.2222374925274 27.9747833937411 27.9265898629532 27.6513790119425 27.3971724957806 27.3681307599068 27.1379552091919 26.7670847510389 26.2688959060003 26.160052255999 25.9440761302142 25.4154421555195 24.7354256626573 24.4446702940995 23.8645561850471 23.6497206884359 23.3339236865116 23.0588457536663 22.7443455914134 22.2432806035669 21.9717751282369 20.7382018857805 20.5001183323461 20.1709393356947 19.5942710075266 19.5631980998611 18.8711343397264 18.6755298761545 17.7617964747486 17.5120983596007 17.5212169313493 17.2382497356674 16.8510926722706 16.5671728726513 16.2925257976201 16.0379662168434 15.7440599017976 15.6750744497374
30.3500326256031 30.3510106879058 29.7478893498629 29.6467345019295 29.4118097934211 29.4366006175555 28.7847025818226 29.0681268704394 28.857157514869 28.2642631396352 28.2734587654544 28.2584198192612 27.9173673080723 27.718955599114 27.618843280927 27.3673814641586 27.1495334755612 26.7880376602166 26.47497226602 26.1887852765226 25.6431171730778 25.6856056306486 25.4156625469863 24.4136422079643 24.1862575158236 23.9189788946461 23.31188689016 23.0569781616829 22.756030466777 22.1338163836114 22.237796532547 21.6355759263056 21.3990682070256 20.4299684276439 19.8083675689158 19.6523060758653 18.9157987329492 18.971177702462 18.7219047064841 17.8249147220824 17.5848444908765 17.531183344683 16.9397990066566 16.8628342495239 16.5183805405942 16.2590704647304 16.0575108530958 16.0584417542726
30.3088070263104 30.3951343938602 30.113225078554 29.6636948753078 29.6289429727794 29.5283383128728 29.4716781201953 29.4680253247021 28.7906901348879 28.919495079497 28.2163169414771 28.2426200964796 27.9668581448223 27.6752936444245 27.6589993556987 27.4665474532492 27.1273181237556 27.0416136273887 26.5036252464388 26.5397397476097 26.2326238768053 25.7093383567324 25.3746736760341 24.8282886810555 24.7513595082294 24.6220391660103 23.3387015251191 23.0308008099422 22.3900636150579 22.4659948231537 22.1880694259054 21.6472848268761 21.3470584083977 21.0686356280975 20.1474113404083 19.799263578011 19.2603082862839 18.8696829862753 19.0084411805825 17.777436403417 17.6724387697624 17.5292369447991 17.2266349075767 16.9280217539744 16.926682926243 16.5721379249556 16.2616261378476 16.0075124031469
30.3496179359077 30.3761681658978 30.1508594188519 29.6987086522838 29.7693393509593 29.483135849433 29.3913341474727 29.4554110827204 29.1856477251788 28.9325570934982 28.9794819632803 28.9298962774827 28.5713953303097 28.2976861452299 28.3608325798305 28.0503852115304 28.1338856416754 27.742054689446 27.4223167982386 26.4850958152279 26.1955541609454 25.6281202269448 25.6679251054209 25.1337423836788 24.90812733025 24.5849052862362 24.3457029910199 23.5555380464326 23.0172156151038 22.4880988189914 22.1934342690626 21.88043277886 21.6590445098703 21.2785039445698 20.7984530964012 19.7332655029124 19.5479861193807 19.1941657176026 18.9535279319901 18.7086942775813 17.6590141900575 17.704487765329 17.5326102545583 17.0721932855466 17.2191315919082 16.8421077026729 16.2198430952489 16.3082708585156
30.4340873226127 30.3355473591053 29.8572124926769 30.4376854994669 30.3664121184562 29.4989023406664 30.1163824450073 29.4515558150268 29.4902635191806 28.8888395787661 28.9967596856963 28.8873213070156 28.5438411416635 28.2906353005498 28.2999339001511 28.1145488941501 28.104302857499 28.0542348972131 27.4790700656525 27.1702634220408 27.2598043909268 25.8593560468071 25.7225281722068 25.1251360629578 24.8150896009223 24.1718318677303 24.2759489147963 23.9566074065753 23.3851653266506 22.7666675451598 22.530029436526 21.8715909973339 21.6063849345855 21.6778480389612 21.0226339492176 20.0656641541321 19.4651521102637 19.5312851357569 19.1846890606403 18.6209412619469 18.7126358097694 18.0332231703329 17.4966013195845 17.3505497162982 17.1290103511706 17.1106932716379 16.5328159883357 16.5216384218664
30.131771502692 29.7673839336475 29.7382847167784 30.3394223512151 30.5796930387712 30.2647766157853 30.131670941763 30.2024889686069 29.542655962776 28.9143065114467 28.9566830605219 28.9363249171027 28.6086576470261 28.6626574527791 28.324727933875 28.1063566904715 28.1244105761753 28.100066812577 27.4400918823181 27.4867624399327 26.9063970252713 26.6625115624868 26.378587987534 25.1163875202608 24.8003253962221 24.5004332555057 24.1946906284433 23.9793782998468 23.343303367668 23.4360542404422 22.4463905975566 21.8789976620817 21.9830131700455 21.6037356098731 21.0228088973014 20.751431573225 20.3914025327141 19.5007771763191 19.5308952787241 18.8824628269948 18.8768236707665 18.6402239258008 17.8016755524078 17.3653411558966 17.4257106262699 17.0263137829 16.7368096946407 16.5598033398644
30.1224033591253 29.7991139992174 29.8863278027623 30.4427488093814 30.4512390165831 30.2287417524317 30.214257204622 30.2269379406511 29.9200798300793 29.7184510022661 29.7391369975168 29.5592335344437 29.3023616470266 29.3766995315303 28.6544685756141 28.0815200436009 28.0675484090884 28.1013542468216 27.5249019810164 27.4779599309145 27.183971413053 26.638720525511 26.3360176939505 26.0505824540266 25.6980307492808 24.5537435838632 24.2122507861219 23.9809579909682 23.6125732278485 23.3632954648879 23.0493116250591 22.7627689228002 21.9190011248729 21.295941557899 21.3009144394347 21.0271171541912 20.4592752398907 20.4404855340311 19.5406719365368 18.8556848141861 19.0154126063883 18.8525231394473 18.2604073505678 17.5769923125393 17.2995112999513 17.4558343642994 16.7655054916567 16.8939953879255
30.0293954903912 29.5903194908513 29.4783616651598 29.4642441299264 30.5907139752864 30.2056131628929 30.197206700654 30.1817991419046 30.1711201467566 29.8490245282626 29.6619186381961 29.5316896864774 29.2528956735272 29.234899848506 28.6405171457901 28.8069589828216 28.7254454846208 28.392933943396 27.4968317789737 27.4933371525734 26.9914523423137 26.5954944074688 26.6703299070352 26.0522255950097 25.6678985425279 25.1545937432786 24.5089510612212 24.26386768456 23.6892465195939 23.3543612240639 23.0915085130156 22.7594508475402 21.8728766847633 21.5349352039044 21.3206629428119 20.9602953441283 20.7758527707755 20.4150127423413 19.8306954198283 19.1734153017275 18.9225766995674 19.0116006749616 18.6898225918465 17.6245100918142 17.6005627342027 17.4636817224739 17.2092220553274 16.8726497210946
29.8646408843265 29.613986111043 29.5843146792035 29.5445895663787 30.3172276024653 30.0655324599458 30.05765734247 30.1897328681748 29.9213184965202 30.2898388955483 29.5467161546806 29.3121639060259 29.2952405716892 29.3478911603115 28.7179110048066 28.7387017908433 28.6908490107361 28.1385900063823 28.1571477690411 28.1439346985083 27.5906761515906 26.6675741171661 25.9416532545804 26.0401268358035 25.6420414732451 25.404775328632 25.2599942212145 24.2353629016899 23.6368437647568 23.6480387246137 23.3448666893784 22.764254650376 22.7329462784857 22.2074734208059 21.3452506466475 21.3304874222643 20.791221926368 20.6861063360325 20.4043360439694 19.2383866389841 19.2273546751311 18.8874550129793 18.6650070145765 18.3972614616639 18.276612220307 17.7750348727285 17.1041399779722 16.9920489422717
29.551837793874 29.548283423207 29.553086657503 29.5395371388033 30.0047870343761 29.8551686876483 30.0358264889292 30.0400528397561 29.535492284208 30.2799063377891 30.2224653752061 29.8934841285542 29.9830208879173 28.9931675695533 28.696642018397 28.7431757560187 28.6635751892115 28.1389250283477 28.1241549875627 27.8278418505174 27.5629128555524 27.193824588699 26.9558957715508 26.1104214474374 25.7487628067456 25.4466144019143 25.2179737075841 24.8771315841894 24.0024480468985 23.7016715928413 23.0379905349258 22.8068033134904 22.8213017553959 22.2638102907645 22.275870452021 21.3586680924451 20.708108271616 20.7092989104011 20.4475588643175 20.1812943064728 19.7926956574146 19.1720295627586 18.5922396979302 18.6888463865246 18.4203795244273 18.4120603211778 17.4824838349922 17.1709703596896
29.2734478268174 29.2729086202685 29.303762751111 29.5585822989371 29.8718192893698 29.9263279526854 29.5815012304522 29.5680701436033 29.5589961934929 30.2385433012574 29.9144442804842 29.9144442804842 29.9340305153051 29.6383850986464 29.3598707425866 29.3443651289929 28.7975216763749 28.0959447479133 28.1168853759354 27.5121879491378 27.6179080092305 27.1862368036501 26.9542752377113 26.658481113941 26.0547074086927 25.4417850312115 25.2292629587564 25.1641530679173 24.6545220566894 24.3180322609196 23.3862895484515 23.1077595314935 22.8034833053113 22.5779609694504 22.2884006701938 21.9156220733117 21.0307762349046 20.7443724426091 20.5828296123754 20.1137750356887 20.1405600014707 19.2436091672585 18.7883847128051 18.5350218595586 18.6825250265132 18.4060302405496 18.1054468860881 18.0957344497957
29.0212467931671 29.5687245490248 29.9786417777386 29.5580905177863 29.6576340897689 29.6129522619211 29.5619580749329 29.2454991807426 29.9129039911796 30.2497648224635 29.9496050592172 29.9429546099443 29.9769947155645 29.3882722860229 29.3763394706884 29.38150240761 28.8288504141151 28.8018045874246 28.7567400797604 28.1638518031755 27.6174326648638 27.2548640562036 27.0356781802047 26.6736230153423 26.7030563420129 25.4637015150277 25.2077311475376 25.2442087267035 24.5371645264686 24.2875645404923 24.0328583509709 23.1525492303073 23.1481745365504 22.5166528281033 22.2846978662923 22.2462833344848 21.5982378594125 20.9810771687074 20.6628882490173 20.0352690263149 20.0103389935171 20.1620402390257 19.4903604065359 18.8088810497542 18.6180423406003 18.6597107239769 18.0553341996598 17.9881864196878
29.6378807913632 29.3848782669678 29.3625611163783 29.2134444560296 29.2526438054599 29.6556407251332 29.3741929356487 29.3542198717479 29.9823888889461 29.5903140438067 29.597174362759 29.6655845007461 30.3451466516105 30.0404077762151 29.3745085087629 29.3855100744744 28.8660664048701 28.7551887799643 28.8250281073464 28.2356354177547 28.2429204488256 27.304309442285 26.9711673574675 26.7330091674382 26.6430922305457 26.1036868778566 25.4861923690752 24.8936904716579 24.6252505014356 24.535469086745 24.0595475963281 24.000298809707 23.1230199022406 22.477800297196 22.5789598607425 22.2901949326597 21.9192603093511 21.6370398426699 20.7409035358484 20.4980075083199 20.0065722454541 20.0631744372346 19.4926650461474 19.4614417348626 18.8244511888349 18.6546222216285 18.382962881405 17.9757867025259
29.0519884130971 29.0059497786396 29.0940316218181 28.9619143437306 29.4086271837984 29.0582576369322 29.0602022399625 29.9762344738308 29.9319322095258 29.6051987354343 29.7166600423318 29.7238376950947 29.9880444441321 30.1470260678718 30.0264671747233 29.4668340646792 28.8107312231319 28.7247455790458 28.2252532097737 28.2344085714224 28.2603670492317 28.0186722527477 27.6657649594551 26.7470183708812 26.3469338758399 26.1283014334429 26.2333340039567 25.5005255301125 24.5928066389341 24.5883783874946 24.1237588632204 24.0559723859564 23.7694843144054 22.4605601349265 22.5357065590646 22.3017086773868 22.0206182201406 21.6273874889166 21.6461568200491 20.3900353746817 20.2873607437185 20.1383269372226 19.6841538876668 19.5294895805383 19.5035883596605 18.8804947535822 18.3892552255362 18.3372198842049
