wc0.5/PCA/Component-6.asc
NCOLS 267 
NROWS 470 
XLLCORNER 79.65 
YLLCORNER 5.91666666666689 
CELLSIZE 0.00833333333332575 
NODATA_value -9999 
[rows 42 to 62 of 470, columns 94 to 140 of 267]
-37.520619974051 -39.7423017808198 -39.9958345510932 -40.6366407130521 -40.9281217989961 -41.3516029003857 -42.5333926194884 -41.1007677394362 -41.4095376500936 -40.8117728482462 -41.6367586479112 -42.9699780637555 -46.4780313729346 -44.0714303618874 -46.3630448956929 -45.3278888178049 -46.0456288631429 -47.1650787594366 -42.148190902717 -9999 -9999 -9999 -9999 -9999 -9999 -9999 -9999 -9999 -9999 -9999 -9999 -9999 -9999 -9999 -9999 -9999 -9999 -9999 -9999 -9999 -9999 -9999 -9999 -9999 -9999 -9999 -9999
-38.5180181950358 -37.8709522748828 -40.1068208846105 -41.8692669315233 -40.7314463480924 -42.8138436143481 -42.2557660923719 -42.1614457977819 -42.1315975924729 -41.0695197999941 -41.2390693297532 -41.0782142833796 -43.1980228041876 -47.4582732283579 -45.8475086282682 -45.9659024690564 -45.8964477166816 -47.243370165382 -45.5894946352309 -42.6111794277214 -45.0648061145156 -9999 -9999 -9999 -9999 -9999 -9999 -9999 -9999 -9999 -9999 -9999 -9999 -9999 -9999 -9999 -9999 -9999 -9999 -9999 -9999 -9999 -9999 -9999 -9999 -9999 -9999
-41.110977707149 -39.365463390514 -68.6835684332288 -42.2033791523553 -41.9322658719429 -43.2540296881878 -42.7359471091696 -42.2226032142471 -41.4115232170282 -42.1423386759177 -40.4442269173587 -43.662199737471 -47.6851913390311 -47.0484071235835 -46.3694149869514 -47.2234649025148 -46.3581038760975 -45.0405355268665 -44.1371717658105 -46.6316232590937 -45.4392068618286 -44.505505453459 -9999 -9999 -9999 -9999 -9999 -9999 -9999 -9999 -9999 -9999 -9999 -9999 -9999 -9999 -9999 -9999 -9999 -9999 -9999 -9999 -9999 -9999 -9999 -9999 -9999
-44.1815763585133 -43.8925357607489 -43.8156794181506 -72.4920504435884 -73.9968725439488 -43.4931078824698 -45.5673198850484 -42.4226025198514 -43.0847132442487 -42.2606176966784 -41.2597155811325 -44.8771699201635 -46.7106852602138 -48.5581581046895 -47.7229458834332 -49.4421105186984 -44.8638475369377 -44.4387401721825 -47.8731463439242 -48.0604576250288 -48.8160847242368 -47.4861859629192 -46.5691859679274 -9999 -9999 -9999 -9999 -9999 -9999 -9999 -9999 -9999 -9999 -9999 -9999 -9999 -9999 -9999 -9999 -9999 -9999 -9999 -9999 -9999 -9999 -9999 -9999
-44.2227530632355 -44.7000517095545 -44.4194603397691 -44.2787800790346 -73.2250066725449 -44.7734973649905 -48.304080459252 -45.297275128295 -43.5272386415067 -42.9936994584348 -42.2599169109784 -45.3731180732123 -43.096953431394 -48.5473013690327 -44.372323417114 -46.2127576061107 -45.126582740486 -49.5880406687439 -48.4297247537392 -46.6165232647761 -49.0788199277851 -47.879705870541 -47.3504177598374 -43.3495660734929 -9999 -9999 -9999 -9999 -9999 -9999 -9999 -9999 -9999 -9999 -9999 -9999 -9999 -9999 -9999 -9999 -9999 -9999 -9999 -9999 -9999 -9999 -9999
-44.7720658616765 -46.0652238615458 -44.0345085811609 -43.7004074024452 -43.5900544741569 -45.1225128931185 -45.1253998187175 -46.31307264556 -44.0445057940646 -47.2533813944363 -44.8579679944487 -43.4169696240631 -43.8150212942167 -43.3512229234161 -45.5491548078198 -45.2008630356922 -46.2100037212829 -43.2031891383859 -44.1950009263089 -46.6946119644018 -46.5729231733194 -48.4016122292243 -45.4434125068672 -43.6906117915631 -42.9843315223794 -42.0711434283094 -9999 -9999 -9999 -9999 -9999 -9999 -9999 -9999 -9999 -9999 -9999 -9999 -9999 -9999 -9999 -9999 -9999 -9999 -9999 -9999 -9999
-44.9756292156942 -44.490257777732 -46.2897483327725 -45.2927867283785 -44.4780751459418 -45.3025314869797 -45.924440594178 -45.6982488270266 -44.1291185978115 -45.3156883172686 -46.2804546360456 -46.9285534852479 -43.4451236956812 -43.5013933119683 -43.0810793804123 -43.534408687111 -46.2012974764982 -43.0074530417925 -41.4445516381727 -45.6996869693214 -48.4588751502009 -48.3482018686812 -47.2796583485178 -46.1394989440918 -45.0711112766106 -46.9699817955854 -43.6183767490719 -9999 -9999 -9999 -9999 -9999 -9999 -9999 -9999 -9999 -9999 -9999 -9999 -9999 -9999 -9999 -9999 -9999 -9999 -9999 -9999
-46.5421704840192 -46.6923730686013 -47.6645477268336 -47.476039990427 -46.9186895116028 -45.9051871091594 -47.4494631948585 -46.5385134898958 -46.3669479999704 -46.0579479277834 -46.2130979107928 -44.5014573958808 -43.0795970464631 -42.9514771195716 -43.3412468603909 -43.0193185699914 -43.2207807048625 -43.9585831266338 -50.895412604177 -47.9867773767304 -47.3123467628051 -46.1679838488921 -47.8063595579772 -48.2884502709364 -45.082741276738 -45.9969308408521 -45.2362544971758 -43.7228773391186 -9999 -9999 -9999 -9999 -9999 -9999 -9999 -9999 -9999 -9999 -9999 -9999 -9999 -9999 -9999 -9999 -9999 -9999 -9999
-47.5813974286106 -47.8007543555985 -47.4407171678761 -48.1556793552097 -46.6203031274674 -46.2770702746295 -47.9940722669463 -48.620573297047 -45.9378785519041 -46.4101778084315 -47.8903359403553 -48.2366490339481 -44.8709118163526 -47.5913784164225 -44.2991765406173 -43.4003327943005 -41.8089016778032 -43.6349079732096 -46.5529172630264 -47.9474083772183 -43.4529259178108 -45.4297600505471 -47.6973587913945 -45.6958496964832 -47.4283360805721 -47.1080403289198 -47.3759967800247 -46.2047710256241 -48.4926659929782 -9999 -9999 -9999 -9999 -9999 -9999 -9999 -9999 -9999 -9999 -9999 -9999 -9999 -9999 -9999 -9999 -9999 -9999
-47.2980164530283 -48.5012468206572 -49.3896410075543 -48.3536255570749 -47.2786166924912 -47.0796066289778 -47.6458309152449 -49.0053634434092 -46.7479622242794 -47.6440238085642 -47.9061957666089 -49.3462072211848 -49.9004967601906 -45.4143229756001 -45.9864244030669 -45.9049304289336 -44.4954079786054 -43.1750010777435 -48.4981730293316 -43.8301429827464 -50.6974339827608 -47.5280836877532 -46.0733179674522 -48.7401264434952 -46.6479690234153 -47.1975364526399 -47.1295911983193 -47.4212537315106 -48.8726838924436 -46.678752580709 -9999 -9999 -9999 -9999 -9999 -9999 -9999 -9999 -9999 -9999 -9999 -9999 -9999 -9999 -9999 -9999 -9999
-48.8632408819851 -49.878058012285 -49.6201145603157 -48.1828852173918 -48.0006766348704 -47.4277119233313 -47.405936233156 -48.0691108192014 -47.936492397394 -50.9933402013008 -49.6378605466385 -44.561723230544 -44.6830364792977 -48.8042229581954 -49.1419448215651 -48.5805632402227 -49.333419597347 -48.8509175298105 -49.6436956298403 -44.0028688893641 -49.0258939763556 -48.9052619582395 -49.2931676829839 -48.7401264434952 -49.8224354472365 -48.3519239131909 -49.3610562749592 -49.4985833643227 -48.1823332149701 -47.2825335023275 -48.132217823222 -9999 -9999 -9999 -9999 -9999 -9999 -9999 -9999 -9999 -9999 -9999 -9999 -9999 -9999 -9999 -9999
-49.8660099354008 -49.9335914477913 -45.680856058125 -47.4609450336771 -47.2669714509683 -47.7906088365841 -46.5703990703871 -46.6894258219387 -47.7100843602253 -44.6669214299731 -72.7910424539899 -74.4489183028639 -75.9399145258937 -49.3818913960878 -50.5062104037473 -50.4527802478699 -50.0870201970396 -47.8834516100323 -49.8103611389108 -47.7499964915877 -43.6157054979943 -49.0683145539522 -48.2249020975646 -49.3273475616834 -50.3629395014228 -52.699460500677 -51.1043836490055 -49.8070891032852 -46.7440479489535 -47.4599843726189 -48.7286587743741 -48.9409564075816 -9999 -9999 -9999 -9999 -9999 -9999 -9999 -9999 -9999 -9999 -9999 -9999 -9999 -9999 -9999
-49.5472496980375 -51.517602674823 -48.528614957668 -47.0142079666541 -75.0544003723699 -75.9167437958345 -74.734924196197 -46.2377799566187 -46.594249903903 -46.4737096323439 -46.6501963738216 -73.9821134679758 -48.0239599521085 -46.1359108517828 -48.0282867684261 -80.2113309519706 -79.5436419552469 -49.9321062462139 -48.9049803071827 -52.8202154470364 -46.2894915782669 -45.9081498281061 -46.5083988973412 -49.4194943504844 -48.871932109605 -53.208590065347 -49.7983123494545 -49.4303950585204 -49.509935008846 -48.091992722198 -48.6205000545433 -49.3219706318906 -50.0051259296791 -9999 -9999 -9999 -9999 -9999 -9999 -9999 -9999 -9999 -9999 -9999 -9999 -9999 -9999
-77.1616512393906 -47.5967777186616 -45.7230385126697 -47.3928708188802 -49.5418973015111 -48.5979762036275 -48.92523833757 -47.0032146798987 -48.7426144037442 -47.9410528544161 -51.7187714655661 -74.7755586255078 -50.2363797415313 -50.3589955047293 -49.3650017631583 -76.6069092418169 -46.184666417659 -47.1647555625361 -46.3854881002402 -47.0189599431964 -46.9096962459678 -47.6137064982812 -46.5984081942718 -49.3121181834448 -53.5849167703407 -52.9054316836498 -52.258787006371 -50.0280442081557 -47.8157067771249 -46.7370724802953 -47.0134610911906 -48.4820387542064 -48.8146968319867 -49.0257431701171 -9999 -9999 -9999 -9999 -9999 -9999 -9999 -9999 -9999 -9999 -9999 -9999 -9999
-48.1256269344413 -77.5914145997259 -46.5185052156334 -48.3351297349992 -48.565904218028 -49.6709635075992 -50.4028428281368 -49.8570426589253 -48.7764299011661 -74.2408296282489 -48.3629919584397 -51.2768983407882 -53.1838577732315 -53.7154975944519 -49.5407770983587 -53.8448452245092 -49.4428690996165 -49.3327749545779 -46.2644545955472 -48.2383146502128 -51.245294414745 -53.3821189662582 -52.8635065139051 -51.7149354653487 -50.918160599988 -50.8530903719372 -52.696912893719 -49.6915517805899 -53.0281070561017 -51.5029672286187 -49.8493171639686 -49.6027309627809 -48.7352654852835 -48.8275751533557 -48.0143363414422 -9999 -9999 -9999 -9999 -9999 -9999 -9999 -9999 -9999 -9999 -9999 -9999
-45.8559030997052 -77.2558467844355 -77.6203962300073 -79.2251683832684 -50.0991329271398 -50.4058834015938 -49.7996407114647 -78.8741398142342 -78.5379120783751 -52.3053328478057 -50.1298688937751 -50.5568239653435 -48.3333075030191 -54.6249745288913 -53.941925393787 -52.6519792274797 -48.2095169983468 -48.2300011581348 -47.7418655878418 -51.9718192194719 -52.1254759037618 -51.2426455439071 -51.4913688722605 -46.8248358946763 -50.9299566899552 -51.0651457565559 -53.8567300976086 -49.7534791254119 -54.2230049660521 -53.1596104056307 -49.3667539960195 -50.1067823268616 -50.3605867096968 -48.2283475222414 -49.1071359291089 -50.9490047467097 -48.9275149400553 -9999 -9999 -9999 -9999 -9999 -9999 -9999 -9999 -9999 -9999
-49.2843404129858 -77.7171831426219 -78.310622400143 -77.5159276138645 -48.9503832620841 -50.3359082451453 -50.8034327760232 -48.8584055328321 -50.3512107066128 -48.488570196959 -53.7786491808575 -51.8372629411399 -51.2011345601682 -55.7615034576568 -49.4848181605171 -53.0273765114158 -48.3869678686383 -47.2921003295565 -52.2059188940417 -52.7118743066597 -50.2634611029698 -52.7806178917513 -52.671339134367 -51.4808109544589 -52.258733328739 -52.7408254592752 -53.0357896895765 -52.7787145149912 -52.9738123822022 -51.9003950363493 -52.6555527273716 -51.4270735755115 -50.925039359112 -49.2448766576569 -53.2318782390468 -50.806139267991 -50.0865710668132 -49.5504132893446 -9999 -9999 -9999 -9999 -9999 -9999 -9999 -9999 -9999
-49.1956881333455 -48.4544232242064 -47.1243890566595 -79.3152346418605 -51.258497116969 -79.2730129060356 -49.4026269333651 -52.0136596503885 -48.5065761010121 -77.5515752362057 -53.0585748054128 -54.4427570701681 -77.9296817069489 -56.1516966220125 -56.8706661031543 -52.6140404628963 -49.1960920567364 -56.8669164247862 -48.5575066404883 -55.9369079174431 -52.5177872450544 -52.8023924914634 -53.9670686153763 -52.6797621558427 -51.7954488168143 -52.110760380761 -52.7416892746508 -51.4694324039425 -52.8081353908852 -50.5582765184226 -51.6256855183196 -53.4461418888309 -50.3018653489825 -51.1248061100176 -50.558661230089 -51.8107595836893 -50.9603798792235 -49.9891534304272 -48.625998426117 -9999 -9999 -9999 -9999 -9999 -9999 -9999 -9999
-50.4938810999921 -50.2342516392992 -48.4067631304365 -51.3014271140693 -55.4850480684847 -51.0393603477195 -79.6161103200861 -49.6855733891652 -49.5081225188737 -52.8574364476756 -57.4188169698981 -57.0854939149048 -54.2750546073474 -51.1016421946956 -51.6122123999326 -50.2142905779631 -56.1668227610846 -54.2459960442278 -56.0618491556221 -48.2485958569902 -54.6049261754209 -53.5789073385693 -54.1245532620133 -51.3025199999019 -51.5492217345395 -52.750945760205 -53.6602865281268 -54.5144832924462 -52.6733178040146 -52.7282344221925 -53.0117911203552 -52.5508752205676 -52.9429262113311 -49.5946480621976 -51.676069185614 -51.9900417428236 -52.3061005591093 -50.7278705123519 -49.2877217614625 -48.9409475953076 -9999 -9999 -9999 -9999 -9999 -9999 -9999
-52.9734732556432 -51.4053422368054 -52.3234689767996 -49.7478036180444 -52.0956164989892 -51.6256458689465 -81.0286149311944 -51.8128414978391 -55.879031937951 -50.1334680971236 -54.4128081655843 -55.1060121317958 -49.1658002713309 -58.7694709856041 -55.7494423537792 -54.9785693238739 -58.3017010848334 -53.7238678706484 -57.1584343526521 -54.5176396971996 -56.6426267683873 -52.7341775033681 -54.0115375740751 -50.5117800665878 -53.9157179238502 -53.1071334641706 -52.1839246894717 -52.1704775753477 -52.2601541668513 -54.4570627496647 -54.5362153109385 -53.4250624737193 -53.2758813701268 -52.4264151899041 -50.9598289838111 -52.0111492423059 -49.9676899159774 -49.9486242873765 -48.8365901824523 -49.872847749422 -48.3501178624058 -9999 -9999 -9999 -9999 -9999 -9999
-52.5926429741163 -52.3311372063717 -52.1535706838683 -54.8083571783616 -55.1772177144636 -54.4711068870269 -50.7662936959451 -52.7386502500259 -56.9912553160987 -50.3963003542841 -51.5204237636719 -57.074562813637 -79.876709322193 -78.481477498034 -56.0148382103669 -56.0188460647144 -55.6513203773545 -54.9071574679568 -58.3385534316178 -54.7537136959951 -56.673428477963 -50.8487537520492 -56.2983190037799 -53.6342004813105 -55.2419179785146 -50.0159882271289 -53.3546103106403 -55.1476171747814 -52.8736538301023 -54.918999048654 -54.9112301198071 -53.1477418956841 -52.1791097578926 -52.4546608225213 -51.8746630767442 -51.3415000550074 -50.5077456975609 -50.6350504442462 -50.2620965883216 -49.3835860357685 -47.9318952133512 -48.4719297576143 -47.8252850803354 -9999 -9999 -9999 -9999
