wc0.5/PCA/Component-5.asc
NCOLS 267 
NROWS 470 
XLLCORNER 79.65 
YLLCORNER 5.91666666666689 
CELLSIZE 0.00833333333332575 
NODATA_value -9999 
[rows 210 to 230 of 470, columns 141 to 187 of 267]
-265.190728982654 -255.617906677863 -253.375479671376 -302.105592136947 -270.459481914081 -299.484997166605 -294.059432173424 -268.771102989192 -310.492715441978 -302.271049183507 -307.711883851184 -303.96108561573 -303.385951497546 -305.644276410412 -305.330927877008 -300.409294209604 -300.299135707455 -307.204191324096 -295.836740289008 -302.127272933607 -300.808466936652 -306.767354490545 -315.931920555858 -302.812372348932 -303.413406489761 -301.992612817663 -315.122069382915 -315.19661207215 -315.858784481836 -308.117804027606 -324.73922159699 -320.737487987085 -300.485016230529 -295.833426084525 -314.114383680897 -317.216276569008 -316.996962145748 -315.039723988752 -326.435951833916 -320.559620000663 -319.041732948027 -311.861586312922 -310.585466372321 -317.657691296957 -299.967812980887 -315.532446190519 -305.478884003105
-261.087322426283 -264.832884941854 -255.795272260743 -269.336339931704 -270.592431407597 -300.912863054012 -300.838877066351 -299.130434140708 -260.054044914935 -269.856969048565 -299.931702595257 -300.895103308221 -286.703869238061 -308.709808741219 -305.194251582514 -302.675823397804 -302.399684568509 -307.333461009986 -294.196399077007 -299.268114417845 -296.217314139927 -310.482734826572 -316.064870049374 -315.782950184537 -305.941317663658 -303.052859519334 -302.563867581244 -310.120311117498 -314.955813265091 -306.89743469675 -312.172646994313 -316.633908475233 -320.692340253138 -300.02751391588 -314.857668931993 -321.940273340159 -315.624809773925 -313.190703975676 -306.458176723723 -319.041440953579 -314.312434996249 -303.875437926122 -303.051905752865 -313.644308561972 -297.450160035182 -304.653391524417 -300.864129332453
-262.236632994351 -295.522156377386 -249.836112040631 -300.070974424954 -305.472179181481 -302.113354764446 -295.466784031109 -286.626438622181 -259.450795696512 -266.199218736705 -301.504375373062 -301.063152935173 -293.842581809355 -299.308674179043 -302.913065173353 -287.729626291925 -300.768258767814 -307.699637237224 -302.591009930417 -291.253240016553 -293.315849928025 -306.761167655318 -320.022668309956 -317.618786082781 -312.55575266185 -303.670109632814 -299.113189342636 -310.780430498388 -305.078805288676 -297.103493121882 -309.560089037625 -304.668986466308 -309.561149946497 -303.240866498363 -307.338390096296 -309.719866589349 -311.706984605439 -311.83783661782 -309.964520537464 -312.259448702216 -309.963834588206 -309.202384376764 -303.005261773396 -308.191276231312 -305.165716315335 -298.903284766631 -300.005296378241
-259.740351507681 -264.731379603462 -263.245348668747 -265.330499145904 -299.849438440022 -270.459461851101 -294.259704160262 -258.201352669123 -279.004450897682 -291.579360534935 -286.98997733724 -292.110080615344 -286.6899216481 -308.749326334578 -303.726538973146 -292.7629464408 -296.314643446676 -304.85736674254 -294.879500468822 -288.676196428756 -293.027499888175 -293.642202403009 -312.197782215451 -313.259221872094 -312.538781643327 -306.568044301249 -290.188283016061 -294.992236663525 -295.93609475029 -305.113626348383 -308.607557934062 -306.880068694531 -316.598481070235 -306.852761455907 -310.221163540357 -300.56630750597 -305.928143357027 -310.272007970242 -314.538297869159 -312.120976287009 -311.674953254229 -306.484596582198 -307.214374899283 -301.829234985792 -298.167220465515 -302.510881855042 -303.701784371437
-261.368079154191 -250.787432581837 -267.763628517942 -265.897094452794 -292.474657525338 -260.566789906151 -267.668357531709 -269.988392364772 -260.126172972657 -285.088490927775 -292.263522577781 -290.804943969204 -280.497714408767 -295.225163253498 -300.119906740534 -287.401742545879 -283.914215402926 -295.214581981732 -298.104704375236 -290.42070618341 -282.217589360231 -298.625883285296 -295.53200669133 -313.173565870582 -308.7757614231 -297.798007042364 -298.266849025801 -290.707165505351 -290.98419337476 -298.339288941601 -290.077872822457 -306.466051429851 -303.467151524789 -310.147043866308 -309.821623825688 -306.577279846543 -304.67376829733 -311.341010851338 -307.113237689758 -307.322656720199 -311.63330162369 -304.10348114858 -305.976092210219 -294.073019023767 -297.646627080597 -301.163528014188 -300.922610532225
-261.510774653153 -266.205412174999 -262.432370489683 -254.73096678927 -297.699936566924 -292.413587395711 -296.81215116712 -261.943716161403 -260.51893291539 -284.13248683654 -296.014720206024 -296.751810816523 -286.790589752372 -282.02307072759 -293.652075867428 -294.918974685466 -291.267637901336 -292.911383903902 -301.615041776957 -292.911966805854 -290.768678584007 -285.785838830752 -285.722933513984 -299.200415280641 -307.310312293294 -294.000340725337 -287.263331754706 -295.54088450978 -292.550168329691 -300.131265778861 -298.193687076628 -304.945242668001 -303.482828902413 -316.197777190989 -312.530285977784 -308.009582417583 -299.219022843402 -311.58690164027 -312.438519688977 -303.306660874129 -309.333241354637 -298.687716319355 -300.997049164287 -294.441037982081 -297.117865134951 -291.064607572022 -297.071089209137
-253.222029968517 -255.94149547653 -259.631164157138 -260.635208702011 -286.750188211425 -259.573485819938 -253.09655765878 -291.106413950475 -289.770514170053 -286.80998617653 -262.476828256916 -294.935648762641 -262.830281504487 -296.221731498416 -302.597597178951 -296.944834554641 -293.553089825007 -287.24405869081 -296.51144412207 -295.990116096759 -285.949902471714 -289.52304900148 -298.13633473842 -293.350909718009 -306.692869254982 -292.075630404105 -313.953540006862 -301.717196904802 -290.484959968438 -297.903496821136 -308.041954530203 -300.718766829299 -297.888822408124 -303.33759425708 -306.862589427249 -308.525165366059 -313.698398783632 -295.508154759707 -298.301663070102 -299.758347900445 -299.561223326647 -316.098432097632 -313.11208329126 -291.067893473897 -295.47464052555 -304.031842848133 -295.841126117079
-271.699492776148 -266.658973787775 -266.536967075585 -286.360437480489 -290.343411076153 -260.754996174974 -264.87285078897 -298.924874943216 -251.683822303638 -258.021423703519 -277.093557335256 -289.832777160738 -287.344968735569 -284.369008389861 -288.407734119073 -295.004814281004 -296.582911839064 -284.2634801163 -286.553908804178 -297.386629297438 -296.453057468308 -295.601848634169 -296.621845453799 -293.847884631671 -292.522306411289 -300.460061838427 -294.856813393693 -302.966130244409 -297.754516351958 -297.280874291125 -295.57241495694 -296.327939366868 -298.157786290286 -298.164425462301 -310.428593917827 -309.200459644759 -303.782750535989 -298.805455737449 -292.26078999028 -297.409376374145 -308.329025927087 -309.479386131249 -309.060167620044 -289.399062121261 -296.43143069152 -304.769676885474 -290.901717917389
-255.015853005647 -256.489141214404 -262.608650907429 -254.897068038089 -281.915593423318 -259.37065029298 -260.268165073181 -255.713079460062 -293.641563517488 -290.028456224981 -258.356111776524 -283.047370251263 -292.841462527656 -285.805946079624 -294.553669630872 -295.657456478189 -299.586716235465 -278.157331987546 -279.813717613571 -293.857822508972 -294.486482741936 -295.357257773129 -298.117755498442 -283.630080354099 -289.274224059116 -293.129987808994 -306.682197682952 -295.446102561083 -297.357097951913 -299.165699134943 -296.064043334032 -289.881617750077 -293.191347455813 -305.41597913361 -294.542782929491 -302.269536558733 -308.656963835572 -289.29761450488 -297.9384173935 -294.548206812887 -301.251668898149 -285.246738089733 -302.267932272556 -301.477744582346 -289.941032973838 -293.592146258506 -297.516176050965
-253.947612381644 -260.138147027572 -269.351989163188 -256.154767825566 -249.64090782283 -258.237379069839 -262.407653340513 -261.384169311992 -251.726646950977 -270.594974100679 -285.354948603817 -279.00761979304 -284.977817623355 -267.488715831249 -283.42625597399 -283.721675822469 -296.650922244021 -290.980997415686 -297.969771275763 -277.652512589805 -286.429568016702 -296.548904739893 -301.630179242515 -284.142035233615 -286.106054474656 -302.428571782927 -306.593285378368 -306.340813536705 -305.465130115281 -285.289367691857 -281.932121545248 -294.359401290069 -289.689377907157 -301.783936718451 -294.585341813352 -297.258359550788 -304.253392745249 -295.632333796638 -295.334144933545 -295.160137826905 -294.376443622418 -294.474402729403 -287.418736469826 -290.887114688778 -288.964990375961 -290.751041232382 -299.486372055322
-256.719930258811 -250.472182195664 -251.705533629681 -254.951057292834 -251.057545382853 -251.488180546271 -256.429474988736 -245.767075015046 -259.108759021798 -253.538786370732 -284.38402390432 -279.844513477824 -290.182891509193 -294.124528374217 -288.978841900067 -287.631722609188 -293.210275108409 -293.683078961498 -289.130135244781 -286.056175932029 -289.075466319618 -296.49536896548 -295.113808546445 -290.784804560251 -284.285458980227 -284.204578525394 -307.662857791115 -303.674628650278 -289.999037284373 -288.094723401524 -279.965703926273 -277.288636932587 -285.547085225564 -294.700974153366 -303.226514510661 -295.703130672421 -297.17409056766 -295.899670609753 -301.164320985116 -292.26237153894 -284.13822895225 -297.990968320603 -290.094867487844 -285.944322941066 -286.388517507912 -283.0937675498 -294.304761633386
-250.645236628506 -244.328190033169 -251.486358284547 -256.463516876574 -257.240824438499 -249.34599876701 -259.050396077123 -256.692409712022 -255.457850257277 -256.789979773523 -282.864145033038 -255.813858945729 -279.547749829417 -283.01813326263 -281.393674891451 -262.253156212753 -287.128614437534 -290.004495903596 -291.362374896769 -288.198955041795 -289.301844978035 -291.03565950615 -291.643261967878 -291.886242511598 -291.211045771808 -284.52946274822 -287.825006362141 -297.228884668995 -292.757733323149 -288.612619984481 -296.378773174482 -290.82756222578 -272.656263776643 -289.749223290301 -295.949981756914 -291.03745325412 -297.728962625668 -296.319797053531 -300.273735246102 -295.39694399672 -285.489350408809 -283.320160284989 -282.053966489091 -288.152803561618 -290.496061296717 -294.996410283781 -296.881739839917
-261.17858572774 -253.327475216802 -268.025306412404 -257.215979024623 -256.170319639105 -252.650438798061 -246.095226529788 -263.161455310506 -263.442496085397 -260.869456062783 -262.722539857831 -247.571079378063 -291.330538200059 -274.935241956758 -293.527381497652 -267.218138888202 -290.150037076354 -292.746516415049 -300.039495784443 -292.033518396923 -296.205984473255 -290.572235816946 -295.583491961789 -294.935705311828 -288.644779417407 -283.683734710967 -290.208099775345 -287.931826856868 -288.102138124252 -293.110105504213 -287.071002287875 -298.322186873494 -281.099570834578 -296.519636400545 -297.140740159111 -296.634031907845 -291.950470220554 -296.861924281718 -297.932240903507 -295.792762618643 -289.337404941167 -287.498666860394 -285.213285728266 -284.526370221397 -291.406531174405 -274.160141324847 -291.009091811373
-252.661816186817 -254.138312933343 -249.929342262334 -254.783144995705 -257.979206802672 -258.135151819543 -259.556338784156 -257.475217773173 -277.626240462289 -280.431328476955 -281.920610362307 -267.89623797525 -284.229800288491 -283.518307389551 -286.440206497706 -260.989346031132 -295.94965948487 -280.586159691476 -290.762760631652 -288.438020429835 -291.407859919073 -288.064398146691 -293.802309601448 -293.326383589403 -285.741412839758 -288.212829918162 -292.494194351621 -296.629685291102 -287.694178999159 -305.057429238345 -299.067413926337 -291.816720063832 -288.655196123643 -299.826580643322 -298.511092034295 -297.273114480252 -295.732359576768 -294.712722963063 -290.949676513142 -294.869061490463 -291.9118583163 -288.969584586927 -282.240949747853 -281.379381968152 -282.616259358731 -281.959851011092 -274.972850273959
-228.992515025137 -238.101081553617 -237.719341172867 -265.789605742039 -259.433235951753 -260.472150282246 -255.650830762286 -258.48255441873 -261.859390838058 -259.582890775652 -260.10795448298 -263.855162427809 -258.097932776962 -272.898274617873 -284.016780445915 -259.517645813179 -267.87071476106 -284.138162836207 -278.944437137909 -287.638134177881 -293.26579823297 -277.664102154663 -286.059766775988 -296.190551445595 -288.576224429934 -276.298397904023 -286.90445141091 -290.137467382874 -292.01109601426 -294.37922365638 -295.770923878977 -289.667435747732 -290.665326755896 -283.139888388848 -295.02894623783 -297.049026247322 -299.700223142601 -288.978860859709 -293.57260732731 -286.998096529762 -292.370165002927 -288.92937078247 -284.580232917178 -281.737442468125 -279.097254595303 -284.184464516745 -272.657332156911
-229.888723459697 -258.080836099768 -262.574494795523 -267.966698145687 -261.387885455128 -259.803513541113 -255.343326160795 -248.203077940788 -260.709162007286 -263.116729617058 -289.491692715961 -256.919889884264 -263.9757391878 -277.49180779675 -283.351736749905 -247.410769416837 -279.109553134567 -294.978110201595 -287.30747012528 -296.272337887064 -287.948652905982 -293.307802314524 -288.591719205324 -296.584297294663 -293.896822888052 -289.585585231714 -287.471708439315 -281.880893384359 -297.718673330643 -288.53368204474 -287.480967850916 -294.10640843249 -293.320455888685 -286.985628227492 -295.81196473144 -284.249948352558 -300.526158814702 -283.68811080451 -283.031313700263 -291.86203909856 -291.364682566605 -283.263204391523 -273.052231502603 -275.040833719351 -272.648669307231 -281.878869247668 -267.264145153741
-220.712738161143 -262.806098707045 -257.284897807121 -159.075557205711 -266.09177299332 -261.718692045251 -261.133410032966 -260.486973159916 -250.366467325288 -246.778168849799 -246.007120246865 -264.550502024982 -262.957188969936 -248.406311350341 -287.879109964357 -267.870782383444 -284.579554660689 -290.826569643679 -289.047637079491 -291.368138256789 -289.460315129959 -280.244901114523 -278.767626183502 -294.970179841965 -289.133855804944 -284.070449301265 -278.429309207599 -283.471667579475 -282.118963389908 -281.385884022148 -289.116166321695 -287.357531214798 -290.659521137189 -285.280436943158 -279.490765810618 -294.604241749545 -295.535994668376 -296.157316783271 -280.490111728976 -288.799625573471 -280.713473951982 -272.72677157862 -281.279574856969 -274.366673273741 -273.925702779877 -274.712917729788 -281.782626463161
-227.411385435129 -239.74700893963 -261.018897867763 -251.199720732981 -258.729530621609 -262.293969484516 -263.929315492574 -257.922782414348 -258.107516230536 -256.934726043525 -254.549566326014 -264.122357395544 -290.850260872332 -284.893407493894 -284.398367875678 -258.70227778522 -258.849174837695 -279.615570087228 -286.48868051503 -286.433748719304 -294.338456694916 -295.48423769457 -296.480474082308 -281.311659826977 -292.162185814139 -279.25097700431 -280.592675827053 -284.136752339822 -282.661674563218 -276.426056750304 -284.637807624668 -290.851729758009 -293.331063333414 -288.728384394847 -285.69052193115 -290.042746481176 -297.445130388939 -297.337184895801 -271.513549754568 -273.890552992392 -274.491597273431 -276.738035068411 -288.541586952904 -286.909222015228 -275.03566667583 -276.007341240127 -272.394330992186
-246.909199644363 -257.213653748975 -256.453611677608 -276.479350091476 -158.990200778006 -253.284029118336 -270.341967727281 -253.59571999701 -260.969294889369 -254.741079929299 -261.39348048314 -254.273455343105 -291.862154062301 -291.997608291325 -255.147630827253 -252.394413783555 -262.428757767357 -280.762747027776 -291.766061018864 -284.285162659523 -287.913198592321 -293.234806061547 -296.366546060057 -286.644481050961 -293.399012344178 -291.255176642304 -282.182868594037 -277.060580419864 -282.599881563659 -280.968314640926 -278.516960642094 -279.13580070301 -278.849097863846 -290.302437135619 -281.481030294933 -281.184515151524 -292.54014809389 -273.520146268572 -273.054962009156 -278.700648373379 -266.919618970231 -272.142966209946 -280.249010706767 -280.834006164544 -275.712251759738 -269.880729311304 -267.746235444985
-243.13526642924 -255.110341565456 -245.125020462029 -269.221830313607 -272.070943285951 -265.345321793204 -269.639247249167 -263.069690928533 -269.749202011486 -263.12057400257 -250.058906405334 -263.019132520738 -273.483830989421 -290.848278319334 -270.757541657708 -256.253846795519 -280.655307730845 -272.007347032893 -290.653010555425 -286.007161022333 -278.394451094781 -288.561316863539 -296.03221391824 -282.339867397215 -283.391703063001 -289.009831950351 -278.796479498686 -284.512617818497 -280.345702217784 -276.802593222248 -276.560178233637 -270.656502030213 -273.137968257047 -279.210345968695 -277.416704356024 -276.686642861011 -276.836869131272 -287.346894469935 -274.926739434169 -271.16756818429 -263.043303347131 -266.565872705923 -275.871786424107 -277.455545762502 -280.728816924725 -269.336801561921 -265.571311783019
-254.878178137657 -264.398995278148 -269.645493315478 -272.065046982093 -264.179015569962 -260.316735803343 -262.879112407511 -273.522989119038 -273.037020736732 -260.655806617901 -270.163985961231 -263.16195821686 -262.326106637717 -296.332524887631 -295.555956419618 -287.077075246359 -269.475588781144 -290.627405474651 -289.25110670021 -291.635850088831 -287.567442853479 -285.931568671823 -297.460031050239 -292.250271837878 -287.91411564225 -293.704581539011 -288.639461775727 -281.690702413941 -279.907797226029 -278.300575206166 -283.999759258081 -281.66731403719 -274.906185619507 -281.805771018985 -286.220722090873 -276.378804942726 -280.72432678531 -269.341921194771 -271.351310930535 -281.251854466945 -275.519809051992 -270.949140720311 -259.922756147345 -274.519228099899 -277.560988721903 -276.197218674373 -261.78037755884
