wc0.5/PCA/Component-1.asc
NCOLS 267 
NROWS 470 
XLLCORNER 79.65 
YLLCORNER 5.91666666666689 
CELLSIZE 0.00833333333332575 
NODATA_value -9999 
[rows 231 to 251 of 470, columns 48 to 95 of 267]
-520.249581180195 -510.898639169314 -508.766109049778 -506.854852114037 -510.224960536302 -506.194309439871 -505.787810994391 -508.774625909739 -502.170937311691 -499.636425098794 -497.116559954133 -490.433421673647 -491.687482212797 -490.945617574007 -490.563284703748 -490.144310623366 -487.240620890789 -480.574335556953 -478.80844523383 -478.82566189275 -478.550882496559 -477.408386391498 -476.060665553758 -472.827921651189 -460.259201374847 -476.05807688555 -458.135769762244 -462.801077458331 -450.624000894449 -450.520984183656 -430.933478858527 -424.16135720621 -425.027036954621 -421.664670183637 -407.917228246289 -402.009490189617 -349.560955893199 -343.251125130158 -377.120982146494 -371.779333613705 -367.908974095497 -357.277764622634 -351.972411177885 -339.914445784766 -341.338310457525 -333.104001516325 -317.614776784606 -313.66612960949
-504.518838951346 -508.836826371012 -492.956909936008 -499.34234694563 -492.918557811581 -497.278540269355 -499.038851802012 -497.744766889527 -498.358720122264 -491.388552111585 -481.117655255418 -476.937310225327 -478.748916385287 -475.7469402933 -480.971003607347 -485.172330501624 -483.39696206297 -478.998540746171 -471.274194882553 -472.627502633492 -459.922807385671 -428.563553925577 -468.970128108979 -472.395231275018 -461.094024668408 -456.515204445583 -458.631193040991 -456.134009633251 -454.887724470608 -445.278340791984 -441.390954381147 -433.725394796909 -417.747533634797 -407.870764300302 -398.810825259133 -386.762505397784 -376.245122111975 -376.418637962826 -364.704163574824 -372.065173644116 -354.102606229265 -334.760972388199 -327.39755215534 -338.382726306114 -331.598416388004 -325.102573965692 -314.294813953921 -294.354782808601
-496.915234764724 -485.111521442408 -483.641669124251 -480.773664349801 -482.644632238537 -493.437784221054 -489.662768803657 -490.702611472817 -488.696594106089 -482.70182867132 -477.810137801519 -476.508562606828 -468.755538869045 -469.341765972888 -469.385134837272 -470.574720736375 -466.30846310546 -471.169532223427 -463.855320097156 -426.561735554391 -454.789649093378 -453.753380697895 -421.541481439559 -462.018494872836 -416.723951903549 -450.484202608191 -457.310165792653 -453.808540499585 -443.435679296542 -444.065030641604 -435.386328468987 -429.315712248929 -411.745947522953 -406.618208813688 -395.629591093817 -378.247131368611 -384.18452921107 -341.3209874328 -332.108899797342 -359.768493450035 -297.859669695578 -346.181157434876 -302.044119908208 -244.545203547107 -326.19132914788 -317.19213338616 -305.55009099447 -288.99695168752
-478.669568124139 -477.943999969654 -477.317630717527 -471.425088789853 -482.923200474301 -475.225622020715 -479.814757419786 -480.77836061847 -479.170637200378 -471.174089353793 -471.291088840794 -466.893444827921 -453.421397820694 -459.473437368413 -456.68601186508 -458.820187109761 -459.028934872918 -460.36122984501 -457.560482126905 -459.99280013625 -412.720254513678 -445.179998808165 -413.085605313696 -458.562960061494 -411.349344114963 -448.912272387899 -443.402741822787 -436.496063942041 -434.995348114365 -425.932856780672 -420.411085261031 -417.642190403515 -411.718827186925 -361.566336256657 -397.498665952456 -377.714095883601 -367.343183602554 -370.077017455491 -316.292370780867 -345.157874483835 -335.466871144826 -338.796172767999 -272.026794120914 -292.696175040932 -276.002998866895 -291.627083191829 -293.069828299633 -245.286957835938
-469.062344973164 -461.415350150661 -462.515925470936 -460.203777044903 -467.868246423284 -461.961562464658 -459.536484250077 -463.837265805872 -468.28817340609 -461.30746975335 -463.535945868134 -445.898644710659 -449.45915618702 -447.963139733305 -409.852511770254 -438.359705004449 -449.85933204057 -450.796479032156 -451.700981225338 -439.305479934595 -436.255136702896 -402.228996665178 -447.534995570554 -446.071371926202 -391.036676206382 -423.279290268531 -386.699629176669 -412.615384956165 -421.762972363332 -420.751567321117 -416.174329265303 -405.676073236676 -357.883823065086 -387.115172571427 -344.481591945962 -340.680059380722 -333.494671551689 -346.230396907462 -310.553974064891 -301.095447759102 -329.260666729458 -316.966665734336 -273.253155392049 -261.995814938081 -290.563486107968 -259.351190187117 -287.922464096414 -238.687086665127
-455.096684103526 -460.505995476581 -454.651490355656 -455.003532943737 -453.80739632193 -451.311605291212 -447.217247472107 -456.583857649491 -451.185156565934 -456.496380493524 -459.084025917665 -454.826163121355 -438.346439084653 -399.934941344631 -435.150000092516 -430.094655066919 -395.992574245245 -386.307370593946 -440.415238763419 -395.728805301097 -425.579869080322 -396.042718017706 -393.359612725528 -432.447064422998 -424.608934936815 -385.420233698207 -422.095945086768 -367.949474492924 -364.13727954599 -359.150210543412 -362.259533043402 -354.796474959833 -388.823275587975 -332.329035026473 -369.611997468178 -349.038925393838 -345.709156432008 -334.594791303191 -314.988369208628 -307.097843911102 -321.292185045216 -283.829304643437 -305.521807758526 -256.864329197735 -299.062378495993 -240.941440181807 -245.905056043996 -225.641502278531
-447.359873934721 -448.972423537063 -443.087469296978 -442.065424376652 -439.6576930982 -437.697131019282 -436.767660731041 -438.622034672583 -437.750904579421 -442.090382267217 -429.192385636856 -427.471671136973 -393.266683086526 -434.808353996568 -391.306374800656 -378.826787530788 -422.175715921916 -417.76246595574 -379.207012204997 -378.545636691886 -377.815505293013 -370.110914527475 -385.458473200922 -385.914662052521 -427.362005876636 -410.697451382984 -363.021845821412 -370.159456361475 -350.108949320067 -390.421108014175 -343.972505723809 -342.615241743587 -316.769844460965 -331.7395835569 -325.188368262272 -320.15549378156 -305.997306528977 -339.467437770362 -287.50181452846 -320.163033010627 -316.25924452911 -316.81117330876 -256.807855456971 -255.221616659649 -290.892004889991 -261.792612878821 -222.410760981175 -251.877035061305
-442.846162058688 -444.990141650914 -441.260171396287 -433.098025464037 -434.429716631977 -435.666957551461 -433.106549274718 -420.422364785418 -419.005914109907 -397.230577338932 -397.163665250276 -423.823441557906 -426.589397254445 -414.678656045403 -369.493008102106 -414.544271963906 -377.993835467275 -401.359006099908 -401.751843059206 -359.159967310818 -402.709938143993 -357.902986492822 -361.405855588718 -378.729072494792 -362.043116023553 -361.384005481324 -347.230396477969 -359.496018458128 -359.28258647923 -350.100723250538 -336.866589615029 -316.5571589242 -311.530382827131 -305.400956617814 -315.16942035343 -303.750384828309 -294.717540826605 -288.370957442732 -279.354144909118 -273.315849194025 -314.114718968418 -303.775482751884 -301.964143498169 -247.7429773737 -232.67756847551 -268.305646728846 -222.286054305015 -252.783622783075
-436.098613564112 -436.327450775316 -428.185101108117 -418.937750588405 -418.477101236876 -416.224522935422 -410.470554556669 -380.434942620789 -370.959765855484 -426.035564970151 -416.567879769882 -371.734260819449 -418.199707640912 -367.46890035554 -363.0906869679 -362.948732504928 -369.334960183646 -349.54178974974 -358.223064127736 -408.299652410849 -349.03390905669 -353.496093977733 -386.125919327829 -386.466018496179 -380.584058376826 -344.500859823488 -340.934764900308 -340.273389387197 -338.716316123563 -336.454848831657 -335.877600636825 -321.563250328505 -337.689702749324 -332.529566668399 -320.433952584632 -287.98429390266 -281.576349093176 -278.009302842382 -317.771562237817 -309.710244434291 -255.590855894554 -249.127247496761 -239.939256154623 -236.288468938877 -274.338227015089 -219.723239331105 -214.084920259017 -197.632093317262
-421.243931200577 -427.730932733733 -428.607837931133 -419.052953725359 -418.86581468308 -370.831460250692 -360.017994476588 -406.416772228678 -406.947766591902 -410.960364996077 -409.997037501129 -361.009452674335 -360.348077161223 -393.667079937347 -361.018304568135 -364.421741501557 -390.856916732147 -376.771802451386 -397.17630015852 -346.328626760289 -347.242091477197 -376.675713359245 -370.248025972891 -337.923263327786 -337.692945952074 -351.640151814802 -337.379797435074 -380.596404787512 -379.487059850593 -320.614894354268 -356.941011154805 -302.444504177893 -347.581140029264 -320.213565871687 -303.056088244485 -251.770497759661 -274.483648732294 -267.306435219702 -263.358094226351 -246.233759561492 -254.517529554256 -238.552731948057 -232.154020243927 -227.154226884373 -228.483886615797 -249.128656040533 -197.534454419845 -185.895227543288
-404.467007998129 -396.1998422219 -397.164340843929 -399.769245664731 -395.661384947836 -355.507024323726 -402.435952586231 -373.093039855566 -399.957004547528 -366.98820738333 -397.185952268158 -397.84447985827 -349.471314429967 -353.447694678818 -390.966616576853 -398.444512193061 -337.891586408096 -374.67921224062 -336.141034605168 -373.998873447899 -336.347236902603 -328.315039607932 -327.025517192139 -331.40425721977 -373.868923641092 -372.096463811987 -370.430545613609 -368.653550921684 -369.438090015984 -311.026996875256 -307.022293454798 -332.545103716463 -300.818203367159 -283.217571206175 -266.070658666646 -247.871934843501 -282.918655259186 -262.125686659685 -262.491260809103 -223.476443914832 -239.893832825417 -229.750745107271 -220.760081669401 -210.99887379688 -219.476100765132 -202.69399974926 -188.419643666044 -176.880826364255
-395.10160334987 -388.004382063799 -385.348045679109 -389.995737046836 -392.950920731856 -390.179764081081 -388.182341270054 -353.20577709205 -353.365223388742 -353.02474045422 -390.057681344569 -380.839778837533 -379.564256850626 -381.951099022618 -342.536362511852 -375.910064945488 -366.713468003053 -362.374228453616 -359.973132561341 -326.882560864635 -365.383843377327 -312.516675936423 -321.118156673826 -320.456781160715 -319.596313158382 -322.962948267826 -349.198328889747 -316.763689644118 -341.18511820625 -335.63927245986 -298.109986834418 -323.885552642064 -293.479323473319 -308.542325247004 -259.313297855021 -261.884368056582 -245.828927791355 -251.182659529184 -253.849604894547 -137.64308514427 -196.517501328454 -208.565217717494 -206.471909084855 -189.881084222744 -205.844928167684 -198.026364323316 -187.069980729208 -166.554644841279
-384.650832702303 -385.392499827208 -382.837741984648 -381.497961421399 -378.500799631107 -344.084317842301 -342.819671547003 -392.229563238118 -393.875071447663 -385.464275275418 -344.660077837007 -349.602160272735 -339.555637992014 -333.02919495977 -337.491228317541 -326.619392420101 -365.397070623529 -361.418926008594 -322.171243610357 -322.610118541178 -307.837273605481 -302.764302365771 -345.072735433817 -311.736849067169 -308.269044426035 -345.455545831526 -304.363060556692 -302.598261063598 -305.590053329789 -292.393157556514 -328.24911882012 -326.480971226806 -274.601860681111 -273.630958152729 -248.592047768709 -287.737680698333 -279.826670913427 -248.328952326194 -240.449442523763 -215.922780930699 -229.369305735261 -216.002388039972 -210.254034615264 -191.261073611098 -198.34977668095 -192.913858798359 -182.117840031342 -156.936216624577
-367.470447164003 -364.283460957783 -370.612746962519 -332.570292970506 -332.531230910776 -371.703319095987 -370.690330104944 -382.592709843544 -386.014315047084 -369.117981898125 -337.359468075828 -364.839312608978 -333.956968440531 -366.202459046702 -358.636905089093 -356.133469003233 -313.487236068128 -311.707275715552 -307.369378111725 -305.489164028784 -335.276962381619 -291.185163431125 -326.444025152965 -333.076767839925 -333.799705728481 -332.585834709062 -328.83810939224 -324.036967385489 -286.550330185911 -276.677624323558 -272.1617632834 -310.049704122619 -261.00978130325 -293.833183379727 -282.496967512747 -239.279302273698 -267.597207616306 -241.391053554644 -234.3952719399 -268.642762470198 -212.411035005891 -203.907885408033 -198.891791041024 -208.131976566537 -190.373914400464 -183.556443418829 -170.725208616698 -144.327558759237
-353.852604284847 -355.786809215975 -322.269566288871 -367.880984931812 -357.805090744819 -364.480624251547 -339.140408723625 -335.118985183661 -372.788454687525 -357.51524007109 -322.2045025061 -361.630349892629 -352.19257909501 -351.578025749828 -306.344081732741 -303.445247019203 -298.934987489692 -344.165149541359 -295.779665700591 -332.801540103567 -319.245731352902 -319.536881642207 -290.025008727224 -279.476441957237 -287.87871207398 -276.895617001034 -282.774600108633 -268.417708280549 -272.012903781424 -265.986205891406 -294.13996845822 -250.676709290141 -252.165801021157 -242.192735466796 -266.544171627455 -226.208528587714 -222.940887240386 -273.178140849895 -223.476947952793 -245.254795275767 -201.011647222104 -235.570714193614 -185.70575618122 -184.863022291933 -182.844451988012 -175.829783373223 -166.166497462185 -148.367486833182
-337.763771922109 -292.219342145824 -356.551089322383 -357.932612869228 -351.128644649702 -323.315604011645 -324.52791870651 -324.98083295347 -338.155301005787 -346.779798500193 -344.101984914347 -341.402878007346 -337.905067573965 -336.895465939179 -340.054457493792 -287.508429304937 -297.819123890502 -284.257362608334 -321.855732699813 -317.90594975016 -316.547968975748 -276.745028840946 -310.070738798191 -304.381574807967 -273.033523240031 -301.374589546692 -268.561273404051 -299.606646007492 -250.196111881836 -253.867832695691 -234.990160003351 -247.292244224459 -272.108324116462 -224.529582255823 -264.677878739925 -219.127208344991 -210.846593441913 -262.759348223294 -115.094527586064 -190.609108692162 -225.515817335625 -223.899055155466 -213.590669310892 -180.219549949591 -163.152196562037 -161.960926832575 -155.717518630233 -143.181823470907
-321.915661902152 -326.472087682957 -305.00089952279 -342.230497845656 -342.145879937328 -312.881329067061 -312.738233000461 -296.429455364614 -328.752073433576 -330.971849058169 -293.98547195022 -290.250804830813 -328.534466949068 -286.911615731855 -327.074446865827 -325.513071962413 -287.587889193136 -317.561418139479 -278.776557970602 -309.556604108828 -271.399491751322 -260.684172077214 -259.481641056389 -263.124788520083 -263.993601646356 -250.177552989513 -255.643069553275 -243.001037079786 -242.210377390658 -239.757728449623 -230.026189329865 -229.284753382147 -219.189638936989 -223.093390963541 -211.127677162244 -199.263324687177 -196.985855780448 -199.810266765312 -187.27032942659 -182.803636531413 -178.665903069326 -212.463011367433 -169.192588387091 -169.672721422482 -167.366933609477 -142.591980403881 -143.207549687296 -138.176431844897
-276.397015386431 -312.312626762712 -324.879634236771 -333.895571760838 -331.864799482746 -339.322199184072 -343.165881894926 -330.391559529812 -320.343700673489 -326.385073084439 -325.420980550446 -277.617047315915 -278.733100725634 -272.972876660406 -273.20477207288 -271.144124474783 -269.110592284698 -269.735159464501 -265.105529194841 -255.308122944706 -261.137290114742 -257.02856120661 -244.849987778369 -244.088212782712 -245.220222374943 -278.355567525914 -241.941010368453 -273.144920208352 -221.227012617498 -224.442515406168 -224.089351498426 -255.706302058572 -210.605191547354 -203.478473430109 -200.273072237665 -188.262144219845 -232.31190614513 -190.841058426226 -176.733801584831 -211.797759320882 -208.748687309977 -162.236362918012 -161.52525390677 -155.507196430367 -129.681564836681 -162.219411297257 -168.542054729785 -123.512720893716
-309.12122260552 -276.599051040444 -279.145749847596 -326.418493609341 -281.641416394452 -331.486040717785 -292.165675348426 -279.475625007469 -272.425830336502 -277.96878129634 -316.382351266136 -266.282553834267 -310.244085840232 -265.825476971251 -267.470622028703 -259.084370648786 -257.537308628789 -295.585680668825 -252.198784440955 -249.744039543756 -248.750566599642 -241.562941295345 -239.432895986365 -229.959301052485 -240.83857068224 -231.016219286552 -221.337487626745 -261.233683842703 -217.675171682827 -210.703504023024 -206.251040795201 -197.757309238506 -194.606677530011 -192.530183216237 -183.908901210877 -183.911712262638 -182.22119679606 -178.351811736145 -165.890098732777 -165.869370290182 -196.702198229619 -188.695646782666 -149.476830936593 -140.862625201548 -172.438629913521 -120.586752712646 -154.569930769614 -111.95173104488
-264.747170028986 -301.818887385347 -307.406325783418 -310.283147230972 -279.415241983025 -280.768811109746 -274.19345237583 -307.732709387909 -307.965809551658 -263.811496467452 -267.918074271605 -300.604013817286 -253.121056250259 -250.217075866126 -249.641297380029 -246.427539032553 -284.964755042062 -245.615229246027 -242.482490840677 -234.893709558112 -233.730925774683 -229.350520736952 -228.979212188469 -224.358643722615 -224.115633091871 -219.945864646293 -213.825884326693 -209.347046442589 -200.669815901563 -240.375355432971 -187.134261798723 -182.429635810718 -180.713244743881 -177.355348595205 -170.108290201064 -168.17138120354 -163.020472018684 -162.804966752565 -159.473071061441 -152.730153799083 -150.430641735898 -142.005739717904 -138.882232880326 -121.891991272131 -115.629383392325 -121.858507352259 -117.384436630017 -102.642555077292
-290.644593953034 -294.521959395918 -253.272224034447 -295.791828894132 -303.68578575987 -308.56312411537 -309.50659512623 -259.967253784198 -294.185059167047 -257.50036873241 -287.335006286931 -285.06493295252 -282.871665215956 -283.155406948348 -273.235383671019 -239.709247626327 -240.020379889296 -235.503551521407 -229.284333380853 -227.615051922993 -220.818867696468 -219.714318258807 -215.389356513135 -213.800819955918 -209.456813598009 -198.219006730391 -237.004891968233 -189.56970441871 -187.445325012568 -219.379345041468 -177.882214995421 -213.300644367877 -207.818200393642 -162.521811048087 -160.005570555089 -160.73848706247 -153.164654487235 -145.072895627744 -141.367109095944 -140.988901886746 -132.90663874841 -129.387828918682 -165.715212469497 -125.49655315918 -151.414141245969 -109.253105646427 -93.1432425710682 -135.392690286124
