wc0.5/PCA/Component-2.asc
NCOLS 267 
NROWS 470 
XLLCORNER 79.65 
YLLCORNER 5.91666666666689 
CELLSIZE 0.00833333333332575 
NODATA_value -9999 
[rows 336 to 356 of 470, columns 96 to 143 of 267]
127.968818053066 -53.0262001855294 82.5242820633739 239.81979975391 284.507666274199 160.012147219745 59.2732584307891 95.1052175350156 125.143554564623 120.362475113891 187.076168100379 147.075017945242 99.0731510926328 163.839849281252 138.824074824062 183.755369247356 168.37885608973 87.4254652273212 154.706930303899 117.853687981997 165.610882963766 137.053248112373 101.858114177907 189.216372736981 180.045488862302 117.253272385497 236.964579527095 29.9750004456164 167.885477736407 81.8359777140554 112.791015365838 161.334404069492 238.511320912467 236.718826985079 233.487235149189 237.784227256818 236.604200310173 239.270761465799 253.165618819518 287.775012353357 259.191713853381 271.207245660039 250.2680337508 242.604407504188 261.529993184804 255.945044908323 256.564206140175 273.130515114314
107.481725179493 -108.207380495177 100.314088970648 176.834012297847 144.416392421308 100.741603348238 59.1944658213207 96.8771993042339 -29.8072002505079 77.1878209930691 29.5459975045366 26.2710930514562 116.303619219112 48.2695094957562 92.8281538186329 151.20588056795 126.199068490961 52.1395945010816 140.248422206721 22.7926678416975 154.427938778596 180.037773865295 176.178795477029 181.7645542164 183.801126250249 157.380074694297 151.188792775759 204.843428607033 45.6320547595487 172.247783773191 133.933747817099 191.273921835866 214.114657393 246.673583066994 237.788070186351 237.476780630059 244.301405558725 243.212844937833 254.742922238382 259.995371282201 263.895155530514 243.501293480736 248.057511615208 248.036079986569 247.289824815753 257.418545700714 265.425506402514 275.548124829863
-11.4799434031868 -123.023351712704 63.8968735611803 30.3364593259878 80.3109937835579 66.7952689832566 100.928439442729 157.100082320792 269.883860761525 92.5792637011429 213.963397707062 113.72653972001 121.33333157396 5.16980693828779 43.8876572460427 17.2282334560936 75.6117782335241 43.3913914644108 102.857721481349 127.15871687993 78.4121037590447 142.977408170742 164.433964397321 101.989470545774 107.007610802746 109.893277135334 117.112315203738 152.343862522609 233.986727244902 178.158082593841 88.5088682435727 136.62808441656 237.670464118267 246.056733240768 229.277032662747 242.555721405842 250.539534920135 238.797922431116 239.937014091082 237.770997658007 235.511721546205 239.616270261089 247.586083559225 240.36398060887 244.645565715307 263.808875214553 256.396116502993 284.946466824977
6.74324015149539 44.772794963932 26.7511728763681 71.1987249504367 45.7210931749343 73.8224737714769 234.157062272845 127.508453207761 128.483498578628 61.9035952520985 130.774696628765 97.9730300967381 35.0797861135018 -35.1336116480318 -25.3980775498714 -5.61104098043054 7.53293577050638 28.9186106341261 101.025072323047 110.23242918647 66.3363565139808 162.176162131226 171.708595148555 159.31733046937 193.100869107315 193.98230194398 158.486775522996 159.490877770811 199.34744579799 225.855697182079 152.025951653147 217.741101925365 230.48656565404 233.406300869853 224.255899711039 231.591419681204 252.896907446483 248.893177048906 255.117070353611 260.650796894154 245.807369121493 238.543990745917 235.711250576364 246.57882232612 244.628799057104 251.494180298187 250.870214466161 271.970027871668
11.2475522860805 -18.4328900361791 13.2531176862145 11.6222448424393 163.739223147693 194.491023745446 112.571831164162 77.6392132327161 225.373026548949 56.7875893526362 101.367435296883 -17.4269320088654 -64.9463272646804 -64.4967501450232 -13.0185758239642 34.0433440199619 67.2491085222974 67.7294982985929 84.7692286671641 100.591808627245 70.4605570021327 103.999456283141 143.579671272842 89.692577505255 135.031856285749 194.545670148659 98.6275863647037 86.0127959626214 217.460393044126 157.532885092283 83.1518820035083 158.764681609136 225.171814849587 230.870845910582 217.345769367129 229.172602132423 240.409650270215 242.182307320901 250.379936190536 265.466384533571 249.588694368712 243.063261459374 243.109160935821 238.9651136787 240.937460394914 241.379779892423 253.222926106095 267.656164237031
102.521880099661 61.280884700157 57.0499428023773 75.0656500866548 -26.59059583214 114.093436276745 121.181378045676 -12.118550456451 65.0873698536045 120.596033449808 270.011026276739 31.4264738735666 -79.7948971543714 -61.7381326567842 28.7241704988633 41.1403063038951 4.66375304402968 71.2684087586992 73.7945739664659 35.4016646916675 114.577942534727 105.804424501669 99.9702345491617 89.0319391768864 143.402890533583 -17.1661950959641 179.939320205708 129.313550500299 97.2601602835806 199.059195446694 173.836255519141 207.501213019606 229.463773623182 226.230515434799 233.827547346159 232.569161859097 231.494757016397 229.322240531189 237.284150689609 242.715735685881 249.523526969309 236.694832531199 237.150861357596 243.932032834056 241.203085997717 240.083187733097 239.276891780846 250.525599672598
186.927680099185 32.2051228050576 28.518160549933 99.4750973045781 20.9654385237566 0.75498155306704 87.7531198086181 -195.142131178154 -75.6675585063611 -84.4404158722455 67.3036229808832 -45.6815905569281 -106.123559574682 -65.091295710113 -37.4157733173791 33.3698769974085 -53.017186784816 31.2326429223535 59.4407261069452 74.9091231714469 46.5803504246133 103.506412683552 66.9360634190367 121.794612187107 160.119999851567 -11.5303415629746 214.891541938386 221.879548522998 221.851535844719 211.596988662155 215.891383628675 213.248026224433 225.660795138233 222.464093336739 228.821852846777 229.44579571976 226.511870886236 218.473584485384 230.503984074348 241.177266837618 241.105340773014 236.726949945813 240.306992235138 232.848651959597 235.142712746684 240.341892853262 246.195015352582 256.698512527385
98.5022641267606 87.4558568993994 45.7362783701807 100.268151149218 57.5171267655757 -192.007381448533 104.308945414561 46.7670316356915 -199.955836351843 -159.233649870751 -166.013000095094 -167.187693618943 -98.7989396764625 -10.7852231264729 -56.2676592316108 31.9971417988997 44.1269185526334 23.9070507264694 46.5929817496819 63.3775297344901 57.7036976222219 72.7522249036615 107.366427622364 137.955614187015 163.186573167998 180.252242985397 105.435495989068 212.297283189355 214.219458572382 227.336681705682 211.727607420395 217.497863132218 222.713894122404 228.126759469538 224.924667089602 231.903808428349 243.542130023824 222.829199412501 216.337459033416 226.760934651442 228.265992151018 234.325262567567 228.278427188033 237.247220911464 236.885945985586 239.161361115406 259.604663891779 283.179393597634
3.91586407041251 115.198490384303 -29.7118687878568 19.2290310339249 32.7994688116672 34.4220302571668 -35.2655844721376 -25.739957599021 -78.6597628842888 -208.180274473213 -80.1586069858737 -123.031067007475 -108.627262477459 -23.6037807699005 -30.6853087939712 23.9569236677994 37.3797978502413 12.8797167403244 63.9128414135293 52.0686438310649 44.8777146607649 60.1360522550284 65.532168266421 135.745868860279 147.055905467735 169.757858510701 187.057904112009 110.416792736125 129.010287894372 219.620131893635 216.040758502858 210.763036075459 236.233044379579 229.907419535621 221.571232599208 220.151102924358 226.939905636834 231.012261905257 222.62451284582 224.077437708046 222.373530885792 228.062884366738 237.323451392295 237.796429448085 232.541471923885 243.867865214056 250.696340187276 264.044654157829
41.0247962898106 63.4343891938165 -22.048901410681 88.3022779678481 -71.6088659351801 -20.2060994072928 -9.41241560630556 -18.4757953312363 -242.851880584572 -252.79859898862 -143.129011303371 -120.03014652923 -105.573854026719 -34.5432245696725 -34.7028149833149 -4.06638511981144 -28.4912240280967 17.4374550747717 30.9297552172548 33.8858340065295 54.3671634250626 40.8080748996144 53.9480636437177 85.9227241260293 108.439333993111 157.774433340216 159.583871596916 171.295091126765 193.514251923857 38.02390319524 117.498329788268 188.113583209619 229.522717680935 212.693116622716 218.497373806548 221.578697893567 221.021032931156 233.521585453516 224.598249677144 224.475076564391 234.36498633183 232.612361407513 235.903604037668 240.04913814364 239.129919961098 238.686829993075 242.17006030899 250.915296195594
-28.8036895587646 18.3559801642614 1.97918403460807 -114.425990841514 70.4521751883423 -87.5740059801616 -76.5345536190697 -251.230672489331 -249.855094129166 -203.919830966487 -250.192236151416 -223.638744607252 -124.516201371119 -44.0331298836642 -10.7217778106402 -14.2701226215776 14.6481260010829 28.3093071685873 45.8367073524091 58.1204281449504 57.2811000658575 65.9881837170638 82.0531597052317 98.1374206830846 108.54566302876 135.593862322734 158.101264532308 151.34729818583 174.486142432823 176.460079846589 188.038545915143 113.819738770694 86.1444177206868 182.906784039117 191.685891596434 197.122888497125 229.239669014322 225.951695399238 226.699092410509 227.49556917456 221.927363174378 224.212842134871 237.103568423306 233.088261661073 238.769677151298 273.261707235603 216.244121984628 185.577619832895
131.359198681105 -77.8097717747892 21.3668898637113 -54.7329056298191 46.976521543289 56.4950482436208 1.35083116708302 -219.402955558696 -182.56184263186 -201.391371102198 -246.560648846643 -246.408847916355 -119.06544126898 -52.6394893089908 -8.34009725615495 -11.1750461664912 -15.1157286704095 3.81997822241364 12.9530100739045 49.8422691171064 28.6101618871336 72.3764901372697 73.9293346927126 107.606765689023 132.324097953911 96.1086045780952 140.617167533908 161.996107337045 182.253250840055 181.152679387884 179.931498842946 195.36806230789 191.372183894692 179.002049380724 142.240895332947 214.521402263813 228.363220705936 221.673124822135 227.338264943878 224.264356516421 233.569915199532 236.694262609618 233.088719799791 233.072123302506 238.402421143394 233.108361867084 224.328081566726 149.333011259414
168.031611835247 -42.1767126471022 0.222819586674404 22.7412918847785 -23.2688731394737 160.658053859567 30.7849251494177 -115.322564652234 -121.234973876996 -287.079841301173 -213.974483181903 -96.9401516725299 -200.401656902549 -44.6807130584897 -31.9893828883654 -8.92169463168874 -8.82072273148863 -12.1105461276599 10.278786013433 21.5516831853433 29.3719328576662 64.2309260871966 95.6846315591815 93.8676355756156 128.288580172742 126.1697809139 140.194278997947 140.925464850416 137.573303653766 171.617591762662 148.100823035802 187.051585494133 200.057332670147 193.820908555184 144.614448770183 228.402067486205 221.835350197899 225.636971837171 220.686371903753 228.447983655354 223.552779167672 222.255623396757 231.073503251477 228.64984263342 236.071601505423 220.015824335859 247.100741770127 164.046746358414
126.950866505262 46.3769700007444 -79.2184461907304 -13.1050749955324 -39.627185041923 -48.1659690677047 52.160660262756 -6.09168833476278 -357.095100761442 -243.018634999875 -106.314332289779 -100.905777462971 -117.890105045048 -202.53135210163 -79.4446697232667 -9.60820184117715 -2.75170812098314 -17.6411039829817 0.219809770565675 4.81276460109956 31.7452760972966 48.6730039195409 33.0347025231722 97.1583127127166 107.226966555474 131.545751044542 143.392405117252 164.540019508958 152.093116298495 169.192821896485 175.779133464118 180.875291529216 187.862070382144 192.16770320343 175.740879015299 132.096438034628 226.815589866843 218.276989819281 219.653511691931 226.098409395191 232.359072616247 219.568497800035 230.367087513924 232.722377392147 227.401274073826 214.706983578176 221.940980593784 202.076773575089
107.402410347396 76.4530705138596 102.930930329381 -98.0362610981765 -120.933789917852 -95.6918993749067 53.9001873899654 -269.327860279476 40.3660064656012 -297.577417094298 -84.2987323193784 -94.2786289710803 -70.7692150198377 -77.3156098476939 -182.398714626578 -53.4801361315318 -23.33573131388 -7.69717497675376 3.66588312593534 21.3397749320444 32.1048198252092 58.6080828444366 41.0978358005986 22.9777732762862 101.010356491452 117.775493008961 141.84430623399 145.232755894806 156.489056734578 170.304050227937 171.856732865476 179.95691384429 185.58085617967 188.765897000337 193.240234660708 180.142188733465 211.696913162099 225.701592444939 223.173148080181 223.955336411381 230.519784229699 220.728860656249 227.512102535132 237.246222505034 235.163359500333 230.157797518529 219.296483705001 169.384300731331
-69.4572926037293 114.995555476501 191.110243269443 14.7456005915738 -45.6553109904568 174.634156858562 -23.5933426827045 -195.156209507075 -350.266678366241 -173.192795742666 -241.451668583762 -99.9537822574878 -63.0889372478552 -50.9743647732771 -33.2259954003922 -77.3071790846426 -46.9174115097195 -16.7038897329211 -1.87702511251986 16.1508462200515 39.214271387716 31.8663427286422 17.0084023635343 85.7480978461397 103.53715118482 117.350844851922 126.999384877187 137.769676219101 130.56201188743 150.845288013274 167.607955163868 177.555472575672 181.700320764406 188.386172097096 192.372576444536 128.456155931817 155.037184856566 226.013314030042 219.917506591948 212.144576945149 228.913552328137 223.644214349827 228.633672158756 225.102118777115 236.781126665195 210.061129822887 251.581247357778 192.748116381741
165.245509708976 -183.345756642342 -317.862632836084 -301.65225970681 -173.3262293532 -88.6186287800889 47.1399749653654 -107.030438957149 -145.183546407945 -114.466637662967 -49.772886288376 -99.1037636512849 -69.7470176793242 -47.7245755335582 -36.5024262793395 -41.2050797825302 -30.5517376290433 -24.2171050656014 -11.9940126783096 8.8282999949576 51.7923713604871 27.1273704574561 72.7709650122573 49.3332476554209 56.9411099935018 111.989259161162 100.602889499064 145.255486680329 150.98859073839 153.91162502053 158.925267337507 162.649018411274 168.938078901345 176.941471087724 180.752695041851 196.39174457975 155.350693170333 227.693157125547 223.33830738832 231.837879886775 229.582005965332 231.291477505665 233.573048681434 238.381794815107 224.40151092912 229.511194028303 224.016911514217 246.693040516108
-71.7297883101986 60.1940600087618 -47.3318212186838 -100.458652036549 -233.676081124809 -7.49974887653408 -339.662707748671 -60.5870643580939 -318.554143295046 -108.68990788067 -99.1463359416062 -280.863955017494 -169.594556479878 -58.9317342437301 -53.1070274530754 -34.2736107787842 -42.4049628224694 -18.4187476486323 -18.6580175676232 9.06054154910048 26.0986182418768 46.2787098616836 18.4511103282988 198.478134104351 68.706412262428 100.545091362424 33.5274506065041 135.084188839404 150.13486718953 155.156173226101 165.155457890381 167.257438775062 181.513806751281 186.959508914081 185.099524676605 195.819597250097 158.815196743899 185.199820334349 225.004930906483 224.928346926023 220.801106639422 226.210435456447 228.676157757456 235.043945359229 232.62253790521 217.56476774734 173.537955332559 180.850767382943
59.9350421883489 31.4112155624368 -271.14967040525 -226.010405868547 -226.872845111204 -70.6080393720151 -283.540050907656 -141.18270393772 -91.0904718590859 -161.713988519088 -88.8241378813439 -56.1833835702694 -226.745029139576 -227.623572211312 -38.3675057739341 -34.8824525565073 -31.4884841840782 -23.2717000724821 -17.6072709879612 -2.7741574700468 6.81324637034126 35.2230985671794 35.7793777069984 69.9436431734176 86.9288879688276 38.7562343618645 19.5189473619054 142.617807556414 147.956965393155 146.115767013977 161.8835862899 169.984983951554 165.932737325762 118.988886739905 180.100489305821 218.758035413682 215.671400105888 220.357119748412 221.681472779562 227.714820192408 222.153719846328 230.15152308491 229.216226748448 236.688445057507 233.555879017675 209.718107175763 230.777438900101 151.531879094357
36.4918559266698 -72.9578158734331 -204.222344430489 -181.233011040924 -101.634057165842 -83.959536806198 -72.6044462385604 -141.565057884319 -234.057600255902 -241.567670466878 -123.873754534743 -45.6416202985972 -62.311871709861 -148.139159234216 -175.214370579731 -88.3090354389535 -43.3751471198045 -31.4544879242801 -52.0623996331047 -10.959309844915 1.38429677406357 31.7201085908565 64.4903704467824 40.0798317465318 35.3006384287834 93.4867449595735 113.167957588599 132.760257667184 142.138625340727 151.161239344158 157.109566741487 169.447737412707 174.204566631227 169.094911011221 177.842782279115 144.661011703849 222.158412391161 211.622616656884 217.182975613862 221.481864237565 222.526937625936 226.300478301113 227.08369011135 223.703421511232 231.962363820105 229.03392731502 187.199760035351 162.758180912376
40.4244839302654 -188.326741801135 -80.8927993288082 3.81400346166122 -125.66698040051 -3.94928871275859 -64.5104621312602 -76.4015429300891 -253.936506843167 -258.034104899092 -254.156704728725 -79.6700276586628 -31.7567721182062 -57.406939517594 -126.649198145983 -211.289604376063 -170.886655336019 -95.1910101338906 -18.3938327846899 -10.0491684564396 -3.10369630317523 19.2929604731649 74.7703376673958 55.6321314314318 73.2632147962625 90.4578073225559 108.919607358788 134.51945365875 145.898278392408 150.422074537189 160.316795080826 170.845417651934 166.757711524596 179.607210116143 166.585226463006 173.470410226746 179.359187348233 171.432278311285 211.024162385721 226.009401901457 228.963842232825 215.299034755837 222.255531785043 219.168941310163 220.46765511357 229.492242091413 209.365932085486 230.718941934487
