wc0.5/PCA/Component-19.asc
NCOLS 267 
NROWS 470 
XLLCORNER 79.65 
YLLCORNER 5.91666666666689 
CELLSIZE 0.00833333333332575 
NODATA_value -9999 
[rows 228 to 246 of 470, columns 88 to 131 of 267]
1.09946726039527e-09 1.10494112022348e-09 1.0479400527494e-09 1.11476233774166e-09 1.10468373109013e-09 1.23354295600809e-09 1.23361965490205e-09 1.15127930712253e-09 1.11420693385906e-09 1.0732662373946e-09 1.1493998771972e-09 1.20802426418017e-09 1.24871317067691e-09 1.14710975823104e-09 1.18002571241777e-09 1.12613251565819e-09 1.17347795499281e-09 1.16228139554356e-09 1.13385971383724e-09 1.20147160085666e-09 1.37353179331524e-09 1.36006290051337e-09 1.19125467459096e-09 1.2523945856071e-09 1.11618116787045e-09 1.24366656412667e-09 1.09455001082313e-09 1.1628132593481e-09 1.2149941129049e-09 1.21746707581057e-09 1.30443089463322e-09 1.18691282199049e-09 1.18172596523058e-09 1.128706043392e-09 1.17069331151536e-09 1.20532877822273e-09 1.34796072658126e-09 1.35732687691428e-09 1.42798618946881e-09 1.42552306477139e-09 1.35216778284194e-09 1.19576650609903e-09 1.30528805553558e-09 1.40662500424077e-09
1.16312658524084e-09 1.10013626526277e-09 1.02771880431482e-09 1.1219945799042e-09 1.24030658572529e-09 1.13425830138645e-09 1.03624387631969e-09 1.04257503106867e-09 1.15497908930788e-09 1.16648132180749e-09 1.15802236886711e-09 1.14718698750119e-09 1.08602999316935e-09 1.16004365936613e-09 1.20073272370041e-09 1.2257062235169e-09 1.12309459023106e-09 1.1159250211439e-09 1.21126689365628e-09 1.29414307790475e-09 1.23664234833608e-09 1.34167191277197e-09 1.19673274763085e-09 1.35375737400101e-09 1.20046304937394e-09 1.15900358164498e-09 1.16865042190077e-09 1.26355695422164e-09 1.1191611145952e-09 1.1602034344406e-09 1.21199310990313e-09 1.21575901336283e-09 1.26358662437444e-09 1.49666417247681e-09 1.13315980131938e-09 1.24948217106418e-09 1.30867062237415e-09 1.34415220359441e-09 1.31379104783889e-09 1.27879243231091e-09 1.30158137192502e-09 1.20574546609444e-09 1.33650678166066e-09 1.44694827143843e-09
1.01881655361833e-09 1.09809042788909e-09 1.12618984851238e-09 1.14387121661923e-09 1.12861411672994e-09 1.11354036378708e-09 1.11256773176592e-09 1.1108773593226e-09 1.13311617513685e-09 1.12953201859818e-09 1.12772475681438e-09 1.03154236472205e-09 1.01194449584255e-09 1.21038744620921e-09 1.15875196290268e-09 1.25025702853182e-09 1.08413164503563e-09 1.11862763742421e-09 1.33097152115456e-09 1.19510935504558e-09 1.23972827656356e-09 1.25435246250511e-09 1.14928846562594e-09 1.24033092674088e-09 1.35827864483042e-09 1.2038403562326e-09 1.13282945954195e-09 1.36433271436719e-09 1.15911926734027e-09 1.32001684338142e-09 1.11302950915493e-09 1.16360932827096e-09 1.21430473267616e-09 1.49015827655564e-09 1.37270818822725e-09 1.3352387435906e-09 1.33226059869095e-09 1.33339298762727e-09 1.40446905063675e-09 1.45400482357321e-09 1.43313885326077e-09 1.2504392784218e-09 1.32388130921971e-09 1.40622815409334e-09
1.15261282314674e-09 9.97576667121662e-10 9.96769631352372e-10 1.12125191333242e-09 1.10766682623886e-09 1.11885306578208e-09 1.12262758223856e-09 1.04256790288725e-09 1.09123976812658e-09 1.11296473414722e-09 1.10249632080482e-09 1.11131853907562e-09 1.16105049470628e-09 1.08908761043014e-09 1.04295848730619e-09 1.24906218894819e-09 1.20905201051656e-09 1.2121858003457e-09 1.21296277428716e-09 1.12322365113727e-09 1.11220474351943e-09 1.14845131372475e-09 1.21404468120801e-09 1.22344210933083e-09 1.17525459558582e-09 1.19702505100541e-09 1.24914663916084e-09 1.07016271393407e-09 1.08989804426338e-09 1.16220885623656e-09 1.11828290895642e-09 1.11282327768112e-09 1.21692499069487e-09 1.12048558910755e-09 1.37759739003242e-09 1.37986200262527e-09 1.1496485469394e-09 1.2570602166048e-09 1.2380827140716e-09 1.38896746793424e-09 1.48985698709603e-09 1.40421258869068e-09 1.30724020778789e-09 1.25343843465323e-09
1.02534569181399e-09 1.13369064099816e-09 1.13989530531274e-09 1.11291663075283e-09 1.12479780716561e-09 1.14563677766057e-09 1.1321304176147e-09 1.10939315685987e-09 1.17180254412167e-09 1.12171293249274e-09 1.11290150939155e-09 1.12567012430229e-09 1.11279016587538e-09 1.1304589097517e-09 1.22927780605428e-09 1.23297905076501e-09 1.18923786354816e-09 1.1935882690975e-09 1.18874346615488e-09 1.13758429531194e-09 1.14835382433882e-09 1.03847960179521e-09 1.30169885933927e-09 1.23882737910139e-09 1.09010191888597e-09 1.32149199748559e-09 1.18617413161905e-09 1.20301133274497e-09 1.24553004516153e-09 1.2584096750461e-09 1.26491841951776e-09 1.28772024949495e-09 1.11244138998436e-09 1.20724540109491e-09 1.28111334695654e-09 1.21936885911788e-09 1.25633906257837e-09 1.35530927960159e-09 1.28905597056907e-09 1.30801938147782e-09 1.31674932136816e-09 1.56301010692887e-09 1.28287649472772e-09 1.31618933597901e-09
1.1249291175907e-09 9.97399931420141e-10 9.87953290460999e-10 1.1705356206423e-09 1.12873613148446e-09 1.11988119075739e-09 1.0981028994516e-09 1.15205082361496e-09 1.12696243164095e-09 1.12780624089444e-09 1.09826836387053e-09 1.09821621727478e-09 1.17499683847905e-09 1.13010773993716e-09 1.14778450019279e-09 1.21447433509393e-09 1.10333350484124e-09 1.10248637592343e-09 1.17991433184476e-09 1.13551260993211e-09 1.19720670986373e-09 1.19796775332841e-09 1.24016470230164e-09 1.18598744218899e-09 1.13670700750502e-09 1.14623001580085e-09 1.16335972419949e-09 1.18491312246855e-09 1.16015312904822e-09 1.1982430600451e-09 1.26854877843377e-09 1.18722205162485e-09 1.21554544254833e-09 1.21542731299989e-09 1.21310893441769e-09 1.14222476575149e-09 1.29552416381617e-09 1.32180696034397e-09 1.23188550283243e-09 1.27635482053302e-09 1.4431639402885e-09 1.33906908023186e-09 1.35466664693758e-09 1.32996893377492e-09
1.0805891909705e-09 9.76984822857237e-10 1.20390255501843e-09 1.26662318435982e-09 9.66487712413607e-10 1.1729595327591e-09 1.10399194610624e-09 1.11830452014451e-09 1.11388405931029e-09 1.09652340587421e-09 1.1575300613314e-09 1.22396959225342e-09 1.13526013527843e-09 1.10389094240316e-09 1.30736674172655e-09 1.07991559885648e-09 1.07909551159911e-09 1.13683998008763e-09 1.1741819758181e-09 1.11980601988159e-09 1.20317388099829e-09 1.10715513083989e-09 1.10715989039854e-09 1.26637008254141e-09 1.12652473540752e-09 1.21531397370963e-09 1.20617463127951e-09 1.19820005604046e-09 1.19808915809302e-09 1.20969821003803e-09 1.2859958116284e-09 1.19089796948205e-09 1.19022695724936e-09 1.21425942791189e-09 1.19645906037684e-09 1.12889087201439e-09 1.2664344046638e-09 1.27683929115959e-09 1.22904120321742e-09 1.22045846607295e-09 1.37675661356587e-09 1.3925083009419e-09 1.43464675711455e-09 1.35177153234425e-09
1.08268870454318e-09 1.12011115373347e-09 1.18716254277063e-09 1.19323894026915e-09 1.26964588319111e-09 1.0688198968351e-09 1.07868161068721e-09 1.1092083685999e-09 1.2663732404547e-09 1.08580168165353e-09 1.11118195797752e-09 1.14465711210427e-09 1.18851876631844e-09 1.17278088437369e-09 1.15879634489017e-09 1.16743742510254e-09 1.12545399865982e-09 1.05469192757623e-09 1.24845333502387e-09 1.19113696973231e-09 1.20350979165389e-09 1.16637743937934e-09 1.30352351404115e-09 1.13680060297606e-09 1.25652005196037e-09 1.11684429718333e-09 1.19760688276168e-09 1.16366430006044e-09 1.28817828413944e-09 1.16792151288361e-09 1.21210156039161e-09 1.25708484598806e-09 1.19754590426618e-09 1.16309571097108e-09 1.20264935379868e-09 1.17675743041681e-09 1.29781125737012e-09 1.14709491568002e-09 1.13880804472584e-09 1.22947338208309e-09 1.24652429020711e-09 1.24142834476787e-09 1.38469590401406e-09 1.33954297807913e-09
1.0896969801497e-09 1.19910693817943e-09 1.15549222842744e-09 1.12083636804231e-09 1.05190355286743e-09 1.17528608881291e-09 1.11359532041631e-09 1.02727583268959e-09 1.26597883905945e-09 1.14528640752998e-09 1.22440220986441e-09 1.0761419629009e-09 1.16403526608179e-09 1.152690883125e-09 1.20831912494008e-09 1.08235354528099e-09 1.19154664912558e-09 1.12694006471224e-09 1.19826140326829e-09 1.08934849592378e-09 1.18086038561421e-09 1.26193274479368e-09 1.18245614253913e-09 1.20864470623022e-09 1.18267694834582e-09 1.15828768315551e-09 1.15306183358573e-09 1.21200945057645e-09 1.19152226687867e-09 1.27440043415804e-09 1.27445961309407e-09 1.30788244075338e-09 1.15144073202221e-09 1.28231693699742e-09 1.25819447448017e-09 1.26250344754052e-09 1.18729891371515e-09 1.21997342634494e-09 1.16286274523478e-09 1.21363879760908e-09 1.19963710974737e-09 1.41441009794298e-09 1.24336496348908e-09 1.35595322931475e-09
1.10185465787709e-09 1.18585588356649e-09 1.11847628438134e-09 1.243656850092e-09 1.09406632918611e-09 1.12685930890026e-09 1.09523336655166e-09 1.22557842399648e-09 1.03738940514406e-09 1.05908533294469e-09 1.11673427701627e-09 1.22783763898134e-09 1.2400909267705e-09 1.18288692474076e-09 1.12487219089945e-09 1.04616610213919e-09 1.10498602209458e-09 1.16906748238744e-09 1.13402738301047e-09 1.07675441781655e-09 1.16924870264804e-09 1.25024830848497e-09 1.19480294051088e-09 1.19971176704704e-09 1.1337914580026e-09 1.10705897608196e-09 1.24001645385883e-09 1.16020348250562e-09 1.2410203846047e-09 1.17558277110176e-09 1.18763912542018e-09 1.18526340093058e-09 1.20480186773038e-09 1.27178419338203e-09 1.28949777981472e-09 1.28852892266543e-09 1.2480614106183e-09 1.16486947242621e-09 1.17740957568096e-09 1.34538780336414e-09 1.43208788950945e-09 1.26516596064152e-09 1.20861726057088e-09 1.36089944972613e-09
1.17036005600007e-09 1.15644107037665e-09 1.15655050826729e-09 1.25691882450969e-09 1.14188335970865e-09 1.14340793315328e-09 1.22182046856847e-09 1.10714332625596e-09 1.16351552296257e-09 1.22193312843089e-09 1.15050589665186e-09 1.23153740435071e-09 1.24095591201875e-09 1.2329421547831e-09 1.24903895587759e-09 1.06901011249484e-09 1.26444379165941e-09 1.16136818251293e-09 1.19033174290254e-09 1.15250705549374e-09 1.21324030850888e-09 1.25471342388577e-09 1.12437010663057e-09 1.19129863902633e-09 1.0348379888387e-09 1.19154749691961e-09 1.24227299648078e-09 1.14388380468533e-09 1.24970021033435e-09 1.18806792799178e-09 1.17062577318877e-09 1.26467583381409e-09 1.24507000351679e-09 1.21019204518703e-09 1.25925865083267e-09 1.330994392204e-09 1.31747023059874e-09 1.26972677463489e-09 1.23354595812391e-09 1.25507702251394e-09 1.20488509483552e-09 1.2331244302488e-09 1.32741330988011e-09 1.37960405679534e-09
1.16730495544207e-09 1.22057244134992e-09 1.09523899728334e-09 1.12525365769438e-09 1.01985673314954e-09 1.05899879563474e-09 1.22818799699708e-09 1.16925540567174e-09 1.15122697632165e-09 1.22042227423969e-09 1.17527549705851e-09 1.21867354624127e-09 1.08804426969073e-09 1.18142867035909e-09 1.13022944838249e-09 1.20142891308825e-09 1.11541523626754e-09 1.16450398682869e-09 1.19482056637024e-09 1.14375040858676e-09 1.18520931281338e-09 1.20439380729984e-09 1.18695695068483e-09 1.20229025426632e-09 1.29666208635461e-09 1.12269458589434e-09 1.04978529148122e-09 1.21319128063827e-09 1.24284588449087e-09 1.17738593834412e-09 1.26700634142612e-09 1.18806875744302e-09 1.24800320607378e-09 1.17921638685194e-09 1.29127671562734e-09 1.34999334130343e-09 1.20055493862699e-09 1.15869430508735e-09 1.16530257016496e-09 1.30588779015181e-09 1.26766734259024e-09 1.26015243379099e-09 1.27998037023014e-09 1.27571211647799e-09
1.14315928473411e-09 1.199445090792e-09 1.07890113639563e-09 1.2264325654982e-09 1.15397882976069e-09 1.21498851357948e-09 1.04829010854807e-09 1.27525467060764e-09 1.1434765640187e-09 1.10138996400028e-09 1.23429842834451e-09 1.26118229387861e-09 1.14916202658907e-09 1.20077613247206e-09 1.24412451874144e-09 1.09609567812201e-09 1.18902258548504e-09 1.05052508031612e-09 1.1371916826829e-09 1.2199553740278e-09 1.11491662867519e-09 1.20051518099076e-09 1.10184428565709e-09 1.06641228661458e-09 1.10018753014523e-09 1.13392122637825e-09 1.1053126551215e-09 1.20391286773778e-09 1.2423221595417e-09 1.19825152320569e-09 1.19461086875315e-09 1.18141280754884e-09 1.23740749643496e-09 1.17665836052769e-09 1.28954292672987e-09 1.31051950679145e-09 1.30827753634809e-09 1.2489853726111e-09 1.35550963381909e-09 1.25814695233721e-09 1.23102153025791e-09 1.19979410991695e-09 1.34247954437263e-09 1.2432089712711e-09
1.12526626660031e-09 1.10893012519593e-09 1.07186540819711e-09 1.16591205107478e-09 1.03890869663824e-09 1.04953480486314e-09 1.16564423708286e-09 1.11168852718305e-09 1.10234502113203e-09 1.00095658517217e-09 1.12385728970542e-09 1.22034702199748e-09 1.14348425677602e-09 1.1329224252312e-09 1.1753575922304e-09 1.17783262770826e-09 1.15056118973581e-09 1.10266176692459e-09 1.12519737407835e-09 1.16776717914563e-09 1.20334220721828e-09 1.13559776659546e-09 1.20967904691527e-09 1.07189497478798e-09 1.22215274769509e-09 1.07715189767475e-09 1.15906671891825e-09 1.13084091689035e-09 1.11795177614464e-09 1.13655571042412e-09 1.12468875529427e-09 1.18748959830964e-09 1.25416589038683e-09 1.22140778442968e-09 1.2653617969018e-09 1.42892020108058e-09 1.24939444441191e-09 1.33392337790384e-09 1.35259263782492e-09 1.30162483638806e-09 1.3368672007862e-09 1.32482892767299e-09 1.27315364814088e-09 1.2250015748062e-09
1.05714935524861e-09 1.07444989966664e-09 1.22051332603484e-09 1.09435899581602e-09 1.02274943515389e-09 1.2013075962907e-09 1.02040155479984e-09 1.14570925941351e-09 1.14910908090384e-09 1.06126256294197e-09 1.21378543435123e-09 1.11378669311152e-09 1.21703232824692e-09 1.1641013474966e-09 1.15446985955302e-09 1.18243927435099e-09 1.19428264231828e-09 1.15994538970769e-09 1.1049629371623e-09 1.12410262757975e-09 1.19895201499595e-09 1.05208992029599e-09 1.15181410532845e-09 1.16652536285148e-09 1.18117734446255e-09 1.18622728925273e-09 1.13024729386585e-09 1.09445267839871e-09 1.11028065674522e-09 1.21292056939689e-09 1.22103525627406e-09 1.22527393259768e-09 1.17094652803576e-09 1.26112155287859e-09 1.26553010328548e-09 1.34611937774346e-09 1.23608039038509e-09 1.2683731605602e-09 1.19927863103697e-09 1.26544456918949e-09 1.28423184736191e-09 1.3078544027517e-09 1.4251513882872e-09 1.35208689630319e-09
1.03961227509295e-09 1.09407476823676e-09 1.21587574854278e-09 1.09020219948779e-09 1.12403223305682e-09 1.03046677899552e-09 1.01042426639901e-09 1.16586878938089e-09 1.12185995013572e-09 1.20636449099334e-09 1.2183968760052e-09 1.219831201842e-09 1.23688285266846e-09 1.14213895684052e-09 1.05221752529591e-09 1.15432000855298e-09 9.92789189954313e-10 1.15436661824869e-09 1.05520900458329e-09 1.08672869022392e-09 1.21200191297434e-09 1.14455746417714e-09 1.23415899561196e-09 1.18250927834997e-09 1.25253480350297e-09 1.15116010459615e-09 1.18030638126264e-09 1.21821196342232e-09 1.20211712746083e-09 1.0239895504088e-09 1.29980319101083e-09 1.29009531273306e-09 1.20773914729851e-09 1.16660239989659e-09 1.22960916529291e-09 1.1572514729618e-09 1.22436807520124e-09 1.30542579856782e-09 1.35178962921811e-09 1.29801827821601e-09 1.17692157585548e-09 1.17591761081737e-09 1.18545600398748e-09 1.39685129867354e-09
1.00817170662445e-09 9.75322474569378e-10 1.22473011620827e-09 1.12977092495755e-09 1.11728620612791e-09 1.12552615758591e-09 1.2681657753557e-09 1.052926668907e-09 1.08043073780692e-09 1.10856312219179e-09 1.2037641404582e-09 1.20908208244389e-09 1.25543008505923e-09 1.1793894060658e-09 1.1698157968205e-09 1.09565870867183e-09 1.24416826132698e-09 1.0753645738846e-09 1.06726611274733e-09 1.28227225973322e-09 1.28778662092625e-09 1.23928410927791e-09 1.13280329361525e-09 1.20897466173207e-09 1.07483364068096e-09 1.03263221347136e-09 1.08179175303442e-09 1.2269240355319e-09 1.18728069310884e-09 1.19304067078258e-09 1.12177180146052e-09 1.17636748522598e-09 1.23564302895191e-09 1.21543609233197e-09 1.17714684329785e-09 1.2953531085766e-09 1.31386156796815e-09 1.20933546301858e-09 1.23267379593806e-09 1.25208015597958e-09 1.42009747505664e-09 1.22146738971554e-09 1.34803263301771e-09 1.39948936545014e-09
9.91873081355629e-10 9.93038961264978e-10 1.06231729617045e-09 9.83079945508353e-10 1.13207693803083e-09 1.17721851570906e-09 1.0976866913392e-09 1.2002357362442e-09 1.15527244937234e-09 1.10649850402644e-09 1.05303165005748e-09 1.07332553182647e-09 1.1938509648205e-09 1.12980535081222e-09 1.17964796871344e-09 1.23931468451863e-09 1.16224203741687e-09 1.18218014330754e-09 1.08813174478434e-09 1.16214756386526e-09 1.16621780020701e-09 1.12288569044019e-09 1.12460099258095e-09 1.13163217944106e-09 1.08723249708648e-09 1.13279911911577e-09 1.16937709564315e-09 1.16283237994803e-09 1.23504218352808e-09 1.20023408629836e-09 1.17910492003028e-09 1.14234755715204e-09 1.15954029713299e-09 1.28500085464435e-09 1.30385629087191e-09 1.17119531158768e-09 1.29099160402983e-09 1.21799524658883e-09 1.36387700498532e-09 1.39374067718864e-09 1.37184385081876e-09 1.32301875676166e-09 1.33464424994239e-09 1.26022011560222e-09
1.07529117803933e-09 9.87284134497561e-10 1.06809264406998e-09 1.12184373587038e-09 1.08690457760055e-09 1.08681292178549e-09 1.0779300754163e-09 1.0672829228619e-09 1.0585614557922e-09 1.05168238507938e-09 1.08064807925575e-09 1.04542943002314e-09 1.06512994326183e-09 1.19230004809941e-09 1.1821762892841e-09 1.15399792688432e-09 1.12092412182865e-09 1.20346927610617e-09 1.2042709984231e-09 1.21388207450895e-09 1.12185833118916e-09 1.16146319883758e-09 1.18658937694382e-09 1.13525093658285e-09 1.23476213282731e-09 1.2442452418403e-09 1.13937039308562e-09 1.22715826160406e-09 1.23893997218528e-09 1.1055136551277e-09 1.20022045540637e-09 1.21082576224084e-09 1.19450157592063e-09 1.17290643227828e-09 1.20961637550412e-09 1.10303715435342e-09 1.16560916718597e-09 1.26169386272424e-09 1.31611814694462e-09 1.4443916852225e-09 1.41712648270891e-09 1.16530486548115e-09 1.18336966265998e-09 1.3080301944025e-09
