wc0.5/PCA/Component-18.asc
NCOLS 267 
NROWS 470 
XLLCORNER 79.65 
YLLCORNER 5.91666666666689 
CELLSIZE 0.00833333333332575 
NODATA_value -9999 
[rows 357 to 377 of 470, columns 141 to 187 of 267]
-2.76723203614492 -2.89466818900616 -1.09361870090332 -0.302756475069442 -0.564389950100636 -0.127388883759049 -0.330673844595976 -0.261591872757763 0.296854299870107 0.198887995844942 -0.597627237802388 0.21297811173208 0.19624220169187 0.746492924555054 -0.223847599636486 -0.316634352595977 0.0379499277176892 0.00417854635164847 0.111410674834154 0.211013063941542 0.492678303006794 0.0442449498631099 0.567096930768307 0.536125728827715 0.761323876299776 -0.00900344715816824 0.233655268141621 0.0834343766126532 -0.489369263422907 -0.294371697283643 0.766949693352073 0.138528771784405 0.41168781282805 0.404585044994763 -0.621373358437824 0.842348543610741 1.0277483418144 0.45127824673194 0.445734577146534 0.547667336547036 -0.382630185373751 0.121939275587835 -0.0739844240751633 -0.0972111323989729 -0.137204290607429 -0.127748962509039 -0.573138033839964
-2.20395601408546 -2.43760791575812 -1.39302955869875 -0.151088470922722 -0.190697987738137 -0.217473123869574 0.217673369469615 0.316074144072292 -0.539218394166171 0.0623100875728218 0.0644257894069703 0.17368252809789 -0.197737065594613 0.138995917214035 0.347952476204876 0.148830087456572 0.302101724645684 0.358283665580986 -0.0669658537118737 0.445656791778532 0.529557976917517 0.280246607894546 0.524202492854379 0.369223499503939 0.48192103759529 -0.00321567779696262 0.18238218457407 0.340386978406642 -0.00293870840417846 -0.459725243520836 0.373294958057044 -0.248970244029323 0.173595738394008 0.572599862030426 0.667848940115314 0.0328416693527377 0.662028853695615 0.874410275265287 -0.748022758101826 -0.0388101608222451 -0.656277561894002 0.0847673859622448 -0.0523295975625686 -0.448906348143667 0.10060715336657 -0.490282085558023 -0.697882497965732
-2.96351049868677 -2.57589144914417 -0.770579267311666 -0.422517952792488 -0.458360123546429 -0.218038727914541 -0.063308189489483 -0.727627096259301 0.105701507203643 -0.397995590798708 -0.146420146295441 -0.444442791001842 0.271884605178779 0.276854050846814 -0.0304824896695911 -0.155587513430418 0.0198527660731171 0.00867355462188219 0.0441587751016994 0.442858202764563 0.135056519263219 0.132483453837564 0.0564905981704452 0.150993575219521 0.187206622943524 0.246666984830935 0.406566999448646 0.649852708396935 0.350185371982474 -0.027122987807268 -0.906436356552937 -0.14779909961629 0.0969374508232878 0.431491530079253 0.419398640859811 0.603066511858894 0.234407780194313 0.515921674201237 -0.519897018913534 -0.900115524643503 0.1324115831339 -0.301886958003069 -0.323010127723672 0.129159330938747 -0.33752119247635 -0.222831186359044 0.0551748015168609
-3.20464765458917 -2.82599869476017 -3.09331558659803 -0.828022167020101 -0.587254071080137 -0.140726833512698 0.0451292856741521 0.113482236527764 0.0007919560482417 -0.0302444135593369 0.139476481764199 -0.398169541511798 -0.288244609446362 0.02044110516515 0.171838286787315 -0.238210473936593 -0.157785231460169 0.440632939191754 0.0918900309909741 0.254494273405454 0.554368084951487 -0.0504624704151549 -0.470906410998598 -0.290525551203568 -0.260836504878139 0.334733348087803 0.41490880260707 0.301647327728197 0.5210102403046 0.241736931544123 -0.487323584959693 -1.10416562856814 -0.881832444567114 0.00430300086357829 0.365252067225977 -0.16551509304751 0.829206723986332 0.263174233253272 0.00812082936588861 -0.415205409019477 -1.28268794724844 -0.517302675380912 -0.442405883933402 0.0355475786539153 -0.681048138746242 -0.812753273979958 -0.62815840362825
-3.34542904150053 -2.07021838698335 -1.265771246319 -1.69998099730229 -2.13673005498905 -2.25329648868329 0.199287530437254 -0.173266368485638 -0.354987621662263 0.23642899808858 -0.16219204912428 -0.236281706834216 -0.477846296984632 0.82645108878668 -0.413150346406276 -0.595282696946245 0.153478221485091 0.266619976472185 0.0385750050767303 0.595501277666739 0.443146503667661 -0.00582473894450384 -0.0313819826851909 -0.00368503828600786 -0.311227352688304 0.18240478002141 -0.12010087810706 0.850229652231859 0.651934264647939 0.619408737512727 -0.784481212461358 -0.857178462848465 -1.15333073073297 0.0992235561066516 -0.963344885326203 -0.256176799331414 -0.356470588004057 -0.109727516676921 -0.054074567342126 -0.523935417761202 -1.29890468611067 0.0140399054738374 -1.12157430292254 0.11406110672099 -0.357512488694647 -0.391983895956166 -1.48646674277553
-3.79722990894048 -3.54325363216002 -2.32820564253794 -1.17158883999787 -0.742399805467465 -0.200866455359844 -0.597960806189424 -0.534403657610409 0.205865900072727 0.236110345297014 0.112312190869607 0.0179090922777791 -0.117200684126501 0.405393209636848 0.345809053858448 0.168718125437997 -0.0564058279703216 -0.0483012977288796 0.202094235237868 0.0519975414021933 -0.175828098231634 -0.330278707832163 -0.1417321339543 -0.222928401009639 -0.365188089865951 0.16880693735389 0.210687301069984 -0.145961589483641 0.11128710296477 0.478577592022293 -0.129168511392524 -0.39398768150822 -0.627187945556617 -0.750424700749886 -0.649949326333121 -0.632258414863868 -0.140223464930469 -0.65164791728634 -1.05221910339491 -0.607259468432428 -0.692058571971685 -0.623199095212344 -0.457139860385662 -0.661563980658081 -0.705268869233315 -0.940642813903763 -1.01535202894322
-4.15718776053846 -3.74669042782164 -3.02041728086188 -2.354210894851 -1.65164939486963 -0.765681169065872 -0.0768762951159509 -0.384273150958625 -0.518358031024895 0.172024370559398 0.023702502754279 -0.0285480417587349 -0.638545819574375 0.453500313800751 -0.323610242816799 0.409143916443888 0.212657751546398 -0.184215100625529 0.418895603523248 -0.0371850825349275 -0.130178595351289 -0.750844761549165 -1.34099144850945 -0.533108448432868 -0.35191148884559 0.531063576109451 -0.236074693729737 0.110650918761888 0.326930942051477 0.33971368151587 -0.386967921515489 -0.61293935808374 -0.601466952611117 -0.795714734674967 -0.619987273241898 -0.738684705032515 -0.778849650233382 -0.493841438024632 -1.09419056176829 -0.636808071287427 -0.682887480280803 -0.59433712768168 -0.0331129213552652 -0.778362260886777 -0.938294540200288 -0.854238849142179 -0.977261679378143
-3.5526926805616 -3.55077039426494 -2.07513390735143 -2.18058567216326 -2.50267494943971 -2.10454010484887 -1.58620310504905 0.140447444905847 -0.792994154143259 -0.0166941296320289 -0.140662738139542 0.127716679376746 -0.339082255362453 -0.504860038114193 -0.427862742314292 -0.352600987835691 -0.629505550657397 -0.0611189972688949 -0.358042432751407 -1.65677851677058 -1.53768494918233 -1.63364012256263 -1.92405277101101 -1.47751960302696 -0.407128034632807 0.125815130499559 -0.818350236400162 0.393270154738888 0.626195379842131 0.412225714637981 -0.346862023815367 -0.0173026509245268 -0.421671789565433 -0.413392523812529 -0.297085360218867 -1.08665507152564 -0.583983998050857 -0.922325002741078 -1.24690242096755 -0.298804294656638 -0.947683859579813 -1.21196502118228 -0.57818910147766 -0.646310864505669 -1.28563342332018 -0.756976514236298 -0.743803246334275
-1.30527562969617 -2.02818522501842 -0.264254634369531 -0.838171208609636 -2.56789890164541 -2.16437421144337 -2.46789907720764 -0.97656275410748 -0.00519723999631253 -0.108598951396804 0.44983467278922 0.183408817593322 0.384363771440112 -0.00546003100436768 0.179602868964208 0.0732822163423089 0.187939354094527 -0.369733308302402 -0.63231161269594 -0.295354410888321 -0.4358893722375 -0.545512523611554 -2.05012816662499 -1.80278728842522 -2.10251651957737 -0.200001978687838 -0.53941663561947 0.296323893889101 0.283661202297637 -0.32676502741864 -0.212907487604832 -0.637503206224686 -0.394226163680086 -0.417642192766649 -0.769117030677742 -0.69584608531731 -0.695341546716665 -0.793107798341563 -0.33481714823286 -1.04529552199473 -0.711058840444184 -0.756964005948008 -0.836631346336015 -0.497516333769028 -1.15303770296069 -1.2366467155624 -0.394131315799089
-0.000510835599915509 -0.939224752869771 -0.378357715599491 -0.00166509650303218 -0.0595772072918261 0.0214226397163659 -2.38070667540076 -0.954915641227659 0.0861910519110206 -0.462058715828181 -0.0104741872414451 -0.182538000860505 -0.0728939662154483 0.290320316995302 0.122399465709704 0.0993316117581629 -0.703989075693017 -1.31703456246617 -0.568270802224899 -0.69615049641456 -0.405917141000121 -0.437244952810274 -0.48401852335956 -0.640348369165198 -0.926623143329434 -0.0547553447732973 -0.975593367050715 0.485481578999774 0.648301102438177 0.80552341798784 -0.440871615658532 -0.226781797484139 -1.34512591912112 -1.18176054231758 -0.87838022446897 -0.977407503912647 -0.729248967975652 -0.607328357028152 -0.457320757819344 -0.919745661839066 -0.890196237887874 -0.74574176214071 -0.844504801247552 -1.50005165704711 -1.1098626388579 -0.635526328613063 -0.302847082692537
-0.249055066495655 0.569017132155536 -0.184329310049813 0.19948611984696 0.0624154943774566 -0.320222394463529 -0.0820962721952386 -0.0941220024041559 0.394957088816341 0.174798978566364 -0.20311592826492 -0.722622185493149 -0.547668526931237 -0.108861824447475 -0.266345902451393 -0.196028854194901 -0.419080690814188 -0.743760017519079 -0.297175283708044 0.359764587922903 0.80157044648582 -0.852700858369152 -0.769692940656301 -0.93661535119242 -0.453527278408737 -0.0689440431481352 0.0605049503817266 -0.0579104896787783 0.415339443270659 -0.264606303124891 -0.365415960946425 -0.37679828809417 -0.897037987545815 -0.449323869247301 -0.872913122769866 -0.683838252540296 -0.50967333477075 -0.937433735084541 -0.536605898997014 -0.506647579576021 -0.353911443837179 -0.714832443540619 -0.745283159443138 -0.852290259595173 -0.71063060261279 -0.503101370917292 -1.09403971597164
-0.191758457508797 -0.409200395878782 -0.0269071284048976 -0.0147330369283264 0.0499699032949272 -0.344356386204751 0.011919092334677 -0.0623213695059663 0.21712696325951 -0.112453005907225 0.00473902931049163 0.696926608907972 0.464197933733468 -0.255458811339109 0.0122462188943982 -0.0254711296987852 0.0478947379769063 -0.619342358591159 -0.396812123884159 0.217256024675691 -0.0605942945129091 0.219460690094779 -0.0470752682008214 0.36291671944384 0.55252844763209 0.0587090036039367 0.663124149033551 -0.0185066427745129 0.406402941459354 0.0965643510032047 -0.777344239684489 -0.629029380179472 -1.17637073211567 -0.87674860747754 -0.665105598317706 -1.07353575899712 -0.498586592545408 -0.837517471112294 -0.701419946869688 -0.507954741750722 -1.00422293085359 -1.12296081498829 -0.644628122087001 -1.12180076715088 -0.943539629274916 -1.1759182085802 -1.52223548688629
-0.0167338218817833 0.0493989693233008 -0.117594008459521 -0.608018522737115 -0.370613194957384 -0.0171057662123823 -0.373448921437969 -0.153916657643831 -0.76818275010442 -0.537725482677816 -0.191999786255086 -0.286990336329803 -0.643486063027827 0.333312687902238 0.433046700831493 0.507883287219977 0.597667901835772 0.0405692519043323 -0.158910888403307 -0.482015095452236 0.177924459003294 0.141351593212335 0.236373647252811 0.512487336349018 0.977882235937929 0.634620599749704 0.457428890390397 -0.124152318314921 0.725842000117064 -0.235342113129876 -0.670562361489676 -1.32486985823459 -0.880293575283146 -1.00741673094242 -1.12634970810828 -1.10381144097075 -0.306375434078777 -0.42480687005489 -1.50910033451423 -0.679149294098761 -1.50577143853421 -1.19066219237627 -1.2811055544269 -1.62146187790957 -0.928493327075204 -1.2095899949299 -0.51670164918516
-0.133326450712337 -0.146245868183328 -0.59508105374554 -0.634154143961706 -0.2446213814982 -0.306684037450453 -0.502836566472444 -0.386013497271268 -0.493090842694876 -0.521891010890398 -0.622459395146869 -0.449367364771465 -0.46246444245992 -0.254610783583754 -0.268144929703954 -0.212640370236519 -0.297388998752474 0.394128761659798 0.137242799362795 -0.566131934848627 -0.717820578366165 0.396721506683019 -0.348956975615103 0.418868552813625 0.0709342693321454 -0.0644761291971647 0.240228776546592 0.633908533219624 0.506938278172697 -0.372358221954699 -0.231169815433466 -0.904569714439508 -1.05013012650284 -1.06240695257323 -1.06194218416231 -0.663579688040844 -1.28069734526258 -1.37747201589102 -0.930638334068647 -0.620670434793879 -1.12911415690337 -1.47456043726237 -0.733297187359072 -0.925799497378545 -1.40430498846426 -1.22440210203147 -1.29994364590004
-0.514142069637738 -0.488625512390882 -0.863768153245461 -0.357490653676695 -1.04527761363309 0.113805195807731 -0.515151023344459 -0.251997336052476 -0.935228346025889 -0.204315774214747 -0.59291212113437 -0.683116376538025 -0.828658732517369 -0.674160599921235 -0.535081736088861 -0.367960421458601 -0.802662979626734 -0.212878604449641 -0.773836814424301 -0.275292440063445 -0.568942099618363 -0.0711741860409708 -0.292816076402012 -0.424756997174021 0.48427758772725 0.0669743749982113 0.516251712833539 -0.359995450704967 -0.304327479716764 -0.248062002809838 -0.408591756935928 -0.95487953838733 -1.1196379280351 -0.835759999691032 -1.04949606055845 -0.593686539140177 -1.03552614109183 -1.03343436270358 -1.61030099367136 -1.12153159176888 -1.07893748229809 -0.732820794427429 -0.756903506344415 -0.563422082882703 -1.59627750773836 -0.869952066483547 -1.2385753279113
-0.86664390103945 -0.555113938066596 -0.745442697546104 -0.730369743751472 -0.179502586287289 -0.398908787901638 -0.40175388879303 -0.883354838393053 -0.45846174846753 -1.00897149953054 -0.864087842898111 -0.815771659159728 -0.174016454931955 -0.973678636109042 -0.146055495976364 -0.818781028824788 -0.675376439353411 -0.842524647538678 -0.493626024215117 -0.875466774318199 -0.37050227059067 -0.688930670661114 -0.158556030391772 -0.546440231675949 -0.278125233910361 -0.427958632112775 -0.229861105390623 -0.146299004663344 0.234660551491074 -0.265826101966079 -0.691966482953018 -0.894799536846347 -1.04692717845362 -0.749948174828959 -1.20124360943989 -1.02532602296957 -0.727040684410662 -1.36324619983457 -1.32521674734667 -1.17088850940435 -1.47493485570335 -1.20787671946872 -0.564326431682318 -1.50288141239198 -1.48752350705516 -1.17501226894973 -1.21168648177655
-0.742138894050289 -0.338506864626337 -0.319886046608652 -0.7892983245228 -0.414832613970588 -0.314079007314229 -0.882558221765176 -0.731698040600959 -0.0775680863139463 -0.643003023527841 -1.01456542410268 -0.998431311293734 -1.0054274083377 -1.09271482250725 -1.41890336849544 -0.766044598831234 -0.721079632131453 -0.655572140672871 -0.302895526874601 -0.618857553550894 -0.472231209586016 -0.52373221908116 -0.738783955733619 -0.214589778306664 -0.36439162934498 -0.214523511022485 -0.688831942341566 -0.275831747126954 -0.929984982046722 -0.877429746199958 -1.03355777889152 -1.42515094941712 -0.97554001796391 -0.972900892853191 -0.560021225665505 -0.618700214901441 -1.35987526662609 -0.959363623028008 -0.964345883550956 -1.01744023640341 -1.51018501293871 -0.722272036853212 -0.867068916227088 -0.78235182388123 -0.815103868702626 -1.55519297935237 -0.945657749872755
-0.841238600029514 -0.61311510645062 -1.16893523755247 -0.914663661791647 -1.26059402682771 -0.552448565277678 -1.08775576127592 -0.532086705753716 -0.657889270332831 -0.630788531310235 -0.835109782445727 -1.47087326626635 -1.22061309239345 -0.936047863565103 -1.09401679141527 -0.431748343366446 -0.539543880655668 -0.221437682650837 -0.483545989174744 -0.827813473280994 -0.422015836238112 -0.221542422469335 -0.689644474546716 -0.168147409130556 -0.91190806524961 -0.828580017940102 -0.347344526607843 0.311570317717314 -0.638484836383263 -0.786506140118505 -0.653724189117746 -0.826480298369306 -1.25812948182467 -1.0891715695862 -1.44246182784493 -1.17930913986625 -0.215907530492205 -0.92521325758836 -1.09225834634195 -0.756630016781697 -0.715367476906525 -1.31648817233802 -0.543779761060442 -1.12436456411914 -1.22932178016112 -1.26256864597364 -1.02184230117881
-0.803870933989496 -0.784533877092188 -0.86704057385861 -0.590488007182154 -0.392365437074731 -0.719720240849167 -0.991297754600248 -0.71855458815363 -0.613945136295458 -1.13197298620041 -0.748219397527787 -1.03336547505154 -0.926699328514487 -0.845941523488372 -0.641195574872278 -0.437126800261825 -0.163024823474778 -0.201542209369286 -0.398145300020547 -0.367997354411868 -0.809213964082057 -0.859155121972595 -0.307948519735598 -0.507528774359659 -0.770202109272951 -0.69406818794966 -1.05185789748353 -0.989808508254357 -0.382483382740202 -0.916827617690164 -1.27725992155051 -1.02722444911066 -1.21072419529057 -0.878042117857697 -1.34091229096858 -1.29768091671792 -0.711675583108303 -0.833140019047957 -0.988942280223024 -0.895935723765721 -1.37596640238595 -0.936608841303339 -1.00106831845244 -0.812977588117384 -1.06489549446642 -0.928466318075574 -1.40427776701405
-0.440158702471024 -0.558827654350977 -1.1661229328086 -0.415468983008901 -0.647601954586536 -0.899027845012952 -0.606103022029664 -0.827533875922294 -0.883150719531801 -1.51585690664806 -0.782451121764233 -1.51996850153227 -0.730054054605238 -1.23151020370092 -0.710687315893319 -0.271366349334975 -0.79896130821925 -0.290647068725689 0.214770730739609 -0.204879635064388 -0.424988368771151 -0.0199653502896174 -0.174270687962928 -0.144054583629605 -0.526852256376529 -0.615502366720923 -0.47147538704775 -0.711298956715837 -1.0508382097184 -0.812652410355604 -0.900723012220205 -0.904132597740304 -1.33357713246445 -1.28814869687476 -1.08515096524082 -0.708358587196029 -0.334274207259955 -0.532543345205049 -1.12869805132932 -1.10513839206745 -0.699249164602357 -0.535267455036361 -1.04033982666347 -1.05009222435362 -1.38412782518179 -0.624367353728876 -1.24367251952985
-0.791545191181316 -0.682403460319905 -0.584104336717727 -0.806674268074072 -0.395157690652461 -0.271892638175114 -0.559676221749171 -1.13241474460568 -0.966484848535372 -1.21940922983997 -1.63815624838054 -1.15724169002674 -1.14429006358672 -0.934651005432363 -0.57309848794076 -0.686508019108987 -0.905008482696231 -0.867570224183742 -0.930211421380072 -0.598192880411192 -0.805687170835097 -0.619169201424008 -0.3265862611177 -0.0442928835726981 -0.278756525858273 -0.477246771689223 -0.571310537195295 -0.585280655640562 -0.343162274643833 -1.01284426899894 -1.36236156174608 -0.826105133858668 -1.34821248200376 -1.50565242702116 -0.516887824191154 -0.381064694357424 -0.624271151283918 -1.28129676656412 -1.49623628043425 -1.22457343439777 -0.81784704900822 -0.416740264499553 -1.12843213146933 -1.7001883514391 -0.992232644382321 -1.63572885376765 -1.74078588612233
