wc0.5/PCA/Component-14.asc
NCOLS 267 
NROWS 470 
XLLCORNER 79.65 
YLLCORNER 5.91666666666689 
CELLSIZE 0.00833333333332575 
NODATA_value -9999 
[rows 63 to 83 of 470, columns 94 to 140 of 267]
-17.0103232912364 -16.9154344172739 -16.9056760798256 -15.987254734342 -16.4623514903687 -16.4636687960899 -17.359287717923 -17.4395602628776 -16.4777748732216 -17.239400114843 -16.1891561399092 -17.0678134215713 -17.6791602579541 -16.4504716237124 -17.2043140771515 -16.5445615317178 -16.3561265090101 -16.1835252972961 -15.4877110467798 -15.3581269667157 -16.121667369607 -16.1867795008083 -16.0183554112222 -17.1375269407678 -16.9016514304912 -17.4595200547596 -17.164060546856 -16.4897574104785 -16.8096130330413 -16.4485860856565 -15.8563289225099 -16.879450760416 -16.1506148806389 -16.3678623197153 -16.50952896892 -14.6995314241481 -15.3936198075881 -15.8562824464659 -16.4115279205514 -17.2805710365168 -16.959672265194 -17.1659896102121 -17.1696584647768 -17.2530393355846 -9999 -9999 -9999
-17.0054497228277 -16.9968216878999 -16.9284228146643 -16.7128899384587 -17.5791814421597 -17.4537346485582 -17.2952188305778 -17.7651881106558 -16.4799343419092 -17.1722087102008 -17.0218898453077 -17.7731825155215 -16.3046278656269 -16.4443837360167 -16.1750400335918 -16.8756836556924 -16.0959249410318 -17.8533091986054 -16.4284791683034 -16.3572188660593 -17.5982067191411 -16.1219324878794 -17.2893891831194 -17.2902179924267 -17.2693257196787 -17.1122710670274 -17.1091862567917 -16.5737702967882 -16.8042465752958 -16.736195326281 -16.7405856107959 -16.7660415086763 -16.2053056771801 -16.7653369920557 -16.6124275324188 -16.0393858174201 -16.0068809933796 -16.0175237953072 -15.4449047516115 -16.5839820528023 -17.2083626852064 -17.1527179619217 -17.2483659269396 -17.2909791014725 -17.1979624415132 -9999 -9999
-16.0870522920303 -16.9843841094621 -16.8542061374347 -17.1356188549443 -16.3608989149971 -17.7246221621245 -16.7121367629828 -17.5237063482796 -16.4845995808253 -16.1765281313843 -17.4677942899803 -16.8678257002051 -16.274321587108 -16.3139533618333 -16.0532749695934 -16.9151611759224 -16.1026024641399 -16.7204913947685 -16.5444409856442 -16.2340169256436 -17.8764365129053 -16.1185538172108 -17.1943681653213 -16.133822014668 -17.217332713282 -16.8626040639375 -17.2407364022857 -17.2317118262783 -16.9492704338096 -18.0788349986209 -16.7654220914316 -17.8460167804895 -16.3141786215152 -16.7929405380783 -16.6045614039059 -16.418437170669 -16.1168765856403 -16.4487688242339 -16.3061608743784 -16.4232918931609 -16.9689562052269 -16.9664339667147 -17.3230588069019 -17.3537473084766 -17.1799832181617 -9999 -9999
-16.3174551328697 -16.8240054834484 -17.2811636317198 -17.3282109936064 -17.1766377359551 -16.9008802418249 -17.650291997489 -17.1482273740556 -16.8805361672756 -17.31680997716 -16.9217883342127 -16.6376026676945 -17.0952248065025 -16.5214700968605 -17.2600895071818 -17.86945731504 -16.2078226857675 -16.8780436419261 -16.0588362296142 -17.8425687055942 -17.6276455305208 -17.9250701448317 -17.6633652649993 -16.3177484010799 -16.3189175848772 -16.5563699572993 -17.3161150298251 -17.5080473116061 -17.8236606511778 -17.6833317295094 -16.9475207141179 -17.3384149972891 -16.5834977747593 -16.389219916559 -16.5131388883992 -16.4036714686308 -15.9013357233598 -16.3472698186605 -16.3505523437139 -15.8869702696998 -17.0807228966324 -17.4382647576296 -16.3537563684032 -16.2156962730135 -17.0248978572407 -17.2291968079177 -9999
-17.6173440633913 -17.2699924104087 -17.2791758446428 -16.6627644272445 -17.3882326403413 -18.18268083333 -17.4424494081683 -17.7397819352208 -18.0424722487517 -16.6796951089049 -16.7140666320067 -18.2727322556788 -17.4697513077154 -17.7048165236453 -17.9318745043354 -18.0534941060534 -17.7704209824717 -17.3729217162085 -16.8662594313843 -17.8611877587204 -17.8278895160687 -17.8375207041499 -17.4919019147131 -16.9341070284203 -16.8619016797414 -16.670062884676 -16.2560942365002 -16.144897372505 -17.562575969318 -17.6778622853296 -17.3395608905559 -16.9657833460764 -16.5977173761763 -16.4448063559571 -16.1505268262804 -16.4014005574238 -16.2883654922406 -15.543082571439 -15.606505563657 -15.3564777053991 -16.066158020237 -15.8940132103424 -16.3574477907127 -17.3722883145993 -16.136386813597 -17.1776481771114 -9999
-16.6602692974194 -16.8318257299568 -17.6811699454994 -18.1804899220551 -17.4729220742114 -18.1948638626749 -17.7708552043777 -17.7433139728784 -18.0236059236259 -17.9615916736811 -17.8969057380998 -17.9586196942838 -17.8052504541038 -17.9673202561095 -18.0986319740488 -18.4232380543394 -17.1739251496634 -16.9918668092542 -16.869638124444 -17.8972086886915 -16.5098659007755 -17.3115679629753 -17.3859615605139 -16.9756041822196 -17.0574213355882 -17.267873196412 -16.8659687903148 -16.6830334597081 -17.1230306768149 -16.5530165478242 -17.1915864829549 -16.8384646268706 -16.4706888408666 -16.8652434118509 -16.3610840442808 -16.534361685978 -16.6783453823067 -17.0839849426798 -15.2678910841251 -15.4051766053394 -15.7835780508868 -16.6540804570849 -16.0141872309855 -16.4055081146128 -16.1802049749061 -17.1515175213798 -17.0305994415106
-16.9269949687313 -18.0173703147358 -18.1604662850779 -18.1754217308941 -16.6083048056986 -19.1098698042741 -17.7724107716718 -17.6859003660475 -17.8839228846255 -18.1289610496041 -18.1721450248499 -18.10453857881 -18.4174306098297 -18.6892253248937 -18.3385677232535 -18.549784038619 -17.6420741677119 -17.4408585560535 -17.6831490864971 -17.4594289108298 -17.6392288855113 -17.7378682292344 -16.5776518490587 -17.0302154329836 -17.2692274215768 -17.2253728129273 -16.6115402913226 -17.6608407449338 -16.20716651086 -16.1677389491648 -17.0693510973645 -17.5602054867902 -17.6437685572666 -16.364981109567 -17.6588980043118 -16.5594570217867 -16.3981908620354 -16.5412910876586 -16.4148963394018 -16.1233921849536 -14.8109960579618 -15.7710906145542 -16.2193496735849 -15.9341337738739 -16.2816365501774 -16.1071990970131 -17.2255174084814
-17.3338918592391 -18.0279903997707 -17.7369794292006 -17.8064629806646 -17.9866992220188 -18.2378704312073 -17.855935440408 -18.2856399931466 -17.5834356481197 -18.0604891119864 -18.4493078175331 -18.4145308356243 -18.4728155643509 -18.5346608386131 -17.4551621426475 -17.990479508326 -17.3257843610585 -17.3093127113773 -18.1521116197942 -17.4032605950791 -17.9680042269068 -17.1481993150132 -16.3980437537057 -17.34713599351 -17.1791662308007 -17.3241022212766 -16.7517185881539 -16.7557109579438 -16.7137717032158 -16.1305598827245 -16.8421655571175 -16.2175760124614 -16.80979885273 -16.7696284880337 -16.7028589222487 -16.9746055270759 -16.7070749511926 -16.4247933772524 -16.753849952032 -15.9744003474978 -15.5256005743863 -15.0157558822036 -16.2387402515145 -15.9317987328236 -15.9565615816035 -15.9467408214048 -17.3952623237051
-17.819983160364 -18.0254778478009 -18.0340344834516 -17.798818551946 -16.794909588197 -17.5956306334059 -17.8930864917667 -17.6011328681193 -17.4884325249949 -17.9486260366036 -18.5201479331697 -19.1183383129713 -18.5345793020884 -17.918618687246 -18.8649827967905 -18.0148155744851 -17.8329480784702 -18.3487410519982 -17.5180138398994 -17.9267872562125 -18.1232373258745 -16.8785203211563 -17.7474708197837 -17.8705751325845 -17.2948271632649 -17.3420443365729 -16.9456559025019 -16.949163536299 -17.4932072196802 -16.1323967044427 -17.6163060525353 -16.9164741883021 -17.4059504848551 -16.9469162464685 -15.8007837145757 -16.8672687908141 -16.4148542487187 -15.8605453203467 -16.6463135684905 -15.7223267631376 -15.4874789413318 -15.5107168975732 -16.183331619628 -16.1872835983228 -16.0775247969624 -16.1272885371481 -17.4608964990314
-18.2316129210474 -19.0027434739516 -17.8970818987527 -17.581620854725 -17.1661602141599 -19.1435152944184 -17.8535328120225 -18.0360576793094 -18.7117560885196 -18.7184172842415 -19.3581121340335 -19.0082837303113 -17.8733281058205 -18.8724494893838 -18.3497453212741 -18.6207414146322 -18.3771909109096 -17.5406397817286 -17.6805385158411 -17.4508067182059 -18.5189595280082 -17.9989086073873 -18.0679288630574 -17.4937272955123 -18.1943742870222 -17.7617232682138 -17.4447446221814 -16.7905487080056 -16.7768116097913 -16.6422660221075 -17.6109395947899 -16.8758429739048 -17.2896906077734 -16.3265210058552 -16.8346544869549 -16.528741849706 -17.3320587150363 -16.0694693610789 -15.949194870343 -16.1227390899573 -15.7840559481733 -14.9747174453048 -16.5360105317425 -16.3802609423947 -16.7584958833001 -16.4791335848511 -17.295625024721
-17.7927234634021 -18.9673039175739 -17.0296648493241 -18.0959947534934 -18.0144941118428 -18.2424587163067 -18.2362962462041 -17.813306326881 -18.6528555302777 -18.1367091997674 -18.3053463555296 -18.1750562430376 -17.7009871854723 -18.0073934661191 -17.5380444799098 -18.6286675551042 -17.8734772576673 -18.1439308177578 -18.2019583959394 -18.0083758790457 -18.4722251450913 -17.143284476627 -17.4709751061872 -18.4414347958931 -17.2169536663433 -17.2252969572673 -16.8046687548579 -16.9739017863912 -16.9986284044547 -16.6581722052253 -17.0828989673503 -16.5501917266776 -16.4419552999239 -16.7441063498396 -16.9520349136087 -16.486729306835 -17.0222603636737 -16.3206072517445 -16.3782078446537 -16.3826206969134 -16.6779203779408 -16.4264457351773 -16.0011484148926 -15.925910675245 -16.7187398008715 -16.636676235785 -16.2577080102866
-17.5775939719474 -18.1262757115316 -17.7265060379729 -18.5568886055061 -18.4091094859187 -18.3822387357751 -18.8473434203351 -18.7816978032792 -19.5417378931682 -18.5280839583664 -18.9973036374629 -17.660605872694 -17.7433908677307 -19.3301402859422 -17.6140427250455 -18.2933223037842 -19.3800714096722 -19.0644387610864 -18.235238929031 -18.6979121704601 -18.4800439132122 -17.4535739352083 -18.4290101777597 -17.1656472092041 -17.4164444556317 -17.7969453291897 -17.5074086271199 -16.9711189914938 -16.4073298193946 -16.7287180507694 -16.5434090586474 -17.1148339761453 -16.7392880657573 -16.739844296047 -17.6193229272717 -17.5989398868115 -17.6293028485441 -17.3445448869189 -17.0070309289321 -17.5186764358409 -16.4312793613613 -16.6782105618369 -16.0862850127581 -15.3833577819735 -16.7822316642403 -16.5192563747971 -16.5852787545597
-18.1055694477545 -18.1558496187507 -18.5661193589855 -18.718024657208 -19.1193557543881 -19.0667207892449 -18.6561313805002 -19.6801049299592 -19.0731327031766 -18.124007572653 -18.592276637921 -17.5834550302253 -18.1894913455938 -18.1071430001738 -18.3000030329309 -19.1684068078351 -18.5460302411852 -19.0557164427294 -18.6357497084275 -18.7763390508676 -18.6292538274065 -18.6820261018549 -18.599751449306 -16.8756381597739 -17.8002598759399 -17.3341398007974 -18.2575457793748 -17.7337536250191 -18.077126571687 -16.7202560464855 -16.5851138787005 -16.7377687547126 -17.8911517046486 -17.5828432761976 -17.5692120476632 -17.6128320801515 -17.7935176216144 -17.7988260639735 -17.09641419931 -17.2266377225477 -17.5758037800018 -16.8286948081133 -15.8828179730105 -16.960577259368 -16.5861053934897 -16.4919099406299 -16.460238006327
-19.1315966348631 -18.1259967761298 -19.1785660789812 -18.5928186898663 -19.1880887878892 -18.2270265949871 -18.1970472551825 -19.2593742488899 -18.3829416670512 -18.4829360127146 -18.4864497643341 -17.2787513476137 -18.4383915475635 -18.4342765559628 -18.6251768897376 -17.9859437908864 -19.2107358975551 -17.3658248851025 -18.5548444680563 -18.2740949494926 -18.5520207333668 -18.5534352124175 -18.3724007573951 -17.8642022786036 -16.8772456493914 -17.6662844271757 -17.2396147425869 -18.4495539265965 -18.0542335001437 -17.0274149472776 -16.7807117300677 -18.27688957849 -18.0770034800728 -17.4709103258163 -17.9876328360517 -17.706734799778 -18.0333555719753 -17.8528726360764 -17.6161137399535 -18.1607842867618 -17.6906360993155 -17.6982451809745 -17.7148133342248 -16.750303506541 -15.9123591135321 -16.0152018409002 -16.7876584022616
-18.6412931365925 -19.7525594268517 -19.7200264009865 -19.7489848553241 -19.3030315375742 -18.6472833817601 -18.7677972251612 -17.9407427368265 -17.9417879908213 -18.4547350811192 -17.8196563124077 -18.7469380817917 -17.8702207362394 -18.5313687953138 -19.0194903545872 -19.4782914339921 -18.8988717590296 -17.6755077053891 -18.6953390766557 -17.5846371970686 -18.5492153707246 -18.2098068866008 -18.7282702196707 -18.227331580816 -18.4412297038023 -17.8698845156472 -17.8742748001621 -17.6585424519151 -17.3928654943699 -18.1205484406872 -18.4652875605533 -18.4729319892719 -18.2827819849528 -17.9613491826318 -17.9259716971951 -17.8262001940067 -17.8185612051804 -18.3210001003858 -17.395671660989 -17.6662120781687 -17.9823082644055 -17.9706878883205 -17.0605365930941 -16.8158896776382 -15.7302753304746 -15.0065554334188 -16.5608617931789
-19.6477473059868 -19.9461645196442 -19.8149968982989 -19.6100888366167 -19.0872483194038 -18.6452955946832 -18.49106550288 -18.3840638542349 -19.8916381254453 -18.6776375612065 -18.6855442481168 -18.8059424333309 -18.81008317576 -19.6026782236163 -19.2449167875134 -17.4932579742869 -18.9589210295595 -18.5386244944352 -18.6469080878618 -18.6925579033593 -18.5215237147373 -18.4253175350535 -18.4107271666092 -18.8914661331361 -18.3299714789359 -18.6089925991289 -17.7072167531677 -17.8376982563526 -18.5792635031941 -18.7097166255293 -18.3402468123206 -17.1543086850377 -17.0061303355111 -17.5765600096074 -17.4774680511768 -17.60595595418 -17.4716648221636 -17.2065225072315 -17.7972177463401 -17.0298707563747 -17.0542235966547 -17.6069044159898 -17.3937810567454 -17.4210809704845 -16.9653645950015 -16.8253411795271 -16.598577061752
-18.2498600147588 -19.535882023028 -18.8957566123939 -19.4319172928782 -18.4406157498845 -19.2507520600147 -19.3619122297071 -18.904524808181 -19.1488707816834 -19.46967555217 -20.205373121592 -19.1910651905444 -19.9240501553335 -19.3180040509385 -19.1169100209624 -19.6193290690455 -18.5415958877214 -18.6764392945715 -18.8013551922573 -19.5052949515901 -17.5225532466855 -18.5322826572123 -18.2296037274807 -19.6317779039733 -18.3209993221955 -18.4217405133796 -17.731621810032 -18.7229433367216 -18.5072122831869 -18.4635482511677 -17.2666617741887 -18.1845721916899 -18.8510761232143 -17.8501894226748 -17.5797589940836 -17.4637761259059 -17.3000619785798 -17.1397724423164 -17.6304006234652 -17.5087084424323 -17.0477897061591 -17.9408976046717 -17.5260256511699 -17.7819611783066 -15.9830295590156 -16.658981994738 -15.8993061080707
-19.0232624691581 -19.4215102178236 -19.1618353740413 -18.6907646126165 -19.4285375944954 -18.8743346816903 -19.0975392158531 -19.7537629660265 -20.3386107126838 -19.9948575158065 -19.9474685766306 -20.2554825867134 -20.188661991628 -18.2035435514626 -19.7876873037643 -19.0233773838236 -19.3098689174366 -17.7573442827611 -18.1981365616739 -19.5670544912345 -17.9639758692575 -18.3545656034875 -18.1924181399154 -17.6945004748977 -19.7849982783842 -19.689902376924 -18.0547774756309 -17.9029851013421 -18.5635355315505 -17.9213753184226 -17.2618911922143 -17.3065335219631 -16.9276951054165 -17.1071968168859 -17.8344676944514 -17.4237902309674 -17.7149659388949 -16.7485069646194 -17.1076055523205 -17.0261781933096 -16.8986904353487 -16.6472501829684 -16.7462292539049 -16.6639971100478 -16.6225475175983 -16.0711645300902 -16.675099537411
-19.700147453063 -19.8280394802951 -19.0749560914908 -18.9802518695441 -19.4669984550799 -18.7627315030552 -19.5441882609887 -19.8882711601037 -20.0253830483499 -20.3026404669459 -20.2904459744958 -19.8109588001499 -19.3369505148518 -19.5180423227751 -19.7978195452616 -19.0191575421306 -18.945265819823 -18.118967105917 -18.9871512840121 -17.9411331829912 -18.670961847635 -18.3758664986319 -19.5744869970762 -19.71097751047 -18.5594474810698 -18.6142900364783 -18.7275966474924 -18.047264962161 -17.9438001697817 -18.0368312770098 -18.0539266422846 -18.049180658998 -17.2151654346269 -17.7340243858584 -16.9000091614872 -17.2451810686099 -17.6361110541656 -17.2207125381135 -16.938863540418 -18.0456908701296 -16.8910871670964 -17.1775489670874 -16.9856898451582 -16.8643440820299 -16.4474082454694 -16.915133647116 -15.9513457882867
-19.8615039958586 -19.4745188088052 -19.4625121032089 -20.4760717359497 -19.2404833771801 -19.8057495769226 -20.0627596175188 -19.935473258343 -20.0200165906044 -19.9302613437612 -19.8889094788371 -19.4685789021583 -20.0420736992685 -19.3406419371613 -19.6765664189389 -20.0269959124218 -20.0364469628073 -18.1625399719728 -20.2039633497765 -18.4671745578325 -19.2607606728561 -20.5461745099188 -19.1441222117867 -18.8510380551958 -18.2111569065707 -18.3414313822579 -17.9723892391272 -17.6490351540942 -17.8208701302138 -18.1478159963286 -18.1242806655159 -17.9648850392954 -17.6512689109399 -17.679719985848 -17.7094406140643 -17.4228669028026 -16.9020945522314 -17.0268480083336 -16.6715491080316 -16.6580690178108 -17.4561964732721 -16.8322168041889 -17.2460093145533 -18.1980381091918 -16.4718317755333 -16.4324506982003 -16.098342965443
-19.6931829087264 -19.865221302902 -19.4164510029795 -19.0191673257992 -19.9284858665023 -20.3208778364539 -20.5153292736177 -20.0479294793185 -20.4132255048948 -18.9658225982037 -19.6720248801812 -20.1710974546337 -20.0191746968493 -18.708176878636 -20.1426290078641 -20.098909783452 -19.6065434819985 -19.0298232019366 -19.8306796733923 -19.7301115900434 -18.9336434021369 -19.9658496666095 -19.0110369369108 -19.0395883813297 -18.8779026051856 -18.8634117913059 -19.6865685948983 -18.5487410824805 -18.7086640447253 -18.6370466645528 -18.8082033966837 -18.9232149989894 -18.2671999391587 -19.0433878126652 -18.6808647189517 -18.6183427313445 -17.4956820359632 -17.6360101507204 -17.7371937541952 -17.089222507488 -17.1973903259749 -18.2112886581554 -16.9210457534519 -17.1323186514918 -16.5156966823184 -16.668049734388 -16.5547146589016
