wc0.5/PCA/Component-13.asc
NCOLS 267 
NROWS 470 
XLLCORNER 79.65 
YLLCORNER 5.91666666666689 
CELLSIZE 0.00833333333332575 
NODATA_value -9999 
[rows 147 to 167 of 470, columns 98 to 146 of 267]
79.9227724253213 80.5391520407237 79.9275668975509 79.7992569359878 80.3141024926709 80.8599122866445 79.9943449760131 79.7097576870699 78.4116385028189 80.1064862007616 78.9535510728192 79.1310204235625 78.6873344258921 77.24565740649 77.4942800161455 76.5899874359575 77.6071104644978 76.1513916756924 76.8932939859376 77.1105235714667 74.7743639434582 74.7904123636492 72.6457665449442 72.2061522176494 71.9381554199953 70.9928584425888 72.23710064319 71.394318969375 69.6147763463615 70.6096875617328 71.2393871289515 70.4168101794658 69.110607992297 69.6158262706924 68.8816296570635 68.8677844790686 68.3855241730244 67.5905510948921 67.1600913927011 66.5438867143388 67.0125366494681 66.062086146714 64.3996555877908 63.2180670722669 63.7307100145175 63.3811546321794 62.9733095119446 61.959947378273 61.6254506361047
80.2020221763934 78.9456240641583 78.9924836674225 79.9689392850055 79.9524279021076 80.0052907959402 79.6829074423825 79.1788121957825 79.3320268881325 78.5628148116394 78.8794148101791 78.9130791087185 78.5716264004477 77.0990321396891 78.7250332669294 75.7846747194612 78.5463525669042 75.9900270991928 77.1523809067743 76.4076281015599 75.9224798339195 75.0517617625212 71.8112913174431 73.2909862549377 72.2045505892344 72.5391517409574 71.2345849757243 71.2101309387692 70.4038634351577 69.9756076586298 69.7158218458135 69.0552935652291 69.6543377523931 68.5182045628707 68.0086264945637 67.6569202381449 66.804800381724 67.779170895326 66.2858028984399 66.1378240572678 66.7346943446125 64.4549616084586 63.5119498130047 63.673594153123 64.0274656151953 63.4084302203263 62.2347430486458 60.9445683293748 60.3019167778282
79.674101015263 78.9786315556408 78.8499056361921 80.6738654914631 78.8551124230079 79.0272915670837 79.5210132670363 79.898924108285 79.4111794928058 79.2331752684001 79.5459826626158 79.5837832410649 77.0511845171748 76.6039202367768 76.1068852218078 75.9206799094913 77.8512563677003 78.5328981612743 77.6068637033967 75.2600908417307 76.089268622175 74.6871100836467 73.0453835330512 74.1034669229562 73.1057450588546 71.8694325637954 70.8984097554222 70.7792047781959 69.8725592791052 71.633979076176 72.2950181351641 69.3918190527113 70.357101228677 68.41107083966 68.5627132767782 68.7017819347643 68.501845248957 65.60823234784 66.4854173426542 66.1834813448909 66.13583326675 64.3069100554447 64.4586734782266 63.4813025096248 63.7469332063219 62.6943930615879 62.327580490667 61.1562239066818 62.0968187187788
80.3771664282199 79.0487047018643 79.8091819731979 80.2489560948653 78.2965415762986 78.7859393285121 79.9471463641248 79.2018733751289 79.4592374627482 78.7753341543221 79.0757509998875 78.3596861813479 77.1483009999246 77.0666555435102 76.5204878616868 77.4486311020162 75.9304719026311 75.5206557575039 78.1473082621916 76.497010515581 75.4961228932366 74.6202411210001 75.2409590070514 73.4738111102229 73.3529235209825 72.8311266074349 71.2319767218448 70.9358943722866 70.8512869604773 70.6588671832249 69.6590152061386 69.6848613894526 70.7789343481542 68.6348503791825 69.758143347567 67.7676694761336 67.4995371518824 67.5000864160814 66.4663147100062 66.249974335985 64.6773486617044 64.9632666136589 63.5304600982985 63.7235492954632 63.2292386786632 62.9230029679463 63.1337918206772 61.4861149633224 62.3497965710231
79.7410017123778 79.3041661323141 78.7088794823861 79.1323002816143 79.4302310050084 79.6563541826046 78.0261421172187 78.7013318804459 78.9435002643692 78.8550719970075 78.6203659636736 78.9278850517466 78.253671549041 77.9188960093392 75.7564980525135 78.0590840991367 75.8305536938068 78.7923131773438 76.4664171292233 75.1694060929407 75.3069394957173 74.3107574663442 73.4295145407533 73.7855043278717 74.393982960839 71.6286188603577 71.5205979277691 71.767477709556 70.8549113040614 71.2415351348111 70.901169023186 68.9136546831308 69.1942842556757 69.7989312082925 67.9553040720593 68.740523643182 67.2056628129413 66.5078228665685 66.0998225315853 65.3905805704412 66.9005356303017 66.318308893759 63.7205871266089 65.022639256949 63.2547049404085 63.2591072622682 62.1561736835619 60.7008827814004 60.3635843117203
80.1996492718803 80.0086497078026 80.4394077599779 79.478769883792 78.9990344664409 78.6965130003499 80.1284510927474 79.1384287438763 78.4949760715506 77.744614331369 78.3873643484231 78.933648344495 78.4651341979231 77.4610540812998 77.0555092718013 77.1430988714734 78.7076407028808 75.7691303620899 77.499219420958 75.376847664246 74.8102461794836 73.8534814964704 74.7982928650169 73.2288647383947 73.056645826331 73.0794577459385 71.6556017501422 71.7253574001186 71.667937404256 70.9320188687974 71.0982634416373 68.9184535380761 69.1925459505775 69.473398750234 69.3005170928598 67.4706604953798 68.0463622450328 68.354047755109 65.4912471550512 67.1919887660438 65.6908258887517 64.5561385846658 64.3701899476777 63.5850042152468 63.6952304075109 63.7654404100165 62.918669866061 62.4758031004711 60.4056172557593
79.7087973012686 80.5644271221299 80.0209883646247 80.0343729903707 80.0491895399555 79.0005480550594 77.6485811323052 79.075212548926 78.2204701181164 79.3658012274601 78.9313510898573 79.2050745511147 76.8089460840647 76.7938960298101 77.1199468786762 78.5072781559182 78.0556919293964 76.9545471179622 75.647927611763 75.8022102903203 75.5124167184612 75.8707603936158 73.835274974586 75.0275170121263 73.8600427167845 72.8601288519759 72.8906688534563 71.9169670004589 70.9972928708688 71.1957507933287 70.4476811852838 69.7225248545762 70.1757476969077 69.5037194574473 69.8268245684975 69.1815034525227 66.9685553869798 67.3924198464534 64.6491300772716 66.2957349753665 64.9654767036899 64.7769923900352 65.3954471922842 64.2772404162382 64.5321168667437 63.4003987099398 63.0061473318846 62.3974201673452 62.018812718729
80.4414114604208 78.6056488786779 79.1073569635251 80.0200143161294 80.2580492737925 78.3415610808088 78.7579898908025 78.7789184210852 77.891902507043 79.0943773991161 77.5565889021973 77.9506137359226 76.4331353497767 77.4706755007081 75.6460682262984 76.3353185209174 77.1733220086381 76.1950995786811 75.5544353129843 75.0653063492893 75.6965376706489 75.8656663213021 73.839187995709 74.7521092600695 74.0223183462097 72.9297168992216 72.9223926461838 72.2807220289978 72.3030783325043 71.1979569743812 70.5588854718188 70.3329195455376 69.4789543984013 68.6558518021167 69.0412955649646 69.1762080357286 67.8208341503985 67.2478166684908 64.9233114821003 66.2429399142879 65.3313479173644 64.755243787742 64.2007033378025 63.8554621910264 63.6976924984268 63.0156723154969 62.5507262595176 62.1313907973178 62.2079816505495
80.8576745069475 81.1740865050205 81.1282776255218 80.0217667724534 80.3181752336017 78.5805531106628 78.1685520979436 78.4243626050765 78.6480221522118 79.3470083820903 78.0494940102652 76.6292658312915 75.8426414125033 76.6391751245673 76.3921920274314 77.0919442842858 76.1984805480421 76.0366802944547 76.2056683034228 75.4331363489695 75.7366311913247 75.4932617286789 74.5236075203535 73.5237044657937 73.7106529555412 73.6711068380651 72.1177883223402 71.7661493038572 71.5317853857739 69.9430681958326 69.7798052592206 70.8123896549887 69.4473896139005 69.4962205763494 69.5159032127677 67.6311932209514 67.6227326819962 67.865578336877 65.7177299558744 66.6592206960014 66.2705243058742 65.7490340615687 64.8207903658759 64.4836521893588 64.1219248859089 62.7816481942583 62.536191165994 61.8559080441988 62.447613777149
79.9200027414556 80.4610475921623 80.8285734009908 79.499315604796 80.0392237490323 77.7624146918802 80.2802768173364 79.0179246314577 78.5156631564997 78.2849299939349 77.8664169936696 77.5330055596278 76.0941356890071 75.9992128086014 75.5527492005239 76.4893928246864 76.2301371088813 76.1519500366062 75.66642761804 75.0147414092454 75.6382286206052 73.6283985166338 73.561818088609 73.9847895836913 74.007957853289 72.8061298346412 72.8499447357425 71.5070086770419 72.1376590154232 71.6186277934799 70.8585047275876 71.5935173992214 70.6792157642824 69.4644353493293 70.0426167401485 67.4902345713606 67.0749240029639 68.2450799443241 65.6872030104685 66.5928069206707 65.2968513360709 65.0864275935236 65.1634654834002 64.0991322921018 64.1653759924795 63.2505579625218 62.5897220403488 62.068510919706 63.4227877204585
80.3765794587189 79.5898740886427 79.3345513335278 79.1107120565187 79.8385433494536 80.4753307207145 79.3298802791288 79.2935444040785 78.6302635558218 78.3498687353095 78.0965447998254 76.6585842345962 75.5833165306185 76.4070988491972 76.6454824948098 77.5207721235255 75.9556311554472 75.71097336412 74.8548303946292 75.3046157305118 75.6239353595727 74.912055769019 74.0159772818906 74.0151375205772 73.4915659312881 74.1008341385786 71.6760871081568 73.2658116865537 72.4224227466876 72.0814601171365 71.692620260927 70.1134564398839 70.3765291776593 69.7899794570737 69.8788015922777 68.008796994633 68.6539183381251 67.4804609169318 67.6349811614974 67.4163632416837 65.2224250695242 65.7251251787236 64.8031122618147 64.7647967226346 63.8235719432057 63.5586371050229 63.1441961970182 62.5309092062922 63.9884962577543
79.6897085014467 80.8184820438217 78.9435611508837 79.1160645485065 79.4388926123411 78.1164526650642 77.9843343233504 81.1865102576277 78.9369625001153 78.2629877915867 76.6527863778933 76.7551866750599 76.0746811237727 77.9700701321103 77.3044213003096 76.468270391585 76.9267585105514 75.622872104338 75.4753673152764 75.342503070135 76.076907252296 73.981776386431 73.7796411896525 73.73560825292 72.9920619661161 73.6973109198499 71.9632901515495 72.7918060272971 70.5949283853906 72.4045165877671 71.5209351349363 70.2758290951362 69.5513171119803 68.8957889383116 70.2397701411489 67.878517420555 67.0508428514515 67.7133037258421 66.9060180875501 66.8097864890886 66.8237898038995 64.8885450062399 63.872001801269 64.2031549576961 64.1744545855179 63.3929851513323 63.3232106760435 62.7351405351717 62.0046986488195
78.7461117724008 78.6859089700111 78.6616877121952 79.2109744609717 80.0369137316703 78.5487552662572 78.0315058534451 77.3061439076635 78.4913653543813 78.2568938085148 78.2370378117025 76.7482472574872 77.415025671323 76.9204872112155 76.8184491778386 76.4168123962414 76.0109552523197 76.6113113576663 76.9045082894105 75.3656700978734 75.6579687553118 74.4324867253296 73.12174570353 73.62336979938 73.6928989313389 73.6739173406276 73.1101747815718 72.9229640604354 72.4842487441437 70.5795505108365 70.4217854670217 71.8646386797884 69.1058542741181 69.1903990905289 68.7669516262703 69.533146346092 69.0170122697129 67.1595214766438 66.5111534611811 66.5591101473456 66.7191957997831 66.2912577143734 65.3845485737233 64.2710956924298 65.139898838383 64.1871003366696 64.0238868182953 62.9959417202932 62.8919476507307
78.6600231631269 79.0332779860153 79.4938173101699 79.7668632042942 79.0180764375459 79.743430922121 80.4735740758467 79.1376048237989 79.8248216472098 78.768319321359 77.4889907384895 77.3821588720245 77.3496758576271 76.9241115547997 76.4228646062575 76.4462231524578 76.0050713428057 75.9902717347487 74.8781130808593 76.4762643935634 74.423381337251 75.6454323965499 74.2396105811578 74.42871575938 72.7831991906686 72.7343401693183 72.9540996656858 72.831250983794 71.1190537153142 70.6706086980008 71.1417172280178 70.5956196544831 70.2497300756901 69.3230999095392 69.0510417074549 69.8120846983154 68.262562763671 67.3035101705223 65.998720109934 66.2923769053815 65.5811492018367 65.9892898483584 65.9411744076225 64.624191035567 64.8513279390863 63.3829629500165 64.0082822501897 63.2611120389554 63.2546261408949
78.6643319163134 78.7398713829246 79.7747223428901 79.9964255993741 79.0177949814846 78.992155561137 79.2693889031892 79.4300108376924 80.465390095208 78.3273378937199 77.110685575565 77.0280046450462 78.3994102181585 76.9564159998729 76.214593911273 75.9591157110563 76.7151542607573 75.4615217830866 76.1525861771934 75.3395048544415 75.2903643770299 75.6023837527248 74.2925453814027 72.2575358508568 73.5303827220328 74.4707538169703 71.8310313766226 73.4336192532719 71.7830492225611 70.5483786276659 71.372934769359 69.5823314022931 69.2954431468071 70.1030065345079 70.6188457522091 69.7289701421325 70.3749565787843 68.0400781693154 67.1937350070997 65.5295481117427 66.4836272173566 65.6230674856323 66.1292268962671 64.9774912503811 64.7698909864511 63.1563462418173 63.7302161059944 64.3306046499363 62.7177355595167
78.3553630898548 78.7157229995239 78.7436427187935 79.891806604827 79.0071678168752 79.1855277610108 78.9959941288942 79.4201023304469 78.5173412053691 79.0326094877293 77.3443294793405 77.0809271684014 78.4587312600181 76.9095004606757 76.0720492556529 77.0740993362495 77.1886924339783 75.5945089851572 76.134735804465 76.2700711450993 75.5657026339179 75.3814005618776 74.9711499208461 74.0628305899239 72.6505228942577 72.4890010863035 73.1459561850502 72.0202785656473 72.0135327973163 70.2950686526846 70.4660285123707 70.5300791666987 69.5396297871484 69.7449167895406 70.4370105207704 68.247930094575 68.2716373287249 67.8117869493016 67.1873224423752 66.243726973435 65.9973088938167 66.8439690390639 65.452437718039 64.4942932390693 64.7664011066436 65.5732140352817 63.6859638749949 63.770742015198 63.2312170532105
80.1099757416592 80.1086666456706 78.8593125926977 79.0287750200228 79.5370068477248 77.8324532372843 77.8830732696126 79.7495956851243 78.0610126753772 78.315973419052 78.7069721105974 78.0761321124106 76.8335163578033 77.5397823479163 77.5037933421361 77.8874854315206 77.2467448578321 76.2867521143278 74.7964762187096 75.0878086987913 74.7156988933119 73.5426263139268 74.9542363776028 73.2090892019459 73.4088585696018 73.0252097035747 72.9325326277918 72.378379802506 72.3743517975448 70.707523825262 71.9534849564637 70.1824294126887 70.0392972955165 70.5216340869945 69.5515013479988 69.1717448944624 68.5713052122585 67.1109332887303 67.9386986383793 66.5201776885446 66.0254755748483 66.0014007234365 65.5397664699219 65.4702225694595 64.416598362593 64.2723492574662 64.6188734616912 63.3835841259621 63.3510507840963
80.7784404118608 79.9392112253423 80.106555890705 79.0901427230814 78.4091744723319 77.948602543917 78.9834929477558 78.5583693664097 78.7535279689719 77.6495719849055 78.0799040467347 79.9831905534222 78.3353345065679 77.5516439721731 76.4869479782502 77.318636702455 76.1125651940885 76.1384113774026 76.6638214493041 75.5342019925773 74.3472446677066 73.6600649201284 74.267529014775 73.1995431439571 73.9074441420886 74.4662955311944 74.1793464179891 72.9152163942204 70.7018188984921 70.664007487494 70.0720455180651 70.1656881381127 70.3773868473652 69.0677256471496 69.4176065006677 69.2839674542321 67.5833868221977 68.0226889825221 67.9263834872154 67.3250567702801 67.1798873115645 67.2146856938522 64.7602832864275 65.4879187641226 65.5129273711347 64.5679616523773 64.3489879815047 63.925341605787 64.0369250751353
80.15416104515 79.5221881975053 79.7674246289404 79.9534849209764 79.4067828056178 78.6530188875173 78.3249529456093 77.8915102294491 79.0917915753715 78.7178576816272 78.5704628522512 77.5882652489329 77.9957016483977 77.9399021926453 76.768989717441 77.2930358778342 77.0584307901974 76.675943916977 75.4116848965926 76.2025548569215 76.5502157676168 75.6398824103875 74.6956678204747 74.2045088058027 74.2549289104491 74.7836210182017 73.1323879040034 72.2385188913512 71.9465987763041 71.2767535845805 70.9400602275355 70.8472987406169 69.8556663344352 70.4440326170914 68.5205971234659 67.8595185095064 67.8211090985007 68.4411057497613 68.5645348863856 67.8306793668057 66.8694431505547 67.7757633169268 66.5211574688112 66.2549929850753 64.842256014475 64.7938354807502 64.8526236342391 64.464865502263 63.589160785233
80.635660606523 80.2996462948814 80.1786157111975 79.5996069826616 78.525653832297 79.1215202875173 77.6889091257029 79.3057765158345 78.8643472250813 78.3147672832527 79.4805165579291 78.4614516210529 78.4957036296831 77.5378417744669 77.4699815944424 77.330419961041 77.2333849046307 76.1867809475554 76.1376887720905 76.3571011602066 77.1036204497041 76.1285363294778 75.2203671674284 74.5991988645245 74.7796167613692 73.6882310002796 74.390294609237 72.1233732273762 70.9252841659903 70.8987880977399 70.2088752183237 70.7642397078583 71.0650629203262 70.8215743339638 68.6507408162141 68.6302903083865 70.3483835273826 69.7399476035944 67.8649873723729 67.6691848589208 66.8478633974632 66.5596637976856 67.5819487848646 66.0455475783142 64.9237008568439 64.6040819079208 64.2604468121268 63.3840281526799 64.7323410181244
80.5701173131809 80.4404387069943 79.2964011591179 79.0974175191253 78.5406275424247 78.9320012783928 78.3588239766453 77.4478581131028 78.8574993786307 78.8182374735217 77.7211960163626 76.9013614690151 76.7586616205496 76.4058416732706 78.0443817935138 77.497917784664 77.9076924002628 77.1683241216729 76.937264123078 76.5287113238675 76.3658195761044 74.3722285276712 74.8194502242865 73.714989649013 74.4944211188324 74.0448498917456 74.5524787280212 73.0943678681875 73.1009553957973 71.924243168228 71.9257653507092 70.6822992738044 71.6177351073167 69.7308335546524 70.3572806844374 69.1659125627953 71.0341933016535 68.2314776161257 67.8826729153609 67.6991841078572 68.3393853343476 67.5862691321093 67.8228959234299 67.8653160916268 65.5275939554496 65.9947574220561 63.4410799919005 64.2981098873318 64.5182667616901
