wc0.5/PCA/Component-5.asc
NCOLS 267 
NROWS 470 
XLLCORNER 79.65 
YLLCORNER 5.91666666666689 
CELLSIZE 0.00833333333332575 
NODATA_value -9999 
[rows 315 to 335 of 470, columns 188 to 234 of 267]
-198.064843537891 -152.212490859045 -198.205429066078 -167.88405932195 -141.869951985895 -200.188824158175 -150.19100031529 -195.724789661598 -190.234359596947 -188.234916423494 -182.065892396542 -155.711334680589 -190.198082248112 -223.88172299385 -254.840210319735 -182.519281155367 -189.900648299182 -200.738382588034 -207.439602466301 -199.323071418475 -204.232538890602 -210.398935921821 -216.870277774052 -259.520720448318 -240.145066518621 -180.265962824431 -185.347556389067 -193.513538214413 -195.206784538946 -186.982959405803 -182.704117731179 -181.509511501599 -192.077420082441 -186.517989551995 -198.527318383411 -188.907171544409 -195.488800899221 -181.992880998629 -186.233025190958 -184.971267879816 -183.923652669448 -180.190232752833 -182.397210577283 -168.841373939276 -166.506143978364 -156.065136168306 -162.4641040737
-156.112779083077 -154.296162229998 -146.626729005554 -144.638292799596 -141.447656993117 -195.602051831901 -145.871767947909 -199.146103574661 -194.632008338289 -197.483456664234 -200.796303403487 -207.004330924556 -195.072740057529 -199.58140966792 -194.790826716392 -194.434719827688 -188.457552395532 -198.087644035687 -195.173047431539 -198.933869705399 -195.771867390978 -201.047068826199 -206.645978598923 -209.634496292962 -210.572556885856 -191.330658476177 -192.628040150637 -186.287918707935 -183.574700319661 -182.450019082412 -192.705744210634 -181.849795087268 -187.220543981032 -191.854734862672 -191.789767781556 -189.234275865515 -201.307679912453 -198.399104091977 -183.442135133256 -182.050149106507 -187.231036655941 -191.262286385474 -183.044040001791 -173.566908766833 -186.475829451072 -176.884042846545 -177.782997176306
-159.180608849662 -151.115651748024 -158.549337628623 -177.352874776541 -195.18958307068 -162.394012696427 -212.217258707474 -204.856408096377 -157.916098465267 -151.774737246856 -200.9176951521 -195.679639118157 -204.359070623963 -197.492507309531 -199.543717408451 -199.318789868443 -196.209622416694 -199.40137401882 -192.341448491094 -197.774385466732 -199.266391094869 -205.170915537602 -189.505364476228 -180.412975588633 -195.358311049051 -183.893944229438 -199.28150522206 -184.955059433073 -191.319701171284 -187.796618380886 -195.471547966855 -182.618355235213 -186.175000239265 -187.417091557794 -195.145390349209 -197.036471121613 -196.480654289675 -198.688283583521 -181.840835472046 -182.942884531022 -177.688398715198 -183.231130461221 -181.919947605173 -169.530761823107 -188.380430265751 -186.323787204018 -157.827493111569
-153.464839030221 -152.391920912288 -149.861944062811 -186.711290071942 -191.170963821264 -196.493803268792 -192.006342971241 -206.300013706183 -189.507477795344 -192.606640684564 -195.428893670574 -198.688524360538 -200.846897557583 -191.80239229185 -199.945824868808 -199.409469177478 -197.721713814058 -204.906861799334 -198.503735510409 -196.249251912902 -196.392972840212 -194.867676307176 -192.680977915776 -190.405893013322 -204.968284448567 -191.791492521998 -192.566079945493 -183.897713106077 -182.892738117506 -190.782446422831 -176.025605647645 -183.04277319517 -181.184253802485 -180.085955792161 -191.098855772845 -185.992532798887 -195.808124487366 -194.865521557878 -181.2245003937 -184.347296616545 -188.859082476493 -185.188724540344 -172.072995080472 -168.875250365727 -180.823257497256 -174.269451303437 -168.161847754833
-154.854893148158 -158.200100060909 -138.061670747513 -156.72767592089 -180.658261838512 -186.90158115129 -143.827706359273 -205.264436480101 -199.428349489203 -196.162502069702 -193.3538111926 -210.183247062048 -220.095084719906 -200.234410128647 -190.226426629711 -194.693420428147 -192.975509834876 -200.674875736011 -214.409128323489 -192.641356220697 -194.568447765814 -202.498183643088 -199.999883833825 -197.678160021806 -192.456323245939 -192.127213605228 -191.389835274626 -180.155941382824 -187.821477206539 -185.615448348079 -196.403405973274 -181.714628817253 -181.603679413512 -185.204679422137 -178.947641472939 -180.627341696964 -185.73336708353 -180.481489066052 -179.983607157154 -184.82812612865 -193.003826607749 -189.58154750705 -170.099767523102 -180.648761855681 -174.272115636197 -186.577178966837 -185.989578429634
-156.459295327083 -154.873338383996 -185.117763389257 -141.316309449347 -180.541919860242 -182.322277152602 -185.746159736287 -198.119651468261 -201.230288249792 -195.203423692193 -182.929215548001 -178.203689041723 -217.021023151898 -197.071892791495 -197.345483236271 -185.42111313651 -199.357238664231 -198.574298725716 -193.090092953769 -198.80269109534 -187.021242108131 -200.0687684934 -207.234179044857 -195.660224159929 -202.889762014803 -181.706215241144 -184.425496157558 -187.031669152442 -195.802976470464 -182.427040171602 -179.920049609518 -186.518786951058 -191.000107854248 -184.95008003033 -183.373083569466 -180.621109244001 -187.258568607222 -183.830476018379 -185.717385583811 -193.164770412351 -177.883722676266 -169.935954449604 -186.090107624292 -181.269964416208 -193.074197811195 -189.720574735066 -173.746517070862
-156.406836455024 -146.232843341217 -156.523270716565 -146.140606763482 -185.797455188815 -152.091885663648 -181.969126600667 -196.797269225229 -148.54450091274 -197.814678355821 -185.958979269489 -151.029792713557 -197.402498657618 -146.626289644569 -192.912190204054 -195.970408596737 -196.360843708212 -204.353837460269 -198.192376282428 -193.742806069021 -194.296775339521 -213.963880895569 -199.002083358312 -202.75993516125 -210.298914440699 -187.1801268714 -192.807672820145 -180.104399360389 -181.084599806262 -183.035708414741 -177.564597076053 -191.439029645005 -184.216149193835 -186.631247290974 -184.350863753238 -183.079677742126 -182.324134960969 -188.37793629541 -192.358176485389 -176.06802077466 -175.575882738846 -171.581603714871 -183.151175321204 -181.953565374048 -182.872657403381 -174.435653201383 -172.384243154222
-158.150530185569 -187.747618103459 -144.648107478358 -142.912633306901 -177.880348619661 -185.693658153336 -147.987368843188 -199.168672951597 -186.94539999816 -187.347637947027 -175.203303462769 -187.204319663875 -200.589031121293 -138.394183260907 -190.900459068863 -202.618227833351 -201.02485931394 -199.963704705529 -205.897324284064 -192.273711039291 -181.643207090878 -220.921448747492 -195.36476634876 -200.854879592203 -215.206895755746 -212.737332910445 -188.758287222967 -192.591095228924 -184.240630912709 -187.104116145239 -189.963547609787 -194.694475038325 -180.160360556415 -184.238382416481 -192.682073956544 -191.214252716371 -182.678023731388 -195.767861975181 -209.731021722984 -192.098049968226 -180.596014450844 -172.031738085519 -171.153311383508 -181.299648883953 -184.022400992147 -185.540056714371 -182.429051210847
-140.931958559335 -133.41280579168 -134.267626748156 -167.947408884067 -146.836571825206 -182.296846154814 -187.373325246892 -149.149162168569 -184.389846568666 -201.603007468548 -193.643551825122 -195.046250905006 -197.707551171672 -141.462793366906 -194.634117398811 -196.199489573939 -202.157360548666 -200.450495697275 -196.137868470905 -190.784592767073 -213.847809842478 -201.689408877558 -198.073764150254 -196.193570748259 -214.131124179888 -195.599666222276 -168.466676214733 -181.216110317249 -186.652803419273 -188.829876400561 -187.854226299611 -180.758698157091 -185.011277782783 -184.122105944195 -181.105924338182 -193.870707866836 -178.181655505725 -177.698833168579 -181.586987007278 -189.261259251624 -177.341898057371 -183.274916489495 -173.425607439421 -174.120500183235 -185.602382174465 -184.965680296901 -185.416299236894
-153.346345970928 -151.269102977865 -186.24563031428 -166.879437198717 -180.091877794592 -178.535816662011 -187.591412083918 -202.576407168186 -198.22293610564 -203.463214905925 -149.603642310463 -190.953668356539 -187.230367254469 -194.166754939973 -204.917520236057 -199.009087366489 -203.446313088009 -192.198409838543 -199.01093257265 -195.191941839055 -249.351243724815 -215.621506881638 -194.609924299939 -197.590538306376 -204.709047016445 -199.470774377138 -183.51328264624 -177.134979128019 -180.421308168425 -179.395381194571 -199.655181953042 -189.3402317995 -177.030997679225 -182.942037041038 -197.804470845501 -216.630048931322 -183.966333975721 -186.86188259164 -186.214304743145 -185.533987113399 -184.660239522673 -178.330448424523 -182.687761245093 -181.094623709055 -181.971990992571 -183.269763216047 -180.541579108856
-139.843021075338 -158.698357923695 -186.638496808006 -149.447922699218 -177.46180113494 -177.459196362876 -159.099493085755 -189.659541846756 -202.278345628487 -203.608893655312 -145.002539108879 -182.043549780181 -192.947523349213 -194.43384621982 -197.941451774723 -204.586823783966 -207.323011563343 -208.745215674916 -202.956268483671 -214.108911663191 -251.103478663974 -219.077956994482 -216.358349329485 -179.58142998124 -191.564436564739 -176.042293979919 -175.227615711702 -181.104141713547 -182.556369548075 -182.033724512157 -210.420971062029 -205.92501939429 -189.184740472183 -178.214651367595 -208.856517758816 -215.701269061348 -181.318679246521 -179.956324147299 -181.41725293262 -179.99468327342 -184.889718796611 -184.869534520105 -165.94642614585 -171.797840039384 -198.272228515033 -173.740386742321 -176.348247789897
-186.602306546494 -143.567296034218 -146.632786352268 -132.615502817949 -169.80740784679 -194.369125783779 -153.032682578702 -193.088393429226 -162.031104755423 -152.59315702491 -192.055511444981 -184.633486437389 -192.495232148567 -203.630428398198 -206.054194288986 -199.13322604253 -210.515671586281 -194.09134651658 -202.527428817765 -224.055601712433 -205.429744345355 -206.813928305744 -186.403297822867 -189.352418137545 -181.648378400721 -188.723220026935 -171.341194220521 -195.568461209936 -180.205294658931 -182.173434108089 -210.968873386481 -214.867597260722 -185.558748816307 -182.704476550556 -234.581491949499 -230.0540516917 -185.268264819995 -182.281268543333 -179.711757317258 -172.270815743261 -181.280222910103 -183.878965233215 -180.171483106081 -180.356541016366 -181.096850186122 -175.609318370572 -172.12506451508
-201.148032238133 -164.659306624482 -134.220910774539 -178.162585298565 -150.710034666522 -196.379943238456 -152.601423173383 -195.687792168419 -194.919175964303 -181.230226456175 -141.615990233621 -136.078650325775 -194.607648661387 -213.430507573636 -237.304358249578 -216.819831516078 -224.020192661732 -201.439228181628 -176.376304580177 -191.598564925843 -187.019872107088 -184.91413304033 -190.345807775067 -182.401093297273 -182.357763961836 -175.559643616168 -183.200122510377 -185.414701855859 -186.175239956718 -196.214584403597 -216.611953383537 -245.86240046221 -213.873093375583 -202.277074332137 -216.163541282758 -243.559983632804 -205.568953439652 -172.3248198912 -182.460552168117 -181.540911964114 -171.539117936355 -181.115253336618 -167.871837219152 -162.601398197574 -168.193591612782 -169.249613955396 -172.565027640039
-302.238680749432 -261.943146776269 -151.230378461525 -181.624897190919 -187.686650615539 -147.636160529514 -192.620564405758 -157.885639715709 -196.402770011354 -189.081227840987 -206.918719477136 -216.379097171275 -244.530360299458 -239.886053298454 -225.358347204025 -215.619591853446 -223.767369344268 -210.463940065153 -177.218467550652 -180.90886165124 -187.027385469813 -182.881800026849 -181.933923079393 -182.681979867277 -182.534292352651 -175.041818643929 -190.801743173905 -178.605134795208 -179.951644758729 -178.687101216729 -200.274466684784 -216.721746059237 -221.377903416637 -195.261494304104 -213.68543511019 -234.33153834427 -209.630156956924 -179.56188869403 -171.440314316112 -179.662695898743 -187.024013381085 -167.612191334934 -177.850067303573 -178.074510019407 -180.362188119111 -168.704334785375 -172.18253161183
-309.791023149998 -319.19283644067 -184.419727417489 -193.128915812678 -151.714659482274 -147.448521608484 -150.696811062883 -200.952588618742 -195.729393616984 -157.74596255465 -224.630434938933 -234.646401202448 -223.932406513318 -237.432219075752 -238.520130381894 -242.622594567961 -197.895435151674 -190.786166267099 -190.603434964205 -175.80341294188 -178.65828437326 -181.207003164749 -176.902074193216 -174.930988818232 -179.703700978095 -177.504800742724 -181.335725044476 -179.86506086687 -210.067866175146 -177.988693503 -179.169448248708 -184.968909604798 -219.989377662964 -222.014999365242 -215.026315741331 -230.451261724965 -159.469615177718 -172.667702448761 -175.004689377687 -169.157883682785 -186.47325152513 -184.276359165603 -171.870847550273 -170.885590672921 -165.899326332637 -167.878482735188 -186.377158346048
-259.216369785042 -314.041792980091 -224.38591400232 -157.111240557433 -188.975180468409 -181.969207615616 -198.141914165153 -207.090476291027 -196.873773875978 -200.765759676244 -241.916014761783 -284.556172489484 -260.959049888222 -232.861061301453 -224.243047436528 -229.835567712966 -192.507213156741 -182.941611653345 -180.54902102826 -175.108823737658 -177.073294362056 -179.791060285952 -178.864764937471 -171.268249254957 -180.085201759561 -185.182514143254 -182.660305205747 -176.827389366002 -172.824748822298 -170.455192145528 -177.161381305143 -179.845865316912 -214.825906053573 -212.806299890391 -194.751975281455 -167.026195758099 -167.462201346818 -172.434212277634 -169.84153749841 -176.483710249753 -186.066929381186 -169.977506892522 -177.675563724292 -173.202967121413 -167.834863278505 -172.324468682279 -185.818496538227
-331.527636950204 -232.500199468287 -268.692282238281 -138.407155010163 -192.274581468541 -203.924786957687 -151.513682269605 -150.489697435263 -153.003919549307 -152.329566706195 -231.983608624743 -202.432208215617 -262.437564894094 -225.285188184895 -197.002088447944 -222.610687104507 -187.642871586569 -187.942080254988 -179.507904559175 -177.382951301647 -171.515488185917 -167.971468526663 -168.915946391416 -197.468646586229 -186.222025935514 -192.553437650361 -179.380300957223 -179.771534355195 -186.127619088808 -171.631437607264 -175.017916791092 -186.599349893661 -229.663454694575 -209.972721770672 -177.742192996927 -178.198719370614 -161.879848404574 -175.381158963171 -174.202986112367 -175.085774765005 -177.627219789005 -174.914460975555 -173.486478378597 -176.123673086502 -173.580118214077 -169.577461483415 -168.967626779436
-339.943941436962 -306.618787027936 -311.410271871234 -176.363904189617 -153.905501208744 -185.882650839836 -192.431823081135 -146.487127384373 -198.312574342084 -198.872024504689 -148.749061560318 -144.844499185582 -263.097401692765 -250.995790350109 -199.145438941154 -196.525191978191 -183.926038987024 -188.913071889315 -180.615682294487 -183.252815812669 -168.790593792511 -170.301469888609 -181.865866281726 -202.831790877224 -211.092056613732 -214.713043736773 -201.220497900779 -203.323945975796 -192.321535006784 -177.518583227069 -182.460187034928 -184.2154026663 -196.807561615818 -195.842715036466 -173.637611128148 -166.172241238512 -173.583531157742 -188.138625512882 -171.658202469006 -165.53831055729 -172.918688090792 -166.632889072196 -167.345547628822 -165.862435322603 -169.01417911501 -166.52489692244 -173.684172688599
-341.843393874568 -296.343343956779 -312.011553618315 -176.217436116835 -206.783551380071 -193.612395496833 -188.460751072641 -197.88896885214 -155.109662739244 -197.579875274063 -196.225647481744 -239.57115281605 -284.329126565022 -288.935343389441 -232.910691088352 -178.7756991853 -185.613396904384 -199.181799647289 -185.662679811426 -168.248964142568 -181.317133529717 -168.195274729959 -176.287840405193 -210.672828051722 -229.583342069302 -235.322375890292 -239.470953653849 -234.037378374636 -200.633495434366 -176.504540796443 -192.197326358696 -176.583429701847 -191.545089373867 -165.299423759684 -176.864312255917 -177.285741068582 -170.665995058179 -210.289552336687 -204.776344236835 -174.246599737139 -176.423422191945 -175.418448862882 -165.387822252948 -165.269344906389 -171.32267663932 -172.407185637421 -169.118847088366
-335.539947603022 -291.217340054679 -294.50871938115 -303.684633862032 -207.880035287892 -149.80983718717 -153.360011564618 -203.168049762796 -153.870713467965 -206.928620234572 -191.746292597102 -232.322516716537 -244.741876787024 -222.157161270038 -199.702352312956 -176.737791997736 -198.761911521066 -202.274574065199 -187.801467246007 -190.820735772148 -188.037036820964 -173.892000822818 -188.687477302831 -208.282095961494 -227.112408622652 -230.788228075514 -221.141643224948 -246.528784275857 -250.630536175856 -188.161991641293 -182.010309038278 -174.681754943101 -192.73056406884 -180.727351478265 -178.334383506428 -174.422051419629 -172.795125047094 -195.771453507823 -189.751574335605 -168.079220576468 -174.7809028105 -176.067046571254 -173.743190620668 -166.693717076485 -165.177331544981 -163.913650412823 -162.230483249201
-307.037019150055 -288.293625436269 -308.671967583416 -337.94868030383 -194.44010664342 -221.715210841334 -148.802691203744 -199.147949142667 -165.255433528094 -256.007949638327 -201.245104618872 -196.732626463027 -152.184912907015 -223.385219700365 -130.516595742559 -249.315341739703 -232.038297991326 -184.459987859867 -184.392945301627 -195.783834483415 -188.710405597344 -181.187016029179 -191.239657310328 -205.123644698683 -230.497139245186 -226.607380985657 -217.357612850323 -227.644171379813 -234.845278518492 -217.137975854935 -180.554552887722 -166.399654584658 -178.76923531861 -175.400670551491 -165.827469985018 -169.494488327345 -184.836814776279 -179.412638487871 -185.759994052489 -207.069107813541 -170.427617910648 -175.062545156028 -165.158558484591 -159.48813320155 -174.616290100219 -162.290436846216 -160.938771808597
