wc0.5/PCA/Component-9.asc
NCOLS 267 
NROWS 470 
XLLCORNER 79.65 
YLLCORNER 5.91666666666689 
CELLSIZE 0.00833333333332575 
NODATA_value -9999 
[rows 420 to 440 of 470, columns 98 to 146 of 267]
426.280681521247 423.287873484952 426.563716045114 443.711534222145 446.986518979937 444.028849734952 449.78158458814 450.105618860286 432.203359109013 432.905823391337 443.047537269605 460.429153552275 448.80677284813 439.698967663737 439.739760008963 443.961645133691 456.492733273982 466.335282435728 463.298941588973 461.432267631409 462.808409482853 457.954248843233 460.88324158419 463.654364566569 463.011417192525 460.465051600467 461.061589979606 458.337013825001 460.250396510148 466.263835877387 486.725617314334 493.105420371418 492.815848324173 499.048008563914 499.399330545004 501.456968269564 502.794484688207 502.683926780424 501.452651435796 504.552313904955 502.654567722839 502.907208231564 504.229709837862 506.173211694201 507.485876237093 505.796234475795 507.866254400965 508.982812076867 511.496488773951
418.370351313467 419.988039529254 421.701983942641 436.289289045103 440.966972542506 450.123460774508 450.924602861201 434.083379673125 428.664013823564 471.94974810689 475.882201220667 476.729507320958 458.046885823983 452.263337382882 440.268943594889 465.93848979826 465.79299411577 465.318187834184 462.700379108078 463.444045572834 457.560089051325 463.97826394937 463.746066647208 463.019719528229 451.182054259049 454.874004333961 451.49868572453 439.368355906557 456.107367362217 465.923424728196 479.987268466552 495.067239306963 497.378120319192 501.292632911515 502.096891812788 500.396173794228 499.930159503197 502.448311777268 504.31161573063 504.745459137543 502.819440390907 505.090769122665 505.937959604698 506.145426314305 506.034321624279 508.894800743481 510.376136303061 510.214739420829 511.273112157654
446.825913539461 428.545783534799 422.728740938605 436.845883967922 439.651661378336 449.607870981464 451.104991175699 445.381412597039 450.987913427056 480.726933501179 481.039767427344 476.113729399348 459.912519704492 458.52425242848 464.612682800438 460.483577491401 461.228428088427 469.643311218528 460.971269802487 463.496288853104 463.314734619793 461.571769893646 463.394096227929 461.833671050096 464.378047497883 461.925492671423 458.490470547303 455.524628745507 467.547188196588 483.344976686034 491.617554630177 496.881000560873 494.801665680262 483.193564463377 489.362162554874 500.582638437777 498.103340590331 496.076910081831 503.511668861653 503.161232680571 505.161684401396 504.813630095261 507.46000317453 507.960895997381 508.269837715789 509.127674031583 510.117706794028 510.693821254256 511.505776165604
446.134680181354 440.05621809795 444.89112293246 443.281471681652 440.13119145516 448.286471609991 450.343466614602 429.583539632287 454.151926231703 481.944622600358 478.322054492356 463.831442826786 464.110207271558 462.165830454963 461.86856737231 461.884628018007 471.589684705823 464.787974538566 455.56510888856 460.947877027112 465.093717749179 464.030399978431 449.252267365179 438.583744568011 438.475471177435 445.78440369727 466.013499222694 454.159241622182 464.091994948224 487.005195896124 485.237181487635 495.102198927683 482.470095004435 474.331090109104 476.636568216509 497.728402186911 498.772230359856 501.849949877721 496.392135806852 502.825994683108 503.842435944281 506.671926674142 509.098921071422 508.865072542156 509.656622704402 509.078116248431 510.632476721408 510.591101762003 510.846727929571
479.588543909288 458.441458549539 437.393276577301 446.938094753259 448.132397054847 448.675975373606 433.711352926784 442.287882799466 469.433302337588 482.649668167325 484.09133725794 482.264089787587 472.884214055962 466.686157429033 467.405418014916 469.979465436157 471.369051979563 463.601077172333 459.125406932272 460.166182533122 465.422373634031 463.415319322176 472.266365564289 480.851627994545 480.155301366898 469.31480003604 486.442550930155 488.735836240506 491.628381219604 490.032672128376 487.181657443934 487.800359139516 490.396525090781 486.41778274624 495.486319948946 495.809849479569 499.90417378957 500.994411526026 502.551578254629 504.478791368339 504.836372723466 505.986152196901 508.5337821712 507.555071960012 506.939625322232 509.232881350211 508.491533055161 509.99512046945 509.442264578051
477.599877282891 476.861532773583 464.069767560561 447.4694301308 438.876774712567 429.687230152785 432.657284820456 450.401051763874 457.27903679166 483.437757468473 484.34375628089 484.946011355081 486.091087868027 473.491882170765 470.548805827259 473.505053679242 474.293474681215 461.641999258567 459.694219503766 462.245883951817 462.980985105616 452.594478072352 467.69275303967 467.571310159065 466.144975285644 498.788441908902 498.119003046561 501.324918048137 491.246366349436 483.477418511037 487.34458001819 494.59542922784 498.588643000376 496.520296438437 495.516272854883 498.803175240724 501.923312805704 503.100252276345 503.199496279288 503.662215787528 503.067105473059 507.210645597342 507.275332795821 506.481575321295 507.370830914219 509.059700379731 508.674746886333 508.815206060385 509.350304191256
462.525520120679 480.077451607059 480.493184419203 469.858826369084 465.928043895102 428.883950439106 457.572846199272 472.422964910074 480.575776313001 484.063040288861 486.02560487921 485.029148470363 480.760187268615 474.793704777901 471.541860694821 474.246668404781 472.50459356386 464.377665607949 467.181814295432 463.448823543087 463.340118433904 432.396220651383 450.229049533712 452.858968471222 481.015511323924 490.2876361875 499.329151386628 501.888143823784 499.163505914194 498.891101979529 497.033587152149 499.982698206024 499.861929448569 496.384177997025 498.411469743818 501.748461343758 501.619776440545 502.573094655185 504.604372928022 502.721437417137 502.30385643369 505.570409962632 507.041341474766 506.875856801452 509.63123396187 510.155798164145 509.855217757259 510.895238409425 509.911132260254
482.023859857612 474.589266292993 478.699211343695 480.82539224591 481.935043498885 475.033853685331 478.079204845127 480.459034353922 483.366405573838 479.518672672029 483.081071608687 483.289358182148 477.968943410728 469.280728445069 478.885924883883 475.724834033253 472.664307660109 464.37809341884 464.833469809007 470.250620832307 470.811136897781 450.694087853759 463.374013362056 486.897823850006 497.377958395699 501.538708830649 500.170022876513 502.873672592957 500.259802399755 498.231820745777 500.96644038865 500.509127428749 500.159999711846 499.780218719612 497.054177553695 497.960633273281 499.689970088809 499.668881090538 502.343454702919 501.731622633494 504.222609744402 505.27409094039 506.247719916986 509.301564547782 509.969549466893 510.087391265795 510.764168336723 512.207668633274 511.919537060289
470.172002860931 477.665986999266 483.183388157311 481.338136300226 482.458060231194 482.641862624128 478.394106722931 467.862677453979 464.842528341739 468.122833930051 473.759390422621 469.223476878091 471.241479698856 466.704982085068 482.4367816793 475.738000514703 477.197094529708 473.694250359681 473.981437538048 473.118987558766 460.852075665783 463.05215748216 473.376122714443 497.241697135459 499.358934515262 500.242459323607 502.220810708292 500.707238149098 500.109761092395 499.073614093547 501.673403782968 503.66343854499 499.374033681073 499.452939519876 499.404440000758 501.450003514749 500.125210141353 497.865939035238 500.88734552408 503.688698185216 503.770284483076 506.176887405351 508.429870102672 508.274573888032 509.541422999465 509.820252456126 508.790356227155 512.110276484931 513.779360450511
477.516096657392 478.469001879883 481.027284576916 478.150986475387 478.045519391905 478.775019170272 470.961402415582 460.008696863946 451.433631278721 460.829907152949 469.94505282222 460.651909319242 462.73068284596 470.391310568729 482.774072233368 478.930473637772 478.374118345036 473.886963935656 471.485156064692 447.163032465474 415.947818999256 447.057938475585 492.738123240274 495.231648312699 497.842416490914 499.636085502284 502.133668343749 500.411067241943 501.176064010193 501.510378153343 505.089289257376 501.575919947537 498.108329038939 500.936963885396 499.574969130524 502.232123099884 501.126901950301 495.836372558543 501.045820546804 504.129842452607 505.374450446541 505.699148710279 506.26381382694 507.061044208453 507.901620405218 508.934674897741 510.473951237174 512.319254189783 513.899331575087
477.568829877097 466.656531979402 476.447137909792 480.934204940239 481.74822831321 470.021687021819 470.697637657915 462.956390888366 460.938436292021 461.435997122272 453.708055784786 458.599264683167 467.968726771838 483.702689027211 476.690154794326 475.980302169684 477.510837226021 479.16269723932 465.28983919794 434.805520258333 429.248522467908 465.46982603542 491.256008222077 494.615823154304 498.420134047344 500.261169269842 502.321314649857 503.99965332255 503.729302192345 501.116962289322 501.951710723339 502.364233655718 503.79693222503 503.436205630008 503.292210105534 502.435638654439 504.90577086887 502.844711894494 501.858871526678 504.254626412165 503.685662502348 506.269621582714 506.712892850926 505.814078245397 507.387927355481 506.462225562948 506.743656047177 511.410696320453 511.87170498264
470.220772379922 472.254755687018 476.174251300561 481.433553547795 474.847548745262 475.897533547943 469.228118862735 471.989915821797 466.969957830727 456.271448477128 467.002066595487 477.741085850742 481.088019668069 481.87633293675 483.881520366946 469.559601428686 478.084154168515 472.058777655725 446.667386631803 428.349416190655 463.825250861019 494.568580118585 498.647169720723 494.691392518885 496.367899546537 498.898137266896 500.134458804334 505.033083497893 503.273481952198 502.750280123762 501.646558599833 505.996878730135 496.091733399262 499.884955961499 500.895310209478 501.357087822492 503.778077209876 505.047821912985 504.026199603645 504.0549152322 503.676394650883 506.967716152441 505.782154247499 502.587645228356 506.433207833646 509.018553284903 508.849241353586 510.972413206091 512.92813387403
471.377189292358 485.801935522682 486.520748516471 487.49919244962 480.73633033711 467.602281544297 469.051884699709 472.259547389608 467.680024536593 478.779772025167 480.901606006416 483.324094852267 478.472425965223 486.911968827036 474.683383561649 473.658097336441 477.566420766373 469.74346788632 453.874821520275 456.15630646018 483.904875905554 498.768295227216 492.226222232376 493.853613759 498.847776618418 496.667926890377 498.943207734621 503.050998191418 504.102290496263 498.508992591638 503.857776012826 506.105353022073 504.667192258005 502.040726959109 503.062644971178 501.492772888656 503.704532357029 506.356314828715 506.734515322365 505.182516474875 506.377704872535 507.418150933265 507.358779352335 509.516140779826 510.945399421958 511.838219228602 512.677521285888 515.059016696639 514.317529105706
474.456196411764 488.8125553851 480.996210214007 487.697458368587 486.228504806653 480.58661174489 470.340027964522 473.737037752428 479.805051042471 480.278780387837 479.676379696479 485.404649795131 487.371195197067 482.887410506703 465.635469542997 470.969655927058 471.191354305908 458.970434411127 453.177765661744 480.692717362971 498.907121135477 497.652257838492 497.985845564532 492.378325870459 497.08649431103 492.416859456085 492.916430569922 502.546390576054 507.852000234912 508.335799840845 507.674625830412 506.890228239956 507.986047880741 505.48358496086 504.811047831967 504.109658328384 503.77974358656 503.205659523044 507.670994310322 505.450145423573 509.601325010061 496.977517310343 509.921519349981 512.454883675911 512.801573290106 512.64316413887 514.594856938732 514.738938336311 515.484985100178
480.965120467779 489.671172652726 486.433154322875 476.687732679514 489.048653515787 480.855724575348 475.628685023079 479.116171701154 483.931463021597 486.526169370163 492.897077874879 492.43471834984 484.008909175059 464.459877928591 464.157948972109 469.239630623745 455.229726824077 429.45851726297 452.206309934744 486.060973529124 497.848665310238 500.282386638402 499.270780382264 502.331569574135 498.473929270177 492.331615689776 494.631392848503 504.500934147782 504.884430441739 507.221123263199 508.674841599951 509.601696140302 508.304765693755 505.547059640751 502.993676415224 506.231956157145 504.30525973231 506.111541960692 507.356771368199 510.124537110367 510.197810496868 498.635369102715 510.663167011255 512.539741919452 512.846607638986 514.809701326317 514.497129010606 514.786959211589 517.534366241542
488.284339054568 489.725960601589 491.22659832552 480.269359426166 479.908354023901 490.670309683883 480.399860980537 472.398981930425 479.750612913563 481.072499437983 476.102128483034 468.553128575401 463.106925988805 466.013306148008 473.35323241887 470.380704185729 451.981152988819 440.685414952121 466.92728320836 499.960347636659 496.816485065535 496.160225586916 497.396226935095 497.727411779295 503.535480538194 496.962160064169 505.490551696995 505.782508340001 504.383221932081 505.402917387866 508.568040176988 511.133030724648 510.467462505277 509.9471134458 508.019569656994 509.509574593102 507.488103640087 507.971680613238 510.484144055136 511.787046586916 512.262943680107 512.441183332114 512.446606592556 513.10886447389 513.35805783494 515.118446257444 516.307901406265 516.31393785895 518.365666486674
489.265484011763 484.075115235156 481.17198504821 489.29243902361 492.543006025914 479.310961880719 484.026353817216 482.945141456305 478.336515166912 464.529249566101 468.63661398779 477.293261408846 471.551974273076 470.704128284669 471.630324025104 468.464735548155 459.278306225321 465.759317189954 485.255678850362 498.270150426832 498.011773025313 496.988796667975 497.717088428104 497.831134055971 502.902614862392 504.466040388289 506.856512397081 506.261818678291 506.746298494053 505.534735890654 507.814986930926 508.168801645646 511.476609725392 512.988770889429 510.971650874216 511.461041001216 511.221863150587 513.229871035359 513.290498470266 513.578247237897 513.107524987226 515.057078208988 511.627399849961 514.989988384021 513.519702792479 514.450402753455 516.52036099537 516.064024915861 517.861550979717
491.01157580678 485.293113522244 476.282278769771 474.376026607627 482.68269849977 477.371786254672 470.883811618129 463.578334724673 461.520388270901 465.061862765362 473.557727078493 472.555361466033 480.891731063213 470.761093762507 469.406081387663 464.346460177396 472.382329265576 479.483414385372 500.727288963463 498.735866186724 493.815790098419 496.61691067216 495.234780786363 500.016128855618 501.704721233478 503.589335404919 506.306788693069 508.125781807366 507.946480970618 508.376589486536 508.244433101086 508.693231403841 510.627280244061 512.94996713878 512.547902973168 512.21015161017 514.971301519947 514.514579431886 515.028484313368 515.870974335227 515.695484667942 516.014541192757 517.471969755713 516.958524108923 515.671621458539 516.636871149591 516.174996376796 518.989003735102 519.442896543
491.247237258682 492.060734020485 478.801855774132 469.499496338665 467.781033767151 472.240042188765 470.847514204952 469.46661432343 465.945514733305 465.549900607602 469.220574595411 462.261896942563 463.069344586119 484.081698788487 474.42761347156 473.071030869995 480.323717692192 481.938888400526 494.105652066077 499.496435732592 495.356235508864 496.525611701975 489.735398950145 492.353803784189 501.966453841961 505.376839733603 505.5419030469 509.507352362905 509.812695718823 512.892866326982 511.550891046876 511.622004591104 514.892367236658 514.880979219558 514.635177863508 516.294795194309 514.851373092469 513.658796889314 515.566855628566 516.665200839219 514.877465535961 516.983093192285 518.491752833197 518.74889725942 518.047090631214 516.577789980044 518.896375078849 518.240282930743 519.789632880768
492.258274424617 493.016781412697 487.363074598379 482.198808709066 480.799157805764 469.64612350286 458.062108945752 457.006314198219 459.45931190752 459.657468001918 458.23129026342 462.367327213841 465.549678367859 475.218832143747 491.031336683823 481.088470835008 493.053813356642 502.034847053888 502.305446205062 497.562478816462 496.084598791612 496.445575121907 494.86826101027 493.211251799876 503.370530158998 504.66597182789 508.018032275236 509.281861516793 509.774575151991 512.895343011457 512.750069406205 513.108275749575 513.207199448751 513.881367610544 515.79758436168 516.061929771912 517.240531033414 514.076862119391 518.422379828356 516.921541787294 515.693122968367 516.784008048932 518.606071792187 518.948149561289 518.477642141263 519.170771947382 517.84222300792 519.146904923726 519.46156590679
492.360283742514 493.314791656295 494.007683083557 489.273593959685 483.355279299808 482.133784326974 482.925999153766 483.766898273835 476.611116151406 480.07591108885 470.25856980665 484.992444735038 483.731018010398 490.23146582365 500.421615435203 499.698546871046 501.557323145062 502.184120946552 500.714811985234 500.206046767753 497.933039207764 501.539767848514 496.021376201583 493.529758286092 504.117439488306 505.659916795643 508.912426877473 510.733449930908 510.090491114036 512.826456720795 512.282465899265 514.568097652451 513.097942108311 513.098035263543 516.224048447451 518.225617900219 517.140049911172 517.08169919188 517.647899564274 517.48042215207 518.05646255774 518.575919038326 519.726573655106 518.281434311411 518.886634227826 519.294622531708 519.400596286244 518.101000282988 517.844815355949
