wc0.5/PCA/Component-10.asc
NCOLS 267 
NROWS 470 
XLLCORNER 79.65 
YLLCORNER 5.91666666666689 
CELLSIZE 0.00833333333332575 
NODATA_value -9999 
[rows 273 to 293 of 470, columns 147 to 195 of 267]
111.845464349807 113.709885059916 114.320186172314 114.486025387716 116.087559951242 115.2667610378 115.651236736583 115.002474905519 115.491466666878 116.241439634138 116.129703896181 118.027713319785 118.206300129462 116.315309241808 117.7040299449 116.563024662441 117.912031875299 118.743568204181 118.243902246769 116.907710445384 118.344448631419 117.884522152197 117.551009627231 118.545180298654 117.414903757771 118.008315215159 116.6232592469 117.823419168504 118.39000076042 117.501596064817 117.340147887414 117.37898549187 117.003868716521 119.191215556322 119.148640296507 119.547573188556 119.034692900212 118.688717919907 119.147851920177 119.221811659019 119.241880035465 118.65606327188 119.53919620663 120.196688843579 119.029590970647 118.742124085258 120.345109041643 119.49800172849 119.609066639282
111.374619138276 111.091429632186 114.474339077614 113.788603169261 115.061264941226 114.547288569686 116.274624021261 114.870561151965 117.36684740706 117.311536205528 116.235779475693 117.179724373618 118.09669646237 118.262142115548 115.944098364186 116.769414905882 116.271927261446 118.53397031055 118.443497254048 117.41196802268 117.06607602764 118.031205940209 118.076359622774 118.431782395334 118.436871042012 117.666451864254 117.197788755221 116.312468557158 117.838602795375 118.674127211175 120.306210467544 118.420945083682 117.62312388482 119.585474981636 118.772138400717 118.595657744122 118.59129736148 119.188834457502 119.13859236077 120.066560545506 119.305225916056 118.985183353354 118.065532164333 119.11118180369 118.955850120855 119.914551039361 118.775570666542 117.191760743055 119.788629857645
112.819274649076 113.608045558858 113.651377879383 116.091369677847 113.080823242491 115.195764511663 115.377662633113 116.336236209316 116.210596285347 116.889559658806 116.286092567688 116.443900460551 116.756560266032 116.403963377826 115.02102709275 116.089436182674 117.527845721755 117.59420983182 118.89056359918 118.005673245582 118.428995209909 115.144636023832 118.531037743365 117.692671938174 118.61697978613 117.044953113358 117.659578158628 117.591870962979 118.16126271305 118.108275973962 118.557893468544 118.493348363536 117.659864880331 119.158023985031 118.270318609025 119.226313635943 119.493475131153 118.871580959645 119.054871087931 118.78883106286 119.586205599976 120.20250544493 120.503682393835 118.196732512924 118.804230944663 119.507505123226 119.259050358414 118.660590473008 118.692265672917
111.80167024611 112.683801522131 114.311462867719 114.428568931861 113.497172523199 115.97674043858 114.803998091794 114.489953549242 115.819574532784 116.941753023136 114.779008280118 115.507326930444 116.851134219373 116.996297353013 115.287041959512 114.671653315719 115.79059172667 117.564495471838 116.735258724022 118.578101547574 118.661442777321 119.100347175595 118.182784926048 117.587476418304 118.091806536583 116.312383936121 115.453656495488 117.206494951596 117.205840007176 118.623140169143 118.557893468544 117.814526356728 117.299620231411 116.833999874163 117.261382780516 118.352885725116 118.777165477653 119.071932306234 118.811764151879 119.299143446079 120.367768170294 119.264862337807 118.462592582491 118.221863424768 117.659118154685 118.7047861235 118.901036126241 118.231267807354 118.685400601984
107.694335562046 112.433913127353 113.019183217225 114.656856547664 114.373469274819 114.936728075431 115.508083247846 114.742723493251 116.300309005946 115.638182378099 115.242616338777 115.271055975523 116.540995171008 116.582535535028 115.474131739521 116.83827211047 116.398123407941 116.705487628847 117.298794851626 117.232634558585 117.130485664439 117.276074662355 118.624284583879 116.408971372347 117.563714629675 116.289470144378 116.921101514995 115.773921490309 117.328441878758 118.431437484054 117.073833842381 119.752245595709 118.29564580975 116.725823752242 118.048612233694 119.571142659055 118.517243506226 120.191328269346 119.208226387089 118.524002727659 118.858564495016 118.864375456763 118.168824411434 118.325823711929 119.015002233203 119.928816035268 117.597282435092 116.815931246853 118.840788976396
109.460495648858 112.217790653358 113.733451769644 112.897557179983 114.740572721152 113.89580583736 115.853541547716 115.370603970544 114.187524412895 114.395279418526 114.737757814983 116.161828572619 115.994930014112 116.896049552004 116.325840254069 116.632558866372 115.995387441298 115.952209095885 118.074593826192 118.783453101022 118.573426258076 118.200790875646 118.502883408529 115.636541814311 116.904101805926 116.941601248454 116.006236305559 117.16065384966 116.838607284657 115.97451606656 117.747356011495 119.017694125818 119.435987238898 117.106880829407 118.096763962864 117.526877141912 119.555075572767 119.559755988031 117.612272538436 118.671236863591 118.035863027885 118.138002350887 117.136981829131 118.266613761838 117.857880572858 118.03220215025 118.357141819126 117.635945611244 118.200748622081
110.52348322454 111.011754375033 113.416289743091 114.109934167835 113.775451898717 115.337258727938 115.020709289567 115.75402341348 114.426982474666 115.751146720454 115.124139897386 115.796166087154 114.867960947932 114.447813960671 117.007543877372 115.544363929667 116.198479676961 115.419210266567 117.111121796366 117.628416342008 118.141538936298 118.919957360409 117.706025899263 116.275828961189 115.770810640661 118.023468827656 117.294335047818 118.538586949189 118.27915000552 116.987903638373 117.56818561699 118.714415874102 118.381766592209 118.561443396082 116.497923108156 118.746900201251 119.956269240874 118.897788612593 119.247414148643 117.318661559442 117.634842633723 119.674927054139 119.504650801484 117.487379386085 118.772778737753 119.302478954189 117.791837355025 119.143388582927 117.32720350278
109.695463432688 110.04760460323 111.369022976258 110.300605581921 110.224681407674 114.824425297169 114.244960626256 114.384060162685 115.333108122016 114.866320587143 114.643470289561 115.478993020884 116.10506267866 116.0447850585 116.596910936237 116.129296729265 115.749499585626 116.182836671819 116.582086606985 118.372568299034 117.709488902581 116.854280780585 116.815888329771 118.667802508767 118.412294191797 117.276837326293 118.131520714128 116.615755469174 117.014283743555 116.089197827766 116.890295398905 117.76641600969 119.341398443589 117.104339238518 117.662778577328 117.203851162471 119.36055304089 119.190778502162 118.339074150334 118.450550853686 117.869879640525 118.528398108367 117.584653206642 117.201295842505 118.616531477473 118.002087140635 118.545487083658 117.370037239067 119.221042442278
107.025809078016 108.988620729527 110.347356333173 112.222853593505 110.395388436546 113.273469041378 114.185427344135 112.851533110354 113.165728663956 115.008190168853 114.649089045683 114.277576075139 114.683419763565 116.093081102826 115.745457226133 115.716526367564 116.103533224452 115.688145753625 117.13642982687 117.307383508682 116.998802035295 118.19085119727 117.476681114989 117.341327846674 116.931055057621 117.077031099216 115.327138756648 113.916868140303 115.129715847945 117.836702416274 117.584718414197 118.607667445269 118.610271979361 118.363788790171 118.398877560108 117.803346891951 118.359258740204 119.551155386115 117.974667368488 117.958529801605 119.500884744139 118.309588695254 118.958736180615 117.352130633948 118.460685862976 119.068262599007 118.817608058127 118.566761503052 118.393243983725
110.113272220278 110.728236489025 109.581849612894 113.417330405791 110.257018318301 113.553261878519 113.268899402174 113.887351809538 113.746745083561 114.679750245315 114.117378547442 113.113847475864 115.333918081568 116.892848950378 112.610309089295 115.998674206779 114.558714187033 116.341842870238 115.6710682427 115.916572279695 117.409923470685 116.8869767445 117.133319590571 117.644089407952 116.751103609655 114.277539784627 115.071092608807 114.099437770493 117.140238716625 117.897756389263 117.142556943179 117.615050595201 117.988872988562 118.592335235463 116.982189446135 117.854336974814 118.906903801828 118.354440613341 120.446337719037 118.169412552098 118.239298445778 120.089163513867 118.397516017233 117.247226134239 118.106539654634 118.397271285268 117.309949413401 118.5746535971 118.222280151151
111.269413692438 111.776076960832 112.052014773607 113.009307882859 111.452834449404 113.318601944281 114.519623082386 114.371563423111 113.764182674139 113.923221881617 113.736549172802 115.210546552456 115.073242306563 114.60966947542 115.257391150814 115.163508228117 117.13342709135 115.340750349916 115.764072314243 116.426555261365 116.613305088115 116.791687158361 117.132794976348 116.797492355041 116.31659515501 115.577679539154 117.312070493572 117.603422360933 116.936061856056 117.025361556962 116.852738123217 117.761786511494 117.522307941089 118.391151223836 117.296958346404 116.808971195808 117.106910292747 118.6228217525 119.084855308229 119.191508036394 117.295215161356 116.746363472876 118.265889791503 118.789192222545 118.003461533726 119.397603164601 118.183481995366 118.374924468184 118.727241776408
110.104993618905 109.232325878689 110.546205181569 113.915035675994 113.451983633493 112.252962647746 112.649979671795 114.543891520249 113.871832463594 113.458259298293 114.359355596271 113.89523240238 115.097997853184 113.288073014279 114.046543064807 115.153199374426 116.556380059719 116.67560776474 117.665867894456 115.490385969735 115.684081091269 116.274597263255 116.700082365691 117.507156469173 116.642151153576 117.460276356322 116.636338313882 117.475571394984 116.935106858753 116.776985665334 117.057689903274 116.711451999355 117.429940921413 118.233926091591 118.988595981504 117.386785365203 116.473241226587 116.880901966766 118.784640366583 119.670283191476 118.032655462613 117.842071549137 118.024509839566 118.01325000814 119.16123638444 117.499390321473 117.796764286123 118.209617518059 118.552118106983
107.764722058575 107.368314644122 108.748661668637 113.160289256004 113.550630808826 111.726432811655 113.002075655627 113.129759985086 113.893253785137 113.404400614393 113.813117743082 112.768598782014 114.715287206023 114.299111544501 115.969257270706 116.260425267328 116.771235546767 116.939499824044 115.255325431359 115.704213081215 116.795953198796 116.461911103622 117.300610996276 116.100561566938 116.412396097572 116.207131358267 117.165476182659 118.100767007825 117.029618626324 117.549169386293 116.933410398152 117.799258084808 118.51240282241 118.323795236783 117.595469165049 117.554580882422 116.255055172775 116.960749785602 118.842550800594 117.724009585546 117.331141702864 119.135217017104 117.662612256632 117.985759898103 118.412683910139 118.054030907061 119.659550963713 119.973229834457 119.141593631515
104.634146538254 106.256691269009 107.37736110964 109.414137899448 110.776922557036 110.346054745407 113.044691082801 111.799777626572 114.3177988898 113.389828172023 116.045624308323 116.190149433162 113.923160771142 114.409849739315 112.630391427751 116.033663667765 117.001535481408 116.937987866869 115.437996781953 116.039859079228 115.844984059599 115.976169448011 116.485889914571 116.129679451204 116.220889558093 117.573093222957 118.265515524052 117.90661157972 117.975552800045 117.322062808936 116.935573536262 117.178511358209 118.19002973148 117.288446767055 118.34059131976 119.265776070405 116.036709688439 116.602879700777 116.003124480075 116.70746602772 118.484379520039 118.28002630533 117.551958407728 117.994192688216 118.92101011675 118.282109572817 118.804364129195 118.8496547151 118.555121147667
105.668459189546 106.39776868546 105.860794718332 105.413358803519 109.555478203595 109.906917677995 113.340473739003 112.128735912425 112.545324842 113.998505639807 114.701534974839 113.539687536445 114.919757333054 114.123603464865 112.585195773742 114.506736376295 114.296428513782 115.965333558316 115.820836725802 116.785278513374 115.306085048643 114.810456958045 116.439981914321 116.241632008715 116.890676425301 116.163383150737 116.899581950015 117.262337107899 117.343840502379 117.241604830963 116.871262147463 116.17413238802 118.475899925205 117.931618831715 119.581638545373 118.728190237729 116.062012191729 117.391353160071 117.096700540123 116.700614175216 117.583153927006 119.15359065318 118.719376154606 118.435993509325 119.256203740775 118.474899521629 117.390816499754 118.636482694279 117.706086846295
104.568185400889 105.582175359609 106.06153712394 106.174095825 107.652574599493 110.810021479301 113.02709368705 112.904595308411 114.051647189849 114.157681080175 113.081591458812 115.86063749728 115.559744415034 114.222772904591 113.065422004667 112.922334388171 116.046343752159 115.793398101373 115.739784070389 117.214842001896 115.179548725234 116.398894850125 116.126824819503 116.148885760578 115.863848503481 117.235731616681 117.139077295072 117.938945975824 117.58843474487 117.472560788983 116.646910100495 117.117738994206 117.105139297521 118.523801873904 119.017131439846 117.432476994891 117.108169355466 117.166635167466 117.879242564646 116.251300176655 119.057107143673 117.066618528774 118.916706586523 118.104029649319 118.848416353146 119.985616679853 117.694847975868 117.73340438112 119.785100145175
106.037532566839 104.310039445409 107.831318511525 107.61539347051 106.53672270106 110.339296464474 111.948966504328 112.676007451915 112.510370863265 113.375694200497 112.18361892448 114.013007294303 113.788355776361 114.819716812159 113.02127979487 113.027929291723 114.726554470264 117.06313298413 116.514664789225 117.290103980107 115.065773606446 115.805279029982 115.715478436076 116.240370289847 115.636850136417 116.295379409892 116.274113180047 116.370301749698 117.101666509685 116.531583928871 117.312968378665 115.372503622415 117.544693156227 116.521086315811 116.730629409888 117.529255197801 116.609210839139 116.354702201488 117.499647258139 117.041823747699 115.804863930197 116.935829875183 119.211411348082 117.626512475445 119.213398632939 117.737834349614 117.89338249553 118.372436064417 117.773023717214
106.116943472656 103.632577961357 107.455410923683 106.892902929179 106.441954312401 106.719937136956 109.11635291291 112.094124233825 111.9826964052 113.678679203528 112.448761900006 114.510817629032 115.728169949244 114.482231135088 114.001836980672 114.006183743282 115.333825832634 115.563412606199 115.676629661 115.803614686931 115.584786608423 115.031725281668 114.694687473125 115.781388039507 115.545131521085 115.699559409273 116.429755112093 116.553346083543 116.638443948739 117.120405485636 116.651805859974 116.151318537203 116.909835628559 116.781480465547 117.824121083636 118.504755777292 118.502669559906 116.322840087611 116.970079238268 117.910470041855 116.783658185954 118.55375625284 117.195381498516 117.524022030551 118.463487390518 118.438357779103 118.544554524588 119.228827889253 118.475567921519
103.92391658851 105.524955307033 104.507982141189 106.025140631099 105.90965370701 106.140210893555 106.791729289076 111.291067133596 113.005493736949 113.186784617695 113.472482718352 112.544566207713 115.288117776159 114.155050429408 115.116702968117 112.894335044427 113.643527559444 114.090260253043 115.697125124697 115.07297195851 114.345841042161 114.282679724125 115.520508323869 117.255457824309 115.21419298852 115.597772345262 116.900214546606 115.684854410987 116.954371782287 117.447047898146 115.847367576684 116.898695351035 116.751871933644 117.54519735831 116.424869682624 118.036694984504 118.758608730066 117.201921782018 116.900365930772 116.57782829588 117.55070749402 116.73162282091 116.955431865859 117.586095751198 117.863328499598 117.255640638317 117.582887063651 117.948367248002 118.136998843857
103.548012061851 106.33009396932 106.587859600231 106.495662849795 106.73693611875 107.356140011763 105.689223042692 108.536533058756 113.02765201845 112.841405432951 113.303751781364 112.095685371415 115.39087611913 115.027022490303 113.363904814181 114.128438212985 114.0217708657 115.565890882817 114.461262995774 114.892885958988 115.667412013395 116.590303676578 115.21739943459 115.889674823785 115.934081757267 116.094255327938 115.663007329246 115.731468479237 114.66134151707 117.148701112509 116.507281945192 116.256043517997 117.181509274566 117.61553383238 117.496084546993 116.842259623835 117.517789023185 117.254237891316 118.134766753633 117.288522544995 118.436498316133 117.138412834702 116.565662723968 117.401010752767 119.262139159475 118.964355137423 119.384631538887 116.620675018167 116.915787018768
106.469517501109 107.349121569532 104.951464338728 104.638442408298 106.271721853081 108.290111109991 107.411055197959 108.368020579641 112.849014017293 113.443469283711 114.461587091132 113.708607807734 115.449766739992 115.382894552921 113.580914655259 116.268013010389 114.270088036869 113.729961981096 114.291375336756 115.322260341946 115.500640619048 114.542314659414 114.983148554287 115.625702268111 116.848634071019 114.402473051248 115.896006536556 115.382683247358 115.725913599325 115.871761794734 115.486569852556 114.812715484852 115.616653984899 115.442263860578 117.261022341135 118.683789482154 115.884020897616 117.367691269695 117.912101602553 116.99364460091 118.077921094594 118.862848099011 116.740940163577 116.50789578021 117.578276382742 117.755745793988 117.36958382439 117.60395749189 117.580207237415
