wc0.5/PCA/Component-13.asc
NCOLS 267 
NROWS 470 
XLLCORNER 79.65 
YLLCORNER 5.91666666666689 
CELLSIZE 0.00833333333332575 
NODATA_value -9999 
[rows 168 to 188 of 470, columns 147 to 195 of 267]
63.40751024594 63.3053744226484 63.2786996339588 63.9312877183362 62.9580331225511 62.5491475639128 63.1443080883234 61.8314112822446 60.86728569623 61.0252300399989 60.7661675309414 59.3815398775792 60.3533785278764 59.5782553123899 58.3043804934474 58.8926136979815 57.56363912506 55.754121814982 58.1609113498222 55.7807178740293 55.4365256107121 55.3847597681589 53.837973299302 54.1130306388489 53.2063930760164 52.4842213948256 52.7811881453959 52.3980615174726 52.6498488884505 51.602581283146 51.5499715141576 50.8069926887538 50.7050094264144 50.4616635677585 50.7314706200957 49.5788791100088 49.1494074889972 49.1916299185918 47.7944653427064 49.2572426235724 49.1878900599992 48.9307412822374 48.8575007233718 48.7214353162189 48.0148374595623 48.0154657848936 49.1583812297826 47.9016562830585 47.6250944698407
64.8681532087556 64.053418046277 63.5124485745132 63.7541856239012 62.5766666234783 61.4594237985483 62.7077935646614 62.3534946343499 62.2823519429232 61.2598836597649 60.4608425268539 60.6149650417184 60.2292312846302 58.5218290418001 58.1717809872193 58.1303256411943 58.0708480501246 57.3113834530492 57.7732264950707 55.0593018881992 55.4198515680243 55.1090706249874 54.2166363510818 54.739903769396 54.0319998976383 53.6362846452596 52.0796389805315 52.4255728250804 51.7662779390795 51.768038238797 50.8912322048951 50.6413194338609 51.6463868278052 50.1636349712613 49.9489888967987 50.3272368937511 49.5282283439702 48.9106029704296 48.8813304377857 49.5700777552904 49.1226609213441 48.6306345570769 48.2557302119057 48.8344437803443 49.6604243459926 48.8343183658431 48.8408306006884 47.5412209936162 48.0308182425734
64.4584146337045 65.2782478991816 64.2324748615561 64.3977958824063 62.1254784536632 62.3719986731093 63.323631015886 62.4138352015167 61.2901788700169 60.3373991457848 59.536811045607 59.8487827483163 60.2943298752805 58.7339189557269 58.3339632514546 57.3593242322435 57.3749329579273 57.3102970998042 55.9499425566908 55.42467275893 54.6359574370532 54.6392029449365 53.5987209931575 53.7874300723957 54.7275339618215 54.340978339538 54.374359107077 52.6219950416732 52.0714437370032 52.737770904038 51.005377375491 50.9251553464297 51.0970029813965 51.1440611113019 49.9840684567415 50.2691129920672 50.072346344847 49.2664516428583 48.8008449325258 48.7383116465366 48.6628838365602 47.0290042805086 48.4130498204135 48.1866018404621 48.7332295577355 49.6531642764222 49.3231544216955 48.6789391573329 48.8811407244422
65.3191076987473 64.5318608639271 65.0285888677915 63.4234301596857 63.2034222688376 62.3720659049976 62.3714072865191 62.7207590077836 61.942016323497 61.8039000299268 60.65706171154 59.9254946082322 58.4251964620693 58.6227514062164 59.5519547658113 57.2515196329085 57.0407602902169 60.1057519200513 56.8956628592361 55.4171582813909 56.2407410678721 54.6012412627735 54.0886166554972 54.5534085938116 53.4531405006609 54.2281108384855 54.1411932743562 53.4767030016809 52.5609612246582 52.5287161710991 51.1118063728828 51.9025936708272 50.4663059555798 50.6163465089194 50.8667313520649 50.6353154785704 50.0007172700163 50.2161847920665 48.5639340951143 48.1814562191153 48.9247544962638 48.67415712146 49.326235422127 49.407127089991 48.523246964439 49.5201326924129 48.8481776542654 48.3121786694533 48.9074952888953
66.3465942742853 65.4696936118055 65.1378635796241 65.0968754062837 63.9953664344871 63.1348974395037 62.5100431973733 62.4748062282213 62.850520961034 61.3347911764298 61.6161773907104 59.9171230616044 59.8822422822194 59.8559284872417 57.7394302519791 57.7897137359617 56.9037111810988 56.3738488678774 56.9776851457014 55.0847280214387 56.1803970399317 55.0382476197225 55.3845177814643 53.9187422812485 53.5279129372136 53.4525460126846 52.8383012726493 53.0998812166754 53.2929704138401 51.0926880427954 52.5103781398094 52.3012925267917 50.8574850825421 51.0357772426845 51.9779019714099 49.2870236658947 47.9774955847597 48.3095519273493 49.8139817357434 48.3685883678692 48.4476440221793 49.2319216321361 48.8438869618736 48.9793446999861 49.7895879232475 48.2394291152594 48.5714182259608 46.6553072483047 47.7280304158377
66.2427344263055 65.4653626328145 63.8974643842161 66.1284000374957 65.2629404852801 63.5078183926799 63.6644328712374 62.7012866784021 63.2159081556979 62.7759074091304 60.5768645756766 60.3687723011718 59.2189233422589 58.7980954046868 59.8429871649813 57.9690558581237 57.9565327105245 56.229475043325 56.1647719533135 55.4869167572107 55.9120023833923 56.1796686678857 55.7203834471641 54.6299658836737 54.1867572536914 53.7070937231491 54.1042248188722 52.9596654495174 54.8953500391675 53.0978113304684 52.1582661927675 51.1820171455705 51.3489813483903 50.5410851797977 51.0606728565937 51.8304894259692 49.9010187426762 49.3335181254861 49.6851643474342 49.6666592582264 49.8223262342787 48.8638465906433 49.1313903912692 49.5725699627832 49.5369541801819 49.8084429175748 49.441596478611 50.141219003773 50.3790160118478
66.7108626106436 65.0733479361166 66.4160932071996 63.878825182416 64.1049197719139 64.2861254044521 64.6903957838166 61.0351699287854 61.9147673105723 61.5534552651182 59.6781200771407 60.2131513763534 59.4238762109389 59.3786563599915 58.3274225927077 57.3550800301191 57.4827247309282 58.0645817579148 56.8917554648144 56.7419390037427 55.8371735841625 55.8917589890862 55.4058317821573 54.9341212799184 55.1438236343235 55.2461970069751 53.4691918179678 55.0471953033047 53.1017807122537 53.1241308010159 52.3205393688663 52.5952871547915 53.2945090360331 51.1725409645003 51.44423129788 51.9833918849694 51.936494114889 50.8070581635244 48.3139390600413 49.3386800980127 49.5823280528261 48.2058860699575 48.7421365934803 49.5207835557858 49.1689957125224 49.9713329220401 50.6842116051398 49.3536304823876 49.0715558881927
65.2253847021042 64.8040683006322 64.2795134163125 64.5083869946958 66.1732686943927 65.9369249570512 65.3156105551386 63.0193753351757 63.125365591041 60.0216693539686 60.9105682849864 59.8348776425896 60.3139265773094 60.0641448690925 58.5017911497519 59.1921292388169 56.8505187730332 58.0050778894089 57.0711949590239 56.5181370899894 54.4189528060446 55.7807811553314 56.1596206228036 54.2488550333631 54.9644953591724 54.7901065496783 54.630458915884 52.9259909461982 54.4831986429876 52.6386534628719 51.6935017141401 52.7072712942492 51.8852864744933 52.1797969645475 51.4316801612985 51.9855980660219 51.9442061748557 51.6961175772061 50.8519344783316 50.6756797422923 48.5580001877567 48.9605921554759 48.9303467844844 49.3272532093702 49.1329248736659 49.6121375737249 50.0530316945964 49.6935714600829 48.7473134350095
66.2887873091269 65.0986012236999 65.6240976590383 64.0448187822475 64.0554016250349 63.730577774435 62.7790746812022 62.1829404908257 61.6698954531892 61.1358951597085 60.6485635126905 59.8990723514619 60.3024612671787 59.4970332418404 58.4328532941611 58.1699723670817 57.354573846305 58.5635141440056 57.6632896976273 56.8073173616359 55.2255016937422 55.0133129193933 55.6205131692039 54.906548009945 54.769057608015 55.1952230063034 53.3541254835773 54.6576755887443 52.733451628269 53.1890421199438 53.0683894960647 52.7499980497952 52.1738852261041 51.6742989522427 52.6605429298334 51.5722561885755 51.7100292637367 52.4739257407352 50.764672958337 50.8323418202131 50.3808909569899 50.2028282538015 49.4848736504382 49.3769350947249 49.4573615052856 49.0570050332036 48.699404588254 48.6734430227634 48.4588163007871
65.3591858814234 65.8586600040382 64.5723578229336 64.3587305150112 64.3440754229321 64.1074267321917 62.64221760578 62.398248868516 62.153514021575 60.453937354908 61.4961602248154 61.7579098778348 60.1492169144923 59.2977658366218 58.8225390994801 58.4240548188731 57.4438889234071 57.8657448265588 57.9246390964993 56.4416935802267 56.3673352448324 55.2367749786421 54.9084136681684 55.4590460027064 56.1046134148822 56.039418294385 54.5651226729768 54.3359318151632 53.0382768050116 54.0432914188138 54.8468296930911 52.8045983987321 51.8040563785066 52.5018109173539 51.716960221613 51.9381659292019 51.4744268089954 52.4862685002171 51.0193081616684 50.8693197439294 50.7147393794738 50.1412397097539 50.0607758367406 49.8139327830265 49.9135370625031 49.8456612179396 50.2571699682373 49.6349414873573 48.4711251346662
66.506051028187 65.2102888229073 64.8578798891523 64.0290128696613 64.219217566741 64.4173184010235 62.9002906377569 62.9156898437395 62.6006600385526 61.2359923785371 62.2018561617876 61.7614669895307 60.6233787886451 58.9838992468408 60.4183515228051 58.7849986291269 57.4021243295214 57.8693691701429 58.8604036161722 56.6887548009971 56.6610022211237 56.4323818935224 57.2941217208558 56.1509464933614 55.2125346062534 56.4750691279827 55.3701042352419 54.4526834209589 53.5480926789385 54.2223370392721 53.2875167077156 52.7520999411985 53.6806461291937 53.6436427830234 52.2221515484435 51.3641626151888 50.8972956850398 51.2398625234215 51.272845470454 51.03051421468 50.8887333855855 49.6806655825241 50.4445010459807 50.6539565499104 50.2829771655237 50.2909075629007 49.6794386254586 50.5883510177131 49.1188027529624
66.3306680211829 65.1660638490415 64.2747108395813 64.9642872875755 65.3820705428874 62.6189425625599 63.1508963867223 62.9247096394306 62.8048623312535 61.2118690425267 61.1102872020266 60.8568429141952 59.7944111433151 59.3579074855615 60.2404929763835 58.5841309288461 57.4768295341857 58.5023451615134 58.9016485416904 56.8645398114631 57.9903204169614 58.3106723296129 56.4626121147709 56.7887056662724 54.8467094803637 55.9347952238982 54.6676621865119 54.676662058471 53.6438510095673 54.4688839718948 53.8237292453189 53.4060819519374 53.1521427551222 53.1145668825352 52.2875832126354 51.3639606557469 51.2302026853308 51.797871643973 51.6921603516145 52.548574601115 50.6471189700673 50.5981326419321 50.0026304693858 49.7815127047145 50.6630890669665 50.2941832185353 49.7600903046722 50.5982733719696 49.6865276194374
67.0326342086306 66.8601552932439 65.1974539609644 64.6514839960198 65.7274922202315 63.688746608943 63.7516273966971 62.4144256204801 62.6030206807543 62.0251549195312 60.8800671079057 59.8875924010088 59.9037952638564 60.3384288573945 59.5109040983777 59.8764540263989 57.7381789330578 57.4132022651972 57.916122269133 57.6413711076698 56.683035287306 56.9847058881191 58.1812787143773 56.5647824313958 56.3896929781493 56.0495699003541 56.2640971716849 56.0317183649944 56.1086004186383 54.3631241949377 54.2180619262538 52.8625334577298 52.8715333296889 52.6975805829127 52.2971568789424 51.8517758937664 51.1590721347642 52.6319361190599 50.9538753153727 50.6787818773473 51.1040546962043 50.5838403890283 51.0560944044475 49.6137315430296 50.9244384658386 49.6461428547811 50.1657667526981 50.2950290970237 49.3660914310176
67.5102773164372 66.5582724959785 65.150646138848 66.2076083112062 64.7106339451149 64.2468796152649 64.0944658230453 63.1639045843787 63.340710863414 63.1302005671988 61.3348187358575 60.4624860706579 61.6390225447257 60.2766158064913 59.4151710803436 59.8235836222156 58.7302178933719 58.2237676547552 57.7967396836873 58.1867882216277 58.3090174084625 57.6236570930166 56.7134510178509 55.7099399038875 54.5225932795019 55.4401111191655 55.2594187346847 56.3146087268514 55.2373242047591 54.3526136991457 54.2455611206868 54.5066356587275 52.8741554305792 52.7012049264969 51.8746471580039 52.0046111208783 51.8275822442685 51.4731797050385 52.2013318942379 51.5285246517245 50.6416509803911 50.738675261628 50.5997402602062 50.0936134635233 50.3059374033495 50.5838585155131 49.9117332728826 49.8735681269465 50.0734091695597
68.0813327378695 67.1022822150216 67.8643914354095 68.2250742595461 63.3956923363464 64.4939219060935 63.9862184089744 63.8461079355793 62.1255212347397 61.9118525306513 62.7459479424373 61.0549178092669 60.6203323730126 60.2275976951601 59.8518913885234 59.4336901124961 59.7924430390193 58.6270258651093 57.5322240295595 58.8496725776242 58.9208545079476 57.3349446973242 55.989957737342 56.9796931445561 54.9680320035796 54.8640297578541 55.0302072296985 55.8823639100048 54.8466830992967 55.2737617863824 54.542536559416 54.4593253697686 53.5021980854426 53.8147168366469 53.4927027925059 52.0038885155662 52.4604181899603 52.798779164722 52.0173098009206 51.3368012010239 52.0813348458354 51.3075732878665 51.6973403697457 50.6933004591978 50.1394984324118 51.7212515587152 50.2679499527738 50.7478072738876 50.1812927065134
66.872356798889 66.5726629771186 67.495009442971 68.2267079963841 65.9663710946927 64.7989009659658 64.8904407233735 63.3576576594056 63.0577301452527 62.8516012596268 62.7931027257358 61.4492974327522 61.066231537421 59.8551166407045 60.2929831637048 59.6177794377017 60.9154045861002 59.5291528830588 58.7808095601192 58.1977800504663 56.7905449068971 57.804135921649 57.4258544739458 57.0572346742838 57.9391054422911 55.4132936193469 55.7027839228069 54.8082883037713 55.4682796856916 55.8132622329241 55.0354862133982 54.1267188812748 54.1794016322905 54.1755004759298 54.1855698224709 53.5940431499946 53.2915833501319 53.1533117619264 53.4973773652162 51.6026783641306 50.8757561805289 50.8753150312781 51.2583623143154 52.0391191896065 50.9246547201138 50.7033865621985 50.5097988519895 50.2792232376736 50.1358575771545
66.4626535938983 67.4186333710624 68.6096950776 69.2357782786304 67.2554754573038 64.7810495414349 64.3085374312476 63.2489826977779 62.7086435400978 63.8690925644171 62.0407854984877 62.7486696038785 61.4002052572873 61.1171723829134 60.1308377901621 58.819556890354 60.9964078014368 59.7663432187149 59.0213517137987 57.9903639886946 58.8927497668323 57.6103566831399 57.094560920464 57.4276195057475 57.1431459319597 56.5798012378368 57.1139980444754 54.8180761942512 55.6823308638896 55.4731279579783 55.2143276552392 54.959588468389 53.8128427985072 54.2842539616646 54.1513068264319 54.5337355161473 54.3597155374828 53.4278931944855 52.6255230406769 51.7880354586239 53.1227916505637 51.2963858094699 51.084898587597 51.6019986272793 50.7164420588978 52.1647500505956 50.4474265387123 52.1179542958475 50.6707571700339
66.5323011032792 65.8601125370594 67.7747740177453 67.3635238380863 67.0395108551939 64.8083885803754 63.5849793437579 64.2106034912337 64.1404117065372 64.1173387936044 62.3551810444323 63.1693403159611 61.2716144964161 61.5087414751341 60.2443002832308 59.3394340614068 59.8518187523053 60.2566473959686 58.9404237797656 58.5058813311586 58.4603462673895 57.5834888564542 56.9729789502689 57.5061473487015 57.5113918142592 56.9623199826696 56.4300777316464 55.1133205757888 55.9027107980483 55.4159198269589 55.9231284856091 55.5454426405825 54.634705477185 54.3193018946254 54.2009214798983 54.8319027800605 53.9249696437806 54.0103918813988 53.1165241099131 53.2732546114708 53.781487558061 53.1019749123847 52.8190903822559 51.061653249783 51.6219903280769 51.6951849089083 53.027199461572 51.0932547133208 52.5772055081366
68.2169892445069 66.3930563085585 69.2239910566001 67.1084027407791 64.680676467487 64.8357654242067 64.1592825328852 64.2116057339275 63.5980966901159 63.0364089164988 62.5072193235467 62.8054987348903 62.1243393068304 60.9232127461719 60.4866907326976 61.1759010704422 60.1349635943919 60.6043823707977 59.9482093189879 59.3281191443688 58.8974435849986 58.255739202468 57.0152933503692 58.4670112696178 57.8530478606551 57.4549730884984 56.6271697824657 55.9158206183887 56.781703618325 56.6500506692107 55.8875777016341 54.9631976228055 54.3902474131068 54.5806512934974 54.5778858500708 55.2802223496943 55.4317594284683 53.9070067730668 52.4706267712626 52.7301168583522 52.3820397264843 53.5447564462645 52.3443688937153 52.2507667185145 53.5077811707152 53.4377160094211 53.5109105902526 51.0669343943777 52.2389585705586
66.9322707866266 69.0247837195376 68.8721117035764 66.1993016556917 64.2237781046057 65.2997575394388 65.5066543270702 64.228028225333 64.5779429511659 64.0879904905602 64.0286841026463 63.3939161761719 61.6067281678075 61.1944022908352 60.0966081004084 59.6676518362394 59.8205646542117 61.261838664903 61.050396408909 59.0618623714821 59.0786713557279 58.4699475341803 57.6108275949435 57.171072652007 58.0471731990867 56.3275959190513 57.6789535385548 55.2641217509595 56.9647946475921 57.0965137741734 56.3099385250219 55.982238230066 56.0760659143641 55.3257737477888 54.9876434155778 54.0319684452792 55.3012835250741 53.2014071992297 53.0882261622223 52.7669347233933 52.7453475090953 52.5604336591544 52.7037461134582 51.8310716934359 52.0187112980919 53.4505127978464 53.0042326703705 53.2287104294055 53.1478939123679
69.0489137051415 65.8592035088439 66.35797877404 67.654323306863 66.0144335673305 65.4099047533027 65.6021409757183 64.9370376937423 65.1884854037222 63.7481531217833 63.782719575544 63.3964710451739 62.0728914729778 61.3146479593941 60.5416451475627 60.0636339744839 60.6627564644496 60.2180132975915 60.572627592383 60.6877681734272 59.2663569831745 58.7419971446001 59.4147880618816 58.6080606463661 57.1123861166066 58.2441598779211 56.0406825789566 56.3888315355216 55.6636130558224 55.6109412582566 55.043546794246 55.8934257818301 55.8897731655493 56.3909172171543 55.3670281190006 54.6951342573369 54.2622896086433 54.3388025841499 52.850366382151 52.522073688419 52.7500413272616 52.6982754847085 52.2532243528537 52.7298979361357 52.2677932187856 52.7202674777218 53.2411603485608 53.0548114574253 53.1666902607853
