wc0.5/PCA/Component-16.asc
NCOLS 267 
NROWS 470 
XLLCORNER 79.65 
YLLCORNER 5.91666666666689 
CELLSIZE 0.00833333333332575 
NODATA_value -9999 
[rows 168 to 188 of 470, columns 47 to 93 of 267]
-8.04243469555881 -8.58573441797262 -8.65961934407453 -8.71961012580135 -8.83075234732819 -8.66080692840086 -8.6716368844548 -8.89345040307136 -8.62814714175567 -8.81941581292885 -9.0872486949675 -9.08725334466054 -9.3309970936482 -9.26245449466353 -9.1793451127798 -9.29819847676152 -9.50969574431425 -9.9770933750431 -9.51167713151582 -9.54328428435323 -9.20780524193346 -9.2451753051203 -9.7399754673983 -9.80387049789437 -9.55988859687979 -9.704805545011 -9.70623886380773 -9.64701691052255 -10.3614002202562 -9.82054700787581 -10.5982816859285 -10.1904526434617 -10.1560937995057 -10.1997100113817 -10.2316687201329 -10.6109047461406 -10.4580150773696 -10.0829532374493 -10.4496821508283 -10.5741180823805 -10.1528172363324 -10.3502509402862 -10.6866182204402 -10.1350190043361 -10.2837504029866 -11.3154632183384 -10.4551442030557
-8.49214786644269 -7.85163179776727 -8.77609108051789 -8.75460711030662 -8.50991674266808 -8.5098363307302 -8.87483915942639 -8.56136640197072 -9.08448329644823 -9.19049554005509 -9.19002806804708 -9.31059154077795 -9.18191849300186 -9.1792499886805 -9.90023625338126 -10.0927867643998 -9.47670987746962 -9.92350601444322 -9.69149629795067 -9.61729956970658 -9.38388659454208 -9.63299272991945 -10.1049345839115 -9.45660936863285 -9.88373215790426 -9.71663236930794 -9.54718640950463 -9.83948874989315 -10.2357575815934 -9.93823678129745 -10.1130918716486 -9.69303554688062 -9.9068737854057 -10.3316961095809 -9.74765262040724 -10.4302648669941 -10.7519357056788 -10.5638599534728 -10.8351239684452 -10.7752265094053 -11.1328132395437 -10.4992266217165 -11.1111784336691 -11.6109208144721 -10.6153764055184 -10.2849649041499 -10.5666287255164
-8.2830616749105 -8.54207982126286 -8.54129567430379 -8.48286954810891 -8.66761946388987 -8.6370460840157 -8.50918582334334 -9.01376197557555 -9.40284539271707 -9.19001452855152 -9.01340277773662 -8.78603344505476 -8.63686127318117 -8.91669266994558 -9.70006940459739 -10.0144140675544 -8.79416720648631 -9.4277405372704 -9.08971681117725 -9.57433803623019 -9.46847192710772 -9.91530677775143 -10.2212489043808 -9.88330326706551 -9.40233370236725 -9.36942612586524 -9.88207574117859 -10.2284512382428 -10.0769767298199 -9.64092129694149 -10.2639647989672 -9.69368142232549 -9.87855396502884 -10.0938218515518 -10.9600877765277 -10.0088100666934 -10.8651131575793 -10.6901649337813 -10.6576382807706 -11.1134769091716 -11.0277925692901 -11.0471326552628 -10.7712063412066 -10.9827510314356 -10.7529644534848 -10.9890638685822 -11.032248834057
-9.25905344319434 -7.86884834807703 -9.23635792472201 -8.48248673771758 -8.47159556916903 -9.11724235128107 -9.04251978818298 -8.98266133369502 -9.3383998890294 -9.59385646897919 -8.86419501727554 -9.55639422158433 -9.4392766922225 -9.13304900899134 -9.95107367999262 -9.95077126173114 -8.793604610379 -9.02164739627055 -9.78640625862309 -9.61845949405851 -10.0756302092272 -9.64722371161815 -9.52566713958155 -9.75961462321524 -9.53659262931833 -9.36856111149644 -9.35846953185074 -10.2391026010547 -10.4478670256421 -10.1472336223821 -10.3316760801017 -10.1707385394878 -10.5401189627513 -10.351296384914 -10.2945760535842 -10.2476096752446 -10.8536032285284 -9.99021200923158 -10.2662335532974 -10.7709104430388 -10.5648581652972 -10.9243155663725 -10.9833912838961 -10.9818020792537 -11.0775891055415 -10.3284127909034 -10.8392711377696
-8.8692040236757 -9.31060412600959 -8.71841147916319 -8.68635140406804 -8.84786985791362 -8.50592832256386 -8.50635028733804 -8.76105280902877 -9.4126421192116 -9.41216456492717 -8.62145277836006 -9.21864452095109 -9.27024732275997 -9.82998658169297 -9.5493423691411 -9.63412499802364 -9.37520735137154 -8.96363678323008 -9.59696984804133 -9.74557104623177 -9.58567176910952 -9.59491252052099 -9.55980564631116 -9.53689444819104 -9.25337035239861 -9.5373325744115 -9.47247194452618 -10.3729437224854 -10.3845432545889 -10.2666842593657 -9.6135056522011 -9.65375632804518 -9.77064731259243 -10.4014544738719 -9.57342707085641 -10.389945014777 -10.5915430276227 -10.8524671443761 -10.5913569996621 -10.8688322147529 -11.0396551403358 -10.1219054907597 -9.90980160402704 -10.9842734035559 -11.0776903836667 -10.6076632590177 -10.9327144974991
-7.9760818327499 -8.4108492190194 -9.04432954840282 -8.20485833458998 -8.996545792236 -8.98409726160117 -8.52730608693287 -8.60174096373896 -8.56532126746029 -9.04181488375976 -9.28879625727041 -9.63198193443979 -9.48187359926394 -9.55095035605725 -8.72083103362784 -9.46583544489661 -8.8331465475446 -9.85123362948875 -9.63989151721569 -9.54209583308099 -9.5542542482282 -9.40453066653347 -9.82169616507337 -9.55749443195455 -9.82978516373352 -9.47186326797145 -10.3315028234692 -10.5158576303121 -10.377666338311 -10.3301143226684 -10.1910498209221 -10.5782615537047 -9.96462280522611 -10.0832510130942 -10.1713028790037 -10.1412441885024 -10.4213259013733 -10.2125510685983 -10.5629774471028 -9.78368444458945 -10.1497832705777 -10.0240194374633 -10.1220303906569 -11.1143961172195 -10.7538133538503 -10.7084677294793 -10.8052459535578
-8.47374799152587 -8.14090076323823 -7.98703200425422 -8.16780241935465 -7.88005296383646 -8.46787191841658 -7.95378945270035 -9.04703615314376 -8.96716777041953 -9.13607917783322 -9.1782204806752 -8.82237537103047 -9.06370086896593 -9.48687480185304 -8.81549746213628 -9.25587624134069 -9.26214389380952 -8.96377632830452 -9.19679397850225 -9.6689003172997 -9.40401830655193 -9.51916168941548 -9.89789043364818 -9.89471064658412 -9.58852531194878 -10.2645445911197 -10.3305396079881 -9.82866386160639 -10.5351377305649 -10.5454020134985 -10.2598828346911 -9.84377749004132 -10.0870988928915 -10.0856345881463 -10.1176678446632 -11.0325082520053 -9.90096438013993 -10.6166805680869 -9.8525255742513 -10.0680681345653 -10.3130638213553 -10.2543311484782 -10.8756346393801 -10.782311738713 -10.8486436116906 -11.0625650045527 -11.0731004615091
-7.85192455463184 -8.11796988486869 -8.09684688373825 -8.83737051794318 -7.78603511830803 -8.62563394453932 -8.10060265060741 -8.76030725734294 -8.39116676560127 -9.19655920460097 -8.84551677267937 -8.59813117154692 -8.58703014570949 -9.30113830972128 -8.46847748908291 -8.92142814094741 -8.7390026590169 -9.71907481064687 -8.95803060228555 -9.18652325087043 -9.39192833416602 -9.38274829968569 -9.9376545320675 -9.99236615769064 -9.78488862516175 -10.2630032670325 -9.82806991702111 -9.64803002283886 -10.3766654476762 -9.97223418983386 -9.79067194364345 -10.6618037040815 -10.2679418769747 -10.8479674375794 -10.1678493406542 -10.1475510611671 -10.9769105147428 -10.6370826613769 -9.85261488556101 -10.9639523100099 -10.2748315234686 -10.3133317259071 -10.2387751106479 -10.5945387271302 -10.856987821286 -10.7773788930276 -10.3941547357765
-7.92597662104657 -8.09475753493945 -7.88885311749419 -8.43667627810947 -8.04064714421693 -7.98088124670001 -8.9372306602566 -8.38151363684647 -8.8160624136911 -8.7557673524857 -9.06358070764596 -8.60940406658914 -8.44538172435724 -8.61941073480373 -8.55140941180673 -8.69307028875689 -9.97966896119586 -9.01394747667805 -9.11794233500572 -9.69472255733313 -9.16551613125212 -9.91998547360723 -10.2101205058392 -9.99375796064209 -10.3299851650593 -10.4413086002345 -9.68244773734491 -9.70538250189251 -10.4612261680232 -9.7693049539208 -10.1044789991131 -9.74781326097232 -10.3309862615393 -10.2448623754451 -9.9876296576927 -10.0370240324487 -10.6378404712678 -10.9351585655956 -10.1062416540565 -10.275818997733 -10.0678495950301 -10.2242539729049 -10.0406139642997 -10.1151913460862 -10.9499144564972 -10.9916427124657 -10.6350957801556
-8.31054002346774 -8.58614572825002 -8.35893265673016 -8.27692851523815 -8.03918293325815 -7.39740984873038 -8.36544642806744 -8.74131937153028 -8.78123614853959 -8.75944578896149 -8.6839606818483 -8.7958607813342 -8.55174544968549 -9.07657045429669 -9.9335801902868 -8.55068551755351 -9.9802972468409 -9.87623694444742 -9.41115990024297 -9.24239291032946 -9.24230003749793 -9.8461692688401 -9.56299664195323 -9.33345282864193 -9.76461771489594 -9.58104459526364 -9.77771513546413 -9.70239803469565 -10.3659804177231 -9.97847268511942 -9.65406474555629 -9.82751316489079 -9.55660994768803 -9.47983166017562 -10.0222056116227 -10.3782843448197 -10.2503191303741 -9.78751101828876 -10.1056523591643 -10.6376047036128 -10.1648337963926 -10.009094111958 -10.1009095817911 -10.9817054963524 -10.7093963442329 -10.2711738027689 -10.6281103591393
-7.89244885796546 -8.30545010249176 -8.62012692793355 -8.06179685688799 -8.09323334517785 -7.96094814806137 -8.92308661936802 -8.64516337012176 -8.81486718487568 -8.77416947585179 -8.59842785621772 -9.00195233455553 -8.62151038054727 -8.63445067547151 -9.85813523702294 -9.14975036563794 -9.06303883498783 -9.29680770557136 -9.79094344004468 -9.16783688922687 -9.16719428119591 -9.63627943495211 -9.94757201118993 -9.48195014991422 -9.03750308937711 -9.65664600824656 -9.85735875388804 -9.70350949760947 -9.88862255172425 -9.53703350628018 -9.45124088300999 -9.64768474305623 -10.3047074976467 -10.0414176398734 -10.3569573214428 -10.2930082398158 -10.4050829174435 -10.4684888418198 -10.0270140251187 -9.19198732481304 -10.6355637493785 -10.9615111157218 -10.0690058065941 -10.7083672956962 -10.2076069470058 -10.4372544878493 -10.9911663506552
-7.93168401748273 -8.11962830864529 -7.54240762100714 -8.11142692759456 -8.35987793675658 -8.83726301935739 -8.85026437917112 -8.74272927923919 -8.86319455085784 -8.70347821006837 -8.82562453489659 -8.82505342919294 -8.7983959818779 -9.26734437719285 -9.19201471022015 -8.85244480981139 -9.14807167703586 -9.06231494073462 -9.47507009840375 -9.24177602255988 -9.14088134413595 -9.64705718591008 -9.18425081634738 -9.54886019230123 -9.48143462470096 -9.50736674545816 -9.9044855172591 -9.63853956559439 -9.88866270557361 -9.06316122463123 -9.32684989375353 -10.2341435236227 -10.066173433867 -10.1630779526798 -10.0312005839341 -10.3371767155537 -10.5652259505196 -9.94590602859767 -10.5163196688807 -10.7622775323414 -10.8763041184859 -10.1326106112001 -10.3097909798035 -10.6576520883855 -9.84607736467593 -10.2037806718813 -10.0304988076161
-8.0166580026066 -8.04386915386543 -8.18479938548148 -8.39724733853833 -8.69421348282013 -8.86500813720237 -8.10395178497292 -8.95873108156198 -8.86271353935426 -8.56485643846455 -8.52897482886023 -8.84352981777644 -8.83276116241611 -9.04326669506111 -9.23437289542254 -8.90136769096467 -9.11656005513144 -8.68491768105116 -9.67888648418464 -9.16899858590542 -9.06717392737845 -8.97157014402576 -9.22806390153487 -9.28128080833435 -9.26764911059497 -9.24492186469643 -9.55283094253581 -9.86745899332985 -9.83508659991597 -9.4510764395039 -10.0885409235276 -9.72023271060375 -10.0446069849596 -9.38713642406691 -10.0311870444385 -9.50360907425848 -9.79868394264125 -10.007690905593 -9.31341828746586 -10.5637333483344 -10.5636116098813 -10.1394544666452 -10.9888474676203 -10.1289795167613 -10.0102607351724 -10.1480067084966 -10.6406075881335
-7.46840698083102 -8.47963841511413 -8.21630250460898 -8.21972718177646 -7.55777288694194 -8.05388088688838 -8.95513928388972 -7.67819224930752 -8.56674241220893 -8.73869673418034 -8.57115392481724 -8.48610211069026 -9.17465110046552 -9.33625334436418 -8.89452460817128 -8.72795695909953 -9.48334936970602 -9.19620813913814 -9.18519058244352 -9.18504590080612 -9.19571080311348 -9.51952919849596 -9.23778950234795 -8.99333723158466 -9.17413434547002 -9.33163400918892 -9.1582965683431 -9.78180126780211 -9.64224376792879 -9.72848189618518 -9.42235476398674 -10.0706513339234 -9.9385610040188 -9.80145721522842 -9.38968807697272 -10.248223625886 -9.25900093793268 -10.0490849386848 -9.91092434166412 -10.4678914362278 -10.0761159857915 -10.1506204605778 -10.0764086847812 -9.42461445746308 -10.3695025977382 -10.6693248981113 -10.1482232752739
-8.1880676341601 -7.79926692707405 -7.81483659808763 -7.96137063660085 -8.89154751723383 -8.30891832109052 -7.72388967291929 -7.67854578876732 -8.51067852005835 -8.25970790432113 -8.97559718072411 -8.46931997260607 -8.71015508916687 -8.85534154406936 -9.3175540466194 -9.39183959209501 -9.36980656527201 -9.47929859009611 -9.13190166899978 -9.1213930150675 -9.81393346446287 -9.79107903670057 -9.22756391795233 -9.06097725022266 -9.36375487064549 -8.93310988328826 -9.71756854791908 -9.73066778393977 -9.0525201556851 -9.6003675688381 -9.42911213637671 -9.73059511021854 -9.93912014054592 -9.40224916744592 -9.16019882521825 -9.82221332448585 -10.1055692013 -10.065205762103 -10.0915998663405 -10.562295467542 -10.0515881167602 -10.1518636358903 -10.4328304098697 -10.1501378192982 -10.5164743379808 -9.98640944844758 -10.6687221481547
-7.46540654016556 -7.87441264742021 -8.03987359178295 -8.58936831963014 -7.82776652321091 -7.52608699371964 -7.85845785069254 -8.21467763771704 -8.81456356778717 -8.97794289977053 -8.97743864670117 -8.89149977147455 -8.92297439338041 -8.48045007054989 -9.15600069825026 -9.02834692207884 -9.13447824322399 -9.13396516110847 -9.0273272045526 -9.81356035353534 -8.77565577152396 -8.90777723296248 -8.95009218730264 -8.96042914522948 -9.25562582379647 -9.30455389105344 -9.07498032175229 -8.98985768388562 -9.84949247867684 -9.54226462542398 -10.2943114181246 -9.33676615844497 -9.47920962632555 -10.0238184061932 -10.2189112012418 -9.39066562784049 -9.82238273215034 -9.78169017590689 -10.0181659686245 -9.88860022514697 -9.20278095345812 -10.0233978822764 -9.98221508092197 -10.465556646357 -10.5962139139 -10.5601325371625 -11.0582300986567
-8.03866907948414 -8.04082229214332 -7.95472079791226 -7.96621069574346 -7.90811699034202 -8.39369354841951 -8.28631785973337 -8.46557205537231 -8.06207837069926 -9.31850749932716 -8.08920562501091 -8.08880500563718 -8.66732951379387 -9.34306982803155 -8.97501252650503 -8.52076300568301 -8.57436420179885 -8.60290555078711 -8.921054278783 -9.12134233771432 -8.86855272618696 -8.87786923984325 -8.91900057046662 -9.11990883089908 -9.25072907074887 -9.20844239741224 -8.93257774156649 -8.98929508777831 -9.62732524492235 -9.91437913603913 -9.39433261126356 -9.54778293109952 -9.29872759591285 -9.73933041869314 -10.2191458727766 -9.0682773607036 -9.27351672865797 -9.25059991626741 -10.0000547671959 -10.5844201786921 -9.97977275727629 -9.98040655993585 -10.02511475197 -10.4565463065629 -11.061565183812 -10.5964919007282 -10.5416305878843
-7.36597212669525 -7.73991412468687 -8.06401086681215 -8.30404139860845 -7.95962154594445 -7.87528217707222 -7.64676478686635 -8.43367493155547 -8.27168888933324 -8.08478673454499 -8.35302660894089 -8.67829129057733 -8.76271361925529 -8.44819595837003 -8.77297532984264 -9.42374847996249 -9.26632749246947 -8.30078194572711 -9.46862559459536 -9.21906136551179 -9.21926241742931 -9.16058242419532 -8.45711821211706 -8.69063341231602 -9.70493781302523 -8.93365923592043 -9.58813850854598 -9.47519925075394 -9.62686084992728 -9.55255552271139 -9.38246474188783 -9.15201023613559 -9.79606471240564 -9.55400184717336 -9.33388277519402 -9.61717013448358 -9.07821263202513 -9.52090020575907 -9.29961458729021 -10.0280977049996 -9.93637566797312 -9.18353223966192 -10.025416276139 -10.1628846524105 -10.4309278160722 -10.0212103566215 -10.3807445386744
-7.86812933386905 -7.68642238226449 -8.13328293114413 -7.82313881297376 -7.50250072038974 -7.86349599892148 -7.6360134412503 -8.52072477561775 -8.28241996492315 -9.03204607971097 -7.52519111819974 -9.05593118449252 -8.5500892674554 -8.50769435691714 -8.56050214372737 -8.64881372614326 -9.24513899524849 -8.85658350861506 -8.23870211610131 -9.11152069670427 -8.88636821447876 -9.20673566801584 -8.91658414593677 -9.14299654791698 -9.04351173690767 -9.76560549422575 -9.13795381456196 -9.64117632802523 -9.97801532083811 -10.2812681359427 -9.55225775414294 -9.38127714706576 -10.0723496091184 -9.84870123392348 -9.06149439409873 -9.70628542238577 -9.74562344328772 -10.084997917728 -9.84783606071542 -9.98597329723957 -10.1551810840839 -10.3490230037821 -9.86220532293088 -9.95997579510302 -10.0785764125807 -10.3161287800423 -10.260538281805
-8.01245331222301 -7.71102669602879 -8.1158224367597 -8.03534549456747 -7.79695160045962 -7.90184825588861 -7.8408206646759 -7.81361068372188 -8.22908624793702 -8.45462537776585 -7.61009360099629 -7.50870062387157 -8.31186008072443 -8.52364012351124 -8.65130918610364 -8.8060451486108 -8.77421266852284 -8.88961159934728 -8.55485501201833 -8.71346966183992 -8.88745900821876 -9.28218586512927 -8.9834530021949 -8.36088408593036 -9.0859735558057 -9.15910918161299 -9.17353984494973 -8.99676200169002 -10.2565802197336 -10.2555064520856 -9.17164257918992 -9.60818159067435 -9.28553876435209 -10.0722536753578 -9.72249498650599 -9.53037383082826 -9.72420173812865 -10.0317577521611 -10.3665088906214 -9.93613508116057 -9.97589809940799 -10.1600269014081 -10.2031937467195 -9.86245661097418 -10.319687219112 -10.3127621118121 -10.3349717293158
-7.92604304645669 -8.13135523646535 -8.09974202858173 -7.20382273505331 -8.49946412615968 -8.54665303466794 -8.53936336345888 -8.32701835093727 -8.43458860171318 -7.76393770307643 -8.26922883696027 -7.63658274490199 -8.55210627903894 -8.46756271553993 -8.61865208941025 -8.65080403894187 -9.31036030821043 -9.22498945931345 -9.08827111794613 -8.8578754334715 -8.42267420534642 -9.26735377296844 -9.64369218161898 -9.63284836182255 -8.91560579840853 -9.5092894528361 -10.3363160500243 -9.09893358772134 -9.64723567537943 -8.82809326171711 -9.09689174462681 -9.09612839095045 -9.49138031745102 -9.38127209729499 -10.1253703142868 -9.75307884149647 -10.0024420201211 -9.4264721665752 -10.2257572725847 -9.84171799853754 -9.71374065146621 -9.97618616851264 -10.7262765681068 -10.155989239876 -10.2667227730217 -10.4674656986106 -10.8197365783253
