wc0.5/PCA/Component-18.asc
NCOLS 267 
NROWS 470 
XLLCORNER 79.65 
YLLCORNER 5.91666666666689 
CELLSIZE 0.00833333333332575 
NODATA_value -9999 
[rows 84 to 104 of 470, columns 94 to 140 of 267]
-1.68529514005259 -1.90791280798106 -2.00605215504755 -1.87227294160352 -1.83282228028094 -1.79693953990631 -1.64943264322103 -1.51694730627311 -1.78459200235602 -1.65126249817782 -1.78280217575605 -1.66490744361981 -1.44382197978422 -1.73879767183018 -1.61750153192453 -1.56154196302297 -1.58627526721601 -1.8420626581085 -2.07651793378323 -1.99182274195277 -1.90337539618376 -1.38670539208807 -1.61713669300229 -1.39952823173146 -1.94507941266152 -0.78487689653265 -1.10919762633747 -1.1833720531193 -1.29856581023437 -1.37340884371145 -1.11203695041101 -1.35151926305176 -1.45122031007588 -0.87449969848328 -1.74815372609143 -1.08287699445837 -1.58320890019882 -1.32318576228212 -1.38876451271085 -1.43368804536723 -1.16514544330231 -1.46042024821208 -1.54554028167427 -1.107831000697 -1.35563295527111 -1.62306050192038 -1.62310796378046
-1.81386564489791 -1.78437906786488 -2.06008181685577 -1.69446036767688 -1.80286877561325 -1.89199887835078 -2.02495169744416 -1.85539667211627 -1.65036158049988 -1.66598299123478 -1.66771343530207 -1.54644320939714 -1.56118133152991 -1.69476480388373 -1.63750850685733 -1.63587377690889 -1.75482408538735 -1.73144032433334 -1.91281716817201 -1.91268315087692 -1.82760644467598 -1.7475983796645 -1.45449867124612 -1.56493594011164 -1.71919980916322 -1.47235608524453 -1.86339732573708 -1.80264224422155 -1.74366171388399 -1.10641144438826 -1.92228070144032 -1.76437100915649 -1.20547158817465 -1.46117221687176 -1.76060644473419 -1.19168337216052 -1.35452446653063 -1.6465254794192 -1.30116163022299 -1.94970042239984 -1.87384915548166 -1.50178618984142 -0.928222543906461 -1.24198861766032 -1.29530726045049 -1.41596370853251 -1.41353476752048
-1.40479469415498 -1.49390217142266 -2.07027423578017 -2.43517872705248 -1.82071134661982 -2.04547068138225 -1.84829960339744 -2.04794464259777 -1.42075925389679 -1.2726932762921 -1.25812287653273 -1.66189051619173 -1.23864377592837 -1.41722763437453 -1.69886902589808 -1.69721575772586 -1.66567448857814 -1.23314414760102 -1.35141895574854 -1.55636245932345 -1.22711617795281 -1.74558472401602 -1.40389742809641 -1.47739845732512 -1.6694690742887 -1.75937941118065 -1.63958616698501 -1.33804613753345 -1.95194310541895 -1.25945631118076 -1.45774215450405 -1.57732757447009 -1.83988624253665 -1.24262695786862 -1.1129990201049 -1.7691346560965 -1.35547124202776 -0.99297869968085 -1.09397917915844 -1.59330547001922 -1.51162458257196 -1.27985148557594 -1.41337267664712 -1.35810942975112 -1.62303928220879 -1.51706185196922 -0.953172755330784
-1.88832839936206 -1.75653786823038 -1.93634112437295 -1.8561303432588 -1.32172534948542 -1.45506126475527 -1.78328232093826 -1.91447614552326 -1.89579992913369 -1.49854608543015 -1.77066299799105 -1.49923008441191 -1.37233209256852 -1.25372369019395 -1.55614841648695 -1.45717194570145 -1.40565945942621 -1.76932337311407 -1.658096667005 -1.56728316117229 -1.66232638749551 -1.44880566558899 -1.43939339062546 -1.38067048210939 -2.10533715546784 -1.39371665599301 -1.33817339384092 -1.1900625704445 -1.78788226697822 -1.58689596760442 -1.1719504793648 -1.4630813975781 -1.83208814234137 -1.37949519658893 -1.18088901083092 -1.79895294811351 -1.28458802263299 -1.32452154962795 -1.53211025063661 -1.51649310152802 -1.81873219016214 -1.14482697469776 -1.41178097821952 -1.21680794598625 -1.26766653335614 -1.35674355813648 -1.17204461272245
-2.38791384506122 -1.92290721370127 -2.26355696505218 -1.42194043540776 -1.45531963438559 -1.88565734704932 -1.11861938400918 -1.24841236854291 -1.33753017305638 -1.51042345475948 -1.19023417938389 -1.44643096884647 -1.44647843070655 -1.38328928573838 -1.8386889313262 -1.35439106601231 -1.52368359209773 -1.28931516822682 -1.58377032341556 -1.99784185090379 -1.9863729475026 -1.55484231387998 -1.70161183269116 -1.27676432365874 -1.03766286923701 -1.65559163482425 -1.4693754797571 -1.68423096942384 -1.32275627833066 -1.24393208186531 -1.76263004961299 -1.84730188282754 -1.31457210396261 -1.45930307840527 -1.39065007785139 -1.06461998264505 -0.755414583080948 -1.29557969355331 -1.33878925831571 -1.54651575039484 -1.05221232403629 -1.08867365629403 -1.0881384012028 -1.33465144754919 -1.30447184752194 -0.992466402640731 -1.15570847714702
-1.56605989907584 -2.11356184733506 -2.31888791096081 -2.25812922178654 -1.72295446829346 -2.13646948394408 -2.07464604655155 -2.16446136564338 -1.76426896277096 -1.5108179539612 -1.08747861315142 -1.23382555716038 -1.27774206484237 -1.47291763933706 -1.77609305277946 -1.47125137859867 -1.72308616605289 -2.07194750475116 -1.77715776271732 -1.33695116947433 -1.32242587701253 -1.63294814513195 -1.2966453934642 -1.42060008752902 -1.60578093027323 -1.61603696963454 -1.75862263115933 -1.75705594285241 -1.75927829454049 -1.1541463131808 -1.45521483860326 -1.61839526817504 -1.77353018534938 -1.37335487635249 -1.37090675831998 -1.13235445468931 -0.859549377446975 -0.681924822177246 -0.81407715387778 -1.18225273619706 -0.750732470404942 -1.52270998505703 -1.16337657989274 -1.19611267210397 -1.02167857213213 -0.992810187565909 -1.44502904662466
-2.20379248932411 -1.85240753412175 -2.03456975053783 -2.1379493827736 -1.35636519915532 -1.89026804937308 -2.17984612101154 -1.6887651782178 -2.13979173994578 -1.83516762477828 -1.98799908261003 -1.92201545920905 -1.27469614800583 -1.51182967240972 -1.68377753399697 -1.62962640070418 -1.71824741271772 -1.35265905839226 -1.7939448471104 -1.6014824789118 -1.46001634627694 -1.83994332872843 -1.40679287634599 -1.37740349680795 -1.70490048241683 -1.98428692173289 -1.88804924511514 -1.3504440425679 -1.475272095108 -1.45196938694547 -1.99679406015663 -1.56322041580046 -1.65329068112207 -1.29745286558852 -1.2684029069116 -1.17479504311247 -0.769021805716961 -0.769214563974299 -1.62652988941585 -1.21833043055463 -1.23311950326419 -1.08574450197687 -1.07111395289112 -0.755997772402441 -1.02265173405793 -1.02285888561972 -0.906129026039491
-2.2120365544229 -1.44563574502318 -1.93849531722054 -2.07590560756079 -2.038304472534 -2.03766730230273 -1.65947674741922 -2.00172591375306 -1.75932503521181 -1.6273231703705 -1.70002391602757 -2.12872318557727 -1.40699821219935 -1.70478058018747 -1.67426948164105 -1.35344775120088 -1.42181326583329 -1.3524652218323 -1.58223716813737 -1.06831105572956 -1.18715423585491 -1.89998692846338 -1.58958028383584 -1.40773141967767 -1.40599131065052 -1.28724351415025 -1.40697860166215 -1.02524442895834 -1.61272860053635 -1.98153999447722 -1.37073998842396 -1.65956032672609 -0.980040898538048 -1.29772280222495 -1.14590372742103 -1.37508568522634 -1.2292125648663 -1.05116968727992 -1.12958018132671 -0.683572693787489 -1.10002665369698 -1.31972729822811 -0.887251802493338 -0.843276901762583 -0.934448355258285 -0.932849136203294 -1.24439090019802
-1.83528015476718 -1.77823085140241 -1.35482329323618 -1.81471641086208 -2.26722339373902 -1.59135070643056 -1.81085585379918 -1.86929218268746 -1.83381279443148 -1.62494023441434 -1.75890119643426 -1.80383913860537 -2.05693897218363 -1.43652631626118 -1.82182328984646 -1.54403481011155 -1.7340184535968 -1.88210967765286 -1.71613439904715 -1.74616430085312 -1.43555158896066 -1.23332191246904 -1.12160000540552 -1.12179014759456 -1.45049118755769 -1.33437700103281 -1.73986658283584 -1.02735479436404 -0.807762965613911 -0.911711395945624 -0.998681611494078 -0.947106144111268 -1.0455127300823 -1.29052220204983 -1.29934708973737 -1.06855102027773 -1.11060462510942 -1.67339848912994 -1.77724219256744 -0.773293781156126 -1.04006985767447 -1.23917459146719 -1.35413752225346 -1.45970944388527 -0.878977367054722 -1.02778737144187 -1.48833249816795
-1.52499795857871 -1.77790288554189 -1.56321505674704 -1.76676749524347 -2.09782439975339 -1.8681968247039 -1.85908104821692 -1.90796636224666 -2.20983066076594 -1.5664323360639 -1.62547960389521 -1.63902361480458 -1.63924558578894 -1.72920067441932 -1.58696823794757 -2.18453046488606 -1.8326113742996 -1.82150377994955 -1.169012428536 -1.41792969233049 -1.09294667711 -1.09294667711 -1.1049520460198 -1.34993770142065 -1.52892619048868 -1.49061394455166 -1.35715433358035 -1.08518413463266 -1.14654699155116 -1.08603625064207 -1.50607915768644 -0.945944072021804 -1.55761963281418 -1.3690391506086 -1.2890994915192 -1.81485086193144 -1.72979501485998 -1.55737618310076 -1.00224622713405 -1.10415328114087 -1.18802009680287 -1.72662475800393 -1.62299343826482 -1.21715625808759 -0.936715423543723 -1.26949003363139 -0.857731529793251
-1.74723295709812 -1.43953945273897 -2.00927721149915 -1.82408693507583 -1.88443950083214 -2.09217235334753 -1.27985546283542 -1.71932352086498 -1.8079976529933 -2.04888404753952 -1.69003177885187 -1.79853561123026 -2.00045295282537 -2.16427647073632 -1.47130993563041 -1.70192432526607 -1.51774684729448 -1.65839438253683 -1.26513931941511 -1.27053509402394 -2.031362611669 -1.19720059167467 -1.45860673772099 -1.49476207079778 -1.99010470183735 -1.01380954937936 -1.93552623000164 -1.44459251976374 -0.997138176723907 -1.11474820394552 -1.26119799874016 -1.1028495560677 -1.18220372217384 -1.17081573243391 -1.40875787048782 -1.34405361749745 -1.05507918030226 -1.43113058138997 -1.69930935308628 -1.00176052216942 -0.890789093760265 -1.43089474924828 -1.26167002606422 -1.57824737432889 -1.27009707306603 -0.78824397293356 -1.17305553625516
-2.01925843182889 -2.09305854233755 -2.36026521374 -1.74969904629296 -1.65547375843512 -1.49622875561926 -1.50222760569228 -1.7493334979293 -1.80881860497736 -1.76880276435671 -1.03868348607552 -1.48184831084093 -1.86762710213555 -1.46575196928066 -1.35680429900371 -1.32527798692409 -2.16270966373425 -1.9569660343495 -1.45012249882901 -1.44081366583331 -1.30245093209196 -1.30265808365376 -1.79212666627379 -1.31704438618425 -1.48208471740259 -1.2838482304997 -1.91190892731212 -1.86180168928366 -0.910355593485032 -1.13832380518723 -0.980043072470757 -1.31113273215344 -1.31194282866943 -1.37592860323307 -1.19879427110147 -1.46382746831929 -1.33768478281376 -1.10759630225355 -1.36104246527611 -0.835434495656358 -0.954786766505688 -1.04378056594137 -0.867290626191858 -1.21029750528049 -1.01468138470805 -1.4182047330853 -1.46362621303504
-1.45440170124148 -1.86730928887298 -1.61703993419641 -1.89879630099928 -1.46193081708525 -1.42254362038993 -1.28919403328398 -1.64790989771418 -1.67529237442049 -1.94206309161068 -1.8717218057315 -1.88797720436227 -1.33064169585017 -2.01086935559554 -1.50672363076145 -1.52985061610975 -1.6594739671358 -1.3046318896106 -1.75956685924389 -1.37852617525767 -1.76097051694599 -2.08744579388139 -1.12308678943233 -1.58869018113589 -1.55657247662226 -1.48108233501483 -1.77482702756804 -1.63951557068068 -1.14213554338156 -0.950042694799016 -1.46595020986429 -1.3262572943225 -1.15175321928579 -1.41056994910465 -1.47263603131249 -1.22101271572732 -0.831567126566449 -1.10799286003606 -1.37735435102037 -1.36278848905548 -1.53545221558124 -1.03714879730643 -1.1765465415296 -1.19378205456229 -1.23850764682178 -1.19575930600416 -0.908783386813796
-2.1330072656061 -1.34489710886207 -1.08348255972006 -1.30332735685441 -1.30950029009647 -1.78137032693947 -1.55763490599036 -2.12058016790279 -2.09056557747092 -1.65461281847269 -2.1613399616363 -1.57779118863526 -1.75804852627875 -1.52430706671748 -1.4247898206043 -1.58140610168554 -1.45206987327447 -1.39389570454336 -1.26277049875485 -1.53936266226781 -1.22541160561628 -1.23258844225056 -1.48601262331525 -1.73295960590177 -1.49633891726316 -0.985195364198664 -1.72680790683096 -1.72742790730326 -1.58244926841069 -1.75563184631051 -1.02798565016551 -0.801091616183113 -1.06340948832158 -1.42801032936297 -1.00992076339073 -1.29990564205835 -1.1572193612754 -0.830540973818326 -1.16858252239935 -1.18324638405758 -1.50757261608645 -0.697667295817005 -0.965490633315993 -1.21525873710263 -1.23935084031518 -0.833005484368207 -1.42773488115132
-1.51918104363176 -1.81490926329204 -1.3639754329547 -1.18118270710216 -1.74652500627021 -1.58075923420108 -1.74879328469704 -1.37556683554846 -1.39271107242028 -1.84402464657978 -1.898927878799 -1.77555348421573 -1.55762449729573 -1.47778080491954 -1.57207210972162 -1.81739829658359 -1.64989424689081 -1.32876844300954 -1.40816456139409 -1.41759846038018 -1.25268761394283 -1.19445790469556 -1.53208480337412 -1.51664476488016 -1.03147986379449 -1.12907901604713 -1.19172745997184 -1.2860436335911 -1.52645927961775 -1.44989163079187 -0.992531093797502 -0.832024112599128 -1.4943171254166 -1.00692244079843 -0.904773486236201 -1.04527856487711 -1.25628488728534 -1.37188812007306 -1.28554080089228 -0.839895124991442 -1.2055648576315 -0.845621994818705 -1.00874703546488 -0.993296196418118 -1.21588918013305 -1.51950974099778 -1.29495649232156
-1.81079435275652 -2.05493112864004 -1.52527533464744 -1.88242095143256 -2.03436435782542 -1.74848733267696 -1.66346722516085 -1.90176208450798 -1.44454745030281 -1.67055426215911 -1.5118374937823 -2.14190508417023 -1.07851214604884 -1.46873098840812 -1.81926535880576 -2.04031779662562 -2.04042326347963 -1.34169831617908 -1.42648847186704 -0.975430632320296 -1.15241685453431 -0.931637701013931 -1.58083198621226 -1.22258765448357 -0.836063986955278 -1.5284949306334 -0.984755018919233 -0.877900695836823 -0.924753289946119 -0.850122326859621 -1.00850442675315 -1.01341719645353 -1.02888929472952 -0.86575626106351 -0.616809666139257 -0.905728298980808 -1.00520807572332 -1.19036746440624 -1.14405959137565 -1.3015342098374 -0.99376834878855 -0.954804608011282 -0.706663644439669 -1.37903423322106 -1.1388045205118 -0.916353672869232 -1.08177881439471
-2.06209167864552 -1.72841027309734 -1.7636675089575 -1.74373391077677 -1.70044695179853 -1.72849236817491 -1.78837199354865 -1.63824954066341 -1.59346151058674 -1.34598546621202 -1.96069206314109 -1.97937043868865 -1.19467547505053 -1.62039262010501 -2.36173608920131 -1.69885982794378 -1.95193817080743 -1.12848218230418 -1.58987442246595 -1.30220928121231 -1.38672987704416 -1.9713343738895 -1.7319212636677 -0.95759613716681 -0.970083812848096 -1.01433787073666 -0.876153245669276 -1.06802222246473 -1.03896188728993 -1.62272775792514 -0.907334534836129 -0.920712045861883 -1.14500200960556 -1.02568698751888 -1.22929601624463 -1.05411919498699 -1.83663819103063 -1.34573702771115 -1.10852260072091 -1.19818088516964 -1.13263561266125 -0.980768659160189 -0.707514156408195 -1.21617989486543 -1.32133544794387 -1.07566067265424 -1.03382931851517
-1.45311250427071 -1.72066523404145 -1.72900764757213 -1.63970793778539 -1.51534088102493 -1.53823046969672 -1.55445122215237 -1.50918250821816 -1.86496607939174 -1.80140154434968 -1.51851671096113 -1.95920511073164 -1.43442858565825 -1.81464850212449 -1.42267267655721 -1.32652876595789 -1.19448541291572 -1.41453048182982 -2.02103530610035 -1.16412619132327 -1.64388571706331 -0.959205883452749 -1.1306421617929 -1.35522746346561 -1.57743280507021 -1.65888418003595 -0.967330846293049 -1.05388896967086 -1.27480225254651 -0.761828168252331 -1.12980138435018 -1.26605724197853 -0.714644781579934 -1.38355761814904 -1.06819433901119 -1.76191056618534 -0.901417012929768 -0.900906253777394 -1.15092130488231 -1.10804888888049 -1.30024124211101 -1.1866654270238 -0.912164378250565 -0.914184699815731 -1.35087467167948 -1.28428323304605 -0.901321040052342
-1.76338601987254 -1.32144006914182 -1.53503010388875 -1.51593986202463 -1.50060259820231 -1.2466679739401 -2.05840610477182 -1.65575616212859 -1.95243294638137 -1.71246868766693 -1.53992606105997 -1.98912866977156 -1.99353805458764 -1.70185540125238 -1.54005128319299 -1.46755138106202 -1.16945935442495 -1.22825312158304 -1.69328471011194 -1.35010176517529 -1.73957985372574 -1.36336640770848 -1.84464926765979 -1.07235366013501 -1.7264482112675 -1.44286449125836 -0.951220904295171 -1.70309810702024 -1.20122234498964 -1.40974917986396 -0.715595794888976 -0.760295000719797 -1.42762454204176 -1.20428007015938 -0.892260877984629 -0.855815446651054 -1.74644398211018 -1.00353836452171 -1.18272182493856 -1.10779876816929 -1.25460135553612 -1.306427491253 -0.824325948024674 -0.911690666410144 -1.34931865787581 -1.17977568713552 -0.798700826555591
-1.55368849056415 -1.35115504388567 -1.87861913885714 -1.93899502753822 -1.81058178479389 -1.44410480790518 -1.7214301188421 -1.60071749441501 -1.63109412060852 -2.04067188109166 -1.72958005656751 -1.58995329004333 -1.19226883414694 -1.16058023120179 -1.63702364476665 -1.21885447638147 -1.28830497007426 -1.12981900946015 -1.3545139194532 -1.30970651358451 -1.56659244082386 -1.54150833293843 -1.74194043508313 -1.14964886279286 -1.83306878556152 -1.71328098373254 -1.71347189426373 -1.13045823006829 -1.16970340617071 -0.851555887186804 -0.94844900070565 -0.933403059700748 -1.05956025520154 -0.906652878743171 -1.32133526100975 -0.622763983665281 -1.2681225487748 -0.91918882070835 -1.19544973038238 -1.18271012555622 -1.25324369889097 -0.973265807406872 -1.55973980275395 -0.793253586279418 -0.823003472211458 -1.17861099897776 -1.04556499157456
-2.18114455527319 -1.72955650352549 -1.75425651205022 -1.57598035945797 -1.69848568877114 -1.44491942501972 -1.78419892473175 -2.03764759378539 -1.44235117854951 -1.33591367707726 -1.13125117720458 -1.69241804296629 -1.78160798410136 -1.52537545192365 -1.10862729267895 -1.53096034646424 -1.90502624117525 -1.39134577658223 -1.48439235662974 -1.36730533449547 -1.63898315525985 -0.92917633971748 -0.927350389277375 -1.04509774491212 -1.26136016924086 -1.08395898494882 -1.72439421718936 -1.77408967239497 -1.30597760998937 -0.812497345489703 -1.36271917848653 -1.43807125706988 -1.57000814208566 -1.02701793354427 -0.80254805739367 -1.1736807720708 -1.1398734532201 -1.1363111151542 -1.19625609874068 -1.03442564580562 -1.28071963343941 -1.36846514369342 -1.53073166962436 -0.823791702897336 -0.79385357682251 -1.17970804150292 -1.17976488041892
