wc0.5/PCA/Component-13.asc
NCOLS 267 
NROWS 470 
XLLCORNER 79.65 
YLLCORNER 5.91666666666689 
CELLSIZE 0.00833333333332575 
NODATA_value -9999 
[rows 336 to 356 of 470, columns 196 to 244 of 267]
83.148822596518 85.5983200129569 83.3615576998507 82.4743750517604 85.9169012087305 85.6680367739364 82.8567307567595 85.6138320849595 83.2298699617635 81.6782080836855 80.2751597082538 79.4986940401239 78.7793632214143 81.7200518046629 84.023307804011 82.4614551559999 83.7052779330512 83.861961180551 81.4343385900392 80.2988172596559 79.9927804647557 79.2411981530292 77.3863909220465 75.0720060940533 74.6874516454886 74.6750917366473 74.0676602567566 74.7144134448688 75.3782722058815 75.2403681457258 74.9853479861656 75.8525098992917 77.3851051636025 73.0881491642278 72.0440759587091 72.1611821192642 72.1584969840702 71.9053601999331 71.7687721471921 71.1029932211219 71.5069890431939 70.3397546146194 71.4988909747645 70.4728926714611 69.9565131477147 70.6268000767514 70.4877694128659 68.4872343744012 70.3082883381124
83.3430747481978 85.5072297926706 84.1038683147926 83.6662630274205 84.9037162280904 84.965775637547 84.4898799107507 82.8646273390555 81.5947990550522 81.1718011932973 78.4816676814155 77.1668567985987 77.1610649793107 79.0857966763324 80.9098100117423 81.2661570514134 80.3427638987973 82.7390077980402 80.2057017491042 81.8549709739574 79.1452506032155 76.7729144667438 75.7950741519541 75.5178804788944 75.6841629488586 74.8270109794988 74.2455919734878 74.6030092195897 74.7406162416413 75.690236702141 73.2551318560374 77.352109315446 75.8303303968437 72.4412855603552 71.7965477453137 73.0259974810145 73.4200063652129 71.6609672268691 70.8140656233549 72.8489673745789 71.3587436423155 70.937093084142 71.2350637262889 71.2397432915023 70.9533602428601 70.6378821996423 69.6671971131816 70.7991779482211 69.0585511028908
83.7188512470224 84.1461169738111 85.2894543364477 82.4952484103201 83.8184055738497 84.7585674605747 83.3423905956379 81.9514127222938 80.376869612541 80.0634427433287 79.4022202123598 78.9588778895506 79.7988341169362 80.1403873122074 79.2759504789077 79.4850156938406 80.1380682258071 79.4349180279642 81.3150236873554 81.4574132607298 77.8614423162572 76.9104608979445 75.4139004671703 75.7007986033304 75.6486615201617 74.5388653073871 74.2594633657662 74.3933822705138 74.3106395376927 75.0578734042276 73.7908558293538 74.7357704412198 76.5086946508147 73.5346882021988 73.0165562527196 72.5493553890062 73.7719271020644 72.7765807783693 73.2009751992284 70.9211665889562 71.2625255422239 72.1843142897612 71.5518611062314 71.1597943139207 69.7662368299378 69.5253225775751 70.4369285451713 70.357625193058 69.3635406926396
84.1583656519857 85.5532184136073 82.5860022419397 82.7589164882301 84.422567211534 86.0184318378711 82.3940320294996 81.445515835019 80.6741951264066 79.9630880667405 79.3667187836628 79.1519719117173 78.4652228949356 79.3185806313128 79.723359517076 80.9551542941416 78.0118722171672 80.0423563184538 81.1606515902235 82.9307650650297 83.4881725239323 77.5670013782848 75.7750581613276 75.9275623819029 75.0915832152325 75.0163263521521 75.6881925787467 74.373957211082 75.2400745707248 77.8095721556216 73.707780130094 74.076004838671 74.7181381362505 73.5838542602077 72.7341342885598 73.246121648015 72.2269615040811 73.0851042783707 72.0203497181569 72.4524063384492 71.3514151932922 71.9104787071167 70.5464471704956 70.0090375589068 70.8841860704681 70.3209304635973 70.3018096245358 69.5828095002959 68.9530816209969
84.4907766836652 86.9048825506075 84.3337473468254 84.0878829602689 84.8369642041109 85.9132046570144 85.1700671490144 80.474168172175 79.6882260088822 79.9828355281588 79.1010763876121 79.8133248620192 79.492556031198 79.2993318931437 82.0830945012684 77.9605600713516 77.9708245414806 78.3083414942077 78.027547114226 77.384233813974 81.935523198769 80.2713782685411 76.0081054240295 75.3916627313324 75.3176549025671 75.0651591818802 75.1188989626272 74.0454271356375 74.3693734801607 74.9309826107624 73.7109309530225 73.8546156652034 73.7411047412783 72.8748426052078 73.1741846383679 72.3398262395437 72.7318012113569 73.3270624427838 71.2322235162512 71.178257904033 71.7365908508468 70.5061187313891 70.8817883536813 70.971708999345 69.6280973161089 70.672918432337 69.1581808542208 68.4933198089665 68.8880746925007
84.0252637263137 85.4664212430143 85.6602926399242 81.9209018523875 82.7995278931747 84.2838560625314 86.3254536141613 79.9228459519829 79.9978723250682 78.7306560721828 78.7515142988586 80.9510583298582 79.8741269358503 78.6173339367082 78.9802129218634 79.2770391423466 78.3788493915891 77.9192502834189 77.8276653242106 78.5335884524001 77.5370414616198 80.3293751371882 77.3293258222045 75.7324300436132 74.7039185893496 74.6506439416431 75.0504248873019 74.2296583111507 75.3125101101991 74.3706370787737 73.5562575133043 73.684513266111 74.1505797687995 72.3400356712116 73.1587806840026 73.1644760211656 73.1091603479858 72.2307937135037 72.5597507903978 72.3732490427364 71.7469051314293 70.4412689038299 70.6414693091182 70.8515929844601 71.0077220277378 70.6822577273594 69.9093067532365 69.1160284142074 69.0652518248576
82.5810807473593 86.1612275330996 83.6362156801851 83.8920633206224 83.9898932683519 86.2701620240891 85.8387249783459 80.739913096632 79.9999769809029 79.0241111262621 79.9007956936807 79.3176720550818 78.133224740826 79.2197707252197 78.3260212954893 78.0672328639446 77.4562343653511 77.5005942170956 78.2761663774512 77.5349833993955 78.0936534203733 75.9403007840616 75.5980931629519 76.1645387930548 74.6778581818625 74.5794671198103 75.0501822966136 75.0307859771138 74.0430178253758 74.2363775591624 74.5261466339279 73.813651680316 72.2393394736444 72.1076769784814 72.6584275267544 73.4394636557648 72.2683037748672 72.5673770097349 72.5116147249146 70.8108316555981 71.0139689374268 70.6556077633006 70.8848260497082 70.1872798290782 71.199568556776 70.5921189774189 69.7646358810828 69.080703309868 69.3908027193752
82.0373379147451 84.5319089973338 84.0727480104344 83.7559864767775 83.8198879375699 85.6219872105189 85.1314710802923 82.0582913343033 80.3395748954645 79.2099262716057 79.2413925835703 80.0468898625383 78.9196137719125 79.3338522704131 79.3284907089548 78.6650821923156 77.1157038656555 77.6844568330221 78.0267108467092 78.5792059178712 76.9130056407064 76.2761882482018 76.064081140219 76.2360971907234 76.9819295244433 74.6432683532377 74.6729729296925 74.2238903874752 74.6810530532481 74.0909437961737 73.5959594155205 73.9386244558576 73.4404864012065 72.1695114009286 72.7029310893643 72.2074961201506 72.1966487802822 72.7857548470911 71.5887343296469 70.1979440268217 69.722443019504 70.8721382411369 70.8091076143119 69.955188282376 69.8348183720412 69.7499789396703 69.1497962166848 69.3478597155377 69.2212049962479
82.1785255535434 83.9899605108659 83.8361428801466 86.9476489330198 87.5960440182282 83.2008568340485 86.0703538990484 83.7597341607823 80.0819155590007 79.6247138704239 81.4819595705352 79.6285201894458 82.34366873071 81.1651920295244 78.6333102839127 79.3866374047662 76.9462679295545 78.6380150598065 76.2894140160255 76.2870119314634 77.1777199535391 75.9363982204613 75.9467149898979 76.0997580299988 76.3082799969739 75.6495391834554 75.1046650121666 74.0747015289155 73.6046398376677 74.2290246101405 74.649542040421 73.685320845909 73.6042622320158 71.839245480015 72.6688328143372 72.0329404777141 72.4012602520785 72.9592967536794 71.2464613828731 70.8371251696897 70.3251900839578 70.0636787548854 70.099081269325 70.5988676280659 70.1918562649441 69.7991590688342 69.3471887020524 70.2545335134272 69.2133811015999
83.0087728686582 83.3961605854176 83.4244135908876 84.3017146638918 86.353521888538 83.3403460508559 81.5683674523732 80.7992303681621 79.3945409373783 80.282265726497 81.5566154039355 80.3517353631774 81.2571620739921 83.0206330013003 81.3357868389119 79.4112801039794 80.0278942569361 77.109606533736 76.394628338719 76.2215634340554 77.5044653949325 75.9498868916243 75.9876124160432 75.8256113230123 75.6025795777585 75.7639274397939 74.5923844209821 73.353510817153 74.1811945934365 74.5481473497702 75.0618818383259 73.4500405247801 73.3349826692457 72.7687444486128 72.0447980697894 74.7537678951726 72.9271191322587 72.0056782463066 71.7267735512488 70.6504141386818 70.9909954315714 70.0778652067996 70.40421830427 70.6445773374239 70.0132937502174 69.4555955309068 69.0877117936492 70.5249365402109 69.6361584075963
82.6655267745901 83.4667163706255 82.0545371935962 83.9414663702962 84.2984750129624 85.8924536175702 84.1123164250641 80.1214674115345 80.104016858993 79.4782732883955 81.5131578955371 81.9483272457911 80.7967700098818 82.66221630307 80.7063576212315 79.5915245613273 76.6472778744153 78.0655735160601 76.5829757663258 76.178369590114 76.599911605817 75.8112688695575 76.115305105069 76.0172469693421 76.2103971800487 74.7826821277395 74.1753707293926 73.5852805017328 73.7991450027505 73.6521075388949 73.1735639651106 73.3383009518223 72.1809001476042 72.948576308244 74.9809922146127 72.8881691454689 72.3739432609383 72.5119695879833 71.5424995411637 72.3024085437553 71.040775609199 69.5728238658283 71.5499837252413 71.1696924153614 70.389742221069 70.1035136116688 69.4328389345187 69.6911260641109 69.520479905818
81.1532602947152 81.3435962207226 83.2910901931476 83.9913339807811 83.2694988782952 83.0528404157889 82.1025455054204 80.2979721268723 79.7891808998648 79.7009298991169 80.9401118301218 80.4187896451455 79.1792178703533 81.3025447234064 80.7984877346086 80.0997011989173 78.6630614513409 77.2418709300553 76.1825059296435 75.609367052957 75.6146339719677 76.4038119144034 76.4122339363243 76.2851982515305 73.8897716944862 75.2493257497562 74.5902903064739 74.6531863786754 73.9935745281835 73.1719009538355 73.1228045565617 73.2341697517572 73.424485998234 72.920338755883 73.0948074019801 73.6505713139894 71.9725048723319 71.6226188905834 72.1483025519442 72.756049856385 71.0782852350014 71.0161157521148 70.3279569724106 71.1363299358287 69.5550460597614 70.3415837035572 70.1344534930922 69.9410904017779 68.5605130222567
82.904270468198 83.0534502539452 83.1299550660676 83.9113109851113 81.6543907829308 81.7952362081773 82.5972784948561 81.3978299614995 80.7358023597337 80.4277299203187 79.563653675548 80.334045498871 79.8138431848361 79.3589385308648 81.2254153337961 80.2062537119833 79.7409356880324 77.5893378449156 77.2421464594644 77.1910107609221 76.1800876795901 75.9270932674024 75.4279494977096 76.4541403267464 75.7973764102579 73.3551988118266 74.2904949984371 73.9698505679409 73.674667099485 73.7072765599317 73.761073163544 74.4354362549236 72.3863717031862 72.6455076670197 73.0810759462757 71.8266423098129 72.1700611236534 73.4805955514094 71.5416495633601 71.2879587499794 72.131808354015 70.9882692279898 70.6108872442829 71.0096478541431 68.9948043827194 70.8729317789911 69.1474588704301 70.7198651460096 70.3515045374004
83.5274326088624 83.2375526970156 83.5265203258518 83.4103448063081 82.2688395344905 81.7166491624371 81.1762387101576 81.0488181201607 81.6527481179161 80.1900646373685 84.9916383079983 79.0695367287639 79.2751455220478 79.1111153868275 78.2367633551054 79.7764422129765 80.6598700557261 77.2473447290963 77.192070970618 75.5036785133271 75.926683551717 75.7653411734732 76.4628130350336 75.9952061221075 74.4088762815255 74.4185062974954 74.263365116368 74.4911332294095 72.6658823211774 74.1197789909769 73.4936495229091 74.146986010161 73.3552266297482 72.3621771614445 72.6534143491753 71.7139669405452 70.9428270652502 72.0360897798208 71.7142308930849 71.3724474251437 71.1805380716504 70.6572798022421 70.633161389541 71.1690971781742 69.0821735713334 69.2234325137069 69.8785113800775 69.508999339077 68.2428532432287
82.1717220299351 80.6824203961425 83.4062306394738 82.7641913563934 82.9170169364958 80.8151826347019 80.9965553690211 80.8258151611318 82.2492194081167 85.6584183949342 87.9225814313433 85.8587883172578 80.641026065102 78.7662439322526 79.0220270281726 78.5207072211884 77.9996835273232 77.7312118538147 75.7414279674683 76.1107636120364 76.4262323076414 75.9079129682823 75.9507613291802 76.0154751880756 73.9557274489178 75.4926941406587 73.8011200044969 74.3857295066838 74.0839102086715 73.3174299732866 74.1338366633378 74.0016800372541 73.4683549814813 74.0164920740935 70.9946069520871 71.9983193241673 72.2984047045804 72.3320613699312 72.220067818902 71.6099825460774 71.7492852007657 70.8294687187483 71.5242891069504 69.6625091980887 71.5854960149771 70.7962342433338 69.8474432310332 69.8533397160249 68.853064802511
81.726990246169 81.4111848585834 81.9381981396497 82.1356488790012 83.4665714589763 81.0078195569132 80.4312447954313 83.0731219204862 86.3694282049772 87.9081413557144 86.9157201685326 86.5909841577488 83.8141748005662 77.856186227167 78.228273546363 78.9966714074929 76.9640049399862 76.3778207265031 76.1585135502424 76.6852960182583 76.3658037724117 75.8812399095101 75.9183067999711 75.9269255525932 75.9939934208327 74.6988499706636 74.9004432929076 74.6741603273422 74.1483706630427 74.5282916071747 73.4663330810951 71.8983107907578 72.4341800779377 72.3643220951117 73.8804065437596 72.3137355086506 71.6877519691395 72.0589594536118 71.7756776079585 71.1887645309705 71.2635165022712 71.3350169329377 70.360991156279 71.2541434438015 70.4520828764751 70.0996195283688 70.697689510607 69.8891144976321 69.5343138396462
80.8001703924103 81.5478688451693 82.4270245710715 82.4512361694644 83.0640656663986 81.5755947895672 81.0068556786467 82.8159179552718 83.4595063303638 85.0141395211469 85.0798390345061 85.335945100821 85.5776544472271 82.8264095010335 77.8996100501659 77.8736623497734 76.7812320511247 78.0310806026387 77.5419778726526 77.3941091706861 75.6755627788724 75.6095942665326 76.5601431390249 76.3339684923968 75.6343939452834 75.7045434453065 73.4908219543248 74.6620253328271 74.6703635439337 74.9627676733828 73.6624699090508 72.495771488635 73.7422430476037 71.5652292725222 72.639428154825 72.9449397570361 71.0933190628852 72.1177249692459 71.9322883631454 71.9949339627496 71.8530556701719 71.5076601598927 70.7122165517221 70.1974638170454 69.9863407846434 70.4198520485798 69.3620034558736 70.4047240487439 68.2008626555684
82.9987026230512 79.7632645385654 81.0222959564102 82.7149021105266 80.9819505594268 81.6246991049264 80.3153708881432 80.2854035877542 85.9509453425379 86.1759383389317 86.4016411688185 86.0417275322659 85.347271245428 81.7792149302591 78.3829718618839 77.6992568438263 77.8812537471063 78.3368874278076 76.1056663266144 78.6094610087691 77.2247780992136 76.4685670321998 75.6644535655213 76.6305401874961 76.0125823388426 75.3114438084123 74.7077234235853 73.7070127998303 74.729828340832 73.378544160141 73.1733692952988 74.5578628917997 73.3942406332179 71.8018424282125 72.1491080419625 71.9981667481975 71.2997606352776 71.898989012841 71.3663206099327 71.4187823337005 71.6702827813104 71.3363727523834 70.7971568605677 69.7701181476767 69.0894874716486 69.6323113178153 69.5025954698213 70.006995111038 67.8695282613465
81.0985624194996 81.340790071312 80.662076752072 82.4772968596042 80.3138473651597 80.2804989683203 79.0415912148288 79.1722056542927 84.1489899796791 81.6138123913429 84.998574890901 85.2654649963521 85.1887939277731 84.9835246591228 80.243783956021 77.4377002435015 78.4925815185419 82.1112304378984 76.1795490184587 79.9176663557131 76.4100627190172 76.4354843044767 75.9741386971913 75.8432416532079 74.5432454260308 74.5869901550253 73.2299278624729 73.9466913033707 74.7228683384669 74.064084282182 74.4792039360984 73.0207373298776 72.7668306309182 72.8713290349871 71.4418411369403 72.8524594460629 71.0535957544367 71.9127553683404 71.7222424800399 71.8809889307229 71.7834330754943 70.8917832025334 70.8019566774232 70.9665193745923 69.5054801839139 68.8489376197381 69.4860793016436 68.739053630519 68.1275002783965
84.5625694660581 81.6777305227129 80.7468919052447 81.704210621927 80.9364548670348 81.659379165817 80.6421372441946 79.6216209769646 78.9188592247834 81.8570848050364 85.098605727254 84.8948990098616 85.3675179327827 84.2784537293402 80.0207339995575 77.8472255060066 80.7452622274058 81.1957328397857 78.0931266237749 76.9030917282171 75.7598947480499 76.6566383615609 75.2515167028429 77.7883603521503 76.8483796496612 73.8065679597926 74.4480868056579 73.9057135728143 74.7985628413208 73.575259260708 73.6603685171697 73.6146215906351 72.8830470839441 71.8787112702149 72.3425630533388 72.1750940952716 72.3935845300413 71.211210165055 70.9927846445295 70.4476226707386 71.0278141153871 69.6844774707774 70.2796060175163 70.3762996480075 69.6400474788885 69.626552651618 69.292431176405 69.7415532868201 70.0144877309738
84.9891549949613 81.1799334615171 79.9598521972844 81.9218815080704 82.2958667053033 81.0202004069353 79.8281755917304 79.3820171183438 79.7630439894263 83.9651280754596 84.7874440837726 85.2413871670723 84.9191569822955 83.8696699436909 78.5945116717293 79.0027933463673 78.8244042666888 77.9470897523873 78.1580086331092 77.559979095534 75.6993989809319 76.2854761495374 77.0632042815156 75.5791230897139 77.0032555174542 73.7627299802485 74.596645665988 74.27407124437 72.9428890074466 74.0853651217643 72.9406435804766 72.9650447998736 72.8438049400098 72.8292752429391 72.6104676212178 70.8478197868898 70.8537162718815 72.0263477180671 72.2256313169857 71.8268127425863 71.5022334403789 71.288976714233 70.9292598199467 70.678677143515 69.8322947787718 70.3238058683737 69.7896521359921 69.2045659057299 68.2066905105399
