wc0.5/PCA/Component-13.asc
NCOLS 267 
NROWS 470 
XLLCORNER 79.65 
YLLCORNER 5.91666666666689 
CELLSIZE 0.00833333333332575 
NODATA_value -9999 
[rows 441 to 461 of 470, columns 98 to 146 of 267]
78.9982286397211 77.6275980542753 78.0455474207763 79.5390425781183 79.8909738627305 80.442323815454 79.4231685247851 80.0251152034047 80.4682426519959 79.0889314720358 78.3831234832928 78.5228960829115 80.640747688508 80.0837930045603 79.5401552142666 78.5169123807694 79.3022926556247 79.5030554226397 79.490655014329 79.5748574022656 79.6523920479769 80.6824460358349 81.2620018691967 81.60277587608 79.579992855917 79.4805877647708 78.2405455123365 79.3156282786936 79.1725098616561 77.1586849785643 76.2503527967993 75.1327851611299 74.9256200377053 74.0937751271501 74.3736745681796 75.0039191511287 74.8403082261366 74.1050518028889 74.2631555427483 73.2998140471569 73.8666874598823 73.6306901676461 73.925528473907 73.2591334286135 73.2732902129729 72.7983709205152 73.5320018813298 72.6719613990864 72.9065468022515
77.6918287066852 77.5957461307185 77.4086090832536 77.5582337913632 78.4365543357575 78.7455064706317 80.2120404475569 80.1767024795175 78.8600681537466 79.8213163531335 79.6944239857534 79.1788506075296 79.7221530847455 79.1147230629892 80.1496054981982 79.1511919603954 78.0214407920891 77.8249909791786 79.4481958196677 78.7716088560882 79.5897235024524 79.9389435343115 79.677548792882 79.9233618733348 79.0798165994999 79.5140990073126 78.1082838435482 78.3034996028711 79.3364413113606 78.1885914716085 75.6299523296482 75.7583293474157 76.0694781720642 75.2852891046318 75.3494101860712 74.2264566580467 74.4842398690084 74.1516349759821 73.4937562368623 73.912023589735 74.2004393371655 73.1522625995382 74.1164867955857 72.9164681231333 73.1485965666662 73.8773507614982 73.3860875054787 72.6333511152302 72.7010201051404
77.9674359509757 77.8110169234756 77.085272478625 77.8425738694348 77.8849215271646 76.404317667156 78.1021821264633 78.7144696591443 78.5239962235012 77.3779491925274 77.9139403109651 77.9083963544257 78.8731489041853 77.5607319754615 79.0680668576844 79.0396767013334 79.0123560195645 79.2001427999161 78.4550623598107 79.0508729799744 79.5049672975358 79.0755268677293 78.6951457863751 79.7519102125575 79.6472629759657 79.1436061218504 78.7239435194996 76.7129448420347 77.5327134009938 77.5451378399798 75.5760834620806 75.2348521246453 76.2867394327147 74.7406723235211 74.0885928698321 74.5879245766078 74.343124280725 73.9992909042731 74.5758318128113 73.9653288703974 74.3701412693646 74.0410947573053 72.9732713483948 72.9839808114584 71.9657330907425 72.7929300956722 72.7654955100275 73.0509103352074 72.7836728210171
76.9829693791381 76.2462167854078 76.7237106253865 76.4518868010532 76.4129025474285 77.0399722988857 77.4115707312449 78.5728342069585 77.6472335330095 76.9743254488367 76.8948664044956 77.9179887593788 76.7279337867836 79.4948267627998 79.0942203033636 78.5719574358618 79.7839251003589 78.0730231628942 78.9398240194646 79.8060591212351 79.2484951132537 78.4948429040383 78.5707936388809 79.5390995419418 78.8591441170798 78.1851806829637 77.9781641081525 77.7479347319544 77.3415815349495 78.0005792426024 76.850285400195 75.9587767323641 74.6280482074977 75.8125909939853 74.3455964779752 73.8157442264373 73.8813263200817 74.647107802562 74.1590465136026 72.9550444788177 72.8248824711082 72.9498197489518 72.025934144917 72.3039286756733 71.6868394468878 72.4105727951968 72.9031828918465 70.8415581837473 71.6316482706497
75.1736301231205 76.3537659064903 76.6903088320028 76.0719909676173 77.6233436509094 77.6861861337635 78.110376392852 77.3029626793445 76.8126650608392 75.9860708266971 76.4566576120895 76.8901925297476 78.1052094942409 78.1064733764445 78.2394978571366 78.4192226447971 79.6918612424195 79.4942856888182 78.7433195077087 78.6424061433718 79.750253904402 78.7622397578649 79.4680535072863 78.3427154414635 78.2158996381725 76.6927702321825 77.8655187762061 77.6648641834357 77.9920042016993 76.6031071437651 74.7322633607963 75.4359578440595 75.2030854194278 74.929438655708 74.2009548285325 73.8559016937009 74.5954119200681 74.1869302531191 73.9946009433329 74.0520433138487 72.9498184890668 73.555075538846 73.1541442302897 71.4297197640754 71.624167175869 72.4093330958262 69.8724827339764 69.919734484446 71.5423978281354
75.584799579112 75.8781632397728 77.283511268462 75.3761221930895 76.9162390084086 76.6007067565104 77.2163734819414 76.9540224239663 77.3103799626695 77.0799215888988 75.9594389033399 77.1184640294252 76.8400404379881 75.5121091987573 77.6850353854035 77.6176796515388 81.2569230627784 81.0432009166273 79.1740264691335 79.4694368326315 79.3875590391484 77.4476797178991 78.0896103195977 78.0041125007539 78.106658641572 78.2197889026279 77.1759026401308 77.826458431691 77.2787574260582 77.5188194103427 74.3729137219828 74.5363726764772 73.6580019365133 75.1778763356883 73.6311116198251 73.3012424578271 73.5802964540912 71.9132074575937 73.423402911711 71.3113971902936 73.7235111096079 73.7672400807985 72.5661800632617 71.043857800089 71.6271481612815 71.6277124032444 69.7741145270444 71.7043889347609 70.9981577903889
75.6130234519468 75.8867385172904 75.5237540127923 75.8141106502375 75.2675880237331 75.5946574894405 76.1510301885758 76.0793037201593 76.5038819835212 76.7070386244977 76.7202756283955 76.3469014400935 77.4242531156344 75.4292744175038 77.7299934866259 79.9824839627448 79.2097738110571 79.7417820136415 80.0064760972938 78.7774533489 77.3008873779329 77.2138986116983 77.9831325814445 79.0361095609609 78.8776819044729 77.9033725089641 76.8981061314343 79.1259432689786 77.5858968772615 75.8255712526786 73.9302972381923 73.058213866391 73.4299558672564 74.4771454726578 73.449405748183 73.3792350773575 72.9867771472336 73.2688844802781 73.0772992555353 73.6104467601849 71.8135785812715 71.3766624737673 71.0034950029229 73.7993532276611 71.5598732909049 72.7361274191679 71.1571980588496 70.1549925014495 70.4189916208675
76.103113142351 75.7089739427012 75.5283067909201 75.4943255909151 75.3564765881736 76.114004628498 75.4236413709608 76.2146707041864 77.3178285757729 76.7655675830934 77.3704680114732 76.6742363885394 77.0932741143206 76.5905717230367 77.0454829085709 78.2324108139864 77.6458978340722 78.7300724588816 79.7400831807861 78.6289606695848 77.4756933391981 76.9132979769638 76.9952563789572 79.3285553063928 79.5933850089848 79.6820988544065 79.3300826500917 79.0140090504876 73.7669010211777 75.1970586868036 73.3572660803456 74.0479611045869 72.7430633457217 73.2331769778765 72.3838093526077 73.224331895123 73.5771738088999 71.6877350130097 72.8025520487675 72.8494544606244 71.4675342294987 72.0053032861565 71.4285455163014 71.3256338149032 71.4886539343164 71.1497188282082 70.7420375888078 70.6061880290904 70.0294188350972
76.0420609176659 73.6230954150075 75.5117248111468 76.3590575532574 76.2189114327031 74.3293560872765 75.0692852099248 75.5514079540524 76.8907758314574 76.9522811536093 75.4691089573767 75.1315092221569 75.5380196025785 75.8167090068496 76.8791155955098 76.8930875759271 77.6070365601522 78.4121060326618 79.1283826112366 78.9230988295308 77.3513981662652 75.8546897853682 75.032896176087 76.5015183285243 76.0078174925172 78.0755524884384 77.4060507879974 76.8227532630812 76.9245101975422 75.5328381504967 73.3691259077475 72.9610680847972 73.5391182486222 72.255600106976 71.7046483131317 71.6624500895087 72.157244505575 71.7186799567208 70.7063635757629 71.3009080265629 71.9166236331397 71.7458249447495 70.8860207719405 71.0146283921732 71.797033374051 71.7431809295266 71.007663464186 70.7542555554921 70.3196738595327
73.3723878192654 73.625080416892 75.2027452567832 73.0956277175381 75.4700822438636 75.0972103943514 74.7956182832462 77.42063512927 75.6683657902923 74.7416303295942 75.7200331785964 75.5318987332069 75.2652881242126 76.3445289106563 75.7206128216645 76.7742970156751 76.8947862703012 75.9618601581351 77.2024846965734 75.0323607219272 75.4209287257303 75.0946302722052 75.2613266479585 75.8171475127528 75.3378598200542 75.6486239859256 75.766773634041 75.2137658508874 75.1809015226914 74.0124392012092 72.2864528097314 71.306932522211 71.6526533762915 72.0200941678265 71.2044714869505 71.5979032716411 70.501806143115 70.3083401268585 71.4881785172187 70.2588451420138 70.7869837302141 70.2168760837209 70.3323357574377 71.159918043416 70.8598630157604 70.1868824597186 71.0423270045192 70.2209387153988 69.8089823266329
74.4699450166383 74.7335405966084 73.7392932282963 73.0024485699821 75.1497713838624 75.162769856741 75.0921458515811 75.0868900941151 74.7908935540854 75.2608498979608 75.2359864253042 75.3106830343182 76.1350876099541 75.2093828995573 75.1164812509565 76.5661281051851 76.1144073742615 76.0488865618618 77.4363105040043 77.1831941238535 77.2316530965639 77.4959558769453 76.6205109556311 75.285162688058 74.6260340959575 74.2702235763393 75.3643483163367 75.1693374755805 74.8163657905043 74.5934323152637 73.9702747305622 73.9269087454496 71.5999310958607 72.0845680045292 72.4207879681042 72.5011715237292 70.8301007375682 69.9433928803292 70.41305002544 70.1820733337154 70.4299688547922 70.2561797317217 70.184172964407 70.2658484138199 70.8160091859882 69.7112247628198 70.4928785301958 70.5141804172516 70.1575160417172
72.5769104647343 74.3237621435212 74.3227960066326 73.6113785142171 72.9602847061093 75.111245624881 75.1638310559758 75.065433375739 73.9321239927801 75.2501912353922 73.4034738966492 75.2440165219242 74.6747005661539 75.165005789916 76.1247964306069 76.7060005036402 75.5965044459506 75.4124116491078 75.7671839208471 75.3514805540526 77.3553576108802 75.6486338055735 74.9405497081446 75.679370847894 75.4354776913517 76.2490014954805 74.1486404862361 74.1829000000565 75.2609625893142 74.231035882622 71.5100164794317 70.9144118442176 70.0622019198148 72.2676207993473 70.60408846439 71.6040156079787 71.3214541860097 70.943640469043 71.6706558962616 70.6444096361898 70.4370869753315 70.4257225589707 70.8130223558995 69.3825893429731 68.7593450648024 69.950145272293 67.8392951485598 69.6833387600682 69.523375501956
73.5782963040542 73.0994944177407 74.2592446765897 74.1258886014461 73.4280076575054 73.8552524486928 72.4275293572238 73.5896282591173 74.3338978428852 75.163484141574 74.9064926617721 73.4049617816734 74.8176160019083 74.6266129430432 75.5819509051053 75.9697898575059 76.8579916767325 74.4932892981495 75.7627025166983 74.5008289504503 76.3309250149358 77.8559479550895 76.9293110709009 74.7739099244603 75.3666771976481 74.9101862415731 75.4705298395987 72.5797473112898 72.5191052830035 73.3916349943082 72.2752079274629 71.3947284537729 70.3194002655484 71.5650805647114 70.9983586561701 70.7999389227645 70.8915666096858 70.6564345737293 71.1082267025473 69.7887817399637 69.7869279086366 71.1579601048385 69.1192746563408 69.6291579497898 69.0513907373255 68.3564779461292 67.8128088865 69.5994250131948 69.7035808686988
72.4655685417708 72.8528710757878 74.7270878566945 73.4399592205065 72.1916796025692 73.6610499368529 74.438656217682 73.5643748213571 75.1033103664829 73.3932943826607 73.3990508446088 73.7552049859387 73.7234090847138 74.9932103916333 75.3902601073429 74.778646599275 75.0605553378372 74.0700143369594 74.3080397047462 74.1235592099161 75.6698851039982 76.953705474557 77.3861587174768 76.8504477971242 74.8944649490173 75.4968568274807 75.7437263107823 74.560626604101 73.4433769946856 72.007729503641 71.4633539089238 72.1392462622145 70.3294589421389 71.5138663475683 71.1580951542683 70.6442318568123 70.2253118144735 70.1533581028828 70.0972670262124 69.7925152709419 69.7908019493489 69.1383967083525 68.2461304304332 68.0207573073235 67.9838635242283 68.7081997558254 67.710235523904 69.1079441140432 -9999
72.9511186159409 73.2941431568029 73.2102767561321 73.039962092937 72.3157116250286 73.9711546957834 74.2261778627473 72.3753129098223 73.1263345667053 73.3976780594617 73.1489125529102 75.1055163370723 74.3800183922315 75.2673426490675 74.9220650238258 74.2486236065261 75.0949588884179 74.2806564178761 75.1494722558921 76.1359742355797 76.531515400409 76.8797420863686 76.8014176311345 76.9291811547918 74.6740688943734 74.8908795483194 74.796706061052 71.9579669173299 72.0200862414058 71.2318090360958 71.5639914748189 71.8588452045937 70.2047625073548 71.2064763551286 70.1798707451427 70.0002297080636 71.1433155442495 70.0247392901569 71.6126323217525 69.1512661423162 70.0530752280121 70.2040616560266 -9999 -9999 -9999 -9999 -9999 -9999 -9999
72.655771826644 72.6577816598598 73.5254422540611 72.8612296887528 72.7360228106629 72.8869372366101 72.7469503623828 74.6448426599375 72.7369006280571 71.7353346408222 72.7491115513741 74.1093017426046 73.5503897077606 74.3944237208287 74.1761542239594 74.1890126443455 73.8093389585677 76.0629460156289 76.3436143943435 76.1522507474304 76.2998661254214 76.3952793305306 75.3924348836912 75.6726663260404 75.6647454371595 75.614454894807 74.6786277949971 71.9344382095612 72.7400852281692 71.089181866958 70.7725292571943 71.23769494703 71.8936238965352 71.0897238984896 71.3769882160414 70.9003281176245 70.4542653426404 70.9700510506294 70.0662063230443 71.6027709510201 69.5720562387007 -9999 -9999 -9999 -9999 -9999 -9999 -9999 -9999
72.6196298721108 71.9955483461865 72.2339889555864 71.9513342005824 72.2864720771474 72.2029183568732 73.1029480029657 71.8216106078285 73.1040988410235 73.0865704359163 72.7029905262086 72.7237690651775 73.6602555209578 74.1472083445689 72.034646622424 73.6345278950404 73.0686826029264 74.0280122163954 74.4820079578082 75.2907509306444 75.9979265796566 74.9886297652496 74.8782792188862 76.4597105699898 76.4514506818585 76.65079264641 76.445155032724 74.1819791101986 73.0118751219497 71.5865527785208 70.8778347001191 71.5357128867547 71.5463246099945 71.6337252608837 70.5405880073622 70.5188616292571 70.860648816589 69.3142128078979 69.5943036267407 70.1817642134687 -9999 -9999 -9999 -9999 -9999 -9999 -9999 -9999 -9999
71.891632779089 72.6167861277318 72.968679787595 71.9728850462458 72.6684848693744 72.2611936989887 72.3527500056013 71.8219174058375 72.0749499513127 73.0488046021684 72.4783048443443 73.6444963580916 72.4881572280287 71.9022916274309 72.3367977971633 73.8459188215361 72.9024423872084 74.1677407221418 73.9010819304006 73.259934902092 73.6416462395097 72.9877910815585 76.7494796327593 75.7199709261033 74.9894565280821 75.5779039752867 75.0607191776181 72.4116185038105 72.0169835010558 69.8802681019309 72.5651253205408 70.9008862736819 70.0707775463161 70.7610126041739 69.8619642112724 70.0442697962585 70.8840369120018 70.0715311878626 72.1755338547915 -9999 -9999 -9999 -9999 -9999 -9999 -9999 -9999 -9999 -9999
72.3126492260537 72.609794997052 72.0198066740171 71.8934326968449 73.0517683242938 71.8693256947058 71.8323409088256 72.29962091954 71.7996110747201 72.0228664497202 71.7308303045338 72.4005335630769 72.532883362584 71.9851564175116 72.3043013587282 72.3100376955814 71.9691413970032 73.1032960586687 72.9152066071324 73.7007817039805 74.495032671246 73.8503275107921 73.1576550795547 75.2786033014285 73.0173051606629 72.9626924891297 73.4102023718287 73.8642780191523 71.0890747952575 71.0517091042957 69.6748512432326 70.9199606214531 71.1044735980795 69.2955257404462 69.0061024095704 70.4504453716664 69.4533854188732 -9999 -9999 -9999 -9999 -9999 -9999 -9999 -9999 -9999 -9999 -9999 -9999
72.5376345429202 72.6535279837504 72.6136281391751 70.1344715299372 72.1184897383495 72.2726985606 71.9602073537278 72.4509778383465 72.4637281792627 71.9159749223445 72.9786222691813 71.5991675142401 71.3543737511441 71.5995741572769 72.314446392708 72.0759993896176 73.6751132071771 74.1810187641077 73.5214586135264 74.1343249028468 74.7646618548838 73.5490172008668 74.8214549863098 74.9336293185258 73.2336778764771 72.7126190350115 72.8080626607846 72.720592397342 69.8633259441779 70.8994326988052 69.0367264013544 69.7544248686158 69.408382396799 71.5254169705374 71.9500355912478 -9999 -9999 -9999 -9999 -9999 -9999 -9999 -9999 -9999 -9999 -9999 -9999 -9999 -9999
71.614578013797 71.7806396667259 71.4725042710707 71.7694376226029 71.7056426564896 71.214276305348 71.8267515302946 71.7847451751503 71.5325356206213 71.987781936233 71.973413222942 71.9515701689381 71.0526669494546 72.1373376787206 73.1670061712671 73.1564129350746 73.3918874290217 73.7659961320345 74.6823116430472 73.0876479998676 73.5926968785284 74.4841621406407 73.12630167218 73.4267480621476 73.2626335448053 72.2438704915092 72.3626785661213 71.8621365915976 69.9679438692778 69.9092791864364 71.3827594379779 72.3243367501677 71.4832599698592 71.4080978345222 -9999 -9999 -9999 -9999 -9999 -9999 -9999 -9999 -9999 -9999 -9999 -9999 -9999 -9999 -9999
