wc0.5/PCA/Component-12.asc
NCOLS 267 
NROWS 470 
XLLCORNER 79.65 
YLLCORNER 5.91666666666689 
CELLSIZE 0.00833333333332575 
NODATA_value -9999 
[rows 399 to 419 of 470, columns 94 to 140 of 267]
-23.212782659361 -22.8027081912558 -29.3707468089056 -28.6267073272809 -28.9932209259598 -29.1964751205093 -29.2765063352642 -29.1035898372991 -29.5833537690758 -21.8672935654897 -27.521570047478 -28.8531833068521 -24.5512701345274 -23.2690666084788 -23.618866221478 -25.3946368638687 -24.6076194606607 -25.0584015410424 -24.0929714079142 -24.9110355045755 -23.913139968944 -23.5061549098834 -24.3446367062323 -22.1040517852309 -22.3779836246384 -22.2615580535921 -21.497790686095 -26.3558821580496 -27.0657471769861 -27.8730480074128 -27.9540726009281 -26.3684484217317 -26.2790780578029 -27.123253396642 -27.5676852948424 -26.7405682096064 -26.7238653387546 -27.0505768107024 -27.0548415724989 -26.1649237497741 -26.3960793771172 -25.7939339157048 -25.5326339045374 -25.9571024979693 -25.6888679741294 -25.9195972740519 -25.0838663708736
-21.9403116886253 -22.5641634279075 -22.3534460961798 -29.9910771104727 -29.6763908984489 -29.7706668144771 -29.6412723227466 -28.9266228312695 -30.5785426825007 -28.6288554534193 -28.7538021288588 -27.8892809134908 -27.9823008167915 -27.7440007374529 -27.9202588080647 -24.8870745493486 -24.4217983859756 -24.3654631011857 -23.7578550395071 -23.9340172554378 -24.3928593060879 -23.6753615777275 -22.787721743845 -22.4565860715277 -22.8442604792994 -22.5078193486193 -21.8870213786702 -26.7657363059045 -26.7264576903293 -27.7952660560583 -27.4142942835006 -27.412047111753 -27.1630789082877 -26.9732967456299 -27.3090422028047 -26.7739237398662 -26.928040399754 -27.7010097774295 -26.104942224024 -26.9720660659248 -26.5954026090051 -26.4015177911452 -26.8455419626052 -25.9247913880484 -26.1229561926913 -25.2170940806481 -25.2187691341536
-28.9035310690343 -29.1288795257747 -21.6963633926218 -22.9368369280602 -22.3285873280935 -29.2639788085654 -29.4823581856984 -29.5307909080049 -29.6797802986421 -29.2945272839388 -29.4152801610016 -28.9672853345701 -28.3096841596719 -28.0972700797735 -27.7782107288036 -27.5533950787198 -27.6120516396701 -27.206405508644 -27.4408971287864 -23.8557172952207 -23.4124900576658 -22.3602450320323 -23.7618688605893 -22.2368977835847 -21.6810185749441 -22.1734073343614 -27.3681684782462 -27.1445620681837 -27.2453850765456 -26.7773150448556 -27.0652729681677 -26.3729483591089 -27.6472559476421 -27.4126961885177 -27.3639333719513 -27.7054294465653 -27.1429537007536 -26.4808860894753 -26.5891259973651 -26.2091417571972 -26.0712884960182 -27.0225065082035 -25.8557832822691 -26.418324781285 -25.9796302012877 -25.3327863607154 -25.2934502822156
-28.7966774600723 -28.9118281157476 -29.1498195675648 -21.4904522158555 -22.1084985710729 -28.3405030505799 -28.7178020400527 -28.861647853542 -28.51483401126 -28.4051299463579 -28.1871027494809 -28.6741908072102 -30.3228648293953 -29.6874285294272 -28.2620140720172 -27.2006220901424 -31.4630456523062 -31.5023673996826 -26.8571797060926 -26.8564966177199 -24.172994150257 -26.4585695634541 -23.4128735254612 -29.4234879954726 -22.4623651565893 -22.1604152524166 -28.0494110687698 -27.2741990916852 -27.2862525339734 -26.7377643844895 -27.1894915797342 -25.9691676002006 -26.4345462328129 -26.6245239435989 -27.1681925229288 -27.5479882466108 -27.345447525843 -26.9532422600941 -26.6289737833998 -26.2642204242827 -26.9544361986844 -26.5352467667564 -25.8207060101658 -25.1965280753417 -26.4353986285104 -25.5920967308207 -24.8049433246755
-22.1876272347715 -28.682503509412 -29.4876901187902 -28.2977440742944 -28.9141893173292 -20.933178706757 -22.3894492903914 -27.8931098074386 -28.1475412312336 -28.2303386715227 -28.2171175670018 -27.3625207967868 -28.3896029339391 -28.9187476059449 -29.8382552138808 -29.3488149152432 -29.2807235267897 -33.2949450124789 -28.0871213568624 -31.6063989402905 -26.8096733188412 -25.4302213353978 -26.0626459606287 -31.5290189571976 -30.596982586085 -31.8058027919424 -28.4906956786471 -28.0786777582222 -29.7562113724997 -29.9791810458761 -28.8768057377853 -27.8156519252546 -27.0631669777492 -27.1257749203839 -27.1483636425292 -26.1971138400503 -27.1801655431417 -25.8535545161177 -26.8766065786858 -25.9421815119064 -26.5347021667652 -25.2944730252984 -25.5340521463968 -25.3198009029847 -24.9145787996258 -25.4364158335491 -24.8771543078074
-22.4012991573599 -22.0796109037032 -28.9008093328094 -28.3985101438582 -27.9096319959362 -28.1660739637262 -28.4171556604376 -26.5847279170546 -27.293064377767 -28.1498617774801 -27.5299032120494 -27.9147343952178 -27.3412018324704 -31.1518876138997 -32.4773270158177 -27.6156373241178 -28.8935135336148 -29.0843526055941 -27.7472073188829 -32.9041326112891 -31.2255828858768 -31.9045560706002 -31.7660563419384 -32.0765577387921 -31.7750473746997 -32.9722250835495 -32.3836296695394 -30.8413603963978 -30.4289921741168 -30.41050730484 -29.9531250544136 -29.1419167230598 -28.2219365506107 -27.5881110800312 -26.9520172605007 -25.8496478728469 -26.0447882662284 -26.4495604751425 -28.4764119478555 -27.9687048953488 -26.2297954725214 -25.3775061019204 -24.5119758976041 -24.6443643951868 -25.8940274541015 -24.364506875704 -24.4624126030563
-20.9494201373715 -22.7366492912576 -21.3254367721974 -28.3953693364427 -28.2014115089062 -27.6997080519051 -27.5238227875704 -27.3713033853935 -27.9625668876797 -27.4970973932304 -27.4549294927405 -27.2519627737747 -27.5235062075002 -31.5039092723011 -31.3632606430396 -32.5625808537973 -32.3980178382758 -28.9767558428547 -27.6200608612468 -28.9287975118876 -28.4182471629544 -28.4030274864054 -28.5352057445651 -33.0302691131441 -27.1019415647454 -27.7455716473867 -33.3700710616055 -34.0465516304277 -33.6520632296462 -31.9962560421793 -31.139530906026 -29.8355754254246 -30.2616983353976 -30.7733215846001 -29.236200659617 -26.2580757373439 -26.2931418546155 -27.2536638061689 -29.6986870699916 -29.0443589442863 -25.6960970574662 -25.526757882192 -24.4158466340842 -24.6393061857546 -25.1757990510178 -24.3503899007994 -24.2221948572727
-21.0125197424279 -22.3307999450688 -21.7136345328245 -20.8417789455948 -28.1195250787076 -28.0543185530546 -27.55404048945 -28.345297490633 -27.275021305442 -27.651324125497 -27.8619934646915 -31.574779695918 -32.9991017454067 -28.1526540161267 -27.9217407615615 -28.0194558727486 -28.7945117508909 -32.1909404293605 -30.9964978819243 -31.1243797357821 -31.9462305882292 -29.4011363811623 -27.9886913674323 -33.2699471787849 -32.5962031897996 -31.1747677791427 -31.6308031873199 -31.3438482947117 -32.5714589412461 -32.186357565832 -33.1755981532505 -31.2773601329046 -30.816005098936 -30.0777059409849 -30.7310574789669 -28.5645434719841 -27.2028765412988 -24.9015996324887 -25.7364799508621 -28.4486531815128 -26.6848049324482 -25.3561839003485 -24.327577974064 -25.0323635835855 -24.1660501075111 -24.0379400802397 -24.336585286041
-27.4557079014678 -20.651911816739 -20.868321802672 -21.1448543586076 -27.8415336933621 -28.1096851375344 -27.7580698637828 -27.3717193007872 -27.1181658052428 -27.6993515251101 -26.6644079639313 -27.7825708191641 -27.1644368456831 -28.0064413837254 -29.3829700771555 -31.562544999288 -34.1458848397271 -32.6118993405867 -32.0634807114947 -31.6762001676375 -32.0480615572847 -32.0279631347647 -29.4850938222331 -26.9755083850457 -32.1559230181894 -31.8127871883897 -31.0750567096437 -30.5741275990748 -30.3268694451239 -30.1009559553821 -30.290182351297 -31.3645858625347 -30.7983158596665 -30.1555930542381 -29.5645330672957 -29.8961112841502 -29.2834548640494 -25.9574462110994 -25.0905375488078 -25.8422315855538 -25.416548253884 -25.2255500052858 -24.2093952520124 -25.60283750076 -24.6323693411515 -24.0775007941764 -23.8461938559059
-21.433486278593 -27.7380114065515 -20.1756102618285 -20.6855575482956 -21.5308887745153 -20.319962660754 -28.0679243755414 -27.3941592611079 -27.1710314455526 -27.775924531245 -27.5449958681479 -27.0291616037391 -26.9798430080385 -30.0284969178343 -31.7897813802089 -33.5039312048421 -27.8167260921946 -28.2386216984206 -28.6327930379498 -29.1861482446574 -28.6907578422464 -28.5272419420504 -32.9523480304052 -32.1654536359634 -31.2264118466284 -30.8314643966708 -30.2756003226253 -30.5479215799682 -29.9712357457772 -29.9679940139935 -28.291912227612 -26.5839874203773 -30.2885799650979 -30.7606970139394 -29.7938629401128 -27.0186177027678 -29.2808285860164 -25.8836870843077 -25.6623139434907 -24.4975209155617 -24.7275691743725 -24.5083289150576 -24.9865010825907 -25.3157087466339 -24.3607845578586 -25.2645582258165 -23.7375837714398
-27.6924809523204 -21.3432631609307 -27.8215164159711 -21.2512348839672 -27.599496242356 -26.9186376427995 -26.8589601871815 -30.9342916607361 -30.9502528567013 -27.5334573672261 -27.469276235266 -26.3348064231961 -26.592636485849 -25.667662971859 -26.1649314850642 -31.1547223836029 -31.8538717998767 -32.486140489624 -32.7290632701084 -33.5218981260637 -27.7404491992969 -29.1480301329861 -33.9258702764233 -32.3753075602287 -31.5357311813937 -29.5794261487334 -29.004219406978 -28.5399761575752 -26.9915816923407 -29.0930836766129 -30.5863037600639 -28.6960707467364 -26.2905465728514 -27.5526257934496 -27.5641912369839 -26.9179056605371 -28.9217808940957 -27.5114592220311 -25.8044422442061 -23.9375412619065 -24.6728497399138 -24.2798855310809 -24.0242338541937 -24.5826822121653 -24.9697428037317 -24.5557860376021 -24.2986779516776
-32.1661687796537 -28.1865368323778 -27.3543783574089 -27.7343874831511 -27.1729959493107 -27.9089067080529 -30.5042042175257 -31.7364468022881 -31.4043961171333 -32.9746539691117 -31.6899818522859 -30.4620075890326 -29.4052725345041 -29.9486323216664 -30.8510485031339 -32.5185059959363 -32.1458493743646 -32.3283364024213 -28.2691514773995 -28.6378680536469 -29.2030965866997 -29.1794035358091 -28.3160020255927 -33.294939152732 -31.7406280433475 -30.1572271124166 -29.2912904353467 -29.7732320416757 -26.9319165675238 -27.0614208789902 -27.0028113499606 -27.38585399327 -27.0764786817683 -26.0023192125239 -25.6724857678034 -24.4093479434841 -26.0055043760201 -29.0777971550601 -26.9531535030531 -24.7770099227335 -24.475501756943 -24.5166173110365 -23.2914341376336 -23.9714703504948 -23.2756571509402 -23.3123192937911 -23.6452611667909
-27.5504113805866 -31.1383984463123 -30.1232842049215 -30.4064298998737 -29.4359079783957 -29.9428097203327 -31.8395456134305 -31.7592828924452 -32.6793875758786 -28.7630204835137 -28.2323021311312 -29.5945355982351 -28.6254695138769 -33.1985169243297 -32.9994634089787 -29.2994261376919 -29.2665786699703 -28.7526390950405 -28.0450371392429 -28.2092241134412 -28.2822617848048 -28.278680923879 -29.0449830767291 -28.2523354236439 -32.9130943692067 -31.9190434876413 -33.5411475298011 -31.0953188068257 -29.861798180041 -27.0422221483694 -25.9466368308202 -27.2565968371585 -26.6505353660588 -26.9427052581332 -25.6739778244428 -24.9446517721991 -25.2764326070471 -26.6972349657846 -27.3835557956652 -24.7788478411348 -23.1157381991148 -24.300531208549 -23.7808543404054 -24.2844023493894 -24.1563538300704 -22.4862076355367 -23.0743127676862
-27.9098941716474 -27.8524392025841 -27.4003883860722 -30.7207387577038 -30.5630816411286 -30.2800321656262 -31.711252818727 -32.2341186047508 -31.6703023264473 -32.422317189892 -32.5167479956311 -28.8825560031959 -27.6003012191793 -33.1319993538408 -28.342702985781 -28.4049586878285 -29.1646172258489 -28.3594847393213 -28.5744885929317 -28.5981895616101 -28.5424576684009 -28.9967237291372 -28.9085141992371 -27.926606856886 -33.0586198783516 -34.704436708176 -33.7845527901741 -31.6913375856521 -29.4559440574933 -28.2659968574925 -26.9494500649304 -26.9711915611645 -27.1735760649777 -26.8195480562141 -26.9096301462354 -24.6245051405742 -24.6793193791772 -24.7249542377064 -24.8854083569324 -25.8719086702437 -23.9761596938936 -23.8230502229461 -23.816907504536 -23.6637580519972 -22.9979662054549 -24.2478261216609 -22.8455739509055
-26.9490196204084 -27.1651553675647 -26.7210582525886 -26.8227478473318 -30.0038546899049 -26.8214348305816 -26.8136205535229 -29.9808498903933 -31.8977351756942 -32.3469279332074 -32.6077169874816 -32.2027191619251 -31.1272841059691 -30.8768954303442 -32.2648392357437 -32.9046522220425 -28.6366641277089 -28.4678978489375 -33.2321147009504 -33.4345797161695 -28.1978191016678 -33.1718019711198 -29.4581796783418 -30.0392866032329 -28.9663816214652 -30.7161688662304 -30.2111850242135 -32.7149783056566 -31.8359953125417 -31.1307117089226 -28.9289053321123 -27.3397630493468 -27.6340305486457 -27.1977023285017 -26.9100950806825 -26.7552251072579 -27.028327670557 -26.1334507053669 -24.8143263175344 -27.5460072143986 -28.3356904588368 -24.0794328558073 -23.8138724173923 -23.9700027065432 -24.1443146895836 -24.0786874327449 -23.5660707050792
-26.7725396126277 -20.8294281212413 -26.8072545058599 -30.3058502044164 -29.5621452484138 -26.4991819505943 -26.31609896043 -30.5695392361629 -30.1874765353737 -30.8325324923333 -32.058460437517 -32.043468878532 -31.0206884418737 -31.2300223120568 -30.7948060466477 -31.1030755554056 -31.7404293509202 -33.6442650755987 -32.4977963494918 -30.581076774148 -32.2364722440627 -32.3446442375921 -32.9386237507969 -32.1764430058011 -34.7469380184397 -34.9656500227093 -35.3559676148636 -35.7024214800548 -35.0180931848124 -32.5637876925971 -29.7525831423756 -28.3313738928504 -26.7557448511391 -26.7443220276343 -27.5249414467093 -26.8560996881631 -25.8417079834382 -27.0825875519334 -26.7558438903808 -25.076228337693 -26.6765020256996 -23.9624346340394 -24.1246640167994 -23.0072802586206 -22.2290850323829 -22.2489062216757 -22.2120004290145
-19.4048402841139 -19.9084657426967 -19.8921729272187 -18.6818029717328 -25.5447380070326 -26.0454521689883 -26.5016182942487 -25.894009013379 -29.7349605276589 -30.405879338991 -30.0972406636077 -25.1423708085756 -30.7740469322959 -24.7008338726719 -24.8780163880938 -24.7998496335593 -28.8317750129255 -29.7799064507195 -30.1016594127652 -29.641057333971 -30.8762015369771 -30.5779773295838 -30.0656922432239 -30.5937954418587 -32.3355791712739 -32.0917105564695 -32.3021426921314 -32.6528278321253 -32.2158631310193 -30.6816907650199 -26.9819008946539 -26.6498359420358 -26.7489886597597 -26.2362909006218 -26.6895344748165 -24.9090861322701 -26.6138221067682 -25.5296129466812 -25.1385813004515 -26.9119666522581 -25.9683710202137 -24.5629036534441 -24.3935985656178 -25.0829139966461 -23.0257518329936 -23.8065738501463 -23.796544028128
-26.3964183257377 -26.3794309081225 -25.792602473446 -24.9202495899875 -26.3521299456545 -19.4946973893424 -25.9836298520985 -26.450014556638 -25.0644532120705 -25.8153467113134 -24.9598637036919 -24.8610372621783 -25.5674547857572 -25.8419068308962 -25.5496181486024 -28.388916798859 -25.4092051118405 -25.0857304165221 -24.9761524128106 -25.2359631393777 -27.7204897297069 -28.8225074423614 -28.0274853228737 -29.7125197151572 -29.4374135817759 -32.0260047642876 -31.890975024133 -29.9339593045772 -29.8627260487089 -27.7232569688088 -25.0725340879206 -25.0356200021383 -25.7207045221947 -25.4923039113818 -26.2107027358326 -25.1979732438617 -25.0544071874126 -24.3674011556905 -24.9655237249264 -23.9433289762951 -25.6811326820617 -24.3382501386306 -23.3298100709624 -24.2367751889803 -24.0522331991402 -22.8721419572729 -22.8487127409967
-26.1979393211357 -26.1824889164863 -29.8385321541007 -26.4402478593273 -25.2998154161445 -25.8356985213883 -25.4513561877347 -24.8681024740052 -24.7663601240032 -25.4078865491872 -25.6424064713813 -29.2980878349299 -24.6245445837265 -25.1568765655409 -25.4763214982561 -26.1530784082562 -24.5430754752505 -25.1946646913727 -24.1179479217308 -24.3526238149135 -24.5414076111411 -27.9811845436086 -28.6107931260573 -29.362300281874 -31.2408454694464 -32.0024397118729 -31.2073953381881 -31.437901882424 -31.5426722171805 -28.6300488963496 -25.8910306871942 -26.410309253466 -25.8921290118387 -25.6621633959884 -25.0734382670058 -24.2406753848431 -24.3321580466174 -24.0588128293273 -24.0148566636983 -23.9932263486401 -24.2706220138161 -24.293362234742 -24.0723804486393 -24.0832888673067 -23.1318283025021 -23.4086941803471 -22.8667223529398
-26.2451337076778 -24.1307869765134 -25.7582361349373 -25.9382918471107 -25.7648781165898 -25.3461384308768 -24.8054855485285 -24.7257356981584 -24.8916769177316 -25.3873785345415 -28.6931249673453 -25.4718478073852 -25.0619974300609 -24.2646864972692 -24.1878847591434 -24.3410903553727 -25.5507932501364 -24.6101137294643 -23.9433652944984 -24.6673473697331 -28.597272316648 -31.5880882687481 -29.9786046277388 -29.667047286229 -29.6702336447919 -27.7897820561979 -28.2200705210395 -28.3727298150799 -29.3470764764283 -27.9610222671887 -26.7279198137631 -25.8231443665242 -24.5777577140889 -24.4446925965637 -24.8286789496335 -24.8387582175824 -23.3237273677152 -23.2614872816673 -23.7927838790207 -24.0337024209591 -22.0050493387637 -22.6885190757022 -23.0808799232896 -22.7386239888521 -22.4953332548029 -23.0815856552826 -22.0124797936005
-18.4553236423116 -18.545783876451 -25.5984348376971 -25.4212067702722 -25.9230668977746 -29.478848172385 -24.9387239014119 -24.9715195566807 -24.8578142036568 -24.6764025348673 -25.1094585399705 -25.1461833644483 -24.3187547669846 -24.7614445521402 -25.1029994488307 -24.6495850232594 -24.3139288631177 -28.3815479367371 -30.7464762776495 -31.2805748407469 -29.1777050882704 -27.5693904273543 -26.8294033169132 -26.5020211989092 -27.3741802558311 -26.9128586384757 -27.297794023465 -25.6134654690325 -26.2988751212931 -26.8565881298093 -28.0384990387769 -27.7456454507801 -27.8932052539537 -24.767441610107 -24.1420289132304 -24.7766465518551 -23.5099702170468 -23.6572023756414 -22.7605955774032 -23.1191025772556 -22.8592761959928 -23.3307330444971 -22.7100984047827 -22.6004860590227 -23.2467359999839 -22.6224004748656 -21.9212380253276
