wc0.5/PCA/Component-14.asc
NCOLS 267 
NROWS 470 
XLLCORNER 79.65 
YLLCORNER 5.91666666666689 
CELLSIZE 0.00833333333332575 
NODATA_value -9999 
[rows 336 to 356 of 470, columns 94 to 140 of 267]
-50.1068975564393 -48.7186738951397 -44.3955520091842 -47.5553028512358 -49.4271642141905 -48.7383357598214 -42.3817847869263 -49.8180435370606 -49.6362615984313 -49.4441029912672 -49.410256267573 -49.4224418989246 -48.9309183252885 -44.3605691733568 -42.6836544558085 -44.0758832279319 -43.4729158895602 -43.7161713019194 -39.1124860614098 -48.1263047034614 -47.6802101090139 -48.5929021139626 -48.6075689599989 -40.8670336170091 -39.904563770919 -38.8438523923251 -38.9145123135307 -39.846730251586 -38.6818859134632 -46.2290103184369 -47.0878448622968 -45.0636644667294 -47.6092596830095 -46.707148340261 -50.3838789227747 -45.8460771914957 -44.8227007521333 -46.0219006688662 -45.9247718306099 -44.6198906362412 -45.1586496259673 -41.2795900098851 -41.2462355780899 -41.3807861186975 -46.3846362025549 -43.7989598184972 -43.5862135810026
-50.1046736107421 -50.3040835902965 -44.7583010465901 -47.2506126433646 -48.6841306274375 -49.6814060091446 -50.0656430653627 -49.623700162231 -48.8544495055967 -49.2122557525998 -49.6152863585593 -49.2285577852531 -50.1030001795363 -49.3148880561705 -43.2264575315491 -41.5206357524179 -42.6026551313057 -42.5435807190356 -42.057403504452 -41.494822082026 -48.1761482206596 -48.7232648932412 -47.953211366645 -38.3961759224907 -40.0018037528146 -38.1227980364416 -38.8089190991251 -37.2987218610827 -37.6944792649877 -48.8726648136488 -45.9945747236328 -47.0885229772275 -46.1580560394748 -46.6187636695243 -47.6462690830195 -44.9454828391111 -45.3626156789111 -44.7007345225008 -45.3514830255469 -45.0514197247711 -42.9011922254352 -41.0634677932325 -43.6655650695849 -46.4261873848258 -45.2825010845511 -45.3360083418525 -46.7675404496683
-49.5737267672678 -49.4534760922262 -46.3802130927338 -45.6823683026925 -49.0636749191522 -49.574393236655 -48.5418131210597 -49.7444479864181 -48.8411319360578 -48.8141201397501 -48.8775372544834 -49.350229986262 -49.1917438057477 -42.7077740446614 -42.4873986054559 -47.4962748546803 -41.3853384416479 -47.1262229108209 -41.7380411790638 -40.6071347229821 -47.4063397155132 -47.4635663736744 -41.296641813644 -41.5739676148798 -39.9731099167538 -41.1220404680089 -40.1062396885626 -40.3948284289989 -39.4359985120244 -36.34230722763 -37.5119912753357 -48.9783745147242 -46.1440543596651 -49.7019798076326 -51.55223093701 -44.0722884778188 -44.964011734304 -45.2827075374685 -45.662701316692 -44.9825901263166 -45.9528575244576 -45.7000020457257 -44.7227756165049 -44.5302042198412 -45.2649177374212 -44.6926838700312 -45.0043959963605
-50.3090148710862 -50.6153741248513 -49.5568731206317 -49.2880028360842 -49.2028327222647 -49.0371705151813 -48.7821341717442 -49.4167717982503 -49.1143703025255 -43.7474195331771 -43.4324740810785 -48.6856205823621 -43.9548383058926 -42.3367812065975 -45.3920669188527 -47.6876453637717 -47.219934275435 -47.4062985650473 -47.2786112480567 -46.7101226988278 -47.6235987475701 -48.3213239521905 -41.1950594699915 -38.9454986155818 -39.0710792195038 -38.4367788786405 -37.4649394298119 -38.4491360283495 -36.4487998241679 -36.0763816017021 -36.8051891543303 -37.6338708965229 -48.5515330883226 -51.2029656636614 -43.9245723646103 -44.0700073779998 -44.4993390989883 -45.398157386268 -45.880273330092 -44.8291066573073 -45.0359401569426 -45.5777089666216 -44.3691184421993 -44.1343626009789 -44.7554244365013 -46.3451053985529 -45.2723422348198
-50.1213958419572 -50.3285126987384 -50.6501567919799 -50.1579198082797 -49.7852562621022 -51.2819379761913 -49.4518613648155 -49.6351228250367 -43.0174136846999 -43.069070280041 -41.9914155277902 -48.8467151924718 -49.2128562964105 -45.3368346281996 -45.9855633493617 -46.8145972233136 -46.8157299251504 -47.7127730705137 -48.7799555077006 -47.0883648179731 -46.4074947498374 -48.4800291969822 -41.0863638650218 -41.0760936266108 -41.5305718545393 -40.9475067603371 -49.2544649292663 -38.21081951337 -48.6104296951985 -48.8114779722544 -38.7744112334665 -49.6821933076598 -44.9196408755168 -46.4724571261643 -52.2371074293385 -45.0975310035945 -44.3298686987192 -45.8085368718978 -46.0859125945525 -44.6539874355704 -45.0290592959097 -46.1854878578497 -44.2790959275711 -45.2484221286418 -46.7463446716495 -44.9516307158984 -44.996355715259
-44.3618923688725 -47.4178131622694 -50.350405517119 -50.3455411380504 -50.237523275207 -49.8418481081942 -49.8376028909989 -49.522471592653 -43.5662159063476 -46.4627890848512 -42.8453612888548 -43.3048950700329 -42.3209211663057 -46.2289642319264 -46.4689013608904 -47.0433967712262 -47.6212589741725 -50.4530862128708 -49.5867375232193 -48.260777405316 -47.7256625958776 -48.1977233374313 -47.5426727611463 -41.1727417038094 -42.2538979638321 -40.3038749347648 -41.2065335931169 -45.3931671925355 -51.6497406984337 -47.3544876851894 -46.3881089374731 -50.3797470730131 -51.188161189307 -51.0141794225649 -44.1252206983002 -45.813907300681 -45.9294677159121 -45.6024500135101 -45.8487458808978 -45.7559715151057 -44.6097252365773 -44.5762050520261 -45.8479858593006 -44.7862308830057 -45.5762612161166 -46.3428924487619 -46.4932798337863
-49.5899420894958 -48.4846007811152 -44.4726238234974 -50.4604687558126 -49.9799944773719 -50.0700503629481 -50.3674134580064 -49.8829198954315 -49.5691339168707 -44.7923095461438 -46.886652146035 -46.0873827354855 -42.8158310429453 -45.4901486925127 -45.7993605949659 -47.6819794714472 -49.1219018400374 -50.212276433467 -48.6107752794638 -48.299384063063 -47.5649228564636 -47.7994465330571 -47.3604974955889 -41.449674171572 -41.1406410664436 -40.4248736068037 -36.6932682407701 -45.6373508264622 -44.3339765840693 -45.6929964992779 -44.7123761561775 -44.4179198453509 -43.8071945440628 -45.1602896751052 -46.0056182743987 -44.987152391103 -44.8227077944532 -45.7386660942931 -46.1934942372722 -45.3719223480671 -45.1654610880825 -45.7005455939096 -45.9457301696544 -44.9860371082685 -46.1233409912971 -46.1365468578755 -44.9432511736919
-49.2584323529257 -49.3470595717763 -48.4775596692936 -48.0007751299176 -49.6006575872592 -50.2083897948082 -49.5885023355036 -49.7128686538055 -48.3238937932778 -48.4541410791248 -45.7128884458456 -45.0133093003799 -44.8341737472187 -45.0850888301776 -47.2486597473788 -47.3841569003465 -48.7132280695784 -48.518262378892 -50.6022664138143 -50.1358504200646 -48.4849895895663 -47.6560319133497 -40.9705710924818 -41.6701505702594 -47.6646043318783 -48.6954282443572 -48.8837857234017 -49.0420118403069 -50.9262080813912 -50.6134642125689 -44.6847259827173 -46.2586807267306 -44.9489902025522 -45.1981474782498 -45.5208154333159 -45.6663084790224 -45.3401327011261 -45.9948534014409 -46.4987442485345 -45.5591060108434 -45.0366235682827 -46.1099524059464 -45.8212262947306 -45.9999957167042 -45.2807524587774 -45.9483415402465 -44.7667518987711
-49.396767354322 -49.431403207545 -49.8627261925906 -48.2271294625238 -50.0231837470894 -48.4002720009772 -50.482943293132 -49.5715650055533 -48.6825562714481 -46.6365349653458 -45.3341335207812 -45.3535893289404 -47.4532366130436 -47.36765409877 -46.8209165367792 -46.7205739969533 -47.2824449917674 -49.5808327649515 -49.0714827028898 -47.4828119383676 -47.7392667749222 -47.6288549693828 -47.313969201007 -41.1413079717965 -47.5792163357364 -48.1665525107375 -40.9755497995382 -48.9966918652856 -38.7672439050573 -48.8877365590178 -51.6393600656921 -45.4404292270868 -45.5428334237264 -45.2307481976339 -46.1395204906599 -45.1512627198462 -45.4698694672476 -44.8568969116904 -44.9447958047957 -46.1664584317595 -46.0356857000158 -45.6065285217741 -45.2164546344499 -46.1068807321985 -45.003765981232 -46.4762607876782 -45.5731961762208
-49.8121568568799 -49.5943808913487 -48.4836733428154 -48.1744669536053 -49.3696571433607 -49.7300050554004 -49.2733605461444 -49.9026603641477 -49.4803731521308 -46.0854161861639 -45.2170488621753 -45.7081322701975 -46.546113121667 -46.765324195619 -46.8975803027934 -47.7540163977104 -48.8304884863358 -47.5756179408618 -48.7255947587295 -48.2863537290915 -47.5232102719134 -47.637849465147 -47.5743910807376 -46.353362843724 -40.0978519714522 -39.7655786806226 -39.5868190368977 -40.8934313180783 -36.9283512058014 -36.8539697488799 -48.8620857091186 -45.967397441507 -47.6311497741944 -52.279900667816 -44.8690619316569 -44.3843539494457 -45.8829516902064 -45.7710366723132 -45.92295282523 -46.4741949617894 -45.8409661985059 -45.8070151264896 -46.8779378602125 -46.6318350343617 -46.3014213627227 -45.2759020884461 -44.4768128305914
-48.4036341786159 -48.6620508416358 -49.2726683863395 -48.2945117034107 -49.571498341479 -49.0922244651003 -49.766082903026 -48.8495591368104 -49.2695265161844 -45.1321019911314 -45.5165086556619 -44.7529536285478 -45.5419192742046 -44.5495481829397 -47.1184595913486 -47.2377973989417 -47.2312825208449 -47.9217981692824 -48.2980709219671 -48.7446114214396 -47.6976817268558 -48.9268490919135 -47.0592575711942 -47.459139272921 -46.9289405992116 -47.4833617738001 -40.9534063934382 -40.8406991753042 -41.3876577798751 -40.7825239836151 -37.4250214819402 -36.3721231991048 -36.837621436503 -49.5466072818269 -49.446766319736 -51.7920028760021 -51.6395013529807 -51.1977767555903 -43.4607211994843 -46.0280174364493 -46.3576038032641 -46.0467299879927 -45.1518390558744 -45.7606318254471 -46.3581860970342 -45.1626200527892 -45.7252246483022
-48.2252776429051 -48.8292289261051 -49.0757502308437 -49.6011547357567 -49.5163388893403 -49.3579267784731 -49.2313935542468 -48.2016790855089 -49.2914205985717 -44.1755503978533 -46.7083190043915 -44.7786068850279 -43.9975831172107 -45.4106482524908 -46.4015304867565 -47.5190892744052 -48.3058696230395 -47.8936811168307 -47.5242263586281 -47.4493854279337 -47.0679217649511 -47.5885566715002 -47.3320590713233 -47.9424076109739 -46.9074824319959 -47.8653880274635 -48.2539828950479 -40.265599042822 -41.3240445110563 -36.7909957721396 -38.3276877771673 -37.1160636468425 -37.6361319591029 -37.8348165785101 -37.5427587432548 -39.6519464256124 -50.2589424640055 -51.9612336650702 -46.4290238120507 -45.3187946466705 -45.9459197924121 -45.6690945874333 -45.5481629709034 -45.6783169831455 -45.6463883468782 -46.4276493765434 -46.1890322991345
-48.3982959417168 -49.1399273239076 -49.2187820945092 -47.7162548576174 -49.8405598193887 -50.2604936191719 -48.1448649556235 -49.703220949046 -47.8128930421186 -45.465013380855 -46.5549334078021 -45.2579032633451 -44.3976636216441 -47.0261884149327 -45.5143438773469 -47.0950409407731 -47.7492047263359 -47.4683442508115 -47.4402986317024 -47.0384728556211 -47.9972234476853 -47.2344819329391 -47.3966704063652 -48.5353216643993 -49.1407785880958 -47.6103473591088 -48.8466335461326 -40.846692776462 -41.4958316157832 -40.4867960070131 -40.2996572533208 -36.8142344056994 -49.006103156931 -38.6162269408235 -38.1479015630294 -38.2741025267986 -50.9045499834748 -45.2242853509791 -45.4740986789573 -45.7705626480825 -45.842936459596 -46.882273418991 -45.5322592102849 -44.8031293631495 -45.0059254713349 -43.9704856063836 -43.2386749188694
-48.5325235952075 -49.3975026725657 -48.8830971230879 -49.4167438601192 -49.5747596758988 -49.8397702151258 -49.4261811778208 -49.8026652735049 -49.1686615537736 -47.9284848320713 -45.7621067481803 -44.1390520265717 -46.7228147240012 -47.2462057383442 -47.0862286487319 -44.9794986077547 -47.0335887771389 -48.3301478303004 -48.1769950674112 -47.4342055239298 -47.0522796146194 -46.6938486002114 -47.0833904492397 -48.7005993787542 -47.9849226975418 -48.6009511020545 -48.72244934249 -49.2536644717713 -48.9144833799697 -42.1167199775837 -41.3848279940664 -37.4975145822778 -37.5013339032531 -38.4299801789314 -38.1598782515104 -36.6818861413199 -40.07764320744 -49.9855975945541 -45.1475632464759 -44.9812137784491 -45.6181290262999 -46.7779334915159 -47.2969783658038 -44.6720477204295 -46.0197845806613 -45.7706191670083 -44.268936467964
-47.2624042237624 -49.5817374591936 -48.6681170495668 -48.5865842542866 -47.8596675639808 -49.4769713773893 -49.1582799576921 -48.8153645228787 -48.6665199302427 -44.1209615220369 -48.8587299859215 -43.9910547978809 -47.9571296379161 -46.6922466775668 -47.1621317695254 -47.9174204117866 -45.1260722307298 -47.317336500969 -47.5374729131495 -47.4115764472008 -48.746871890672 -48.1884093135242 -48.1310721076629 -48.9088971784522 -49.371932946772 -48.5658020448089 -49.4865836743014 -48.7031621353937 -48.3298962876823 -40.7969474981392 -41.1556958817167 -37.7129111683849 -37.5674322878519 -37.8422241638359 -38.8294271065634 -38.5869430309892 -38.8567036897289 -39.8040814848519 -51.4867861972316 -46.2610426648581 -45.6120380010968 -45.6705360375517 -46.6755685266502 -44.8322384319315 -45.3820852260286 -46.1008126042926 -46.3411520551048
-49.9865544262896 -49.6592109849087 -49.0589527836768 -48.2160592266204 -48.0593356227576 -48.9358662034403 -48.8659722539843 -48.2150579569391 -48.0135014462803 -46.5975867264682 -45.4072060633813 -45.1681621307776 -44.7606549327557 -47.2797448007983 -47.2701345949803 -46.547514042477 -47.7196166434525 -46.3076041491282 -47.2968819085718 -48.0275759514284 -47.6333922162203 -48.5334381883964 -48.4659963791077 -48.6179708781305 -48.7650005099482 -47.7929111275892 -47.8223495419677 -48.2740969638508 -47.4075538965962 -41.0231648206498 -40.6284183138127 -40.6792863124103 -38.1017556619944 -38.9451645900988 -38.4861379245477 -37.9696587413717 -38.9795153393115 -49.2052717278084 -50.0733662936549 -43.3512210144442 -45.3634445798428 -44.6989985594062 -46.339260320485 -45.7769514744085 -46.1278812989177 -44.5809466644205 -44.6015894786755
-47.3537340005272 -48.7023912686865 -48.4387809009563 -45.9133310499332 -45.1707398827989 -46.0220252117429 -45.9892059584324 -47.131357470328 -48.5398507200731 -45.7979084665064 -46.8620118485135 -47.6252947228463 -45.8965030883688 -47.5848385505168 -48.6133627714757 -47.5922476938098 -47.6551055385727 -47.6904878532607 -48.4778217901731 -47.4646910312768 -47.5840337132077 -48.7441635921634 -49.7632470682027 -47.9821872132789 -49.7790718748089 -49.1847140131406 -48.4982380177216 -48.7860337276442 -48.2961938707353 -48.3094414938537 -40.9435320004689 -37.3835591698575 -37.2988447934386 -37.9021053168095 -37.3459214651062 -37.5177429719472 -37.1502791671457 -39.6719058998271 -50.0644070804373 -45.3111519723197 -45.1768181726868 -46.9645861360719 -46.3546847693311 -46.5065772482444 -46.7825836024593 -46.9102245016907 -42.8327197495843
-48.7926206600907 -47.4540510059607 -48.834469215759 -48.3570262429336 -47.9756723894368 -46.5618137001161 -44.8119269366037 -47.3405036742968 -44.7501715580246 -48.1567094261472 -44.3155222298452 -45.9880624019543 -46.8401104464473 -45.420010521651 -47.2913832091624 -46.9103336929007 -47.4695697962619 -48.601506507889 -46.9973809292438 -48.0170121597212 -47.9431980620406 -46.9068338824407 -47.8803484020656 -47.6263118965621 -48.5278179861807 -51.7623940365247 -50.3774574993642 -49.4324233862406 -48.9384804006381 -48.7043907206045 -48.7202199163195 -37.6151199671662 -38.692019873134 -38.0499998877725 -39.4745534868602 -39.0046703107866 -39.32336040902 -50.9555783889462 -50.0255325135959 -42.4159935072537 -42.8890599491229 -45.4844431493689 -44.4800097701297 -44.8385660922925 -46.390620903684 -46.0239187515016 -44.2203135230272
-47.6033305288225 -49.6590718621369 -48.8551454858527 -48.7749211772832 -44.3366007148628 -46.5993404115697 -46.1841021658614 -48.9207636437909 -44.3004320676464 -45.701503483135 -45.1877133771473 -47.3584754677382 -46.4021201402722 -47.3853515349867 -44.3463969713053 -45.3707691080727 -48.2594886617973 -47.3886246392617 -47.4770369620159 -48.5661161703229 -48.4381525718442 -48.4411696966957 -47.8198654034067 -48.3700540389981 -48.3125808540345 -49.8683851914757 -49.7524536502669 -49.8811238033925 -49.7037232455512 -48.5825504477651 -41.8245292923445 -41.0557537574253 -38.0186087376726 -38.6025180551905 -38.8799227546554 -50.5864991706207 -50.9062048792411 -45.3803889766342 -45.3753858296184 -45.5803778538091 -46.3674219109018 -46.5104644899543 -45.3234971094555 -45.9149327654112 -45.7301436512587 -46.2178021188975 -45.622020799009
-48.1780350923827 -49.0347505019484 -48.6992672279119 -46.8616447176347 -46.8123808658052 -46.8154742980927 -47.0590592635132 -47.1806928611735 -47.2474499001805 -47.3105300296802 -44.304432174655 -44.3802063337568 -47.1515920504164 -48.291989352753 -47.5920514126515 -46.6198792130718 -46.8283333776793 -46.4688214906082 -47.9958189012762 -47.7665344457064 -46.6899710742674 -47.2613046285398 -46.3896174452599 -48.2839406922598 -48.1781783458851 -48.6621795669663 -49.3856601418757 -48.2920857437315 -49.0269155898762 -41.7052673289506 -41.8270575622184 -41.8334382353348 -38.1463150221982 -39.0765324150486 -39.1836137711327 -39.8638188931172 -50.9870579818215 -50.4299128140979 -46.1382046598774 -44.8795115697838 -45.6564584958615 -46.5420909531996 -45.8114069291815 -46.3512019292709 -45.3230007457569 -44.5925772699843 -45.6365472243555
-48.5311911531359 -47.672251383384 -49.3082495340664 -45.050065282628 -47.7478759295878 -48.2836160663607 -46.7064543070054 -47.6140961949161 -48.1989948940088 -47.1522419808209 -44.910000275016 -45.0002945850466 -44.4893316921304 -46.9137148067313 -48.6859074950819 -46.8297624803873 -47.3954910932867 -44.3433554823003 -44.4832701353579 -46.2999614762011 -48.5107726510873 -47.6600094701075 -46.8953624355124 -47.8963821165689 -48.4449098644601 -49.4070905048202 -50.2210278820148 -49.4612567414481 -47.7622844105168 -50.2945658183247 -42.4205855920364 -41.9395802667333 -38.2847908724368 -39.571904023355 -38.9769713961715 -39.5475797327392 -39.3735848183883 -40.7089281780723 -50.669349775146 -41.1556836003535 -43.4431547225274 -46.0772481010318 -46.4155593048296 -44.7322864795337 -45.1551040172553 -44.3298486136516 -44.9131594791685
