wc0.5/PCA/Component-12.asc
NCOLS 267 
NROWS 470 
XLLCORNER 79.65 
YLLCORNER 5.91666666666689 
CELLSIZE 0.00833333333332575 
NODATA_value -9999 
[rows 420 to 440 of 470, columns 47 to 93 of 267]
-20.455602895574 -21.023449878939 -20.5221894231016 -21.6162571602731 -20.6927135009653 -21.2977444054937 -21.4179242528212 -21.0161992801582 -20.8929399514073 -15.1957623977738 -15.8709944115586 -15.1970234149881 -16.0347231321081 -16.0370319420957 -16.032993121845 -17.0303166851781 -16.1100971036997 -16.9926185654483 -17.1050020725502 -17.1831809625668 -16.8020329256712 -15.3372607619179 -15.2725424602659 -16.87990105722 -15.5215690993547 -16.7605893302963 -17.4313159085032 -18.0779197259348 -19.1432758479787 -19.3061897194028 -19.7055924193358 -24.2430484124644 -17.3786341866677 -16.9374895551711 -17.1089375634155 -18.3864753616605 -17.9927875168273 -17.2989626742093 -17.6888014841866 -18.6219165690775 -18.314174366775 -17.4848551769029 -18.8380630743551 -24.4064227344479 -26.2481291420945 -18.6493110416613 -17.7126070537833
-19.3934827217582 -20.3765835919223 -20.5796848917618 -21.161465266466 -20.546837762823 -21.1546697318097 -21.4211466221342 -20.6377481241725 -21.2730680560074 -21.4164634406267 -15.678354535092 -15.4216035720685 -15.099819189817 -15.4696800811646 -15.8737200741035 -15.442692312173 -17.1882809683421 -16.8661951296798 -15.7264734384817 -17.2371954672629 -16.4976353224981 -16.4895425081228 -17.0381340099976 -16.8888665706782 -15.9727690660296 -16.8036677896039 -17.6886445723775 -17.8074466074209 -18.6373674478767 -17.9180618970065 -18.7169160452991 -19.2077739062855 -16.5160872793281 -17.5926085414424 -17.1961816104539 -17.8011598822048 -17.1258662494306 -16.9997919229914 -17.3810930430221 -18.8307404688427 -18.1197618083328 -18.7789004673289 -18.1770838860606 -18.5742969417641 -23.8050372561448 -18.1379187858777 -17.968500907182
-19.7350709773925 -19.5236239657468 -19.5553170154548 -20.6502078725882 -19.806050886426 -20.3894653907535 -20.5973542943489 -20.8529782450023 -21.5914668495729 -20.8071355177244 -15.1110599473535 -15.7449411861108 -14.9191405534891 -14.599159860317 -14.5580664111454 -15.1397476455413 -17.4509629032049 -16.4826138935939 -17.0694836936929 -15.5562524093347 -16.2345788655665 -15.945299102218 -16.8350546122914 -16.3481349921705 -16.4419055323697 -16.1455998236037 -18.6329664006579 -18.1944751919533 -18.2529816904171 -17.7633579681153 -18.2316296373853 -18.8842113391846 -16.495426566999 -15.6315598592515 -16.827279242044 -18.1158942303083 -19.3936746380032 -16.4641993486012 -16.4000414945238 -18.0752955478771 -18.5484299351445 -18.9037125393266 -17.1957672044948 -18.7359006319082 -17.6614461580543 -18.7915596671165 -18.800893476667
-19.4643277985295 -19.5215631952469 -19.4517853573194 -19.7020478540336 -20.16386773884 -20.6924417279599 -19.8575217886062 -20.9263165227129 -20.6705986790601 -21.2302046613789 -21.2930447079576 -15.9189520802736 -15.1205799733241 -14.9319939769811 -15.7929492162792 -15.5498961715419 -15.3121469697293 -16.1420328607264 -16.0427732053174 -15.6969503759301 -15.149276607011 -15.8857640264316 -15.9290142653456 -15.8669219653395 -16.0545259678833 -16.0865361682772 -17.4480612008254 -17.7789524141664 -17.2900576505694 -18.583413712388 -17.7810088936184 -18.2301066247123 -16.5317279673665 -15.6788196333732 -16.9796815149603 -16.4165138840776 -17.3391365603403 -18.1018351632856 -17.1009444805002 -17.6304274416269 -18.9664170556257 -17.678738530358 -17.6630877973328 -17.8099742489278 -17.7105829709657 -17.663328091464 -17.1420041704141
-19.6456541584778 -19.1940539568809 -19.5735755582547 -20.0379803513174 -19.6379094680898 -19.8594022954305 -19.8587725801374 -19.8202999579745 -19.842043202334 -19.812050448263 -21.0209987600814 -15.8397176334142 -15.753333374765 -14.950593256921 -14.7026016614264 -14.7912909386062 -14.7674136146675 -16.9679444064795 -16.2906832566316 -16.6775212334261 -16.7558864604325 -15.8340659523152 -14.7732536824225 -15.9215158533655 -15.7370044303079 -16.2588050387843 -15.6350829399142 -17.491705153845 -17.4577406387163 -16.2568515538666 -17.7827769172651 -17.6272176231669 -16.2367879736669 -15.8001260943037 -15.9170991193813 -16.7828671632471 -17.4553428011933 -17.2689150527405 -17.7353043446391 -16.4171629988434 -16.5625499410176 -17.8605582198759 -17.0145651143503 -17.4965064302458 -16.3666977182252 -17.1532643934221 -17.4799924012522
-20.2741816804209 -20.1822286444929 -19.8910576619932 -19.8397173789623 -19.4590466584603 -19.6506462416866 -19.7554728215539 -19.8085408235977 -20.2197759436959 -19.8210684222983 -19.6891886117925 -20.909021273284 -14.69766648601 -15.2261151985006 -14.6700264347369 -15.2274794795149 -15.1007453910464 -15.3821478338633 -16.691238663971 -15.3975382388262 -16.2153455598235 -15.1473686230998 -14.6715900355095 -16.0718764256768 -14.4585058878634 -15.7765100570944 -15.689103465483 -16.3037170783314 -17.0435901324203 -17.0375690484459 -18.2605421900811 -17.6665991554449 -16.4065288071541 -15.931179953042 -15.949576661693 -17.298239032473 -17.6458490971167 -17.3064435411893 -17.5639509723545 -18.5817828963594 -15.078476365496 -15.1070604633615 -15.5790316253934 -17.0508879580962 -17.5981913869237 -16.9031664505342 -17.511751061395
-19.2160245833541 -20.2028167764146 -20.236432908428 -19.6656864647883 -19.9638566597959 -19.9875867015876 -20.0112785266555 -20.5948865142957 -20.0642438019741 -19.5347301017211 -20.0992821010245 -19.7454180186649 -19.4842972371209 -14.7290618412171 -15.8544253791447 -14.6095207810857 -14.5529687475797 -15.76089318221 -15.134992698228 -15.3919769968646 -16.1997097957824 -15.8971813410164 -15.2339454885395 -15.8209642467508 -15.8115957144917 -15.7769964853223 -14.5801978879325 -15.7671491201832 -14.3189513495174 -15.6790277835399 -17.4652893594946 -17.0396731366948 -14.9234600832633 -15.6224672827882 -17.4199981296827 -16.9081717206927 -17.2664032079217 -22.7850225667979 -22.7365110134592 -22.8997566103347 -17.9493290975782 -15.0480644255673 -16.1591749786492 -15.9714228375849 -16.5363936313429 -16.3928213762179 -16.0315367323117
-18.8328143356801 -18.9452461363169 -20.2177680078173 -19.7746562798254 -19.7561895922699 -19.8847525957113 -19.9583781558203 -19.9936601615524 -20.0646954847149 -20.0702992164234 -20.3666923152361 -20.094471943383 -20.4486853692277 -20.3386738544116 -15.3306863508403 -14.3005138179975 -14.1762947192638 -15.6149926735086 -15.9162137718906 -15.4975680822803 -15.5499212703796 -14.5537237493699 -14.2000502060837 -15.7408170934283 -15.9357870091468 -15.8022146249886 -15.7782096043592 -15.8544611757736 -15.7787140769408 -15.7537891364356 -15.83927806375 -23.2751674298842 -17.320101286861 -15.2512160423914 -17.3807329714946 -24.9372832815039 -17.8078940695382 -22.4205049071419 -21.8406511177011 -22.8958486003833 -16.5863610599842 -16.0639772921959 -15.9547729895712 -16.0346309649244 -14.3452117277064 -17.2509990498753 -16.6280555017142
-18.1607280516133 -20.1152751941809 -19.4556002650231 -19.5838850409389 -18.5482897147449 -19.0508509203298 -20.1561163373941 -19.6157224343753 -19.1824468042029 -19.878451085736 -20.3528705201424 -19.6486954930379 -19.8800824477368 -20.062542452908 -20.2300990532249 -14.7477116256801 -14.4776631865864 -14.5238628738151 -15.4514669990297 -16.2985974734535 -15.184952261883 -15.2864006343025 -15.4066079224688 -15.2224512838098 -14.6331797856426 -14.9432913985665 -14.2300001715639 -15.3005124470893 -15.8723584931067 -15.7710151377663 -15.6980381038338 -16.4585515015358 -21.8959491501145 -14.9279763845572 -15.3379874519112 -22.2767992800543 -22.6637441762935 -16.2497316585018 -17.1560560862951 -16.3263823857509 -21.8891111325902 -17.1603540121213 -15.343595292775 -15.8257897914845 -15.8775936014199 -16.6578291593436 -16.6854706456851
-18.5909792314912 -18.5378344493877 -19.0479725986764 -18.5474891135723 -18.1900448728699 -19.2701527913615 -18.968874295007 -19.0302879122102 -19.7818631267053 -19.8022987133286 -19.7430968250904 -19.285604067901 -19.4869604903631 -19.4453055807938 -20.32367854724 -20.6728044882053 -19.5782060193081 -14.9960817813206 -14.905976162892 -15.3715875391247 -14.2037535706098 -15.1368955551334 -13.6235388350563 -14.2568548525253 -14.9810628692037 -14.1310748679682 -14.36746929848 -14.653269374747 -15.1916942264822 -14.6418418665258 -15.1044579180409 -15.6676214379528 -22.5582123348611 -15.2429780292967 -15.5784294740663 -16.1819476351808 -16.395225362528 -16.5968031608841 -22.068491245801 -20.9204988628642 -21.504466522738 -16.844810974968 -16.1944976765141 -21.6593654654756 -15.5217400819354 -14.8933160762634 -15.9922766512611
-18.3907038958628 -18.6358584792712 -18.2085372534688 -18.8601005641042 -18.5482510315544 -18.6685784335199 -19.624063209997 -18.9553664598813 -18.5657424197042 -18.6682405784663 -19.7354098180604 -19.4187812140394 -19.7824943433725 -19.1159282287536 -20.4983624458361 -20.4023562351 -20.5556187216623 -19.5764301276437 -19.5991340416425 -20.2875318398743 -14.2282680008973 -15.0257674792963 -15.1702239658501 -14.5725605859717 -14.3852018844139 -13.3801104405034 -14.4321543703275 -14.398194846821 -13.2128099302769 -14.4253941395083 -14.5787653257745 -14.8396946651383 -15.2913711247583 -15.2915167503187 -15.2367916175817 -15.425188600551 -15.1770761687956 -21.9915365055031 -15.4610851794646 -14.7763019396625 -21.6321332875794 -22.069965425851 -21.6070107085421 -21.9275870210594 -15.2130064638319 -15.7634314895978 -16.4900951912201
-9999 -19.1298978977505 -18.0075905131482 -17.9312675470188 -18.7130931377373 -18.9582218057081 -18.9421036412276 -19.1446628643552 -18.2413438964713 -18.3322142897261 -19.1220551594058 -18.757513891773 -18.6560837621216 -19.6132038898896 -18.9292171478571 -18.6450721484978 -19.3072923686785 -19.2520025901562 -20.0932320293477 -19.2690066687447 -19.7946927081611 -19.8921913742791 -19.0675801830857 -20.2382997009521 -19.0856334011941 -19.3757183581005 -14.0274286242827 -14.0968337907927 -14.2148956184553 -14.2801740086854 -13.777140928938 -14.2920135549217 -15.5212143514943 -13.9039238168914 -15.4943587190415 -15.2964520302134 -14.853409383574 -21.1566160861154 -15.6217246615416 -15.487525894379 -15.1570668660917 -21.6362291049034 -21.1983706033503 -21.6555418705612 -21.2174061560491 -14.2428323879916 -15.010518071912
-9999 -9999 -18.699486266442 -18.6401221144034 -18.6511180619562 -18.1428646131192 -19.2104473297444 -18.8254960553239 -19.0918358721214 -19.0281909170258 -18.8050094176099 -18.4489302458803 -18.9699476751738 -18.5582936642478 -18.5102176417502 -18.4418388767834 -19.8084434424753 -19.407290224603 -18.186403087449 -19.4126792406907 -20.4674443978947 -18.9994907597476 -19.1468892704791 -19.5270287933786 -19.3118734390251 -20.0523092495421 -19.7805828362297 -19.1156844719023 -19.4062959963977 -19.7591038033784 -19.397787752109 -14.8472071899777 -13.7733598551023 -14.161035198455 -14.1638234885533 -13.0054565451155 -20.8845847741789 -20.8154383962842 -14.8949692813112 -15.9212854791934 -14.8517240690228 -20.4824801982212 -21.1316272270648 -20.9593951796561 -20.9513139444004 -14.6172702002971 -15.3987634015677
-9999 -9999 -18.6357859907697 -17.739575826449 -18.3320538368367 -18.0886250337867 -18.3857734535574 -19.2926488628032 -19.2995102058722 -18.2482084674127 -18.2883608855573 -18.9764149871456 -18.8076876069193 -19.5288963249377 -18.3807224463486 -18.3684804617257 -18.7994950104653 -18.5003106647799 -18.6580047742941 -18.677886745979 -18.3973340001544 -18.9383871320594 -19.4424537308058 -18.6418797826617 -18.7508701569808 -18.9873288200122 -19.4650930505754 -19.4612680167233 -19.1209341853548 -18.9317064477602 -19.4098555638715 -19.4059749663628 -19.1745521767759 -19.5175767976242 -19.5108623239851 -15.021480575811 -20.3664627489389 -20.4521301611986 -21.1016259962464 -20.4106878541167 -20.674381053196 -15.4626621511956 -20.5509992317955 -21.1345945495669 -20.9783013055347 -20.8689426137144 -15.3376966641082
-9999 -9999 -18.3134634492062 -18.2356497426587 -17.0777548449217 -17.1266240294578 -17.0112662346855 -19.1981791697847 -18.2180557639856 -17.8942852870129 -18.7656511360749 -18.7571565756824 -18.2947645422722 -18.3208302028985 -18.816103723082 -18.4821452722283 -18.5117464533105 -18.1638503705386 -19.1370836236669 -18.0966349123191 -18.8543000014942 -18.5690732613868 -18.3400312684471 -19.1187308817944 -19.125639592282 -17.8893809795826 -18.8955100569324 -18.8255800973231 -19.033614184731 -19.4622871294456 -19.0480611273682 -18.9945754950938 -19.0038591232925 -19.3616119302794 -18.9503870840095 -18.971994933003 -19.041096111772 -19.7127893738011 -19.9461805582118 -20.1878914140096 -20.494596324485 -20.3478189168471 -20.4517044947775 -20.2768879008209 -20.2910681657349 -20.7513559530069 -20.7255553590649
-9999 -9999 -17.461996531031 -17.9032799214144 -17.8580720719065 -17.9020185496202 -16.8441513853801 -16.8495204078888 -17.9724750846249 -17.8212749302986 -17.9175667587749 -17.80194916398 -17.8926909324384 -18.2924608035538 -18.9323438352417 -17.7285189592288 -18.8388649830967 -17.8058678453256 -18.0333676227274 -19.5907874396096 -18.0353807900181 -18.9463564587509 -17.9709148091715 -18.0358573032233 -17.8454062063163 -17.8249955427986 -19.2758648298922 -18.6602047617251 -18.8200353352729 -18.6759346499325 -18.9587148828745 -18.9611874544542 -18.9047665687587 -19.1385613345923 -19.2813268360235 -19.2981636520534 -18.9624069421853 -19.3830580078491 -19.519698446394 -20.2905975751685 -20.1551723464792 -20.1415019481709 -20.7865856175782 -20.2811686700032 -20.4579973335917 -20.1171915086695 -20.25647282899
-9999 -9999 -16.8964794861394 -16.9057081866069 -18.0895304333687 -17.9810948643978 -17.9445809090409 -18.1232358234268 -17.937666895282 -17.1136232420605 -18.5553428932081 -17.7035924637633 -17.2896290902423 -18.76687185483 -17.6726094305208 -18.140284931785 -17.1047706225416 -17.2279169281249 -17.9518965768826 -17.2003453582509 -17.2589067361728 -18.9145766351213 -17.5012974462844 -17.9043776773537 -17.4766015548886 -18.3827228526792 -18.2771404979126 -17.9061000380851 -18.2322321081608 -18.1731957626771 -17.8536865692035 -19.0418006943608 -17.9896355901841 -18.3498586586545 -19.1897980262061 -19.2368673401107 -19.1160831744664 -18.2960423355641 -19.2675088512824 -19.6627914036728 -19.3831944202204 -20.6016907015913 -20.0623867121089 -19.9995974480876 -20.056921904359 -20.1309858290204 -20.024956099642
-9999 -9999 -9999 -17.821837949154 -17.8975790446825 -17.2805041882121 -18.2922959671945 -18.0380846871241 -18.3911387698445 -17.9798962109312 -18.2942384713511 -17.0696442210554 -17.7115269882989 -16.8239275869966 -17.8457729167978 -17.9565293324176 -17.7958402762289 -17.2065372777516 -17.2138022824832 -17.9002250762946 -17.3215088502544 -18.2348537471418 -18.029866684373 -17.8933517991452 -18.4960519987215 -18.0954474310728 -18.2253993136831 -18.2066663157245 -17.8121756635539 -17.6970963775385 -18.3389688369078 -18.3442894788478 -18.7590952872917 -18.940064162246 -18.6042611656411 -18.5344235758218 -19.7081740566643 -19.962852434124 -17.8467622132101 -18.082283914913 -19.1571560874053 -19.4074515337754 -20.1300979461057 -18.8437233336745 -20.4995959360365 -19.7549206643629 -18.8362992627226
-9999 -9999 -9999 -9999 -17.30472077855 -17.6340065441938 -17.4307471633796 -17.4426421291367 -17.6460379428388 -17.1321244541323 -17.5002562238586 -17.9260928302512 -17.1667797126818 -17.129453563998 -16.4820852657383 -17.4821546084853 -17.624397335459 -17.3383721946371 -17.2848850076431 -17.0204956751061 -16.2937425095835 -17.6644825885782 -17.1523181306402 -17.2282656885693 -17.3362226032553 -17.5357923152959 -16.9210702441234 -18.3039606943356 -18.2390108479331 -17.7904005386977 -17.5125644305512 -17.9013583679294 -18.4626086876305 -18.2882486239295 -18.7433575113197 -19.3691509557797 -18.847278878284 -18.3892532051464 -19.5298582359844 -18.8545126949639 -19.41432635089 -18.2847368890926 -19.2436092891948 -18.5730845969557 -19.0812929235175 -19.2903257326803 -18.6960027377801
-9999 -9999 -9999 -9999 -9999 -17.2469827598026 -16.8309588129753 -16.8767513598505 -16.5942970228731 -17.0475458689388 -17.3834541582537 -17.146567103764 -17.2134190907122 -17.1019025506452 -17.9367585044628 -17.0852989290805 -17.3915132169733 -16.9905575702764 -17.8960367494166 -16.4674068055861 -16.8609583685881 -16.8901701856035 -16.881432570662 -17.1883696582429 -17.3902430901773 -18.1894290140915 -17.524928268384 -17.5431287312856 -18.213021350574 -17.8541359568193 -17.7262364701281 -17.2876939417762 -18.2937012420938 -17.7257637322074 -17.631601525388 -18.4651326745926 -18.5320253040725 -19.4146422705812 -18.6366425204544 -18.2434580985117 -18.5362381695297 -18.7077777966636 -18.5324297957516 -18.4340477891233 -18.9135002926174 -18.0292643912966 -18.3129220540747
-9999 -9999 -9999 -9999 -9999 -9999 -16.8115058843008 -16.8436302533677 -16.368688872247 -16.4028656571358 -17.1648738461137 -17.4047332908785 -17.1481120076614 -16.5822666933994 -17.4682062991684 -17.6977630746017 -17.4939545661093 -17.4431300916377 -17.5770312247085 -17.5379794878537 -17.5893780294411 -17.2078077113939 -15.9909661060767 -17.7244810786818 -17.173398620624 -16.162497229096 -16.8532174321726 -16.966957242303 -17.2401813674577 -17.2593023143964 -17.8866426295273 -17.2780763622181 -17.7259668710961 -18.0397521935787 -16.5456589008583 -18.7431229250844 -18.8917635372838 -18.8415757221291 -17.6611903852177 -19.1898067018557 -18.0610842594787 -17.6605369892447 -17.701065229078 -18.8502091198171 -18.294421174212 -17.6186592114667 -17.7123177539502
