wc0.5/PCA/Component-9.asc
NCOLS 267 
NROWS 470 
XLLCORNER 79.65 
YLLCORNER 5.91666666666689 
CELLSIZE 0.00833333333332575 
NODATA_value -9999 
[rows 147 to 167 of 470, columns 49 to 97 of 267]
529.847401100859 530.328356786309 529.773292147068 530.105607739088 529.819966419016 529.194293600868 528.812152307635 529.818346552916 529.569110691126 530.735951726733 529.858519522578 530.41260761883 531.378431504632 528.022407985845 530.476639916683 529.211880129665 529.145712958191 529.310009270262 530.750065856098 531.614991077611 532.470147945932 532.753367526964 532.779604121828 532.393275787556 534.301476339489 534.082948397494 533.615061175638 534.159164356705 532.091020598456 532.244850723934 531.102274761308 530.855178788513 532.286735202856 531.934691605185 532.193842924328 532.785735374609 532.106839961013 530.303127924492 531.286994046269 528.587223144614 528.36164595524 529.576272851507 529.634513354831 529.161076424729 529.20058989959 528.045827839635 526.851662785212 528.707699603288 530.088831868933
528.723180394879 530.069666736748 529.827205596696 530.035085872683 528.636963428542 528.796910163006 527.627725777385 528.037020893002 528.512635783751 529.303595877189 530.415085750449 530.947452510058 531.351251165466 530.332134944531 528.446839120053 529.119539628054 529.443491103047 529.860479997669 530.450477705562 531.727651596329 533.343813587098 532.583758204139 531.87909738755 533.174186568972 534.111741456509 532.198959195338 533.769735362843 533.990252544866 531.656048500495 531.872026568478 530.644512906687 530.727015184541 530.706465472521 532.262429436677 531.173257610672 532.896462945505 531.553463826422 531.253297412995 530.533086034123 530.717391655127 530.664791961384 530.757936594338 528.826784275921 529.47803454685 528.663209676611 528.590186625451 528.736701604973 526.956105249471 528.125574485754
530.143018049313 529.493801637703 529.370603184742 528.252490852474 528.618789438282 528.533023258915 528.272436708661 528.775826473114 529.511865085729 529.190943868783 528.916953639896 529.433163385792 527.887801858951 528.453465849807 529.374081750363 529.19518504268 529.144802959798 530.232348240093 529.255551487659 531.246718180633 532.116559279233 530.211489936517 532.298514522659 533.219781398826 532.25637997428 529.309516889408 533.882286195093 534.191127391155 533.248895087639 533.046275594094 531.12988140222 530.333005394568 530.13910985712 529.421672724198 531.913405104904 530.503090486695 531.362554846418 530.51357668718 530.329557039169 530.203765140222 530.715866910815 529.193344272365 528.67681670838 528.500176515952 528.797486110942 529.503164445712 526.518179386792 526.744259532972 526.922152855394
529.596772526507 528.850417211881 529.888581098579 530.025258806759 530.048573644357 528.806023762044 528.803764461277 529.553810343903 530.413978203054 529.146878087911 528.477615981299 527.829860354214 528.626829138494 528.018594821897 529.832007370045 529.823084055528 529.153963940703 529.027833878205 529.130483371335 531.230490262606 531.218587563841 531.644618584291 531.579751569236 531.406571158665 531.894230339806 531.981461091362 534.525245271296 534.397922048925 532.973807171513 531.689045702009 532.349048690118 529.562253903162 531.066298334206 530.721440814163 531.643941444202 531.131430159452 530.474883939098 530.305486742868 530.841130032421 530.694772806072 531.169547145542 531.153046926143 529.150339433412 529.813789932201 528.413988904711 528.698810144828 529.787137784156 527.091882066747 526.701335025959
529.408540967684 529.584951516284 530.009801869629 530.248503195255 530.33038153017 530.226354858665 528.902108785435 530.864963008832 530.208325922479 528.639546972524 528.988912713002 527.514284222515 529.60771178784 527.417892011145 528.219052943447 529.245920551294 529.689645000407 529.536311582824 530.036145398869 529.415270320226 528.77432001901 531.313502906937 529.585357962668 531.029569131095 532.352652088514 532.196942479823 534.249832071028 534.000905389974 532.069053107723 532.187513251858 532.753323983958 529.609213516865 532.231503434478 532.498537916518 531.762969616794 530.827755132699 530.787699132112 530.511313971127 530.186845936561 528.043131223578 527.943746920897 529.334570609819 529.064301109243 528.276938985153 528.320069171271 529.792975464298 529.501788909089 528.029489636754 529.526632547341
530.752017074404 530.376918419092 530.31242655149 530.968255744149 530.701954224015 530.106372240452 529.256284733104 530.7828905705 529.736198496698 527.755408365908 528.107777670362 528.515184879972 529.167859821482 529.079942772715 530.265995551817 529.256042570787 529.490566989283 529.433969448375 529.027495704937 526.524208544947 529.147955548966 529.994113063002 529.352262772197 530.661513073295 532.686323450845 532.410600107624 531.967499264781 533.74029474107 531.942222886193 532.071034965872 531.617930584784 532.251036207813 533.058239972314 532.098266009522 531.50663341094 531.081430608708 530.641438798825 530.518716333701 530.083118598002 530.244323800263 531.266018800883 529.768680420179 528.646257812963 529.446353079259 528.770354769679 528.331944443762 528.377966474188 528.05691643788 527.881711921598
532.03759278124 531.181770127966 531.457682743277 531.92257371243 529.407104687581 530.16369612155 529.385376756738 531.243201877195 531.246430576762 530.391645521233 530.094419774528 528.767272240203 528.118207773256 528.328152621709 529.450570246454 529.634249879924 529.594020612076 528.554672158804 528.511527978811 526.711092650183 527.391193425027 528.268113483777 529.360836748756 530.557968624927 530.944741859133 531.386456267257 532.543111681251 531.528329648052 532.889887269199 532.422187113959 531.581136870272 532.265194963874 532.317314146519 532.729644686413 533.029779285642 533.35267751512 531.199164290378 531.645027777829 530.772854362275 530.389192477914 530.308864248624 530.134418423724 529.191514000014 532.241478105166 528.843698207013 529.021216257845 528.785703326326 529.044732475958 528.393776463226
531.876008452826 532.086812688652 531.639862837754 531.778036999615 531.974623674683 530.721809587387 530.425061444591 530.640464663867 530.595820656848 530.617305121681 530.513158898654 530.918787892623 531.191907687371 528.497826564385 530.239182174438 529.583315479575 529.342059761489 529.500017191426 529.160741624447 528.461304010712 529.234653286671 529.567310653467 528.777073359347 530.191991409897 531.370644491875 532.381199532225 533.392344415202 531.620567290508 532.314967210089 532.854143003698 532.611914781882 532.131114914362 531.373923613213 531.761046426811 532.589810360364 533.430889072143 532.436020752565 532.834487156295 530.717682943283 531.142891933196 530.791038068252 530.378653019124 530.199089846846 531.070921393421 530.579287872953 529.419215058694 530.498414529285 529.831988570149 528.33785609858
532.475123833514 532.587011001745 532.454410724958 532.288563735377 531.737097572395 530.39646965012 530.589475845167 530.064357406098 530.56662924284 530.342523556211 530.036986351604 530.461632918429 531.199291342701 530.072634224574 531.642097982317 529.011769272211 530.805362386238 530.55847985708 529.684880523014 528.790976554918 528.887821003253 530.58546150983 529.880320332333 530.116716099612 530.421060457187 531.83057696648 532.14998373921 531.530560815705 531.820433854773 532.251882089201 532.104161799161 532.858983813144 532.06497213414 532.169966220083 533.507585327502 533.40310729082 533.399752206735 532.12457532378 530.937778489409 531.167889758112 531.694083323564 530.446515396965 530.872189633732 530.751157741553 529.940803011096 530.532932931537 531.338568586898 529.669542072702 530.473293039735
533.580792135218 532.789836271918 532.9132711149 532.240604815192 532.392829711754 530.04448131726 529.792539551111 530.455121513903 532.275424297085 532.235368296498 531.07437107259 531.193139289233 530.989872212093 529.971898430861 531.587676480451 528.674638210539 532.099293113697 530.621264033401 530.813450983067 529.104872977351 529.238124410256 530.946298702927 531.270662214439 529.717872967516 530.845653889974 530.755510434524 531.935359077681 532.471260754373 532.419126739419 531.49334840738 530.59848403969 530.850436650621 530.633596589887 530.867159416756 531.101334297155 532.386349662425 533.442250431257 532.961870481172 532.590121787042 531.203223179526 531.796488419553 531.722409121929 531.142723633775 530.282106158034 530.362526261517 530.861810234373 530.566538054551 530.939831750187 528.447552647472
533.576672511092 533.387895837892 531.927941924193 532.021981529655 532.645222635881 530.556545858888 530.424209319031 530.974508156259 531.503689642998 532.135736310298 531.249572154351 530.612414565509 531.21494448261 530.905187092592 530.896539038718 530.912496508126 530.458997902434 530.839538486346 529.070939990384 529.269136450331 530.537351687955 531.532384974734 530.622171972099 530.131111128108 531.621907132909 531.535978382297 530.497906043803 532.519387525043 532.275038998564 531.289570062865 530.218385934215 531.140339080765 531.401008409052 530.89046936041 530.849170923275 532.338229480289 532.340072711157 531.718204627153 532.402660689132 531.569460538546 532.317564894369 532.154609752775 532.156854104608 530.701679507349 530.742172448077 531.040549946019 530.407460180122 530.731456020325 528.565715881435
534.160743409651 534.277419866105 533.176198910338 532.162361553768 532.243145950939 531.765326084262 532.197640931768 532.05693033738 532.789942083171 531.853522209231 530.39082387906 531.654658844477 532.040172051416 531.822883904157 531.216714779154 532.054853169517 530.843285375674 531.206053385399 530.671930185054 530.554608634073 530.938719551529 531.32047424829 530.129335857638 529.746238136494 531.17694288706 531.189913152129 532.607397615395 532.825291141949 532.065643492468 532.621481396117 531.35766622848 530.816236549603 529.30033047611 531.57026121379 530.166581466097 531.135893779929 531.986565822614 530.135030072638 532.301128142429 530.595936748399 531.299803615265 531.894286600438 532.028855670473 532.373421111286 530.195897921206 531.67868277133 531.164488203801 529.221137081483 529.246961695093
530.70529408795 533.879769894196 534.39361711469 533.534073668193 531.817789450789 532.083187823969 532.071569848961 531.965068426327 532.218188886746 533.167369877549 533.156759830029 532.923425827485 532.581128872134 531.928219317957 532.470839502479 532.560572723567 532.589905667755 531.984334016631 530.65428719877 531.546470427502 531.227127663986 531.270000348333 531.239600511939 530.144639059352 529.5533364176 528.817604515454 533.248198787392 531.397043947389 532.246864902074 531.191443245628 531.446284509309 530.402090439178 530.582382539879 530.365104849385 530.534060239704 530.558810274984 530.352153543147 530.437299509322 530.705531069608 530.518721597495 530.172578223282 530.496471861707 531.622574536471 532.145538576984 532.042412130191 531.519796822649 531.060823668894 529.016129031912 530.296453521
531.840912300761 533.359546362786 534.235551755152 533.388127390146 532.950776757951 531.844941970162 532.504220295565 532.330826396672 532.602943619418 532.391730369755 532.876867920601 533.00851471436 533.618888083972 533.603764798088 533.188594076887 532.441910663441 530.721597073047 531.556161621706 531.670983680165 530.784491260888 528.275463782839 530.581615990602 529.886190255875 529.917262003374 529.758747133191 530.302108716848 531.86772232767 531.254618129553 531.665506041287 531.831838717965 532.109174446987 531.075991552449 530.717932614105 530.866194938833 530.390050290868 530.507152611046 530.598685583484 530.010268673796 528.701316887222 529.348558921641 529.498783936722 529.189366426618 531.033666578496 530.659951469429 530.265094271593 530.919224587489 530.5284769092 530.966808114659 530.964017996892
531.849719244268 532.048147858571 531.927145842046 531.858361660556 531.981473216011 532.247905490128 532.350591984151 533.394585845658 533.16180966703 533.1841237524 532.94303549172 531.351935624644 533.204307258108 533.418187285729 532.864199195134 532.692270590176 530.327413525912 531.483007233146 530.755760012045 528.956728218388 529.964979828809 530.335972412712 529.868945730144 529.920262148955 529.670705271152 530.086120839775 531.631736371621 531.094886633185 531.750391141643 531.095755540517 531.317079794273 531.753846312553 531.248799294759 531.057277667159 530.387049743486 530.827318735221 529.291240245397 529.80571219192 529.799426790023 528.501711863247 528.946784917385 529.622999515933 530.988212558329 531.120442525746 529.632218233826 530.375016920097 530.646367840094 530.653369957823 530.461929396766
531.700505227959 533.712724707982 532.832359948384 532.242833307636 531.654971530308 532.344291711936 532.771432459559 532.825623521105 532.441237816091 533.1723264476 533.61147025028 530.660223340368 531.254471992135 530.964675507734 532.798593742584 533.164703897492 531.227448661899 531.482796947659 530.561380199281 531.18626356886 531.241677681988 530.463428579393 529.879619759937 530.274842011869 530.073617249244 530.091168361641 529.99577349727 529.106284223595 530.415347782015 529.305499087588 531.180145449414 531.659871175456 531.196717759365 530.80004238707 530.81607625983 531.455040663085 530.609052578886 530.084412065883 528.601938624326 530.423264509752 527.654532608818 528.572451457167 529.667982002731 529.369998299609 530.741845079588 530.583010820197 529.979936647616 530.917365046137 530.818268789672
531.805314054758 533.182932737858 531.546244536721 533.413814481547 531.722284331981 532.824294564134 532.330541142658 530.726702793554 531.085250452938 532.436765770173 533.554196029684 531.136969444562 530.823471288486 530.891521119175 531.851012978076 531.344990164632 531.398020683665 531.189136309655 531.049704923839 530.734224672154 531.517061007234 531.257071491153 530.815400711552 530.045411289793 528.921149848359 529.990934933283 529.193898288208 529.605652630341 528.81190896776 530.313328952993 530.551042535878 530.107807920248 530.801710998173 531.006458202551 531.821090278962 531.05235764083 530.483984462562 528.190786744517 530.381113950729 527.967781035925 529.612899157652 528.580455013105 529.088541449025 529.545677486562 530.567061050037 528.25663258321 530.561490566747 530.411035047567 530.373813711685
531.759019804411 531.850143154528 530.86339463266 532.176721655827 532.196601224847 532.743857293397 532.562750521372 531.008993207039 530.680871202673 530.413125607047 531.499142335564 532.067050429626 531.593287630974 531.505184557563 531.09068212035 530.998451192295 530.700285831667 530.931908711 530.873060085591 531.984222312604 529.880977505741 530.241442411954 530.252653872883 530.04890883239 528.742030487191 528.527317221412 528.325260016712 528.366631974034 528.711612196674 529.418461385484 530.091809100662 529.643623900468 530.842621842516 529.749762356043 531.445084440947 530.562117818868 531.081619888871 530.514713414035 528.277136681243 529.143026576388 529.566889723433 527.050140259095 527.476173644609 529.048333434025 528.626464686983 527.303020176148 527.653298957043 530.01343064 531.080956166521
531.146419004056 531.481596423428 530.279352436887 532.145296749538 532.165432409254 530.828322961546 531.100076103465 531.120935664959 531.186686812634 531.096014299319 530.748080516919 531.221545403245 531.424850207937 531.134650760997 531.971768681521 531.811838471579 530.49885884362 530.566581182322 530.816010935248 531.920400778585 531.465928861497 530.163716045144 529.924671868049 528.628201561638 528.543268132675 528.456397914081 528.526776620423 526.517237669741 528.691360407998 528.995436767136 528.460659139328 530.007421667661 529.972670543948 530.819298719712 529.103332215567 531.15851926447 531.053356347214 530.363160008446 530.115259343403 527.695457542135 530.18270100288 528.273538846201 529.359416443108 527.000123264513 527.268348599069 527.168496009601 527.607289522824 528.582557167178 528.664696046544
530.214546275674 530.119174599182 530.655741860512 530.883589420175 531.993378814051 530.976024681371 530.719490629576 530.735966974953 530.83119424493 530.802167818735 530.552801137904 531.203922730143 530.739659049096 530.730464829711 531.863904904222 530.005215045566 530.452312981004 531.425933003728 529.740554683944 531.150258871076 532.055971326752 529.890182263017 530.847041494477 529.398400502195 530.294623972422 529.792548171019 527.717132676721 526.801238074896 526.770541592904 527.376297030136 528.267174838871 529.028991413039 528.227020027943 528.940994039434 528.942088602435 530.304090257115 529.784091917966 529.510476172516 529.058668048604 528.449416297193 528.396215161292 530.188357851983 528.392498258143 527.663997019152 527.358137362465 528.062439938225 528.702519689534 528.40552148006 526.840591287268
530.03247662732 530.43879169339 529.839735958283 529.422619786746 530.553005552861 531.075796044079 530.440190930073 531.328104887167 530.744881001932 530.588314679913 530.836922038524 530.527984329004 530.846005701421 530.747525841699 530.802926338534 530.2002151895 529.887053173251 531.046544365886 532.099940242179 531.783593099175 531.224192194908 531.544448867169 531.216423449661 530.518489918286 530.219549642936 528.397261015183 527.614145606435 526.850064217031 528.286853905929 526.821378397039 527.671903875486 529.130611126763 528.664619870465 526.769619457336 528.788900271492 528.578733754091 528.606165848877 529.19263222251 530.432861620498 528.618340055054 528.094332792181 528.992172090129 529.276936762721 527.359693715366 528.202615590159 528.143867642476 527.997651044511 528.397571128198 526.870411321667
