wc0.5/PCA/Component-8.asc
NCOLS 267 
NROWS 470 
XLLCORNER 79.65 
YLLCORNER 5.91666666666689 
CELLSIZE 0.00833333333332575 
NODATA_value -9999 
[rows 189 to 209 of 470, columns 98 to 146 of 267]
446.23036873287 444.424064588557 442.373599204208 445.435857566059 440.721767174184 443.485471010246 441.842949878304 442.066281160333 441.611742389613 442.772439918697 442.627084615226 441.681901800255 441.505673990053 438.72737873959 440.402861251066 439.525916086465 442.417179489788 441.445887347629 442.52288617809 442.295621290743 441.806677985652 441.283512911097 440.335371353207 441.983922717728 439.429276631967 438.146621070171 440.960834389864 440.464621895396 442.822883087242 442.977687103014 442.246660152597 442.532801422021 442.214138625028 444.278127728488 442.827841179454 443.289862573717 440.986926633978 442.151526438356 443.907635530947 439.541607472841 440.348622070384 441.398229789333 442.193568096246 441.545271722171 444.00762725134 443.005367803887 443.856066556118 446.010435731769 446.795002782625
443.216652052183 444.258094820989 444.209950494274 444.513641695404 445.165952348807 443.781152625996 442.459421447946 441.280509166011 441.292434293363 439.659194774509 442.411414000742 441.737869908216 440.049720005137 438.536480408772 440.627254970235 439.566376038418 441.159830285163 442.94541116201 442.651663516232 441.164011372015 441.548113251494 440.523665009434 441.01771266958 440.089907476919 439.805549197241 439.672732133136 440.307018826571 441.028699041675 442.266925020352 443.114041889774 442.993839980239 443.404870074311 443.038558129374 441.804981417503 441.610285347354 442.801632499432 442.60318170933 443.755850981637 442.437556271651 442.26520511648 441.508715984208 441.152055346924 441.140657628111 443.542630113228 443.753535699369 443.254826606264 444.724235939484 445.38692609409 445.435563755349
442.538807443269 444.184202934505 441.059401494354 442.010601468497 440.624531931748 444.196956432936 442.364620705118 440.88311302735 441.426885242482 439.695937984647 441.680475117787 439.809114904402 440.474051317627 440.3637734775 439.452645998206 442.376829829181 440.811578848222 442.832713172913 440.62687932614 440.693247223968 440.153332970333 439.852697569037 440.446329806984 440.666745176005 439.409442892241 439.97962205598 439.6195195534 440.387499460703 441.772308435246 443.815345831597 441.419146797071 442.696130006263 442.881833969537 441.270706796911 442.767038497998 442.382067503355 441.230064046181 441.183083739882 442.005068854145 442.332501899695 442.257451255523 442.294457812247 443.701741692933 443.582986262651 444.914114849408 444.479119801533 444.586288697259 447.319843528264 448.266417098762
442.914615890898 443.571446014522 442.339525345471 442.481621203655 442.024907076792 442.854992116996 441.446290084721 441.631731905959 441.351826929226 440.272051472283 441.579690732661 442.234479553229 441.219836916702 440.574835702753 440.158337315685 440.020591988093 441.743329328652 443.244159132814 441.820630825881 441.662065778386 440.288809960618 440.222293988181 439.425570190524 440.425998180478 439.775818098664 440.016119281379 440.754129921364 440.768794175225 441.604060665768 441.247963686901 444.471929503463 441.781414568959 441.65864374353 441.925075209261 444.034320867931 441.277824242432 440.869895242224 442.035675776828 440.590465172923 441.388615299967 444.189433299964 442.810912047862 442.1087337074 443.419088110829 443.091305821096 444.496286967919 446.002603831584 445.269179350232 449.496306926835
443.915639717221 441.570636584514 442.748658273215 441.498477782137 441.283985180015 441.510808597737 440.624464611589 440.86577734465 442.607226630207 440.206193801413 440.799507526197 441.536728889383 441.297960520825 441.345487422691 439.003182275301 439.230443179295 438.445633675357 439.429391347708 441.945998832517 440.209894255683 440.399270747699 441.578790640798 439.654930252869 440.043685456548 439.256237926337 440.113025553459 440.141550014032 439.968120529251 439.322563978941 441.429946978017 443.237233862886 441.083120679275 442.109140039599 441.201555163038 442.210895125545 440.589800326264 439.382965096392 439.381153573731 435.544321863616 442.238568495049 441.865587636165 442.911524645649 442.562727920417 443.755790405147 443.859529503194 445.383576124318 445.034781113192 445.432437242741 446.128687360705
441.110779513099 442.492042575491 442.376586403826 441.204047879958 442.291977560756 441.536485667066 441.081887720294 440.618188815732 441.523918599222 440.181039715822 438.762688928174 440.783980885952 441.510681903996 439.874785481286 440.622724218671 440.676618159337 440.780681050171 440.356177751502 440.272069323409 442.063281103143 439.005264018716 439.067224878648 440.460881898778 438.087028471379 440.075104578531 439.90012745542 439.419369334388 440.200710632628 439.413949897909 440.054100189566 442.988437464297 441.690135793095 442.174564099599 440.476879825131 440.67114062676 440.472468559213 440.324364877251 439.252190702145 438.738472936565 442.434810226131 441.339910832845 442.947444419394 443.314726338078 445.154749621408 443.425802979386 443.05504472495 444.986899037685 444.622693943596 444.320140505968
441.494795289065 442.001422404945 441.785735323394 444.077024670939 442.15570966846 440.236512322103 441.350446043306 440.202846185962 440.475801098813 438.914449100638 439.852297085398 439.31534872565 440.851685612808 440.163697292369 438.342101819437 440.368891164677 438.0928853089 438.466497485845 439.048395414603 441.279029975445 440.32120851481 440.510098728886 438.501615242272 438.652554167322 439.124513093274 440.427749365043 439.79786119538 437.911361946351 440.896441070805 441.675543916044 441.376583967855 441.814926348078 440.972767393779 440.779886454424 441.447037801853 440.660981275219 440.648291264294 440.875068657566 441.056870531381 441.872854938509 442.723399308832 444.429950106054 444.694309259277 443.750776080826 445.496937597827 444.26346640745 444.290773963998 441.68812705415 443.214438711642
440.956282320454 441.52581015539 440.256235486394 442.017223633335 440.655362124165 441.007215229553 440.954650711827 439.213648882309 440.539523259835 438.913000174514 439.582578163107 439.687275388122 440.903776669296 441.206626866177 437.164710234681 438.096808367843 439.39941421512 439.64871496365 438.441642459328 439.016764682458 440.042682300444 440.368905789146 438.354578289054 438.407033883754 439.386311593279 439.292075063407 440.111290972313 438.197342181872 438.503600739247 442.18703190083 440.455947678718 442.140627112369 441.827055260474 440.304950739673 442.355640487603 440.993982832549 441.754829847581 441.369003720802 441.246243198393 441.930319913595 442.133512178613 442.941210102515 442.166473295738 442.469456718648 443.893471910527 442.192223244174 446.14876574817 443.625787365675 441.736636558645
442.144084151301 441.150065586034 441.510970126678 442.207372861394 440.066885866313 440.402078247307 440.727930902368 439.364153985696 439.148068852114 439.109297572974 439.910977537515 438.614414474236 440.425593105359 439.856111483442 438.876041333866 439.56279199884 438.340315980027 439.026227421326 438.440476032556 438.742602807272 440.78598144665 440.516281296333 440.326679649417 440.219835342476 438.528155735 439.464235532374 437.973990770646 437.372020371736 438.547923181846 439.287031828683 440.921051211996 441.006253289497 440.585550933289 439.862636763472 439.399876304165 439.374327126639 441.645864440016 441.158065525604 442.044713089734 441.637914659093 443.420583939083 444.287288735862 445.205501527702 443.045071241559 441.58151654364 442.333534708723 445.876094511461 445.369270314517 441.627194284418
441.509900043699 439.138802728262 442.036228610409 441.295696005877 441.033806528431 439.721778933984 440.683727711814 438.780479102946 439.205047722256 439.724951682443 437.558812625181 438.336134384261 438.796917245161 440.91253869826 438.57180143311 437.814392295695 438.824654188627 438.563968997443 439.585544811443 437.291245776814 440.011187926244 437.522324561274 438.559648420641 440.215650753665 439.717913670282 438.574769855468 438.387309723203 439.032438272656 439.416428460862 439.599554658652 440.245453021048 440.75481109244 440.044898023047 440.314905771956 440.002028350113 438.915488798994 441.960266212794 442.980607136897 442.797960495554 443.481761010954 443.138285038122 445.095218052466 446.229031168193 442.976558013751 444.031651874554 443.029547337414 446.118840399274 446.422405558359 440.080030236619
439.936105360077 438.713461140848 442.20114669203 441.517797970455 440.133174534996 438.995039501774 439.10873547788 437.218266127761 437.995754678564 438.996300703036 437.925741823628 437.914391302358 438.188294426221 438.642952872638 439.003941483784 439.394429640305 437.882329706009 438.89543176443 439.873597854659 435.123985216359 432.153607514367 436.124017219291 437.983067341715 439.779470667749 437.58982625906 440.260907860096 438.440212580311 439.098682301545 438.249606087126 440.746600668443 441.245612144655 440.162856677063 440.656330182389 440.395209948596 439.656714679897 440.159330827619 440.011334238362 440.167511439384 440.905690922532 440.551506241345 442.90206761992 444.778385076383 445.378709576808 445.191349105998 445.652303864843 444.509112045688 446.659863160593 445.563897008083 447.921544367885
439.328867688393 439.913133638481 440.30280706378 441.57174948854 439.530251024573 438.627701725176 439.223690510265 438.941534089557 438.235912843947 439.439986750894 437.300108705846 437.545172084331 436.584294113959 439.164403491349 438.887924135486 438.506238020245 437.387636266354 437.110748266104 438.952372590404 435.048349451449 435.343552561117 438.516122805971 439.202538192999 437.306167396074 436.74671329439 437.758123843267 438.477502622454 439.703294281597 439.966731459592 440.140130212519 439.098055741461 440.769874087363 441.430534613184 439.146912817237 440.225416371036 436.71218788166 441.232701026419 441.579120952412 442.580478887688 443.437252271128 444.928362665748 444.895868019255 443.86376604292 445.403183558383 445.105709186082 445.279460633614 447.251772984286 446.655028030084 447.735436445923
441.203355623619 440.977360440414 440.427533092647 440.74010820978 438.685365311377 438.943598363786 437.876047775678 437.600563037046 438.17703704194 438.246833083945 437.388390511965 436.85042134002 437.303942556469 439.224259909781 437.69512050793 437.612756397973 438.723461577294 438.964789823286 437.297003252685 435.420308685001 438.268991702296 435.637806172342 438.85645660501 439.31202893971 438.889597706458 435.696525742889 438.324719499923 436.741488786499 439.334381099437 439.02485255841 439.672969509252 439.399902297994 441.334467971115 439.046666946226 440.497737905797 437.112789713142 439.699620347508 441.427748675883 442.941041321123 441.318930231296 444.928362665748 444.920185394577 444.810189435903 444.733729299973 445.179860766371 445.584988472714 446.779549522192 447.753450925382 446.675991724076
440.923274611317 440.107556350952 439.882689010866 440.411518864968 439.54674566274 438.720874106639 437.976972720389 436.253592440682 436.094964713014 438.030989185127 437.598490453102 437.858678517847 432.956115093231 436.57844118838 437.724686448131 437.680943577765 438.982681659167 438.829658651601 439.327835255657 436.162013936365 436.958337074689 435.849551481686 434.566801780705 437.071566284386 435.611074365372 438.262172895158 435.541394943594 437.127970907793 439.448023739674 438.194501562607 438.047968592659 439.363122573244 441.350476350739 437.653239603664 438.758413429304 439.452484479124 439.556108895574 441.594478252833 442.108007000484 442.751641025475 440.39415805987 443.847204037191 444.23939661008 443.797226756866 445.2421308456 445.29720315572 446.236160132442 448.075575763083 449.135085367934
440.088051064397 441.163943924744 440.227893659008 438.862221210819 440.012516511891 438.475252435387 438.442642181855 435.376256230642 437.625655989883 437.740884253551 436.626258463869 437.381998485758 434.174317474759 435.676514744713 436.925333282628 436.690149398437 437.948041591058 436.813467293638 436.856311053912 437.240123569676 438.371266216945 435.808459394559 423.477418694526 431.250595362183 435.960174034156 438.544347459188 437.033118411093 437.024059690514 436.702053170132 439.265567293691 437.511683457114 438.386561748253 439.160211560476 440.472665297965 436.81771614993 438.991781030339 438.416704928209 441.381173319462 441.687753096052 440.337248128722 440.40589055209 441.976831512897 443.539005955651 445.456978640484 444.973038153192 444.022628332554 446.278618629955 445.812107986971 446.721557613293
440.494599034074 440.894477623051 441.524072584884 440.719058766159 438.887958806153 439.148666633752 438.442575538628 436.876201246932 432.879697452914 435.770070909874 434.138537589363 435.674836474072 434.607080900068 436.062851180915 437.105475494935 437.642039838822 437.15702833922 436.662343801573 438.80746411149 437.822427456198 437.988318185139 432.60422682236 413.772137915044 417.678282687877 435.618694629089 436.695950222487 437.780341902677 435.24132479684 437.135457149691 439.920837382763 438.219574367428 438.641455040717 437.132963463916 440.497334701213 436.378480121102 438.594044846265 438.336118056149 441.417093093207 439.929202891568 442.136971597208 440.530681107073 441.940423090063 442.474586598651 444.658701420468 444.732148332374 441.100138905534 443.100107720581 445.05917781205 446.702081933548
440.321732528696 440.11828794128 440.871261859586 440.144691565646 440.444830318518 440.656440705298 438.29516669577 437.132668024317 435.831208668194 434.802408564094 434.787081414354 436.819338163994 435.278473248078 436.656426283594 436.134109374804 435.838534874336 436.575692797948 437.016448838967 438.043512411731 436.284761576659 438.171552933232 436.938081742854 404.147938076271 427.398217253293 432.936664518555 436.283153054206 435.448855088702 436.184411765467 435.572075654067 438.548751081497 438.73887979722 440.354308703815 436.892630587119 438.519509592019 437.302961877832 438.133524680472 440.671307322714 441.566570725725 440.494334109365 442.29044646621 441.359635754941 440.29371756122 442.541650898211 445.585803383104 442.943738572523 443.417697601417 443.580938784429 442.583679331154 445.991110261743
440.240732008007 440.926175645845 439.967804840763 439.809232222219 440.059323050518 438.532044008647 437.334826187061 437.392095488206 437.763801143243 436.024840670644 434.284432737631 435.706081960577 434.995721232395 435.148328763141 435.151197158383 436.833090603559 437.006186726007 435.768380968631 436.097990456188 438.394991803539 437.444004512261 423.309131553966 404.924185970594 421.599865140536 434.969324953525 435.86497939889 436.446172260063 436.513320355926 436.816325695614 437.21953339613 437.393994286995 438.495936792114 438.585917445034 438.054495922961 436.788781883567 438.910990118421 440.568238132722 441.307384637296 443.776764535621 439.919014881651 441.240378642321 440.27867712518 442.336458244758 443.198290444031 443.191442438742 443.16625540436 443.357000251511 443.724022061438 446.552303903947
443.633549513017 442.314205626448 440.22035441925 439.476954244032 439.966226460176 441.085134651211 438.811439873434 437.61623457779 437.083645717363 435.244433442616 434.057290744918 435.146089368028 434.459158907615 434.793542061701 437.20728614273 435.317984292072 436.152051847727 436.72142277079 438.836794850948 438.269957764655 436.944752726756 424.365522764682 408.977468817822 401.365690400258 434.559390144291 435.534173746335 436.698716926345 435.726806324675 433.814425140453 437.18402858891 438.75355630721 438.799858603821 439.103700068744 436.473942634966 438.21601053267 439.072797956866 440.886191714536 441.084949201345 440.610128108135 439.012223575461 441.397389641812 439.431558860538 441.025744949272 442.815648191069 442.93484977832 444.049594721007 441.66312965154 443.962212945222 446.13726384562
442.383368772757 439.320389741687 442.510821838643 440.617539573745 440.104841018274 438.514792445707 438.770944341412 437.501217033134 436.989829672998 435.571970898468 435.071240501041 435.073545186319 434.226069759698 434.27199114664 434.824538986585 434.197426410593 435.885595009512 435.625946148176 435.502636983997 437.66288707556 436.322555303358 434.725216972193 436.425292964549 431.666492898747 435.070512984194 434.396273934466 435.840883612314 437.351488579548 435.637730774804 435.499876948262 436.243168957542 438.4002568626 438.97869779612 438.06772537105 438.090766587094 438.002404668482 438.858126143171 441.309568131908 440.13040807075 440.821020342702 439.306893219621 435.846880481024 438.167853030857 440.656556197899 436.526457704075 441.833512048225 442.089724165809 442.767045797104 443.219122351377
439.91736898289 439.76808199422 439.664269096883 438.707986822311 439.5422084022 438.554071544804 438.796670413281 439.1412922091 436.800426094591 437.087358080344 436.792886311056 437.116567468012 437.011907500974 434.685845668772 434.398158080583 434.783844903553 435.988157626695 436.260893612561 434.92930254987 437.630535632324 436.248096875586 436.960864124796 437.218134153796 435.12294687425 437.279765589206 437.934672103445 435.489937333058 434.424599442081 434.691820332789 437.480006946141 436.681184594258 437.172709342057 438.655961541433 438.291862908499 436.079053099816 437.530725328314 439.691460985891 435.76290791953 439.218302557867 439.35950566581 440.10209455878 439.62554083729 440.403562301568 440.647949838492 437.189671262154 437.146393874761 438.26928700258 443.838944522984 443.02202066929
