wc0.5/PCA/Component-3.asc
NCOLS 267 
NROWS 470 
XLLCORNER 79.65 
YLLCORNER 5.91666666666689 
CELLSIZE 0.00833333333332575 
NODATA_value -9999 
[rows 84 to 104 of 470, columns 96 to 143 of 267]
126.581527168128 129.315790574053 126.675593144684 131.035431575974 123.325532465131 124.30407737309 166.378403190096 122.592181203204 216.241273262181 170.724250207187 174.470327987614 169.83997147353 118.300202214999 170.649495440854 118.497686752262 122.521758036718 162.495219431009 163.703676108836 164.875239051685 160.648861457352 159.226436038499 158.919871252524 161.771950575518 157.863342658988 152.675258658782 151.34138954128 151.305883826874 149.15871742754 151.274049518016 157.611919313227 146.363465017138 153.168979495626 151.537126962384 148.797811198634 141.710080163627 143.539357944784 143.880039788972 142.247111320376 145.161428387936 140.386423197302 139.673654243656 138.843844220398 141.383953995153 136.758378114562 137.330387449318 136.092795605966 133.950148066318 138.482719196178
124.541619746181 119.969742523505 170.870169601122 170.729239005604 170.146725069044 120.098478210808 122.109846655731 120.846802935464 122.032969091062 123.262461433722 171.565598215219 168.920892065703 169.096630418136 169.011537423325 167.226189179144 160.493589243416 164.223446192433 165.576332336861 165.234918220907 157.635943087651 158.66295128672 160.205067629127 152.383550153317 159.636538051505 152.80560106288 152.56656504131 153.145274878027 152.432875049822 148.989213113943 150.86723361558 146.648456419594 150.600154175346 149.519880885607 153.648808784399 153.73009857426 149.427357174402 142.955642458563 145.240985645189 144.349466757285 138.992780413484 133.780597323097 135.839724464776 140.600618238475 138.577927038431 138.846675983608 137.026643889851 134.757139840266 133.697156208674
119.181277171672 117.957605106438 124.278393895171 118.882840677613 160.524260983921 113.525358762469 166.469036259563 168.375465260296 167.738516699181 170.137675813438 164.473000133859 124.996859330599 121.157375145147 120.911814737926 166.821833676914 162.869522790849 161.514648487561 160.704635136522 164.351589233995 156.852621220677 162.037193515492 159.048429557078 156.464756947825 154.200212411126 155.086143189731 153.584334649896 148.214795926232 145.76825342594 151.440821074379 149.175169676692 146.566680351186 146.17190526892 153.509507351887 148.345132989508 152.192101149702 147.064303610043 142.772187847353 137.545353997612 140.842903127229 140.306159587934 138.455504576514 138.362140804559 134.418032312808 135.604324690805 137.420131331457 134.60617059089 128.846009273473 127.571199845705
166.777024709404 113.579134820153 113.808818026845 111.525187786359 115.908973263346 115.801989653127 167.141945869631 113.780840231917 116.259699327852 116.666944247639 110.331102770088 114.22132102629 114.298554821927 169.571387456488 161.841931905559 162.873500460103 166.988814657042 158.082056298701 164.097588462747 159.703971447931 154.920220294504 155.649685024223 156.491290624126 154.200602779331 152.885858013522 154.147260951742 150.179656181174 148.919637839605 144.399704540282 140.674787115841 147.672763899938 148.498431054016 143.361483259301 146.640842337386 141.449799469891 140.966019440377 137.437919605516 136.234310073448 136.825987201257 140.800115435321 136.915697118953 132.021440069336 137.911208247722 136.709041795306 132.21907168962 133.841781961224 129.123440524972 128.915614322561
156.953864658327 162.371990848585 109.076800147261 113.009729225806 112.695768989167 162.94300246807 162.424113437498 117.288768228638 113.488339364574 108.918025513262 109.490034848017 157.90783709967 108.890826383147 158.459301047761 160.158819119736 160.866656711221 158.334737525119 160.37887737736 158.979021632151 156.389072572784 153.984020992969 156.598315397786 150.165627014061 153.400664984473 151.184908247646 149.427567880598 146.454295834035 144.232610190659 146.378444286079 145.2389133842 143.049323434818 139.842721486913 146.372477477821 151.305416198927 139.947359692288 139.871217139091 137.718096418361 134.438228805749 132.059521456336 139.942639564972 139.282086282929 139.252506983386 128.10156449139 133.090957117829 131.282347783723 133.103731102128 129.98464244441 122.970448714801
156.268263198199 114.709640283845 112.553936224492 107.102283641061 120.158094404117 118.162923975787 114.772983205229 114.559756015336 112.806123904944 110.601505503989 112.391120550962 155.729949560041 155.923522432122 155.314594618092 164.159057787631 105.493618981867 154.973554243774 113.427620384589 114.028680471651 149.954582545722 153.351532045871 155.758897336225 148.886013349897 148.970448337155 148.359296416475 147.361289065759 146.838904310364 142.420238996442 142.995017447586 139.379937804495 143.635009465238 137.88195728394 137.684269180136 141.220809178964 137.611460445183 139.629237205058 136.590830621048 137.122170318409 131.918534540592 132.791165554348 135.956587268917 134.348802979624 129.399271996043 132.463473744611 131.664679493442 126.871332319224 127.502666327134 129.350635739213
114.653062858686 115.055356372596 113.758209350163 115.677892074883 115.240263561409 113.17620131834 115.037977105853 164.185107155047 110.950053465972 163.197092598504 159.730709051263 202.533744158271 157.249523783982 164.085749814075 163.85666590542 154.999211350343 107.791108015941 161.392045192554 156.562100732917 155.031127367476 151.319108152819 150.979980479804 146.589908606318 154.316857422247 145.481210863927 144.347797093649 150.140180593366 145.946170166492 148.27241839758 135.67997641716 144.701759964327 136.502779283968 136.601898552105 137.279449325145 137.33976219184 137.396321498101 136.5125408213 127.320862845435 127.855406137806 128.390906155623 128.19055512365 132.014145294279 127.802691800622 128.60111129959 128.501383163259 126.829287015897 129.596512322654 129.126395155634
106.008026670014 114.88834857307 122.100491252181 123.363228739073 111.654038358849 118.513620725065 163.538758978856 167.321780269504 164.665888674012 160.904430040293 158.562577946688 163.164321456045 161.21730724479 107.447466177294 156.093971926281 154.51555596675 154.639925918499 148.34871954828 145.725704170132 152.530569576329 147.748948248567 149.364900933877 148.436119428037 149.133969357541 147.647614927768 148.126588920072 144.099107273047 149.415013483045 136.465415398772 134.851189940463 133.714529147673 135.361869346858 135.722055056338 140.137779296943 128.09388924024 139.150413638385 127.226702459684 133.947219544884 127.846073194748 123.312529032717 128.420387435037 127.871878361122 127.917718899951 126.461897560249 121.84775908095 126.269739822185 127.873527454766 125.889474052508
110.109277921798 115.414541007072 164.625007495654 151.481957313612 108.068725822719 106.657431637033 161.674240618329 164.900638848598 161.624874652576 161.79396098692 108.330518866236 165.657491449546 111.772925145732 162.280814958075 159.483835505474 158.497825847195 149.356649860401 150.032667766698 154.077844435994 151.460083234973 145.6626766882 145.792252722218 147.106226733007 146.137425473396 143.909096084463 143.392599784498 144.570707670299 141.596939443791 141.731742453887 132.576445226088 138.209871240059 125.757223377809 132.182766600515 129.494490638439 128.255725290179 129.172689122251 127.890249127604 130.878446736965 125.433026683238 127.822987683551 127.112267171334 126.81628753395 125.761390594408 123.387929138005 123.875896143488 124.397955007071 126.405246654583 126.777032428824
148.116049095765 102.441692171818 150.756004543721 103.297722074237 102.492827582906 158.309196109934 101.960957627184 163.717791336175 163.76409727236 163.258972478365 162.691331504481 112.600101441177 112.194741583004 112.703331316855 157.629293230635 156.741861595497 152.501836132748 151.274556573759 143.622479428365 143.622479428365 143.48876873904 147.223729380428 142.876800033201 145.773546340644 136.731816868833 139.741512331353 139.996067577615 138.631758881076 139.240931926335 130.122137995629 141.945445762314 130.70645560194 124.259541269614 133.927280346493 132.850243989687 133.142443617792 132.919671191403 130.832689208599 121.228097568716 120.010329838527 121.945155876626 122.270663084963 123.035953777981 125.905836128867 125.808419775685 118.564272963766 121.962393771154 121.079688446151
105.65673112899 101.228815224647 112.194899168652 109.294985335493 99.3510741749889 107.242309675897 105.331280980922 101.381068057753 168.429932608845 104.815794543537 105.542674236589 102.092576941385 153.420262475757 157.634483774628 152.013780864956 155.251306986077 153.62118505968 152.714172511514 147.76339898157 140.337112142107 142.174584478035 143.854570668654 142.804954135657 139.151504177399 146.743730467308 132.926611757559 138.591187078059 136.0146957882 134.191904452515 134.020260271873 139.779548032587 124.233921143156 127.361549569424 135.833281039126 131.253843662229 124.642346197407 131.281886614901 129.967894669357 123.199715340525 123.352006416143 117.818857357589 118.317932790098 124.248710905627 123.047797315213 118.24904163121 122.976287174921 120.676390694187 122.136716981848
143.263909783647 101.483202221366 158.322551782185 159.341062861834 105.869299987436 101.914235475644 103.818165748596 100.726595956679 104.41066894618 97.3177288134378 104.956669950721 100.483588566324 151.241450774982 154.106697548555 147.122922978268 147.24031994851 146.52375094813 145.395561585622 147.481935507388 148.280355006356 148.400012863202 135.458439188444 139.832799700614 144.394882411336 142.667997599414 144.533434484477 137.573057174165 141.785267013696 136.961471964012 130.963083743667 128.642686721597 134.620382106726 121.126381521131 130.302660089624 124.43728485161 126.0490463221 130.091106166987 130.739732951363 128.204870886352 127.216704105857 119.409559259482 122.349442640731 117.290203243227 118.778429438484 119.179102236175 120.987400293223 116.754218703847 116.81079001537
100.93924017771 96.7316807334005 158.347488074566 159.039397796101 160.859161429128 155.742489053878 103.533097528223 100.535695849929 156.409555324072 99.2603628169477 100.721419392425 151.129010844913 149.717923817426 148.52864223307 144.473033951267 145.263153362826 150.223718343563 100.271973997726 147.115944352513 141.57508983359 146.849843570358 137.66832472319 137.968281340087 137.604902634369 133.556052488381 134.522074807929 132.56083936131 134.432767368028 132.467481995739 127.300011102459 135.803077842637 123.073580083394 122.872465071346 124.957808203407 124.633498198911 125.304397407155 126.464336770038 125.889518653733 128.137234237241 132.979292393983 121.447261843942 120.590481833431 119.145918671728 120.622946362809 116.194243402868 116.098514937745 116.217803371662 115.198499191682
159.823821734447 156.26441140333 100.994121254107 96.1205812449599 155.225816643068 92.8224161533656 93.9068464562673 156.848658184617 95.2519171836974 147.921180795642 188.773385315564 155.448650981266 149.866755234463 142.692588438425 96.6892842245692 142.590935224255 142.827680181844 140.058617123142 144.408044876513 140.447379009259 147.209392746156 143.188278582567 145.793305132002 134.7276646893 134.15078517658 130.938617852813 129.58380196075 130.773801468031 129.822767367439 123.447873659796 135.81747992889 121.310114170466 127.664871407463 129.168438299613 115.622768124997 122.391167175771 114.821221282739 113.397857222641 120.294294453835 118.547333960269 115.365368380368 111.647178383066 118.155613448835 115.173428142345 114.321255810083 109.694546477808 112.88314868185 123.815029736227
99.0043713121867 160.013476719344 96.4167038366824 101.357247138007 96.4367425490952 145.1960702797 90.6831704671645 150.434311138702 152.665325922893 99.3884491155155 149.553877598374 94.3096698644429 101.027555538362 148.549413570396 98.4586283211759 143.905604896801 140.696452874213 131.355278599976 131.0746712061 134.268207538818 139.604334567479 142.725706661363 132.258749677745 132.352335296936 129.054067961492 131.842345500827 133.816189474908 130.022049860072 121.06334521282 128.920535977921 123.032163622875 118.357799775639 117.520305446638 122.427016785315 127.811293951921 124.279176707035 110.639596129264 119.672647818737 117.617264657204 122.9332979296 119.508400555995 112.984374959952 110.077586951632 112.137395355435 114.30726085897 110.998724061273 113.099696271551 115.608873787054
96.0049915714879 154.869976798787 94.4675768421424 134.545713857595 91.8474502752608 133.694924776372 153.986743618732 97.3955750650651 146.891056657088 93.9297788093904 147.654535907789 99.8167769294616 97.9287294915144 95.4192155957334 95.7280259332453 139.613238849371 143.395474898301 142.357359665536 129.590038520681 133.641934395854 132.615381995383 127.954383126625 133.527603313952 134.566425738493 129.77811539069 128.549242044887 127.546196123838 128.182466726876 117.918025733573 123.626628334959 123.016177160155 115.527068247778 127.265128282659 114.234803123273 113.597650450644 116.374464178331 117.817664526476 107.154631257338 118.871451467311 117.261244638967 115.649601196282 112.65052642599 107.136004981387 110.199200810513 107.637816699226 105.664085157187 107.00253734472 112.146482917766
130.166198403529 90.0240568567617 146.261949883225 148.586017506619 148.171818882734 150.079135823347 151.898249176535 150.657884944513 147.295050063955 92.8881193571311 142.131311696528 148.553372435366 99.8359487913586 96.6905880513406 96.1690860492184 133.826870266032 136.189054294158 135.432644516639 136.710213016716 134.894914711605 125.280497394945 128.676765232719 130.275251336081 128.535923290462 129.191309126511 125.009707590485 124.866015596137 114.626945622807 121.988252151222 114.605955168471 118.146533227109 121.192688384793 109.288656001935 117.593620317638 117.617469198985 105.351586822349 107.790530872288 107.23689639353 113.407979477533 116.366042896475 111.947506439219 111.759562437302 110.545784951425 107.538313175 106.910620508245 104.418654080243 108.972397084043 108.944214755836
88.7226326640008 92.1303191698044 148.948420405732 92.3581480062204 143.788608528336 148.282817532668 88.5660338326882 144.949158969228 96.4084210335525 144.474797690999 146.622367140249 143.454453720734 141.679764767577 140.094878396833 138.656658093416 136.158983445001 137.080344910715 135.892612258496 138.076272665662 128.571532850682 130.81661786646 121.180701834117 128.770073372134 128.316774493218 124.017470452994 123.374273138614 120.224787353012 123.275582057041 118.069930525079 115.429689065004 114.57312519172 111.073559252948 116.244452185547 117.752728397021 108.649086313021 108.033887971856 105.251120560111 104.038311386671 100.432154010506 110.843291811024 107.335848194837 106.947747364489 107.013712346819 102.053367577745 106.883576379203 108.210953483677 102.560532254695 108.448447799448
89.5543429996404 148.002946147288 146.650020023307 145.242564002491 81.6406724217757 90.000125091508 85.1204510893347 145.10988815818 144.440209254841 141.080236600075 138.677364770292 140.159512894848 136.767924656052 126.771051086114 132.108240696343 128.811184760774 140.971969050602 132.903215192907 135.593473071817 137.584295222356 131.56255649763 124.071580892004 120.661671941004 124.476374426863 122.894355160495 121.871096914775 117.679536187914 113.22332917417 122.257003590786 120.871023199947 109.81114991133 112.298833598136 105.569450222369 108.258189486544 114.267173840239 104.507565745382 110.613734247035 102.466487923242 99.8915854854748 106.63150592934 104.777130617315 103.583628709219 105.231037303548 101.122812116244 104.641953142603 102.22449138779 98.7018906830426 100.967123420826
145.655444907021 78.9020191009798 78.0797355132336 89.2088766213261 80.9494959022278 82.8651835105473 137.909251845064 79.538326309366 137.870617601573 132.337332547742 83.5879122656779 137.171384504483 129.923502755409 134.975714142573 125.057213498845 135.790621821547 131.359015269339 128.794221153608 124.15919990135 133.163067009907 131.788849209212 127.726351025142 117.901606847664 118.14890338923 121.933940862028 116.488889109927 115.169309347288 114.410909705576 116.489447661852 116.086193447579 112.153354994705 114.412301777941 106.258233666185 105.650989246664 100.107583882897 111.396534546323 98.1670116424573 105.959215586247 97.9463364580363 100.217404103921 105.439530922245 103.823846123456 103.734292302148 98.7415216135439 100.822898826823 104.197726851764 97.7207136592171 95.5770909572932
80.9754402071628 84.4753577138181 145.89331542562 86.2422502314957 137.467999628946 77.6015606378663 140.634195159954 132.402500230545 135.385445069758 127.986771760437 85.8445200986908 85.0154343228801 128.05382180861 127.132605171431 84.2430921219595 121.910289688754 127.811343450774 128.213843461798 121.119691277337 129.579663223495 128.937898117334 127.21763805729 114.958072192579 116.34408218936 114.419975532336 118.112706012179 117.721244017389 117.279581450121 108.299602317406 104.03228676151 114.508247451531 109.290001844918 112.102307548901 106.055332194102 105.951291234882 106.269252458708 96.4537987234088 106.089204897173 95.0345137352122 91.9438927114015 102.595306125085 100.826248683181 102.351088822217 95.9490581193123 95.7936412182548 99.6031885010888 94.0420452391508 95.9192070254091
