wc0.5/PCA/Component-19.asc
NCOLS 267 
NROWS 470 
XLLCORNER 79.65 
YLLCORNER 5.91666666666689 
CELLSIZE 0.00833333333332575 
NODATA_value -9999 
[rows 342 to 360 of 470, columns 132 to 175 of 267]
1.05994760634602e-09 1.27004886413362e-09 1.12563072115283e-09 1.01399462684717e-09 9.73378808128298e-10 1.11451072705792e-09 1.1526278227264e-09 1.08276588197663e-09 1.23203108229148e-09 1.12623031912549e-09 1.16361589429955e-09 1.32060339844063e-09 1.10298661449026e-09 1.59359261834992e-09 1.87286620790815e-09 1.69497743189309e-09 1.71681204264278e-09 1.92639667897722e-09 1.76274354206336e-09 1.96783162827447e-09 1.96712908083281e-09 1.93284436853875e-09 2.17070309860391e-09 2.12368747342919e-09 2.00815368637409e-09 2.00674807755175e-09 2.03085869456235e-09 2.01569426506702e-09 2.06909152684232e-09 2.0436440314346e-09 2.21695852437218e-09 1.96691828936698e-09 2.22368717288457e-09 2.08239357877072e-09 2.15188958770654e-09 2.31754362452516e-09 2.50808577882773e-09 2.39999897123509e-09 2.29770349972019e-09 2.29105968080557e-09 2.31213995488044e-09 2.21390011379884e-09 2.15956809669377e-09 2.08597972938721e-09
9.21624444313724e-10 1.19467702272406e-09 1.23637048715376e-09 1.17309339099664e-09 1.22911406918477e-09 1.11587555000551e-09 1.15905415419955e-09 1.16013788405618e-09 1.11776097817597e-09 1.17904608279599e-09 1.75044671230019e-09 1.8116006096548e-09 1.81406578750454e-09 1.74617537480349e-09 2.02313843734794e-09 1.8616076654953e-09 1.94617506549702e-09 1.77378957516779e-09 1.79468455267455e-09 2.03637855681726e-09 2.07135322725253e-09 2.12649065205854e-09 2.13291752864095e-09 1.98024592225938e-09 2.05852284357227e-09 2.01915125152574e-09 2.02417815273724e-09 2.04559240411502e-09 2.07674536926564e-09 2.22991959454588e-09 2.07725769193673e-09 2.096344562326e-09 2.22800950219091e-09 2.03918497808641e-09 2.19124203170643e-09 2.18259051408644e-09 2.16470382588108e-09 2.36515146370499e-09 2.14187486580554e-09 2.16222602941864e-09 2.17398316726113e-09 2.17552406146994e-09 2.23304526663369e-09 2.07257670370598e-09
1.12276458534643e-09 1.08176798015775e-09 1.35559747974821e-09 1.19576483784131e-09 1.20686438235799e-09 1.40020376916757e-09 1.25519056066046e-09 1.21113090825422e-09 1.12279776768712e-09 1.14845869226024e-09 1.73616328845176e-09 1.64951004260866e-09 1.9664564929571e-09 2.16923848944722e-09 1.84386594291455e-09 1.88349307675337e-09 2.1070749568134e-09 1.89843458569091e-09 1.91636506214704e-09 2.06976275066475e-09 2.00894801562478e-09 2.09224624314358e-09 2.09898551887433e-09 2.05178097243401e-09 1.98999204076381e-09 1.98029063159211e-09 1.98340343997299e-09 2.04887716753091e-09 2.09084268615569e-09 2.13153749943705e-09 2.06116861310306e-09 2.07268953898663e-09 2.04212292118453e-09 2.17808948591335e-09 2.25005343982692e-09 2.05519416227981e-09 2.15849933801076e-09 2.20251337146147e-09 2.3255345587225e-09 2.12897927401286e-09 2.1850463960929e-09 2.1250509156202e-09 2.15880617081915e-09 2.1138905287889e-09
1.29735557905418e-09 1.12029968611054e-09 1.1229485878866e-09 1.12602117563838e-09 1.0260421335078e-09 1.04806340114573e-09 1.15556817929285e-09 1.3162036455932e-09 1.37509052440309e-09 1.88219891183325e-09 1.67922258401334e-09 2.0223664745739e-09 2.04175244418468e-09 2.09742368651788e-09 2.06114570582341e-09 2.05085577328079e-09 2.09910882892297e-09 2.06814593303985e-09 2.16285815320095e-09 2.03737745103865e-09 2.05735037668026e-09 2.12003728604414e-09 2.11590591670108e-09 2.05872900075941e-09 1.95614269003842e-09 2.08424310861435e-09 2.02651398805364e-09 2.09914110199098e-09 2.11602772257272e-09 2.06895733067223e-09 2.07333880022986e-09 2.05353460214375e-09 2.16095449788691e-09 2.24777046346507e-09 2.27364411205699e-09 2.06701543644433e-09 2.15778190239635e-09 2.25395646766143e-09 2.20882520128233e-09 2.26198927203699e-09 2.1038794140149e-09 1.9885453012011e-09 1.91630410727894e-09 2.08124071781326e-09
1.41990807003735e-09 1.11198269842279e-09 1.22723118320178e-09 1.10569298042866e-09 1.15060603489119e-09 1.30875916511883e-09 1.13570444603273e-09 1.17381790662345e-09 1.20001974523397e-09 1.90801210303828e-09 1.78038163993473e-09 2.07578008340564e-09 1.78073253855378e-09 1.9821559306528e-09 2.14758123212474e-09 2.03501993310179e-09 2.06083995163786e-09 2.12002974454643e-09 2.11917627732062e-09 2.15970874911987e-09 2.05846355443007e-09 2.03419899701941e-09 2.12779465782e-09 2.11301700111048e-09 2.08541834542892e-09 1.97138425120198e-09 2.06312628576963e-09 2.08924162367712e-09 2.08450978392386e-09 2.06153798296859e-09 2.11985244970394e-09 2.06710380363501e-09 2.08894198458421e-09 2.07527722434659e-09 2.25617806419686e-09 2.11023278987269e-09 2.12590754480487e-09 2.24193209353556e-09 2.23156258358577e-09 2.13339480939528e-09 2.07779007861451e-09 2.00985056369773e-09 1.85515868869475e-09 1.54165438731247e-09
1.14358940940696e-09 9.75209895434814e-10 1.03464079743009e-09 1.06950890855927e-09 1.16429140350318e-09 1.32960983657582e-09 1.21246440215964e-09 1.2122384141907e-09 1.16691587618837e-09 1.42076957633195e-09 1.87028218041457e-09 2.15212593866561e-09 2.04759441395556e-09 1.90057533520139e-09 2.11372879172503e-09 1.97498739792242e-09 2.05686850701259e-09 2.04610132825365e-09 2.09425790708395e-09 2.12357027678539e-09 2.08910379037972e-09 2.05100928085807e-09 2.09593310865856e-09 1.89833694778158e-09 1.97960948064212e-09 2.00650692795691e-09 2.06310579246876e-09 2.02596789829635e-09 1.95224080416982e-09 1.93038558569446e-09 1.99205337909329e-09 2.04124885871343e-09 2.1087799813624e-09 2.03822845985069e-09 2.16415836327107e-09 2.16628103160775e-09 2.1154263148682e-09 2.14664452629159e-09 2.24847833359183e-09 2.12779446709523e-09 2.06002656737549e-09 2.02351916416801e-09 1.79776639946061e-09 1.49594087380829e-09
1.23021601175215e-09 1.11168795036764e-09 1.11673323274327e-09 1.07919669847784e-09 1.07477745271823e-09 1.27066971599582e-09 1.38901055905589e-09 1.41346065234922e-09 1.48026360124221e-09 1.77346923976714e-09 1.79241085194081e-09 1.93793408850158e-09 2.21783424169297e-09 2.09399491794438e-09 1.96734478470772e-09 1.93559008388539e-09 2.11994161359662e-09 2.0217376642281e-09 2.11497331323443e-09 1.98512661353624e-09 1.98683251115136e-09 2.08178428766371e-09 2.00478124871435e-09 2.08801511743338e-09 2.00053758553579e-09 1.9623496845066e-09 2.05796264042824e-09 1.93730461545137e-09 1.9671298246631e-09 1.98373266133826e-09 2.05949334160502e-09 2.01292079041849e-09 2.03142305264755e-09 2.04655903629784e-09 2.17455842313328e-09 2.11047015326586e-09 2.114988281289e-09 2.04318231738664e-09 2.09903897056998e-09 2.19361218334839e-09 2.1382378661876e-09 1.96147021992975e-09 1.92025825750252e-09 1.51323687621078e-09
1.27559106699645e-09 1.18871454175095e-09 1.07241570203317e-09 9.8829421624683e-10 1.00704556911774e-09 1.21648689110609e-09 1.15981652598358e-09 1.09878466160177e-09 1.3986791111784e-09 1.79065331274403e-09 1.89703044223478e-09 1.8477144900287e-09 1.94291049487186e-09 1.97596628021117e-09 1.96356656808692e-09 2.07413023305688e-09 2.06631648811781e-09 2.01939359125464e-09 1.98001812983541e-09 1.99756876208573e-09 1.97780751548362e-09 2.16467147588112e-09 2.10013147718118e-09 1.97814392760443e-09 2.04374175252141e-09 1.92565428710055e-09 2.04089433336654e-09 1.92077900820727e-09 1.86583011206698e-09 1.97172705714695e-09 2.03723264080708e-09 1.95602204200175e-09 1.94692233199586e-09 1.96263885152765e-09 1.97981850719024e-09 2.07872131945733e-09 2.17792321210982e-09 2.13070458186357e-09 2.08490962614212e-09 2.07280877881015e-09 1.96215454520879e-09 1.98964083011329e-09 1.97895777508593e-09 1.79373490423091e-09
1.53866907972852e-09 1.11689739330739e-09 9.98956212441161e-10 1.04597564756608e-09 1.13517307186243e-09 1.20818313660511e-09 1.2297764859125e-09 1.0060063768627e-09 1.14661679967352e-09 1.60936054688161e-09 1.85161772119688e-09 1.97607368245344e-09 1.92430234417933e-09 2.01345913849976e-09 1.95877035933792e-09 2.07777562718184e-09 2.05080529382777e-09 2.14682913887489e-09 2.09795300224361e-09 1.96614417812446e-09 2.06370471475018e-09 2.09815001653767e-09 2.04404081848007e-09 1.98214536828256e-09 2.02935250528512e-09 2.0558835124123e-09 2.1076133424615e-09 2.08436441094467e-09 1.96172768633389e-09 1.96695847939278e-09 2.03824891839649e-09 2.03818202234437e-09 1.81318436699315e-09 1.9364284169244e-09 2.00722200918958e-09 2.14597386382216e-09 2.03009965987993e-09 2.09725348431729e-09 2.0585820515256e-09 2.12170377947871e-09 1.9039201907996e-09 1.85283623136039e-09 1.8492122633055e-09 1.6466371274617e-09
1.61794198936314e-09 1.59025117158711e-09 1.30982846395076e-09 1.28351346419174e-09 1.14554076890242e-09 1.17932755336414e-09 1.1620352706134e-09 1.22652657105848e-09 1.50684023782166e-09 1.74273647147605e-09 1.88651314292852e-09 1.90486484289318e-09 1.84816062901661e-09 1.94395105704793e-09 2.01184979661198e-09 2.06357645260981e-09 2.07321804200641e-09 1.94176258420456e-09 2.12975924467808e-09 2.12320212801583e-09 2.10369558599313e-09 2.07364247310215e-09 2.13949060072084e-09 1.92150387361125e-09 2.09567049118042e-09 2.09092405798485e-09 1.92379476301168e-09 1.81511456903035e-09 1.94514788663592e-09 1.96049614310968e-09 1.99053812058579e-09 2.01749174607764e-09 1.86893434957205e-09 1.80939849207145e-09 1.83905468156327e-09 1.99833162898872e-09 2.14454385210203e-09 2.18112748274616e-09 2.1610675365515e-09 2.07702137352966e-09 1.93014266958654e-09 1.93517785827793e-09 1.8445014788034e-09 2.0416365420704e-09
1.6179976412313e-09 1.31542832113618e-09 1.26520197904306e-09 1.18569551161068e-09 1.09620593911486e-09 1.13211561077785e-09 1.24691329556039e-09 1.18344581825098e-09 1.49829611367061e-09 1.81393805321269e-09 1.64255586986314e-09 1.89718331474838e-09 1.88487613376426e-09 1.93032729714373e-09 1.89070100729982e-09 2.0539918074601e-09 1.96357298471017e-09 2.03002268817091e-09 2.08594439361539e-09 2.01603746493619e-09 2.01351608429202e-09 1.91072097752483e-09 1.99537293646614e-09 1.98566756604622e-09 2.0978384612537e-09 2.07110747929909e-09 2.03936538746848e-09 1.83363522835469e-09 1.97245626537835e-09 1.99584505049711e-09 1.96654700168085e-09 2.08051380337551e-09 2.07152973516553e-09 1.97815146901699e-09 2.0335525009785e-09 2.08065152075566e-09 2.16466109619715e-09 2.11003013097046e-09 2.16171117038952e-09 2.05441845929021e-09 2.12163557225367e-09 1.96472630930981e-09 1.94874784906793e-09 1.83664756511407e-09
1.69113955187439e-09 1.62029262674308e-09 1.55368456046621e-09 1.35982463607961e-09 1.31815282392847e-09 1.39497798669099e-09 1.152405824266e-09 1.31339806617589e-09 1.33880817364377e-09 1.65313487405445e-09 1.75206108416698e-09 1.81698289270296e-09 1.8103773365611e-09 1.95744271320031e-09 1.99169227176905e-09 1.94977042475992e-09 1.98635685320426e-09 2.01949582685622e-09 2.04332308807803e-09 1.85673572397442e-09 2.05107696996405e-09 2.02992559851469e-09 2.01122717639624e-09 1.98151832694405e-09 2.0219404717621e-09 2.08993194840054e-09 2.0219821145197e-09 1.97031021653452e-09 1.82159844985332e-09 1.90823547841971e-09 1.94318839991777e-09 1.89671405748937e-09 2.00107455313379e-09 1.98439404667454e-09 2.02152558281138e-09 1.97659753784271e-09 2.10597644911331e-09 2.16241667683139e-09 2.08008775331996e-09 2.06498681246131e-09 2.06210862043414e-09 1.94125072815167e-09 1.84169721543074e-09 1.83363938653127e-09
1.29769501445711e-09 1.22940777116613e-09 1.16057575924393e-09 1.08886954067258e-09 1.2464634386668e-09 1.37223160519723e-09 1.38074104895007e-09 1.30369204892839e-09 1.21276321283705e-09 1.63055415885195e-09 1.8234059959355e-09 1.84733602580797e-09 2.01719261754851e-09 2.00347476485935e-09 2.02769391546193e-09 1.95119753089135e-09 1.89148382540621e-09 2.11355894316074e-09 1.9971647747001e-09 1.75017213880727e-09 2.05486824562211e-09 2.02563169033959e-09 1.96746332229716e-09 2.00589272449896e-09 2.04473776209584e-09 1.97952969091684e-09 2.08802781890393e-09 2.0520815211656e-09 1.87254065544698e-09 1.79816041931038e-09 1.84853502810709e-09 1.9044419129448e-09 1.8403582876572e-09 2.03048863849054e-09 2.0332781988522e-09 2.01023278671285e-09 2.1088545351365e-09 2.03656728300542e-09 2.07951523649359e-09 2.00044780736598e-09 2.04444860266416e-09 1.99930308793302e-09 1.81942146738045e-09 1.77776998215423e-09
1.31672062472098e-09 1.22398890504316e-09 1.11972841666103e-09 1.26617235619025e-09 1.01039430196589e-09 1.09513423378804e-09 1.1796707587737e-09 1.30215710912331e-09 1.21159163228861e-09 1.37218381237385e-09 1.81803890443739e-09 1.88178906849864e-09 1.74327695042935e-09 1.93420248605198e-09 2.0614488727115e-09 1.90004612297975e-09 1.8881613771071e-09 1.98031574011434e-09 1.87317829246966e-09 1.86808917341391e-09 1.92921491106535e-09 1.87850304573284e-09 1.99033891177722e-09 1.87489802195131e-09 2.00099751121175e-09 2.07801522427971e-09 1.99048949223309e-09 1.99404675391325e-09 1.83223074810292e-09 2.03452118606334e-09 1.88823633979295e-09 1.99574874717261e-09 2.00765313945298e-09 1.97271859288521e-09 1.93401137541868e-09 2.10997540507479e-09 2.07664549707827e-09 2.21569353036826e-09 1.99318864273548e-09 2.00883769328093e-09 1.98351882526688e-09 1.92644385303051e-09 2.0236391386338e-09 1.95198807858092e-09
1.60317344303915e-09 1.67400656376015e-09 1.40755371309319e-09 1.31464653415434e-09 9.66171256078191e-10 1.27203118236918e-09 1.2400014520344e-09 1.26853047049065e-09 1.26825501293999e-09 1.09816003018828e-09 1.6253630903257e-09 1.80939180590554e-09 1.89034958862432e-09 1.85538945144595e-09 1.77018928593231e-09 1.69086132914448e-09 1.73241551614284e-09 1.97781847724172e-09 1.85654612984224e-09 1.87793798472566e-09 1.86845251289234e-09 1.85387630030669e-09 2.04674293873088e-09 2.06849337570938e-09 1.92173264614204e-09 2.04659200355754e-09 1.92864329692649e-09 1.92986913736273e-09 1.8150636183756e-09 1.79972727908031e-09 1.94048984723169e-09 1.73415550659913e-09 2.0861493963493e-09 2.05814203565574e-09 1.92421108019864e-09 2.03648135126368e-09 2.10523523535209e-09 2.06030859477053e-09 2.10265068569676e-09 2.01896113004693e-09 2.01880772160988e-09 2.05566977151827e-09 1.86504077577184e-09 1.81106276830079e-09
1.82668827749256e-09 1.75328475222568e-09 1.63645063521891e-09 1.42092109286218e-09 9.99575389163631e-10 1.11127840346691e-09 1.1610823324973e-09 1.24242773772645e-09 1.30498087582626e-09 1.27312706722504e-09 1.13854647581451e-09 1.70518836078926e-09 1.74471671840784e-09 1.78967791386059e-09 1.87261331927808e-09 1.90491464963254e-09 1.84570407384252e-09 2.00912696635537e-09 1.88914826331213e-09 1.87977062138796e-09 1.82553316147506e-09 1.88455436935415e-09 1.83816641342185e-09 1.82219584322579e-09 2.05235219766395e-09 1.9713847562963e-09 2.04140423438732e-09 1.90073006122354e-09 1.97230421583057e-09 1.82633069828958e-09 1.96899000502521e-09 2.01985317047201e-09 2.04607508324167e-09 2.05182702525287e-09 2.03247292025554e-09 2.03890563293969e-09 2.01285211945599e-09 2.11588966758698e-09 2.30276903271999e-09 2.2013323194615e-09 1.98271245775062e-09 1.94649650491779e-09 1.88172679860182e-09 1.74912660786417e-09
1.73841792413569e-09 1.76450642783931e-09 1.73292275399166e-09 1.66902022905119e-09 1.39466076201042e-09 1.28972025136804e-09 1.07434358901944e-09 1.13788083153146e-09 1.32127470129562e-09 1.21208097598679e-09 1.23696376697399e-09 1.48551804051531e-09 1.80162518167434e-09 1.73697080245695e-09 1.74167862752091e-09 1.92552801304638e-09 1.92611760594016e-09 1.88083626857619e-09 1.84326044154381e-09 1.8419557052121e-09 1.75593189004422e-09 1.87369728991127e-09 1.81093595048296e-09 1.96181885868747e-09 1.98085099907038e-09 1.88174750996491e-09 1.85270975546023e-09 1.78335597131079e-09 2.03500013774893e-09 1.87374372834984e-09 1.96186330568668e-09 2.043687645497e-09 1.87026004683164e-09 1.87848316196375e-09 2.03487566088011e-09 1.81255039558635e-09 2.08991194812214e-09 1.99707724139084e-09 1.93389368131789e-09 1.93513230141181e-09 2.27541742099695e-09 2.24323414738473e-09 2.06285423555826e-09 2.08975794559447e-09
1.52376639799187e-09 1.37262720991762e-09 1.78270734198663e-09 1.54396067252642e-09 1.44771941500771e-09 1.2742486508887e-09 9.27162421820527e-10 1.04753805259245e-09 1.01717737794156e-09 9.3580605859381e-10 1.24903895770749e-09 1.71921923588057e-09 1.57837411231638e-09 1.81213083497679e-09 1.87931987721966e-09 1.86486184604101e-09 1.77073997621013e-09 1.93996261629858e-09 1.85641621603221e-09 1.80350056256203e-09 1.82990958377842e-09 1.78316518604426e-09 1.75418238298176e-09 1.9823072666095e-09 1.86352264922021e-09 1.80599430094419e-09 1.75634874473077e-09 1.94598283438167e-09 1.85565083850652e-09 1.93491599462062e-09 1.8735862540114e-09 1.90110236864158e-09 1.89354464967528e-09 1.86449425316547e-09 1.74925882642586e-09 1.88291887040445e-09 2.00790943467437e-09 2.03705791634972e-09 2.17743826357554e-09 1.73769535353798e-09 2.08339707417364e-09 2.09006423966071e-09 2.17593473145953e-09 2.09066490589655e-09
1.68704580629513e-09 1.40577809142503e-09 1.13423321835422e-09 1.11213756215857e-09 1.27046603486558e-09 1.14854037133411e-09 1.03856176759921e-09 9.37661250017983e-10 9.53726632719476e-10 1.0054350809319e-09 1.30185018830322e-09 1.14977879073283e-09 1.63564301364085e-09 1.84807881377255e-09 1.72081174875708e-09 1.8476227919418e-09 1.74762839966759e-09 1.76255334413814e-09 1.9228542883581e-09 1.84102124947811e-09 1.85634973657732e-09 1.85314578003281e-09 1.8206863984007e-09 1.93869186636273e-09 1.9106358541659e-09 1.74051179503017e-09 1.90444653803841e-09 1.90510365778947e-09 1.74587564020425e-09 1.96917786764486e-09 1.94275652683939e-09 1.76319022440161e-09 1.83151019676905e-09 1.76997605922929e-09 1.97548690353859e-09 1.94193305741489e-09 1.9915121256849e-09 2.09824392491799e-09 2.19335175190998e-09 1.97392018999257e-09 1.82738214290573e-09 1.89138408495685e-09 2.16068728120708e-09 2.21179566060646e-09
