wc0.5/PCA/Component-2.asc
NCOLS 267 
NROWS 470 
XLLCORNER 79.65 
YLLCORNER 5.91666666666689 
CELLSIZE 0.00833333333332575 
NODATA_value -9999 
[rows 42 to 62 of 470, columns 96 to 143 of 267]
-200.069002675547 -200.929944730063 -203.124418327231 -202.600650342519 -208.193556948061 -203.612330113291 -203.593308325238 -202.838877712928 -203.926162059483 -208.259962162317 -197.440206857106 -211.788818933999 -198.920639747167 -194.740743548283 -197.943010289775 -200.443520988939 -190.513396534488 -9999 -9999 -9999 -9999 -9999 -9999 -9999 -9999 -9999 -9999 -9999 -9999 -9999 -9999 -9999 -9999 -9999 -9999 -9999 -9999 -9999 -9999 -9999 -9999 -9999 -9999 -9999 -9999 -9999 -9999 -9999
-198.316761002669 -202.71613994219 -200.333808247417 -205.255407437377 -205.690253108938 -204.678373570017 -201.935091953242 -199.123815679902 -199.831077698391 -201.041042938274 -206.017479803127 -198.564019844751 -194.949108310148 -195.159478738663 -197.237490405869 -198.3819185979 -195.759251817862 -206.890403639866 -194.914203998736 -9999 -9999 -9999 -9999 -9999 -9999 -9999 -9999 -9999 -9999 -9999 -9999 -9999 -9999 -9999 -9999 -9999 -9999 -9999 -9999 -9999 -9999 -9999 -9999 -9999 -9999 -9999 -9999 -9999
21.2690255225844 -199.612404762502 -200.785299085817 -204.751319342559 -203.072400789719 -201.283825458233 -199.764557176625 -200.896816078219 -197.391545102145 -205.621237108244 -196.357110229405 -195.836446017537 -194.156118637885 -198.580044034147 -194.936445088288 -207.85266440714 -206.783839185301 -195.404668725471 -195.067298777373 -190.528738167183 -9999 -9999 -9999 -9999 -9999 -9999 -9999 -9999 -9999 -9999 -9999 -9999 -9999 -9999 -9999 -9999 -9999 -9999 -9999 -9999 -9999 -9999 -9999 -9999 -9999 -9999 -9999 -9999
-200.941009508368 11.1501503252252 8.52004516650089 -200.508062697034 -208.315264096779 -200.725483974518 -200.386608671689 -200.62737617195 -196.940642741578 -206.302850806539 -193.207419694357 -196.397982430977 -196.294713966527 -201.22201871733 -208.142582578917 -205.412689724254 -197.174145285673 -199.199580746435 -198.193417703042 -197.472918733087 -197.682157302046 -9999 -9999 -9999 -9999 -9999 -9999 -9999 -9999 -9999 -9999 -9999 -9999 -9999 -9999 -9999 -9999 -9999 -9999 -9999 -9999 -9999 -9999 -9999 -9999 -9999 -9999 -9999
-199.552233042642 -198.254307882726 13.0234780628428 -199.020152623743 -188.044756624557 -204.808750757061 -197.364363652707 -200.90523942603 -194.990202530225 -206.470793311024 -199.081981263262 -195.45989344286 -203.378709364833 -209.52739713367 -207.47373135354 -197.386722868831 -196.103405998626 -192.437104838953 -197.524566477665 -196.083694538764 -196.458143966879 -202.857124798672 -9999 -9999 -9999 -9999 -9999 -9999 -9999 -9999 -9999 -9999 -9999 -9999 -9999 -9999 -9999 -9999 -9999 -9999 -9999 -9999 -9999 -9999 -9999 -9999 -9999 -9999
-196.62402406259 -194.951432587107 -195.180647577467 -198.793022665363 -199.238316371511 -202.693105328508 -196.911130564406 -204.653816960489 -201.497654546683 -198.115895380076 -198.544713482101 -196.489828174372 -204.182008431237 -203.539194302972 -206.801940190375 -197.942396417204 -181.59680386213 -188.488254681093 -188.995522149835 -195.2907048665 -203.956954373458 -202.137199558323 -198.420104903091 -196.46556254275 -9999 -9999 -9999 -9999 -9999 -9999 -9999 -9999 -9999 -9999 -9999 -9999 -9999 -9999 -9999 -9999 -9999 -9999 -9999 -9999 -9999 -9999 -9999 -9999
-199.817395144751 -199.451348892454 -194.272132030431 -199.335656359517 -198.394492627387 -200.796206426416 -195.479602575317 -198.92636131555 -199.928565391812 -202.272309212937 -195.598773763589 -194.289180251751 -193.699512770001 -195.919026402064 -202.409408412216 -193.835311186154 -186.719431084843 -181.773820664942 -192.663701040054 -189.330414202036 -188.621391187751 -204.973071080686 -200.531977440978 -192.166063393858 -180.803370586633 -9999 -9999 -9999 -9999 -9999 -9999 -9999 -9999 -9999 -9999 -9999 -9999 -9999 -9999 -9999 -9999 -9999 -9999 -9999 -9999 -9999 -9999 -9999
-202.347208893052 -201.027678003921 -201.219466648735 -198.399959344405 -202.251137900508 -198.59988044162 -198.516298521614 -196.998130529594 -199.285294359586 -191.848460453909 -191.33479734186 -190.800606839086 -192.652790981029 -190.914161148448 -191.663493171714 -196.115579053213 -191.71528376771 -205.763129940298 -183.303102688426 -200.75794901199 -185.815999556669 -189.087117891416 -179.856112658573 -183.688753149734 -183.27228253923 -181.839285159897 -9999 -9999 -9999 -9999 -9999 -9999 -9999 -9999 -9999 -9999 -9999 -9999 -9999 -9999 -9999 -9999 -9999 -9999 -9999 -9999 -9999 -9999
-199.515616210312 -201.186321822768 -198.055960389538 -197.517147914303 -200.428158397953 -202.872089105983 -195.136155766274 -196.598635797993 -176.522429367485 -179.427219875377 -191.994294146672 -178.250111541866 -191.144977380029 -189.975870016801 -186.781666865134 -189.644314856361 -197.836851143854 -183.725784918986 -189.93007470497 -196.166523480648 -183.739490080934 -178.970336802584 -184.625144502531 -182.098816659053 -188.674676285317 -186.077360216701 -189.521728582913 -9999 -9999 -9999 -9999 -9999 -9999 -9999 -9999 -9999 -9999 -9999 -9999 -9999 -9999 -9999 -9999 -9999 -9999 -9999 -9999 -9999
-203.673128149721 -200.252070128759 -197.441143544602 -195.09331722179 -198.032847836378 -200.236461495314 -197.578007389968 -197.109077261806 -176.52852882742 -179.101805025898 -181.119101987584 -193.282073628625 -192.671881478718 -192.386801120192 -189.729894243294 -186.427058290772 -181.649729386587 -188.715842031218 -187.874203560967 -180.229949630708 -175.868680566714 -186.544020867923 -178.344436863116 -179.035991092045 -183.525561831251 -184.036774568484 -189.506020793353 -185.255452930852 -9999 -9999 -9999 -9999 -9999 -9999 -9999 -9999 -9999 -9999 -9999 -9999 -9999 -9999 -9999 -9999 -9999 -9999 -9999 -9999
-199.576239527956 -197.363487052601 -195.782927172606 -195.035539427451 -193.632176736815 -196.575379450805 -198.703697318421 -182.068108255994 -177.553733559617 -185.318958142675 -187.657645649067 -175.525776863283 -178.154803186463 -175.753441440218 -178.144219838677 -181.252195008287 -181.909403203267 -187.775673958764 -201.012788892326 -201.976719338233 -181.816419842472 -186.544020867923 -184.818448183703 -181.118572900047 -183.625000767394 -188.392755639953 -185.480214465456 -183.866676465125 -186.112257296465 -9999 -9999 -9999 -9999 -9999 -9999 -9999 -9999 -9999 -9999 -9999 -9999 -9999 -9999 -9999 -9999 -9999 -9999 -9999
-181.806980048196 -188.350455047868 -190.726281353262 -191.994208735133 -190.205703480522 -190.758878248151 -192.201252378525 -185.494192535004 29.8792820346882 24.7466598704352 19.3825264486658 -175.404817790322 -177.411941977156 -177.636810294027 -179.794380454197 -173.224073984827 -179.163692812972 -177.035438342982 -184.018110301257 -199.195928701483 -176.592538859137 -181.27483398122 -183.094548720488 -191.646280304005 -188.090061923957 -185.48534396229 -178.093181107236 -184.031439595685 -186.965530088253 -186.679673078507 -9999 -9999 -9999 -9999 -9999 -9999 -9999 -9999 -9999 -9999 -9999 -9999 -9999 -9999 -9999 -9999 -9999 -9999
-187.674506316694 -183.066277484392 24.6737296951655 24.1613439532406 22.9665718898157 -185.234685565219 -185.995769318058 -185.135102466567 -186.698351066821 27.4617739344685 -192.115825638092 -187.179116987352 -188.846424471986 32.0277304985456 32.871645696528 -177.281298275348 -170.583155103423 -186.809913568823 -189.074212496286 -189.188762465324 -188.820600905697 -179.162493437134 -198.770255842703 -190.546755104907 -180.721590667571 -182.152100188321 -181.99909715186 -183.363689167551 -184.27332248645 -185.741381946861 -187.583609482982 -9999 -9999 -9999 -9999 -9999 -9999 -9999 -9999 -9999 -9999 -9999 -9999 -9999 -9999 -9999 -9999 -9999
-177.86258843703 -183.521798654908 -188.920483117819 -187.698777619397 -185.660082851683 -182.115246959373 -188.392800071758 -187.331821193183 -197.998107777701 28.6612974625108 -194.597164022611 -193.422331686419 -191.600217626431 22.463456833211 -185.484391826044 -185.451150695874 -180.873134861299 -186.455683852815 -189.112758095622 -189.714214455416 -189.091917752774 -198.266167747886 -188.112727803109 -187.647198768244 -188.052729399064 -180.930165937491 -193.95944690518 -192.589960011797 -174.529624503104 -180.556248706391 -184.33372448624 -182.943658658785 -9999 -9999 -9999 -9999 -9999 -9999 -9999 -9999 -9999 -9999 -9999 -9999 -9999 -9999 -9999 -9999
-180.284240549964 -181.035226385238 -182.552601650849 -185.866959449661 -190.281296368075 -186.98086119054 -187.531152447451 31.4408246654774 -187.613513064588 -195.225377103698 -177.565385930742 -179.733825547833 -190.113376422184 -179.249850929149 -188.749037585709 -189.227545487376 -180.409645567674 -186.201527590442 -175.724997616131 -184.432551089585 -183.53376256036 -182.026495938447 -178.924239003324 -180.066480709861 -185.189146629512 -178.199210592822 -185.230737363874 -182.822912637018 -180.413700972263 -182.372454084027 -180.708828675243 -179.980134209905 -181.158990698284 -9999 -9999 -9999 -9999 -9999 -9999 -9999 -9999 -9999 -9999 -9999 -9999 -9999 -9999 -9999
21.3183385716034 20.024516898646 -185.303966031774 -187.112434931368 -183.973082515659 22.4339880737849 22.7900876715441 -192.039218555126 -186.468524067648 -193.054842327081 -181.936846897637 -177.02700965632 -177.106193399946 -171.0403780517 -183.747579513388 -182.954888773724 -181.510724182024 -172.201097993615 -175.663234966976 -174.053163560515 -176.066931459093 -185.02288596291 -178.545852840206 -175.748832866731 -184.881248425273 -173.12025198269 -186.789427868284 -186.060578238863 -176.803040891282 -180.398670266032 -183.065885253763 -177.918030090614 -181.831015918731 -185.884927000498 -182.216748900017 -9999 -9999 -9999 -9999 -9999 -9999 -9999 -9999 -9999 -9999 -9999 -9999 -9999
21.8910854117618 27.3398499718568 -180.190531073291 -184.901696146437 -184.967750963733 -178.55978026439 -180.206964200621 -179.085761939877 -192.850311595316 -189.042277800903 -188.345196256158 -179.984085658179 -183.308445420836 -169.748475264125 -183.912342643947 -178.74649777147 -169.638064675134 -173.270657592363 -166.825230940865 -174.502118462209 -175.352520149384 -173.183196378559 -175.886776371482 -175.005267374498 -181.501307813462 -180.478436074663 -179.495656693525 -178.308299562139 -184.69232785428 -181.725141355414 -181.424375451108 -177.893082883875 -189.768970240717 -183.72682996895 -182.477442266473 -178.36941736136 -9999 -9999 -9999 -9999 -9999 -9999 -9999 -9999 -9999 -9999 -9999 -9999
-173.565996700143 24.4377834739316 -183.849469120427 21.5243796546597 -175.634083449383 -181.867291570707 -173.272495260818 28.9949922514068 -190.679776818699 -167.517805434021 28.8911981673315 -175.258153380163 -178.358491100166 -167.812869712785 -181.788932721388 -178.421487783816 -181.713436855909 -179.091670002369 -168.564785132645 -169.27835721965 -174.011393048933 -173.242978503276 -171.929178261701 -173.106049444958 -178.22871755442 -173.424005012651 -177.730387530165 -171.365691333522 -175.288988679325 -182.838852881596 -177.126586805599 -176.529197040552 -178.037147481714 -184.949843236983 -181.902616341977 -178.746958789647 -176.437241865359 -9999 -9999 -9999 -9999 -9999 -9999 -9999 -9999 -9999 -9999 -9999
-174.848140050642 -180.287629755568 -189.03611757891 -178.386756684873 26.1429192889789 -173.361254021676 -173.196490891117 -185.760561442632 -175.272506797759 -171.601672119381 -167.270767972906 -180.145427363982 -186.872691072598 -180.991995967031 -175.14997782933 -191.066960076951 -174.262917396387 -176.428509851278 -171.674075371131 -170.015394668912 -173.068905949031 -166.61909629938 -168.699792981977 -172.043619866426 -175.027361177408 -181.055264656211 -176.092695036587 -173.707686952578 -175.666333250521 -176.830729934882 -181.023194764729 -171.916810640242 -179.413905752473 -181.592740434948 -182.276501344622 -179.925667011184 -175.58459745795 -176.739742645927 -9999 -9999 -9999 -9999 -9999 -9999 -9999 -9999 -9999 -9999
-180.171355473958 -174.720248035252 -177.325919331669 -177.950503529309 22.5742050348178 -177.999574126932 -165.251423712376 -176.116870894774 -164.979205814629 -162.776040529767 -173.730514257313 -174.772919467002 -189.754869355612 -189.905237867776 -177.05711261268 -187.962173606326 -177.356348971084 -170.283907292752 -175.493987698702 -166.44979404501 -169.227556778097 -181.026657656232 -169.838153592552 -173.634462698649 -168.452351974922 -169.315741733811 -171.906576825608 -176.934378427154 -176.267606286114 -175.480280748668 -179.819042802239 -177.749605725906 -176.861911547096 -176.997420906732 -172.222811612149 -177.320929197738 -172.260284093338 -175.32681519926 -172.048906311573 -9999 -9999 -9999 -9999 -9999 -9999 -9999 -9999 -9999
-176.667074271732 -184.013614912304 -186.195688775469 -184.09324559479 -172.702766502083 -179.388899669224 -165.226784680712 -173.815585634081 -178.143403811529 -165.406994318065 30.0144929058968 33.8221675536412 -165.123186179751 -166.631604950587 -166.147481312118 -167.756237014196 -178.704607818641 -189.139553346608 -173.622860812208 -181.125249954209 -170.457125558654 -185.027387418826 -171.339767990842 -179.57519039659 -170.160241621859 -175.116054800484 -167.631235200215 -175.616052818826 -177.183888024736 -173.183528440828 -173.446367837693 -175.456382481174 -174.07958637496 -175.09280219827 -173.850712694612 -176.693052345217 -173.241858304206 -170.682586257791 -167.844079609653 -167.498702670986 -167.904233301806 -9999 -9999 -9999 -9999 -9999 -9999 -9999
