wc0.5/PCA/Component-12.asc
NCOLS 267 
NROWS 470 
XLLCORNER 79.65 
YLLCORNER 5.91666666666689 
CELLSIZE 0.00833333333332575 
NODATA_value -9999 
[rows 231 to 251 of 470, columns 188 to 234 of 267]
-33.8743114147662 -33.8985999058051 -33.7262103726618 -34.3456280453611 -33.8564836330343 -33.875397441606 -33.6445101387972 -33.72256971598 -33.8625726919158 -33.73130180739 -33.6437875144883 -33.7694169133416 -33.5210323355512 -33.4314988448038 -33.5153668366913 -34.3956756000836 -34.140648674341 -34.4817026817093 -33.8787935226274 -33.2757584213553 -34.5047836239598 -33.5926712419828 -34.226331593169 -34.6133889861016 -34.1728065223527 -34.0599115339719 -34.0730158019518 -33.6048507736449 -34.0605187337478 -34.1322692431539 -34.5099496530324 -34.35978012039 -33.994826874237 -33.9918180480527 -33.8187590646977 -33.010098981578 -33.8298450715126 -33.7472408603646 -33.6977769565705 -34.2297685810499 -34.2356046702156 -34.7989628902866 -9999 -9999 -9999 -9999 -9999
-34.3718521069196 -33.8333180036073 -32.8016548872168 -33.272230623958 -34.4171040153881 -34.104934020951 -34.263642286376 -33.8049161600574 -33.7748988438496 -33.640271845404 -33.959870727673 -34.5916495089728 -33.6288947138432 -33.0460564316085 -33.9705413444007 -34.4287904690651 -34.2714794483194 -34.2534691045467 -33.8621523651007 -33.9694257329964 -33.7789776945244 -34.3956224169345 -33.6380622275771 -34.6746783110555 -34.6424697565115 -34.1437747999069 -34.02696613134 -33.6489378772576 -34.1362142818483 -34.1426259800299 -34.5134287710249 -33.9889662837739 -33.9577791387534 -33.8941227714927 -33.9878444531883 -34.1079399801545 -33.9219604913686 -33.9463878212083 -33.7050206340873 -33.6473916873338 -33.66121928824 -33.0763484432237 -9999 -9999 -9999 -9999 -9999
-33.7832987722802 -33.9605938099497 -32.9318498212673 -33.0041904419072 -32.8186630305003 -33.2195672581228 -34.2152402145062 -33.7291017315824 -33.5850276638373 -33.7861612843808 -34.2514764684118 -34.1684756373024 -33.6321371220345 -33.5476707328188 -34.019279556627 -33.5822582527907 -33.6755345827945 -34.145102531476 -34.3632708507676 -33.6270283363439 -33.7768465023828 -33.2533896164262 -34.3484260982061 -33.7595329265949 -34.2521643395994 -33.7790752212542 -34.1703305630299 -34.2538176067393 -34.3070219274714 -34.1075603160261 -34.4735006311106 -34.0768842767173 -33.945305984749 -33.9843408338984 -34.5914352249383 -34.4482971613089 -33.9260430488755 -33.9177014549725 -33.7341369086185 -33.787278279155 -33.709583724729 -33.6537713013356 -9999 -9999 -9999 -9999 -9999
-33.7001189125416 -33.3129193206584 -34.0143350199353 -33.944098839781 -32.9980168956477 -34.2616946027781 -33.9348845292147 -34.826225859496 -33.7796818215581 -33.8066306422082 -33.6990137211922 -34.0510635292213 -33.6806495552291 -33.4207891151864 -34.531798662794 -34.06161999255 -33.1721965154157 -34.3287980764196 -34.2556513291225 -33.9640647889945 -34.562317223968 -33.3605898786973 -34.444271830151 -33.8111468172993 -33.4019685938751 -34.6757504898463 -34.7018790195491 -34.506288966977 -34.1479039173839 -34.1276438772603 -34.2092782354146 -34.6078350243788 -33.9827528503592 -33.8923304785657 -34.467643819089 -34.5547529372433 -34.4587914169973 -33.8989981238619 -34.4586141804898 -33.7919364456777 -33.7020788361137 -33.7053246883329 -34.6552195653597 -9999 -9999 -9999 -9999
-33.8233540172107 -33.7629692853911 -33.4109014808709 -33.4464396781565 -33.4459041798324 -34.4047038695117 -34.3576843459063 -34.7632638741596 -34.2460161257793 -34.1574238478736 -34.1635501045236 -34.2098556061481 -34.0776192923443 -33.4166931293135 -34.4995711258705 -33.3685763097691 -33.9966884887484 -33.8874694410061 -34.3404944851842 -34.2540881631142 -33.8667958643335 -33.9050741309148 -33.6122820687843 -33.3465352496374 -34.1098892148467 -34.7575469520923 -34.7039747796238 -34.7258454828008 -34.1741844359986 -33.6444267501662 -34.2107705559749 -34.1526147132254 -34.0741499612951 -33.9831519804858 -34.4876351613723 -34.6043106822331 -33.9892495969838 -33.4631282946213 -33.9350616315542 -34.3573202087588 -33.7876774092816 -33.6801174400896 -33.5482258760911 -9999 -9999 -9999 -9999
-33.8665732970467 -33.9160312402031 -33.9263321172734 -34.0375357906875 -34.1102075815532 -34.4099607495963 -33.9342906766367 -34.4531865011704 -34.3977857555473 -33.9356523297116 -34.1776248145259 -34.1981288481104 -34.3567052186943 -33.9956719783935 -33.5325457363758 -33.1154505302533 -34.0019453688329 -33.6159462422057 -33.5699534733048 -34.3606954518365 -34.3118071570583 -33.9177837238563 -33.9039809404811 -33.2027415707352 -33.7342814792296 -34.2385991119965 -34.7657642428644 -34.8178233537368 -33.590065072235 -34.726339066036 -33.6731326390625 -34.0633944945081 -34.069520751158 -34.0501740933778 -33.4690046293034 -34.5072188451874 -32.4499117893929 -33.9676705873949 -34.1873240612396 -33.7447401269494 -33.7856906118494 -33.7558623234495 -33.5891518596938 -9999 -9999 -9999 -9999
-33.9884345363105 -33.8290032541928 -33.8440284729046 -34.4700056127288 -34.4757017809594 -33.982851252533 -33.9874007726469 -34.4062610861852 -34.2050093310716 -34.2743379341836 -34.5619075872254 -34.1499215931157 -34.1531721712874 -34.1360710006484 -34.1949107899409 -34.7360774237702 -34.084382821991 -33.1397039733886 -34.1257963847528 -34.0942674471026 -34.3461268539911 -34.3361517504629 -33.9063621420874 -33.7924128206818 -33.316141322684 -33.7935260620864 -34.2757929364886 -34.3310409978694 -33.7237715246916 -34.1778159786585 -34.6864109261218 -33.718198081883 -34.1823816408829 -34.1913788500586 -33.6701491061389 -34.5943861287972 -34.0563006662614 -34.0516749001522 -33.3688591888015 -33.8871259466364 -33.8761988417394 -33.7933091890597 -33.6948386479943 -33.5167789582291 -9999 -9999 -9999
-34.1898996888795 -34.4861691961109 -34.5558919053432 -34.011048498578 -34.0685347636071 -33.4622892550451 -34.0779760911658 -34.2322389180545 -34.046862868783 -34.3472144032798 -34.0851800335968 -33.7443291196167 -34.0329181076736 -34.3284975456304 -33.7992151326144 -34.0418202699069 -34.1255329221039 -33.1932143241636 -33.7341515509782 -34.1972196037472 -33.4798109272548 -34.322105621704 -33.8808321293015 -33.997151046949 -33.4901053217569 -34.0223172130146 -33.4553385080963 -34.3059672226178 -34.0762661267563 -33.6423741925722 -33.7648430220286 -33.528464023846 -34.0568432877658 -34.0879353569053 -33.7042683665444 -34.246940229434 -34.5588622611955 -33.5961885654092 -34.4247893166613 -33.3953009905344 -33.843723414682 -33.7803383850196 -33.7612039357434 -33.5232767111521 -9999 -9999 -9999
-34.1866544256891 -34.2007933474898 -33.907861364424 -34.4108939141714 -34.4762193971155 -34.1253900189454 -33.1789331932985 -34.1812209820537 -33.5803729534525 -34.3527614508486 -34.0907270811656 -33.8954262590025 -33.5195936691818 -34.16155215518 -33.3610993161939 -34.4405260252568 -34.3642760041749 -34.707564821004 -33.7709704757767 -33.2068998497501 -33.2866554504763 -34.0188222524852 -33.9066670474922 -33.9403817539917 -34.0697266470293 -34.0208047419673 -33.4936697609875 -33.7799211169387 -34.2083276144674 -33.4289466425219 -33.6658210114438 -33.5299563444064 -33.3363654516602 -33.7058623660876 -34.5937475300111 -34.6019616476194 -33.6207979538647 -33.6273818772541 -34.6824335882731 -33.5786860648426 -33.9903012981776 -33.8108630170546 -33.7422104371485 -33.5642026947549 -34.6430259643035 -9999 -9999
-33.7029261763926 -34.2536132760157 -33.6151992387097 -34.4077291940962 -33.9747667396919 -33.5682054812437 -33.6578572305011 -33.7384026632231 -33.7435508968989 -33.8130618405498 -34.1259644620445 -34.3861201431636 -33.6213924044806 -33.2645807687743 -33.8847941079464 -33.3684811836029 -34.2787392128378 -33.2025259312566 -33.1382275192508 -33.7123846594594 -33.6483235462837 -33.2827747597326 -34.0671129190881 -34.5871116804505 -34.2804881038717 -33.6413115381207 -34.0805181674717 -34.0844068431405 -34.2098199350277 -34.2211369484029 -33.9134165465869 -34.0489279231098 -34.0658402378343 -34.1174506936294 -33.680512632765 -33.6827569915709 -34.6806036070472 -34.252710805509 -34.5285819507827 -34.037021795848 -33.4837239816814 -33.8114664565689 -33.8038318642754 -33.7335141350722 -33.8873336883828 -9999 -9999
-34.1247478012087 -34.1020598890979 -34.121468029824 -34.4218039040986 -34.1967888730977 -33.6728515139094 -33.7660299870026 -34.2858520646476 -34.2416067149833 -33.5533205436282 -33.5531198343058 -34.4131716612823 -34.4518687371043 -34.3919042167672 -34.3061393683829 -34.36676585219 -34.4852377044181 -34.2523980351625 -33.7802953755796 -32.7739154098271 -33.8651841917197 -33.8656078231436 -34.0433912181761 -33.9607917329806 -34.5820448951524 -34.0055297177866 -34.0630282292552 -34.0807000391012 -32.9897305173116 -33.6467680325121 -34.3344423139136 -34.0532959221483 -34.0713684555172 -33.174217754764 -34.6379159218051 -34.5724430311843 -34.5502206949259 -33.5521811971892 -34.5802907353132 -34.6029386376103 -33.4852163022417 -34.2858399690954 -33.8133289508703 -33.798969388365 -34.0139375101449 -34.1300791658472 -34.2571698815987
-33.1970431762605 -33.1590454164716 -34.2262876795175 -33.7818894837878 -34.0815369135436 -33.6848056897446 -34.2924549166461 -34.293375591701 -34.3164572224219 -33.604005912652 -34.0229595235607 -33.5616272925621 -34.1018654168835 -33.4220084811514 -33.657344506906 -33.7386222618469 -34.5780412778179 -34.2064940652713 -34.3000002572466 -33.8066021646739 -33.7394059884382 -32.8470663461281 -32.6993534073133 -34.6147857275291 -33.8269532496531 -34.0163623532072 -33.6275938224953 -33.5724417403271 -33.8134047297471 -34.1475799600856 -34.1847203268947 -34.2910350560068 -34.078612133034 -33.1042567008284 -33.7222148850464 -33.7318155337364 -33.8550637309834 -33.7732120800116 -33.5232417898353 -33.5710261522234 -33.9508018749734 -34.4052212104539 -34.0447306798868 -33.8341940527529 -33.9794997869527 -33.9074285927612 -33.8736188103806
-33.5750650694884 -33.6913688640765 -34.6914202211471 -33.7804537940742 -33.6361428418047 -33.9289134633967 -34.83617215896 -33.8093447377185 -33.6717708896358 -32.6993099397706 -34.0829068362567 -33.7704858497144 -34.186761358909 -34.2082015736308 -33.1199831778981 -33.164127339259 -32.9299147325913 -34.3785461413208 -34.1955979640365 -33.3585291104401 -34.0050979571811 -32.813522836339 -33.3047280897999 -33.2088451349389 -34.5422578020604 -34.042487438882 -34.0976439879623 -34.0745082693605 -33.9827982026281 -33.8321647241852 -34.1969599442617 -33.454393212695 -34.1451959710053 -33.2150480753878 -34.2357588520807 -33.7324189732507 -33.8548594215957 -33.7416255340002 -33.8504382811079 -33.5210019512849 -33.5494471426345 -34.0564811765323 -34.0313591523238 -33.99191921241 -33.9715181254641 -33.931513423321 -33.7918513045203
-34.052897135484 -34.1655990614804 -34.823423787796 -33.6749161636218 -33.2135494704964 -34.0643165458013 -33.7851798593692 -34.0194566604593 -34.3704191470836 -33.6855275102333 -34.1114446708595 -33.5935236521389 -33.9122721022601 -34.0588930441437 -34.9273919078863 -33.2201240427806 -33.5770163743536 -34.542221322595 -34.3578172515099 -34.3448253902005 -33.4154884981838 -34.5391612239638 -34.2864462975693 -32.7775824508457 -34.0179205870739 -34.5642800180252 -34.7161165119663 -33.6887207727504 -34.1054078010889 -33.6259892870145 -34.3304335597775 -33.0787286721451 -33.5399795769696 -33.5427849037427 -34.2262309186061 -34.234665661647 -34.3121285725445 -34.8029792999345 -33.7733534430675 -33.8539645799119 -33.7122098742003 -33.5561413346775 -34.0553879860985 -34.0642337095078 -34.029113036902 -33.9776931138445 -33.9215030299684
-33.8694435156391 -34.0077696857202 -34.184358417033 -33.9100217564466 -33.9663289729456 -34.0666977474077 -33.9844371614268 -33.9140513328043 -34.0804431702967 -33.3119474754539 -32.7038265420862 -34.1696218684014 -34.5924201281146 -34.2306719836324 -34.1267077686981 -34.8748542930977 -33.7535639183571 -34.0872743698127 -35.2834520832896 -33.8000816098046 -32.8860165379982 -34.2084220124309 -33.432381543554 -33.3287483046485 -33.7568316278748 -34.6167222860686 -34.5024737734243 -34.034090651322 -34.1077890026953 -33.5283474681374 -33.0912889742975 -33.6707779505344 -33.598032155147 -34.5907533487076 -33.4602341502776 -34.2375708842907 -34.2774657301548 -34.3142273751982 -34.2223788457784 -34.6532333987161 -34.1125576992338 -34.1523662619697 -33.7073168809887 -34.1369790130696 -34.0617748651548 -34.1029523389568 -34.0708715869378
-34.0863679015902 -34.0693013818902 -34.2198789889182 -34.1535471130254 -33.4333492225559 -33.3671431960584 -33.8825775273871 -33.5722863563481 -33.968168048888 -33.7575154515032 -34.3728851332563 -32.8056855082971 -33.7945614644205 -34.2330531852388 -34.2264157867906 -34.1308244402856 -33.8658214270992 -33.747145859321 -33.889593796488 -33.8788231918866 -33.7226331920731 -33.7684309384019 -32.8240829962819 -33.3241190945114 -33.3244892682524 -33.1641451727094 -34.6315220593582 -34.0546718625919 -34.1478748369825 -33.4522362251726 -33.2049607532876 -33.0155089197382 -34.4738788508162 -33.765728407717 -34.5845399152929 -33.3688556338757 -34.2718890303045 -33.7230216321958 -34.8440117581857 -34.8088213621554 -34.6701192860823 -34.2398511309766 -34.1322261152582 -33.6311732557902 -34.4870383326903 -34.0610194480486 -34.0219559587472
-33.6596217427838 -33.9389234685165 -34.2271761241179 -33.7486779450715 -33.380225805581 -34.4158436711237 -33.8416415990082 -33.9170696968706 -33.6200619295271 -34.8108068904349 -34.7419688432116 -33.4708210007585 -33.4499045829203 -34.454256167083 -34.3382117341469 -34.3535631333887 -34.8786382113042 -33.9758912112817 -34.6198747571115 -33.8338279504406 -34.2229472614603 -33.7685678627373 -32.9082072024513 -33.3870876062822 -33.3242849588647 -33.1751393058171 -33.8862055382822 -34.0326496850429 -33.6620429716445 -33.1535327563905 -33.0284051180687 -34.0710793380622 -34.4060720935682 -34.2479433534581 -33.567073866181 -33.5030121639765 -34.1940374461037 -33.7540892000379 -33.8457753525709 -34.7878410661284 -34.7879613024588 -33.9334039465009 -34.2950172109852 -33.6256828390682 -34.154511511 -33.5099434467355 -34.468555941997
-33.9900735747089 -33.4713004574174 -33.9169699716087 -34.4017748372315 -33.9335963011758 -34.0131706288701 -34.1335615237842 -33.7841818954687 -33.5348182199639 -34.1825794868239 -33.5258523867235 -34.8421410190951 -33.863748070137 -35.0162558641638 -34.3434686142315 -34.1767480960304 -33.6518400757147 -34.5649923612975 -34.8112415937174 -34.1492425862185 -35.2720009908398 -34.2954994187823 -34.8900665917301 -33.0064677462864 -34.3042937824458 -33.8912831556968 -34.1738882621362 -34.3231307469415 -33.6559244953261 -33.5620754561206 -34.4901704000722 -34.0058170890666 -34.4536106407123 -34.5122748283845 -34.7501229816627 -34.3689094348044 -34.2012811236205 -34.211482038661 -33.7550628132933 -34.8285297779969 -34.7946015404613 -34.6085199176282 -34.5518186131887 -33.8660432506279 -33.6085031030442 -34.6901155865698 -33.5235287954673
-34.2881254788418 -33.8935753002408 -33.43466278283 -34.1264378014902 -33.9176345366662 -33.1418074356324 -33.59457002832 -34.1496233565044 -33.3690305297993 -33.4572910220226 -34.0758895678473 -34.1665610953315 -34.369146521696 -33.9514757065577 -33.478618331134 -34.9074878770651 -34.2829736017831 -35.1673619732612 -35.0884492298783 -33.9057527639278 -34.2873668857584 -35.3630567097582 -33.813337956369 -34.0149526393595 -33.5774345392353 -34.3559717888076 -33.8597813418948 -34.7605900845751 -34.1419220659843 -34.3247768212446 -33.6950382634476 -33.4847370401038 -32.9880720380426 -34.8914707996418 -34.5861141304392 -34.4324279284066 -34.3976837064133 -34.3153230763516 -34.2525204289342 -33.878963181785 -34.7551858309806 -34.0723215063018 -33.2225004841268 -34.5739003149994 -34.616100078421 -34.8120444773005 -33.6923650464471
-34.4422642964066 -33.2379492779136 -33.6286869945187 -33.5875459125845 -33.5334758752556 -34.4613264522478 -34.4581977326514 -34.30522209058 -33.958119418129 -33.9483095374538 -33.5618529046456 -35.2208875289762 -34.0885100062937 -34.374605292337 -34.1589520221064 -34.4050445600338 -34.3662623845894 -34.7468868864054 -33.8135539200937 -35.2168624985061 -32.8397994767934 -33.6147472695932 -33.4504303890202 -33.4088254732981 -33.4737820197937 -33.5379716671229 -33.2153735491845 -34.0413571269499 -33.202058955813 -34.6319176209731 -34.0817583872438 -32.9866039479154 -32.9205554482787 -34.5307175374254 -34.0218132160511 -34.8343924237485 -34.5497762370641 -34.4069065984797 -34.2835079905195 -33.7801747147913 -33.767511782234 -34.6639300831007 -34.0487344092733 -34.2343789533031 -34.8557680102739 -33.8883773781001 -33.6727947733744
-33.7251002711012 -33.1663256293456 -33.7632499276078 -34.2518504523859 -34.2151008697991 -34.339590916703 -33.4923599231946 -33.1804129535865 -33.7730683035216 -33.597273036066 -33.9103542934494 -34.7176829345891 -34.7905971068821 -34.3955171460761 -34.0443484050911 -33.9993021813892 -34.1608165347325 -34.2308512109694 -34.2568995311666 -33.3506315039489 -33.8633925851174 -32.726090015211 -33.9667796835295 -34.0302524601956 -34.5622321462859 -32.9362168411003 -34.4297803999924 -34.0455000375114 -33.9083767632498 -34.1724951569545 -34.1612778845734 -34.027060623928 -32.9948212386875 -33.5838784632009 -34.6476675690483 -34.0068392832619 -34.8323748481476 -34.7017099385225 -34.3392219726021 -33.8667981488265 -34.2460927156693 -33.8363641703868 -34.1594382908342 -34.3230801938512 -33.2572271128861 -34.8327056948273 -33.9122629375946
