wc0.5/PCA/Component-15.asc
NCOLS 267 
NROWS 470 
XLLCORNER 79.65 
YLLCORNER 5.91666666666689 
CELLSIZE 0.00833333333332575 
NODATA_value -9999 
[rows 147 to 167 of 470, columns 94 to 140 of 267]
1.07983497372663 1.49817186957922 0.840736754150072 1.17047098685982 1.0235237927897 1.1376293682974 1.55089631355114 1.58927426423002 1.68223972932502 1.3642624274659 1.53877701405293 1.66463917112686 1.78163201396985 1.54159585023351 1.62344489713979 1.66899243054402 1.83662420372193 1.51357015515102 1.80915062319341 2.02739513895705 1.40572738330569 2.62207223073808 1.92604038828296 2.02388394637765 2.24061783386705 2.4697672383897 2.16365378178583 2.55670902865232 2.77637037262928 2.91783685252974 2.69917390306193 3.26650653755951 3.06983828453371 2.72269197440977 2.14445636881566 2.86313018816884 2.58022631716062 2.39124814253756 2.68310914972893 2.73510373414981 1.86820629009446 1.93612896875726 2.02806427023475 2.81286999056715 2.03875856942338 1.87129304321438 1.33489828381214
0.94869235197024 0.0791984629534859 0.905849560610684 0.173139502206981 0.942102597161375 1.66803386862797 1.6557392174988 1.5591646241323 1.57014285856757 1.65541250156704 1.66651830207302 1.83598814945847 1.84061368633393 1.98920354728433 1.7431469161555 1.78223889390737 1.32836440988825 2.22177728866041 1.23167184978847 2.85897462252962 1.33056389900202 2.67856113807916 2.03134052339667 2.1697359845569 2.29888097638599 2.38455219818106 3.44597729105372 3.27691517284875 2.72132774145415 2.59234833653411 2.8438968535354 2.88912648927914 2.81710204507061 2.9601213821758 2.44077923234973 2.56784533050007 2.63019589167241 2.55616156224901 2.74206925910177 2.86470056939945 2.73390620825744 2.48093206814852 2.14162400620284 2.71788418452025 1.64295296107281 2.48065354366065 2.08491122463575
0.372587572292674 1.41351468081327 1.3125805694763 1.62661774199922 1.02670642399561 1.65614917500413 1.73087893981158 1.55100767593972 1.2266495106454 1.7736085535718 1.74499468113766 1.71667804720032 1.88433484309162 1.85052302179677 1.75251434267161 1.71467256972991 2.06417151665111 2.01259105388352 2.66694715878981 2.64644609992291 1.98054877214731 1.37839802773005 1.9990389991164 2.29587278047668 1.63586349114038 2.30433479153505 3.2378200087889 3.00970048931339 2.62225448462448 2.8602419379989 2.9552077692651 2.4306585791358 3.01796475197517 2.62525073365188 1.79458345779348 2.4649684054458 2.68306735708068 2.79817241738461 2.57012498373921 1.96616746023159 1.97866067979194 1.8792302116049 2.59337575199486 2.71392089887058 1.60066829096449 2.50780173698731 2.04698677709013
1.02087081458295 0.420495096262661 0.91626916295645 0.906267794312347 0.994754066494161 1.63008089085242 1.68587274575291 1.57060686119851 1.19807341155517 1.75993815832593 1.80378376046123 1.82467125989897 1.76717493631547 1.80460267589941 1.30607902008944 1.30897353694823 2.03183705312457 2.2334101089301 2.27364174456424 2.11627361381496 2.67182046958008 2.84857675859625 1.77252441698747 1.46283534924787 2.23004885544262 1.82955038555414 2.3254394811068 2.01830733863096 2.34040751185635 2.72023438113768 2.8456507665566 2.34958990977489 2.38584568952424 2.75342816501451 2.97209262155295 2.97189381616312 2.23294220935086 2.52580235246893 2.33441724347206 1.96740781948625 2.06597252786327 1.88381097236595 1.60194872465267 1.70643435537108 2.39431040174789 1.88611767753077 1.94153110819146
0.476803855767734 0.334687369778665 0.878148597167085 0.775427889425587 1.16649141147302 1.1129602175846 1.75298379012065 1.81522272767368 1.74003930128542 1.16232007308871 1.31738766841189 1.78427007496753 1.16044698723426 1.63498911928338 1.45261950626101 1.3861362056166 1.42741391952696 1.4648420745287 2.918161664842 1.50831668603037 2.72422960334267 1.35898148917558 1.46462799750272 2.33400222527854 2.29032779146227 2.92544931481633 1.93443101745812 2.63047195009324 2.20747288895847 2.70547114531479 2.74940501438402 2.27521838050554 2.38569134797368 2.30784472013496 3.26989125244609 2.63287470152784 2.53872604846112 2.34179378541299 2.15357902634331 1.96489191510685 2.5826128749499 2.22223088895175 1.63832157160434 2.18160347162589 1.57948905583238 1.77650367027137 2.0944307281445
0.948484095015266 1.02040279773174 0.965187369649745 0.876711113669989 0.844274769120373 1.08104676582365 1.37746345474099 1.726183665171 1.16537402622782 1.78546311667111 1.41889986349434 1.63365113380491 1.86688449425538 2.00050144554028 1.79309010525718 1.38614193422223 1.30271183198519 1.4391438293314 2.09165116434479 1.99958535995955 1.36101141603517 2.77437928802508 2.10395827044135 2.26236253353681 2.25056042214385 2.84626272533914 2.14582187229148 2.60629515400333 2.34937734562592 2.44543067148036 2.70499905755586 2.34137128184541 2.36089473382639 2.26915870142109 2.59420462720137 2.63334772797708 2.54885572289774 2.35856675917856 2.54050199538473 2.09957033375707 2.50567728745289 1.70207162380889 2.33639375899297 1.37595691501948 1.75588786524535 1.81602180665646 1.87904524459008
0.848562197827478 0.664097953075892 0.918670396640515 0.883017152970963 1.00335900685934 0.752797066530972 1.05624681835083 1.05563716594126 1.05475991059232 1.16583761328317 1.31709036515794 1.6595565592527 1.95454091137568 1.20536280327418 1.64112327195039 1.2907726692151 1.82553442558518 1.82887128192536 1.94753670541046 1.40309822885412 1.53527272233373 2.54216426619356 2.16912969620819 2.21635173733764 2.22040656283383 2.11057071965737 2.85969035037549 2.42578912217304 2.63276474196309 2.42114815440507 2.42087504254278 2.13534204583066 2.75643133500796 2.8979753554144 2.78398649901063 2.36698057848839 2.42373122489309 2.44921572196548 2.3708650325532 1.9858239043076 2.27029510637636 2.162928919343 2.61580460525417 1.68120567781262 2.31482981649601 1.74463217277068 1.26186884877838
1.1230824401374 1.69811625205056 1.60398577055982 0.887130673976658 0.760241956573552 1.68044518667936 1.12762529085926 1.05659146458763 0.983159124591038 1.26152418786801 1.79208630450378 1.79117364842284 1.73530822873011 1.26168708920477 2.09153200269311 1.96981791350607 2.78500729243051 1.29313165500255 2.8683290078644 2.77774001052489 2.48414371287058 2.07347581457037 2.05864453789376 2.25281356397497 2.0501142633964 2.1100920137784 2.99823892200157 2.30667700976766 2.57732807317097 2.7425629098676 2.40824480828408 2.11502696272182 2.11427586398815 2.89778210812339 2.88486827045672 2.36520603138783 2.35841758856841 2.51453909842139 2.6372175843017 1.99575460284761 2.61175253702023 2.57393799589663 2.54509938076713 2.09218090334399 2.42576245641627 2.05311204713723 1.94799685782438
1.78334035536644 1.03799710903171 1.60409826376515 1.77964844503332 0.969838496231709 0.546936782077349 0.884712486305122 1.05589201371254 0.989390089236056 1.30006501372774 1.95626404307339 1.26821689225782 1.22774628512486 1.17614768466774 1.94992009465974 2.71237696262006 2.74775705036276 2.49225720818019 2.80062679418781 1.854415139358 2.15773126109215 2.21809112170429 2.16834019907298 2.36442227271004 2.03784952280376 2.24161803119372 2.25718319760344 2.50324779967632 2.3612442987268 2.35414180733847 2.81120277372316 2.68043228389058 2.88362877109423 2.99679254106976 2.8431800091159 2.7182307252108 2.97413734457217 2.47960659091133 2.47884904456443 2.10042931216261 2.08839071598592 1.886126599982 1.88919471207063 2.00119433315315 2.13578315635605 2.29433821576117 1.74293468315601
1.22693543881697 0.958558041344706 1.68160086822006 0.529948650123063 1.07257152655034 0.900603456415304 0.981799324911146 1.08162475169122 0.909929963925282 1.78281036682772 0.972695097931312 1.18694711065018 1.87747438259824 1.86525717728816 1.77947529868079 1.92123375108108 2.66249092819484 2.80959041072513 2.15767406330929 2.05010907197017 2.14545434428066 2.0834309866297 2.15929415630838 2.26592238278175 2.20770651915568 2.44068343560768 2.35032598031638 2.44060683152415 2.58039604989896 2.43534238889559 1.91152945566172 2.88390761156216 2.21324247201748 2.04913225044138 3.33616969234325 2.79975146767368 2.25667857248846 2.34636758435639 2.1635425358235 2.2039778474639 2.75415889346332 1.74794852948268 2.90386668026946 1.58342544689261 2.20663228002386 2.28197726911506 1.34455157882846
0.906072052384545 0.873538472024283 1.60868525032849 0.708189079816493 0.918397414898144 1.18208668091365 1.64550424277866 1.69665164675169 0.884346683226224 0.836499517782568 1.0771990688919 1.06822300465622 1.83370480770124 1.32627907265857 1.18902207970098 1.98015495471346 2.73383409641328 2.1944389152701 2.12096544593588 1.30503148413624 2.23311076140095 1.99616835603935 2.42670136812716 2.3079122459422 2.21042117843648 2.22036521678511 2.44110318468865 2.43775863368463 2.57156986066848 2.21084487877158 2.81303040673569 2.63679546360268 2.0944298430628 2.23819425743375 2.1721768415505 2.76931456918659 3.02738143140408 2.23851763672579 1.93451817138991 2.63937828569722 1.60435122928401 2.486085270213 2.09293798928323 1.42781014062374 2.41645531979611 2.29684249110996 1.74564438201467
1.47277737448008 1.34481387012896 1.20784974540318 0.988182073250228 1.7496910349895 0.634613030589289 1.77457795606963 1.71888567132274 1.58782578486198 1.22013615416837 1.89485690758021 0.838083126094896 1.63735946160326 1.86772750731862 2.69280914241169 2.54472049828165 2.66508019904386 1.4729730222876 1.90336448012228 2.11189144186028 1.95677972338507 2.02299205660507 2.42578784131877 2.29584075264057 2.2426450465775 1.7218169810303 2.39399552928222 2.32499561139655 2.71894604032583 2.47985553386789 2.71674574882266 2.79504434351384 2.79409994044769 2.1302253689846 2.80150701567362 2.296894524317 2.3588495677658 2.53941229502565 2.42535199259099 2.07255343630199 2.7564691533376 1.79816708151046 1.98523298241494 1.81732735913622 1.48106767089359 2.32284155754525 2.08016707599995
0.795417659329468 1.34674885422231 1.20861575718067 1.7342269572503 1.85652850185218 1.85052820304754 1.86230223204919 1.71335237035356 0.930342986841969 1.27592669647857 1.91902931527258 1.96225026637507 1.78430434718134 1.86849996670934 1.85705378959096 2.17006658338527 0.840676281579841 2.52044720489877 2.06226191818343 2.1246850807768 2.24224398990668 2.06620596879726 1.54851834335429 2.25915169657662 2.07741074064789 2.88638438580812 2.51969890594005 2.50175340019059 2.45506120912604 2.49433397794017 2.54919120789251 2.61173649761239 2.30103889883512 2.67119347828658 2.96205438058705 2.69231328303397 2.60253665515435 2.44184675054068 3.10181854176452 2.06217412504854 1.69301956566574 2.58568283178101 1.59688022862047 1.58552532283489 1.65970773395364 1.9460358610274 1.84825973051305
0.0338878576928757 0.770555138531401 0.445665994531409 1.34414942497181 1.85194003615009 1.73265356680047 1.07171324762105 0.921988597386374 1.56649078334645 1.53414064455856 0.83500247035002 1.24883783212085 1.02951929270835 1.69797989859232 2.52373285274265 0.843015494572898 1.97581215208757 2.52029286334822 2.11413218517742 2.11381443896904 2.2441111151408 2.17877528636034 2.09225271241465 2.00500045561293 2.42305948923204 2.22677489487898 1.66227358554455 1.81280619536889 2.57628069780882 2.60030491410034 2.73812725458787 1.98335058342239 2.92282187639458 2.83949374884194 2.92120675830276 2.16523509677548 2.28635259928625 3.10967403421143 2.52014774574679 1.96607130639118 1.93704060082205 2.51559525053429 2.16883143451169 1.65271234944004 2.34174129420049 1.87344403737799 1.59948115330165
1.60878292536865 0.613228222089024 0.942824443215749 1.66979160937164 1.24748949127785 1.85620042673549 0.975576483645367 0.933297580850225 1.56617859523689 1.57791371849805 1.7134004836298 1.66696399690968 0.956877055601736 1.23429277194828 2.41324907606815 1.95998797773511 0.714306391399506 2.36387161644959 2.16000032060625 2.06983004443825 2.02919704545793 2.42670840516508 2.1110952135495 2.31278549766057 2.33649752584252 2.23872099974886 2.84484179793873 2.62240708405213 2.53246227051563 2.22944173049795 2.67193416347232 2.98145438055815 2.33123606664251 2.91428306723074 2.84154133922368 2.28856731330245 2.27867964631867 2.25150760624098 2.14973216938266 1.9911418621192 1.64169606537803 2.47281760457881 2.61269660456344 2.30604287084957 1.7022341112665 2.29990327846299 1.39325294139027
0.867824630195184 1.24701984217335 1.67826223820674 1.03760467832127 1.34600933440921 1.85886400405697 1.8570649081889 1.68343550316621 1.07878709206292 1.164505979732 1.57842488250425 1.66843245134292 1.76552106891825 1.20214716715585 2.33049863728438 1.47898052426604 1.20706867746257 1.91827796678202 2.22608521144393 1.76098195293457 1.87074847064256 2.28401113471769 2.11361089693365 2.07742480424825 2.61640281783533 1.70842583000247 1.62077759434451 2.43243729945039 3.21550359607092 2.43913995143957 3.06666853125236 2.70571319428662 2.53627805436821 3.27716953546105 2.85628267932707 2.79150510471931 2.43579782583796 2.22721041061361 2.20721077610208 1.92681189904428 1.92645302349827 2.45393966108933 1.54595635816973 1.66209292716378 2.17722549124712 1.58231338934188 1.61336959058805
0.857753542172578 0.952762677246425 1.25342064036198 0.999963899330386 1.49999002339232 1.60059252909196 1.81337536836999 1.73357723590272 1.50485030557023 1.23973198469119 1.13427875091756 1.55403939812054 1.70808369559071 1.23482167027216 1.13338873614441 1.72337922661176 2.53643331946065 1.96415591606038 1.9572524005687 1.68705355830538 1.87857972576582 2.17526544387056 2.23662961414969 2.51820184948665 2.30156137152771 2.47420698146498 1.62196626961952 2.91111748447865 2.45276146879715 2.38047499787472 2.52616820540127 2.6371604972647 2.33170315237353 2.74540838754404 2.02018400871237 2.09412475647823 2.14628669255386 2.19800182444002 2.435458633896 1.79888625639312 2.40335046574211 2.50050896374159 1.89609561480351 1.56587116768784 2.16439628109179 2.17727084460081 1.7232960079454
1.40113018350712 1.51715165855677 1.03511449506763 0.958441329820155 0.655600871082843 0.935683670513994 1.60121045769786 1.74008225110033 1.13501800988609 1.83060213074441 1.57922706319724 1.14888226908553 1.67893248006138 1.84987763084015 2.31318869772543 0.575223506796173 1.23763209293106 1.58604913546121 2.08038564119899 1.87709033700487 1.84707943817378 1.84688063278395 2.05426853987627 2.22648677041125 3.16205070610879 2.32643064863097 2.33821042502518 2.91223830089443 2.28016677372605 2.22047694915796 2.18262856826717 2.60734103297998 2.86977054897027 3.37809733171123 2.72321937800737 2.09550744722775 2.63756693421945 2.32147572250526 2.34021591361394 1.75932488973511 2.51052442592374 2.46496867923246 1.89678530229117 2.10430012430349 1.98022413887119 1.83448613642588 1.66078781113834
1.03894186530349 1.51845927465033 0.0823031121802455 0.572579373527109 0.832018844320658 0.866213709625292 1.04318038224733 0.987072460565358 1.00585342534688 1.79904199643061 1.07520484285067 1.13429092713642 0.957284960863967 1.22618329326175 1.74974031898377 1.2421043974912 1.25430759431139 1.30573189150524 1.98397559485421 1.67922694213479 1.93377056232217 2.03753990553266 2.27748918749799 2.09082164796111 1.98237990356957 1.62274293428503 2.1075828253063 2.81552389805424 2.25578149995965 2.18169368080171 2.52347456769576 2.01756484770549 2.52661817460172 2.84291629589499 2.63583679932704 2.56637045089161 2.80869593573844 2.14248925651262 1.80089587874862 2.44376562754711 2.43638985378967 1.84724720887541 1.91340789313983 1.93498735529356 2.10047108598954 1.98621690060684 1.85738998408446
0.949605928898687 0.957075382416708 1.39070839487196 1.4505296060788 1.36812358501623 1.34268139104222 0.250865842856114 1.65946707385449 1.80912107100451 1.01012651370773 1.19275355380447 1.60917103871356 1.03985077912969 1.24985393670441 1.67516326898791 1.12025843149387 1.31879950813957 1.92230771680161 1.95362352783101 2.03228584638979 1.70452708457613 1.8548548214224 1.84887314644984 1.67874842477223 1.79983369550461 1.31931390337122 1.5365277031524 2.23001856798275 2.18149910766198 2.33992019776272 1.50148985693794 2.19091821288855 3.25675180588896 3.29507361055835 2.6685345269565 2.7001380285322 2.49498153601343 2.27378843769295 1.752812934948 1.76553315690646 2.21680967396515 1.82115099997028 1.82552102585818 1.51660388092002 2.10259377800254 1.85801799692374 1.90830183365064
1.4363082656253 0.973498530256119 1.4754766083796 1.41346970170577 1.45587190733951 0.690471498514246 0.939309679581415 1.37657361622466 1.10706039240313 1.67584648201521 1.0608619185727 1.27678487916023 1.6447741997981 1.08895161083435 1.21999871947259 1.89099554732462 1.94724101492975 1.86412280794002 1.62451780660908 1.63175873337548 1.72554225441838 1.77335630440683 1.25321535945896 1.39568124787838 1.67907278910065 2.42770377253723 1.66323284301872 2.28853537220862 2.06198259585012 2.42476259647142 2.06108377368593 2.39613662820794 2.08963850197905 2.24728056949575 2.64992080395664 2.75244386752636 2.42136450289251 2.72869023675718 2.0743463102751 1.78833494893445 2.22397424228325 2.50310135168346 1.84531525437293 1.51379681241812 1.85740431377317 2.06314052057991 1.35648592372879
