wc0.5/PCA/Component-10.asc
NCOLS 267 
NROWS 470 
XLLCORNER 79.65 
YLLCORNER 5.91666666666689 
CELLSIZE 0.00833333333332575 
NODATA_value -9999 
[rows 315 to 335 of 470, columns 196 to 244 of 267]
117.281278525374 116.934106934859 115.987822966642 118.614436116407 116.456428921646 117.803157310966 120.30428305015 116.056825857741 116.20497258371 117.01017397011 116.988360955082 117.570629984015 118.176404626715 118.794134798324 117.346982090797 121.454360346025 119.073524728454 115.520198443071 116.963553414729 117.837310095802 117.350022467286 117.022372379594 116.293104741093 116.097837800835 118.029348952101 117.476319857995 118.367738735759 116.912933128935 117.349292836963 116.540237738049 116.518135389772 116.972655185882 116.917308960574 117.544727012815 116.990843006609 115.67424576209 115.333133025444 114.045842002324 115.028075405177 115.124387673587 117.300759246052 118.376335714897 117.1919093287 116.26258494786 117.242753922811 117.196604725057 117.242805176242 116.249056573916 115.89562223207
117.508950131834 117.11048401297 117.846802899216 118.83445661662 116.506259996392 117.680618114968 116.377512355185 116.725715595988 116.095172193103 116.656104277975 117.575806176915 117.400277428257 116.494971942527 117.045956236401 118.29351492032 117.31444193522 116.406766881856 117.54006923277 118.608964437547 118.012731720673 117.377416935009 116.357428860282 117.211839906633 116.180124441842 117.029529559219 117.97661458937 117.401090820628 116.946924454823 117.729153784814 117.762141550941 116.686389969283 116.55694152287 117.384625679734 117.463673624241 116.656090374425 116.123106091843 117.342278544633 116.360057266756 116.532492037181 116.185674526511 118.115697710405 118.640596367063 116.596182891653 116.634197917095 116.956955508282 117.160200523833 117.050801905542 117.44029459944 116.076798134229
117.610004808677 116.64321337928 116.799728546306 116.047298658951 117.275241413519 117.268995053473 116.687594573166 117.692698437184 117.111540549082 117.409263699713 116.368018418504 118.018037127297 117.010901953729 118.116284612823 116.632420168831 115.824296427439 115.776348487194 117.271134103162 117.934420027519 116.035450440766 116.833290328875 117.994117106151 117.71393438222 116.360217747788 117.039487406209 117.468177291908 117.170326212407 118.398897659156 117.275254073965 117.787139787336 116.143597240876 116.732310735001 116.457957355652 117.276908895264 117.083821238425 115.532420547054 118.257681325925 117.897590303474 115.015767379509 116.257477278904 115.335276665206 117.947934268132 117.246137947678 117.194384371593 117.668707553982 116.765515157775 116.540776338569 115.196619004403 115.339230882856
115.771476666912 116.265507628192 117.091458256831 116.489664869141 117.351617825634 117.069400863138 117.789821116356 117.488506682346 117.240841086638 118.251989578477 117.433075678236 117.519121138921 117.206420005961 117.256364540962 116.491578500111 115.620681747691 117.810845467644 116.551697265424 117.366142343518 117.051363160106 116.722815911366 117.55679806939 115.668381722276 116.562241496255 116.393780787033 116.471199497924 118.196426791562 117.668373019603 118.442305922485 117.300472709992 116.740635327918 116.714474058768 117.813814892785 116.811528645449 115.983364137298 115.813300240808 117.259323130039 116.006877934445 115.575655453619 117.564210031203 115.840838773278 115.405146423662 115.411932407393 116.938095332316 117.092547026315 117.104936498775 116.035083586657 115.814316789591 117.092175225466
117.630931321602 117.417831319441 115.60550134195 117.548743448566 119.198355165923 117.034295342972 116.135317275677 117.055689271938 116.37470121741 117.013081235557 117.236953490123 115.885539733576 116.807521004911 118.364491165718 117.941829267957 117.540622066578 115.884324383084 118.070564012672 116.961142337648 115.116089513781 116.950614075608 116.246340768873 118.050803621681 116.538401608246 116.439780475115 117.117218154048 116.490943684068 116.700858689713 116.932489271069 116.353469369828 116.514916558597 117.138161245552 118.759939575881 119.023838973038 115.829232878424 116.868388559646 116.276093871252 117.969150736938 116.842570099268 117.249969956053 117.354719772514 117.429928827733 116.750145957828 115.588037208281 117.114344150753 116.408631542736 117.171668702867 115.82999077787 116.680820429389
118.22663193272 117.470515624281 116.002646707542 118.655442679831 118.63345726674 118.193544909061 117.614817493642 115.506538117408 117.038882419084 117.654576216862 116.780041599464 116.699232571904 116.2917347308 117.455065510882 117.993762534026 116.836821986828 117.11427981386 116.103485181015 117.17305741719 116.838177573337 117.565100250976 115.836054954041 116.054096894853 117.166337675263 117.091551272637 116.252560639153 116.781521898898 116.910878159536 117.430062768368 116.373369893263 117.208093754189 117.507913805204 117.076271539026 116.003744491741 118.407277099485 118.04085249759 119.109393874833 118.966848956678 116.651120488797 116.05610836057 116.267206554161 117.26285846187 115.608018314855 116.464813946765 115.864191963766 116.509900316359 117.085013063802 116.759978424577 115.14645753599
116.663768208673 117.769071731508 116.453318342013 117.309932417275 118.175445903168 117.969756898367 117.274605876792 116.416723419598 116.421677930644 118.40899390132 116.204966349937 117.517782351514 116.59309408404 117.549508751859 116.79865982633 116.502167782333 117.529236602862 115.596080660784 116.780127203874 116.104656172103 116.936889728877 116.426790157767 115.906756693066 117.293568009181 116.983659063928 117.235029478818 117.199525434512 117.201114966613 117.402036777498 117.363371779466 117.576573837785 116.128317765428 116.836986761335 116.136808650239 118.126230050738 117.665802978486 117.59896174882 116.123281952742 116.165473357107 117.55676306284 116.515698156147 115.653275330823 114.488322162803 116.215930850976 116.339672789638 116.404220591259 116.850582410727 116.478821587419 114.778886793626
117.069541364219 116.421115647736 115.424216204419 117.00477952774 118.2254792291 116.753061594031 116.899179116 117.036968975127 116.935517924935 116.842804009884 117.810982658605 116.500203243421 116.649741324466 119.077428429617 116.816695351229 116.668193687971 117.573443536101 117.82365136912 116.81252420379 116.716773717209 117.611547723347 117.932767174528 117.616097823558 117.36737943642 115.935669114463 117.153857068636 116.8365882662 117.036721391064 116.535782074362 118.271329623714 117.57521715446 118.06025335861 117.492708741781 115.360133667856 116.147327551211 117.744901191685 118.304089503144 118.846410222123 116.924044417579 116.379873919392 116.736478605454 116.034612568753 117.394655891631 117.495922242165 115.09798710411 116.823860928996 116.292680980322 117.074035980968 115.808928642051
116.792600623919 118.155283182125 116.730983662509 117.453345426269 117.63121857464 116.603557994439 116.624311656339 116.169771591079 116.958143161437 116.945132245936 115.901049610866 116.58246362956 118.581956218141 117.849825385079 117.683092291311 116.786756904708 117.051328901574 116.881702682276 115.214189792333 116.207748754273 117.847287585179 117.283453460578 117.105524013032 116.431375598118 116.658772174505 116.412327069605 116.483032917416 115.420673298938 115.504373805246 116.356570023335 116.90114478919 117.431211655142 117.064873200707 116.756496325041 116.651219887297 116.477502621792 117.555466099019 118.227694795695 118.067760688906 117.843203362032 117.11567098547 116.470147081474 116.703765696476 114.566304071467 116.348639180343 116.744933601152 116.433957106883 117.01168535373 115.044747303821
117.559763617243 117.243066512098 118.111518029059 116.871097147887 116.868099935775 116.505117416112 117.805715705755 117.578230382105 117.599164859873 116.237121646645 117.695955357028 116.662682543352 120.366196292049 117.673889142332 116.686172179426 117.187416848529 117.18062168778 116.775917286761 117.090141936256 116.247743891585 117.125629226774 116.232283584475 117.415608699182 115.28066646243 115.216832847743 117.043521327083 115.841790365053 117.932971887423 117.215132120068 117.940463881666 117.702190170079 117.578519671302 117.808712268285 116.824462560018 116.706103728492 117.35280458243 117.697395253558 118.214679786887 116.91474378986 117.931008169018 116.675916260059 116.258633782882 115.753137072978 117.316050925101 114.075057914462 114.846357683969 116.41116705292 116.377697112051 116.43758150436
117.437794469854 120.565269633399 117.308981945845 116.016517203629 117.34904435036 117.028255336721 117.330875305328 118.03212066278 117.707332853615 118.361764633061 116.692288155434 117.728931410836 120.153418554401 117.957735529441 117.581214152828 116.96777533015 116.335671255893 116.479167696576 116.082274764536 116.339512009755 115.80934161824 116.513384565233 117.427844190207 116.427170799255 116.423164060279 116.599963118358 116.577668597578 118.107547603393 116.856660742969 116.893889458816 116.845508193823 116.974277469042 117.027834204117 117.450669271473 114.726816282607 115.660568531085 118.088244854455 116.525377182929 116.821645213582 117.128616576308 116.934214570491 117.799069582357 119.134096667766 117.559731272296 117.021036553105 115.303768784489 116.267120514474 116.999637881607 115.192184204331
118.878702128303 118.699093857448 116.929355064645 115.657138230585 116.942767714859 118.18917480023 117.459579750155 118.067477182239 117.71457459048 115.771014665856 116.569602216772 118.994979030403 116.726651057888 117.891677023677 116.451890286682 117.222847481871 117.396773822934 116.705674719945 115.993132689028 117.013971071016 116.843971593076 115.913765974209 116.56982453615 117.323842060215 116.691795411646 117.147171900349 119.434983612483 119.367499512761 115.880519012517 117.498267350395 116.907911198578 116.622975606618 117.692552658662 116.956532622983 116.706674825981 116.879033538699 117.084290692416 116.758273060131 116.338454567429 117.209900369638 117.581415111121 117.552628192354 119.024786786746 116.85999859825 116.292276710387 116.974580732535 115.665100055378 117.684213409052 116.505076321154
117.306499636479 116.068994021453 116.798809721606 115.847686526866 116.330427079596 117.583127435093 119.801361985133 118.607548872016 119.553997467157 117.242832638925 115.483744187163 117.221528646293 115.838942611439 115.904298040535 116.839195718346 116.883431027135 116.862478754022 116.776535203545 116.015646340098 116.462397769617 117.198746949472 116.360855935501 117.213135974534 120.587160849708 118.498151473247 117.963470579509 117.468746672585 121.124859712394 117.199860976401 116.775307457428 117.807900715203 116.454659676204 116.174704696188 116.943788311577 115.96146160328 114.292128039894 115.396219744923 115.549882599359 116.87423607805 117.975230974284 116.818581149864 117.187391019097 118.296441371483 113.845199103706 115.238061232387 114.983917987029 116.377896964204 117.735114804304 116.54810622022
117.035502879455 116.345480957247 117.074818214858 117.957596325967 117.986945493402 119.512294871858 118.245029877331 118.090273196907 118.281675848173 117.934171961035 115.558505732583 115.877124786205 116.446557863473 115.812601799961 116.217099021713 117.250531612736 117.440815721473 116.547323801084 116.680224690525 115.835040738055 115.408064890776 116.403724763317 116.10490295059 117.845216169249 118.607346639532 115.481465889637 117.678015423952 119.077300521145 117.81652936379 116.681679700473 115.412218659213 117.334970409902 118.315997550022 115.422255647662 116.630250144464 116.763968284855 117.297948549479 116.081485616839 116.196903552714 117.190260728044 116.755211847724 116.684913088677 117.377839254119 115.133082612034 113.950676183369 115.255647449331 115.484458064711 115.040887213748 115.782970030531
116.854175417461 118.178564267712 117.008396920255 118.021233891229 117.530752452222 118.962047736776 119.349713113309 118.834279303873 117.149392821036 115.279374060376 117.186702511345 115.514946982867 115.574740914562 115.560265043449 116.196718510555 116.120613453358 116.654570478069 116.781282256121 117.074185874056 115.678896127279 117.516276589456 116.3406286554 116.083891808722 116.521940080514 117.76966866058 119.286635871361 118.959342464971 119.70389415688 114.066588398969 116.518121815634 117.041850771781 116.046383043573 117.624491199974 117.30407514728 116.386461159132 116.200883596708 114.542524939558 115.404645763089 117.566426979178 116.56692374848 117.716710127701 115.129715344945 117.206910506597 115.78475853114 113.583980353346 113.986837794043 114.416887447146 116.326798474858 116.457634606459
116.904293040799 117.714126487696 117.680337989891 119.744730200476 119.103264347998 117.584518448632 118.352993133161 119.129324094178 117.42759077375 116.240915943595 115.383815561422 114.724219659912 116.228781581237 115.935880402902 116.274773620585 116.232642448031 116.691577076657 117.083183247235 115.509058158134 115.195308823142 115.830748131473 115.434267749801 116.279529273674 115.265473621736 117.61003802551 117.423478282229 118.040568527984 114.861230076503 115.339274806701 116.631112493283 115.986791793431 116.039372945052 117.550706229363 116.382830614077 117.404701438819 116.231532768753 115.646769897315 116.222959156737 117.534954581982 118.768293134102 116.1100270328 115.119591538472 114.930761073562 116.77247309737 115.209714711216 115.152209992191 115.072730479727 115.005696773911 115.803792922294
117.600075010286 117.782337042743 117.199988758631 116.876201331607 120.506399113604 117.952932553702 116.150637620257 118.762388840967 116.294945100793 116.904048320611 115.251941311605 114.492840668646 115.445478534222 114.816555947561 115.10448517345 116.266647120724 116.186485920229 116.869330668029 115.969400673863 116.636593117632 114.954022636983 116.311327231456 115.892566814846 117.015769482544 118.557939838176 117.206285897857 116.525300706066 116.391836710047 115.045988689615 116.745398513076 116.567462796184 116.31436130684 117.080938919503 116.688983853482 115.805195857012 116.472568042025 116.597108393801 116.481224582084 116.633996209014 116.982121303325 115.906095832431 116.439955824355 115.57465660462 116.624051671492 114.499390992903 115.486893965063 114.410414925436 114.64486682111 115.20114992686
118.051614041829 116.7885032035 117.847586403618 117.460176847257 119.437943111811 119.321142519749 116.582772179862 115.66560989439 116.308565882621 116.274836449877 115.27306572724 116.305555588632 115.979785284805 115.896391164462 116.675914181615 117.495542492524 118.313595336225 117.69408873496 116.472218615 116.935023758803 115.780660649058 115.832202203053 116.667487062384 116.110398281831 115.730942517865 116.815642813146 116.361479581651 115.196905667345 116.014849573423 116.695117122585 116.294082707845 115.162297784604 116.219814600395 115.467534206301 115.86231307945 115.924514586229 116.596285302435 115.674626280482 117.306627495832 117.08674495931 117.642136565894 116.542906556444 116.174686019071 116.421608384874 115.224636728074 115.619197078381 115.668110016911 114.669246494586 115.477720699467
117.835545724512 117.122901895028 115.901060581302 117.841227254556 121.285399770584 121.791690761372 118.55350393052 115.693214938888 115.860558596695 117.691755661946 117.028425929662 115.362944467015 115.585319959917 114.79723440169 115.541546497426 117.479186302191 119.446644684413 118.987733623443 119.929869405362 118.744130666188 116.469557733844 114.798326149687 116.879047351271 115.666883386764 116.751235937983 114.343881664807 115.725065327688 116.647401182582 115.596939876269 117.89906070523 117.784253830096 116.497499107881 116.676450706413 116.675932208208 115.388546522964 115.620700737368 116.792557483385 116.438762832425 115.637751275322 117.958884000105 117.124297792866 117.603889753814 116.463324779565 115.600848117754 115.527218959511 115.498392270358 116.838307071512 115.058876774979 114.285404949032
117.399626445401 115.864684292271 114.879548344281 117.698978768458 118.700271249211 116.090510876438 116.012008715561 114.884371786849 116.921342413243 117.548545284894 117.169920668668 117.20610124556 116.431780309518 114.973129899968 116.734913514276 117.340636054441 118.352024874589 119.026473078545 117.917065123406 119.763266490121 120.916311971625 116.229533505523 115.52683378368 115.772836694117 117.110398757598 116.198230699815 117.301317159632 116.160154695881 116.517898675063 118.074982353399 116.252662165899 115.559755877419 116.329333238599 117.122215708027 116.627500690479 115.49824702181 116.365181930169 114.81958360701 116.082384717193 116.986818387581 116.784285139269 115.946786250269 114.776802975287 114.791010042708 115.196571978234 115.232549388403 115.322949608726 114.939564046695 115.614550868909
117.957760515191 119.382985726081 116.409094280581 115.768005268757 117.012262475876 118.302882257258 116.590255184817 119.648585214798 119.31012765247 115.636634251064 115.984421145517 118.34552708225 115.813270883885 115.654264946101 114.346130349759 117.131664022257 118.694412861775 118.530423877793 118.527965674424 118.272109577375 118.444787952344 117.529214011265 116.323611328604 114.728783463332 116.97826046759 116.553179355471 114.526084067881 116.224844643085 116.590565211594 116.175518442813 115.618695449604 117.682002450619 116.024438390134 117.32207966564 116.024628254627 115.496504408934 116.851048933923 115.446026663975 116.047082046947 114.340999171054 116.352546286932 116.878741381662 116.367531900432 115.435220825028 114.89396627336 113.592959778619 115.212100224603 115.223408702742 115.073543915764
