wc0.5/PCA/Component-8.asc
NCOLS 267 
NROWS 470 
XLLCORNER 79.65 
YLLCORNER 5.91666666666689 
CELLSIZE 0.00833333333332575 
NODATA_value -9999 
[rows 294 to 314 of 470, columns 196 to 244 of 267]
438.325143577367 435.763271597199 436.598391016727 436.940432919134 438.452757867233 438.337120482282 438.296856036009 437.244866780514 430.089687731232 438.265043328679 425.402048775517 425.053074485435 437.84432602976 439.666406375797 441.442481605709 441.663910193788 439.448619977693 439.913000527719 440.683763933221 438.965106435007 439.352392839928 413.468450439384 408.249358057357 398.10543774882 400.393013587674 408.057638939203 411.789078721048 432.711510034666 437.342704672021 439.192009002683 444.200388885307 446.117082259946 444.448744588993 446.312041703989 445.134058504775 445.724505057724 446.061323286884 448.44582905413 448.137736196139 449.868215267242 449.721018758372 449.980794953442 449.966506515956 451.702497041362 450.084429843473 451.620869206706 448.699195015217 448.580567415866 448.0266544549
435.446162237615 432.017963323008 436.81479080139 430.789664216935 437.071305154587 438.080637262451 437.693853507305 422.621975454518 412.23006638985 420.194725976663 434.820650547414 436.123800951419 426.895242018999 436.867178371729 440.632541006714 440.366677075851 438.047662493405 437.830227998362 440.603707783305 434.791803856137 425.291989151744 433.24998519654 418.66974816799 427.097017356433 405.972484287813 408.782882974202 416.935806453187 439.280847478654 437.573875077696 443.602678081341 444.998114449098 445.208312702916 446.442163542281 447.569433855465 448.598111923077 445.82037420503 446.05633703044 448.55703819043 447.62040531524 449.728716713201 448.621920828593 450.040008547031 448.79341881183 449.132737154365 449.545732047065 449.560120250053 449.408937097484 448.527144359719 448.152637397872
432.736460922468 432.272263060502 435.058912096633 437.77953588202 438.612090093874 436.003276036205 420.973951998497 424.914087053797 422.811887682703 410.933338781255 432.042459129032 431.434892701799 435.74598792985 436.625668847734 440.614861275067 440.725974922072 437.949531875342 434.995052123544 438.557753459662 438.51619997752 439.120927597105 434.610021703646 427.436259151031 433.863218650894 433.128675427004 440.41034837926 440.898795564409 441.037798434281 442.216404662145 443.368086006365 444.377294608034 444.423604454315 445.855308025935 446.528199799587 444.256526856669 444.124032429841 447.788614417607 448.698678867494 449.007096941148 446.801885390021 447.468417988659 448.373771873234 449.625210669773 449.910912169716 449.927895918202 449.695533214483 448.475752918252 449.509636735486 448.203499293363
428.968506856703 434.576616924417 437.594374987178 438.099058630018 435.55300685894 432.028360298663 414.74571375769 421.572313004292 415.5615566466 406.0617982377 424.584349611915 431.836976060171 435.417790762096 438.953912659032 438.335402579127 440.763112160912 439.505233375044 436.866515590424 438.353336350297 437.6150400541 439.136816380496 433.290630547854 412.106175502289 418.676291401005 418.890522158288 418.992023279268 419.381705760895 421.731274055251 423.917333721222 420.490049403043 437.350272244225 444.820582864146 442.140969176796 443.355130018492 445.706259555116 445.396884999523 445.367926124366 446.878463249591 448.406646927676 447.766212398503 447.014809268784 448.533995435871 447.845791976831 449.030112518414 447.493869188494 446.674202372956 448.769891023799 448.727789207523 448.913241583145
434.446056136507 435.202414014543 436.166232015822 438.113599431197 435.970319004422 435.613154386101 436.562858888046 424.642970464158 410.817400068978 399.44358063134 425.818757247887 419.401296052015 433.711842772812 435.916082428412 439.44745857352 438.380778961964 437.565553334051 435.987414773705 438.002877310086 438.797331642438 437.955776179311 436.480580412104 417.256512745702 410.183000345077 410.376387130682 411.827530439186 417.113317460705 416.323474692913 417.45263098675 413.900920450868 421.544517392404 417.304650099889 431.199100171943 443.193378627091 445.052589317559 447.016862572251 445.639741080011 445.341374942532 447.210597493077 447.105574931281 447.201948788144 447.062258500486 448.885270472727 447.187360635699 446.897893673636 447.275387050129 447.888280591715 448.810015798089 448.394942040528
433.767870509023 433.584926771526 436.875286525052 436.8812553282 436.205740254262 435.871123762853 435.589291083199 420.81227617608 408.661009301704 405.199709938862 426.523396372563 433.219893872017 432.568661060352 437.177049202081 439.420199360864 437.064395323595 438.594376395183 437.181329866807 434.012377235673 436.202502416973 438.214560427634 437.469564129053 437.766101693698 432.236408296485 437.176428037156 437.578546343857 421.525810158828 420.178703686344 428.444448450095 416.591730075442 424.851541958892 409.239640776421 442.516581442784 445.237898327873 446.266211369152 445.428612364302 445.074763952001 447.63461126842 445.490222259631 442.6601400933 445.189079308871 446.523467938528 448.103992025951 446.034749757691 445.559001835544 448.08813727417 446.875612248339 447.387586114773 446.476423447276
434.529189392349 436.867302291365 437.343218250849 435.490099536821 436.284364066936 436.383533687866 435.263718385242 426.953814198513 410.177996993997 433.211688242871 433.321950547901 435.786997324539 436.126140945781 436.631050057864 438.503271265891 433.070615543645 436.808610481084 438.193042473418 436.399521667161 437.184653723401 437.116900350591 434.260523856528 437.053396665363 437.235713088822 434.683055383469 429.005265394275 423.309169928609 427.949663037388 434.726498844705 429.307145710931 414.7143287733 407.33869593261 420.457699738125 443.949415639482 445.674717625882 444.529490758087 444.489131595548 444.533732509435 445.181263948308 445.060849634417 445.571708984889 447.200558420497 445.268555179459 446.3011780858 446.098990787383 446.754662578516 447.056321203175 447.170533920393 447.974512898811
432.32727463817 433.412972375554 434.810498217981 433.14117620603 434.715034793026 435.85220899671 435.137133518791 414.933940354293 419.117284356005 434.753338008453 432.921497235311 434.612994982036 433.202064810337 436.104292140337 436.391231896524 436.816825466137 436.375910751567 435.762493698776 434.333805569755 435.796210501523 437.267171726666 434.516953523074 434.070177317687 439.382361183401 435.31288161229 433.618250201101 422.921721136766 427.749527314645 438.001861297933 430.558371198285 412.248381672916 423.091413802917 443.471854164709 444.93808134871 444.379213951921 444.372863705801 443.888681582076 444.214819949328 443.895506338302 447.095706474881 444.82018479638 444.298379623778 445.8620085526 446.95041935393 447.179703347986 447.110275885022 447.345849353605 446.704682320489 447.72614464903
432.797394051961 436.337771790077 431.467440386709 435.32870995165 433.562719880163 431.005181243804 435.152586712185 417.093892102243 418.136915827224 430.597656287428 432.840953590695 434.936412037753 435.663726445058 434.678031047226 433.870099900094 429.430691581258 424.005263657123 432.899582571506 434.125182889623 434.719215679245 436.052425248687 435.207048745102 430.61245245713 436.296973317008 439.860796774173 434.285113537478 439.313601464163 427.452976426597 440.534532870082 428.41253673793 420.569585562854 438.231712719725 442.169445346489 444.001455062891 441.936016495659 442.477292685988 442.963223591858 444.490076984063 446.36907801966 445.627127642236 445.730617382397 446.37628392108 445.745948817331 446.318757756518 446.807501596322 447.81297375033 446.327615015907 447.291382981829 447.177228895621
429.959955622801 433.109569595919 423.694430863455 432.801092272427 433.722463621787 425.339765191253 434.882251857219 432.905699078052 408.937319555013 418.798448801016 432.246365633184 433.229232500332 433.169659672476 435.82571767232 430.140239500369 421.012156075744 409.606655968398 434.886325958585 434.699932387585 436.067360646651 437.080642978289 435.199057252408 427.554489727339 433.241699505051 438.132674967102 437.777684047454 440.356115834825 439.030349742331 441.039103023891 427.937048755224 418.233429190877 442.175870218638 442.64547708836 442.237748604562 441.086713516448 442.757415712115 442.972111532221 443.32471360064 445.285387515655 444.521580116962 445.053097366048 445.793719661959 446.356278563723 446.408538426393 445.489090897079 447.917114985632 447.859130774615 446.670036948691 448.589903821025
431.409853302831 431.247875372859 429.884557624869 429.856115810348 431.563102862771 430.281445848918 425.438307890093 430.344245229932 413.305920369574 405.209442704581 408.548755575963 433.095170573391 434.488773394807 434.65349114002 433.49772438729 417.03680259362 410.966385525053 425.222118896728 436.498790375455 437.333389280275 436.430422974138 435.703184200043 434.236883070884 427.927330096594 435.249269616084 438.727618899131 439.09270239952 439.739033202454 438.902161340657 419.143841588349 430.998578863583 443.014417910853 442.923517849218 440.670667618543 440.810954674205 443.094935731381 443.180726646749 443.621750590532 445.68630914726 445.564471813596 446.319994587493 445.541401874406 445.059087378941 446.481051574094 446.836390717709 447.22974919585 447.650538141797 446.948346480901 446.578822311377
430.917848538283 429.365935671587 429.819406202043 428.904682376381 406.992388378865 430.871827571119 430.065005667156 425.688191316018 424.96021225116 409.088519471391 403.771709766809 419.974187081112 433.933425794574 427.402881950916 423.655093221788 431.05261739369 410.28572983645 413.576882701454 435.809332264966 435.649176233183 436.171333054329 435.258852503307 426.407500771952 427.709607993495 434.087614890796 438.539317522339 438.271746044783 438.601499584098 438.884716137413 440.772938504953 440.673968830734 440.623368669407 442.202365111978 440.126498089748 440.76966638202 442.517177261385 443.263188580239 443.341126607896 446.258952403603 446.525851135774 444.099528418195 444.850092500236 447.642856149191 445.537163825446 447.408669169715 447.088083723153 447.776183643308 447.803091934034 447.872868743315
430.59558652644 430.163323502462 425.862044199156 407.319222979067 402.447832652004 417.764627512814 429.984517243046 429.087139908025 424.604774441044 405.363287965383 405.1739700533 432.510713043706 426.446444707256 405.428363897749 396.276098204774 406.383242710803 437.64263741369 433.773443280159 420.636394028207 436.479339911287 437.445587500519 437.012433025914 426.590544652009 433.182212521256 425.235396330832 433.658465642871 438.488092309199 440.08817468067 439.977555404262 438.665273965751 438.938936638698 439.057024794193 441.529639837119 440.835917114193 441.650771829341 440.493047073646 442.504627582836 442.377603579074 443.706232495064 445.054157899526 442.868732300635 444.008192171057 446.027323332883 446.860768876024 446.670697363683 447.932518419233 447.626093583107 447.708383319481 447.395698784071
429.534577225149 429.321099439475 415.613227988642 414.938870696811 411.521794809204 410.025075935374 428.414433418597 427.752953106554 423.20825135002 418.111943933179 415.776009443644 432.447982800474 414.027865351426 403.664380054585 387.03065928792 394.037483134374 414.667096947042 432.129598000606 433.707767163582 434.72848236083 438.477215391261 435.16686364233 434.564946498856 427.294156106 423.121665496282 425.366328396645 439.157745427433 439.278536318341 441.206227875147 438.730200297205 439.986573108719 440.69286289101 443.046010617718 441.881586471754 440.509760227973 442.523466435115 441.750538796173 442.09115149691 444.641742961698 441.83874964907 443.019748807831 445.520409785132 446.524124789149 446.255483165039 446.249581824793 447.437956232556 446.476744427363 447.004179145917 446.121154684572
428.468306765918 424.796244597429 414.570293077118 404.530976372016 397.3684374652 409.266187297693 424.164429614822 424.373926424248 424.673844313063 419.969674394475 421.520610087746 430.133727891176 415.007587750507 399.356932350481 381.229421056118 402.345414458696 421.063151115884 433.610773945663 431.644311196282 434.472571393734 437.115087399397 436.149663276721 434.310154061634 423.531239204499 430.545703428198 434.488583477622 438.561358642933 440.077533108565 440.793093689594 438.101620353419 440.300877515792 438.310736229314 442.795287057394 441.564700382984 441.073983911743 442.799966374735 443.710482421713 443.355358426339 444.092830609665 444.464036899101 441.987068291794 444.988191607474 444.609982577689 445.649270007248 446.528735161679 445.636673673502 445.567604501193 446.419165908472 446.235332160435
429.152085530433 418.0009758073 419.759906046767 414.294702998748 399.953771656567 419.938680788003 425.004465492823 422.493668080048 423.368683502905 418.696539344165 423.230958584542 400.083550822425 417.153167571015 409.330460692072 399.73492835779 418.79617426468 433.86424920131 433.166643000776 433.245257076907 436.029531003526 436.38877505479 438.120983569869 431.964144889252 425.39035019917 435.685788350181 438.404710872488 439.465824383686 439.756102365398 439.550260061967 440.406878117478 438.073061456555 441.63470971589 442.141252017626 440.503961879435 441.067866947359 440.327302895984 442.658600268476 442.289586418082 443.239470219371 443.613999957937 442.249004130383 444.448166843764 444.709406219118 444.04898371238 446.705883402518 444.948119531734 444.720852424995 445.371949080586 446.021489712546
419.591884062491 418.000823796609 422.014006631353 421.66219513961 422.441733745708 423.505591243031 424.56427179726 424.642373861217 422.869697633837 422.150788237618 424.091578600444 407.548382101085 414.986067620963 398.779552456093 405.181496176345 413.498025744511 433.471145259919 434.980889377514 434.454518913647 435.512715979487 436.902885591448 436.635260347073 437.316873805083 430.507559061029 433.769290204018 434.783238475661 438.340318330572 440.073445424577 440.212245113786 440.652272956757 439.719105921105 440.931167823307 441.579374858712 443.200697134123 442.957423644309 442.885302748849 442.912836540624 442.530106962717 443.341358046082 445.792209169077 446.271925107445 445.784621544112 445.099942268486 444.548838910839 444.312820682721 445.039238502587 443.929444524251 445.090614105155 446.09881490695
421.944332010999 422.2310506487 423.299971950189 419.732522986226 421.200037326818 423.050810258664 424.029122057623 427.081900441676 423.628447176766 424.655370607028 424.865254464218 400.853289607274 398.975941848654 397.964052333028 393.256965749182 417.553167982557 432.20814110043 435.397924928991 434.094139767601 436.61363255642 437.906993686693 436.255727805546 437.495639291388 420.642266785012 433.667911059728 434.676438007176 438.095534858419 439.293517333867 440.374089446719 439.920213173969 440.683211816222 441.341829745442 439.806032939648 443.606809833962 442.706122632331 442.519117015705 442.2334309804 442.097016562179 441.582152497586 443.347887261546 444.655859633844 445.472014001876 441.117001019848 442.952093425071 443.389668297068 443.647177813002 445.54785933022 444.117875665185 445.697433534695
421.841832967706 422.148731718781 423.217026916539 421.039841553769 423.58739486058 422.41330733984 421.840700257314 426.523956553959 423.497696998448 425.264209711917 425.399847490115 412.256619058185 408.666698737271 400.737875458563 406.002240662509 395.649328917228 432.635176518444 433.519353560598 434.897160202551 437.026940508638 436.769880169102 436.895992992828 437.645133663757 421.499958538458 433.280724833091 436.211094247359 436.794079408011 438.190934855121 438.867987329177 439.794732344161 440.787664905084 440.48411662336 443.459848987945 443.419501958894 440.624448825872 442.839104198808 442.959200808361 442.37743862653 442.254812170287 442.579843667167 442.762627104817 443.203357368565 442.138723750162 443.252141235531 444.71150735004 443.217831747611 445.563170661957 443.280446336516 445.392220038698
422.018602273016 421.728785384615 423.385747870086 423.81451365625 423.438568526774 420.15305916936 422.54287831405 426.340435308855 425.994537876403 425.925450688179 425.968014742614 423.955230675134 423.299316052454 405.567614428534 403.240759972806 395.779958097951 434.089733656739 433.417753542675 434.032625729475 434.352586829749 437.749079722254 437.966626108607 434.822714819564 424.139480213294 433.346585206287 436.226858923761 438.871974139924 437.203873005499 436.347617033072 438.068197514755 438.47485968891 441.820707729912 441.750384567685 440.163317920292 439.874366361345 442.76913258126 441.909051522588 442.62780564907 441.798168561027 441.605754579563 442.273382719932 443.64582648473 442.592851376063 445.27453294497 444.485932409932 444.18404677034 443.299841135837 444.061532937583 444.821402293115
422.373198920792 423.872098531347 423.327580787968 425.254578888774 423.230190248936 411.503334887006 423.284106425068 422.073683684845 425.088721682627 426.010394993209 424.037759010036 426.603087127246 421.404759208184 412.460486456153 413.009197989722 392.848048199784 432.725172861749 434.668147116739 436.536768803012 434.55727178564 438.623212553994 438.528658214707 436.274746599371 421.138467174315 439.470500772846 438.564376950668 438.517124053813 438.632033256595 438.533228118124 438.284583040933 440.213889403739 440.723194340906 440.059834820505 442.10167931266 442.10614373618 442.386307044988 442.708556891829 441.713291312921 441.236822420005 440.88628191799 441.202861263048 439.491804832403 443.879197768594 442.381177132184 443.296923374277 441.561024418693 443.397693780166 443.178434608825 441.882199155925
