wc0.5/PCA/Component-3.asc
NCOLS 267 
NROWS 470 
XLLCORNER 79.65 
YLLCORNER 5.91666666666689 
CELLSIZE 0.00833333333332575 
NODATA_value -9999 
[rows 441 to 461 of 470, columns 96 to 143 of 267]
-273.19630867741 -267.769082691411 -263.314932566147 -254.434705668325 -255.795573495634 -245.592023875332 -242.636233940559 -247.110487285619 -237.491304828966 -223.991770116858 -212.089610639423 -216.177832022213 -200.402966327025 -204.877382132769 -190.88730982074 -171.273809979598 -167.826088925112 -158.380771928807 -150.320381769416 -177.023243583791 -133.331779911814 -124.619598192212 -114.883558630519 -125.80678098234 -116.875930638208 -89.6733885383269 -91.86984144593 -80.9188459649789 -73.7667793159601 -64.9019693852321 -50.7064271465792 -51.2235126700955 -41.285920398379 -37.3791898536495 -34.9491864120846 -27.594799769579 -12.5893874398456 -15.0567068801619 -0.775938882122929 2.49198101143687 -7.03433985592442 2.87430915813405 8.19565260195776 18.4138863369243 21.5460611187547 28.4013926260257 25.4418050113927 23.598059995734
-246.770414387354 -256.47852400872 -240.713576110151 -237.043109167435 -235.9256340213 -242.725456821995 -240.193731595606 -227.667874655496 -223.145988292537 -217.225783887481 -212.369379459782 -201.616813916705 -195.685491364662 -189.12235667414 -178.56950531637 -176.301598414966 -158.72763206678 -157.610255423936 -155.794141588737 -144.400830181193 -159.224996478939 -120.052078344141 -109.820551133783 -102.674479336568 -101.44213611383 -89.5119731700474 -81.5850671023195 -77.4009288382811 -77.4961006657886 -60.4607632458904 -54.3013819643414 -44.3149900256766 -38.8545867268956 -31.2626173364716 -16.8856095150422 -9.98597757572912 -3.77640794968994 -15.1217977503307 6.73064508196637 11.3137953791666 15.834214848859 20.3707462969463 20.0876227805227 26.5830392488367 26.6163899439168 27.3830967163269 30.6531180742823 28.4839241384861
-256.828513446174 -246.000085730777 -239.218372035248 -231.627719165487 -228.822449111754 -224.995175345652 -228.794654539359 -219.606521360796 -213.600796314913 -212.394468785323 -205.134390755706 -199.079560450902 -191.604279946406 -186.947146308942 -173.653594140418 -165.554621352768 -157.735459795182 -149.58431594993 -141.506188832437 -133.574401502386 -128.568977005783 -116.394654827331 -134.459881821643 -127.120638817415 -107.978310737718 -81.5248343577192 -71.7208988407857 -71.9686554436917 -70.7010680060278 -53.6388422084889 -49.0775223983046 -46.6435491420437 -43.538137855296 -19.5835015993832 -12.638963340602 -20.1167301591518 -11.7239547491792 4.39555902941692 18.8172800325393 11.1525206230161 15.0102351213661 21.7515190242418 28.6359697454481 29.3852695953258 31.0915275997173 24.1554765962003 18.8459157283333 25.6722740068508
-246.703904630646 -234.56414730984 -232.645942541141 -227.026128728765 -222.788076442419 -220.931591405601 -208.664302535749 -213.508767932624 -203.457544614467 -204.442628045271 -198.008396956948 -191.377430690177 -186.332448038297 -178.72926071632 -219.371334812559 -162.604870658026 -155.806363865411 -144.937925426533 -141.474481984121 -123.067762187947 -117.344759425226 -111.666468787501 -128.83844583933 -97.469004293022 -104.664524473308 -86.8580093104653 -78.1577646475479 -67.0095186484705 -59.4963725121615 -55.8711902462948 -39.4883475020843 -34.2586929478364 -40.8744668139543 -29.9303020153133 -9.67823699482145 6.1665077186607 -12.860448991247 10.7253656597119 18.6510862787509 14.0682965569305 4.3619187466818 23.6082353386908 24.3412564946554 28.2382968743023 16.3432820069341 32.5437551284083 19.0256527724552 23.0522271810121
-235.933758926402 -234.060995699643 -223.155360390905 -222.873085175869 -215.339233874405 -212.275527804933 -209.301550712332 -206.649284477557 -205.303776022342 -193.498173876905 -195.79867179973 -183.413127977488 -184.688458888508 -177.421762406514 -171.941141129007 -157.954102372781 -157.197844143022 -138.854500413253 -129.710483001664 -123.219821632267 -114.696831979275 -109.768559310282 -116.045550111563 -110.48075821419 -101.906238426684 -71.172075586583 -70.2727449842421 -70.6891967147705 -66.6288179407299 -58.1521046895197 -38.8789149132814 -30.4037074272191 -28.9091368670667 -13.4724493653257 5.48088934382137 -4.12617516393338 4.06953477364994 15.551777426451 11.715728629166 21.2505280816338 24.0329631871483 22.9860905078067 29.6662035616157 29.8403876680795 33.9207374787505 21.2908773349415 4.26838840378141 9.41721546062525
-227.759872042754 -216.217594375088 -213.96954269738 -219.56000562931 -205.726887249427 -208.504781193333 -204.584667731298 -207.51547486262 -193.416093697095 -191.831653785222 -184.042948269859 -177.039863255978 -174.762155801156 -164.14593570421 -160.638693487943 -153.771938199745 -141.957057100403 -131.616829436512 -152.901563830203 -119.499389244885 -111.771383731395 -130.09363037595 -105.167692207427 -107.899776420803 -83.9453260096361 -68.6779758770422 -66.3067129278392 -51.6931261435089 -55.7219036686591 -48.3430764753493 -46.6471097377275 -27.7291146853844 -11.5102566698372 -12.0428344974633 -0.0694615389963005 13.8957821238383 13.9726411748938 18.5606377516319 18.8414506438983 3.16571508796627 25.744335977092 10.3719037950085 33.5488230455347 36.2372795398583 32.9692620164814 5.28240369018141 4.88041651614598 6.1380755127101
-211.347338745106 -217.35203394477 -210.419186805611 -212.43046344019 -201.276268329317 -194.972445439734 -197.891520025071 -192.146057830294 -185.814112628753 -183.830417290767 -182.87553678027 -178.030524354304 -169.104581504421 -158.538931528076 -160.996872408002 -151.062167208492 -185.476372673754 -122.82262992378 -114.794063445707 -110.420592229845 -127.822396629923 -117.081488963997 -87.6815841475391 -77.6848141272809 -65.025532570341 -73.7624363594626 -66.5968884125981 -52.0628656699968 -42.468766507732 -39.1475958180755 -32.5954035024525 -25.4374371052683 -13.1819653050456 -14.6767845025012 1.98175314545487 18.7801096078609 17.9364628081281 22.9619803056762 5.9113237391269 24.9415739156143 -4.81496456583384 -2.32239533174738 15.3887264220566 19.98225726568 32.0932888334674 34.4217701980401 21.4731724842528 31.9977743996063
-221.553106502966 -217.671830961242 -201.873390640727 -202.236432538483 -193.973562383284 -190.398613234795 -201.504352346404 -193.263578974649 -192.392429338078 -182.083261811479 -168.572906971266 -168.30157271393 -158.225287418806 -156.665815592076 -148.323992698587 -144.303868804749 -134.770007417293 -167.236093663503 -155.206498170211 -105.01373589839 -117.075080270841 -89.0285958507734 -81.0898716672868 -85.5135421932387 -77.4493781562157 -62.5108765122636 -47.8149754243985 -43.964831322298 -33.8669444473922 -33.6762278152003 -27.1454630363718 -27.4457018501149 -22.0569367173044 -4.63505371018069 -10.6265449351085 8.13158343604646 16.3422194626785 29.2624546055125 35.9642416880689 18.3217933797342 29.7631875763217 32.236583783102 23.2104511093719 29.1513734787506 27.7998077472107 5.40312573519797 31.5153953890295 29.1085166606804
-205.376595665729 -202.413608318851 -192.359690973679 -194.147427706278 -181.350901905549 -184.62310935965 -184.881880020443 -174.956315323404 -182.617939770913 -175.917536182083 -167.152796043804 -160.10492070788 -164.613598410101 -151.571123639512 -152.743313418402 -140.183398046009 -133.85566122059 -174.561590300725 -106.290788451761 -99.005124099215 -96.9414721370523 -82.051272381288 -79.2605946663902 -76.4723184906733 -78.11977558094 -60.6347740815459 -57.8988657519096 -39.6284544645718 -32.5566803061019 -22.7342192581535 -23.3970389330899 -16.7187511383168 -7.14871343449631 -4.54615883366379 14.6890499067233 -3.70657892404986 19.2438021037136 25.2464484183215 22.0392725899483 30.022238385914 16.183631440645 33.7477956962214 28.7928291329387 17.7569582091683 17.0410277835432 30.7318116861874 30.9033935131128 32.1967887346413
-194.505047491329 -188.766694608807 -190.806446149607 -185.946725306357 -178.550456230522 -184.968604533129 -170.012740044346 -169.019022541666 -178.377608481545 -162.348589325495 -160.974411545846 -161.41185926473 -149.7809337298 -141.914889830048 -143.239826752832 -130.133708467169 -129.625724090928 -115.211817942266 -163.964181933878 -108.114860952369 -130.811543283293 -97.8971715937957 -82.1325651341547 -80.9035567029777 -65.6860250372166 -54.6271709376765 -66.305248034047 -45.2997735076345 -42.3321072138351 -30.7188029893546 -25.5316845913402 -22.4728427383791 -7.18309928643 -6.95920358124718 2.59063070964803 4.57183719202179 5.48884660504457 12.291297268258 15.9073761146482 19.0716382854327 12.5613928684423 22.6342756703037 24.682079143645 23.4372810730732 15.3532919629078 17.4049466891908 28.1779848511609 29.2743681126242
-187.151779723767 -193.503777024903 -184.665660071107 -177.79872090417 -183.982746263376 -178.609936981865 -167.423333723213 -164.912811852484 -161.169041294781 -156.677725223751 -155.067503699663 -154.301403053358 -150.406801033927 -216.446905765349 -133.613921282681 -135.172130598063 -126.193539109692 -116.838805277251 -113.903584597958 -96.4652615715283 -83.8524305346977 -114.602952197112 -70.171804688715 -64.9861651518839 -57.0917894898078 -58.5312156966575 -57.4389138584557 -46.1431752534058 -42.7522859297163 -34.6275126034385 -28.0941160861654 -7.00636931819569 -13.1745542326851 -5.40402604448961 -3.89849150899186 -5.52764790365748 1.33446179347604 6.02743907557394 -0.288048443026945 21.3615874085324 19.9118900463511 24.4838956260201 27.2774560205241 25.4720992026467 30.7423103863052 14.5140835986626 30.1433771636692 28.702757508429
-183.098879380559 -181.296264534382 -183.560005054133 -173.818578121188 -172.159260797015 -174.418352912209 -171.509072742161 -160.430454477523 -157.11223282875 -159.699460629755 -151.845010592868 -149.156076319259 -214.33933755319 -139.232291035856 -137.478034905995 -189.540168942803 -122.517317820092 -105.740992442487 -95.258439503045 -102.460067096948 -90.3669501708746 -69.9188043409549 -62.3595033561503 -59.6715256885136 -62.8143182031164 -61.3208055484029 -52.3885531911777 -35.6526219045465 -22.7409256876881 -21.0874765105279 -17.264550666486 -15.8764759783191 -8.05079670988 -4.06426586578846 -2.32281151673218 12.6522785966544 27.2492423443842 4.06630336431586 3.8146958349406 2.99805502928355 21.8060997814369 8.91215527948926 27.9192482463936 30.1408092390058 26.4972742286272 18.5143918772938 20.4946777664744 23.6200559902541
-177.012017774382 -178.068494922141 -177.771105817901 -175.105338755765 -168.830434565678 -166.707609697317 -169.098575794719 -161.097244006441 -159.698802365455 -152.611888605736 -149.162598956753 -139.570019062775 -135.460506331152 -135.801006527347 -125.799088727831 -121.535315104443 -111.328307584971 -98.1121745421091 -138.002343401604 -91.7481793029499 -91.8333502676768 -83.9491148568871 -92.3500011844002 -46.961034122551 -45.3184371224467 -46.1872482290812 -38.620340277952 -17.5635224734724 -21.3451612743297 -13.3327737400708 -5.22610936680326 1.82978471713101 12.184044622489 19.9691942231737 20.0745862069679 36.7067727096194 11.7061427600851 18.7212471257694 1.76305343484556 10.6525431101998 7.37950416641463 20.3790747558094 22.0515587677923 23.3859596600709 -8.14592311193722 18.49100346543 21.340493866742 20.4223886243965
-177.49692736791 -171.83906900471 -174.789405023761 -165.39394336958 -159.545307537132 -169.078964751475 -163.87563186974 -153.053414899207 -152.143591139622 -145.438655131621 -140.639417034251 -146.678456713163 -141.78784121232 -129.284345897246 -123.096789540209 -118.669852088575 -170.581139846021 -154.362727754766 -103.970753147589 -96.6184751448569 -83.5327642732038 -79.4157068616559 -51.2685596149785 -57.6688054631429 -61.1000989726087 -35.646051890299 -21.8578568211108 -15.7738452385385 -2.54296164247817 -13.1871145650548 -2.65405971576269 7.09190880659907 38.9275120156374 29.5712584891027 22.6401179904907 9.56507801547241 25.5071111379868 4.67221324587967 10.7629284182998 12.6905382843325 17.5037855467558 20.0840162247104 22.8711947266029 14.8704576572841 -7.63657348103586 -7.37680334764055 16.9069897913395 23.8822476128026
-173.35258900241 -171.683897175967 -173.537799152986 -160.432900033246 -156.119447421332 -159.462957599128 -158.179536423563 -155.276053757203 -148.537020775273 -148.440408970656 -148.284634481332 -133.540697646611 -138.982561442302 -120.76437014071 -120.419717975228 -111.370690001705 -109.544077353975 -158.28258029712 -93.7086866118452 -130.817725017402 -75.9649355904999 -58.3644735072385 -50.0917198568896 -69.3433730504042 -32.1877289399844 -36.5792794321635 -25.086113263759 -20.3621552210985 -17.7073855528479 9.55271688647135 2.66843866844669 29.036374508185 43.6503470202889 50.2582777454153 3.74642874156231 24.9942644588201 23.422373616209 34.7252781991817 31.0327460201726 27.5708229111031 30.0125166858268 -9.46479657449149 19.1200123961429 18.3450539569773 -9999 -9999 -9999 -9999
-164.108915467253 -167.312731209682 -154.602959709797 -151.345684864356 -152.540199952025 -233.529986175497 -153.007464255617 -233.858413554292 -148.736988242824 -142.590734305647 -142.218203699208 -141.4339588299 -138.086023473972 -125.366735892207 -116.352125625811 -114.441238354826 -174.701604314604 -97.5830357805471 -141.99795929071 -69.8262083739504 -59.8672875238604 -55.1526316576254 -48.8134173515265 -34.0709121499735 -30.3412964301774 -38.0332525151031 -23.6652262027007 -10.9180831331904 -2.00315651916045 -19.3305735155981 26.8251042438063 29.1344220730806 7.15865095645075 36.0354045088165 64.3733393496344 37.2391731757233 40.032149045747 40.670898591899 43.4397446602121 26.6286178152557 27.6128782985917 16.744104523623 9.29318008753069 -9999 -9999 -9999 -9999 -9999
-157.167175372348 -151.870423620519 -154.568779519172 -156.420429162935 -146.196806696296 -142.517030019884 -151.658560869239 -141.882426127526 -143.470450501269 -144.595698975456 -129.229682496969 -133.447361084725 -131.176219047996 -131.500236351302 -123.350805807093 -107.744200106758 -115.03225684983 -106.582532961011 -100.133040992189 -128.521006113313 -71.3761796895864 -58.9750598840776 -42.6416019593744 -59.1078387915643 -46.1046119104098 -28.5723152591129 -22.0375641258523 -8.5009702646834 -9.16340846006042 -0.711235062324654 31.7031011699257 39.8175387591735 44.7316435011489 52.131371548642 67.2903260645368 80.6192142312617 94.3528506991263 99.6911619959424 40.4201236986319 50.2348598025939 21.6644734214754 23.1201866188077 -9999 -9999 -9999 -9999 -9999 -9999
-148.694354121724 -144.262173608717 -144.946678673965 -142.73268347564 -147.984373163888 -139.687806763789 -137.8089347943 -144.179971973408 -135.192977191399 -136.55378362531 -135.931254571397 -130.259680904725 -125.720129514855 -116.574956974687 -120.556140337515 -119.976613375131 -113.177782563231 -94.9543831495704 -99.8297606890983 -85.9760142459706 -63.7950970351558 -66.2478710669108 -55.7245596661655 -55.1107313217408 -24.9755583926582 -34.3732562842385 -18.9112547595493 -1.92961830607934 6.3747501728068 17.9292990630177 13.222760498141 32.1434979807649 55.9036882127649 47.2972068096863 19.5810095922741 50.1553687420394 33.293586033451 70.5189782738726 79.3931757778254 13.5790774554533 0.372900034778255 -9999 -9999 -9999 -9999 -9999 -9999 -9999
-140.982638218289 -141.257983170767 -139.9471100626 -139.107013548674 -141.866341919486 -135.812483313063 -138.2569652519 -132.578312001635 -130.513555619575 -125.911532447665 -130.672287486499 -121.397056567376 -125.364587122304 -191.663038181417 -119.602246108237 -115.561905129441 -111.354511835745 -104.855020441748 -98.7615185682337 -83.2072222653877 -80.1884625238659 -61.5285549308395 -53.2804067526829 -43.6300953935416 -77.3378835514565 -15.9368962243099 -28.7005387834277 -12.9750044745396 -8.84819355100642 0.301573467522559 15.3847398121454 26.228376282943 38.1555353803565 47.6479562229459 44.052356634837 10.4844100712942 11.1007811456886 55.8891208621457 4.52576147739087 -9999 -9999 -9999 -9999 -9999 -9999 -9999 -9999 -9999
-140.638306491128 -146.618335022922 -134.210080467999 -134.630248135927 -133.832801591651 -141.455564851276 -134.675000404975 -132.541152801311 -127.130947194139 -126.24886092708 -123.985197559054 -123.042162780372 -121.769471438223 -113.556954919088 -116.806098915117 -110.879528282981 -109.625170050392 -101.434686099667 -87.3129364022424 -73.4996599856629 -102.874977441674 -62.7804959428961 -42.9038627647798 -43.5415898842634 -45.2815125679901 -31.7853818948089 -32.0648053505675 -13.369917453562 -14.7393291352891 -10.7214133754826 9.71546667609201 21.0713554235102 17.4084187905181 21.4697824330156 3.7744031680588 -4.52883350845747 -8.62827474517417 -9999 -9999 -9999 -9999 -9999 -9999 -9999 -9999 -9999 -9999 -9999
-143.145503740156 -145.336013918801 -140.959996072212 -138.539550616843 -138.296435680921 -129.184778848972 -127.562389788208 -136.202365557339 -127.461278931072 -123.706925057682 -122.525453818796 -117.753579788934 -113.930965986076 -109.717141672407 -112.066170805867 -106.134991098221 -85.7680416216516 -83.4314767967353 -68.9560240673492 -68.7955343922324 -65.9225816023208 -60.1102900223282 -47.4663286891353 -35.8367082143312 -49.3719817763958 -27.9681138144573 -30.5804729870312 -32.5716211669731 -21.5494802462357 -6.88345749942492 4.6817102058425 4.21166226606994 -17.7513663111605 0.0248061836985372 -8.51300304523354 -6.3663429959263 -9999 -9999 -9999 -9999 -9999 -9999 -9999 -9999 -9999 -9999 -9999 -9999
