wc0.5/PCA/Component-11.asc
NCOLS 267 
NROWS 470 
XLLCORNER 79.65 
YLLCORNER 5.91666666666689 
CELLSIZE 0.00833333333332575 
NODATA_value -9999 
[rows 396 to 417 of 470, columns 96 to 143 of 267]
5.24710225090814 6.5645967564445 6.77291368067648 5.38456837608815 2.15820486211368 1.47269209598948 3.60434819587406 5.70724489814092 5.90172350776339 6.82591924927506 6.67003998342665 6.5619388368705 5.10958505473094 5.59589479524144 5.1731086288118 4.9994465484025 5.09257243601731 5.22304098795641 4.53983750458633 4.74339194009263 4.20982618576786 4.14273556312989 4.66002529644921 4.53111344434731 4.27552386321419 6.44489028182354 5.11254897577018 6.46863246526668 7.88568458746416 11.4084216573385 15.3019118201715 19.3510286493715 23.0846141017196 24.6896255486959 24.0525134416374 22.6820315586873 25.491694328294 27.4948852281754 28.5110208901289 27.7846397361285 29.4918102262921 29.211676561489 30.1068393994089 29.9482559793663 29.6766902048117 30.1722284807222 30.1356255893549 30.0705119242697
5.7199646584997 5.55794868355073 6.14804633117912 6.57420783761862 6.00354844919758 5.88688380362747 4.00482773528114 2.45623448312487 1.93447032454318 3.73332472821649 6.09662810041054 6.19173671230812 5.7335191813702 5.3533919263301 4.97174246974021 4.90345473856001 5.12875748900738 4.70133285470877 4.8271057693473 4.25128059873291 4.44495248541618 3.97016296580489 4.54631132771349 3.86026112143134 4.04220757511085 3.58524824309474 4.65601275565975 7.14047656757372 9.45380635947447 11.7751299292637 14.8042297050407 19.8881242535702 23.5839449736477 25.1923909790531 25.6270819579677 24.4425972209189 26.134358520719 27.4649568878723 27.9876319840452 28.5875990885815 29.2793938472302 29.0752893334055 29.8486489831628 29.492270203013 29.8417707627982 29.5726612964873 29.6249843599329 29.7757524051167
3.06887836082995 2.47542395071191 4.35345933068596 5.23430170821981 5.18156053696056 5.60193194471745 5.72130297437337 5.95234641941214 1.61235302126449 2.70736505064185 6.07054444896458 5.87199287142197 6.09931174642173 5.1283487667081 4.30684513832521 5.21612370582669 4.48477658363536 4.89834292602699 4.40821581753817 4.35755748102602 4.40930669650015 4.37746659776291 4.06995077236754 4.12446179638691 3.98526006907833 3.69266105104264 4.87727198916876 7.34519717168816 10.1485464825192 13.295886502816 15.3680509294356 17.0618907097534 23.8300730675738 24.7141506970935 25.5539668910582 25.9819188548593 27.2405554061518 27.178506206473 28.1898550709146 28.5032106874884 29.1931156073715 29.2912737247707 29.5601148074812 29.2406620954948 29.6667384846829 29.7459234820199 29.4984990055133 30.2168096905917
1.38442288358496 0.872393940764996 1.22745933078327 0.521113292995815 0.861067289971718 0.124856043036069 1.36862792504252 4.03773894634929 3.5128325536703 1.56565128587513 5.241322816788 4.79723166114976 5.10706484056831 4.70125594500636 4.68577602776377 4.81832029762923 4.9195150547868 4.67672680403958 3.28908253513967 4.15931959209451 4.25787641245518 4.02583814935064 3.75160606966239 3.64497579337921 3.18272440064981 3.66631813023518 6.64327710020608 8.86360610903242 11.1753608175017 13.8274097563772 15.7350099720533 18.5452086356296 23.5283287822136 24.6722692144743 25.2894489196407 25.7569104542111 26.4096873985765 27.4364000341651 27.7712049857137 28.1421925535944 28.7685063390137 29.1285516669223 29.5318941147156 29.1255420674282 29.1690442447443 28.9827264951119 29.1034578534422 30.1853419754624
3.36941892566055 1.22953325814439 0.991060166644999 1.00322656454456 1.51512307571922 0.384407634862581 1.73053840194157 0.373373294996589 0.313076768708967 0.022865083421532 -0.396052599093826 1.14425497587282 1.45390694774628 2.62435752770245 4.71230319614651 4.92127925868569 4.48129889325647 4.47280166117402 4.94044225534202 4.82189834550996 4.25918050101531 4.14603144098571 3.84435691754153 3.23956233154755 3.19611311276336 5.02685106406485 7.35938587160691 9.69380262667268 12.209708612543 14.3068676715186 16.441405123246 19.0176753381328 23.1381042579148 23.6167555770861 23.7902905494961 25.3509178393026 26.0836880161554 27.0337230536016 27.3638349800895 27.7640653397927 28.6280247974091 28.7159421848708 28.9082206244873 28.7889865032814 29.4457380292316 29.173776653061 29.768543976109 29.2472089067896
5.76352587240258 3.97227681576997 2.95676585817031 0.760507812217112 0.692783847220652 0.498251047667812 0.920778739709728 0.961494845107465 0.840113169712257 1.42658364259461 -0.255048258373718 -0.635303479330948 -0.766698309414386 -0.882030924868693 -0.706654789867538 0.856780853399895 1.31603001843401 3.84861228664837 4.27099420041891 3.9246689827619 1.88365028033013 4.09496004276622 4.26621160620137 3.22320869131563 2.96875902171634 5.86525760636353 7.50438438702593 10.2455934262669 12.5689878515924 15.4485651978692 18.1945404082065 19.1277292623951 22.3597633754347 22.2039138639041 23.8705022347086 24.4130333432324 25.7237614946884 26.7097724527095 27.3413071522107 27.5570710267967 27.8585404128657 28.4171230345133 28.5086847161525 28.6315364227284 28.7581737779059 29.1582321141793 29.2688986724405 29.4838948818406
1.21430034831794 3.23436711244572 3.16812267598768 2.33463243604668 0.682570996088849 0.768593309023298 0.342892266621618 0.413178547881409 -0.273406957553368 0.595666448745519 1.29988787361945 1.18131529032856 -0.0420707052050221 -0.953333943030333 1.08447685107023 1.99630815424691 -0.838336604444517 0.648344455157922 3.06364106250192 1.06697030229054 2.21866700540897 2.11379227852024 4.64410295486209 3.83474777858618 6.17374753216516 7.12939480522702 9.70584881381744 11.3387919188312 13.215950578074 15.4796378026221 19.0951488323393 22.0910010804913 22.5175089643702 23.4154049218914 23.3884012954177 24.1988386184966 24.3209577879114 26.0470264401477 26.918346723372 26.8551741844254 28.0570965800668 27.8173332525483 28.4743693566342 28.268723332377 28.6561086899864 28.8376539526641 29.2681860729192 29.0349821235013
1.0340652734493 1.42595169458918 1.25150042414797 2.9583368889704 3.65527705621286 1.76842607843592 1.61639578125216 2.7358185556055 0.741968376692774 -0.137891589945944 -0.485523624068692 0.00865498057838959 1.7785915010312 0.901670784721116 -0.202706243187503 -0.462768727263 -0.975852152772508 5.7356460894978 -0.29517641364497 1.33710141441402 1.16411617609525 11.9687565539997 12.3008525118794 13.9500848264555 9.28714978471813 10.7153841174309 15.2829026372492 14.3883437938556 16.7778659619208 17.3220049126376 19.5908906666352 21.2688890635289 22.3480176554161 22.9434716717004 23.4380203208474 24.1007228106033 22.7856438043608 24.5372410114766 26.1248253334587 27.0700463893432 27.302994247248 27.7766262894327 28.1661344779348 28.5548819701561 28.9297257219517 28.7195900595569 28.847646338932 28.9981540256586
0.795851085352175 0.827482392546888 0.906454892129575 0.844942820915352 1.38327363039238 2.79596050495338 2.58972171688123 2.55340878948124 1.79823985403918 1.84483726441429 -0.0028359717002987 0.00882424953793703 1.8641291057999 -0.860246584781433 -0.20650813808764 0.431102914096703 -0.586670674159736 9.25649728451037 8.21197551893136 11.9471025379487 11.0529116221316 14.4398063847633 15.7356796295511 11.9203784651159 17.9353024531025 14.4776995480322 13.9558835405767 13.6685008340304 13.7853773973174 15.2787830263458 16.5339080855533 17.6857406040877 21.2170398097693 23.502461090109 23.6054784374388 22.5171021840231 19.2784028931659 21.3612402728958 25.7375311924177 26.4126363237955 27.3046435830932 27.3462935883903 28.1033845827756 28.4145923016873 28.2095899479981 28.2710381212151 28.6865621522403 28.7930577647174
2.29798208568452 0.913389545098183 0.420094392705072 0.672417204748529 0.210958968750935 2.41746873590996 2.20959303574857 2.48126579700321 0.816231958477779 0.206067532403603 -0.350873193769327 2.5705604852485 4.40471697936759 3.45557281444769 1.32055895644272 -0.885798314721095 -1.17332307656906 0.406474514618286 0.59831937417383 0.526908672070663 -0.191513794729403 4.27285881476247 -0.835506300707604 -0.164612097123383 5.60295498263858 5.4567471932228 4.21334088604307 15.9283452720383 13.8773314821554 14.2691755821311 13.1924901481106 13.3413225904293 14.7433108667205 23.0623500459994 24.3251816269682 22.0853378761992 17.8074808910861 18.5299589159651 24.160390804865 26.7301220489775 26.9053267604605 27.4012434881957 28.0310263029047 28.0532333307733 28.3799331521703 28.4817139033966 28.9473145259477 28.4342044617578
6.45507741797404 3.91800586021081 0.333079200095053 0.434507370563226 0.0442190729152385 0.966386111329967 0.59407846056142 2.22648310354438 2.23690169838771 0.496389382513004 2.94109108396045 -0.274664899156375 -0.714406546961062 -0.18121116890755 0.821792459992314 1.82886316441985 2.31066554922461 2.26664530435727 2.60995759698799 1.40385212779062 0.354528782410985 2.70297760888378 12.8843653459865 14.4685405076145 15.7377805445074 15.2639143694284 16.2463981404012 16.0088482315596 17.3368045792691 14.4030427467365 12.7658256559433 12.9589971655424 12.7415002314951 15.387103122786 19.2454797463416 24.4299780562758 24.050695623943 18.6743203870985 23.4503432668719 26.352707511939 26.30566376452 27.0758848082672 27.3298121382482 27.6725019347998 28.3454460437584 28.1030603768632 28.500693313374 27.9759902912555
6.19575986738576 6.47633238294117 1.71960719418485 1.40887806292017 0.195858204392457 0.337887827267142 0.0369456184172512 2.25455676330626 1.48031740426698 0.83158710732751 0.315394453960121 -0.435497657338408 0.370111671172767 1.97760320550855 2.45932544757632 2.22967956990307 2.43622883650255 1.57140881796989 2.32890941506589 2.31643161270448 1.23178413537869 -0.510439081753278 11.8700051614758 15.6964903846528 14.1873600807329 12.9056377910026 13.0642894746467 12.1708658408065 12.7823528447767 13.1725639281821 13.5852235342081 12.8193819212763 13.5344431052241 12.8319833783161 15.1368043185084 22.5104525544719 24.7503620746748 24.8631935133509 25.6966060392662 25.8602646334655 26.1669394865257 27.0711795069266 26.8127022748603 27.1733472721852 27.9664786400442 28.0288569097872 28.5021204676396 28.3646836670521
6.17448591453026 4.562943450763 6.24666820132097 4.36335169615959 2.88395740368249 2.46960314037111 1.78314762609222 1.89537732631508 1.54799751508289 1.56997877631987 0.228335248143896 2.51392331008428 10.0831144138319 5.42505213168148 -0.236068191140484 -0.294547597956666 0.159310371571953 0.572061407016679 0.0336776518841668 0.523315733216047 2.93574135743804 14.3053683659533 15.5874365436297 13.4009248353523 13.1758261688166 12.5581350777622 12.2756985125115 12.2583245606119 13.9494641330919 16.2257782131373 12.0491274050313 12.2564266517967 12.9854964496089 18.9450324612278 14.5594853522377 20.8779951745489 23.7836791719028 24.7317787625249 25.0978410800562 25.649215602305 26.1439679596204 26.0601124145996 27.0063073058577 26.8528909223633 27.2664736956311 28.0207088680631 28.1842059952178 28.3733479634136
1.71356704469698 2.47589720369875 2.29596142336742 0.514247821859987 1.07118483709064 6.5096766581159 4.11007805369227 1.93084359912607 1.90212412581354 1.23562153493206 0.864097577910399 1.29486152324135 -1.16483199979759 9.02896417139913 13.8663474486895 10.9308172518405 8.50558970244493 2.69705999799895 -0.476544793861319 0.572677883945516 5.57847635470112 16.6888137005346 15.0940904894928 9.29301260323411 10.0914968541359 11.5659219262062 13.9282199087407 12.3756091271999 11.7619499967125 14.0022018022083 16.6123955325343 15.7415027337188 16.6657471722988 18.5881870040653 15.8022144195029 18.5537662845282 23.0389228473843 24.6239972465906 24.8504186620918 25.524516205593 25.6495196695431 26.0825586581692 26.6612574692429 27.200933744129 27.6815687046877 27.7323346843671 28.0795971817199 27.9435520604595
0.651430510650983 0.681099814853148 1.44288994905201 0.880405815458858 5.26473022620892 7.30026800832079 7.58833032008144 2.64476754885044 10.0882714153826 9.29449665728321 6.98745605004318 3.54802063528948 13.4389149808439 10.7779955412683 8.70592405955047 5.05830683660194 -0.541389652546099 0.460760068667991 0.437103699746022 0.425538041771543 -0.293401900130313 4.25500897357082 16.2254689259404 11.9175996232081 10.3881294994669 11.6616165710715 13.9341064939058 15.3120551364419 14.9548127386142 14.4539484549934 15.086355665328 17.5186785314443 19.4364469623973 21.7387843468775 21.2123205909867 14.3894786832748 19.0828982675957 23.4193899162094 24.6430814585078 24.9289907131512 25.5260834935439 26.2834357717969 26.3586452916127 26.7605068433128 26.8783555629226 27.048018817831 27.0569032204174 27.7938223255967
1.59790171929121 1.64790887524216 1.71988019754455 3.35033100006379 7.72800979806066 6.6782115185655 5.29259988767883 0.769703403180453 -0.0555709679757205 0.339388848583754 0.0301933453807104 5.64335600968422 3.47000442812916 0.640682637331543 0.775051152895841 0.680582516527381 -0.0854815886832266 0.345979722057048 0.300855570089602 0.130834914568186 0.314453900966614 -0.322897350960008 6.92242048392429 16.1348032478372 9.27981619484281 14.3239571774579 11.3508259180092 14.6761415574717 15.0057262014351 15.2374715630124 15.7536453424658 16.7341377151089 20.0721353162229 21.5792164020265 21.059964177071 20.0211310054651 18.417372044964 22.6790810185314 24.2218093625421 24.7908550136586 25.5310690232683 25.5785953904355 25.9832409947063 25.9838153686491 26.7003390480132 27.1896533421491 27.336768673819 27.5117270917851
0.416442957779045 5.51533155680937 3.42928059241218 9.46633337690802 10.0125748131938 9.79634831715535 9.92835222226373 7.66694312169854 6.14497056775445 -0.172450779534498 -0.118630970495571 0.440425394118232 -0.468463341944091 0.067581857987505 0.343405829442284 -0.027247351814814 -0.0710295041092726 -0.209622284502901 0.320813723764211 0.0364605403476077 0.161427146034396 -0.339673051285463 3.56637335089062 5.77656648465884 12.0625040169421 15.2446153186012 10.4539047144238 11.3426919720082 14.2639078660244 14.8609241500923 15.0997425251206 15.4917737873449 16.3795316875556 20.9814886128447 21.6188076731644 22.5339502266969 22.9621796588571 22.0279641706302 24.0366560882852 24.0741139206227 24.9572108973518 25.345062920291 25.7774108928924 26.0387736369698 26.3637439906152 27.1172073451991 26.6255111417466 26.922101928802
0.748399081568752 0.372410944865799 7.2066537990653 0.7341548319649 0.365229282392817 6.82151280933745 14.6917871389061 7.9009083124044 9.52446583068691 7.4925165094529 15.7595089390171 16.9377892396664 12.1782253791094 7.01782200566778 -0.343522759048629 0.311517224806496 1.90402735840185 2.21840125358618 -0.193193856115096 2.20797465250447 1.00436587294127 0.946872639515381 0.65664390110336 1.4343598754593 1.13423351773509 17.66521670504 14.9591226119496 14.4109831329962 10.4712529321345 11.5512113523101 14.1401921215775 15.4064966169324 16.7868391233326 16.7871108008936 16.4569762707251 19.1336877615178 21.3128436946033 18.9215866190825 15.7559393197128 24.1852817900842 24.9858199129063 25.0615247417487 25.7726366930507 25.9051173500281 26.2029581379667 25.8636952592259 26.7078558794503 26.8463653974739
0.952765384072294 9.05549430706016 6.07360183122479 0.435503915514859 0.828894760460318 15.5288956676951 17.1978747362223 15.596447318801 14.2555659925398 14.5142384719128 18.0827257612442 14.7257282485601 17.3978338614125 18.2368121740115 16.3000409989677 5.74455234467178 16.2026689320586 16.2455132120125 14.9337457414822 17.390127136213 14.9631911187845 15.9204831473511 3.92300526388253 2.27782107066146 3.18298735071466 7.05742844240628 13.6789231002292 16.2268900807417 11.4220660680146 10.6960409622135 14.2326424914002 15.3649042519802 16.0598122070166 16.9059633629958 18.9354083291212 17.3061432228824 17.6211664237003 19.8511079224811 18.8062495813447 23.6066048459227 24.0991251629869 24.3915036098803 25.1083205700692 25.8207766931114 25.5091161646682 25.991878351868 26.1119499191601 26.8143028181113
7.89773643421687 8.10738335951558 2.97360529931483 4.76356392937313 0.613591990145779 0.117969255528294 6.22115466415647 14.038414850068 13.1962665717922 -0.325948839976508 16.4179368966711 0.952231552978453 1.68507279003001 -1.47305906995949 -2.07133433242077 10.890264627484 14.764325137584 9.20086611076717 13.609619248018 13.7110279330479 11.8526574143274 14.0498591114136 15.9506605946924 17.4052250679083 17.5959520215663 17.4726430451511 15.7434599797069 12.8162978941321 12.4041779540664 15.0092469574281 14.7014372249246 15.1754660074502 16.0017026435077 17.4531874455898 17.3012410375167 19.0825353653654 20.402692321318 18.1565938008801 21.49926966863 23.6215208714613 23.9611718638415 24.1769353421814 25.1518584300592 25.1988042005952 25.9115590450275 26.027411404613 25.8069549947632 26.4550210565707
1.00345183210006 4.56362035899675 2.01276414918072 8.03529955859409 3.71258928699415 1.08674440441797 5.04075340166473 2.99388808905059 3.47452032682124 3.39374043305092 1.95397528090974 1.09806077266786 -0.241174966952189 -1.32557933092793 -1.20722705886566 -1.89210389149484 -1.65746952547411 -3.25077305295666 -3.18746273756056 -1.25863911745052 0.0275036046408009 10.322119311854 10.7332795616632 14.4767470889505 14.6950996088629 12.7749520345383 11.4730528618139 10.8595506917402 14.6607235029238 15.0948960581554 15.3770434015794 15.1293860501335 16.352252564711 17.9010027981501 19.2065336223867 20.5281604286905 21.6009692960721 22.0149776686222 19.9901345553284 22.5869964811589 23.3684410416872 23.9426062938614 24.2430766761669 25.0063799757073 25.0577346229517 25.4980824855546 25.5196174120719 26.0147094095193
13.1358579307459 0.64394517276791 1.81110998278017 2.5760190067817 4.59103032370147 4.4822977958788 5.30401261431804 2.70528480778013 2.32062011209982 4.21471123576158 -0.146051814511401 0.343745550113341 -1.07146619581004 -1.92249738184114 1.61452111830787 1.73117324279622 1.15525267738341 0.316359621039379 -0.358601607922587 -0.687802207003935 3.90124764216849 9.88723728487654 15.5665666217743 15.6873216799804 15.4476047236967 14.6938082082023 14.6889828133718 9.64541813969463 12.6011551930225 14.1359508336676 15.8630389766942 15.99442372432 16.5179996397185 19.6888088786167 20.0109031950202 21.2306633653893 21.2516870663919 22.4979337046935 22.1029759918983 23.0056333044745 23.247164666488 23.498941416604 24.3380050392017 24.6929627360545 25.0877990957878 25.1962102064393 25.3221086387474 25.3877439514515
