wc0.5/PCA/Component-8.asc
NCOLS 267 
NROWS 470 
XLLCORNER 79.65 
YLLCORNER 5.91666666666689 
CELLSIZE 0.00833333333332575 
NODATA_value -9999 
[rows 252 to 272 of 470, columns 49 to 97 of 267]
445.772578642096 447.853667498957 447.169316456073 447.052643287557 448.105723041555 447.998150847321 449.257779067261 449.459789211638 448.740124421346 448.725168832499 447.427706900211 448.670896981219 447.436997010638 447.572831762135 447.73525778821 448.626353034388 448.017033702771 447.022284933295 446.969345449267 444.982055834122 444.438720678439 444.904898223314 443.80568303137 445.836344841211 444.699961382491 444.707108485032 444.180160569511 441.939294815091 442.48635027215 442.82446215828 442.598230890132 441.664807636039 439.558505317272 440.732243954229 439.405989531699 439.233486787309 437.704865262098 436.025322830109 435.523425389031 435.02701841267 433.891932393401 436.969544536542 435.6422296893 433.02534110441 434.451596287199 431.781221638296 432.91772504175 430.869606379478 429.098528175212
446.22695453069 445.816116537674 446.924666569722 446.664123138135 448.643869302421 447.94199045019 447.9544797737 447.572439571457 448.21539238221 448.571043196359 448.669745536328 448.911389587094 446.252399786298 445.736388564691 446.273637203493 445.920591794113 446.593273210707 445.754611145524 446.019796574862 445.891927449764 444.24930588926 444.084827676011 443.33913315481 445.180707248959 441.913231717252 445.378891854977 444.334922433938 442.386918306779 442.495425565177 442.351413630075 441.156017859883 439.426337912973 440.399899656667 441.14810862954 439.723007152224 438.57266011338 437.587917240258 438.207618739549 438.069575876429 435.975450401562 434.748590167653 435.117836296866 433.239068168598 432.294230421517 432.575783389979 431.415209341856 432.141979379159 430.775355401639 429.580776905872
449.104245771485 449.077032359325 445.698629263736 447.679550720361 446.921905252434 447.197524783943 445.686695710388 449.029194681738 446.355994525263 447.301678588143 447.557725254127 446.585263425309 446.855748161312 447.902916829462 446.225078646964 444.784277129271 444.695933676131 442.919926461404 445.768323550077 444.881769969536 443.687361079185 446.427112774155 442.988397591248 442.519020094706 442.80295761641 443.051991141579 444.747679899688 443.481017738269 442.861039932568 442.625494840322 442.457652027421 440.775026007501 441.638239449429 440.614906691683 439.192359597284 438.820748323828 438.489498877328 437.546367542202 437.133836527842 435.236830855327 435.23641278591 434.929188595289 435.019681283965 433.85910141956 433.63398526661 432.958947975349 431.082249315293 432.437886831027 431.662392065143
443.719804001208 446.894389716691 444.430087411618 443.784980212099 447.815162985543 447.990026822304 443.435245567826 443.419839951279 445.380967959711 444.990506827453 445.657067837391 444.87530450708 444.490111189447 444.709152567572 445.110591195351 445.442685050071 443.494063200008 442.917987701139 444.35819318621 444.625893614923 442.436915871517 443.489592258594 444.462284813737 442.821158546195 439.934356763927 442.499464521563 443.576776839485 443.450131071319 443.793697902449 443.179002105163 442.746190860256 441.94032301794 440.907625993756 440.280494020628 440.303267723813 439.085921829724 438.122093766517 436.767348563594 437.028648867202 436.218294881942 432.959278948979 436.69364434384 437.267224905601 434.745662204476 432.869180656625 432.208805589778 433.01783809733 432.408168633806 430.960577852911
445.692965016069 447.344898930354 447.386072240058 447.01894391969 448.011760549406 448.197974207538 445.031986861778 447.856667760397 447.498506029939 447.086053579841 447.209469187514 447.219945388742 445.737328991999 445.19981071556 444.537119318501 444.616547380309 443.151811461449 443.255768399034 442.096824888157 441.958193575604 443.033397569417 442.606339891175 441.26280392499 442.981287545833 439.399518307845 443.422563238131 442.701022937285 442.406896499362 442.576415813919 441.09691409929 442.304808295426 441.605357175496 439.915994909368 441.045600710001 440.516161388729 439.105207698256 437.906521272624 437.466892128438 435.36703804596 436.296127759913 435.098247566663 435.37529172019 434.283222959936 433.107597827905 432.412288302417 433.053119545715 432.08618999818 431.702802088591 430.381341343318
448.895979071784 446.00651528653 448.015797208117 447.913151567714 447.242977071878 447.962042939979 448.089721700441 446.396486785564 446.964134609198 446.916472396161 446.594841187989 444.386605800949 444.059550897581 443.396166777533 444.659131012975 442.300606484009 443.937744859477 444.022175166021 442.020287551146 441.451924917686 441.592324474946 442.521129718912 440.086729526498 441.455021607679 439.961028679738 442.053543619549 442.245800053228 442.386397848802 442.508196559854 440.933026847665 439.829199040485 439.295665812595 440.446240938009 440.064443011001 439.770551668399 439.32458565425 438.260543030171 436.913719645561 436.369340589683 436.125164920934 435.672932802465 434.367902967556 434.764099393903 433.477820574357 432.362162686119 432.157361729185 431.83870542225 430.682153905751 426.747119378893
447.35884783929 448.440627229366 446.406065638626 446.177990262516 447.295353301734 446.428987350532 445.802709076074 444.438463862022 444.35488187524 444.452447494599 444.647869805392 444.690548288922 443.22929354105 441.429319939498 445.111876581029 443.99273791883 443.90513807161 442.114206328321 441.22731767171 441.273713646682 440.809514100545 439.687126689047 439.448185386825 441.091401394417 438.662420842803 440.728887172975 441.199078156759 441.201287802884 440.759588416147 441.339160148184 439.545683465216 439.55732919984 438.711918159208 438.690811442264 439.342088397818 439.346709876401 438.548443677589 439.317112762245 436.439676390811 436.809421301173 436.164107844218 434.229215710514 432.423609095592 431.717495958204 432.348754388231 432.336650100752 431.717921717088 429.604828000638 428.600584295149
444.392010474766 446.468464850548 442.660325837455 443.748051820962 444.802333322231 443.715947297078 442.911405574775 443.633377344353 442.393349319898 443.335995122274 442.663114128762 443.178140864272 442.257993719628 441.554616200001 440.329793572576 443.976846166468 444.276476352074 443.127991841427 443.411974746231 443.069435171654 441.176777274675 439.063079740111 437.21494637803 439.128828570902 439.94861593691 441.784949947402 441.171949192184 440.588764986283 438.518180940389 440.875554551966 441.11174332202 439.507248808444 437.718036673683 436.392464813164 439.001701520151 437.4022147574 435.751550140391 435.626193657219 436.343356898288 436.322162440782 436.199978267722 434.133908877541 433.129638098297 428.366756266187 432.221564759207 430.298252597421 430.456703755199 429.719695194398 427.495048353657
443.025738374774 442.447036805436 447.080238421586 444.357092965349 444.263034777339 444.081501433824 444.541272028732 443.401746951705 442.539783737763 442.115311321033 443.011831062669 443.001125081832 443.063785268788 441.570388084633 442.108246045577 441.339253647535 441.879854906504 443.028764543143 442.08612714818 442.290013235967 441.72474659978 439.204439760624 438.267922940961 437.840181707297 439.135148523174 439.577394859557 440.052920410586 440.566054880892 438.568136136652 438.979728608157 439.017920229468 439.234099076437 437.858063129823 437.291003653619 436.190103405945 436.197220281821 434.33766299562 436.129052941316 435.772259023196 431.471499966938 436.096709196847 432.924629263595 433.315587331874 430.794636564095 428.988177085168 431.009845630829 429.967695625689 429.799593360365 429.351883386808
444.864755253471 442.227319301976 441.900174534388 446.018551462037 445.819019289991 444.40145720511 444.79867386229 444.908952805494 443.217142907236 442.622919926539 442.518355419931 442.097545114581 441.677395036521 441.673715361601 439.843305661452 442.439632519408 441.736443023788 441.651570591757 439.911620244852 441.782396873274 441.230211559218 439.249566192371 440.412764303111 439.544398452977 437.972834429052 439.98981178434 438.853003153391 440.639140040669 438.453726604572 437.981255538174 439.150133671701 440.065697499084 436.346570646417 437.038924460094 435.955602281969 436.97313383723 436.658745359655 433.713114307733 432.755545711353 429.605754845717 433.892127267484 433.311442714162 432.877939874387 432.678703028196 430.288444056387 430.173428910727 429.16741588566 429.133445370043 428.375737888111
443.207090972321 443.593406752121 443.369305478611 440.916450011134 444.251331978107 440.521705416698 438.078216559792 440.988888547287 445.855815004706 439.819002430651 441.437541021602 443.008434171441 442.110195272868 443.310749499651 440.622033332541 440.497440580914 440.652496595044 442.215338390727 441.305839728051 440.977121919449 440.358273008177 441.630378483351 439.724172311419 437.922825103159 438.557175037009 438.464997570506 438.678266710549 439.127070105609 439.508103717799 437.107573333062 436.519018208109 439.362000195984 438.270926723759 435.781493960028 437.278376760108 433.864876540757 433.792517044363 433.559407496048 432.643795184347 428.962283311918 413.426218155232 419.143929185266 432.040943975129 432.505830470504 430.336801944277 430.294034751531 428.862473284367 427.956410032045 427.56683096318
443.719894070634 443.563033842026 443.07868617706 440.76588779355 440.484357872017 440.581247406177 440.81373032373 438.411198827237 441.342642159859 439.773365620574 441.344622199513 442.077818838677 441.946079147642 439.651380821536 439.432729881899 439.504851928741 439.457189715704 441.384900035762 439.960118393454 440.445972370601 439.910821677798 439.717837755148 439.827440487256 438.870643116868 438.85320391189 438.077726216199 438.581760938135 439.086526008052 438.428281726475 438.487882971683 436.7420655839 438.822097727013 438.779045469095 436.99322707068 435.380753616644 434.439886007109 433.570427670797 433.840135662886 433.289888926609 430.748442087441 425.812712537122 424.211475461984 399.650094042367 433.094717167077 431.437253342975 430.260013796978 428.849993300266 426.495278016486 427.153539542064
443.526553404735 443.539232736331 441.713458697814 441.663482199152 442.378195846767 441.145559651129 440.192977172296 441.11421510003 439.22771906064 438.540430005507 442.73116261183 441.462125048042 440.373037334871 440.855054787497 441.007359328909 440.303683682525 440.117900835068 439.993872459496 440.840032077212 437.137749775401 438.914732382723 439.77743916585 438.057997697008 438.079679634168 437.650260886979 437.369741510657 438.021446219821 438.501725426794 438.259020788186 438.79387456047 436.339625266035 436.294228955667 436.816006077389 435.290831362549 435.304503270945 436.174546669709 433.492207506773 434.089947944361 433.136279876481 432.921068847507 431.089665805192 424.796408984457 420.368564633154 418.860051114279 432.335457608363 430.192730190646 427.225503203037 428.246455935668 425.345282100303
443.094244608109 441.077568819838 442.660015125641 441.78438462857 443.764205428025 440.596267132161 441.133700552572 440.325157254775 439.787204738927 439.533191503275 439.430998503837 438.467370582156 439.438489839829 438.682341033317 439.617300117114 441.381124087662 440.162708553992 439.771372897266 439.891071783604 438.038052258964 438.292737132262 438.458589357775 438.495565760594 437.900795917595 436.949628639892 437.849244540826 437.599948204494 438.299145210119 438.251742341726 436.745473423424 425.487185443422 433.054556684788 436.356481090656 436.354518109402 435.80402922948 435.890643209135 435.488180504804 434.637317911677 433.222224985244 432.909523729754 430.56596401501 418.599834552844 391.13255314001 428.670903864921 429.391891816388 431.327375271796 421.059089381955 428.348560893519 424.89281634947
442.206518619726 441.838592629522 444.319797165038 442.541658780887 442.407102387876 442.929032377049 440.369065582964 440.424455830669 439.499805885018 438.953154514931 439.612502189859 439.174868584671 440.749180632187 438.789676997138 438.856257800898 438.237405836227 440.352366917256 436.473450252161 435.172682904739 438.028564924508 438.037784834745 439.498160907382 438.374350810342 438.048767843645 436.827939166922 437.301928027772 438.195112610096 437.45233169648 438.279133296408 437.119614028417 423.733184699017 433.978983491774 434.182536956652 435.565122148761 435.985752590321 434.686733937961 434.529339767494 434.339978623948 431.861065790962 431.444886623953 432.147576338084 429.915090682359 374.783233932605 429.685515265975 429.307303320705 425.064285922123 417.419021851329 426.942442248979 423.400932090288
442.234899173767 443.275008062099 441.967990791851 442.912214496654 441.322018909872 441.853053025865 441.436568417979 440.908946289456 441.833695420438 438.413556882301 440.523710466567 439.216362985521 439.456208274883 440.52070160642 437.700162312034 438.819759619333 438.366252128264 436.582077461828 438.323032013395 437.783278787124 436.758000730278 439.045675360639 437.461920648767 438.319578401591 436.371585503619 435.79086255654 438.515762262828 437.116213365793 439.079742669786 436.170789010065 431.206638902056 434.147334672516 435.972902841902 435.240687851966 435.394173996931 435.219769914171 435.090771606295 433.569004821315 432.464508207393 430.362955001465 431.028340955158 430.149898320685 393.492846771725 427.264052574555 429.50107656912 423.224486699336 424.225004638148 426.503303287518 423.414904602197
440.59995363936 442.131466056388 440.932052334828 441.606956679611 440.505520539878 440.593940375407 440.400671433656 439.117216952341 439.736686244738 440.678864203274 440.238097069429 440.104871210174 440.221220757779 439.153134888609 440.321981655428 438.698495956141 438.586832936156 437.029640096516 438.307184964596 438.494105731055 436.077585454063 438.214730438097 441.008429502362 439.338912206545 438.921834436349 435.19840693524 435.827516443674 438.440603520873 436.228732781625 437.026280717402 435.052615902876 435.45738120627 435.999513760907 434.297408543012 435.605046337111 433.200299909429 433.877089110116 433.965971414819 433.454910755328 433.422457454332 431.177874923774 429.611704191662 428.741781552032 429.559278036689 425.708272682018 427.10766934877 424.834062976138 424.447607217223 424.285747297192
442.816306627551 442.139775242059 440.785830627154 442.17069147291 440.589167031237 440.769591363083 440.716885409155 442.060995815484 441.6658810749 441.15403094697 441.211631580653 440.904374284214 440.969461278683 440.930221092509 438.837795047725 437.87804944424 439.898513142635 438.61751609115 440.125665921643 438.872327454392 438.238271240521 436.715483109733 435.107036296922 435.150786372754 434.578384271924 433.762455342824 433.469457739091 437.219169236806 436.755075562707 436.942535040988 436.081080323994 410.154306777178 433.564462473859 433.957053536081 435.995149058683 434.465954644891 434.595523035384 433.400539582277 432.967756554349 432.685804650795 430.2185842742 430.294623944301 428.03418817616 428.179585506422 427.582316236021 427.816467746906 427.007026540726 424.501980132627 423.24684512968
441.670019507367 442.612104943903 442.257501321634 441.622234171721 440.499681915238 440.962505359731 441.266706933547 439.773867808102 439.154444638828 440.985670999379 440.558607142319 439.779039375315 439.346497621671 439.273397404356 439.732232360062 439.355704655721 438.405033592533 439.754103441687 438.951748136647 437.499550314987 436.239165083974 438.853496659744 435.631011646117 431.752290934055 430.29037383271 434.928509790697 434.535791758729 434.250766831208 438.314909079935 436.406315342263 435.613760306738 434.935582975688 420.680727845679 434.765690576001 435.696568613395 432.375930900511 433.325977988072 432.971044817272 432.401519805906 431.406201929113 431.204514960234 424.071635372854 422.858184394522 428.088118256275 428.169495713233 407.972885939715 425.177579580958 425.930723301633 424.798148339956
443.863170098706 442.827360102935 442.017131561729 441.478558941928 443.978656298028 440.284665881414 439.990434311676 440.674317658633 436.562895119937 440.524528174834 438.65819870094 440.135563614002 440.355976761684 440.24103281673 439.558017689827 441.557693316754 440.000861488286 440.637732118563 438.981719984991 437.569580589573 437.690642332137 436.747248384405 436.657800151513 434.606631307587 435.585860229407 435.255015007136 421.782665958778 435.315969761947 434.558019878267 435.539355721381 434.6936537338 433.993389293685 433.077550463178 415.937941713684 434.554016538884 434.592729709793 432.338997877621 431.02502211087 431.792581296435 432.660962222339 433.240950554921 430.097403988095 420.938383564147 421.291252695132 428.7207507207 399.092963563296 425.423518144132 425.812002248686 421.723433567764
444.247110370313 443.286851376814 441.855930264562 442.610118232542 440.963658590191 441.222624972693 442.031477240417 441.881972647621 441.53878891188 439.462952546225 439.378375201096 440.265673523184 438.633000548293 439.886018736808 439.379287245542 439.626956262319 439.829401296176 440.610194373184 439.504551553882 439.244709200176 436.662565937373 437.653424388769 437.695111773148 435.210214230658 437.300895021758 434.748919235224 433.817981197295 436.214206080938 435.327900517061 436.595563889685 434.002273010764 431.388230588568 434.061358761557 430.96623129035 426.518061192188 432.437592900023 431.877121627087 429.829421968858 429.359772754773 429.542974949045 429.201562640814 430.523929212986 429.716875152825 428.086489640105 430.318123981508 415.470153818519 422.668389740975 425.053497763817 425.080499296459
